[INFO] (lattice_cell.c: 604): starting lattice cell
[INFO] (lattice_cell.c: 526): Initialise: started
[INFO] (data_specification.c: 78): magic = ad130ad6, version = 1.0
[INFO] (lattice_cell.c: 555): my key is 7176
[INFO] (lattice_cell.c: 562): I'm in position ( 28, 1)
[INFO] (lattice_cell.c: 568): my n key is 6920
[INFO] (lattice_cell.c: 574): my U_X = -0.009999959729611874
[INFO] (lattice_cell.c: 575): my U_Y = 0.00035355339059606194
[INFO] (lattice_cell.c: 583): input_buffer initialised
[INFO] (recording.c: 563): Recording 1 regions, using output tag 0, size before trigger 7686388, time between triggers 50
[INFO] (recording.c: 665): Recording channel 0 configured to use 7686132 byte memory block starting at 0x618418dc
[INFO] (lattice_cell.c: 588): Recording flags = 0x00000001
[INFO] (lattice_cell.c: 619): setting timer to execute every 200000 microseconds
[INFO] (lattice_cell.c: 627): Starting

[INFO] (simulation.c: 159): Setting the runtime of this model to 50 starting at 0
[INFO] (simulation.c: 161): Setting the flag of infinite run for this model to 0
[INFO] (simulation.c: 175): Resuming
[INFO] (lattice_cell.c: 455): on tick 0 of 50
[6920, 1037884803, 7184, 1037884811, 7168, 1037884798, 6928, 1037884817, 6912, 1037884802, 7424, 1037884798, 7440, 1037884809, 7432, 1037884799, 6921, 1038331222, 7185, 1038334616, 7169, 1038334614, 6929, 1038331224, 6913, 1038331220, 7425, 1038337402, 7441, 1038337402, 7433, 1038337402, 6922, 1038779585, 7186, 1038779573, 7170, 1038779582, 6914, 1038779586, 6930, 1038779579, 7187, 1038302980, 6923, 1038306366, 7171, 1038302978, 6931, 1038306368, 7188, 1021122482, 7172, 1021122469, 6915, 1038306364, 7442, 1038779571, 7426, 1038779582, 7434, 1038779581, 7173, 1022019149, 7189, 1022019140, 7190, 1021985608, 7174, 1021985617, 6916, 1021119281, 7191, 1021092742, 7175, 1021092729, 7443, 1038300202, 6933, 1022015547, 6918, 1021989207, 6935, 1021095929, 7447, 1021090131, 6919, 1021095914, 7439, 1021090121, 7428, 1021125090, 7436, 1021125092, 6924, 1021119282, 7437, 1022022103, 6932, 1021119294, 7430, 1021982674, 6925, 1022015553, 6917, 1022015554, 7438, 1021982674, 6926, 1021989208, 7431, 1021090121, 6934, 1021989200, 6927, 1021095915, 7427, 1038300202, 7435, 1038300202, 7444, 1021125100, 7445, 1022022093, 7429, 1022022105, 7446, 1021982664]
[INFO] (lattice_cell.c: 455): on tick 1 of 50
[INFO] (lattice_cell.c: 172): the unmatched_packets is 56
[6920, 1037879857, 7168, 1037879856, 7184, 1037879883, 6928, 1037879879, 6912, 1037879854, 7440, 1037879881, 7432, 1037879855, 7424, 1037879850, 7169, 1038342970, 6921, 1038339638, 7185, 1038342968, 6929, 1038339638, 6913, 1038339640, 7425, 1038345682, 7433, 1038345684, 7441, 1038345688, 7170, 1038774642, 7186, 1038774609, 6922, 1038774637, 6930, 1038774611, 6914, 1038774642, 7171, 1038311491, 7187, 1038311491, 7188, 1021121604, 7172, 1021121564, 7189, 1022010168, 7173, 1022010212, 6915, 1038314812, 7442, 1038774613, 7426, 1038774636, 7190, 1021984662, 7174, 1021984628, 6932, 1021118723, 7434, 1038774637, 7191, 1021083691, 7175, 1021083724, 6925, 1022006239, 7427, 1038308763, 6926, 1021988600, 7444, 1021123751, 6927, 1021086593, 6918, 1021988592, 7447, 1021081538, 6935, 1021086565, 6919, 1021086599, 6923, 1038314814, 6931, 1038314812, 7428, 1021123709, 7436, 1021123720, 7429, 1022013684, 7437, 1022013682, 7430, 1021981148, 6924, 1021118687, 7431, 1021081564, 7439, 1021081563, 6916, 1021118685, 6933, 1022006201, 6917, 1022006245, 6934, 1021988630, 7435, 1038308767, 7445, 1022013652, 7443, 1038308769, 7446, 1021981190, 7438, 1021981152]
[INFO] (lattice_cell.c: 455): on tick 2 of 50
[INFO] (lattice_cell.c: 172): the unmatched_packets is 56
[6920, 1037885229, 7168, 1037885238, 7184, 1037885173, 6928, 1037885177, 6912, 1037885234, 7424, 1037885228, 7440, 1037885171, 7432, 1037885225, 7169, 1038335270, 6921, 1038331836, 7185, 1038335272, 6929, 1038331834, 7425, 1038338092, 7441, 1038338094, 7433, 1038338094, 6913, 1038331834, 7170, 1038780020, 7186, 1038780085, 6922, 1038780035, 6930, 1038780087, 7171, 1038303235, 7187, 1038303245, 7172, 1021122800, 6923, 1038306666, 7188, 1021122756, 7189, 1022019310, 6915, 1038306664, 7442, 1038780081, 7426, 1038780018, 7434, 1038780031, 6924, 1021119727, 7190, 1021986183, 6925, 1022015786, 7173, 1022019261, 7174, 1021986380, 7427, 1038300427, 7191, 1021093449, 7175, 1021093278, 6934, 1021989669, 6927, 1021096358, 6918, 1021989870, 7445, 1022022166, 7447, 1021090960, 6935, 1021096500, 7439, 1021090814, 6919, 1021096328, 7435, 1038300433, 6914, 1038780028, 6931, 1038306672, 7437, 1022022126, 6932, 1021119692, 6916, 1021119733, 7430, 1021983531, 6933, 1022015822, 6917, 1022015780, 6926, 1021989838, 7438, 1021983509, 7431, 1021090789, 7443, 1038300439, 7444, 1021125250, 7436, 1021125279, 7446, 1021983339, 7428, 1021125293, 7429, 1022022121]
[INFO] (lattice_cell.c: 455): on tick 3 of 50
[INFO] (lattice_cell.c: 172): the unmatched_packets is 56
[6920, 1037879963, 7168, 1037879928, 7184, 1037880287, 6928, 1037880283, 6912, 1037879924, 7424, 1037879922, 7440, 1037880289, 7432, 1037879965, 6921, 1038339666, 7169, 1038342932, 7185, 1038342938, 6929, 1038339670, 6913, 1038339666, 7441, 1038345604, 7433, 1038345596, 7425, 1038345594, 6922, 1038774633, 7170, 1038774684, 7186, 1038774299, 6930, 1038774297, 6914, 1038774682, 7426, 1038774680, 7442, 1038774303, 7434, 1038774637, 7171, 1038311593, 6923, 1038314850, 7187, 1038311554, 6931, 1038314812, 6915, 1038314854, 7172, 1021121721, 7188, 1021122055, 6924, 1021118786, 6932, 1021119068, 6916, 1021118726, 7173, 1022010839, 7189, 1022010483, 7443, 1038308888, 7427, 1038308932, 7190, 1021985107, 7435, 1038308926, 6933, 1022006436, 7174, 1021984137, 6917, 1022006790, 7436, 1021124029, 7175, 1021083658, 6934, 1021989156, 7191, 1021082837, 6935, 1021085813, 7437, 1022014305, 6919, 1021086639, 7439, 1021081298, 7438, 1021980750, 7430, 1021980615, 6925, 1022006727, 6926, 1021988315, 6918, 1021988179, 7431, 1021081407, 7444, 1021124315, 6927, 1021086528, 7428, 1021123971, 7445, 1022014023, 7446, 1021981589, 7447, 1021080586, 7429, 1022014371]
[INFO] (lattice_cell.c: 455): on tick 4 of 50
[INFO] (lattice_cell.c: 172): the unmatched_packets is 56
[7168, 1037885152, 7184, 1037883475, 6920, 1037884951, 6928, 1037883469, 6912, 1037885148, 7432, 1037884947, 7424, 1037885148, 7440, 1037883469, 7169, 1038335476, 7185, 1038335458, 6921, 1038332002, 6929, 1038331986, 6913, 1038332006, 7441, 1038338306, 7425, 1038338322, 7433, 1038338318, 7170, 1038780108, 7186, 1038781843, 6922, 1038780315, 6930, 1038781841, 7171, 1038303082, 7187, 1038303304, 7172, 1021122957, 7188, 1021121478, 6923, 1038306576, 7189, 1022020262, 7442, 1038781841, 7174, 1021986799, 7434, 1038780309, 7175, 1021093221, 7426, 1038780104, 7173, 1022018689, 6933, 1022016847, 7190, 1021982004, 7191, 1021097089, 6926, 1021989534, 7444, 1021123833, 6927, 1021096685, 6918, 1021990209, 7436, 1021125036, 7429, 1022021480, 6935, 1021100014, 7437, 1022021786, 7447, 1021094735, 7438, 1021983334, 7439, 1021091408, 6919, 1021096141, 6914, 1038780112, 6931, 1038306762, 6915, 1038306544, 6924, 1021119770, 7427, 1038300245, 6932, 1021118547, 7428, 1021125312, 6916, 1021120027, 6925, 1022015587, 7430, 1021984003, 6917, 1022015294, 6934, 1021985394, 7431, 1021090870, 7435, 1038300275, 7443, 1038300466, 7445, 1022023042, 7446, 1021979213]
[INFO] (lattice_cell.c: 455): on tick 5 of 50
[INFO] (lattice_cell.c: 172): the unmatched_packets is 56
[6920, 1037881278, 7168, 1037880330, 7184, 1037887660, 6928, 1037887656, 6912, 1037880330, 7424, 1037880332, 7440, 1037887660, 7432, 1037881282, 7169, 1038342842, 6921, 1038339672, 7185, 1038342986, 6929, 1038339766, 6913, 1038339628, 7441, 1038345598, 7425, 1038345459, 7433, 1038345502, 7170, 1038774274, 6922, 1038773288, 7186, 1038766665, 6930, 1038766669, 6914, 1038774274, 7171, 1038311595, 7187, 1038310568, 6931, 1038313785, 7172, 1021121357, 7188, 1021127858, 7442, 1038766667, 7426, 1038774274, 7434, 1038773288, 7443, 1038307950, 7173, 1022011947, 7175, 1021083519, 6925, 1022006400, 6916, 1021118246, 7435, 1038308792, 7189, 1022005123, 7174, 1021983852, 7190, 1022005125, 6926, 1021991263, 6934, 1022009201, 7191, 1021066327, 6917, 1022007846, 7436, 1021125027, 6935, 1021069418, 6918, 1021987937, 7439, 1021078579, 6919, 1021086603, 6923, 1038314618, 6932, 1021124768, 6924, 1021119563, 6915, 1038314804, 7428, 1021123722, 7429, 1022015497, 6933, 1022001039, 6927, 1021084023, 7430, 1021980304, 7438, 1021983634, 7427, 1038308984, 7444, 1021130247, 7445, 1022008677, 7437, 1022014041, 7446, 1022001600, 7431, 1021081151, 7447, 1021063994]
[INFO] (lattice_cell.c: 455): on tick 6 of 50
[INFO] (lattice_cell.c: 172): the unmatched_packets is 56
[6920, 1037879162, 7168, 1037883210, 7184, 1037861626, 6928, 1037861632, 6912, 1037883210, 7424, 1037883210, 7440, 1037861630, 7432, 1037879160, 7169, 1038335847, 6921, 1038332118, 7185, 1038335406, 6929, 1038331916, 6913, 1038332353, 7441, 1038338274, 7425, 1038338711, 7433, 1038338472, 7170, 1038782106, 7186, 1038804420, 6922, 1038786296, 6930, 1038804420, 6914, 1038782104, 7171, 1038303138, 7187, 1038303940, 7426, 1038782102, 6915, 1038306622, 7188, 1021106309, 7434, 1038786294, 7173, 1022016069, 7189, 1022035612, 6924, 1021115984, 7172, 1021124436, 6916, 1021121627, 6932, 1021103517, 6917, 1022012707, 6926, 1021974037, 7174, 1021985397, 7190, 1021920458, 7444, 1021108530, 7175, 1021094081, 6927, 1021108385, 7191, 1021155374, 7428, 1021126647, 6919, 1021096878, 7447, 1021153112, 7439, 1021103361, 7435, 1038301085, 6923, 1038307412, 6931, 1038307410, 7436, 1021120995, 7442, 1038804420, 6925, 1022019257, 6933, 1022032247, 7429, 1022018840, 7437, 1022025389, 6918, 1021988756, 6934, 1021923857, 6935, 1021158203, 7438, 1021967887, 7431, 1021091861, 7443, 1038301116, 7427, 1038300289, 7430, 1021982639, 7445, 1022038369, 7446, 1021917633]
[INFO] (lattice_cell.c: 455): on tick 7 of 50
[INFO] (lattice_cell.c: 172): the unmatched_packets is 56
[6920, 1037899632, 7168, 1037888904, 7184, 1037920964, 6928, 1037920972, 6912, 1037888904, 7424, 1037888898, 7440, 1037920970, 7432, 1037899646, 6921, 1038339701, 7185, 1038343418, 7169, 1038341886, 6929, 1038340246, 6913, 1038338703, 7425, 1038344470, 7441, 1038346002, 7433, 1038345458, 6922, 1038754271, 7170, 1038765401, 7186, 1038732301, 6930, 1038732299, 6914, 1038765397, 7171, 1038310708, 7187, 1038312377, 7188, 1021143523, 7172, 1021115724, 7442, 1038732309, 6915, 1038313889, 7426, 1038765401, 7434, 1038754263, 6924, 1021130659, 6932, 1021140340, 7427, 1038308132, 7189, 1021990086, 7190, 1022117219, 7174, 1021992254, 7191, 1020947060, 7175, 1021078330, 6934, 1022121221, 7173, 1022021926, 6918, 1021996326, 6935, 1020950162, 7429, 1022025446, 6919, 1021081496, 6923, 1038313899, 6931, 1038315598, 6916, 1021112523, 6925, 1021996192, 6933, 1021985998, 6926, 1022039453, 6917, 1022017842, 7436, 1021136337, 7428, 1021118200, 7437, 1022003820, 7430, 1021988751, 7431, 1021075873, 6927, 1021038369, 7443, 1038309755, 7444, 1021146009, 7445, 1021993650, 7446, 1022113811, 7438, 1022031959, 7447, 1020944704, 7435, 1038308105, 7439, 1021032768]
[INFO] (lattice_cell.c: 455): on tick 8 of 50
[INFO] (lattice_cell.c: 172): the unmatched_packets is 56
[6920, 1037844792, 7168, 1037855020, 7184, 1037848694, 6928, 1037848682, 6912, 1037855012, 7424, 1037855012, 7440, 1037848709, 7432, 1037844790, 7169, 1038336609, 6921, 1038332816, 7185, 1038335584, 6929, 1038332085, 6913, 1038333121, 7425, 1038339449, 7441, 1038338445, 7433, 1038339176, 7170, 1038811306, 7186, 1038817182, 6922, 1038821759, 6930, 1038817198, 6914, 1038811302, 7426, 1038811302, 7442, 1038817172, 7434, 1038821765, 7171, 1038303499, 7187, 1038303526, 6923, 1038305262, 6931, 1038306965, 7172, 1021150655, 7188, 1021115726, 7173, 1021986639, 7189, 1022024402, 7174, 1021957376, 6916, 1021147956, 7175, 1021119972, 6926, 1021878518, 7190, 1021816369, 7427, 1038300649, 7191, 1021259159, 6935, 1021262014, 7446, 1021813457, 6919, 1021122672, 7431, 1021117866, 6915, 1038306964, 6924, 1021105780, 6932, 1021113039, 6925, 1022025843, 6933, 1022021058, 6917, 1021983225, 7437, 1022032011, 6934, 1021819802, 6918, 1021960788, 6927, 1021211333, 7430, 1021954522, 7438, 1021872148, 7439, 1021206425, 7428, 1021152770, 7443, 1038300748, 7435, 1038299009, 7444, 1021117804, 7436, 1021110552, 7445, 1022027171, 7429, 1021989471, 7447, 1021256896]
[INFO] (lattice_cell.c: 455): on tick 9 of 50
[INFO] (lattice_cell.c: 172): the unmatched_packets is 56
[6920, 1037931539, 7168, 1037944861, 7184, 1037889227, 6928, 1037889243, 6912, 1037944861, 7424, 1037944849, 7440, 1037889209, 7432, 1037931515, 6921, 1038339394, 7169, 1038343921, 7185, 1038342227, 6929, 1038339061, 6913, 1038340726, 7425, 1038346522, 7441, 1038344790, 7433, 1038345141, 7170, 1038707612, 6922, 1038721638, 7186, 1038765736, 6930, 1038765726, 6914, 1038707606, 7426, 1038707604, 7442, 1038765741, 7434, 1038721658, 7187, 1038311357, 7171, 1038313074, 6923, 1038314104, 6931, 1038314575, 6915, 1038316270, 7188, 1021109125, 7172, 1021040928, 6924, 1021102211, 7189, 1022029829, 7173, 1022090677, 7435, 1038308248, 7175, 1021003151, 6917, 1022086733, 6926, 1022145796, 7190, 1022088091, 7174, 1022059074, 6934, 1022092058, 7191, 1020980047, 7428, 1021043448, 6935, 1020983120, 7445, 1022033306, 6919, 1021006369, 7429, 1022093999, 7430, 1022055764, 7447, 1020977688, 7436, 1021108018, 6932, 1021105849, 6916, 1021037698, 6925, 1022028717, 7437, 1022036159, 6933, 1022025772, 7438, 1022138585, 6918, 1022063004, 6927, 1020931961, 7431, 1021000650, 7439, 1020926385, 7443, 1038308717, 7444, 1021111696, 7427, 1038310472, 7446, 1022084738]
[INFO] (lattice_cell.c: 455): on tick 10 of 50
[INFO] (lattice_cell.c: 172): the unmatched_packets is 56
[6920, 1037841674, 7168, 1037803262, 7184, 1037886903, 6928, 1037886899, 6912, 1037803258, 7424, 1037803260, 7440, 1037886921, 7432, 1037841728, 7169, 1038336739, 7185, 1038337190, 6921, 1038331413, 6929, 1038333722, 6913, 1038333310, 7425, 1038339528, 7441, 1038340021, 7433, 1038337667, 7170, 1038864154, 7186, 1038777806, 6922, 1038824267, 6930, 1038777809, 6914, 1038864154, 7426, 1038864158, 7442, 1038777810, 7434, 1038824213, 7171, 1038302996, 7187, 1038302230, 6923, 1038306139, 6931, 1038305649, 6915, 1038306420, 7172, 1021260919, 7188, 1021151481, 6924, 1021209686, 7189, 1021986975, 7173, 1021873215, 7174, 1021845974, 7427, 1038300228, 7190, 1021991785, 7175, 1021230246, 7191, 1021088656, 7435, 1038299966, 6918, 1021849532, 6935, 1021091402, 6919, 1021232929, 7437, 1021933966, 7430, 1021842941, 7447, 1021086522, 7439, 1021201935, 6932, 1021148870, 6925, 1021927502, 6916, 1021258238, 6933, 1021983518, 6926, 1021877173, 6917, 1021869674, 7429, 1021876267, 6934, 1021995293, 7438, 1021870671, 6927, 1021206837, 7431, 1021228162, 7443, 1038299462, 7444, 1021153456, 7428, 1021263014, 7436, 1021214353, 7445, 1021989859, 7446, 1021988815]
[INFO] (lattice_cell.c: 455): on tick 11 of 50
[INFO] (lattice_cell.c: 172): the unmatched_packets is 56
[6920, 1037910731, 7168, 1037927754, 7184, 1037902295, 6928, 1037902305, 6912, 1037927756, 7424, 1037927754, 7440, 1037902287, 7432, 1037910695, 6921, 1038338346, 7169, 1038342012, 7185, 1038344031, 6929, 1038340846, 6913, 1038338790, 7441, 1038346624, 7425, 1038344639, 7433, 1038344180, 6922, 1038743475, 7170, 1038726468, 7186, 1038751122, 6930, 1038751128, 6914, 1038726468, 7426, 1038726464, 7434, 1038743495, 7442, 1038751118, 7171, 1038311371, 7187, 1038312564, 6923, 1038315170, 6931, 1038315763, 6915, 1038314591, 7172, 1020975739, 7188, 1021056775, 7189, 1022073875, 7173, 1022165960, 7174, 1022131988, 6933, 1022070021, 6917, 1022162101, 7190, 1021934108, 6926, 1021995252, 7175, 1020938827, 7191, 1021127397, 6934, 1021937911, 6927, 1021078732, 7445, 1022077108, 6935, 1021130647, 7446, 1021930926, 7437, 1022172934, 6919, 1020942014, 7447, 1021124862, 7428, 1020978227, 7436, 1020973658, 7429, 1022169170, 6924, 1020967802, 6932, 1021053461, 6916, 1020972553, 6925, 1022165982, 7438, 1021988159, 7430, 1022128800, 6918, 1022135819, 7443, 1038309947, 7435, 1038309340, 7431, 1020936364, 7439, 1021073090, 7427, 1038308743, 7444, 1021059391]
[INFO] (lattice_cell.c: 455): on tick 12 of 50
[INFO] (lattice_cell.c: 172): the unmatched_packets is 56
[7168, 1037893950, 6920, 1037861217, 7184, 1037839541, 6928, 1037839527, 6912, 1037893950, 7424, 1037893948, 7440, 1037839547, 7432, 1037861193, 7169, 1038336851, 6921, 1038334267, 7185, 1038337328, 6929, 1038333911, 6913, 1038333451, 7425, 1038339597, 7441, 1038340089, 7433, 1038340414, 7170, 1038769823, 6922, 1038804314, 7186, 1038827048, 6930, 1038827050, 6914, 1038769831, 7426, 1038769813, 7442, 1038827045, 7434, 1038804354, 7171, 1038303014, 7187, 1038302097, 6923, 1038304556, 6931, 1038305507, 6915, 1038306407, 7172, 1021189605, 7188, 1021251338, 7189, 1021885103, 7173, 1021946523, 7190, 1022002459, 7174, 1021920593, 6925, 1021854865, 7175, 1021157080, 7191, 1021076973, 6934, 1022006110, 6917, 1021942954, 7435, 1038298386, 6927, 1021057475, 6935, 1021079528, 6918, 1021924167, 7445, 1021888238, 7429, 1021949604, 7447, 1021075009, 6919, 1021159741, 7431, 1021155043, 7439, 1021052900, 6924, 1021274085, 6932, 1021248778, 7443, 1038299333, 7428, 1021191640, 7436, 1021278710, 6933, 1021881449, 6916, 1021186947, 6926, 1022032089, 7437, 1021861644, 7430, 1021917529, 7438, 1022025390, 7427, 1038300271, 7444, 1021253273, 7446, 1021999303]
[INFO] (lattice_cell.c: 455): on tick 13 of 50
[INFO] (lattice_cell.c: 172): the unmatched_packets is 56
[7168, 1037858076, 6920, 1037889603, 7184, 1037913900, 6928, 1037913896, 7424, 1037858070, 7440, 1037913902, 7432, 1037889647, 6912, 1037858068, 7169, 1038343275, 6921, 1038338901, 7185, 1038342160, 6929, 1038338929, 6913, 1038340058, 7425, 1038345885, 7441, 1038344797, 7433, 1038344757, 7170, 1038797142, 7186, 1038740168, 6922, 1038764894, 6930, 1038740179, 6914, 1038797140, 7426, 1038797136, 7442, 1038740148, 7434, 1038764850, 7171, 1038312169, 7187, 1038311852, 6923, 1038314514, 6931, 1038315054, 6915, 1038315384, 7172, 1021144452, 7188, 1020957500, 6924, 1021038171, 6932, 1020954181, 7427, 1038309555, 6916, 1021141147, 7443, 1038309245, 7173, 1021987934, 7189, 1022185136, 7174, 1021953861, 7190, 1021986221, 7191, 1021077942, 6926, 1021985374, 7175, 1021108674, 6918, 1021957593, 6927, 1021088468, 6935, 1021081257, 6919, 1021111958, 7447, 1021075334, 7431, 1021106054, 7428, 1021147060, 6925, 1022095107, 6933, 1022181453, 7436, 1021043967, 7429, 1021991001, 7437, 1022101924, 6917, 1021984194, 6934, 1021989930, 7430, 1021950799, 7438, 1021978672, 7439, 1021082493, 7435, 1038308702, 7445, 1022188155, 7446, 1021983189, 7444, 1020960116]
[INFO] (lattice_cell.c: 455): on tick 14 of 50
[INFO] (lattice_cell.c: 172): the unmatched_packets is 56
[6920, 1037894369, 7168, 1037878119, 7184, 1037879548, 6928, 1037879572, 7440, 1037879532, 7424, 1037878119, 7432, 1037894367, 6912, 1037878119, 6921, 1038332196, 7185, 1038337830, 7169, 1038336229, 6929, 1038334462, 6913, 1038332842, 7441, 1038340548, 7425, 1038338974, 7433, 1038338319, 6922, 1038770050, 7186, 1038784734, 7170, 1038788015, 6930, 1038784712, 6914, 1038788023, 7442, 1038784753, 7426, 1038788019, 7434, 1038770048, 6923, 1038305907, 7171, 1038302763, 7187, 1038302193, 6931, 1038305580, 6915, 1038306140, 7172, 1021095090, 7188, 1021233051, 7189, 1021903035, 6924, 1021117157, 6932, 1021230465, 7173, 1022045644, 7174, 1022018717, 6933, 1021899306, 7175, 1021062032, 7191, 1021087426, 6917, 1022041891, 7190, 1021991197, 6918, 1022022488, 6927, 1021119482, 6935, 1021089935, 6919, 1021064512, 7436, 1021121634, 7446, 1021987983, 7437, 1022025818, 7447, 1021085557, 7439, 1021115149, 6916, 1021092609, 6925, 1022018946, 7428, 1021096950, 7429, 1022048896, 6926, 1021967897, 6934, 1021994957, 7430, 1022015485, 7444, 1021234990, 7438, 1021960888, 7431, 1021060199, 7443, 1038299468, 7427, 1038300029, 7435, 1038299806, 7445, 1021906262]
[INFO] (lattice_cell.c: 455): on tick 15 of 50
[INFO] (lattice_cell.c: 172): the unmatched_packets is 56
[6920, 1037872368, 7168, 1037893955, 7184, 1037871400, 6928, 1037871378, 6912, 1037893957, 7424, 1037893961, 7440, 1037871416, 7432, 1037872352, 6921, 1038340042, 7169, 1038343344, 7185, 1038343909, 6929, 1038340681, 6913, 1038340122, 7425, 1038345958, 7441, 1038346535, 7433, 1038345875, 7186, 1038783428, 7170, 1038759969, 6922, 1038782325, 6930, 1038783461, 6914, 1038759973, 7426, 1038759971, 7442, 1038783420, 7434, 1038782351, 7187, 1038311136, 7171, 1038311706, 6923, 1038313938, 6931, 1038314357, 6915, 1038314926, 7443, 1038308513, 7427, 1038309097, 7188, 1021112111, 7172, 1021101758, 6924, 1021148563, 6932, 1021108810, 6916, 1021098396, 7189, 1022022718, 7173, 1022032877, 7174, 1021999085, 6925, 1021979851, 7190, 1021978205, 7175, 1021066619, 7435, 1038308117, 6926, 1021979294, 7444, 1021114747, 7191, 1021085286, 6934, 1021981746, 6918, 1022002620, 6935, 1021088670, 6919, 1021069985, 7430, 1021996187, 7447, 1021082588, 7431, 1021063935, 7439, 1021087400, 7437, 1021986335, 6933, 1022019092, 6917, 1022029327, 7438, 1021972816, 6927, 1021093441, 7436, 1021154640, 7428, 1021104458, 7445, 1022025682, 7429, 1022035776, 7446, 1021975316]
[INFO] (lattice_cell.c: 455): on tick 16 of 50
[INFO] (lattice_cell.c: 172): the unmatched_packets is 56
[6920, 1037877122, 7168, 1037892692, 7184, 1037889256, 6928, 1037889264, 6912, 1037892686, 7424, 1037892692, 7440, 1037889260, 7432, 1037877112, 6921, 1038332744, 7169, 1038336361, 7185, 1038336431, 6929, 1038333075, 6913, 1038333009, 7425, 1038339073, 7441, 1038339156, 7433, 1038338807, 7170, 1038771418, 6922, 1038788442, 7186, 1038775808, 6930, 1038775824, 6914, 1038771416, 7426, 1038771418, 7442, 1038775800, 7434, 1038788452, 7171, 1038303160, 7187, 1038302749, 6923, 1038305308, 6931, 1038306092, 6915, 1038306494, 7172, 1021141960, 7188, 1021090006, 6932, 1021087519, 7173, 1021997817, 7174, 1021970812, 7190, 1021982249, 6933, 1022048876, 7189, 1022052720, 6917, 1021993973, 7191, 1021095447, 6934, 1021986135, 7175, 1021107322, 6927, 1021076707, 6935, 1021097887, 7436, 1021130610, 7430, 1021967505, 7447, 1021093677, 7439, 1021072472, 6924, 1021126374, 6916, 1021139493, 6925, 1022010918, 7428, 1021143766, 6926, 1022010724, 7429, 1022001157, 6918, 1021974649, 6919, 1021109796, 7438, 1022003521, 7443, 1038300049, 7431, 1021105535, 7427, 1038300457, 7444, 1021091831, 7445, 1022056024, 7446, 1021978899, 7435, 1038299262, 7437, 1022018179]
[INFO] (lattice_cell.c: 455): on tick 17 of 50
[INFO] (lattice_cell.c: 172): the unmatched_packets is 56
[7168, 1037871348, 6920, 1037884816, 7184, 1037883810, 6928, 1037883816, 6912, 1037871350, 7424, 1037871356, 7440, 1037883816, 7432, 1037884844, 7169, 1038343605, 6921, 1038339904, 7185, 1038344422, 6929, 1038341174, 6913, 1038340368, 7425, 1038346223, 7441, 1038347037, 7433, 1038345760, 7170, 1038783535, 6922, 1038769523, 7186, 1038770302, 6930, 1038770296, 6914, 1038783533, 7426, 1038783527, 7442, 1038770306, 7434, 1038769513, 7171, 1038311420, 6923, 1038313892, 7187, 1038310827, 6931, 1038314063, 6915, 1038314661, 7427, 1038308805, 7443, 1038308209, 7435, 1038308033, 7172, 1021135014, 7188, 1021125361, 6924, 1021096804, 6932, 1021121960, 6916, 1021131635, 7173, 1021996884, 7189, 1022008618, 6925, 1022032952, 6933, 1022005195, 6917, 1021993432, 7190, 1021976840, 7174, 1021963400, 7175, 1021101184, 7444, 1021128100, 7436, 1021102844, 6926, 1021994018, 7191, 1021086979, 7445, 1022011414, 6919, 1021104550, 7447, 1021084264, 7439, 1021074903, 6934, 1021980269, 7429, 1021999691, 7437, 1022039213, 6927, 1021081003, 6918, 1021966833, 6935, 1021090323, 7430, 1021960597, 7438, 1021987810, 7428, 1021137727, 7431, 1021098488, 7446, 1021974055]
[INFO] (lattice_cell.c: 455): on tick 18 of 50
[INFO] (lattice_cell.c: 172): the unmatched_packets is 56
[6920, 1037892750, 7168, 1037876620, 7184, 1037881116, 6928, 1037881130, 6912, 1037876622, 7424, 1037876618, 7440, 1037881102, 7432, 1037892760, 6921, 1038332422, 7169, 1038336035, 7185, 1038337097, 6929, 1038333779, 6913, 1038332729, 7425, 1038338714, 7441, 1038339773, 7433, 1038338411, 7170, 1038789109, 7186, 1038783710, 6922, 1038771577, 6930, 1038783704, 6914, 1038789111, 7426, 1038789109, 7442, 1038783714, 7434, 1038771573, 7171, 1038303243, 7187, 1038302411, 6923, 1038305785, 6931, 1038305712, 6915, 1038306546, 7172, 1021116780, 7188, 1021146802, 6924, 1021121083, 6932, 1021144336, 6916, 1021114317, 7173, 1022024956, 7189, 1021995608, 7174, 1021996931, 7190, 1021992176, 6926, 1021982580, 7191, 1021084070, 7435, 1038299827, 7175, 1021081065, 6935, 1021086530, 7428, 1021118538, 6919, 1021083508, 7437, 1022024361, 7446, 1021988743, 7447, 1021082299, 7439, 1021099032, 6925, 1022017031, 6933, 1021991652, 6917, 1022020997, 6934, 1021996137, 6918, 1022000900, 6927, 1021103254, 7429, 1022028393, 7444, 1021148596, 7430, 1021993510, 7431, 1021079328, 7443, 1038299745, 7427, 1038300575, 7436, 1021125345, 7445, 1021999036, 7438, 1021975215]
[INFO] (lattice_cell.c: 455): on tick 19 of 50
[INFO] (lattice_cell.c: 172): the unmatched_packets is 56
[6920, 1037878037, 7168, 1037883749, 7184, 1037877041, 6928, 1037877027, 6912, 1037883749, 7424, 1037883745, 7440, 1037877051, 7432, 1037878049, 6921, 1038340509, 7169, 1038343956, 7185, 1038344612, 6929, 1038341345, 6913, 1038340698, 7425, 1038346581, 7441, 1038347248, 7433, 1038346396, 7170, 1038770565, 6922, 1038776385, 7186, 1038777573, 6930, 1038777587, 6914, 1038770559, 7426, 1038770565, 7442, 1038777567, 7434, 1038776393, 7171, 1038311160, 7187, 1038310356, 6923, 1038313352, 6931, 1038313625, 6915, 1038314410, 7172, 1021103769, 7188, 1021115869, 6924, 1021131368, 6932, 1021112587, 7173, 1022029054, 7189, 1022017774, 6916, 1021100445, 7174, 1021996209, 6925, 1021996508, 7190, 1021985308, 7443, 1038307713, 6917, 1022025710, 6926, 1021973492, 7175, 1021070907, 7191, 1021079997, 6918, 1021999533, 6935, 1021083323, 6919, 1021074214, 7447, 1021077316, 7438, 1021967469, 7439, 1021094504, 6933, 1022014408, 6934, 1021988631, 6927, 1021100490, 7429, 1022031758, 7430, 1021993518, 7431, 1021068236, 7427, 1038308528, 7435, 1038307457, 7444, 1021118553, 7428, 1021106454, 7436, 1021137376, 7445, 1022020514, 7446, 1021982626, 7437, 1022002566]
[INFO] (lattice_cell.c: 455): on tick 20 of 50
[INFO] (lattice_cell.c: 172): the unmatched_packets is 56
[6920, 1037877877, 7168, 1037893304, 7184, 1037888356, 6928, 1037888361, 6912, 1037893302, 7424, 1037893304, 7432, 1037877861, 7440, 1037888354, 6921, 1038332458, 7169, 1038335980, 7185, 1038336547, 6929, 1038333263, 6913, 1038332716, 7425, 1038338619, 7441, 1038339194, 7433, 1038338371, 7170, 1038770905, 6922, 1038787510, 7186, 1038776370, 6930, 1038776382, 6914, 1038770913, 7426, 1038770903, 7442, 1038776354, 7434, 1038787506, 7171, 1038303572, 7187, 1038303024, 6923, 1038305691, 6931, 1038306284, 6915, 1038306831, 7172, 1021127552, 7188, 1021112640, 6924, 1021130943, 6932, 1021110109, 6916, 1021125045, 7173, 1022014895, 7189, 1022031991, 7174, 1021986023, 7443, 1038300399, 7190, 1021984370, 7175, 1021090542, 7191, 1021090143, 7427, 1038300936, 6934, 1021988411, 7428, 1021129358, 6927, 1021088238, 6935, 1021092646, 6919, 1021093071, 7430, 1021982576, 7447, 1021088345, 7431, 1021088750, 7439, 1021083948, 6925, 1022008190, 6933, 1022027983, 7435, 1038299803, 6917, 1022010875, 6926, 1021996441, 7436, 1021135243, 7429, 1022018360, 6918, 1021990040, 7437, 1022015679, 7438, 1021988941, 7444, 1021114457, 7445, 1022035432, 7446, 1021980899]
[INFO] (lattice_cell.c: 455): on tick 21 of 50
[INFO] (lattice_cell.c: 172): the unmatched_packets is 56
[6920, 1037878739, 7184, 1037882903, 7168, 1037880000, 6928, 1037882907, 6912, 1037880002, 7440, 1037882912, 7432, 1037878752, 7424, 1037880002, 6921, 1038340658, 7185, 1038345169, 7169, 1038344155, 6929, 1038341883, 6913, 1038340873, 7441, 1038347808, 7186, 1038771188, 7170, 1038774332, 6922, 1038775827, 6930, 1038771198, 6914, 1038774324, 7425, 1038346802, 7433, 1038346577, 7442, 1038771184, 7426, 1038774332, 7434, 1038775817, 7187, 1038309114, 6931, 1038312403, 7171, 1038310792, 6923, 1038312953, 7188, 1021119584, 7172, 1021130721, 6932, 1021116313, 7173, 1021999915, 7189, 1022013185, 6916, 1021127484, 6925, 1022021902, 7190, 1021975435, 7191, 1021093342, 7175, 1021098718, 7174, 1021968033, 7427, 1038308151, 6935, 1021096553, 6927, 1021080214, 6919, 1021101933, 7430, 1021965380, 7431, 1021096105, 7439, 1021074375, 6915, 1038314075, 6924, 1021106553, 7435, 1038307028, 6933, 1022009915, 6917, 1021996635, 6934, 1021978712, 6918, 1021971282, 6926, 1021996645, 7428, 1021133349, 7436, 1021112380, 7429, 1022002573, 7437, 1022027850, 7438, 1021990740, 7443, 1038306461, 7444, 1021122217, 7445, 1022015854, 7446, 1021972778, 7447, 1021090739]
[INFO] (lattice_cell.c: 455): on tick 22 of 50
[INFO] (lattice_cell.c: 172): the unmatched_packets is 56
[7168, 1037878175, 6920, 1037890804, 7184, 1037883087, 6928, 1037883099, 6912, 1037878177, 7424, 1037878173, 7432, 1037890809, 7440, 1037883075, 6921, 1038332342, 7169, 1038335925, 7185, 1038336807, 6929, 1038333567, 6913, 1038332698, 7425, 1038338525, 7441, 1038339430, 7433, 1038338179, 7170, 1038787156, 7186, 1038781726, 6922, 1038773619, 6930, 1038781732, 6914, 1038787150, 7426, 1038787152, 7442, 1038781720, 7434, 1038773607, 7171, 1038303883, 7187, 1038303399, 6923, 1038306857, 6931, 1038306614, 6915, 1038307095, 7427, 1038301280, 7188, 1021138612, 7172, 1021129622, 6924, 1021117553, 6932, 1021136004, 6916, 1021127031, 7173, 1022012828, 7189, 1022006357, 7443, 1038300804, 7174, 1021982682, 7190, 1021984597, 6933, 1022002323, 7435, 1038301051, 7175, 1021091847, 6926, 1021991790, 7191, 1021086129, 6918, 1021986746, 7444, 1021140489, 6935, 1021088721, 6919, 1021094429, 7446, 1021981133, 7438, 1021984262, 7447, 1021084244, 7431, 1021089994, 6925, 1022022865, 7436, 1021122020, 7429, 1022016308, 7437, 1022030374, 6917, 1022008777, 6934, 1021988665, 6927, 1021088706, 7428, 1021131480, 7445, 1022009834, 7430, 1021979215, 7439, 1021084243]
[INFO] (lattice_cell.c: 455): on tick 23 of 50
[INFO] (lattice_cell.c: 172): the unmatched_packets is 56
[6920, 1037882990, 7168, 1037876590, 7184, 1037874643, 6928, 1037874643, 6912, 1037876584, 7424, 1037876584, 7432, 1037882990, 7440, 1037874641, 6921, 1038340832, 7169, 1038343543, 7185, 1038345374, 6929, 1038342067, 6913, 1038340234, 7425, 1038346189, 7441, 1038348023, 7433, 1038346787, 7170, 1038778093, 6922, 1038771135, 7186, 1038780005, 6930, 1038780005, 6914, 1038778093, 7426, 1038778083, 7442, 1038780005, 7434, 1038771137, 7171, 1038309649, 7187, 1038310925, 6923, 1038312114, 6931, 1038314245, 6915, 1038312956, 7427, 1038306994, 7443, 1038308243, 7435, 1038306154, 7172, 1021111046, 7188, 1021119551, 6924, 1021122136, 6932, 1021116445, 6916, 1021107927, 7173, 1022023548, 7189, 1022012839, 6925, 1022005719, 6933, 1022009581, 6917, 1022020286, 7174, 1021992566, 7190, 1021979205, 7444, 1021122069, 7428, 1021113543, 7191, 1021081975, 7436, 1021127777, 7175, 1021079665, 6927, 1021100796, 6935, 1021085054, 6919, 1021082763, 7437, 1022011611, 7429, 1022026208, 7446, 1021976556, 7447, 1021079504, 7439, 1021095232, 6926, 1021977518, 6934, 1021982434, 6918, 1021995807, 7438, 1021971620, 7430, 1021989942, 7431, 1021077172, 7445, 1022015510]
[INFO] (lattice_cell.c: 455): on tick 24 of 50
[INFO] (lattice_cell.c: 172): the unmatched_packets is 56
[6920, 1037882820, 7168, 1037889844, 7184, 1037890930, 6928, 1037890916, 6912, 1037889838, 7424, 1037889844, 7432, 1037882818, 7440, 1037890938, 6921, 1038333271, 7169, 1038336376, 7185, 1038336779, 6929, 1038333578, 6913, 1038333189, 7425, 1038338942, 7441, 1038339365, 7433, 1038339042, 7170, 1038774602, 6922, 1038782127, 7186, 1038773596, 6930, 1038773630, 6914, 1038774604, 7426, 1038774602, 7434, 1038782111, 7442, 1038773578, 7171, 1038304598, 6923, 1038304588, 7187, 1038303620, 6931, 1038306777, 6915, 1038307777, 7443, 1038301082, 7427, 1038302039, 7435, 1038298860, 7172, 1021117860, 7188, 1021122696, 6924, 1021133533, 6932, 1021119965, 6916, 1021115163, 7173, 1022024137, 7189, 1022023302, 6925, 1022003479, 6933, 1022019266, 7190, 1022001603, 7174, 1021992842, 7175, 1021079418, 6926, 1021991486, 7191, 1021068845, 6934, 1022005664, 7444, 1021124662, 6927, 1021096236, 6918, 1021996883, 6935, 1021071646, 6919, 1021082135, 7446, 1021998133, 7447, 1021066791, 7431, 1021077450, 7429, 1022027562, 7437, 1022010936, 6917, 1022020121, 7430, 1021989424, 7438, 1021983980, 7439, 1021091516, 7428, 1021119858, 7445, 1022026713, 7436, 1021138221]
[INFO] (lattice_cell.c: 455): on tick 25 of 50
[INFO] (lattice_cell.c: 172): the unmatched_packets is 56
[6920, 1037871079, 7168, 1037882817, 7184, 1037871145, 6928, 1037871161, 6912, 1037882825, 7424, 1037882823, 7440, 1037871143, 7432, 1037871071, 6921, 1038340449, 7169, 1038345864, 7185, 1038344608, 6929, 1038341275, 6913, 1038342532, 7425, 1038348531, 7441, 1038347280, 7433, 1038346438, 7170, 1038771271, 6922, 1038783790, 7186, 1038783396, 6930, 1038783388, 6914, 1038771271, 7426, 1038771271, 7442, 1038783389, 7434, 1038783806, 7171, 1038311640, 7187, 1038308001, 6923, 1038311889, 6931, 1038311366, 6915, 1038314972, 7172, 1021121207, 7188, 1021108109, 6924, 1021114321, 6932, 1021105125, 6916, 1021118247, 7173, 1022003537, 7189, 1022027717, 6925, 1022015681, 7427, 1038308980, 7190, 1021944101, 6933, 1022024435, 7443, 1038305274, 7174, 1021973464, 7175, 1021089949, 6926, 1021981580, 7191, 1021127906, 6917, 1022000288, 7444, 1021110491, 6927, 1021097743, 6918, 1021976694, 6935, 1021130719, 6919, 1021092885, 7437, 1022021653, 7430, 1021970789, 7447, 1021125691, 7439, 1021092577, 6934, 1021947345, 7429, 1022006223, 7438, 1021975718, 7428, 1021123569, 7431, 1021087615, 7435, 1038305852, 7436, 1021119645, 7445, 1022030415, 7446, 1021941463]
[INFO] (lattice_cell.c: 455): on tick 26 of 50
[INFO] (lattice_cell.c: 172): the unmatched_packets is 56
[7168, 1037889852, 6920, 1037896867, 7184, 1037909685, 6928, 1037909651, 6912, 1037889850, 7424, 1037889848, 7440, 1037909709, 7432, 1037896891, 7169, 1038336573, 6921, 1038331229, 7185, 1038337725, 6929, 1038334562, 6913, 1038333440, 7425, 1038339088, 7441, 1038340281, 7433, 1038336924, 7170, 1038774738, 6922, 1038767399, 7186, 1038754082, 6930, 1038754120, 7426, 1038774736, 7442, 1038754060, 7434, 1038767370, 6914, 1038774734, 7171, 1038304721, 7187, 1038305155, 6923, 1038307417, 6931, 1038308251, 6915, 1038307842, 7427, 1038302203, 7443, 1038302675, 7435, 1038301833, 7172, 1021126834, 7188, 1021146318, 6924, 1021125381, 6932, 1021143438, 6916, 1021123937, 7428, 1021128979, 7444, 1021148451, 7436, 1021130368, 7173, 1022013891, 7189, 1021997677, 6925, 1022021517, 6933, 1021993726, 6917, 1022009855, 7174, 1021981965, 7190, 1022051814, 6934, 1022055838, 7175, 1021088580, 7191, 1021011044, 6918, 1021985996, 7429, 1022017292, 6919, 1021091477, 7430, 1021978576, 7438, 1022016836, 6926, 1022024291, 7439, 1021047738, 7431, 1021086416, 6927, 1021052936, 6935, 1021014070, 7445, 1022001023, 7446, 1022048401, 7447, 1021008740, 7437, 1022028866]
[INFO] (lattice_cell.c: 455): on tick 27 of 50
[INFO] (lattice_cell.c: 172): the unmatched_packets is 56
[7168, 1037857907, 6920, 1037861104, 7184, 1037842878, 6928, 1037842920, 6912, 1037857907, 7424, 1037857905, 7440, 1037842860, 7432, 1037861086, 6921, 1038340085, 7169, 1038342699, 7185, 1038346646, 6929, 1038343292, 6913, 1038339330, 7425, 1038345424, 7441, 1038349336, 7433, 1038346133, 7170, 1038797413, 7186, 1038812723, 6922, 1038793763, 6930, 1038812715, 6914, 1038797417, 7426, 1038797417, 7442, 1038812737, 7434, 1038793786, 7171, 1038308621, 7187, 1038308069, 6923, 1038310102, 6931, 1038311443, 6915, 1038311997, 7427, 1038305906, 7443, 1038305337, 7435, 1038303992, 7172, 1021140307, 7188, 1021106777, 6924, 1021109879, 6932, 1021103958, 7173, 1021996991, 7189, 1022019773, 6925, 1022021277, 7174, 1021966864, 7190, 1021860328, 7175, 1021108272, 6934, 1021863662, 7191, 1021209653, 6935, 1021212274, 6919, 1021110975, 7429, 1021999640, 7447, 1021207666, 7431, 1021106212, 7439, 1021154278, 7436, 1021114791, 6916, 1021137591, 6933, 1022016445, 6917, 1021993743, 7437, 1022027287, 6926, 1021926612, 6918, 1021970109, 6927, 1021158949, 7430, 1021964214, 7428, 1021142407, 7444, 1021109016, 7445, 1022022539, 7446, 1021857578, 7438, 1021920689]
[INFO] (lattice_cell.c: 455): on tick 28 of 50
[INFO] (lattice_cell.c: 172): the unmatched_packets is 56
[6920, 1037924899, 7168, 1037919672, 7184, 1037916030, 6928, 1037916003, 6912, 1037919668, 7424, 1037919670, 7440, 1037916058, 7432, 1037924961, 6921, 1038334893, 7169, 1038338857, 7185, 1038338174, 6929, 1038335047, 6913, 1038335779, 7425, 1038341306, 7441, 1038340669, 7433, 1038340450, 7170, 1038743898, 6922, 1038738397, 7186, 1038747875, 6930, 1038747895, 6914, 1038743902, 7426, 1038743890, 7442, 1038747862, 7434, 1038738359, 7171, 1038306640, 7187, 1038303053, 6923, 1038307032, 6931, 1038306158, 6915, 1038309698, 7172, 1021069806, 7188, 1021129038, 6924, 1021124343, 7443, 1038300573, 6932, 1021126034, 6916, 1021066696, 7427, 1038304188, 7173, 1022064073, 7189, 1022015348, 6925, 1022009403, 7174, 1022032031, 7190, 1022131707, 6933, 1022011394, 7175, 1021032260, 7191, 1020940728, 6917, 1022060099, 6934, 1022135590, 6918, 1022036008, 7428, 1021072199, 6935, 1020943870, 6919, 1021035375, 7447, 1020938337, 7436, 1021129761, 7437, 1022016716, 6926, 1022088521, 7430, 1022028685, 6927, 1020989428, 7438, 1022081298, 7431, 1021029888, 7439, 1020983862, 7435, 1038301506, 7444, 1021131310, 7445, 1022018670, 7429, 1022067434, 7446, 1022128427]
[INFO] (lattice_cell.c: 455): on tick 29 of 50
[INFO] (lattice_cell.c: 172): the unmatched_packets is 56
[6920, 1037828295, 7168, 1037825602, 7184, 1037862606, 6928, 1037862602, 6912, 1037825592, 7424, 1037825602, 7440, 1037862613, 7432, 1037828265, 6921, 1038337785, 7169, 1038342681, 7185, 1038343675, 6929, 1038340287, 6913, 1038339298, 7425, 1038345420, 7441, 1038346411, 7433, 1038343926, 7170, 1038830290, 6922, 1038827720, 7186, 1038791932, 6930, 1038791975, 6914, 1038830290, 7426, 1038830284, 7442, 1038791896, 7434, 1038827712, 7171, 1038308674, 7187, 1038310652, 6923, 1038312006, 6931, 1038314002, 6915, 1038312068, 7443, 1038307949, 7427, 1038305941, 7435, 1038305927, 7172, 1021201604, 7188, 1021134187, 6924, 1021162498, 6932, 1021131537, 6916, 1021199092, 7173, 1021934576, 7189, 1022005185, 7174, 1021904576, 7190, 1021877188, 6933, 1022001920, 7175, 1021169152, 7428, 1021203491, 7191, 1021181709, 6917, 1021931227, 6927, 1021223992, 6935, 1021184322, 6919, 1021171654, 7439, 1021219610, 7437, 1021982281, 6925, 1021976278, 6926, 1021851708, 7430, 1021901811, 6934, 1021880501, 6918, 1021907910, 7438, 1021845487, 7431, 1021167289, 7444, 1021136234, 7436, 1021167009, 7445, 1022007923, 7429, 1021937350, 7447, 1021179713, 7446, 1021874407]
[INFO] (lattice_cell.c: 455): on tick 30 of 50
[INFO] (lattice_cell.c: 172): the unmatched_packets is 56
[7168, 1037955200, 6920, 1037927192, 7184, 1037893101, 6928, 1037893122, 6912, 1037955204, 7424, 1037955190, 7440, 1037893085, 7432, 1037927171, 7169, 1038336740, 6921, 1038334761, 7185, 1038339918, 6929, 1038336838, 6913, 1038333666, 7425, 1038339199, 7441, 1038342371, 7433, 1038340266, 7170, 1038707476, 6922, 1038736546, 7186, 1038771312, 6930, 1038771302, 6914, 1038707484, 7426, 1038707478, 7442, 1038771344, 7434, 1038736594, 7171, 1038304498, 7187, 1038302298, 6923, 1038304339, 6931, 1038305395, 6915, 1038307569, 7443, 1038299815, 7427, 1038302044, 7435, 1038298762, 7172, 1021007963, 7188, 1021073127, 6924, 1021032242, 6932, 1021069949, 7173, 1022136250, 7189, 1022062817, 7174, 1022103357, 7190, 1021997213, 6933, 1022058858, 7191, 1021077352, 7175, 1020970427, 6917, 1022132448, 6927, 1020986830, 6918, 1022107167, 6935, 1021080396, 6919, 1020973643, 7447, 1021075013, 6916, 1021004747, 7437, 1022110947, 6925, 1022103774, 6926, 1022103708, 6934, 1022001234, 7430, 1022100176, 7438, 1022096686, 7439, 1020981269, 7431, 1020967940, 7429, 1022139412, 7428, 1021010490, 7444, 1021075607, 7436, 1021037930, 7445, 1022066116, 7446, 1021993885]
[INFO] (lattice_cell.c: 455): on tick 31 of 50
[INFO] (lattice_cell.c: 172): the unmatched_packets is 56
[6920, 1037851114, 7168, 1037830832, 7184, 1037869900, 6928, 1037869881, 6912, 1037830828, 7424, 1037830834, 7440, 1037869927, 7432, 1037851207, 6921, 1038340775, 7169, 1038346097, 7185, 1038344352, 6929, 1038340958, 6913, 1038342748, 7425, 1038348775, 7441, 1038347073, 7433, 1038346845, 7170, 1038824348, 7186, 1038784908, 6922, 1038803633, 6930, 1038784954, 6914, 1038824350, 7426, 1038824340, 7442, 1038784860, 7434, 1038803524, 7171, 1038311783, 7187, 1038308557, 6923, 1038312705, 6931, 1038311922, 6915, 1038315115, 7443, 1038305845, 7427, 1038309094, 7435, 1038306678, 7172, 1021245747, 7188, 1021211133, 6924, 1021250092, 6932, 1021208643, 7173, 1021875062, 7189, 1021928129, 7174, 1021846906, 7190, 1022034593, 7191, 1021031847, 7444, 1021212972, 7428, 1021247638, 7175, 1021212359, 7436, 1021254372, 6934, 1022037846, 6918, 1021850324, 6935, 1021034448, 7429, 1021877951, 7439, 1021107947, 6916, 1021243223, 6925, 1021878792, 7437, 1021885091, 6933, 1021924759, 6926, 1021959658, 6917, 1021871632, 7430, 1021844008, 6927, 1021112482, 7438, 1021953526, 6919, 1021214872, 7431, 1021210468, 7445, 1021930941, 7446, 1022031855, 7447, 1021029920]
[INFO] (lattice_cell.c: 455): on tick 32 of 50
[INFO] (lattice_cell.c: 172): the unmatched_packets is 56
[6920, 1037901410, 7168, 1037886203, 7184, 1037913188, 6928, 1037913199, 6912, 1037886199, 7424, 1037886197, 7440, 1037913181, 7432, 1037901363, 6921, 1038330707, 7169, 1038335018, 7185, 1038337717, 6929, 1038334618, 6913, 1038331909, 7425, 1038337505, 7441, 1038340188, 7433, 1038336309, 7170, 1038779389, 6922, 1038762952, 7186, 1038750307, 6930, 1038750317, 6914, 1038779385, 7426, 1038779377, 7442, 1038750315, 7434, 1038762972, 7187, 1038303898, 7171, 1038302888, 6923, 1038306084, 6931, 1038306981, 6915, 1038305988, 7443, 1038301449, 7427, 1038300409, 7435, 1038300545, 7172, 1021053284, 7188, 1021013304, 6924, 1020984994, 6932, 1021010018, 7173, 1022097082, 7189, 1022132059, 7174, 1022061379, 6925, 1022165359, 6933, 1022128323, 7190, 1021928061, 7175, 1021018061, 7191, 1021139178, 6935, 1021142336, 6919, 1021021130, 7447, 1021136678, 7439, 1021128095, 7431, 1021015657, 6916, 1021050203, 7428, 1021055676, 7429, 1022100267, 6917, 1022093237, 6926, 1021948985, 6934, 1021931932, 6927, 1021133528, 6918, 1022065228, 7438, 1021941797, 7430, 1022058210, 7444, 1021015907, 7436, 1020990761, 7445, 1022135180, 7437, 1022172141, 7446, 1021924875]
[INFO] (lattice_cell.c: 455): on tick 33 of 50
[INFO] (lattice_cell.c: 172): the unmatched_packets is 56
[6920, 1037878118, 7168, 1037905958, 7184, 1037838798, 6928, 1037838784, 6912, 1037905962, 7424, 1037905964, 7440, 1037838831, 7432, 1037878101, 6921, 1038342639, 7169, 1038344775, 7185, 1038347539, 6929, 1038344211, 6913, 1038341469, 7425, 1038347436, 7441, 1038350220, 7433, 1038348578, 7170, 1038747252, 6922, 1038776103, 7186, 1038816754, 6930, 1038816796, 6914, 1038747254, 7426, 1038747252, 7442, 1038816737, 7434, 1038776138, 7171, 1038310473, 7187, 1038309324, 6923, 1038311164, 6931, 1038312657, 6915, 1038313794, 7172, 1021108358, 7188, 1021246869, 6924, 1021205812, 6932, 1021244400, 6916, 1021105738, 7173, 1022022340, 7189, 1021877495, 7174, 1021996063, 7190, 1021983301, 7443, 1038306634, 7427, 1038307821, 6933, 1021873946, 7191, 1021080214, 6926, 1022027487, 7444, 1021248685, 7175, 1021071927, 7428, 1021110287, 7445, 1021880508, 6919, 1021074539, 7430, 1021993253, 7439, 1021047376, 7436, 1021210229, 6925, 1021916752, 7429, 1022025182, 7437, 1021923167, 6934, 1021986778, 6917, 1022019025, 6927, 1021051754, 6935, 1021082712, 7438, 1022021269, 6918, 1021999404, 7435, 1038305146, 7431, 1021070034, 7447, 1021078429, 7446, 1021980348]
[INFO] (lattice_cell.c: 455): on tick 34 of 50
[INFO] (lattice_cell.c: 172): the unmatched_packets is 56
[6920, 1037879865, 7168, 1037868643, 7184, 1037904320, 6928, 1037904331, 6912, 1037868641, 7424, 1037868649, 7432, 1037879923, 7440, 1037904314, 6921, 1038332990, 7169, 1038337249, 7185, 1038336156, 6929, 1038333000, 6913, 1038334131, 7425, 1038339733, 7441, 1038338686, 7433, 1038338621, 7170, 1038795851, 7186, 1038760246, 6922, 1038784963, 6930, 1038760267, 6914, 1038795861, 7426, 1038795849, 7442, 1038760231, 7434, 1038784883, 7171, 1038304647, 7187, 1038302128, 6923, 1038304783, 6931, 1038305245, 6915, 1038307743, 7443, 1038299644, 7427, 1038302164, 7435, 1038299190, 7172, 1021169505, 7188, 1021018082, 6924, 1021128669, 6932, 1021014925, 6916, 1021166393, 7173, 1021969158, 7189, 1022136425, 6925, 1022013719, 6933, 1022132746, 7190, 1022016610, 7174, 1021933239, 7175, 1021136029, 6934, 1022020370, 7191, 1021057303, 7444, 1021020562, 6935, 1021060412, 6919, 1021139134, 7445, 1022139398, 7429, 1021972259, 7447, 1021054849, 6917, 1021965367, 6926, 1021994003, 6918, 1021937040, 6927, 1021090160, 7428, 1021171982, 7437, 1022020576, 7430, 1021930152, 7438, 1021987249, 7439, 1021084499, 7431, 1021133563, 7436, 1021134146, 7446, 1022013549]
[INFO] (lattice_cell.c: 455): on tick 35 of 50
[INFO] (lattice_cell.c: 172): the unmatched_packets is 56
[6920, 1037883148, 7168, 1037871735, 7184, 1037896311, 6928, 1037896311, 6912, 1037871739, 7424, 1037871737, 7440, 1037896328, 7432, 1037883172, 6921, 1038339737, 7169, 1038344637, 7185, 1038346264, 6929, 1038342988, 6913, 1038341354, 7425, 1038347280, 7441, 1038348881, 7433, 1038345650, 6922, 1038771184, 7170, 1038783423, 7186, 1038756866, 6930, 1038756879, 6914, 1038783423, 7426, 1038783419, 7442, 1038756850, 7434, 1038771166, 7171, 1038310707, 6923, 1038313025, 7187, 1038309450, 6931, 1038312737, 6915, 1038313988, 7427, 1038308083, 7443, 1038306804, 7435, 1038307130, 7172, 1021100310, 7188, 1021152351, 6924, 1021072841, 6932, 1021149702, 6916, 1021097785, 7173, 1022030500, 7189, 1021979014, 6925, 1022061079, 6933, 1021975544, 6917, 1022026937, 7174, 1022003281, 7190, 1021972031, 6926, 1021956476, 7191, 1021091538, 7175, 1021063570, 6918, 1022006817, 6927, 1021117501, 6935, 1021094135, 6934, 1021975486, 7438, 1021949871, 7430, 1022000254, 6919, 1021066051, 7439, 1021113194, 7431, 1021061782, 7444, 1021154289, 7428, 1021102096, 7436, 1021077350, 7437, 1022067462, 7429, 1022033531, 7445, 1021982016, 7446, 1021969082, 7447, 1021089662]
[INFO] (lattice_cell.c: 455): on tick 36 of 50
[INFO] (lattice_cell.c: 172): the unmatched_packets is 56
[6920, 1037882516, 7168, 1037902351, 7184, 1037866382, 6928, 1037866368, 6912, 1037902355, 7424, 1037902343, 7432, 1037882473, 7440, 1037866398, 6921, 1038333090, 7169, 1038336147, 7185, 1038338716, 6929, 1038335542, 6913, 1038332998, 7425, 1038338662, 7441, 1038341263, 7433, 1038338759, 6922, 1038782016, 7170, 1038761684, 7186, 1038798572, 6930, 1038798616, 6914, 1038761690, 7426, 1038761686, 7442, 1038798540, 7434, 1038782055, 7171, 1038303253, 7187, 1038302785, 6923, 1038304943, 6931, 1038305925, 6915, 1038306394, 7427, 1038300745, 7443, 1038300268, 7435, 1038299284, 7172, 1021103135, 7188, 1021170382, 6924, 1021144045, 6932, 1021167306, 6916, 1021100035, 7428, 1021105608, 7444, 1021172812, 7436, 1021149650, 7173, 1022042187, 7189, 1021970864, 6925, 1021997539, 6933, 1021967189, 6917, 1022038630, 7174, 1022006290, 7190, 1021958674, 6926, 1021997499, 6934, 1021962389, 7175, 1021069754, 7191, 1021109564, 6927, 1021086381, 6919, 1021072850, 6918, 1022009858, 6935, 1021112644, 7446, 1021955708, 7439, 1021080914, 7438, 1021990894, 7430, 1022003413, 7431, 1021067283, 7445, 1021973835, 7429, 1022045062, 7437, 1022004108, 7447, 1021107120]
[INFO] (lattice_cell.c: 455): on tick 37 of 50
[INFO] (lattice_cell.c: 172): the unmatched_packets is 56
[6920, 1037879223, 7168, 1037879578, 7184, 1037875261, 6928, 1037875259, 6912, 1037879568, 7424, 1037879572, 7440, 1037875285, 7432, 1037879261, 6921, 1038341641, 7185, 1038345630, 7169, 1038344795, 6929, 1038342377, 6913, 1038341577, 7425, 1038347365, 7441, 1038348224, 7433, 1038347429, 6922, 1038775133, 7170, 1038774274, 7186, 1038779892, 6930, 1038779920, 6914, 1038774284, 7426, 1038774268, 7442, 1038779871, 7434, 1038775110, 6923, 1038311395, 7187, 1038308768, 7171, 1038310885, 6931, 1038312008, 6915, 1038314104, 7427, 1038308313, 7443, 1038306168, 7435, 1038305574, 7188, 1021078084, 7172, 1021146944, 6924, 1021138738, 6932, 1021075450, 6916, 1021144309, 7444, 1021079975, 7428, 1021148842, 7189, 1022056925, 7173, 1021982696, 6925, 1021990133, 6933, 1022053334, 6917, 1021979078, 7190, 1021989845, 7174, 1021956339, 7436, 1021143092, 7191, 1021076864, 7175, 1021108714, 6927, 1021063374, 6918, 1021959929, 6935, 1021079414, 7445, 1022060041, 6919, 1021111327, 7439, 1021058895, 6934, 1021993509, 6926, 1022014517, 7430, 1021953252, 7431, 1021106819, 7429, 1021985794, 7437, 1021996993, 7446, 1021986698, 7447, 1021075053, 7438, 1022007852]
[INFO] (lattice_cell.c: 455): on tick 38 of 50
[INFO] (lattice_cell.c: 172): the unmatched_packets is 56
[6920, 1037891324, 7168, 1037868816, 7184, 1037896800, 6928, 1037896819, 6912, 1037868809, 7424, 1037868814, 7440, 1037896780, 7432, 1037891374, 6921, 1038332780, 7169, 1038337225, 7185, 1038337805, 6929, 1038334588, 6913, 1038334024, 7425, 1038339783, 7441, 1038340372, 7433, 1038338554, 6922, 1038772954, 7170, 1038796411, 7186, 1038767241, 6930, 1038767254, 6914, 1038796417, 7426, 1038796403, 7442, 1038767239, 7434, 1038772886, 7171, 1038304022, 6923, 1038305809, 7187, 1038302621, 6931, 1038305806, 6915, 1038307214, 7427, 1038301485, 7443, 1038300077, 7435, 1038300101, 7172, 1021129668, 6924, 1021102531, 7188, 1021114117, 6932, 1021111034, 6916, 1021126710, 7428, 1021132028, 7444, 1021116586, 7436, 1021107946, 7173, 1022010397, 7189, 1022032997, 6925, 1022040030, 6933, 1022029564, 6917, 1022006847, 7190, 1021997403, 7174, 1021973972, 6926, 1021974715, 6934, 1022000898, 6918, 1021977534, 7191, 1021072968, 7175, 1021098121, 6935, 1021075968, 6919, 1021101086, 7445, 1022035769, 7438, 1021968367, 6927, 1021106118, 7439, 1021100704, 7431, 1021095769, 7437, 1022046256, 7446, 1021994594, 7430, 1021971132, 7447, 1021070545, 7429, 1022013250]
[INFO] (lattice_cell.c: 455): on tick 39 of 50
[INFO] (lattice_cell.c: 172): the unmatched_packets is 56
[6920, 1037879371, 7168, 1037882662, 7184, 1037880536, 6928, 1037880509, 6912, 1037882663, 7424, 1037882653, 7440, 1037880546, 7432, 1037879369, 6921, 1038340267, 7169, 1038343576, 7185, 1038346250, 6929, 1038343072, 6913, 1038340404, 7425, 1038346104, 7441, 1038348772, 7433, 1038345960, 6922, 1038774916, 7170, 1038771962, 7186, 1038773322, 6930, 1038773342, 6914, 1038771966, 7426, 1038771962, 7442, 1038773298, 7434, 1038774925, 7171, 1038310005, 6923, 1038311953, 7187, 1038310643, 6931, 1038313814, 6915, 1038313181, 7443, 1038308082, 7427, 1038307487, 7435, 1038306248, 7172, 1021097579, 7188, 1021155578, 6924, 1021120441, 6932, 1021152869, 6916, 1021094922, 7173, 1022038466, 7189, 1021977317, 7174, 1022011064, 7190, 1021977179, 6933, 1021973532, 7175, 1021058557, 7191, 1021080391, 6918, 1022014767, 6919, 1021061185, 7447, 1021078451, 7431, 1021056674, 7439, 1021104788, 6925, 1022012126, 6917, 1022034762, 6934, 1021980858, 6926, 1021966928, 7429, 1022041670, 6935, 1021083090, 6927, 1021109297, 7438, 1021959957, 7444, 1021157529, 7428, 1021099483, 7436, 1021125169, 7445, 1021980561, 7446, 1021973964, 7437, 1022018979, 7430, 1022007866]
[INFO] (lattice_cell.c: 455): on tick 40 of 50
[INFO] (lattice_cell.c: 172): the unmatched_packets is 56
[6920, 1037876923, 7168, 1037899928, 7184, 1037878834, 6928, 1037878796, 6912, 1037899935, 7424, 1037899933, 7440, 1037878859, 7432, 1037876907, 6921, 1038334347, 7169, 1038337536, 7185, 1038338578, 6929, 1038335307, 6913, 1038334303, 7425, 1038340117, 7441, 1038341198, 7433, 1038340171, 6922, 1038787962, 7170, 1038763682, 7186, 1038786010, 6930, 1038786070, 6914, 1038763690, 7426, 1038763682, 7442, 1038785951, 7434, 1038787956, 7171, 1038303888, 6923, 1038303326, 7187, 1038303055, 6931, 1038306281, 6915, 1038307103, 7427, 1038301316, 7443, 1038300481, 7435, 1038297504, 7172, 1021118133, 7188, 1021119636, 6924, 1021138165, 6932, 1021116709, 6916, 1021115197, 7173, 1022021858, 7189, 1022023258, 6925, 1021999728, 6933, 1022019857, 6917, 1022018506, 7190, 1021967581, 7174, 1021986652, 7191, 1021099979, 6934, 1021971015, 7444, 1021121958, 7175, 1021086293, 7428, 1021120454, 6919, 1021089235, 7437, 1022005863, 7439, 1021082347, 6926, 1022001606, 6927, 1021087526, 6935, 1021102876, 6918, 1021990033, 7430, 1021983973, 7438, 1021995482, 7436, 1021143376, 7445, 1022025955, 7429, 1022024549, 7446, 1021964843, 7447, 1021097657, 7431, 1021083973]
[INFO] (lattice_cell.c: 455): on tick 41 of 50
[INFO] (lattice_cell.c: 172): the unmatched_packets is 56
[6920, 1037880149, 7168, 1037877886, 7184, 1037881570, 6928, 1037881580, 6912, 1037877888, 7424, 1037877889, 7440, 1037881564, 7432, 1037880184, 6921, 1038340364, 7169, 1038345662, 7185, 1038344736, 6929, 1038341603, 6913, 1038342544, 7425, 1038348140, 7441, 1038347232, 7433, 1038345957, 6922, 1038774303, 7170, 1038776184, 7186, 1038773035, 6930, 1038773040, 6914, 1038776198, 7426, 1038776186, 7442, 1038773030, 7434, 1038774283, 7171, 1038312260, 6923, 1038311115, 7187, 1038308085, 6931, 1038311211, 6915, 1038315383, 7427, 1038309791, 7443, 1038305588, 7435, 1038305511, 7172, 1021142681, 7188, 1021102908, 6924, 1021118698, 6932, 1021100079, 6916, 1021139898, 7173, 1021983524, 7189, 1022035950, 6925, 1022015489, 6933, 1022032186, 7174, 1021955535, 7190, 1021982650, 7175, 1021103354, 6926, 1022010724, 7428, 1021144695, 7436, 1021123391, 7191, 1021085729, 6918, 1021959343, 6927, 1021068644, 6935, 1021088390, 6919, 1021106105, 7438, 1022003644, 7447, 1021083813, 7431, 1021101332, 6917, 1021979683, 6934, 1021986567, 7430, 1021952271, 7439, 1021063917, 7444, 1021104993, 7429, 1021986800, 7437, 1022022635, 7445, 1022039198, 7446, 1021979292]
[INFO] (lattice_cell.c: 455): on tick 42 of 50
[INFO] (lattice_cell.c: 172): the unmatched_packets is 56
[7168, 1037871139, 6920, 1037893291, 7184, 1037887082, 6928, 1037887064, 6912, 1037871138, 7424, 1037871139, 7440, 1037887094, 7432, 1037893357, 7169, 1038338113, 6921, 1038332042, 7185, 1038339306, 6929, 1038336015, 6913, 1038334832, 7425, 1038340722, 7441, 1038341938, 7433, 1038337940, 7170, 1038794128, 6922, 1038770689, 7186, 1038777137, 6930, 1038777168, 6914, 1038794136, 7426, 1038794130, 7442, 1038777107, 7434, 1038770606, 7171, 1038304194, 7187, 1038304422, 6923, 1038306367, 6931, 1038307672, 6915, 1038307444, 7443, 1038301812, 7427, 1038301576, 7435, 1038300508, 7172, 1021124683, 7188, 1021131100, 6924, 1021110210, 6932, 1021128225, 6916, 1021121894, 7173, 1022012353, 7189, 1022010874, 6925, 1022036347, 6933, 1022007592, 6917, 1022009038, 7174, 1021977646, 7190, 1021983084, 7175, 1021093353, 7191, 1021078567, 7444, 1021133361, 7428, 1021126888, 7436, 1021115272, 6935, 1021081480, 6918, 1021980969, 6919, 1021096141, 7429, 1022014989, 7439, 1021094590, 6926, 1021978569, 6934, 1021986342, 6927, 1021099678, 7437, 1022042203, 7430, 1021975016, 7438, 1021972675, 7431, 1021091163, 7445, 1022013478, 7446, 1021980487, 7447, 1021076276]
[INFO] (lattice_cell.c: 455): on tick 43 of 50
[INFO] (lattice_cell.c: 172): the unmatched_packets is 56
[7168, 1037880247, 6920, 1037882188, 7184, 1037881053, 6928, 1037881067, 6912, 1037880245, 7424, 1037880248, 7440, 1037881053, 7432, 1037882170, 7169, 1038342539, 6921, 1038339720, 7185, 1038347055, 6929, 1038343961, 6913, 1038339459, 7425, 1038344981, 7441, 1038349513, 7433, 1038345233, 7170, 1038774377, 6922, 1038771961, 7186, 1038773216, 6930, 1038773228, 6914, 1038774379, 7426, 1038774367, 7442, 1038773202, 7434, 1038771972, 7171, 1038309446, 6923, 1038309680, 7187, 1038308014, 6931, 1038311123, 6915, 1038312518, 7427, 1038307007, 7443, 1038305542, 7435, 1038304142, 7172, 1021103902, 7188, 1021138832, 6924, 1021130177, 6932, 1021135958, 6916, 1021101092, 7173, 1022036675, 7189, 1021991286, 6925, 1022005296, 6933, 1021987353, 7174, 1022006793, 7190, 1021996548, 7175, 1021064789, 6934, 1022000471, 7191, 1021071033, 7444, 1021140954, 7445, 1021994654, 6919, 1021067571, 7429, 1022040008, 7431, 1021062756, 7439, 1021103680, 6917, 1022032759, 6926, 1021975670, 6927, 1021108359, 6935, 1021073745, 6918, 1022010680, 7437, 1022012476, 7430, 1022003460, 7438, 1021968361, 7428, 1021105942, 7436, 1021135209, 7446, 1021993199, 7447, 1021069059]
[INFO] (lattice_cell.c: 455): on tick 44 of 50
[INFO] (lattice_cell.c: 172): the unmatched_packets is 56
[7168, 1037895519, 6920, 1037874429, 7184, 1037875955, 6928, 1037875893, 6912, 1037895524, 7424, 1037895515, 7440, 1037876007, 7432, 1037874460, 7169, 1038340263, 6921, 1038335446, 7185, 1038339484, 6929, 1038336165, 6913, 1038336980, 7425, 1038342874, 7441, 1038342141, 7433, 1038341372, 7170, 1038768182, 6922, 1038790479, 7186, 1038788764, 6930, 1038788842, 6914, 1038768182, 7426, 1038768178, 7442, 1038788709, 7434, 1038790449, 7171, 1038305763, 6923, 1038305779, 7187, 1038301928, 6931, 1038305201, 6915, 1038309032, 7427, 1038303165, 7443, 1038299304, 7435, 1038299902, 7172, 1021112431, 7188, 1021107748, 6924, 1021132653, 6932, 1021105018, 6916, 1021109630, 7428, 1021114623, 7444, 1021109867, 7436, 1021137534, 7173, 1022017349, 7189, 1022032581, 6925, 1022001284, 6933, 1022029381, 6917, 1022014182, 7174, 1021985008, 7190, 1021955475, 6926, 1021981635, 6934, 1021958694, 7175, 1021080275, 7191, 1021116662, 7445, 1022035153, 6919, 1021083066, 7438, 1021975819, 7439, 1021091953, 6918, 1021988211, 6927, 1021096958, 6935, 1021119512, 7430, 1021982475, 7431, 1021078094, 7429, 1022019913, 7447, 1021114420, 7437, 1022007089, 7446, 1021952867]
[INFO] (lattice_cell.c: 455): on tick 45 of 50
[INFO] (lattice_cell.c: 172): the unmatched_packets is 56
[7168, 1037886649, 7184, 1037897770, 6920, 1037883966, 6928, 1037897782, 6912, 1037886650, 7424, 1037886652, 7432, 1037883965, 7440, 1037897760, 7169, 1038342429, 7185, 1038343912, 6921, 1038337855, 6929, 1038340844, 6913, 1038339362, 7425, 1038344867, 7433, 1038343356, 7441, 1038346364, 7170, 1038767133, 7186, 1038756256, 6922, 1038770541, 6930, 1038756289, 6914, 1038767133, 7426, 1038767135, 7434, 1038770522, 7442, 1038756222, 7171, 1038309784, 7187, 1038312597, 6923, 1038312154, 6931, 1038315655, 6915, 1038312850, 7427, 1038307344, 7435, 1038306638, 7443, 1038310145, 7172, 1021137217, 7188, 1021122007, 6924, 1021125523, 6932, 1021119002, 6916, 1021134369, 7173, 1022002398, 7189, 1022020978, 6925, 1022018834, 6933, 1022017089, 7174, 1021970515, 7190, 1022015164, 7191, 1021034297, 7428, 1021139307, 7175, 1021098201, 7430, 1021967214, 7431, 1021096117, 6917, 1021998469, 6926, 1022021446, 6934, 1022019164, 6927, 1021053286, 6918, 1021974451, 6935, 1021037042, 6919, 1021101021, 7438, 1022014183, 7439, 1021048468, 7436, 1021130489, 7444, 1021124269, 7429, 1022005714, 7437, 1022026140, 7447, 1021032276, 7445, 1022024285, 7446, 1022011774]
[INFO] (lattice_cell.c: 455): on tick 46 of 50
[INFO] (lattice_cell.c: 172): the unmatched_packets is 56
[6920, 1037876748, 7168, 1037864707, 7184, 1037862261, 6928, 1037862256, 6912, 1037864703, 7424, 1037864700, 7440, 1037862271, 7432, 1037876809, 6921, 1038335339, 7169, 1038337864, 7185, 1038341739, 6929, 1038338431, 6913, 1038334580, 7425, 1038340461, 7441, 1038344377, 7433, 1038341230, 6922, 1038787661, 7170, 1038800629, 7186, 1038802584, 6930, 1038802586, 6914, 1038800637, 7426, 1038800623, 7442, 1038802577, 7434, 1038787605, 7171, 1038302910, 6923, 1038301536, 7187, 1038298866, 6931, 1038302160, 6915, 1038306175, 7427, 1038300313, 7443, 1038296220, 7435, 1038295648, 7172, 1021143015, 7188, 1021115747, 6924, 1021103290, 6932, 1021113024, 6916, 1021140306, 7173, 1021995098, 7189, 1022016174, 6925, 1022031006, 6933, 1022012973, 6917, 1021991862, 7174, 1021964431, 7190, 1021908793, 7191, 1021174036, 7175, 1021110852, 6926, 1021959053, 7428, 1021145137, 6935, 1021176728, 6919, 1021113567, 7447, 1021171957, 7431, 1021108740, 6934, 1021912049, 6918, 1021967643, 6927, 1021137901, 7438, 1021953250, 7430, 1021961831, 7444, 1021117842, 7439, 1021133049, 7436, 1021108119, 7445, 1022018780, 7437, 1022036792, 7446, 1021906140, 7429, 1021997715]
[INFO] (lattice_cell.c: 455): on tick 47 of 50
[INFO] (lattice_cell.c: 172): the unmatched_packets is 56
[7168, 1037897790, 6920, 1037910316, 7184, 1037908784, 6928, 1037908744, 6912, 1037897790, 7424, 1037897790, 7440, 1037908815, 7432, 1037910348, 7169, 1038346758, 6921, 1038340376, 7185, 1038344238, 6929, 1038341165, 6913, 1038343704, 7425, 1038349187, 7441, 1038346694, 7433, 1038345881, 6922, 1038742993, 7170, 1038756275, 7186, 1038744987, 6930, 1038745056, 6914, 1038756275, 7426, 1038756269, 7442, 1038744925, 7434, 1038742925, 7171, 1038314280, 6923, 1038315090, 7187, 1038311348, 6931, 1038314401, 6915, 1038317338, 7427, 1038311866, 7443, 1038308907, 7435, 1038309642, 7172, 1021075971, 7188, 1021149011, 6924, 1021123629, 6932, 1021146018, 6916, 1021073081, 7428, 1021078134, 7444, 1021151244, 7436, 1021128810, 7173, 1022048221, 7189, 1021994209, 6925, 1022010768, 6933, 1021990334, 6917, 1022044304, 7174, 1022014473, 7190, 1022096759, 6926, 1022037598, 6934, 1022100554, 7175, 1021037626, 7191, 1020957437, 6935, 1020960433, 6919, 1021040492, 7445, 1021997441, 6918, 1022018371, 6927, 1021024843, 7439, 1021019774, 7429, 1022051490, 7437, 1022017832, 7430, 1022011226, 7438, 1022030401, 7431, 1021035482, 7447, 1020955204, 7446, 1022093560]
[INFO] (lattice_cell.c: 455): on tick 48 of 50
[INFO] (lattice_cell.c: 172): the unmatched_packets is 56
[6920, 1037842218, 7168, 1037853114, 7184, 1037852913, 6928, 1037852914, 6912, 1037853112, 7424, 1037853108, 7440, 1037852913, 7432, 1037842178, 6921, 1038331034, 7169, 1038334961, 7185, 1038338967, 6929, 1038335660, 6913, 1038331681, 7425, 1038337564, 7441, 1038341592, 7433, 1038336924, 6922, 1038823431, 7170, 1038812046, 7186, 1038812201, 6930, 1038812213, 6914, 1038812052, 7426, 1038812048, 7442, 1038812193, 7434, 1038823472, 7171, 1038299927, 7187, 1038301890, 6923, 1038302280, 6931, 1038305174, 6915, 1038303199, 7427, 1038297325, 7443, 1038299276, 7435, 1038296375, 7172, 1021171790, 7188, 1021118975, 6924, 1021156577, 6932, 1021116340, 6916, 1021169179, 7189, 1022022524, 7173, 1021978509, 6925, 1021993775, 6933, 1022019238, 7190, 1021858415, 7174, 1021948752, 7191, 1021212428, 7175, 1021138734, 6926, 1021885537, 6934, 1021861883, 7444, 1021120995, 6927, 1021205660, 6919, 1021141325, 7429, 1021981176, 7446, 1021855526, 7430, 1021946096, 7447, 1021210530, 7439, 1021201262, 6917, 1021975267, 6918, 1021951997, 6935, 1021214925, 7437, 1021999735, 7438, 1021879406, 7428, 1021173763, 7431, 1021136773, 7436, 1021161222, 7445, 1022025222]
[INFO] (lattice_cell.c: 455): on tick 49 of 50
[INFO] (lattice_cell.c: 172): the unmatched_packets is 56
[6920, 1037921033, 7168, 1037940171, 7184, 1037903287, 6928, 1037903229, 6912, 1037940167, 7424, 1037940173, 7440, 1037903332, 7432, 1037921123, 6921, 1038343552, 7169, 1038346033, 7185, 1038348255, 6929, 1038345193, 6913, 1038343001, 7425, 1038348441, 7441, 1038350701, 7433, 1038349011, 6922, 1038732551, 7170, 1038712109, 7186, 1038750800, 6930, 1038750878, 6914, 1038712127, 7426, 1038712115, 7442, 1038750728, 7434, 1038732448, 7171, 1038313394, 6923, 1038311983, 7187, 1038309633, 6931, 1038312710, 6915, 1038316425, 7427, 1038310992, 7435, 1038306514, 7443, 1038307176, 7172, 1021039236, 6924, 1021071140, 7188, 1021080847, 6932, 1021077784, 6916, 1021036117, 7428, 1021041589, 7444, 1021083183, 7436, 1021076445, 7173, 1022088943, 6925, 1022052878, 7189, 1022046521, 6933, 1022042751, 6917, 1022085190, 7429, 1022092022, 7445, 1022049632, 7437, 1022059830, 7174, 1022055353, 6926, 1022113009, 7190, 1022063190, 6934, 1022066840, 6918, 1022059076, 7191, 1020998798, 7175, 1021000621, 7430, 1022052256, 7446, 1022060171, 6927, 1020963045, 6935, 1021001854, 6919, 1021003739, 7447, 1020996477, 7431, 1020998278, 7439, 1020957570, 7438, 1022106327]
[INFO] (lattice_cell.c: 455): on tick 50 of 50
[INFO] (lattice_cell.c: 466): updating recording regions
[INFO] (recording.c: 507): 	Finalising channel 0 - state info stored in SDRAM
[INFO] (recording.c: 512): closed channel 0.
[INFO] (lattice_cell.c: 470): Simulation complete.

