[INFO] (lattice_cell.c: 604): starting lattice cell
[INFO] (lattice_cell.c: 526): Initialise: started
[INFO] (data_specification.c: 78): magic = ad130ad6, version = 1.0
[INFO] (lattice_cell.c: 555): my key is 1632
[INFO] (lattice_cell.c: 562): I'm in position ( 6, 12)
[INFO] (lattice_cell.c: 568): my n key is 1376
[INFO] (lattice_cell.c: 574): my U_X = 0.009988944046199322
[INFO] (lattice_cell.c: 575): my U_Y = 0.00019134172180201858
[INFO] (lattice_cell.c: 583): input_buffer initialised
[INFO] (recording.c: 563): Recording 1 regions, using output tag 0, size before trigger 7686388, time between triggers 50
[INFO] (recording.c: 665): Recording channel 0 configured to use 7686132 byte memory block starting at 0x626ea710
[INFO] (lattice_cell.c: 588): Recording flags = 0x00000001
[INFO] (lattice_cell.c: 619): setting timer to execute every 200000 microseconds
[INFO] (lattice_cell.c: 627): Starting

[INFO] (simulation.c: 159): Setting the runtime of this model to 50 starting at 0
[INFO] (simulation.c: 161): Setting the flag of infinite run for this model to 0
[INFO] (simulation.c: 175): Resuming
[INFO] (lattice_cell.c: 455): on tick 0 of 50
[1640, 1038779509, 1888, 1038779080, 1880, 1038776249, 1384, 1038779511, 1642, 1037884877, 1627, 1038310292, 1645, 1021115713, 1372, 1022012209, 1894, 1021103966, 1895, 1021997240, 1369, 1038331288, 1370, 1037887893, 1896, 1038779515, 1897, 1038323156, 1624, 1038776245, 1889, 1038323164, 1881, 1038323218, 1641, 1038327352, 1371, 1038306432, 1898, 1037884881, 1385, 1038331226, 1376, 1038779076, 1374, 1021098999, 1900, 1022006927, 1625, 1038327414, 1890, 1037885284, 1375, 1021985874, 1386, 1037884879, 1885, 1021114785, 1643, 1038310230, 1626, 1037887891, 1886, 1021106577, 1902, 1021103563, 1377, 1038331234, 1644, 1022011373, 1380, 1022015044, 1887, 1021994411, 1903, 1021997674, 1381, 1021119759, 1382, 1021096392, 1383, 1021988699, 1387, 1038306370, 1899, 1038314428, 1883, 1038314490, 1646, 1021099619, 1884, 1022003659, 1647, 1021993227, 1378, 1037885280, 1892, 1022006490, 1882, 1037887895, 1388, 1022015480, 1373, 1021122376, 1901, 1021111768, 1893, 1021112170, 1389, 1021119356, 1390, 1021095990, 1391, 1021989134, 1628, 1022008105, 1891, 1038314436, 1379, 1038306378, 1629, 1021118731, 1630, 1021102629, 1631, 1021989965, 1368, 1038776247]
[INFO] (lattice_cell.c: 455): on tick 1 of 50
[INFO] (lattice_cell.c: 172): the unmatched_packets is 56
[1896, 1038774437, 1640, 1038774437, 1624, 1038766387, 1888, 1038773350, 1376, 1038773352, 1880, 1038766395, 1368, 1038766391, 1384, 1038774443, 1897, 1038331687, 1641, 1038335827, 1377, 1038339584, 1385, 1038339632, 1626, 1037887785, 1898, 1037880037, 1378, 1037881089, 1890, 1037881085, 1882, 1037887785, 1370, 1037887793, 1386, 1037880043, 1889, 1038331642, 1881, 1038331350, 1899, 1038322740, 1644, 1022002170, 1645, 1021114972, 1646, 1021090337, 1380, 1022007790, 1901, 1021110994, 1391, 1021988328, 1631, 1021981826, 1886, 1021104609, 1893, 1021109832, 1887, 1021986313, 1381, 1021117310, 1373, 1021109967, 1625, 1038335486, 1382, 1021088236, 1369, 1038339288, 1374, 1021097142, 1387, 1038314812, 1642, 1037880037, 1891, 1038322748, 1375, 1021977525, 1383, 1021986875, 1883, 1038322792, 1388, 1022006480, 1643, 1038318614, 1379, 1038314820, 1900, 1021997694, 1892, 1021998998, 1627, 1038318662, 1371, 1038314859, 1885, 1021102497, 1894, 1021095700, 1628, 1022011702, 1903, 1021997108, 1895, 1021995653, 1372, 1022016016, 1884, 1022007224, 1389, 1021118476, 1647, 1021992627, 1902, 1021094313, 1390, 1021086851, 1630, 1021100629, 1629, 1021106469]
[INFO] (lattice_cell.c: 455): on tick 2 of 50
[INFO] (lattice_cell.c: 172): the unmatched_packets is 56
[1640, 1038780438, 1896, 1038780434, 1624, 1038793744, 1888, 1038782617, 1376, 1038782613, 1880, 1038793740, 1368, 1038793748, 1897, 1038323708, 1377, 1038332084, 1625, 1038329107, 1642, 1037884833, 1643, 1038310574, 1882, 1037871687, 1644, 1022010460, 1378, 1037882688, 1883, 1038314916, 1892, 1021998960, 1388, 1022014443, 1631, 1022001402, 1900, 1022006128, 1885, 1021154554, 1887, 1022005723, 1370, 1037871667, 1881, 1038324863, 1889, 1038323920, 1890, 1037882694, 1899, 1038314826, 1891, 1038314834, 1379, 1038306672, 1641, 1038327958, 1371, 1038306756, 1372, 1021967714, 1893, 1021119724, 1380, 1022007271, 1898, 1037884835, 1886, 1021096718, 1902, 1021103417, 1369, 1038333023, 1384, 1038780434, 1626, 1037871675, 1381, 1021127059, 1375, 1021997427, 1645, 1021117366, 1385, 1038331874, 1884, 1021959434, 1901, 1021113540, 1646, 1021099591, 1383, 1021991498, 1387, 1038306664, 1894, 1021102146, 1386, 1037884835, 1647, 1021994112, 1895, 1021999793, 1627, 1038310672, 1903, 1021998427, 1373, 1021161931, 1374, 1021089390, 1389, 1021120879, 1628, 1021963751, 1390, 1021096082, 1391, 1021990131, 1630, 1021092902, 1382, 1021094816, 1629, 1021158402]
[INFO] (lattice_cell.c: 455): on tick 3 of 50
[INFO] (lattice_cell.c: 172): the unmatched_packets is 56
[1640, 1038772154, 1896, 1038772156, 1624, 1038727057, 1376, 1038760308, 1888, 1038760316, 1368, 1038727039, 1880, 1038727073, 1384, 1038772154, 1897, 1038331580, 1625, 1038333713, 1377, 1038338357, 1881, 1038329623, 1385, 1038339398, 1889, 1038330531, 1369, 1038337474, 1898, 1037882337, 1643, 1038318632, 1370, 1037925530, 1644, 1022008710, 1645, 1021109820, 1380, 1022042755, 1647, 1021990421, 1886, 1021128872, 1390, 1021088744, 1391, 1021986027, 1895, 1021985301, 1893, 1021080019, 1890, 1037893678, 1641, 1038335656, 1882, 1037925484, 1371, 1038315907, 1891, 1038322922, 1883, 1038323721, 1372, 1022132200, 1885, 1020992662, 1381, 1021087690, 1373, 1021000224, 1386, 1037882337, 1375, 1021953668, 1382, 1021098312, 1642, 1037882337, 1387, 1038314896, 1900, 1022004115, 1892, 1022033767, 1884, 1022123163, 1899, 1038322712, 1378, 1037893690, 1626, 1037925510, 1388, 1022013105, 1379, 1038315110, 1902, 1021096426, 1894, 1021105987, 1646, 1021092343, 1903, 1021995014, 1389, 1021113421, 1887, 1021962670, 1901, 1021105740, 1627, 1038319651, 1374, 1021121202, 1628, 1022127781, 1383, 1021976309, 1629, 1020996684, 1631, 1021958080, 1630, 1021124817]
[INFO] (lattice_cell.c: 455): on tick 4 of 50
[INFO] (lattice_cell.c: 172): the unmatched_packets is 56
[1624, 1038817310, 1376, 1038815735, 1368, 1038817342, 1384, 1038790410, 1641, 1038329185, 1625, 1038327376, 1642, 1037875188, 1643, 1038310424, 1645, 1021139887, 1386, 1037875182, 1901, 1021136164, 1647, 1022002398, 1387, 1038306464, 1895, 1022022169, 1892, 1021903044, 1885, 1021290604, 1381, 1021216967, 1886, 1021101134, 1890, 1037850553, 1903, 1022006612, 1888, 1038815713, 1897, 1038324889, 1889, 1038325200, 1640, 1038790408, 1881, 1038323100, 1896, 1038790406, 1880, 1038817274, 1882, 1037848083, 1377, 1038333431, 1369, 1038331313, 1370, 1037848008, 1884, 1021826472, 1378, 1037850533, 1371, 1038306870, 1898, 1037875186, 1372, 1021834442, 1385, 1038333141, 1379, 1038306375, 1902, 1021095299, 1626, 1037848045, 1894, 1021080487, 1374, 1021093998, 1644, 1021983351, 1375, 1021993186, 1899, 1038314706, 1883, 1038315110, 1891, 1038314614, 1380, 1021911164, 1646, 1021091573, 1627, 1038310818, 1900, 1021979121, 1373, 1021298018, 1893, 1021209764, 1887, 1022001240, 1628, 1021830603, 1388, 1021987244, 1629, 1021294462, 1630, 1021097400, 1382, 1021073378, 1631, 1021997043, 1383, 1022014066, 1389, 1021143281, 1390, 1021088189, 1391, 1021998526]
[INFO] (lattice_cell.c: 455): on tick 5 of 50
[INFO] (lattice_cell.c: 172): the unmatched_packets is 56
[1896, 1038744549, 1640, 1038744551, 1624, 1038760330, 1888, 1038728628, 1376, 1038728588, 1368, 1038760308, 1880, 1038760370, 1384, 1038744549, 1897, 1038330414, 1641, 1038334456, 1625, 1038333891, 1889, 1038331609, 1377, 1038339383, 1881, 1038329849, 1369, 1038337630, 1642, 1037908950, 1898, 1037908948, 1378, 1037924428, 1882, 1037893720, 1890, 1037924372, 1386, 1037908956, 1644, 1022086947, 1899, 1038323006, 1645, 1021036837, 1900, 1022082275, 1646, 1021111233, 1895, 1021979034, 1887, 1021998081, 1902, 1021115397, 1903, 1021975682, 1626, 1037893760, 1379, 1038315899, 1385, 1038338163, 1891, 1038323615, 1371, 1038316303, 1883, 1038324035, 1372, 1022135287, 1380, 1022176633, 1643, 1038318983, 1373, 1020994496, 1885, 1020987061, 1627, 1038320003, 1893, 1020942208, 1387, 1038315297, 1374, 1021088446, 1370, 1037893802, 1381, 1020949855, 1375, 1021988888, 1892, 1022167426, 1628, 1022130736, 1884, 1022125951, 1901, 1021032687, 1382, 1021105570, 1383, 1021969855, 1647, 1021971009, 1894, 1021113412, 1388, 1022091398, 1886, 1021096297, 1629, 1020991020, 1389, 1021040515, 1390, 1021107533, 1391, 1021966534, 1630, 1021092124, 1631, 1021993378]
[INFO] (lattice_cell.c: 455): on tick 6 of 50
[INFO] (lattice_cell.c: 172): the unmatched_packets is 56
[1640, 1038824853, 1896, 1038824831, 1624, 1038766225, 1376, 1038799683, 1368, 1038766243, 1880, 1038766209, 1384, 1038824873, 1625, 1038327041, 1641, 1038327928, 1897, 1038323617, 1377, 1038332986, 1369, 1038330994, 1881, 1038322739, 1385, 1038331879, 1889, 1038324743, 1888, 1038799617, 1642, 1037841572, 1626, 1037897483, 1378, 1037865187, 1370, 1037897449, 1890, 1037865265, 1882, 1037897517, 1386, 1037841558, 1643, 1038310011, 1899, 1038314328, 1387, 1038306035, 1627, 1038312009, 1891, 1038314926, 1391, 1022012065, 1894, 1021107180, 1887, 1021991260, 1895, 1021994247, 1631, 1021987156, 1885, 1021131737, 1373, 1021139041, 1898, 1037841588, 1382, 1021100257, 1883, 1038316331, 1379, 1038306630, 1375, 1021983354, 1371, 1038308037, 1900, 1021852518, 1884, 1021984525, 1388, 1021860514, 1383, 1021986357, 1892, 1021851900, 1380, 1021859743, 1628, 1021988562, 1644, 1021856649, 1901, 1021266819, 1893, 1021260247, 1389, 1021273904, 1645, 1021270516, 1646, 1021078152, 1647, 1022015878, 1381, 1021267522, 1902, 1021081779, 1629, 1021135557, 1390, 1021074871, 1903, 1022019994, 1886, 1021112773, 1374, 1021105853, 1630, 1021109135, 1372, 1021992335]
[INFO] (lattice_cell.c: 455): on tick 7 of 50
[INFO] (lattice_cell.c: 172): the unmatched_packets is 56
[1640, 1038744603, 1896, 1038744621, 1624, 1038768449, 1376, 1038781615, 1368, 1038768453, 1888, 1038781643, 1880, 1038768447, 1384, 1038744577, 1897, 1038330219, 1641, 1038334243, 1625, 1038334247, 1377, 1038338680, 1369, 1038337947, 1385, 1038337938, 1889, 1038330965, 1881, 1038330234, 1626, 1037884601, 1898, 1037909352, 1642, 1037909376, 1378, 1037873201, 1370, 1037884625, 1890, 1037873149, 1386, 1037909398, 1643, 1038319257, 1883, 1038324115, 1379, 1038315568, 1892, 1022046563, 1885, 1021129524, 1647, 1021989319, 1886, 1021110368, 1901, 1020948901, 1893, 1021064167, 1895, 1022002662, 1887, 1021983421, 1371, 1038316442, 1899, 1038323247, 1891, 1038323235, 1882, 1037884593, 1372, 1021987953, 1900, 1022167657, 1884, 1021978691, 1380, 1022055919, 1373, 1021137276, 1644, 1022172449, 1374, 1021102327, 1387, 1038315600, 1645, 1020952991, 1902, 1021098713, 1627, 1038320112, 1646, 1021094490, 1375, 1021974160, 1388, 1022176945, 1628, 1021983461, 1894, 1021090567, 1382, 1021082561, 1383, 1021993392, 1903, 1021994083, 1389, 1020956614, 1390, 1021090727, 1391, 1021984803, 1629, 1021133642, 1630, 1021106127, 1381, 1021071796, 1631, 1021978671]
[INFO] (lattice_cell.c: 455): on tick 8 of 50
[INFO] (lattice_cell.c: 172): the unmatched_packets is 56
[1896, 1038777827, 1640, 1038777845, 1624, 1038780867, 1888, 1038774604, 1376, 1038774594, 1880, 1038780861, 1368, 1038780863, 1641, 1038328660, 1625, 1038326596, 1897, 1038324350, 1377, 1038331720, 1889, 1038323445, 1369, 1038330555, 1881, 1038322265, 1642, 1037886532, 1385, 1038332611, 1643, 1038310675, 1626, 1037883842, 1899, 1038315010, 1891, 1038315775, 1645, 1021193654, 1895, 1022004911, 1628, 1022000685, 1884, 1021996572, 1391, 1021982191, 1382, 1021091910, 1901, 1021189928, 1383, 1021997062, 1629, 1021123342, 1892, 1022025848, 1887, 1021990911, 1378, 1037890242, 1370, 1037883824, 1882, 1037883850, 1883, 1038316464, 1379, 1038307454, 1900, 1021925633, 1371, 1038308140, 1893, 1021091001, 1372, 1022004546, 1886, 1021113190, 1380, 1022033756, 1902, 1021111037, 1894, 1021098647, 1898, 1037886553, 1384, 1038777861, 1890, 1037890266, 1373, 1021126653, 1903, 1021990023, 1374, 1021106396, 1644, 1021929660, 1375, 1021983084, 1381, 1021097995, 1885, 1021119677, 1386, 1037886508, 1646, 1021107467, 1627, 1038312127, 1647, 1021985952, 1387, 1038306692, 1388, 1021933435, 1390, 1021104276, 1389, 1021197033, 1630, 1021109606, 1631, 1021986849]
[INFO] (lattice_cell.c: 455): on tick 9 of 50
[INFO] (lattice_cell.c: 172): the unmatched_packets is 56
[1640, 1038783717, 1896, 1038783705, 1376, 1038766730, 1624, 1038772771, 1888, 1038766700, 1368, 1038772788, 1880, 1038772761, 1641, 1038335282, 1377, 1038338897, 1897, 1038331279, 1369, 1038336956, 1889, 1038331220, 1881, 1038329271, 1378, 1037886601, 1642, 1037870841, 1890, 1037886599, 1898, 1037870847, 1386, 1037870842, 1882, 1037880958, 1643, 1038318520, 1370, 1037880976, 1644, 1021991155, 1646, 1021092520, 1901, 1021124437, 1647, 1021991071, 1630, 1021098433, 1902, 1021096797, 1371, 1038316997, 1380, 1022002987, 1625, 1038333274, 1384, 1038783725, 1626, 1037880966, 1385, 1038338960, 1372, 1022018341, 1891, 1038323561, 1899, 1038322506, 1883, 1038324636, 1373, 1021108064, 1627, 1038320646, 1884, 1022009212, 1374, 1021094570, 1645, 1021128608, 1379, 1038315931, 1387, 1038314882, 1375, 1021983487, 1903, 1021995829, 1381, 1021121813, 1628, 1022013933, 1892, 1021993862, 1388, 1021995608, 1885, 1021100098, 1382, 1021092255, 1893, 1021113836, 1383, 1021983923, 1886, 1021102701, 1894, 1021100361, 1389, 1021132316, 1900, 1021986384, 1887, 1021992797, 1895, 1021993230, 1390, 1021088663, 1391, 1021986573, 1629, 1021104298, 1631, 1021988019]
[INFO] (lattice_cell.c: 455): on tick 10 of 50
[INFO] (lattice_cell.c: 172): the unmatched_packets is 56
[1640, 1038786241, 1896, 1038786265, 1376, 1038780336, 1624, 1038772682, 1368, 1038772668, 1888, 1038780354, 1880, 1038772701, 1384, 1038786231, 1377, 1038332144, 1897, 1038323280, 1641, 1038327591, 1625, 1038326378, 1369, 1038330342, 1889, 1038323877, 1881, 1038322061, 1642, 1037879358, 1385, 1038331547, 1626, 1037891394, 1378, 1037884299, 1370, 1037891396, 1386, 1037879366, 1644, 1022029623, 1627, 1038312629, 1883, 1038316958, 1645, 1021098040, 1646, 1021095578, 1373, 1021112427, 1630, 1021104428, 1631, 1021993168, 1382, 1021101327, 1903, 1021999803, 1895, 1021993991, 1901, 1021094482, 1371, 1038308639, 1898, 1037879360, 1380, 1021994406, 1899, 1038316136, 1372, 1022018581, 1890, 1037884305, 1643, 1038311803, 1882, 1037891388, 1891, 1038315909, 1900, 1022025472, 1892, 1021986322, 1381, 1021134767, 1387, 1038307827, 1374, 1021101284, 1885, 1021105636, 1379, 1038307600, 1388, 1022033552, 1375, 1021989375, 1886, 1021107972, 1628, 1022014645, 1887, 1021997219, 1647, 1021995732, 1884, 1022010494, 1893, 1021128002, 1902, 1021099101, 1629, 1021109207, 1389, 1021101207, 1383, 1021986164, 1894, 1021108004, 1390, 1021092449, 1391, 1021991934]
[INFO] (lattice_cell.c: 455): on tick 11 of 50
[INFO] (lattice_cell.c: 172): the unmatched_packets is 56
[1640, 1038761312, 1624, 1038766021, 1896, 1038761304, 1376, 1038777438, 1888, 1038777392, 1880, 1038765981, 1384, 1038761329, 1368, 1038766061, 1641, 1038334705, 1897, 1038330708, 1377, 1038338454, 1625, 1038333325, 1889, 1038330768, 1369, 1038337016, 1881, 1038329326, 1626, 1037887109, 1643, 1038318578, 1370, 1037887097, 1891, 1038322843, 1387, 1038314930, 1645, 1021105313, 1627, 1038320586, 1899, 1038322565, 1886, 1021107311, 1902, 1021076953, 1903, 1022018643, 1901, 1021101039, 1884, 1021995669, 1380, 1022004798, 1372, 1022004613, 1890, 1037876837, 1882, 1037887129, 1883, 1038324568, 1381, 1021119669, 1374, 1021099139, 1900, 1022011008, 1382, 1021088927, 1642, 1037892368, 1375, 1021979784, 1385, 1038338387, 1378, 1037876813, 1885, 1021112337, 1898, 1037892378, 1894, 1021097091, 1644, 1022015642, 1887, 1021989027, 1895, 1022000434, 1379, 1038315209, 1371, 1038316923, 1386, 1037892370, 1892, 1021995809, 1646, 1021072669, 1893, 1021111570, 1373, 1021120471, 1647, 1022013924, 1628, 1022000307, 1388, 1022019955, 1383, 1021991237, 1629, 1021116624, 1630, 1021103026, 1631, 1021984263, 1390, 1021068782, 1389, 1021109151, 1391, 1022009511]
[INFO] (lattice_cell.c: 455): on tick 12 of 50
[INFO] (lattice_cell.c: 172): the unmatched_packets is 56
[1640, 1038795151, 1896, 1038795142, 1376, 1038786729, 1624, 1038776275, 1888, 1038786763, 1368, 1038776255, 1384, 1038795157, 1880, 1038776287, 1897, 1038323384, 1641, 1038327685, 1625, 1038326167, 1377, 1038331462, 1369, 1038330114, 1889, 1038323237, 1642, 1037869965, 1626, 1037887936, 1386, 1037869949, 1890, 1037878260, 1643, 1038309546, 1882, 1037887916, 1644, 1022014291, 1885, 1021119762, 1892, 1022016257, 1901, 1021108862, 1903, 1021944148, 1895, 1021989023, 1370, 1037887944, 1881, 1038321854, 1379, 1038308489, 1371, 1038309733, 1898, 1037869977, 1380, 1022024542, 1385, 1038331611, 1899, 1038313847, 1891, 1038316753, 1627, 1038313710, 1378, 1037878276, 1900, 1022010054, 1884, 1021995103, 1374, 1021107735, 1883, 1038318023, 1375, 1021979406, 1645, 1021112353, 1893, 1021099326, 1628, 1021999366, 1382, 1021106127, 1646, 1021160108, 1372, 1022003399, 1894, 1021112760, 1383, 1021981027, 1647, 1021939967, 1887, 1021987329, 1886, 1021114410, 1387, 1038305606, 1373, 1021126373, 1381, 1021105900, 1389, 1021115450, 1390, 1021157023, 1391, 1021935995, 1629, 1021123264, 1902, 1021163578, 1388, 1022018321, 1630, 1021110860, 1631, 1021983237]
[INFO] (lattice_cell.c: 455): on tick 13 of 50
[INFO] (lattice_cell.c: 172): the unmatched_packets is 56
[1896, 1038740505, 1640, 1038740507, 1376, 1038754014, 1888, 1038753990, 1624, 1038767833, 1368, 1038767876, 1880, 1038767792, 1384, 1038740521, 1641, 1038335335, 1897, 1038331311, 1377, 1038338548, 1625, 1038332997, 1889, 1038330833, 1369, 1038336710, 1881, 1038328973, 1385, 1038339020, 1642, 1037912618, 1378, 1037899120, 1626, 1037885740, 1882, 1037885758, 1370, 1037885724, 1386, 1037912628, 1898, 1037912621, 1890, 1037899114, 1643, 1038318656, 1627, 1038320423, 1379, 1038317779, 1899, 1038322680, 1891, 1038325472, 1387, 1038314973, 1900, 1021969264, 1645, 1021144969, 1647, 1022102187, 1373, 1021121256, 1390, 1020979667, 1885, 1021113024, 1895, 1022039353, 1372, 1022003073, 1380, 1022002518, 1883, 1038324431, 1371, 1038316741, 1381, 1021121687, 1892, 1021993796, 1901, 1021140645, 1374, 1021090097, 1893, 1021113426, 1382, 1021040997, 1884, 1021994338, 1902, 1020987944, 1375, 1021991006, 1388, 1021977977, 1644, 1021973797, 1383, 1022030460, 1903, 1022106696, 1887, 1022000044, 1389, 1021148871, 1646, 1020983590, 1894, 1021049217, 1628, 1021998874, 1391, 1022098021, 1886, 1021098283, 1629, 1021117341, 1630, 1021094006, 1631, 1021995380]
[INFO] (lattice_cell.c: 455): on tick 14 of 50
[INFO] (lattice_cell.c: 172): the unmatched_packets is 56
[1640, 1038822854, 1896, 1038822858, 1888, 1038808458, 1880, 1038789934, 1384, 1038822848, 1376, 1038808479, 1368, 1038789929, 1641, 1038326972, 1889, 1038322886, 1385, 1038330882, 1643, 1038311894, 1882, 1037874649, 1644, 1022022844, 1891, 1038316601, 1386, 1037843253, 1901, 1021099923, 1374, 1021141455, 1899, 1038316139, 1629, 1021103974, 1630, 1021144548, 1887, 1021964313, 1892, 1022015661, 1884, 1022015211, 1885, 1021100518, 1378, 1037856852, 1624, 1038789929, 1881, 1038321386, 1897, 1038322707, 1370, 1037874659, 1642, 1037843254, 1890, 1037856886, 1898, 1037843250, 1379, 1038308424, 1883, 1038315891, 1371, 1038307693, 1625, 1038325656, 1380, 1022024211, 1894, 1021202726, 1626, 1037874653, 1645, 1021103380, 1375, 1021956063, 1895, 1021899557, 1646, 1021253118, 1903, 1021842454, 1381, 1021105700, 1647, 1021838103, 1886, 1021148098, 1902, 1021256595, 1372, 1022023754, 1900, 1022018480, 1382, 1021196247, 1373, 1021107035, 1627, 1038311617, 1893, 1021099219, 1383, 1021891088, 1628, 1022019575, 1631, 1021960100, 1369, 1038329570, 1387, 1038308004, 1377, 1038331062, 1388, 1022026994, 1389, 1021106397, 1390, 1021250069, 1391, 1021833960]
[INFO] (lattice_cell.c: 455): on tick 15 of 50
[INFO] (lattice_cell.c: 172): the unmatched_packets is 56
[1896, 1038756527, 1640, 1038756567, 1624, 1038740135, 1376, 1038735253, 1368, 1038740151, 1888, 1038735210, 1384, 1038756609, 1880, 1038740119, 1897, 1038330904, 1625, 1038333251, 1377, 1038338895, 1889, 1038331121, 1385, 1038338662, 1881, 1038329186, 1369, 1038336987, 1386, 1037897606, 1378, 1037917723, 1646, 1020962169, 1389, 1021106837, 1390, 1020958338, 1382, 1020945574, 1894, 1020953829, 1903, 1022131759, 1887, 1022075754, 1895, 1022144180, 1641, 1038334957, 1898, 1037897650, 1882, 1037912469, 1899, 1038322520, 1370, 1037912458, 1883, 1038324885, 1900, 1022012933, 1884, 1021985605, 1371, 1038317099, 1901, 1021098627, 1379, 1038315622, 1372, 1021994057, 1373, 1021129493, 1902, 1020966415, 1642, 1037897630, 1374, 1021013840, 1375, 1022067216, 1380, 1021984796, 1643, 1038318460, 1890, 1037917731, 1892, 1021976320, 1644, 1022017360, 1891, 1038323409, 1626, 1037912456, 1387, 1038314744, 1893, 1021129724, 1645, 1021102908, 1383, 1022135760, 1885, 1021121200, 1627, 1038320828, 1647, 1022127296, 1388, 1022021445, 1886, 1021022139, 1391, 1022123202, 1628, 1021990003, 1630, 1021017802, 1381, 1021137968, 1629, 1021125553, 1631, 1022071312]
[INFO] (lattice_cell.c: 455): on tick 16 of 50
[INFO] (lattice_cell.c: 172): the unmatched_packets is 56
[1640, 1038767984, 1896, 1038768004, 1624, 1038811920, 1376, 1038806941, 1888, 1038806970, 1368, 1038811942, 1384, 1038767972, 1880, 1038811902, 1641, 1038327445, 1897, 1038323227, 1625, 1038325116, 1377, 1038330658, 1889, 1038322563, 1369, 1038328994, 1881, 1038320886, 1385, 1038331313, 1643, 1038310944, 1378, 1037858027, 1370, 1037853004, 1890, 1037857989, 1899, 1038315162, 1646, 1021134169, 1647, 1021961827, 1631, 1021849780, 1886, 1021248773, 1379, 1038309458, 1371, 1038310170, 1380, 1022012600, 1372, 1022025703, 1882, 1037853033, 1373, 1021104508, 1642, 1037895767, 1883, 1038318269, 1898, 1037895745, 1386, 1037895787, 1374, 1021242204, 1884, 1022016927, 1892, 1022003834, 1375, 1021845520, 1626, 1037853011, 1901, 1021121482, 1383, 1021846065, 1902, 1021137775, 1387, 1038307097, 1644, 1022001995, 1627, 1038314040, 1887, 1021854248, 1895, 1021854705, 1645, 1021124960, 1891, 1038317518, 1900, 1021997522, 1381, 1021116816, 1388, 1022006243, 1885, 1021097973, 1893, 1021110283, 1894, 1021244464, 1389, 1021127999, 1382, 1021237825, 1903, 1021966139, 1390, 1021131037, 1391, 1021957671, 1629, 1021101463, 1630, 1021245293, 1628, 1022021416]
[INFO] (lattice_cell.c: 455): on tick 17 of 50
[INFO] (lattice_cell.c: 172): the unmatched_packets is 56
[1640, 1038783796, 1896, 1038783770, 1624, 1038739138, 1376, 1038776806, 1368, 1038739187, 1888, 1038776711, 1384, 1038783801, 1880, 1038739092, 1641, 1038334530, 1897, 1038330443, 1625, 1038333131, 1377, 1038338241, 1889, 1038330391, 1369, 1038336892, 1881, 1038329026, 1385, 1038338268, 1626, 1037913964, 1378, 1037877826, 1644, 1022000897, 1627, 1038320025, 1893, 1021092908, 1887, 1022141860, 1382, 1021026232, 1371, 1038316245, 1884, 1021988559, 1886, 1020960652, 1642, 1037870516, 1890, 1037877894, 1882, 1037913991, 1899, 1038323530, 1883, 1038324133, 1891, 1038324455, 1900, 1021996609, 1372, 1021996842, 1373, 1021126731, 1381, 1021101051, 1898, 1037870539, 1885, 1021118575, 1374, 1020952474, 1643, 1038319452, 1894, 1021034184, 1375, 1022133658, 1370, 1037913940, 1903, 1021955983, 1387, 1038315702, 1386, 1037870512, 1892, 1022013808, 1901, 1021112432, 1380, 1022022080, 1645, 1021116724, 1379, 1038316592, 1902, 1021136531, 1646, 1021132301, 1388, 1022004824, 1389, 1021120629, 1895, 1022061295, 1647, 1021951625, 1390, 1021128468, 1391, 1021947627, 1628, 1021992878, 1630, 1020956381, 1629, 1021122826, 1383, 1022052859, 1631, 1022137575]
[INFO] (lattice_cell.c: 455): on tick 18 of 50
[INFO] (lattice_cell.c: 172): the unmatched_packets is 56
[1640, 1038785682, 1896, 1038785667, 1624, 1038781063, 1888, 1038763240, 1880, 1038781080, 1384, 1038785706, 1376, 1038763245, 1368, 1038781061, 1897, 1038323001, 1641, 1038327165, 1625, 1038326059, 1889, 1038323236, 1377, 1038331224, 1369, 1038329894, 1385, 1038330977, 1881, 1038321883, 1898, 1037879576, 1642, 1037879560, 1626, 1037882567, 1882, 1037882551, 1890, 1037900455, 1378, 1037900463, 1370, 1037882590, 1386, 1037879559, 1643, 1038311003, 1644, 1022009186, 1379, 1038308603, 1387, 1038307186, 1388, 1022013569, 1892, 1021998913, 1372, 1022000245, 1646, 1021077528, 1389, 1021121034, 1647, 1022019979, 1894, 1021077192, 1629, 1021123235, 1391, 1022015658, 1375, 1021896586, 1902, 1021081051, 1895, 1022027621, 1381, 1021122344, 1884, 1021991291, 1373, 1021126339, 1899, 1038315181, 1883, 1038317896, 1382, 1021070397, 1891, 1038316599, 1900, 1022004589, 1885, 1021119693, 1893, 1021115755, 1886, 1021199959, 1903, 1022024550, 1390, 1021074461, 1901, 1021114463, 1887, 1021905319, 1627, 1038313718, 1371, 1038309891, 1380, 1022007913, 1628, 1021995872, 1645, 1021117991, 1374, 1021193023, 1630, 1021196248, 1631, 1021900874, 1383, 1022018910]
[INFO] (lattice_cell.c: 455): on tick 19 of 50
[INFO] (lattice_cell.c: 172): the unmatched_packets is 56
[1896, 1038768681, 1640, 1038768705, 1376, 1038773127, 1624, 1038785164, 1368, 1038785212, 1888, 1038773102, 1880, 1038785128, 1384, 1038768719, 1897, 1038330638, 1625, 1038331919, 1377, 1038337362, 1369, 1038335728, 1889, 1038329441, 1385, 1038338538, 1642, 1037885372, 1626, 1037869265, 1378, 1037880480, 1898, 1037885406, 1881, 1038327766, 1890, 1037880501, 1882, 1037869307, 1370, 1037869247, 1644, 1022008451, 1379, 1038317042, 1884, 1022007885, 1647, 1022011755, 1389, 1021114036, 1383, 1021948148, 1902, 1021079193, 1371, 1038317354, 1641, 1038334767, 1891, 1038324949, 1883, 1038325310, 1900, 1022004254, 1380, 1021999854, 1372, 1022015982, 1892, 1021991815, 1901, 1021106049, 1373, 1021108314, 1381, 1021124142, 1643, 1038318872, 1386, 1037885362, 1886, 1021112988, 1374, 1021105107, 1627, 1038321160, 1899, 1038323000, 1382, 1021128051, 1887, 1021985220, 1645, 1021110213, 1885, 1021100298, 1628, 1022012093, 1646, 1021074990, 1387, 1038315097, 1893, 1021116113, 1895, 1021956232, 1894, 1021136088, 1629, 1021104469, 1903, 1022015935, 1388, 1022012313, 1375, 1021976984, 1630, 1021108886, 1631, 1021980935, 1390, 1021071154, 1391, 1022007934]
[INFO] (lattice_cell.c: 455): on tick 20 of 50
[INFO] (lattice_cell.c: 172): the unmatched_packets is 56
[1640, 1038775434, 1896, 1038775444, 1624, 1038764396, 1376, 1038788589, 1368, 1038764452, 1888, 1038788541, 1384, 1038775437, 1880, 1038764346, 1897, 1038323611, 1625, 1038323880, 1377, 1038330974, 1369, 1038327659, 1889, 1038323080, 1881, 1038319752, 1641, 1038327725, 1385, 1038331481, 1642, 1037888596, 1898, 1037888592, 1626, 1037899356, 1378, 1037876221, 1890, 1037876244, 1370, 1037899332, 1882, 1037899400, 1386, 1037888612, 1644, 1022005672, 1891, 1038317266, 1900, 1022001008, 1892, 1022000600, 1646, 1021110051, 1381, 1021118286, 1629, 1021107639, 1894, 1021113564, 1893, 1021111495, 1903, 1021990445, 1371, 1038309404, 1380, 1022009726, 1899, 1038315866, 1627, 1038313211, 1372, 1022026608, 1883, 1038317353, 1387, 1038307975, 1379, 1038309355, 1643, 1038311740, 1373, 1021110811, 1884, 1022017516, 1374, 1021063497, 1628, 1022022180, 1388, 1022010114, 1645, 1021118351, 1902, 1021113723, 1375, 1022030401, 1382, 1021106780, 1886, 1021070474, 1887, 1022039334, 1383, 1021980958, 1647, 1021985840, 1901, 1021114731, 1885, 1021103975, 1390, 1021106852, 1391, 1021981479, 1630, 1021066745, 1631, 1022034763, 1895, 1021990044, 1389, 1021121458]
[INFO] (lattice_cell.c: 455): on tick 21 of 50
[INFO] (lattice_cell.c: 172): the unmatched_packets is 56
[1640, 1038778409, 1896, 1038778392, 1888, 1038777689, 1368, 1038769684, 1880, 1038769680, 1641, 1038334028, 1889, 1038331803, 1881, 1038328020, 1377, 1038339818, 1385, 1038337851, 1882, 1037883701, 1378, 1037876772, 1891, 1038324324, 1645, 1021113601, 1372, 1021974758, 1900, 1022001527, 1894, 1021075405, 1883, 1038325084, 1895, 1022020088, 1903, 1021980435, 1369, 1038336074, 1884, 1021966656, 1897, 1038329855, 1887, 1021990757, 1899, 1038323174, 1642, 1037875942, 1890, 1037876815, 1898, 1037875958, 1892, 1021995508, 1885, 1021140612, 1901, 1021109522, 1370, 1037883724, 1886, 1021107854, 1379, 1038316329, 1371, 1038317055, 1643, 1038319006, 1624, 1038769680, 1376, 1038777732, 1384, 1038778423, 1644, 1022005627, 1893, 1021104169, 1374, 1021099917, 1902, 1021114288, 1375, 1021982909, 1646, 1021110228, 1381, 1021111862, 1382, 1021067624, 1383, 1022012166, 1647, 1021976305, 1386, 1037875934, 1625, 1038332223, 1387, 1038315203, 1388, 1022009398, 1629, 1021144589, 1631, 1021986664, 1626, 1037883710, 1389, 1021117311, 1390, 1021106516, 1627, 1038320892, 1391, 1021972531, 1373, 1021148219, 1380, 1022003500, 1628, 1021970883, 1630, 1021103722]
[INFO] (lattice_cell.c: 455): on tick 22 of 50
[INFO] (lattice_cell.c: 172): the unmatched_packets is 56
[1640, 1038780334, 1896, 1038780304, 1624, 1038758858, 1376, 1038764043, 1368, 1038758922, 1888, 1038763964, 1880, 1038758778, 1384, 1038780377, 1641, 1038325445, 1897, 1038321387, 1377, 1038331062, 1625, 1038326111, 1889, 1038323288, 1881, 1038322046, 1385, 1038329164, 1369, 1038329843, 1378, 1037899523, 1643, 1038311671, 1627, 1038314384, 1379, 1038309679, 1900, 1022011992, 1629, 1021058699, 1893, 1021090736, 1885, 1021054762, 1903, 1022008342, 1887, 1021955214, 1882, 1037904451, 1890, 1037899572, 1899, 1038315739, 1883, 1038318468, 1891, 1038317500, 1892, 1022021784, 1371, 1038310627, 1901, 1021112937, 1902, 1021096024, 1898, 1037884387, 1642, 1037884360, 1372, 1022063400, 1895, 1022005429, 1370, 1037904342, 1381, 1021097853, 1884, 1022054399, 1373, 1021062155, 1644, 1022016720, 1374, 1021144082, 1382, 1021091191, 1626, 1037904393, 1894, 1021098337, 1386, 1037884342, 1886, 1021151296, 1645, 1021116687, 1375, 1021946144, 1646, 1021092265, 1387, 1038307934, 1388, 1022021170, 1647, 1022003639, 1380, 1022030952, 1628, 1022058991, 1389, 1021119949, 1630, 1021147446, 1631, 1021950563, 1390, 1021089013, 1383, 1021996385, 1391, 1021999171]
[INFO] (lattice_cell.c: 455): on tick 23 of 50
[INFO] (lattice_cell.c: 172): the unmatched_packets is 56
[1640, 1038778235, 1896, 1038778226, 1624, 1038810476, 1376, 1038789813, 1368, 1038810480, 1880, 1038810474, 1384, 1038778247, 1641, 1038334130, 1625, 1038330397, 1897, 1038329899, 1377, 1038336750, 1881, 1038326156, 1369, 1038334305, 1385, 1038337993, 1889, 1038328613, 1888, 1038789851, 1642, 1037876107, 1626, 1037844687, 1898, 1037876108, 1378, 1037864471, 1882, 1037844671, 1370, 1037844705, 1643, 1038318665, 1386, 1037876104, 1899, 1038322875, 1644, 1021989210, 1646, 1021080764, 1886, 1021089149, 1895, 1021990517, 1893, 1021164012, 1902, 1021084723, 1903, 1022011749, 1379, 1038316539, 1890, 1037864416, 1883, 1038324718, 1891, 1038324616, 1900, 1021985100, 1884, 1021894458, 1892, 1021945852, 1901, 1021126474, 1887, 1022010911, 1380, 1021953840, 1372, 1021902659, 1885, 1021218727, 1373, 1021225788, 1381, 1021171209, 1894, 1021104428, 1627, 1038320481, 1645, 1021130308, 1371, 1038316600, 1375, 1022002989, 1387, 1038314829, 1628, 1021898727, 1383, 1021982664, 1647, 1022007719, 1629, 1021222426, 1374, 1021081595, 1630, 1021085219, 1631, 1022006799, 1389, 1021133815, 1382, 1021096871, 1388, 1021992973, 1390, 1021077159, 1391, 1022004009]
[INFO] (lattice_cell.c: 455): on tick 24 of 50
[INFO] (lattice_cell.c: 172): the unmatched_packets is 56
[1896, 1038761500, 1640, 1038761542, 1624, 1038737096, 1376, 1038753390, 1888, 1038753241, 1880, 1038737018, 1368, 1038737178, 1384, 1038761590, 1897, 1038324242, 1625, 1038325843, 1377, 1038332404, 1369, 1038329538, 1889, 1038324727, 1881, 1038321809, 1385, 1038331898, 1378, 1037910326, 1898, 1037902192, 1626, 1037926076, 1890, 1037910454, 1642, 1037902152, 1882, 1037926154, 1370, 1037926007, 1891, 1038317973, 1884, 1022150125, 1628, 1022154738, 1630, 1021101059, 1641, 1038328252, 1883, 1038318373, 1371, 1038310608, 1892, 1022094896, 1380, 1022103928, 1643, 1038312309, 1372, 1022159124, 1899, 1038316347, 1885, 1020962370, 1644, 1022046958, 1379, 1038310249, 1381, 1021018319, 1627, 1038314323, 1386, 1037902125, 1902, 1021114061, 1900, 1022042248, 1886, 1021105042, 1645, 1021074543, 1387, 1038308628, 1903, 1021989353, 1895, 1021975744, 1382, 1021119394, 1646, 1021110144, 1901, 1021070570, 1388, 1022051422, 1375, 1021994418, 1647, 1021984657, 1894, 1021126699, 1893, 1021010642, 1887, 1022003516, 1373, 1020970067, 1389, 1021078060, 1629, 1020966474, 1374, 1021097579, 1383, 1021966573, 1631, 1021998848, 1390, 1021106730, 1391, 1021980228]
[INFO] (lattice_cell.c: 455): on tick 25 of 50
[INFO] (lattice_cell.c: 172): the unmatched_packets is 56
[1640, 1038803220, 1896, 1038803248, 1624, 1038782681, 1888, 1038811774, 1880, 1038782639, 1376, 1038811779, 1368, 1038782740, 1384, 1038803208, 1641, 1038332103, 1897, 1038327833, 1625, 1038332297, 1889, 1038329115, 1881, 1038328030, 1369, 1038336216, 1385, 1038335999, 1377, 1038337298, 1642, 1037851763, 1898, 1037851732, 1626, 1037870511, 1378, 1037843275, 1890, 1037843240, 1370, 1037870505, 1882, 1037870525, 1386, 1037851791, 1643, 1038318407, 1899, 1038322645, 1627, 1038320710, 1891, 1038324073, 1379, 1038315918, 1883, 1038324988, 1371, 1038316794, 1387, 1038314540, 1644, 1021922291, 1900, 1021918151, 1380, 1021869736, 1388, 1021926093, 1381, 1021252992, 1389, 1021206691, 1647, 1021998694, 1894, 1021075871, 1887, 1021991364, 1382, 1021068568, 1892, 1021861607, 1884, 1021871370, 1375, 1021983685, 1383, 1022012808, 1901, 1021199836, 1893, 1021246217, 1885, 1021233457, 1645, 1021203440, 1902, 1021094404, 1628, 1021875533, 1886, 1021108592, 1372, 1021879366, 1903, 1022002737, 1646, 1021090599, 1390, 1021087138, 1391, 1021994951, 1630, 1021104678, 1895, 1022020613, 1374, 1021101099, 1629, 1021237122, 1373, 1021240458, 1631, 1021987401]
[INFO] (lattice_cell.c: 455): on tick 26 of 50
[INFO] (lattice_cell.c: 172): the unmatched_packets is 56
[1376, 1038751196, 1640, 1038746769, 1896, 1038746707, 1888, 1038751126, 1624, 1038780294, 1368, 1038780312, 1880, 1038780279, 1384, 1038746831, 1377, 1038330303, 1897, 1038323813, 1369, 1038327045, 1625, 1038323366, 1889, 1038322666, 1385, 1038331409, 1898, 1037917098, 1378, 1037912689, 1373, 1021082829, 1380, 1022146920, 1389, 1020986723, 1629, 1021079264, 1884, 1022044248, 1885, 1021075247, 1383, 1021995516, 1886, 1021117863, 1902, 1021116380, 1641, 1038327789, 1890, 1037912763, 1370, 1037884226, 1882, 1037884258, 1881, 1038319363, 1899, 1038317402, 1642, 1037917034, 1371, 1038310710, 1900, 1022136449, 1626, 1037884234, 1379, 1038310537, 1892, 1022137760, 1372, 1022053708, 1901, 1020978814, 1894, 1021098425, 1643, 1038313417, 1891, 1038318204, 1386, 1037916979, 1903, 1021983421, 1895, 1022004651, 1627, 1038314401, 1374, 1021110202, 1375, 1021980050, 1644, 1022141104, 1883, 1038318413, 1645, 1020983013, 1646, 1021112369, 1628, 1022049103, 1382, 1021090877, 1893, 1020977007, 1647, 1021978689, 1381, 1020984732, 1390, 1021108876, 1391, 1021974252, 1887, 1021989205, 1387, 1038309765, 1630, 1021113780, 1631, 1021984490, 1388, 1022145477]
[INFO] (lattice_cell.c: 455): on tick 27 of 50
[INFO] (lattice_cell.c: 172): the unmatched_packets is 56
[1376, 1038772420, 1640, 1038802410, 1896, 1038802388, 1368, 1038760243, 1888, 1038772298, 1880, 1038760096, 1384, 1038802442, 1624, 1038760171, 1377, 1038339579, 1641, 1038334487, 1897, 1038330208, 1889, 1038331376, 1369, 1038336562, 1625, 1038332606, 1385, 1038338395, 1881, 1038328299, 1378, 1037880788, 1642, 1037852086, 1898, 1037852094, 1890, 1037880842, 1882, 1037893277, 1370, 1037893199, 1386, 1037852088, 1626, 1037893225, 1899, 1038321971, 1379, 1038315666, 1643, 1038317700, 1627, 1038320985, 1891, 1038323853, 1371, 1038317052, 1883, 1038325283, 1387, 1038313819, 1644, 1021863823, 1372, 1022037456, 1388, 1021867665, 1628, 1022033802, 1647, 1022009750, 1894, 1021113849, 1902, 1021085906, 1886, 1021117919, 1390, 1021078811, 1391, 1022006028, 1373, 1021081232, 1382, 1021106697, 1884, 1022029829, 1374, 1021110747, 1892, 1021924916, 1380, 1021932653, 1383, 1021977737, 1901, 1021248745, 1375, 1021975685, 1893, 1021172772, 1885, 1021074221, 1900, 1021859681, 1381, 1021179725, 1645, 1021252250, 1389, 1021255414, 1887, 1021983496, 1646, 1021082172, 1629, 1021077930, 1903, 1022013762, 1895, 1021985466, 1630, 1021114175, 1631, 1021979452]
[INFO] (lattice_cell.c: 455): on tick 28 of 50
[INFO] (lattice_cell.c: 172): the unmatched_packets is 56
[1896, 1038768810, 1640, 1038768814, 1376, 1038795005, 1624, 1038778585, 1888, 1038794989, 1368, 1038778661, 1880, 1038778515, 1384, 1038768815, 1897, 1038321048, 1641, 1038325017, 1377, 1038329577, 1625, 1038324822, 1889, 1038321996, 1369, 1038328451, 1881, 1038320842, 1385, 1038328631, 1642, 1037895780, 1626, 1037885309, 1898, 1037895782, 1378, 1037870040, 1370, 1037885243, 1890, 1037870052, 1386, 1037895774, 1643, 1038311056, 1627, 1038315133, 1380, 1021993837, 1901, 1021031306, 1628, 1021967151, 1895, 1021998063, 1383, 1021988965, 1629, 1021155165, 1882, 1037885376, 1899, 1038315024, 1891, 1038318380, 1883, 1038319139, 1900, 1022094709, 1381, 1021138589, 1373, 1021158889, 1892, 1021984286, 1382, 1021094077, 1371, 1038311451, 1902, 1021097543, 1644, 1022099507, 1894, 1021101833, 1887, 1021999962, 1645, 1021035382, 1387, 1038307429, 1884, 1021962308, 1646, 1021093430, 1379, 1038310743, 1885, 1021151019, 1893, 1021130970, 1886, 1021103802, 1647, 1022007137, 1388, 1022104007, 1903, 1022011846, 1390, 1021089798, 1391, 1022002737, 1372, 1021971739, 1389, 1021039005, 1374, 1021095866, 1375, 1021990954, 1630, 1021099612, 1631, 1021995312]
[INFO] (lattice_cell.c: 455): on tick 29 of 50
[INFO] (lattice_cell.c: 172): the unmatched_packets is 56
[1896, 1038763312, 1640, 1038763369, 1376, 1038768925, 1624, 1038775627, 1368, 1038775706, 1880, 1038775559, 1384, 1038763425, 1888, 1038768825, 1641, 1038334972, 1625, 1038331781, 1377, 1038337900, 1889, 1038329655, 1881, 1038327467, 1385, 1038338880, 1369, 1038335742, 1642, 1037889994, 1643, 1038318383, 1900, 1021995154, 1646, 1021115191, 1647, 1021976527, 1891, 1038326163, 1391, 1021972795, 1901, 1021111046, 1382, 1021087543, 1895, 1021997440, 1897, 1038330683, 1898, 1037890036, 1882, 1037878218, 1890, 1037885244, 1899, 1038322663, 1883, 1038324499, 1378, 1037885198, 1370, 1037878143, 1884, 1021993286, 1892, 1022046950, 1371, 1038316251, 1379, 1038317963, 1373, 1021121056, 1903, 1021980508, 1386, 1037889968, 1380, 1022054639, 1644, 1021999075, 1375, 1021995873, 1645, 1021114687, 1885, 1021114450, 1626, 1037878170, 1886, 1021100432, 1902, 1021118827, 1894, 1021094402, 1387, 1038314476, 1381, 1021065588, 1893, 1021058848, 1627, 1038320195, 1887, 1022003692, 1383, 1021989558, 1388, 1022002714, 1390, 1021111956, 1372, 1022001220, 1628, 1021997389, 1389, 1021117931, 1631, 1021999681, 1374, 1021093374, 1629, 1021117931, 1630, 1021096731]
[INFO] (lattice_cell.c: 455): on tick 30 of 50
[INFO] (lattice_cell.c: 172): the unmatched_packets is 56
[1640, 1038788730, 1896, 1038788712, 1376, 1038769321, 1888, 1038769217, 1624, 1038768328, 1368, 1038768354, 1880, 1038768307, 1641, 1038326872, 1377, 1038330762, 1897, 1038322922, 1889, 1038323194, 1369, 1038327338, 1625, 1038323693, 1881, 1038319713, 1385, 1038330470, 1384, 1038788748, 1642, 1037875921, 1898, 1037875947, 1626, 1037895495, 1378, 1037894405, 1890, 1037894502, 1370, 1037895479, 1882, 1037895517, 1386, 1037875899, 1644, 1021958767, 1646, 1021086166, 1380, 1022000359, 1647, 1022002111, 1381, 1021127152, 1390, 1021082414, 1391, 1021997749, 1894, 1021098131, 1887, 1021993922, 1373, 1021094034, 1374, 1021110927, 1883, 1038317444, 1891, 1038318648, 1371, 1038309761, 1379, 1038311047, 1900, 1021953885, 1643, 1038313612, 1884, 1022030500, 1627, 1038313444, 1388, 1021963324, 1899, 1038317568, 1892, 1021991084, 1387, 1038310004, 1901, 1021163188, 1885, 1021086139, 1389, 1021170920, 1902, 1021090362, 1886, 1021119029, 1645, 1021167265, 1893, 1021119208, 1628, 1022035338, 1382, 1021090148, 1903, 1022006847, 1895, 1022002297, 1375, 1021984992, 1383, 1021993284, 1629, 1021090308, 1631, 1021989302, 1630, 1021114758, 1372, 1022039867]
[INFO] (lattice_cell.c: 455): on tick 31 of 50
[INFO] (lattice_cell.c: 172): the unmatched_packets is 56
[1896, 1038790684, 1376, 1038783021, 1640, 1038790714, 1888, 1038782895, 1624, 1038766228, 1368, 1038766343, 1880, 1038766122, 1384, 1038790752, 1385, 1038337295, 1377, 1038338777, 1642, 1037864248, 1882, 1037887187, 1626, 1037887111, 1892, 1021967382, 1646, 1021123347, 1886, 1021123374, 1884, 1021993395, 1389, 1021084087, 1899, 1038320665, 1382, 1021104842, 1901, 1021077512, 1370, 1037887043, 1887, 1021979998, 1897, 1038329107, 1641, 1038333384, 1889, 1038330569, 1881, 1038328092, 1898, 1037864263, 1379, 1038314932, 1890, 1037871055, 1883, 1038324737, 1380, 1021975309, 1373, 1021117388, 1369, 1038336347, 1374, 1021116491, 1885, 1021110575, 1625, 1038332394, 1643, 1038316378, 1375, 1021972117, 1386, 1037864244, 1891, 1038323148, 1644, 1022039999, 1381, 1021140625, 1645, 1021081013, 1387, 1038312462, 1900, 1022035953, 1893, 1021134023, 1371, 1038316497, 1894, 1021111671, 1647, 1021976330, 1902, 1021126902, 1372, 1022001153, 1895, 1021990708, 1903, 1021980360, 1627, 1038320440, 1390, 1021120232, 1391, 1021972604, 1388, 1022043772, 1628, 1021997397, 1629, 1021114201, 1383, 1021982920, 1630, 1021119732, 1631, 1021975945, 1378, 1037870985]
[INFO] (lattice_cell.c: 455): on tick 32 of 50
[INFO] (lattice_cell.c: 172): the unmatched_packets is 56
[1896, 1038745777, 1640, 1038745793, 1624, 1038778214, 1376, 1038773549, 1888, 1038773518, 1368, 1038778299, 1880, 1038778145, 1384, 1038745811, 1897, 1038322213, 1625, 1038324516, 1369, 1038328174, 1889, 1038322053, 1377, 1038329658, 1881, 1038320524, 1642, 1037917478, 1378, 1037890765, 1898, 1037917498, 1386, 1037917471, 1882, 1037885794, 1900, 1022017237, 1885, 1021134691, 1381, 1021112838, 1389, 1021111462, 1893, 1021105113, 1631, 1021996170, 1902, 1021031303, 1641, 1038326185, 1890, 1037890774, 1643, 1038313713, 1891, 1038320579, 1883, 1038320014, 1380, 1022018576, 1892, 1022009222, 1373, 1021142519, 1374, 1021092522, 1385, 1038329794, 1894, 1021072440, 1370, 1037885676, 1644, 1022021961, 1626, 1037885730, 1375, 1021991851, 1382, 1021064404, 1645, 1021107705, 1383, 1022012047, 1884, 1021979227, 1627, 1038316004, 1646, 1021027076, 1387, 1038310120, 1901, 1021103553, 1372, 1021988598, 1647, 1022063748, 1379, 1038312986, 1388, 1022026327, 1886, 1021100721, 1371, 1038312342, 1628, 1021984066, 1903, 1022068402, 1895, 1022021100, 1887, 1022000752, 1390, 1021023253, 1629, 1021138796, 1899, 1038317679, 1391, 1022059413, 1630, 1021096427]
[INFO] (lattice_cell.c: 455): on tick 33 of 50
[INFO] (lattice_cell.c: 172): the unmatched_packets is 56
[1640, 1038803103, 1624, 1038782046, 1376, 1038788087, 1888, 1038787935, 1368, 1038782131, 1384, 1038803196, 1880, 1038781955, 1896, 1038803005, 1377, 1038337751, 1625, 1038331410, 1897, 1038330133, 1889, 1038329585, 1385, 1038338247, 1369, 1038335332, 1643, 1038318789, 1882, 1037872303, 1646, 1021211283, 1647, 1021877281, 1379, 1038315480, 1388, 1021995020, 1901, 1021120059, 1630, 1021120967, 1900, 1021987128, 1903, 1021881383, 1641, 1038334379, 1881, 1038327128, 1898, 1037851514, 1890, 1037866493, 1642, 1037851421, 1899, 1038323042, 1883, 1038322775, 1370, 1037872198, 1891, 1038323666, 1892, 1022027469, 1893, 1021076749, 1371, 1038314543, 1644, 1021991187, 1626, 1037872242, 1372, 1022014329, 1378, 1037866401, 1902, 1021214819, 1886, 1021124658, 1645, 1021123643, 1884, 1022006278, 1380, 1022035341, 1374, 1021117715, 1627, 1038318499, 1386, 1037851353, 1885, 1021101275, 1373, 1021107918, 1894, 1021162708, 1381, 1021083524, 1382, 1021155995, 1895, 1021938886, 1383, 1021930971, 1887, 1021987110, 1628, 1022010424, 1375, 1021979296, 1629, 1021104814, 1631, 1021983107, 1387, 1038314898, 1389, 1021126776, 1390, 1021208191, 1391, 1021873419]
[INFO] (lattice_cell.c: 455): on tick 34 of 50
[INFO] (lattice_cell.c: 172): the unmatched_packets is 56
[1640, 1038755688, 1896, 1038755697, 1624, 1038752422, 1376, 1038747123, 1368, 1038752486, 1880, 1038752361, 1384, 1038755694, 1888, 1038747047, 1897, 1038322898, 1641, 1038326892, 1625, 1038324955, 1377, 1038331153, 1369, 1038328644, 1889, 1038323495, 1881, 1038320930, 1385, 1038330519, 1642, 1037908214, 1626, 1037910610, 1898, 1037908200, 1378, 1037915907, 1370, 1037910569, 1890, 1037915955, 1386, 1037908241, 1644, 1021984554, 1379, 1038310523, 1892, 1021975035, 1884, 1022008251, 1647, 1022135403, 1382, 1020996912, 1631, 1022038452, 1380, 1021984118, 1887, 1022043030, 1895, 1022098303, 1381, 1021143045, 1373, 1021111768, 1374, 1021051989, 1882, 1037910641, 1643, 1038310082, 1883, 1038320225, 1375, 1022034210, 1387, 1038306438, 1900, 1021979793, 1885, 1021103962, 1893, 1021135249, 1899, 1038314087, 1371, 1038312510, 1894, 1021005037, 1389, 1021146686, 1627, 1038316199, 1891, 1038318180, 1388, 1021988967, 1645, 1021143076, 1646, 1020969550, 1901, 1021139079, 1628, 1022013017, 1902, 1020973813, 1886, 1021060174, 1390, 1020965686, 1391, 1022131303, 1903, 1022139881, 1629, 1021108057, 1383, 1022089578, 1630, 1021055896, 1372, 1022017409]
[INFO] (lattice_cell.c: 455): on tick 35 of 50
[INFO] (lattice_cell.c: 172): the unmatched_packets is 56
[1640, 1038795088, 1896, 1038795052, 1624, 1038791840, 1376, 1038811225, 1368, 1038791966, 1384, 1038795130, 1880, 1038791714, 1888, 1038811023, 1897, 1038328871, 1641, 1038333083, 1625, 1038330994, 1377, 1038337002, 1369, 1038334880, 1889, 1038328926, 1881, 1038326751, 1385, 1038336917, 1378, 1037843788, 1642, 1037859641, 1898, 1037859680, 1626, 1037862326, 1370, 1037862239, 1890, 1037843958, 1882, 1037862432, 1386, 1037859619, 1643, 1038320632, 1379, 1038318896, 1899, 1038324816, 1891, 1038326975, 1883, 1038325279, 1387, 1038316816, 1371, 1038317128, 1645, 1021092318, 1646, 1021204764, 1894, 1021222682, 1391, 1021873054, 1895, 1021863999, 1373, 1021105945, 1627, 1038321032, 1900, 1022023127, 1892, 1021995245, 1382, 1021215955, 1644, 1022027263, 1374, 1021200108, 1628, 1022012383, 1885, 1021099096, 1372, 1022016363, 1884, 1022008191, 1388, 1022031179, 1380, 1022003490, 1383, 1021855753, 1375, 1021885975, 1901, 1021088672, 1893, 1021110004, 1629, 1021102740, 1886, 1021207027, 1381, 1021116722, 1389, 1021095492, 1647, 1021877058, 1887, 1021894045, 1902, 1021208390, 1390, 1021201625, 1903, 1021881276, 1631, 1021889905, 1630, 1021203327]
[INFO] (lattice_cell.c: 455): on tick 36 of 50
[INFO] (lattice_cell.c: 172): the unmatched_packets is 56
[1640, 1038775653, 1896, 1038775577, 1624, 1038746153, 1376, 1038756867, 1888, 1038756788, 1384, 1038775737, 1880, 1038746081, 1368, 1038746230, 1641, 1038327076, 1625, 1038323566, 1377, 1038330945, 1897, 1038323035, 1889, 1038323218, 1881, 1038319498, 1385, 1038330753, 1369, 1038327301, 1642, 1037888622, 1898, 1037888682, 1626, 1037916814, 1378, 1037906992, 1890, 1037907001, 1370, 1037916790, 1386, 1037888581, 1882, 1037916864, 1643, 1038311846, 1899, 1038315898, 1627, 1038312420, 1379, 1038308752, 1891, 1038316540, 1883, 1038316501, 1371, 1038308682, 1387, 1038308140, 1644, 1022027857, 1628, 1021980989, 1380, 1022014492, 1892, 1022005502, 1372, 1021985282, 1388, 1022032071, 1389, 1021101648, 1893, 1021105744, 1647, 1022044355, 1895, 1022131748, 1375, 1022112814, 1886, 1020996400, 1391, 1022040185, 1901, 1021094069, 1382, 1020972374, 1885, 1021142673, 1390, 1021051357, 1894, 1020980357, 1900, 1022023251, 1902, 1021058958, 1903, 1022048895, 1381, 1021113246, 1629, 1021146684, 1884, 1021976352, 1645, 1021098035, 1630, 1020992113, 1374, 1020988170, 1887, 1022121179, 1373, 1021150338, 1646, 1021054972, 1383, 1022123357, 1631, 1022116838]
[INFO] (lattice_cell.c: 455): on tick 37 of 50
[INFO] (lattice_cell.c: 172): the unmatched_packets is 56
[1640, 1038757611, 1896, 1038757567, 1624, 1038802057, 1376, 1038772469, 1888, 1038772385, 1368, 1038802174, 1880, 1038801944, 1384, 1038757658, 1897, 1038329773, 1641, 1038333940, 1377, 1038338914, 1889, 1038330921, 1385, 1038337714, 1369, 1038334227, 1881, 1038326203, 1625, 1038330382, 1898, 1037895837, 1642, 1037895793, 1378, 1037881206, 1890, 1037881260, 1626, 1037852673, 1882, 1037852767, 1370, 1037852595, 1643, 1038318024, 1386, 1037895761, 1627, 1038323050, 1645, 1021138950, 1379, 1038317805, 1647, 1022025099, 1629, 1021106529, 1382, 1021159158, 1383, 1021917739, 1630, 1021224691, 1631, 1021860319, 1901, 1021135235, 1895, 1021926010, 1902, 1021070746, 1891, 1038325750, 1900, 1021975738, 1884, 1022005490, 1892, 1021998300, 1885, 1021102870, 1894, 1021166303, 1887, 1021864631, 1380, 1022006621, 1372, 1022014087, 1893, 1021099648, 1381, 1021106655, 1903, 1022029181, 1374, 1021221390, 1387, 1038314245, 1899, 1038322166, 1644, 1021979992, 1883, 1038327232, 1371, 1038319212, 1628, 1022009889, 1388, 1021984015, 1646, 1021066855, 1389, 1021142171, 1886, 1021228473, 1390, 1021063484, 1373, 1021109721, 1375, 1021856204, 1391, 1022021217]
[INFO] (lattice_cell.c: 455): on tick 38 of 50
[INFO] (lattice_cell.c: 172): the unmatched_packets is 56
[1640, 1038791026, 1896, 1038790985, 1624, 1038764629, 1376, 1038791106, 1368, 1038764770, 1888, 1038790867, 1384, 1038791075, 1880, 1038764508, 1625, 1038325828, 1377, 1038331113, 1889, 1038323259, 1369, 1038329608, 1385, 1038328782, 1881, 1038321702, 1641, 1038325069, 1897, 1038320977, 1642, 1037873302, 1898, 1037873322, 1626, 1037899057, 1378, 1037873301, 1890, 1037873474, 1370, 1037898981, 1882, 1037899157, 1386, 1037873284, 1643, 1038312125, 1899, 1038316218, 1627, 1038313841, 1379, 1038311147, 1371, 1038310031, 1891, 1038319036, 1883, 1038317990, 1387, 1038308378, 1644, 1022002606, 1900, 1021998070, 1380, 1022011866, 1372, 1022023092, 1645, 1021129099, 1388, 1022006741, 1647, 1021945390, 1382, 1021113837, 1894, 1021121272, 1631, 1022084077, 1903, 1021949826, 1895, 1021979558, 1884, 1022014480, 1892, 1022003250, 1383, 1021970981, 1375, 1022080145, 1389, 1021132599, 1893, 1021105470, 1885, 1021095224, 1373, 1021102733, 1902, 1021154978, 1886, 1021025587, 1390, 1021147455, 1887, 1022088352, 1391, 1021941344, 1628, 1022018982, 1901, 1021125244, 1646, 1021151029, 1381, 1021112932, 1629, 1021099151, 1374, 1021017705, 1630, 1021021452]
[INFO] (lattice_cell.c: 455): on tick 39 of 50
[INFO] (lattice_cell.c: 172): the unmatched_packets is 56
[1896, 1038782924, 1640, 1038782981, 1624, 1038750719, 1376, 1038765752, 1888, 1038765630, 1368, 1038750755, 1880, 1038750668, 1384, 1038783033, 1641, 1038332706, 1897, 1038328613, 1625, 1038328983, 1377, 1038336539, 1369, 1038332750, 1889, 1038328683, 1881, 1038324843, 1385, 1038336429, 1898, 1037871975, 1626, 1037902069, 1378, 1037888335, 1370, 1037902059, 1882, 1037902102, 1902, 1021088462, 1903, 1022007897, 1892, 1021987934, 1631, 1021979435, 1885, 1021116239, 1900, 1022018208, 1381, 1021127831, 1895, 1022051974, 1887, 1021983645, 1901, 1021095577, 1899, 1038323591, 1891, 1038324995, 1373, 1021123190, 1883, 1038324917, 1374, 1021111918, 1894, 1021044092, 1886, 1021119550, 1375, 1021975349, 1386, 1037871883, 1380, 1021996791, 1884, 1021999621, 1642, 1037871927, 1387, 1038315779, 1388, 1022026833, 1893, 1021120893, 1643, 1038319505, 1890, 1037888410, 1379, 1038317135, 1371, 1038317012, 1627, 1038320789, 1644, 1022022630, 1628, 1022004172, 1389, 1021102634, 1645, 1021099353, 1646, 1021084618, 1629, 1021119959, 1372, 1022008521, 1647, 1022003528, 1382, 1021036653, 1390, 1021081322, 1391, 1021999380, 1383, 1022043686, 1630, 1021115498]
[INFO] (lattice_cell.c: 455): on tick 40 of 50
[INFO] (lattice_cell.c: 172): the unmatched_packets is 56
[1896, 1038767487, 1640, 1038767569, 1376, 1038778732, 1624, 1038795179, 1888, 1038778564, 1880, 1038794997, 1368, 1038795351, 1384, 1038767643, 1897, 1038324071, 1641, 1038328213, 1377, 1038333138, 1625, 1038325756, 1889, 1038325195, 1881, 1038321579, 1369, 1038329583, 1385, 1038331971, 1898, 1037896245, 1642, 1037896184, 1626, 1037868991, 1378, 1037885096, 1890, 1037885210, 1882, 1037869129, 1370, 1037868855, 1386, 1037896138, 1899, 1038315762, 1883, 1038318658, 1884, 1021975832, 1646, 1021072307, 1647, 1022026623, 1389, 1021110820, 1885, 1021131032, 1631, 1021937673, 1886, 1021166687, 1894, 1021122512, 1380, 1021998255, 1372, 1021984005, 1891, 1038318049, 1381, 1021118510, 1900, 1022010426, 1373, 1021138632, 1892, 1021990003, 1379, 1038310077, 1387, 1038307822, 1382, 1021114981, 1901, 1021103516, 1643, 1038311612, 1893, 1021111133, 1374, 1021159185, 1644, 1022014727, 1902, 1021076216, 1371, 1038310624, 1375, 1021933734, 1887, 1021941959, 1627, 1038314469, 1645, 1021107345, 1388, 1022018651, 1628, 1021980077, 1391, 1022022786, 1903, 1022030838, 1895, 1021982001, 1390, 1021068771, 1629, 1021135015, 1630, 1021162787, 1383, 1021973918]
[INFO] (lattice_cell.c: 455): on tick 41 of 50
[INFO] (lattice_cell.c: 172): the unmatched_packets is 56
[1896, 1038768678, 1640, 1038768700, 1624, 1038762123, 1376, 1038775896, 1888, 1038775802, 1368, 1038762242, 1880, 1038762024, 1384, 1038768722, 1377, 1038335588, 1897, 1038327080, 1641, 1038331116, 1889, 1038327810, 1881, 1038327105, 1369, 1038334916, 1898, 1037884888, 1378, 1037878153, 1370, 1037891712, 1386, 1037884869, 1644, 1021998727, 1645, 1021129737, 1901, 1021125948, 1895, 1021969453, 1389, 1021133058, 1885, 1021072178, 1383, 1021960635, 1893, 1021085940, 1902, 1021118239, 1894, 1021124887, 1631, 1022018726, 1903, 1021980037, 1642, 1037884870, 1890, 1037878190, 1882, 1037891844, 1883, 1038325831, 1900, 1021994148, 1379, 1038318120, 1643, 1038318806, 1371, 1038317985, 1886, 1021078369, 1899, 1038322842, 1625, 1038331179, 1887, 1022023112, 1385, 1038334797, 1372, 1022044133, 1626, 1037891768, 1884, 1022034783, 1892, 1022023905, 1646, 1021114237, 1373, 1021079088, 1647, 1021975643, 1627, 1038321735, 1374, 1021070694, 1387, 1038315142, 1375, 1022014512, 1382, 1021117510, 1380, 1022033033, 1629, 1021075859, 1628, 1022039589, 1388, 1022003083, 1891, 1038325872, 1381, 1021092917, 1391, 1021971462, 1630, 1021074273, 1390, 1021110708]
[INFO] (lattice_cell.c: 455): on tick 42 of 50
[INFO] (lattice_cell.c: 172): the unmatched_packets is 56
[1640, 1038793991, 1896, 1038793873, 1624, 1038787842, 1888, 1038785902, 1376, 1038786180, 1368, 1038787964, 1880, 1038787721, 1384, 1038794105, 1897, 1038323979, 1881, 1038317661, 1385, 1038331971, 1369, 1038325755, 1643, 1038312633, 1890, 1037878555, 1378, 1037878323, 1885, 1021185234, 1387, 1038308793, 1627, 1038313748, 1374, 1021075281, 1391, 1021977144, 1628, 1021943263, 1630, 1021078898, 1895, 1022027091, 1893, 1021138417, 1903, 1021985200, 1889, 1038322946, 1898, 1037870867, 1882, 1037876404, 1891, 1038318357, 1883, 1038317984, 1900, 1021986096, 1892, 1021972357, 1377, 1038330971, 1901, 1021125535, 1372, 1021947137, 1379, 1038310290, 1886, 1021082880, 1894, 1021075482, 1625, 1038321888, 1641, 1038328168, 1386, 1037870685, 1380, 1021980311, 1375, 1022020739, 1899, 1038316829, 1626, 1037876298, 1642, 1037870767, 1884, 1021939034, 1371, 1038309856, 1644, 1021990278, 1645, 1021129337, 1902, 1021117267, 1370, 1037876210, 1887, 1022028435, 1388, 1021994084, 1646, 1021113558, 1373, 1021192517, 1647, 1021980984, 1389, 1021132775, 1390, 1021110203, 1381, 1021145769, 1383, 1022019189, 1629, 1021189044, 1631, 1022024428, 1382, 1021068248]
[INFO] (lattice_cell.c: 455): on tick 43 of 50
[INFO] (lattice_cell.c: 172): the unmatched_packets is 56
[1376, 1038748115, 1640, 1038766376, 1888, 1038748003, 1624, 1038739635, 1368, 1038739761, 1384, 1038766412, 1880, 1038739511, 1896, 1038766344, 1377, 1038340238, 1641, 1038333325, 1897, 1038329325, 1369, 1038337111, 1889, 1038332576, 1625, 1038333415, 1881, 1038329389, 1385, 1038336952, 1378, 1037904850, 1642, 1037887698, 1898, 1037887716, 1370, 1037912714, 1626, 1037912772, 1890, 1037904896, 1882, 1037912868, 1386, 1037887698, 1899, 1038322751, 1627, 1038321896, 1371, 1038318200, 1387, 1038315130, 1372, 1022114100, 1894, 1021103839, 1391, 1022006569, 1631, 1021944045, 1886, 1021154052, 1887, 1021948531, 1382, 1021095916, 1891, 1038324873, 1883, 1038325933, 1380, 1022049958, 1381, 1021059344, 1373, 1020999648, 1900, 1022035887, 1388, 1022045170, 1892, 1022040650, 1884, 1022104945, 1901, 1021076124, 1893, 1021052201, 1643, 1038318760, 1389, 1021083171, 1379, 1038317205, 1885, 1020992292, 1644, 1022040667, 1375, 1021939736, 1903, 1022015324, 1390, 1021077087, 1902, 1021084759, 1645, 1021079890, 1895, 1021994204, 1646, 1021080670, 1628, 1022109633, 1647, 1022010828, 1383, 1021985519, 1629, 1020996218, 1630, 1021149841, 1374, 1021146110]
[INFO] (lattice_cell.c: 455): on tick 44 of 50
[INFO] (lattice_cell.c: 172): the unmatched_packets is 56
[1896, 1038787452, 1640, 1038787526, 1376, 1038813733, 1888, 1038813573, 1368, 1038808681, 1880, 1038808398, 1384, 1038787600, 1625, 1038322898, 1626, 1037856172, 1386, 1037876788, 1891, 1038318624, 1645, 1021172201, 1627, 1038314586, 1646, 1021085370, 1885, 1021243503, 1895, 1021992280, 1381, 1021224641, 1382, 1021101904, 1630, 1021101047, 1631, 1021998115, 1886, 1021104809, 1887, 1022002170, 1902, 1021089090, 1898, 1037876928, 1890, 1037851551, 1882, 1037856293, 1378, 1037851406, 1370, 1037856058, 1899, 1038314481, 1884, 1021874336, 1893, 1021217708, 1379, 1038310498, 1897, 1038319852, 1624, 1038808536, 1372, 1021882652, 1641, 1038324073, 1377, 1038328162, 1881, 1038318638, 1889, 1038320052, 1385, 1038327911, 1883, 1038318856, 1380, 1021909977, 1369, 1038326787, 1900, 1021960827, 1642, 1037876856, 1373, 1021250387, 1892, 1021901926, 1374, 1021097655, 1901, 1021168484, 1643, 1038310252, 1375, 1021994402, 1644, 1021964877, 1894, 1021108879, 1387, 1038306391, 1903, 1022022211, 1371, 1038310640, 1647, 1022018186, 1388, 1021968613, 1628, 1021878655, 1389, 1021175561, 1390, 1021082056, 1391, 1022014526, 1629, 1021247120, 1383, 1021984444]
[INFO] (lattice_cell.c: 455): on tick 45 of 50
[INFO] (lattice_cell.c: 172): the unmatched_packets is 56
[1624, 1038749209, 1376, 1038748014, 1368, 1038749363, 1896, 1038746444, 1640, 1038746510, 1888, 1038747754, 1880, 1038749048, 1384, 1038746586, 1625, 1038330770, 1377, 1038338624, 1369, 1038334452, 1897, 1038332001, 1641, 1038335963, 1889, 1038331010, 1881, 1038326747, 1385, 1038339563, 1642, 1037906341, 1378, 1037905456, 1370, 1037904155, 1882, 1037904356, 1626, 1037904240, 1643, 1038318843, 1380, 1022141231, 1646, 1021129523, 1391, 1021957823, 1372, 1022108995, 1381, 1020974733, 1895, 1021984682, 1887, 1022012994, 1373, 1021017242, 1898, 1037906389, 1890, 1037905626, 1899, 1038322799, 1891, 1038327233, 1883, 1038325173, 1900, 1022079679, 1382, 1021098062, 1885, 1021009687, 1374, 1021083576, 1894, 1021105975, 1375, 1022004262, 1903, 1021966713, 1383, 1021975717, 1884, 1022099902, 1892, 1022132166, 1901, 1021021315, 1371, 1038317503, 1386, 1037906313, 1379, 1038319625, 1893, 1020967186, 1387, 1038315244, 1902, 1021133704, 1886, 1021091810, 1388, 1022088793, 1627, 1038321168, 1644, 1022084379, 1628, 1022104588, 1389, 1021028806, 1645, 1021025298, 1390, 1021125826, 1629, 1021013707, 1647, 1021962124, 1630, 1021087463, 1631, 1022008530]
[INFO] (lattice_cell.c: 455): on tick 46 of 50
[INFO] (lattice_cell.c: 172): the unmatched_packets is 56
[1640, 1038818619, 1896, 1038818569, 1624, 1038772687, 1376, 1038793118, 1888, 1038792947, 1368, 1038772828, 1880, 1038772547, 1384, 1038818677, 1641, 1038325199, 1897, 1038320944, 1625, 1038324762, 1377, 1038331474, 1881, 1038320502, 1385, 1038329053, 1369, 1038328662, 1642, 1037846915, 1378, 1037871104, 1386, 1037846869, 1643, 1038312849, 1644, 1021884912, 1645, 1021245652, 1884, 1021953110, 1894, 1021080258, 1883, 1038317401, 1383, 1022012334, 1631, 1021981972, 1891, 1038318846, 1895, 1022019906, 1903, 1022004968, 1379, 1038310660, 1893, 1021221129, 1889, 1038323360, 1898, 1037846964, 1882, 1037890736, 1890, 1037871242, 1380, 1021894698, 1372, 1021961348, 1892, 1021886368, 1381, 1021227733, 1373, 1021164391, 1375, 1021978370, 1387, 1038308972, 1886, 1021128969, 1382, 1021073284, 1887, 1021985848, 1388, 1021888813, 1626, 1037890613, 1370, 1037890501, 1899, 1038317090, 1900, 1021880712, 1885, 1021157549, 1901, 1021242171, 1646, 1021091008, 1627, 1038313106, 1390, 1021087815, 1391, 1021997246, 1902, 1021094585, 1647, 1022000940, 1389, 1021248781, 1371, 1038309145, 1628, 1021957350, 1374, 1021121729, 1629, 1021161136, 1630, 1021125154]
[INFO] (lattice_cell.c: 455): on tick 47 of 50
[INFO] (lattice_cell.c: 172): the unmatched_packets is 56
[1640, 1038750399, 1896, 1038750279, 1624, 1038788690, 1376, 1038765021, 1888, 1038764799, 1368, 1038788841, 1384, 1038750527, 1880, 1038788549, 1641, 1038332862, 1897, 1038328914, 1625, 1038330104, 1377, 1038336786, 1889, 1038329165, 1369, 1038333781, 1881, 1038326103, 1385, 1038336452, 1898, 1037903458, 1642, 1037903355, 1626, 1037865525, 1890, 1037888831, 1378, 1037888717, 1882, 1037865618, 1370, 1037865454, 1899, 1038320890, 1891, 1038324115, 1379, 1038316548, 1892, 1022050323, 1371, 1038317149, 1647, 1022011023, 1372, 1021989060, 1903, 1022015600, 1373, 1021137486, 1389, 1020992802, 1374, 1021108110, 1390, 1021085119, 1391, 1022006695, 1902, 1021093052, 1630, 1021111976, 1631, 1021984637, 1895, 1021998086, 1894, 1021103170, 1900, 1022130201, 1884, 1021979703, 1901, 1020985057, 1885, 1021130040, 1643, 1038316949, 1887, 1021989266, 1380, 1022059328, 1386, 1037903276, 1883, 1038324777, 1644, 1022134782, 1893, 1021056120, 1627, 1038320807, 1886, 1021116303, 1381, 1021063767, 1645, 1020989159, 1387, 1038313359, 1646, 1021088838, 1628, 1021984540, 1375, 1021980251, 1382, 1021095093, 1388, 1022139083, 1383, 1021989168, 1629, 1021133996]
[INFO] (lattice_cell.c: 455): on tick 48 of 50
[INFO] (lattice_cell.c: 172): the unmatched_packets is 56
[1896, 1038780870, 1640, 1038780910, 1376, 1038773494, 1624, 1038763746, 1888, 1038773266, 1368, 1038763893, 1880, 1038763585, 1897, 1038323198, 1641, 1038327440, 1377, 1038331627, 1889, 1038323503, 1625, 1038324210, 1881, 1038319915, 1369, 1038328135, 1385, 1038331268, 1384, 1038780966, 1882, 1037900132, 1643, 1038312951, 1379, 1038313017, 1646, 1021096601, 1647, 1021996705, 1902, 1021100291, 1887, 1022002820, 1373, 1021061691, 1892, 1022003054, 1391, 1021993067, 1893, 1021102935, 1629, 1021058506, 1631, 1021998923, 1371, 1038311858, 1885, 1021054983, 1903, 1022000633, 1890, 1037890529, 1883, 1038320132, 1898, 1037882814, 1891, 1038321204, 1900, 1021928455, 1380, 1022011177, 1901, 1021186237, 1894, 1021123767, 1381, 1021109635, 1895, 1021968887, 1642, 1037882772, 1884, 1022059730, 1374, 1021095249, 1378, 1037890342, 1626, 1037899980, 1370, 1037899867, 1886, 1021102283, 1899, 1038317206, 1644, 1021932727, 1386, 1037882747, 1645, 1021189641, 1627, 1038315822, 1387, 1038309085, 1388, 1021936716, 1372, 1022067844, 1389, 1021192686, 1628, 1022063920, 1375, 1021995291, 1390, 1021093345, 1382, 1021116872, 1383, 1021961288, 1630, 1021098574]
[INFO] (lattice_cell.c: 455): on tick 49 of 50
[INFO] (lattice_cell.c: 172): the unmatched_packets is 56
[1896, 1038778186, 1640, 1038778262, 1624, 1038758759, 1888, 1038791897, 1376, 1038792165, 1880, 1038758542, 1384, 1038778331, 1368, 1038758977, 1897, 1038328329, 1641, 1038332285, 1625, 1038331070, 1889, 1038329757, 1377, 1038337340, 1881, 1038327086, 1385, 1038335878, 1369, 1038334714, 1898, 1037875970, 1643, 1038319472, 1890, 1037862619, 1645, 1021115565, 1900, 1022004068, 1371, 1038315465, 1646, 1021094308, 1380, 1021960584, 1628, 1021975510, 1902, 1021098510, 1375, 1021992552, 1892, 1021951332, 1631, 1021996757, 1382, 1021082500, 1383, 1022000932, 1894, 1021090552, 1887, 1022001243, 1895, 1022009839, 1882, 1037894284, 1899, 1038323419, 1891, 1038324111, 1370, 1037893971, 1903, 1021997868, 1884, 1021970804, 1901, 1021111444, 1885, 1021134992, 1893, 1021151545, 1642, 1037875909, 1626, 1037894111, 1379, 1038316513, 1372, 1021979918, 1373, 1021142885, 1378, 1037862434, 1644, 1022008729, 1374, 1021102451, 1883, 1038323139, 1381, 1021159175, 1647, 1021993255, 1386, 1037875863, 1886, 1021110925, 1627, 1038319135, 1387, 1038315877, 1388, 1022013010, 1389, 1021119178, 1390, 1021090578, 1391, 1021988968, 1629, 1021139148, 1630, 1021106480]
[INFO] (lattice_cell.c: 455): on tick 50 of 50
[INFO] (lattice_cell.c: 466): updating recording regions
[INFO] (recording.c: 507): 	Finalising channel 0 - state info stored in SDRAM
[INFO] (recording.c: 512): closed channel 0.
[INFO] (lattice_cell.c: 470): Simulation complete.

