[INFO] (lattice_cell.c: 604): starting lattice cell
[INFO] (lattice_cell.c: 526): Initialise: started
[INFO] (data_specification.c: 78): magic = ad130ad6, version = 1.0
[INFO] (lattice_cell.c: 555): my key is 4544
[INFO] (lattice_cell.c: 562): I'm in position ( 17, 24)
[INFO] (lattice_cell.c: 568): my n key is 4288
[INFO] (lattice_cell.c: 574): my U_X = 0.0
[INFO] (lattice_cell.c: 575): my U_Y = -0.0004903926164843142
[INFO] (lattice_cell.c: 583): input_buffer initialised
[INFO] (recording.c: 563): Recording 1 regions, using output tag 0, size before trigger 7686388, time between triggers 50
[INFO] (recording.c: 665): Recording channel 0 configured to use 7686132 byte memory block starting at 0x64b90f74
[INFO] (lattice_cell.c: 588): Recording flags = 0x00000001
[INFO] (lattice_cell.c: 619): setting timer to execute every 200000 microseconds
[INFO] (lattice_cell.c: 627): Starting

[INFO] (simulation.c: 159): Setting the runtime of this model to 50 starting at 0
[INFO] (simulation.c: 161): Setting the flag of infinite run for this model to 0
[INFO] (simulation.c: 175): Resuming
[INFO] (lattice_cell.c: 455): on tick 0 of 50
[4288, 1038323245, 4800, 1038323251, 4536, 1038656483, 4552, 1037999643, 4296, 1037999645, 4808, 1037999647, 4792, 1038656487, 4280, 1038656481, 4289, 1038300909, 4801, 1038302612, 4553, 1038298927, 4537, 1038298929, 4297, 1038298501, 4809, 1038300200, 4793, 1038300204, 4802, 1038323251, 4281, 1038298501, 4538, 1037999645, 4290, 1038323245, 4556, 1021201487, 4557, 1021856392, 4558, 1021902203, 4283, 1038343241, 4796, 1021857723, 4303, 1021243848, 4543, 1021902205, 4797, 1021202706, 4815, 1021242217, 4798, 1021242221, 4799, 1021900876, 4794, 1037999651, 4803, 1038343946, 4282, 1037999645, 4811, 1038341534, 4804, 1021525396, 4284, 1021855944, 4806, 1021566730, 4813, 1021857719, 4807, 1021566730, 4285, 1021201079, 4814, 1021900872, 4298, 1038656481, 4291, 1038345649, 4810, 1038656483, 4299, 1038343241, 4539, 1038342809, 4300, 1021201079, 4292, 1021523693, 4554, 1038656481, 4795, 1038341538, 4301, 1021855944, 4302, 1021902655, 4540, 1021856394, 4293, 1021523693, 4555, 1038342807, 4294, 1021568433, 4295, 1021568433, 4286, 1021243848, 4287, 1021902655, 4812, 1021202702, 4805, 1021525396, 4559, 1021243434, 4541, 1021201489, 4542, 1021243436]
[INFO] (lattice_cell.c: 455): on tick 1 of 50
[INFO] (lattice_cell.c: 172): the unmatched_packets is 56
[4552, 1038072133, 4288, 1038322623, 4800, 1038322655, 4296, 1038072135, 4792, 1038575767, 4280, 1038575745, 4536, 1038575739, 4553, 1038301873, 4289, 1038303589, 4297, 1038301441, 4281, 1038305515, 4290, 1038323910, 4555, 1038349222, 4282, 1038072961, 4556, 1020951444, 4802, 1038323843, 4291, 1038347754, 4299, 1038349672, 4558, 1021720362, 4559, 1021411511, 4294, 1021235521, 4295, 1021891990, 4795, 1038343956, 4287, 1022154630, 4813, 1022108819, 4283, 1038345617, 4796, 1021678254, 4815, 1021409426, 4797, 1021367890, 4799, 1022151235, 4286, 1020994290, 4793, 1038307148, 4298, 1038576588, 4300, 1020950164, 4292, 1021191137, 4810, 1038576542, 4301, 1022108720, 4302, 1021719914, 4284, 1021674822, 4293, 1021846322, 4794, 1038072917, 4811, 1038347943, 4804, 1021194548, 4805, 1021846458, 4285, 1021367787, 4806, 1021235558, 4807, 1021888634, 4808, 1038072153, 4539, 1038345195, 4801, 1038305254, 4537, 1038305907, 4814, 1021719918, 4540, 1021676129, 4798, 1020994299, 4809, 1038303140, 4541, 1021367404, 4554, 1038576572, 4538, 1038072941, 4803, 1038346057, 4542, 1020994723, 4543, 1022153338, 4812, 1020953527, 4557, 1022108318, 4303, 1021412762]
[INFO] (lattice_cell.c: 455): on tick 2 of 50
[INFO] (lattice_cell.c: 172): the unmatched_packets is 56
[4552, 1038006771, 4536, 1038648147, 4288, 1038324432, 4800, 1038324478, 4296, 1038006765, 4808, 1038006785, 4792, 1038648163, 4280, 1038648141, 4553, 1038294938, 4297, 1038294482, 4281, 1038299905, 4554, 1038648273, 4801, 1038299464, 4809, 1038296235, 4298, 1038648267, 4282, 1038006874, 4291, 1038343035, 4556, 1021286702, 4283, 1038339766, 4558, 1021765442, 4541, 1021342093, 4302, 1021765914, 4812, 1021287923, 4806, 1021417243, 4795, 1038338075, 4285, 1021341764, 4807, 1021722270, 4286, 1021329639, 4537, 1038300335, 4289, 1038297741, 4796, 1021721455, 4797, 1021343176, 4798, 1021327979, 4799, 1021817369, 4287, 1021819132, 4299, 1038345213, 4793, 1038301618, 4292, 1021373798, 4300, 1021286286, 4301, 1021775340, 4802, 1038324928, 4538, 1038006882, 4290, 1038324918, 4803, 1038341316, 4794, 1038006890, 4303, 1021382875, 4294, 1021419005, 4811, 1038343474, 4804, 1021375478, 4540, 1021720185, 4295, 1021724007, 4813, 1021776899, 4284, 1021719765, 4293, 1021682034, 4810, 1038648277, 4539, 1038339356, 4555, 1038344767, 4557, 1021775700, 4814, 1021764099, 4559, 1021382407, 4815, 1021381154, 4805, 1021683502, 4542, 1021329224, 4543, 1021818666]
[INFO] (lattice_cell.c: 455): on tick 3 of 50
[INFO] (lattice_cell.c: 172): the unmatched_packets is 56
[4552, 1038021632, 4536, 1038627871, 4288, 1038322727, 4800, 1038322745, 4296, 1038021642, 4808, 1038021650, 4792, 1038627889, 4280, 1038627875, 4553, 1038302674, 4537, 1038306792, 4289, 1038303918, 4801, 1038305541, 4297, 1038302262, 4809, 1038303909, 4793, 1038308009, 4281, 1038306396, 4554, 1038629206, 4794, 1038022874, 4299, 1038350037, 4795, 1038344230, 4300, 1021054536, 4285, 1021333222, 4806, 1021374328, 4294, 1021374348, 4797, 1021333502, 4815, 1021375270, 4798, 1021098802, 4799, 1022037784, 4282, 1038022974, 4803, 1038345876, 4283, 1038345907, 4284, 1021709686, 4804, 1021331803, 4813, 1021993467, 4807, 1021751188, 4814, 1021756696, 4290, 1038324480, 4298, 1038629246, 4538, 1038022934, 4291, 1038347573, 4811, 1038348324, 4810, 1038629142, 4540, 1021711007, 4555, 1038349589, 4539, 1038345479, 4292, 1021328324, 4541, 1021332923, 4556, 1021055832, 4301, 1021993085, 4557, 1021992798, 4302, 1021756764, 4293, 1021708150, 4558, 1021757178, 4812, 1021057928, 4303, 1021378435, 4543, 1022039860, 4542, 1021099211, 4286, 1021098761, 4287, 1022041058, 4559, 1021377262, 4295, 1021754389, 4805, 1021708483, 4796, 1021713182, 4802, 1038324352]
[INFO] (lattice_cell.c: 455): on tick 4 of 50
[INFO] (lattice_cell.c: 172): the unmatched_packets is 56
[4552, 1038027298, 4536, 1038627951, 4800, 1038324402, 4288, 1038324296, 4296, 1038027268, 4792, 1038627991, 4537, 1038301122, 4809, 1038295151, 4554, 1038628620, 4298, 1038628612, 4299, 1038346484, 4558, 1021771812, 4542, 1021160061, 4543, 1021986205, 4294, 1021383409, 4295, 1021758352, 4286, 1021160449, 4815, 1021375688, 4797, 1021339109, 4798, 1021158847, 4799, 1021984839, 4802, 1038325570, 4283, 1038339123, 4794, 1038027964, 4284, 1021726595, 4803, 1038341491, 4285, 1021337974, 4804, 1021340687, 4808, 1038027348, 4795, 1038337428, 4553, 1038293818, 4805, 1021718862, 4280, 1038627917, 4806, 1021381723, 4289, 1038297451, 4801, 1038299188, 4297, 1038293362, 4290, 1038325553, 4813, 1021945622, 4807, 1021756475, 4796, 1021728329, 4291, 1038343238, 4814, 1021770504, 4282, 1038027938, 4793, 1038302411, 4300, 1021117812, 4292, 1021338974, 4301, 1021944332, 4293, 1021717648, 4810, 1038628627, 4811, 1038344719, 4539, 1038338709, 4538, 1038027960, 4540, 1021727012, 4555, 1038346034, 4556, 1021118247, 4541, 1021338158, 4557, 1021944570, 4559, 1021376973, 4812, 1021119472, 4287, 1021986773, 4281, 1038300692, 4302, 1021772269, 4303, 1021377546]
[INFO] (lattice_cell.c: 455): on tick 5 of 50
[INFO] (lattice_cell.c: 172): the unmatched_packets is 56
[4552, 1038027408, 4536, 1038621372, 4800, 1038322993, 4296, 1038027429, 4288, 1038322993, 4808, 1038027422, 4792, 1038621372, 4280, 1038621392, 4297, 1038302061, 4289, 1038303886, 4801, 1038305479, 4809, 1038303701, 4281, 1038307082, 4554, 1038622891, 4298, 1038622952, 4290, 1038325297, 4793, 1038308655, 4282, 1038028939, 4539, 1038344864, 4540, 1021717517, 4301, 1021930544, 4805, 1021714054, 4294, 1021369493, 4543, 1021977698, 4286, 1021160232, 4287, 1021978785, 4283, 1038345290, 4284, 1021716222, 4285, 1021327430, 4291, 1038347135, 4299, 1038350290, 4797, 1021327935, 4292, 1021321625, 4300, 1021114376, 4798, 1021160095, 4799, 1021975719, 4293, 1021713506, 4302, 1021765133, 4802, 1038325122, 4810, 1038622819, 4303, 1021372708, 4794, 1038028803, 4811, 1038348589, 4541, 1021327238, 4812, 1021117746, 4553, 1038302471, 4537, 1038307461, 4542, 1021160617, 4806, 1021369308, 4813, 1021931166, 4538, 1038028889, 4807, 1021756795, 4295, 1021759760, 4796, 1021719693, 4814, 1021764903, 4555, 1038349848, 4795, 1038343625, 4815, 1021369760, 4556, 1021115654, 4557, 1021930392, 4558, 1021765486, 4559, 1021371644, 4803, 1038345440, 4804, 1021325093]
[INFO] (lattice_cell.c: 455): on tick 6 of 50
[INFO] (lattice_cell.c: 172): the unmatched_packets is 56
[4552, 1038028518, 4536, 1038626184, 4800, 1038324164, 4288, 1038323992, 4296, 1038028468, 4792, 1038626256, 4280, 1038626134, 4289, 1038297429, 4554, 1038627348, 4281, 1038300577, 4801, 1038299180, 4290, 1038326039, 4291, 1038343589, 4539, 1038338749, 4301, 1021931105, 4302, 1021768255, 4303, 1021380726, 4542, 1021172461, 4543, 1021972327, 4537, 1038301001, 4283, 1038339169, 4796, 1021724990, 4815, 1021378656, 4798, 1021171361, 4799, 1021970868, 4285, 1021342197, 4287, 1021973023, 4809, 1038294847, 4793, 1038302315, 4298, 1038627326, 4810, 1038627344, 4297, 1038293048, 4808, 1038028591, 4299, 1038346724, 4794, 1038029677, 4803, 1038341824, 4804, 1021334229, 4300, 1021131240, 4292, 1021332394, 4805, 1021725558, 4806, 1021374866, 4812, 1021132991, 4795, 1038337460, 4807, 1021762084, 4284, 1021723145, 4293, 1021724637, 4813, 1021932128, 4294, 1021376369, 4295, 1021764135, 4797, 1021343068, 4538, 1038029670, 4553, 1038293518, 4802, 1038326055, 4555, 1038346272, 4540, 1021723646, 4556, 1021131729, 4286, 1021172769, 4282, 1038029646, 4557, 1021931235, 4558, 1021767901, 4559, 1021380058, 4811, 1038344951, 4814, 1021766669, 4541, 1021342251]
[INFO] (lattice_cell.c: 455): on tick 7 of 50
[INFO] (lattice_cell.c: 172): the unmatched_packets is 56
[4552, 1038023196, 4536, 1038625990, 4296, 1038023222, 4800, 1038322783, 4288, 1038322769, 4792, 1038625996, 4280, 1038626022, 4297, 1038301556, 4554, 1038627750, 4281, 1038307458, 4298, 1038627824, 4539, 1038344074, 4291, 1038347010, 4802, 1038325264, 4292, 1021324568, 4557, 1021926514, 4558, 1021761099, 4541, 1021332848, 4804, 1021327934, 4303, 1021377958, 4294, 1021374111, 4295, 1021755953, 4286, 1021164231, 4289, 1038304028, 4283, 1038344502, 4284, 1021710360, 4815, 1021375297, 4797, 1021333662, 4285, 1021332894, 4799, 1021972220, 4282, 1038024958, 4299, 1038350397, 4300, 1021117291, 4301, 1021926533, 4293, 1021710045, 4290, 1038325469, 4803, 1038345303, 4302, 1021760867, 4808, 1038023200, 4540, 1021711577, 4801, 1038305600, 4553, 1038301955, 4795, 1038342841, 4805, 1021710837, 4812, 1021120523, 4806, 1021373712, 4807, 1021753259, 4813, 1021927430, 4287, 1021975024, 4796, 1021713718, 4814, 1021760366, 4793, 1038309014, 4537, 1038307830, 4810, 1038627654, 4794, 1038024797, 4809, 1038303165, 4555, 1038349941, 4811, 1038348685, 4556, 1021118478, 4559, 1021377042, 4542, 1021164524, 4543, 1021974084, 4538, 1038024901, 4798, 1021163885]
[INFO] (lattice_cell.c: 455): on tick 8 of 50
[INFO] (lattice_cell.c: 172): the unmatched_packets is 56
[4552, 1038025406, 4536, 1038629116, 4800, 1038323988, 4288, 1038323772, 4296, 1038025344, 4792, 1038629210, 4280, 1038629055, 4808, 1038025500, 4553, 1038293001, 4297, 1038292533, 4809, 1038294345, 4556, 1021120757, 4299, 1038347260, 4283, 1038338860, 4541, 1021343711, 4559, 1021380750, 4301, 1021942052, 4292, 1021337758, 4542, 1021160730, 4543, 1021982853, 4813, 1021942802, 4284, 1021722689, 4815, 1021379257, 4285, 1021343808, 4797, 1021344369, 4799, 1021981265, 4801, 1038298972, 4286, 1021160938, 4287, 1021983675, 4290, 1038326569, 4298, 1038630848, 4282, 1038027121, 4291, 1038343582, 4300, 1021120167, 4802, 1038326568, 4794, 1038027140, 4803, 1038341806, 4289, 1038297216, 4281, 1038300905, 4811, 1038345480, 4302, 1021767573, 4537, 1038301343, 4303, 1021381545, 4539, 1038338438, 4805, 1021720397, 4795, 1038337139, 4812, 1021122116, 4293, 1021719759, 4806, 1021380124, 4540, 1021723300, 4807, 1021756249, 4793, 1038302653, 4294, 1021381413, 4295, 1021758564, 4796, 1021724744, 4814, 1021766202, 4810, 1038630861, 4554, 1038630874, 4804, 1021339790, 4538, 1038027151, 4555, 1038346811, 4557, 1021942021, 4558, 1021767315, 4798, 1021159756]
[INFO] (lattice_cell.c: 455): on tick 9 of 50
[INFO] (lattice_cell.c: 172): the unmatched_packets is 56
[4552, 1038024221, 4536, 1038624766, 4288, 1038322746, 4800, 1038322777, 4296, 1038024245, 4808, 1038024233, 4792, 1038624777, 4280, 1038624798, 4553, 1038301891, 4289, 1038303975, 4297, 1038301493, 4555, 1038350095, 4298, 1038626787, 4794, 1038025985, 4558, 1021765036, 4292, 1021324835, 4284, 1021713037, 4541, 1021330503, 4543, 1021981001, 4294, 1021375656, 4286, 1021157443, 4282, 1038026144, 4814, 1021764142, 4815, 1021372475, 4797, 1021331434, 4798, 1021156820, 4799, 1021979296, 4793, 1038309266, 4802, 1038325631, 4803, 1038345140, 4811, 1038348838, 4795, 1038342661, 4285, 1021330420, 4807, 1021752413, 4813, 1021934734, 4796, 1021716229, 4287, 1021981814, 4281, 1038307730, 4801, 1038305529, 4290, 1038325854, 4809, 1038303087, 4291, 1038346854, 4299, 1038350554, 4810, 1038626608, 4537, 1038308094, 4300, 1021109521, 4540, 1021714147, 4283, 1038344339, 4554, 1038626708, 4538, 1038026081, 4301, 1021933590, 4302, 1021764921, 4539, 1038343901, 4303, 1021374836, 4556, 1021110626, 4542, 1021157595, 4557, 1021933709, 4293, 1021709436, 4806, 1021374962, 4295, 1021754790, 4559, 1021374060, 4805, 1021710488, 4804, 1021328024, 4812, 1021112579]
[INFO] (lattice_cell.c: 455): on tick 10 of 50
[INFO] (lattice_cell.c: 172): the unmatched_packets is 56
[4552, 1038027924, 4536, 1038626035, 4296, 1038027849, 4800, 1038323668, 4288, 1038323419, 4280, 1038625969, 4792, 1038626147, 4553, 1038292952, 4537, 1038301389, 4297, 1038292482, 4554, 1038628297, 4281, 1038300948, 4538, 1038030160, 4298, 1038628291, 4558, 1021770067, 4301, 1021938765, 4805, 1021723346, 4541, 1021341427, 4293, 1021722988, 4542, 1021163462, 4294, 1021378285, 4295, 1021761408, 4287, 1021980447, 4282, 1038030142, 4797, 1021341944, 4798, 1021162630, 4799, 1021977743, 4285, 1021341643, 4290, 1038327030, 4809, 1038294284, 4793, 1038302710, 4291, 1038343621, 4299, 1038347327, 4808, 1038028034, 4802, 1038326996, 4810, 1038628270, 4300, 1021123161, 4289, 1038297224, 4794, 1038030134, 4801, 1038298972, 4803, 1038341841, 4811, 1038345563, 4804, 1021336921, 4292, 1021334624, 4539, 1038338405, 4812, 1021125342, 4302, 1021770185, 4795, 1038337102, 4806, 1021377265, 4284, 1021725243, 4303, 1021379022, 4807, 1021758858, 4540, 1021725968, 4813, 1021939253, 4555, 1038346880, 4556, 1021123887, 4814, 1021769059, 4796, 1021727537, 4557, 1021938615, 4283, 1038338828, 4815, 1021376463, 4559, 1021378084, 4543, 1021979477, 4286, 1021163513]
[INFO] (lattice_cell.c: 455): on tick 11 of 50
[INFO] (lattice_cell.c: 172): the unmatched_packets is 56
[4552, 1038025089, 4536, 1038623913, 4800, 1038322622, 4288, 1038322562, 4808, 1038025108, 4296, 1038025104, 4792, 1038623939, 4553, 1038301619, 4280, 1038623941, 4297, 1038301229, 4538, 1038027090, 4810, 1038625900, 4557, 1021927102, 4558, 1021764679, 4559, 1021374693, 4303, 1021375295, 4292, 1021321839, 4293, 1021712340, 4294, 1021373635, 4813, 1021928231, 4287, 1021974609, 4814, 1021763630, 4281, 1038307765, 4796, 1021714881, 4815, 1021373246, 4797, 1021333029, 4798, 1021163269, 4799, 1021972373, 4802, 1038325865, 4283, 1038344141, 4803, 1038345177, 4794, 1038026998, 4811, 1038348941, 4805, 1021713615, 4812, 1021118591, 4801, 1038305488, 4806, 1021372661, 4795, 1038342457, 4286, 1021164170, 4537, 1038308129, 4289, 1038303958, 4809, 1038302817, 4298, 1038626079, 4290, 1038326077, 4299, 1038350673, 4282, 1038027146, 4300, 1021115804, 4554, 1038626014, 4291, 1038346917, 4793, 1038309309, 4301, 1021926862, 4302, 1021764702, 4555, 1038350207, 4539, 1038343702, 4556, 1021116747, 4284, 1021711912, 4804, 1021324812, 4295, 1021756711, 4540, 1021712915, 4807, 1021754629, 4285, 1021331781, 4541, 1021331988, 4542, 1021164183, 4543, 1021973941]
[INFO] (lattice_cell.c: 455): on tick 12 of 50
[INFO] (lattice_cell.c: 172): the unmatched_packets is 56
[4552, 1038026159, 4536, 1038627448, 4296, 1038026087, 4288, 1038323113, 4537, 1038301692, 4555, 1038347019, 4538, 1038028929, 4558, 1021768028, 4292, 1021335130, 4795, 1038336781, 4540, 1021723549, 4542, 1021165114, 4285, 1021344124, 4286, 1021165025, 4287, 1021978769, 4796, 1021725273, 4281, 1038301239, 4797, 1021344199, 4798, 1021164411, 4282, 1038028917, 4799, 1021975823, 4809, 1038294113, 4802, 1038327370, 4794, 1038028878, 4805, 1021722312, 4284, 1021722665, 4812, 1021127230, 4806, 1021378497, 4280, 1038627386, 4289, 1038297295, 4807, 1021757733, 4297, 1038292307, 4290, 1038327448, 4298, 1038630241, 4814, 1021767174, 4299, 1038347465, 4291, 1038343546, 4800, 1038323383, 4792, 1038627556, 4300, 1021124777, 4801, 1038299041, 4301, 1021936649, 4553, 1038292770, 4302, 1021768036, 4810, 1038630176, 4554, 1038630237, 4303, 1021381487, 4539, 1038338084, 4803, 1038341769, 4804, 1021337741, 4293, 1021722178, 4556, 1021125630, 4294, 1021379255, 4295, 1021760532, 4557, 1021936364, 4811, 1038345704, 4813, 1021936900, 4283, 1038338503, 4559, 1021380444, 4815, 1021378715, 4541, 1021343798, 4543, 1021977677, 4793, 1038302995, 4808, 1038026280]
[INFO] (lattice_cell.c: 455): on tick 13 of 50
[INFO] (lattice_cell.c: 172): the unmatched_packets is 56
[4552, 1038023633, 4536, 1038625316, 4288, 1038322455, 4296, 1038023638, 4800, 1038322552, 4792, 1038625356, 4280, 1038625320, 4297, 1038300926, 4290, 1038326349, 4298, 1038627695, 4539, 1038343640, 4291, 1038346957, 4555, 1038350283, 4299, 1038350753, 4540, 1021712545, 4282, 1038025895, 4283, 1038344092, 4293, 1021710598, 4558, 1021764830, 4302, 1021765019, 4805, 1021712039, 4285, 1021333366, 4295, 1021753750, 4806, 1021375103, 4287, 1021977957, 4289, 1038303751, 4538, 1038025840, 4796, 1021714397, 4284, 1021711701, 4815, 1021373880, 4797, 1021334775, 4798, 1021159165, 4799, 1021975956, 4801, 1038305269, 4793, 1038309149, 4802, 1038326149, 4810, 1038627531, 4794, 1038025753, 4803, 1038345190, 4292, 1021324081, 4300, 1021111896, 4301, 1021930991, 4804, 1021326794, 4812, 1021114421, 4294, 1021376393, 4303, 1021375688, 4807, 1021751927, 4813, 1021932543, 4281, 1038307610, 4286, 1021160345, 4814, 1021763637, 4808, 1038023677, 4809, 1038302502, 4541, 1021333672, 4553, 1038301310, 4537, 1038307975, 4554, 1038627634, 4811, 1038349006, 4556, 1021112709, 4557, 1021931316, 4542, 1021160201, 4559, 1021375171, 4543, 1021977379, 4795, 1038342379]
[INFO] (lattice_cell.c: 455): on tick 14 of 50
[INFO] (lattice_cell.c: 172): the unmatched_packets is 56
[4552, 1038025636, 4800, 1038323086, 4536, 1038627548, 4288, 1038322821, 4296, 1038025575, 4553, 1038292899, 4792, 1038627660, 4537, 1038302807, 4555, 1038347834, 4298, 1038630812, 4300, 1021120264, 4807, 1021756822, 4541, 1021342191, 4543, 1021981895, 4294, 1021379738, 4286, 1021160909, 4287, 1021983094, 4815, 1021377166, 4797, 1021342509, 4799, 1021979924, 4808, 1038025763, 4802, 1038327716, 4811, 1038346531, 4805, 1021721161, 4812, 1021122989, 4806, 1021379232, 4283, 1038338306, 4795, 1038336591, 4280, 1038627503, 4813, 1021940418, 4289, 1038297626, 4297, 1038292432, 4538, 1038028839, 4814, 1021766074, 4290, 1038327840, 4796, 1021723302, 4285, 1021342602, 4281, 1038302364, 4798, 1021160549, 4299, 1038348277, 4301, 1021940325, 4292, 1021334832, 4302, 1021766676, 4303, 1021380103, 4539, 1038337888, 4293, 1021721218, 4809, 1038294221, 4295, 1021759820, 4284, 1021720381, 4540, 1021721419, 4554, 1038630779, 4801, 1038299347, 4793, 1038304117, 4804, 1021337747, 4282, 1038028840, 4542, 1021161133, 4556, 1021121269, 4557, 1021939962, 4291, 1038343553, 4558, 1021766827, 4559, 1021378981, 4810, 1038630698, 4794, 1038028759, 4803, 1038341780]
[INFO] (lattice_cell.c: 455): on tick 15 of 50
[INFO] (lattice_cell.c: 172): the unmatched_packets is 56
[4552, 1038027416, 4536, 1038621240, 4800, 1038322393, 4296, 1038027392, 4288, 1038322222, 4808, 1038027481, 4792, 1038621291, 4280, 1038621222, 4553, 1038300855, 4537, 1038307420, 4801, 1038304207, 4297, 1038300480, 4289, 1038302668, 4809, 1038302059, 4793, 1038308617, 4281, 1038307051, 4554, 1038623861, 4538, 1038029926, 4298, 1038623914, 4282, 1038029956, 4556, 1021116070, 4291, 1038346279, 4803, 1038344493, 4557, 1021929007, 4811, 1038348826, 4283, 1038344037, 4293, 1021712828, 4543, 1021974000, 4806, 1021376786, 4295, 1021754612, 4286, 1021163582, 4815, 1021366404, 4798, 1021162144, 4799, 1021972658, 4284, 1021720726, 4804, 1021328447, 4812, 1021117634, 4796, 1021723134, 4813, 1021930264, 4807, 1021752980, 4287, 1021974480, 4290, 1038326651, 4797, 1021328364, 4539, 1038343573, 4299, 1038350567, 4810, 1038623769, 4794, 1038029842, 4292, 1021325973, 4300, 1021115398, 4795, 1038342294, 4555, 1038350105, 4301, 1021928611, 4541, 1021327221, 4302, 1021773888, 4542, 1021163316, 4303, 1021368044, 4540, 1021721440, 4294, 1021378313, 4558, 1021773570, 4559, 1021367603, 4814, 1021772224, 4285, 1021326880, 4802, 1038326463, 4805, 1021714367]
[INFO] (lattice_cell.c: 455): on tick 16 of 50
[INFO] (lattice_cell.c: 172): the unmatched_packets is 56
[4552, 1038018715, 4536, 1038634572, 4800, 1038322879, 4288, 1038322624, 4296, 1038018664, 4280, 1038634539, 4553, 1038293806, 4801, 1038299958, 4289, 1038298270, 4282, 1038022036, 4300, 1021114893, 4803, 1038341983, 4559, 1021405597, 4301, 1021941223, 4292, 1021325251, 4541, 1021369127, 4294, 1021371541, 4815, 1021403781, 4796, 1021705618, 4281, 1038300261, 4797, 1021369419, 4798, 1021155984, 4799, 1021981671, 4793, 1038301972, 4808, 1038018831, 4792, 1038634676, 4802, 1038327920, 4794, 1038021930, 4283, 1038338785, 4805, 1021728109, 4812, 1021117895, 4806, 1021371259, 4807, 1021763943, 4795, 1038337071, 4286, 1021156150, 4287, 1021984968, 4814, 1021750127, 4297, 1038293363, 4537, 1038300683, 4290, 1038328092, 4298, 1038637952, 4554, 1038637910, 4538, 1038022014, 4291, 1038343766, 4299, 1038345738, 4555, 1038345296, 4556, 1021116014, 4810, 1038637812, 4557, 1021940799, 4539, 1038338358, 4811, 1038343988, 4558, 1021750800, 4302, 1021750516, 4303, 1021406732, 4540, 1021703510, 4293, 1021728245, 4542, 1021156463, 4543, 1021983712, 4295, 1021767012, 4285, 1021369568, 4809, 1038295106, 4804, 1021328488, 4813, 1021941230, 4284, 1021702300]
[INFO] (lattice_cell.c: 455): on tick 17 of 50
[INFO] (lattice_cell.c: 172): the unmatched_packets is 56
[4552, 1038042338, 4536, 1038605301, 4800, 1038322011, 4296, 1038042292, 4288, 1038321772, 4808, 1038042455, 4792, 1038605394, 4280, 1038605269, 4553, 1038300196, 4537, 1038307546, 4801, 1038306357, 4297, 1038299801, 4809, 1038301419, 4289, 1038304796, 4793, 1038308771, 4281, 1038307144, 4554, 1038608706, 4538, 1038045602, 4298, 1038608754, 4290, 1038327163, 4810, 1038608593, 4794, 1038045510, 4282, 1038045632, 4557, 1021913854, 4292, 1021343510, 4284, 1021773913, 4806, 1021393351, 4543, 1021957766, 4295, 1021727396, 4807, 1021725837, 4287, 1021958203, 4815, 1021313238, 4798, 1021178757, 4799, 1021956485, 4811, 1038349434, 4795, 1038342109, 4804, 1021345699, 4812, 1021134934, 4283, 1038343854, 4796, 1021775993, 4805, 1021688187, 4813, 1021915105, 4814, 1021823585, 4797, 1021275359, 4802, 1038326969, 4285, 1021273835, 4539, 1038343396, 4299, 1038351162, 4555, 1038350712, 4291, 1038348900, 4540, 1021774468, 4556, 1021133474, 4300, 1021132918, 4541, 1021274206, 4301, 1021913436, 4558, 1021824994, 4293, 1021686649, 4559, 1021314421, 4302, 1021825434, 4542, 1021180022, 4303, 1021314842, 4294, 1021395087, 4803, 1038347102, 4286, 1021180378]
[INFO] (lattice_cell.c: 455): on tick 18 of 50
[INFO] (lattice_cell.c: 172): the unmatched_packets is 56
[4552, 1037997956, 4536, 1038656010, 4800, 1038323042, 4296, 1037997911, 4808, 1037998062, 4288, 1038322794, 4792, 1038656100, 4280, 1038655983, 4553, 1038291383, 4801, 1038299894, 4809, 1038292644, 4297, 1038290967, 4289, 1038298269, 4793, 1038304641, 4281, 1038302982, 4554, 1038659136, 4298, 1038659175, 4540, 1021602436, 4299, 1038347928, 4557, 1021972734, 4558, 1021652739, 4559, 1021495158, 4805, 1021781469, 4806, 1021320434, 4295, 1021819842, 4287, 1022017378, 4796, 1021604718, 4815, 1021493379, 4797, 1021459957, 4798, 1021133866, 4799, 1022014000, 4802, 1038327863, 4810, 1038659042, 4803, 1038341444, 4291, 1038343244, 4795, 1038334124, 4814, 1021652091, 4537, 1038303390, 4290, 1038328030, 4804, 1021275295, 4292, 1021271756, 4282, 1038001066, 4300, 1021091150, 4538, 1038001050, 4301, 1021973183, 4293, 1021781644, 4284, 1021601084, 4555, 1038347468, 4302, 1021652391, 4294, 1021320641, 4807, 1021816773, 4541, 1021459691, 4539, 1038335420, 4303, 1021496295, 4556, 1021092373, 4794, 1038000962, 4811, 1038346164, 4542, 1021134292, 4283, 1038335870, 4285, 1021460131, 4543, 1022016086, 4286, 1021133892, 4812, 1021094379, 4813, 1021973142]
[INFO] (lattice_cell.c: 455): on tick 19 of 50
[INFO] (lattice_cell.c: 172): the unmatched_packets is 56
[4552, 1038045431, 4536, 1038601697, 4296, 1038045395, 4288, 1038321101, 4800, 1038321380, 4808, 1038045555, 4792, 1038601800, 4280, 1038601662, 4553, 1038300168, 4297, 1038299764, 4801, 1038303720, 4554, 1038605791, 4793, 1038307273, 4298, 1038605855, 4299, 1038350151, 4557, 1021878806, 4558, 1021928703, 4804, 1021446142, 4559, 1021215443, 4542, 1021213580, 4294, 1021493609, 4295, 1021637483, 4807, 1021635960, 4286, 1021213975, 4287, 1021923295, 4281, 1038305587, 4815, 1021214287, 4797, 1021177278, 4798, 1021212345, 4799, 1021921574, 4802, 1038327563, 4810, 1038605658, 4811, 1038348451, 4291, 1038346779, 4795, 1038342613, 4290, 1038327814, 4300, 1021168787, 4283, 1038344359, 4292, 1021444118, 4301, 1021878384, 4293, 1021596800, 4302, 1021929204, 4813, 1021880072, 4796, 1021880783, 4814, 1021927248, 4803, 1038344979, 4809, 1038301413, 4282, 1038049405, 4303, 1021215842, 4284, 1021878867, 4794, 1038049249, 4285, 1021175774, 4541, 1021176144, 4289, 1038302113, 4537, 1038306003, 4812, 1021170593, 4538, 1038049365, 4806, 1021491863, 4555, 1038349719, 4539, 1038343909, 4556, 1021169267, 4540, 1021879367, 4805, 1021598370, 4543, 1021922853]
[INFO] (lattice_cell.c: 455): on tick 20 of 50
[INFO] (lattice_cell.c: 172): the unmatched_packets is 56
[4552, 1038034805, 4536, 1038617868, 4800, 1038323024, 4808, 1038034931, 4288, 1038322724, 4296, 1038034744, 4792, 1038617969, 4280, 1038617819, 4289, 1038299911, 4281, 1038303378, 4554, 1038621248, 4538, 1038038164, 4290, 1038328263, 4793, 1038304969, 4298, 1038621281, 4291, 1038344321, 4556, 1021031659, 4558, 1021626818, 4806, 1021217705, 4295, 1021917946, 4286, 1021076319, 4282, 1038038170, 4283, 1038338204, 4796, 1021578064, 4285, 1021485789, 4797, 1021485653, 4798, 1021076176, 4799, 1022061851, 4299, 1038347755, 4297, 1038293863, 4300, 1021030378, 4802, 1038328124, 4292, 1021166184, 4810, 1038621149, 4794, 1038038091, 4302, 1021626458, 4293, 1021880439, 4811, 1038345962, 4303, 1021523406, 4294, 1021217961, 4805, 1021880228, 4284, 1021574360, 4553, 1038294269, 4812, 1021033754, 4801, 1038301451, 4809, 1038295510, 4539, 1038337754, 4537, 1038303750, 4807, 1021914914, 4813, 1022021900, 4555, 1038347287, 4540, 1021575719, 4815, 1021520425, 4557, 1022021519, 4804, 1021169884, 4541, 1021485356, 4559, 1021522270, 4795, 1038336464, 4542, 1021076694, 4543, 1022063928, 4287, 1022065229, 4814, 1021626154, 4301, 1022021984, 4803, 1038342478]
[INFO] (lattice_cell.c: 455): on tick 21 of 50
[INFO] (lattice_cell.c: 172): the unmatched_packets is 56
[4552, 1037982148, 4800, 1038321399, 4536, 1038666296, 4288, 1038321157, 4792, 1038666399, 4296, 1037982111, 4280, 1038666276, 4538, 1037986197, 4803, 1038345271, 4557, 1021806740, 4300, 1021247442, 4804, 1021472792, 4559, 1021313515, 4540, 1021775320, 4806, 1021517968, 4813, 1021807985, 4542, 1021289694, 4807, 1021608864, 4295, 1021610374, 4286, 1021290049, 4287, 1021851551, 4814, 1021824334, 4815, 1021312501, 4798, 1021288510, 4799, 1021849769, 4281, 1038306122, 4793, 1038307845, 4810, 1038670381, 4283, 1038342644, 4811, 1038349507, 4795, 1038340871, 4805, 1021572849, 4289, 1038301807, 4297, 1038297475, 4796, 1021776865, 4290, 1038327778, 4298, 1038670614, 4797, 1021278491, 4299, 1038351232, 4291, 1038347038, 4282, 1037986246, 4808, 1037982267, 4537, 1038306560, 4301, 1021806345, 4292, 1021470783, 4302, 1021826159, 4539, 1038342179, 4303, 1021313802, 4801, 1038303480, 4553, 1038297885, 4802, 1038327497, 4809, 1038299141, 4293, 1021571392, 4554, 1038670543, 4294, 1021519706, 4794, 1037986067, 4555, 1038350792, 4556, 1021247897, 4284, 1021774759, 4541, 1021277396, 4285, 1021276999, 4812, 1021249138, 4558, 1021825725, 4543, 1021851087]
[INFO] (lattice_cell.c: 455): on tick 22 of 50
[INFO] (lattice_cell.c: 172): the unmatched_packets is 56
[4552, 1038068982, 4536, 1038583154, 4800, 1038322288, 4296, 1038068898, 4288, 1038321894, 4792, 1038583290, 4280, 1038583095, 4808, 1038069131, 4553, 1038294793, 4537, 1038302797, 4801, 1038300800, 4297, 1038294425, 4793, 1038304024, 4809, 1038295992, 4554, 1038586937, 4538, 1038072736, 4290, 1038328903, 4298, 1038586963, 4282, 1038072733, 4802, 1038328746, 4291, 1038343176, 4556, 1020976253, 4811, 1038344557, 4292, 1021269466, 4558, 1021800888, 4300, 1020974977, 4542, 1021022263, 4543, 1022121022, 4807, 1021816305, 4294, 1021321384, 4287, 1022122271, 4815, 1021353699, 4797, 1021317923, 4798, 1021021705, 4799, 1022118960, 4810, 1038586844, 4803, 1038341353, 4795, 1038336454, 4812, 1020978368, 4806, 1021320999, 4813, 1022077918, 4796, 1021750949, 4814, 1021800071, 4285, 1021318164, 4281, 1038302384, 4289, 1038299279, 4299, 1038346255, 4283, 1038338213, 4540, 1021748718, 4794, 1038072664, 4301, 1022077866, 4293, 1021779914, 4302, 1021800676, 4541, 1021317661, 4555, 1038345816, 4539, 1038337739, 4303, 1021356851, 4286, 1021021894, 4295, 1021819426, 4557, 1022077448, 4284, 1021747465, 4804, 1021273074, 4559, 1021355620, 4805, 1021779802]
[INFO] (lattice_cell.c: 455): on tick 23 of 50
[INFO] (lattice_cell.c: 172): the unmatched_packets is 56
[4552, 1038016538, 4536, 1038630229, 4296, 1038016496, 4800, 1038321458, 4288, 1038321202, 4808, 1038016646, 4792, 1038630320, 4280, 1038630223, 4553, 1038298756, 4537, 1038307171, 4801, 1038304538, 4297, 1038298336, 4289, 1038302942, 4809, 1038300037, 4793, 1038308428, 4281, 1038306774, 4538, 1038020778, 4293, 1021739885, 4542, 1021255377, 4796, 1021676587, 4543, 1021878241, 4294, 1021346955, 4295, 1021775837, 4815, 1021410596, 4797, 1021376875, 4798, 1021254245, 4799, 1021876978, 4810, 1038634497, 4284, 1021674313, 4803, 1038346787, 4811, 1038350564, 4285, 1021375353, 4804, 1021299327, 4805, 1021741297, 4812, 1021214149, 4802, 1038327891, 4806, 1021345455, 4794, 1038020646, 4290, 1038328185, 4298, 1038634768, 4807, 1021774524, 4554, 1038634677, 4291, 1038348673, 4299, 1038352380, 4555, 1038351905, 4795, 1038342206, 4300, 1021212286, 4556, 1021212806, 4292, 1021297020, 4539, 1038343523, 4557, 1021836648, 4301, 1021836316, 4558, 1021723650, 4302, 1021723928, 4540, 1021674982, 4559, 1021411562, 4814, 1021722420, 4303, 1021411848, 4813, 1021837792, 4286, 1021255697, 4282, 1038020842, 4283, 1038343985, 4541, 1021375776, 4287, 1021878728]
[INFO] (lattice_cell.c: 455): on tick 24 of 50
[INFO] (lattice_cell.c: 172): the unmatched_packets is 56
[4552, 1038003932, 4536, 1038649190, 4296, 1038003831, 4800, 1038322341, 4792, 1038649348, 4280, 1038649127, 4808, 1038004108, 4553, 1038292993, 4537, 1038303226, 4801, 1038300338, 4809, 1038294192, 4793, 1038304463, 4281, 1038302792, 4297, 1038292618, 4538, 1038008202, 4290, 1038328710, 4298, 1038653553, 4282, 1038008194, 4555, 1038345785, 4802, 1038328564, 4291, 1038342202, 4283, 1038335973, 4540, 1021714725, 4556, 1021118989, 4292, 1021369969, 4558, 1021769388, 4806, 1021422796, 4303, 1021386942, 4813, 1021940374, 4299, 1038346198, 4284, 1021713534, 4285, 1021348753, 4288, 1038321949, 4289, 1038298764, 4286, 1021164203, 4815, 1021383921, 4797, 1021348648, 4798, 1021163740, 4799, 1021983696, 4287, 1021987137, 4300, 1021117865, 4293, 1021681877, 4794, 1038008118, 4301, 1021940271, 4302, 1021769269, 4294, 1021423530, 4803, 1038340470, 4295, 1021721692, 4811, 1038344560, 4542, 1021164416, 4804, 1021373328, 4795, 1038334233, 4805, 1021681724, 4554, 1038653524, 4807, 1021718528, 4796, 1021716946, 4810, 1038653408, 4814, 1021768421, 4539, 1038335516, 4541, 1021348330, 4812, 1021120954, 4557, 1021939863, 4559, 1021385780, 4543, 1021985834]
[INFO] (lattice_cell.c: 455): on tick 25 of 50
[INFO] (lattice_cell.c: 172): the unmatched_packets is 56
[4552, 1038033954, 4536, 1038613149, 4296, 1038033920, 4288, 1038320607, 4800, 1038320896, 4808, 1038034065, 4792, 1038613246, 4280, 1038613141, 4553, 1038299353, 4537, 1038306714, 4289, 1038302348, 4297, 1038298976, 4801, 1038303937, 4809, 1038300594, 4793, 1038307985, 4281, 1038306305, 4538, 1038038361, 4282, 1038038421, 4539, 1038344515, 4299, 1038352296, 4291, 1038348480, 4540, 1021742305, 4283, 1038345026, 4557, 1021984118, 4300, 1021064352, 4559, 1021345767, 4805, 1021710713, 4285, 1021311823, 4295, 1021745289, 4287, 1022025195, 4807, 1021743871, 4286, 1021106962, 4292, 1021330278, 4798, 1021105878, 4799, 1022023502, 4301, 1021983809, 4293, 1021709413, 4810, 1038617585, 4302, 1021791680, 4303, 1021346092, 4794, 1038038222, 4294, 1021378494, 4811, 1038350475, 4290, 1038328506, 4298, 1038617857, 4804, 1021332800, 4795, 1038343136, 4812, 1021066544, 4806, 1021377321, 4796, 1021744000, 4542, 1021106819, 4543, 1022024743, 4284, 1021741527, 4815, 1021344778, 4797, 1021313103, 4802, 1038328177, 4803, 1038346552, 4554, 1038617769, 4555, 1038351825, 4813, 1021985225, 4556, 1021065051, 4541, 1021312143, 4558, 1021791468, 4814, 1021790307]
[INFO] (lattice_cell.c: 455): on tick 26 of 50
[INFO] (lattice_cell.c: 172): the unmatched_packets is 56
[4552, 1038039610, 4536, 1038611962, 4288, 1038321621, 4800, 1038322073, 4808, 1038039798, 4296, 1038039500, 4280, 1038611895, 4792, 1038612118, 4553, 1038293875, 4537, 1038303297, 4289, 1038299328, 4297, 1038293483, 4793, 1038304536, 4809, 1038295092, 4281, 1038302872, 4801, 1038300860, 4554, 1038616388, 4538, 1038044002, 4290, 1038329573, 4298, 1038616418, 4810, 1038616276, 4794, 1038043931, 4802, 1038329402, 4555, 1038345564, 4282, 1038043987, 4811, 1038344337, 4291, 1038342452, 4299, 1038345969, 4557, 1021916127, 4300, 1021137451, 4804, 1021305225, 4558, 1021776909, 4797, 1021341915, 4541, 1021341487, 4814, 1021775813, 4542, 1021185760, 4543, 1021961725, 4815, 1021378570, 4286, 1021185705, 4287, 1021962968, 4799, 1021959666, 4803, 1038340699, 4796, 1021724397, 4284, 1021721236, 4805, 1021746601, 4813, 1021916692, 4285, 1021341831, 4795, 1038334835, 4807, 1021783397, 4798, 1021184884, 4812, 1021140312, 4292, 1021302000, 4283, 1038336501, 4293, 1021746543, 4301, 1021916478, 4806, 1021356056, 4302, 1021776928, 4303, 1021381487, 4294, 1021357020, 4295, 1021786367, 4539, 1038336078, 4556, 1021138435, 4540, 1021722303, 4559, 1021380400]
[INFO] (lattice_cell.c: 455): on tick 27 of 50
[INFO] (lattice_cell.c: 172): the unmatched_packets is 56
[4552, 1038014871, 4536, 1038631978, 4800, 1038320955, 4296, 1038014830, 4288, 1038320667, 4280, 1038631977, 4792, 1038632079, 4808, 1038014991, 4537, 1038306671, 4297, 1038298229, 4289, 1038302556, 4801, 1038304136, 4281, 1038306254, 4538, 1038019546, 4298, 1038636996, 4290, 1038328411, 4555, 1038352002, 4539, 1038344005, 4291, 1038348925, 4299, 1038352485, 4283, 1038344528, 4300, 1021148800, 4284, 1021695630, 4295, 1021750483, 4286, 1021190512, 4287, 1021942475, 4282, 1038019607, 4815, 1021388047, 4797, 1021357238, 4798, 1021189679, 4793, 1038307942, 4810, 1038636698, 4292, 1021322221, 4794, 1038019394, 4293, 1021717051, 4301, 1021901387, 4811, 1038350642, 4809, 1038299855, 4553, 1038298604, 4812, 1021151151, 4302, 1021745537, 4805, 1021718069, 4294, 1021371718, 4540, 1021696571, 4806, 1021370715, 4802, 1038328100, 4813, 1021902540, 4541, 1021356391, 4554, 1038636886, 4807, 1021748949, 4303, 1021389461, 4796, 1021698413, 4803, 1038346967, 4814, 1021744483, 4285, 1021356151, 4542, 1021190491, 4556, 1021149571, 4795, 1038342612, 4799, 1021940526, 4557, 1021901572, 4543, 1021941872, 4558, 1021745488, 4804, 1021325018, 4559, 1021389072]
[INFO] (lattice_cell.c: 455): on tick 28 of 50
[INFO] (lattice_cell.c: 172): the unmatched_packets is 56
[4552, 1038015865, 4536, 1038636290, 4296, 1038015751, 4288, 1038321296, 4800, 1038321769, 4792, 1038636473, 4280, 1038636208, 4537, 1038303677, 4297, 1038292889, 4289, 1038299125, 4538, 1038020949, 4298, 1038641478, 4555, 1038345767, 4290, 1038329494, 4539, 1038335312, 4291, 1038342083, 4557, 1021952649, 4540, 1021717787, 4293, 1021702167, 4541, 1021344636, 4543, 1021999590, 4295, 1021742748, 4286, 1021150377, 4795, 1038334067, 4813, 1021953362, 4281, 1038303248, 4796, 1021719808, 4815, 1021381283, 4797, 1021345177, 4798, 1021149358, 4799, 1021997578, 4285, 1021344850, 4809, 1038294457, 4287, 1022000736, 4793, 1038304915, 4802, 1038329312, 4299, 1038346161, 4300, 1021102703, 4803, 1038340362, 4292, 1021347660, 4794, 1038020860, 4808, 1038016082, 4811, 1038344562, 4801, 1038300676, 4301, 1021952866, 4805, 1021702462, 4812, 1021105307, 4302, 1021774064, 4806, 1021401539, 4553, 1038293264, 4810, 1038641303, 4303, 1021383921, 4554, 1038641442, 4294, 1021402807, 4804, 1021350617, 4556, 1021103563, 4284, 1021716826, 4558, 1021773901, 4542, 1021150324, 4807, 1021739947, 4559, 1021382951, 4282, 1038020949, 4283, 1038335765, 4814, 1021772663]
[INFO] (lattice_cell.c: 455): on tick 29 of 50
[INFO] (lattice_cell.c: 172): the unmatched_packets is 56
[4552, 1038029179, 4536, 1038617562, 4288, 1038320413, 4800, 1038320735, 4296, 1038029135, 4792, 1038617670, 4280, 1038617555, 4297, 1038298575, 4281, 1038306125, 4554, 1038622467, 4290, 1038328945, 4539, 1038344402, 4559, 1021357536, 4302, 1021779189, 4284, 1021728444, 4807, 1021745824, 4543, 1021994964, 4813, 1021956794, 4294, 1021375123, 4286, 1021135872, 4287, 1021995676, 4289, 1038302171, 4796, 1021731479, 4815, 1021356425, 4797, 1021326900, 4798, 1021135279, 4799, 1021993541, 4282, 1038033891, 4793, 1038307786, 4298, 1038622566, 4285, 1021326114, 4291, 1038348617, 4299, 1038352410, 4300, 1021093395, 4794, 1038033692, 4292, 1021325964, 4283, 1038344937, 4301, 1021955894, 4811, 1038350567, 4293, 1021714412, 4303, 1021358063, 4812, 1021096064, 4806, 1021374419, 4801, 1038303730, 4795, 1038342988, 4808, 1038029315, 4809, 1038300168, 4553, 1038298935, 4537, 1038306523, 4295, 1021747554, 4540, 1021729489, 4538, 1038033836, 4814, 1021778335, 4555, 1038351932, 4541, 1021326207, 4556, 1021094359, 4802, 1038328604, 4810, 1038622281, 4542, 1021136001, 4805, 1021715166, 4557, 1021955951, 4803, 1038346634, 4558, 1021779237, 4804, 1021329034]
[INFO] (lattice_cell.c: 455): on tick 30 of 50
[INFO] (lattice_cell.c: 172): the unmatched_packets is 56
[4552, 1038033741, 4536, 1038617257, 4296, 1038033624, 4800, 1038321468, 4288, 1038320973, 4792, 1038617434, 4289, 1038299508, 4281, 1038303915, 4554, 1038622511, 4290, 1038330133, 4298, 1038622557, 4291, 1038342486, 4282, 1038038954, 4540, 1021721291, 4283, 1038336320, 4301, 1021922469, 4541, 1021338114, 4295, 1021773387, 4286, 1021179324, 4287, 1021970222, 4796, 1021723176, 4815, 1021375314, 4797, 1021338801, 4798, 1021177990, 4799, 1021967319, 4284, 1021720459, 4801, 1038301045, 4809, 1038295037, 4793, 1038305594, 4802, 1038329915, 4810, 1038622374, 4285, 1021338188, 4280, 1038617186, 4297, 1038293448, 4803, 1038340749, 4794, 1038038855, 4804, 1021317152, 4808, 1038033955, 4299, 1038346844, 4805, 1021733966, 4812, 1021133630, 4553, 1038293837, 4806, 1021368817, 4537, 1038304352, 4795, 1038334641, 4300, 1021131285, 4807, 1021770933, 4813, 1021923196, 4539, 1038335888, 4538, 1038038958, 4292, 1021314401, 4555, 1038346454, 4814, 1021775799, 4302, 1021777429, 4556, 1021132015, 4811, 1038345253, 4557, 1021922369, 4293, 1021733430, 4303, 1021377699, 4558, 1021777170, 4559, 1021376865, 4542, 1021179123, 4543, 1021969224, 4294, 1021370313]
[INFO] (lattice_cell.c: 455): on tick 31 of 50
[INFO] (lattice_cell.c: 172): the unmatched_packets is 56
[4552, 1038019990, 4536, 1038626659, 4296, 1038019932, 4288, 1038320242, 4800, 1038320612, 4808, 1038020141, 4792, 1038626782, 4553, 1038298437, 4289, 1038301589, 4297, 1038298083, 4281, 1038305602, 4290, 1038328876, 4298, 1038631960, 4555, 1038351294, 4556, 1021136326, 4557, 1021915127, 4292, 1021321794, 4302, 1021756499, 4807, 1021751417, 4295, 1021753389, 4815, 1021379816, 4797, 1021350508, 4798, 1021177182, 4799, 1021952869, 4282, 1038024975, 4810, 1038631670, 4802, 1038328567, 4794, 1038024795, 4803, 1038345940, 4811, 1038349941, 4804, 1021325137, 4812, 1021138167, 4806, 1021371864, 4813, 1021915813, 4796, 1021708694, 4285, 1021349999, 4287, 1021955330, 4280, 1038626647, 4801, 1038303134, 4809, 1038299666, 4793, 1038307277, 4291, 1038347935, 4299, 1038351774, 4539, 1038343807, 4300, 1021135279, 4537, 1038306008, 4301, 1021915214, 4540, 1021706568, 4554, 1038631861, 4538, 1038024938, 4293, 1021721528, 4795, 1038342390, 4303, 1021381695, 4541, 1021349953, 4543, 1021954490, 4286, 1021177562, 4294, 1021372381, 4558, 1021756690, 4283, 1038344351, 4559, 1021381059, 4284, 1021705374, 4805, 1021721964, 4814, 1021755891, 4542, 1021177780]
[INFO] (lattice_cell.c: 455): on tick 32 of 50
[INFO] (lattice_cell.c: 172): the unmatched_packets is 56
[4552, 1038018609, 4536, 1038632632, 4800, 1038321254, 4296, 1038018497, 4280, 1038632569, 4288, 1038320754, 4297, 1038293721, 4554, 1038638503, 4290, 1038330165, 4291, 1038342945, 4300, 1021110953, 4803, 1038341208, 4812, 1021113073, 4543, 1021987597, 4294, 1021392839, 4807, 1021747110, 4287, 1021988471, 4289, 1038299794, 4281, 1038301970, 4814, 1021772713, 4796, 1021719564, 4815, 1021386459, 4282, 1038024406, 4797, 1021350881, 4798, 1021156723, 4799, 1021985830, 4801, 1038301336, 4283, 1038336788, 4809, 1038295294, 4793, 1038303641, 4298, 1038638560, 4794, 1038024277, 4795, 1038335070, 4284, 1021716977, 4285, 1021349980, 4553, 1038294100, 4808, 1038018835, 4792, 1038632812, 4539, 1038336333, 4299, 1038345078, 4540, 1021717732, 4292, 1021337121, 4537, 1038302411, 4301, 1021940513, 4302, 1021774544, 4538, 1038024399, 4541, 1021350058, 4810, 1038638326, 4293, 1021709673, 4303, 1021388473, 4555, 1038344668, 4811, 1038343464, 4556, 1021111569, 4542, 1021157934, 4295, 1021749312, 4286, 1021158242, 4557, 1021940560, 4805, 1021710462, 4558, 1021774179, 4804, 1021339656, 4559, 1021387831, 4802, 1038329922, 4806, 1021391122, 4813, 1021941531]
[INFO] (lattice_cell.c: 455): on tick 33 of 50
[INFO] (lattice_cell.c: 172): the unmatched_packets is 56
[4552, 1038023791, 4536, 1038622653, 4800, 1038320451, 4296, 1038023703, 4808, 1038023955, 4288, 1038320041, 4792, 1038622804, 4280, 1038622616, 4297, 1038297861, 4554, 1038628102, 4538, 1038028949, 4290, 1038329333, 4555, 1038351128, 4291, 1038349684, 4299, 1038351582, 4802, 1038329017, 4283, 1038343858, 4558, 1021773237, 4542, 1021144729, 4282, 1038028983, 4815, 1021365071, 4797, 1021336125, 4798, 1021144200, 4284, 1021720716, 4799, 1021987961, 4285, 1021335968, 4801, 1038305146, 4298, 1038628189, 4793, 1038307374, 4286, 1021144411, 4281, 1038305666, 4810, 1038627921, 4292, 1021324785, 4300, 1021101066, 4301, 1021950825, 4293, 1021710124, 4302, 1021773024, 4794, 1038028813, 4540, 1021721936, 4303, 1021367298, 4803, 1038347723, 4811, 1038349797, 4804, 1021328337, 4294, 1021375799, 4295, 1021742365, 4805, 1021710258, 4812, 1021104165, 4541, 1021335730, 4795, 1038341891, 4806, 1021375445, 4807, 1021740049, 4287, 1021990656, 4289, 1038303609, 4813, 1021951147, 4814, 1021772418, 4809, 1038299409, 4553, 1038298203, 4537, 1038306093, 4556, 1021102213, 4557, 1021950594, 4559, 1021366480, 4796, 1021724118, 4543, 1021989663, 4539, 1038343306]
[INFO] (lattice_cell.c: 455): on tick 34 of 50
[INFO] (lattice_cell.c: 172): the unmatched_packets is 56
[4552, 1038033086, 4536, 1038617602, 4800, 1038321033, 4296, 1038032990, 4808, 1038033308, 4288, 1038320537, 4792, 1038617767, 4280, 1038617542, 4290, 1038330570, 4539, 1038334784, 4556, 1021126915, 4282, 1038038729, 4803, 1038341575, 4292, 1021321358, 4559, 1021366936, 4543, 1021979729, 4294, 1021377217, 4795, 1038333496, 4287, 1021980457, 4283, 1038335249, 4796, 1021727992, 4815, 1021365829, 4797, 1021331488, 4798, 1021171640, 4799, 1021978146, 4809, 1038293429, 4284, 1021725432, 4285, 1021330217, 4286, 1021173300, 4297, 1038291862, 4810, 1038623095, 4291, 1038343392, 4299, 1038348157, 4811, 1038346471, 4804, 1021323874, 4300, 1021126388, 4801, 1038301399, 4805, 1021725786, 4812, 1021128313, 4553, 1038292231, 4289, 1038299908, 4301, 1021933259, 4806, 1021375451, 4537, 1038305122, 4793, 1038306340, 4807, 1021761295, 4554, 1038623281, 4302, 1021783230, 4293, 1021724695, 4813, 1021934505, 4538, 1038038723, 4802, 1038330284, 4555, 1038347727, 4303, 1021367360, 4540, 1021726175, 4814, 1021781336, 4557, 1021933443, 4541, 1021330495, 4794, 1038038598, 4295, 1021763093, 4558, 1021782835, 4542, 1021172913, 4281, 1038304719, 4298, 1038623348]
[INFO] (lattice_cell.c: 455): on tick 35 of 50
[INFO] (lattice_cell.c: 172): the unmatched_packets is 56
[4552, 1038018709, 4536, 1038627211, 4296, 1038018611, 4800, 1038320020, 4808, 1038018905, 4792, 1038627374, 4280, 1038627165, 4288, 1038319547, 4553, 1038298051, 4297, 1038297702, 4809, 1038299289, 4281, 1038303604, 4554, 1038633253, 4793, 1038305384, 4298, 1038633341, 4290, 1038329683, 4282, 1038024486, 4299, 1038349104, 4291, 1038346600, 4556, 1021127403, 4283, 1038343310, 4541, 1021363026, 4300, 1021126209, 4558, 1021753099, 4559, 1021395204, 4284, 1021700646, 4293, 1021730430, 4295, 1021762886, 4286, 1021169847, 4289, 1038300916, 4815, 1021393573, 4797, 1021363271, 4301, 1021925734, 4802, 1038329355, 4810, 1038633053, 4794, 1038024311, 4294, 1021367870, 4303, 1021396222, 4801, 1038302491, 4537, 1038304067, 4538, 1038024451, 4539, 1038342788, 4805, 1021730212, 4806, 1021367488, 4813, 1021925762, 4803, 1038344686, 4811, 1038347419, 4555, 1038348692, 4796, 1021704105, 4804, 1021319293, 4795, 1038341401, 4814, 1021752340, 4543, 1021965446, 4812, 1021129370, 4798, 1021169686, 4799, 1021963548, 4287, 1021966625, 4540, 1021701901, 4285, 1021363405, 4292, 1021315688, 4557, 1021925333, 4542, 1021170191, 4302, 1021752882, 4807, 1021760220]
[INFO] (lattice_cell.c: 455): on tick 36 of 50
[INFO] (lattice_cell.c: 172): the unmatched_packets is 56
[4552, 1038031433, 4536, 1038619465, 4288, 1038320618, 4800, 1038321121, 4296, 1038031319, 4808, 1038031641, 4792, 1038619637, 4280, 1038619412, 4553, 1038294726, 4537, 1038305144, 4289, 1038301801, 4297, 1038294395, 4801, 1038303240, 4809, 1038295894, 4793, 1038306358, 4281, 1038304758, 4538, 1038037191, 4290, 1038330344, 4298, 1038625373, 4282, 1038037201, 4555, 1038348185, 4299, 1038348647, 4556, 1021129047, 4300, 1021128523, 4812, 1021130437, 4559, 1021345189, 4283, 1038338230, 4814, 1021801697, 4815, 1021344265, 4797, 1021311816, 4798, 1021173370, 4799, 1021964022, 4284, 1021745442, 4810, 1038625114, 4285, 1021310332, 4794, 1038037063, 4803, 1038343834, 4811, 1038346891, 4795, 1038336378, 4286, 1021175007, 4804, 1021343482, 4291, 1038345733, 4805, 1021698863, 4292, 1021341014, 4541, 1021310756, 4554, 1038625301, 4802, 1038330081, 4806, 1021395604, 4293, 1021697551, 4301, 1021920116, 4796, 1021747993, 4807, 1021732247, 4542, 1021174632, 4302, 1021803632, 4287, 1021966040, 4294, 1021397466, 4303, 1021345449, 4295, 1021733663, 4539, 1038337720, 4540, 1021746170, 4813, 1021921579, 4557, 1021920416, 4558, 1021803230, 4543, 1021965456]
[INFO] (lattice_cell.c: 455): on tick 37 of 50
[INFO] (lattice_cell.c: 172): the unmatched_packets is 56
[4552, 1038002889, 4536, 1038643014, 4800, 1038319725, 4288, 1038319239, 4296, 1038002789, 4808, 1038003095, 4792, 1038643191, 4280, 1038642961, 4553, 1038296022, 4537, 1038306752, 4801, 1038302521, 4289, 1038300911, 4297, 1038295650, 4793, 1038308060, 4554, 1038649547, 4281, 1038306281, 4555, 1038350861, 4539, 1038340255, 4804, 1021299155, 4813, 1021970634, 4541, 1021410638, 4303, 1021443983, 4796, 1021646838, 4542, 1021132896, 4543, 1022012249, 4294, 1021347728, 4295, 1021784634, 4285, 1021411091, 4287, 1022013555, 4282, 1038009133, 4797, 1021410838, 4798, 1021132394, 4799, 1022010170, 4794, 1038008934, 4283, 1038340757, 4284, 1021643219, 4803, 1038344261, 4812, 1021092114, 4538, 1038009096, 4290, 1038330150, 4298, 1038649648, 4815, 1021441232, 4299, 1038351266, 4291, 1038346097, 4810, 1038649331, 4300, 1021088922, 4292, 1021295471, 4301, 1021970782, 4811, 1038349614, 4302, 1021697304, 4795, 1038338900, 4540, 1021644533, 4293, 1021750406, 4802, 1038329784, 4805, 1021750086, 4556, 1021090107, 4557, 1021970275, 4286, 1021132536, 4814, 1021696790, 4558, 1021697570, 4559, 1021442892, 4806, 1021347400, 4807, 1021781704, 4809, 1038297251]
[INFO] (lattice_cell.c: 455): on tick 38 of 50
[INFO] (lattice_cell.c: 172): the unmatched_packets is 56
[4552, 1038050191, 4536, 1038600024, 4800, 1038320820, 4296, 1038050064, 4288, 1038320269, 4792, 1038600203, 4808, 1038050428, 4280, 1038599956, 4553, 1038294926, 4537, 1038301018, 4801, 1038300676, 4297, 1038294602, 4809, 1038296086, 4289, 1038299254, 4793, 1038302253, 4281, 1038300617, 4555, 1038344576, 4282, 1038056124, 4539, 1038338417, 4557, 1021897739, 4300, 1021151881, 4559, 1021262469, 4284, 1021844284, 4303, 1021262727, 4283, 1038338958, 4796, 1021846588, 4285, 1021228356, 4815, 1021261555, 4286, 1021198866, 4798, 1021197157, 4799, 1021938998, 4299, 1038345030, 4291, 1038343726, 4298, 1038606074, 4290, 1038330806, 4292, 1021397716, 4803, 1038341754, 4811, 1038343284, 4802, 1038330544, 4301, 1021897385, 4804, 1021400149, 4795, 1038337049, 4293, 1021650915, 4540, 1021844906, 4794, 1038056004, 4554, 1038606014, 4812, 1021153764, 4538, 1038056118, 4806, 1021451950, 4302, 1021901203, 4807, 1021684021, 4810, 1038605832, 4813, 1021898911, 4556, 1021152373, 4294, 1021453841, 4805, 1021652238, 4814, 1021899137, 4541, 1021228745, 4558, 1021900696, 4797, 1021229779, 4542, 1021198466, 4543, 1021940274, 4295, 1021685272, 4287, 1021940756]
[INFO] (lattice_cell.c: 455): on tick 39 of 50
[INFO] (lattice_cell.c: 172): the unmatched_packets is 56
[4552, 1038011566, 4536, 1038633926, 4296, 1038011470, 4808, 1038011769, 4288, 1038319231, 4280, 1038633894, 4297, 1038298271, 4289, 1038305118, 4538, 1038017705, 4554, 1038640395, 4281, 1038309005, 4811, 1038351759, 4559, 1021510079, 4302, 1021620725, 4284, 1021564458, 4542, 1021104157, 4543, 1022031980, 4294, 1021250895, 4285, 1021478308, 4807, 1021863943, 4286, 1021103796, 4537, 1038309434, 4814, 1021620374, 4796, 1021568440, 4282, 1038017747, 4815, 1021508497, 4799, 1022029819, 4801, 1038306668, 4809, 1038299835, 4792, 1038634094, 4793, 1038310705, 4810, 1038640160, 4283, 1038342817, 4803, 1038347906, 4804, 1021200221, 4805, 1021832475, 4812, 1021062833, 4806, 1021250606, 4795, 1038340979, 4813, 1021988806, 4290, 1038330175, 4298, 1038640502, 4291, 1038349758, 4299, 1038353447, 4300, 1021059610, 4800, 1038319707, 4292, 1021196344, 4539, 1038342312, 4802, 1038329791, 4301, 1021988976, 4553, 1038298625, 4540, 1021565933, 4794, 1038017547, 4293, 1021832797, 4303, 1021511069, 4555, 1038353026, 4541, 1021477951, 4295, 1021866846, 4556, 1021060831, 4557, 1021988464, 4558, 1021621089, 4287, 1022033355, 4797, 1021478233, 4798, 1021103631]
[INFO] (lattice_cell.c: 455): on tick 40 of 50
[INFO] (lattice_cell.c: 172): the unmatched_packets is 56
[4552, 1038015423, 4536, 1038635419, 4800, 1038320337, 4296, 1038015285, 4808, 1038015675, 4288, 1038319738, 4792, 1038635619, 4280, 1038635349, 4537, 1038301387, 4281, 1038300926, 4554, 1038641861, 4290, 1038331179, 4298, 1038641932, 4556, 1021225166, 4299, 1038345860, 4292, 1021475938, 4541, 1021225827, 4283, 1038334933, 4301, 1021841685, 4806, 1021528600, 4543, 1021884417, 4285, 1021225555, 4295, 1021617819, 4286, 1021269616, 4287, 1021884926, 4796, 1021847561, 4815, 1021257240, 4797, 1021226715, 4799, 1021883099, 4809, 1038291544, 4793, 1038302702, 4802, 1038330887, 4810, 1038641667, 4794, 1038021653, 4803, 1038339532, 4805, 1021585272, 4813, 1021843122, 4807, 1021616425, 4282, 1038021780, 4291, 1038341456, 4297, 1038290054, 4289, 1038296477, 4814, 1021899372, 4300, 1021224714, 4302, 1021901635, 4801, 1038297979, 4293, 1021584109, 4303, 1021258565, 4540, 1021846007, 4553, 1038290371, 4538, 1038021778, 4284, 1021845513, 4811, 1038344216, 4812, 1021226470, 4542, 1021269202, 4294, 1021530577, 4539, 1038334399, 4555, 1038345456, 4557, 1021841982, 4558, 1021901033, 4804, 1021478140, 4559, 1021258222, 4795, 1038333009, 4798, 1021267937]
[INFO] (lattice_cell.c: 455): on tick 41 of 50
[INFO] (lattice_cell.c: 172): the unmatched_packets is 56
[4552, 1038052600, 4536, 1038591651, 4800, 1038319574, 4296, 1038052502, 4288, 1038319069, 4808, 1038052814, 4792, 1038591830, 4280, 1038591621, 4553, 1038301666, 4289, 1038304735, 4281, 1038307404, 4538, 1038059276, 4298, 1038598794, 4539, 1038344850, 4283, 1038345367, 4558, 1021706914, 4542, 1021034895, 4301, 1022049853, 4559, 1021434402, 4795, 1038343501, 4295, 1021870155, 4297, 1038301333, 4282, 1038059325, 4814, 1021706237, 4796, 1021654014, 4815, 1021432862, 4797, 1021400812, 4798, 1021034367, 4799, 1022090314, 4285, 1021400642, 4793, 1038308988, 4290, 1038330347, 4802, 1038329971, 4299, 1038351298, 4810, 1038598427, 4291, 1038348842, 4803, 1038346892, 4300, 1020987714, 4540, 1021651443, 4811, 1038349535, 4292, 1021194300, 4804, 1021198472, 4541, 1021400397, 4293, 1021836254, 4812, 1020991159, 4302, 1021706464, 4806, 1021250919, 4303, 1021435300, 4294, 1021251092, 4807, 1021867526, 4813, 1022049828, 4284, 1021649889, 4543, 1022092375, 4286, 1021034520, 4287, 1022093640, 4801, 1038306141, 4809, 1038302833, 4537, 1038307782, 4554, 1038598678, 4555, 1038350827, 4556, 1020989014, 4805, 1021836184, 4794, 1038059106, 4557, 1022049386]
[INFO] (lattice_cell.c: 455): on tick 42 of 50
[INFO] (lattice_cell.c: 172): the unmatched_packets is 56
[4552, 1037985891, 4536, 1038665171, 4288, 1038320021, 4800, 1038320629, 4808, 1037986153, 4296, 1037985745, 4792, 1038665382, 4280, 1038665102, 4809, 1038291760, 4289, 1038298237, 4297, 1038290188, 4538, 1037992243, 4290, 1038331184, 4282, 1037992229, 4540, 1021702575, 4300, 1021237996, 4301, 1021825967, 4302, 1021759599, 4543, 1021868308, 4813, 1021827088, 4294, 1021445049, 4295, 1021693723, 4796, 1021704202, 4286, 1021281033, 4287, 1021868972, 4814, 1021757332, 4815, 1021393484, 4797, 1021366176, 4798, 1021279255, 4799, 1021866828, 4810, 1038671432, 4794, 1037992130, 4803, 1038341899, 4804, 1021392914, 4795, 1038333678, 4805, 1021662565, 4812, 1021239493, 4802, 1038330910, 4811, 1038345598, 4281, 1038301813, 4553, 1038290541, 4537, 1038302296, 4793, 1038303630, 4539, 1038335044, 4554, 1038671619, 4298, 1038671682, 4291, 1038343740, 4299, 1038347234, 4555, 1038346839, 4556, 1021238344, 4557, 1021826100, 4292, 1021390854, 4541, 1021365398, 4558, 1021759007, 4559, 1021394394, 4303, 1021394736, 4542, 1021280544, 4293, 1021661734, 4806, 1021442976, 4807, 1021692112, 4801, 1038299865, 4283, 1038335568, 4284, 1021702041, 4285, 1021365191]
[INFO] (lattice_cell.c: 455): on tick 43 of 50
[INFO] (lattice_cell.c: 172): the unmatched_packets is 56
[4552, 1038042304, 4536, 1038602470, 4296, 1038042211, 4800, 1038318741, 4288, 1038318203, 4289, 1038303867, 4555, 1038350389, 4538, 1038049068, 4557, 1022013128, 4282, 1038049125, 4301, 1022013394, 4558, 1021826891, 4559, 1021315964, 4293, 1021697525, 4542, 1021081000, 4543, 1022057524, 4286, 1021080564, 4537, 1038307784, 4796, 1021772636, 4815, 1021314422, 4797, 1021281892, 4798, 1021080499, 4799, 1022055580, 4802, 1038330535, 4794, 1038048898, 4803, 1038345546, 4287, 1022058640, 4280, 1038602449, 4811, 1038349145, 4804, 1021341131, 4297, 1038299514, 4795, 1038341108, 4792, 1038602647, 4805, 1021697694, 4801, 1038305223, 4812, 1021036782, 4809, 1038300892, 4806, 1021393361, 4808, 1038042528, 4793, 1038309004, 4290, 1038330986, 4807, 1021731035, 4281, 1038307386, 4553, 1038299786, 4298, 1038609735, 4813, 1022013763, 4554, 1038609605, 4291, 1038347516, 4299, 1038350823, 4539, 1038342496, 4810, 1038609350, 4300, 1021033204, 4556, 1021034568, 4292, 1021336985, 4540, 1021770133, 4302, 1021826580, 4303, 1021316849, 4284, 1021768666, 4814, 1021826103, 4294, 1021393554, 4295, 1021733566, 4285, 1021281644, 4541, 1021281417, 4283, 1038343067]
[INFO] (lattice_cell.c: 455): on tick 44 of 50
[INFO] (lattice_cell.c: 172): the unmatched_packets is 56
[4552, 1038041062, 4536, 1038608303, 4800, 1038320388, 4296, 1038040897, 4792, 1038608519, 4808, 1038041345, 4280, 1038608220, 4553, 1038291916, 4537, 1038302260, 4801, 1038299759, 4289, 1038298207, 4297, 1038291530, 4809, 1038293172, 4793, 1038303584, 4281, 1038301789, 4298, 1038615141, 4558, 1021750964, 4300, 1021140270, 4559, 1021401661, 4284, 1021696519, 4796, 1021698761, 4542, 1021183604, 4807, 1021809239, 4543, 1021958475, 4294, 1021326218, 4286, 1021184058, 4287, 1021959257, 4814, 1021749458, 4798, 1021182327, 4799, 1021956955, 4803, 1038342152, 4811, 1038345926, 4283, 1038337306, 4812, 1021141859, 4805, 1021782197, 4806, 1021324319, 4813, 1021919546, 4815, 1021400670, 4288, 1038319711, 4290, 1038331561, 4538, 1038047763, 4802, 1038331296, 4810, 1038614875, 4299, 1038347623, 4291, 1038344090, 4794, 1038047648, 4539, 1038336809, 4554, 1038615072, 4301, 1021918758, 4292, 1021271018, 4540, 1021697130, 4302, 1021751440, 4555, 1038347207, 4303, 1021402085, 4556, 1021140664, 4541, 1021371869, 4293, 1021781567, 4557, 1021918784, 4295, 1021810801, 4282, 1038047749, 4797, 1021372598, 4285, 1021371704, 4795, 1038335448, 4804, 1021273329]
[INFO] (lattice_cell.c: 455): on tick 45 of 50
[INFO] (lattice_cell.c: 172): the unmatched_packets is 56
[4552, 1037996587, 4800, 1038319209, 4296, 1037996489, 4288, 1038318701, 4555, 1038350043, 4289, 1038303971, 4537, 1038307844, 4802, 1038330195, 4299, 1038350474, 4557, 1021883223, 4300, 1021161948, 4803, 1038345358, 4558, 1021742985, 4301, 1021883440, 4559, 1021400277, 4292, 1021342768, 4539, 1038341697, 4795, 1038340321, 4294, 1021401650, 4295, 1021726400, 4542, 1021209157, 4543, 1021929544, 4286, 1021208845, 4536, 1038648535, 4796, 1021686022, 4280, 1038648508, 4281, 1038307446, 4815, 1021398927, 4797, 1021367417, 4799, 1021927570, 4794, 1038003433, 4811, 1038348810, 4792, 1038648710, 4284, 1021681989, 4812, 1021165256, 4806, 1021401116, 4807, 1021723983, 4808, 1037996800, 4297, 1038299042, 4801, 1038305369, 4553, 1038299308, 4798, 1021208553, 4290, 1038330627, 4809, 1038300410, 4298, 1038656110, 4793, 1038309050, 4554, 1038655977, 4291, 1038347259, 4282, 1038003673, 4556, 1021163193, 4810, 1038655697, 4804, 1021346731, 4302, 1021742723, 4538, 1038003632, 4805, 1021691338, 4303, 1021400994, 4293, 1021691076, 4813, 1021883935, 4540, 1021683451, 4541, 1021366829, 4814, 1021742078, 4283, 1038342265, 4285, 1021366910, 4287, 1021930648]
[INFO] (lattice_cell.c: 455): on tick 46 of 50
[INFO] (lattice_cell.c: 172): the unmatched_packets is 56
[4552, 1038025289, 4536, 1038624786, 4800, 1038319713, 4808, 1038025583, 4296, 1038025108, 4288, 1038319002, 4792, 1038625027, 4280, 1038624686, 4553, 1038291662, 4537, 1038302648, 4554, 1038632003, 4538, 1038032397, 4297, 1038291309, 4556, 1021073793, 4541, 1021319243, 4542, 1021115180, 4543, 1022028336, 4295, 1021726685, 4814, 1021801764, 4796, 1021750500, 4815, 1021346072, 4798, 1021114087, 4799, 1022026766, 4809, 1038292875, 4793, 1038304013, 4802, 1038331631, 4810, 1038631801, 4811, 1038346608, 4804, 1021359760, 4805, 1021696777, 4812, 1021075099, 4806, 1021408338, 4282, 1038032368, 4813, 1021989223, 4283, 1038337371, 4284, 1021748146, 4803, 1038342359, 4794, 1038032271, 4286, 1021115477, 4287, 1022029173, 4289, 1038298117, 4807, 1021724826, 4298, 1038632061, 4795, 1038335416, 4281, 1038302161, 4290, 1038331936, 4555, 1038347874, 4299, 1038348262, 4797, 1021319783, 4539, 1038336833, 4557, 1021988456, 4291, 1038344291, 4300, 1021073269, 4558, 1021803259, 4301, 1021988527, 4559, 1021347135, 4302, 1021803687, 4292, 1021357363, 4303, 1021347676, 4540, 1021748798, 4293, 1021696360, 4294, 1021409955, 4801, 1038299699, 4285, 1021319249]
[INFO] (lattice_cell.c: 455): on tick 47 of 50
[INFO] (lattice_cell.c: 172): the unmatched_packets is 56
[4552, 1038041244, 4536, 1038602825, 4800, 1038318849, 4296, 1038041134, 4288, 1038318290, 4792, 1038602995, 4808, 1038041463, 4280, 1038602804, 4553, 1038299816, 4537, 1038307620, 4297, 1038299540, 4289, 1038303550, 4801, 1038304864, 4809, 1038300918, 4793, 1038308825, 4281, 1038307241, 4554, 1038610132, 4298, 1038610274, 4291, 1038346627, 4540, 1021722646, 4300, 1021104559, 4284, 1021721321, 4542, 1021154419, 4805, 1021745228, 4543, 1021984155, 4287, 1021985118, 4807, 1021777399, 4814, 1021780829, 4290, 1038331338, 4797, 1021330583, 4283, 1038342520, 4815, 1021363261, 4282, 1038048213, 4798, 1021153630, 4799, 1021982369, 4810, 1038609857, 4803, 1038344661, 4299, 1038350099, 4812, 1021107746, 4806, 1021349868, 4285, 1021329832, 4813, 1021940272, 4802, 1038330878, 4292, 1021290109, 4539, 1038341965, 4794, 1038047986, 4538, 1038048167, 4293, 1021744668, 4541, 1021329882, 4301, 1021939581, 4795, 1038340598, 4302, 1021781710, 4804, 1021294057, 4294, 1021350543, 4303, 1021365168, 4555, 1038349662, 4295, 1021779455, 4556, 1021105688, 4286, 1021154259, 4557, 1021939473, 4811, 1038348421, 4558, 1021781855, 4559, 1021364540, 4796, 1021725082]
[INFO] (lattice_cell.c: 455): on tick 48 of 50
[INFO] (lattice_cell.c: 172): the unmatched_packets is 56
[4552, 1038017684, 4536, 1038631446, 4800, 1038319885, 4296, 1038017509, 4288, 1038319168, 4537, 1038300834, 4555, 1038346147, 4538, 1038025184, 4298, 1038639110, 4558, 1021753971, 4803, 1038342931, 4539, 1038337380, 4559, 1021401757, 4283, 1038337910, 4303, 1021402380, 4541, 1021374232, 4294, 1021371828, 4287, 1021937324, 4796, 1021701724, 4815, 1021400644, 4797, 1021374700, 4798, 1021202627, 4799, 1021934539, 4281, 1038300348, 4809, 1038293331, 4280, 1038631361, 4289, 1038298600, 4297, 1038291725, 4802, 1038331665, 4284, 1021699039, 4810, 1038638825, 4794, 1038025057, 4290, 1038331952, 4286, 1021203851, 4808, 1038017994, 4792, 1038631697, 4804, 1021320437, 4299, 1038346545, 4793, 1038302194, 4300, 1021162777, 4282, 1038025159, 4806, 1021370339, 4812, 1021164686, 4291, 1038344865, 4553, 1038292092, 4301, 1021896306, 4795, 1038335990, 4807, 1021760246, 4302, 1021754248, 4554, 1038639045, 4813, 1021896619, 4801, 1038300180, 4811, 1038344875, 4814, 1021752650, 4556, 1021163352, 4557, 1021896066, 4292, 1021317778, 4293, 1021734012, 4295, 1021762278, 4805, 1021734103, 4540, 1021699865, 4543, 1021936313, 4285, 1021374308, 4542, 1021203634]
[INFO] (lattice_cell.c: 455): on tick 49 of 50
[INFO] (lattice_cell.c: 172): the unmatched_packets is 56
[4552, 1038010882, 4536, 1038634173, 4800, 1038318638, 4296, 1038010765, 4808, 1038011107, 4288, 1038318071, 4792, 1038634364, 4280, 1038634147, 4553, 1038298913, 4537, 1038307288, 4297, 1038298666, 4289, 1038305218, 4801, 1038306561, 4793, 1038308494, 4809, 1038299968, 4281, 1038306885, 4554, 1038641787, 4538, 1038018056, 4290, 1038331142, 4298, 1038641927, 4810, 1038641511, 4794, 1038017877, 4282, 1038018105, 4555, 1038349246, 4539, 1038341047, 4803, 1038346314, 4811, 1038348025, 4291, 1038348250, 4540, 1021712095, 4542, 1021155054, 4559, 1021373910, 4284, 1021710876, 4797, 1021341744, 4285, 1021340815, 4295, 1021724750, 4815, 1021372791, 4287, 1021987590, 4799, 1021985010, 4805, 1021690288, 4813, 1021941749, 4283, 1038341643, 4806, 1021398587, 4814, 1021772289, 4798, 1021154167, 4286, 1021154959, 4802, 1038330688, 4795, 1038339650, 4556, 1021107332, 4804, 1021342859, 4812, 1021109229, 4299, 1038349664, 4292, 1021339240, 4300, 1021106295, 4293, 1021689554, 4807, 1021722844, 4301, 1021940782, 4557, 1021940812, 4558, 1021773496, 4796, 1021714458, 4302, 1021773505, 4294, 1021399595, 4303, 1021374390, 4543, 1021986736, 4541, 1021340958]
[INFO] (lattice_cell.c: 455): on tick 50 of 50
[INFO] (lattice_cell.c: 466): updating recording regions
[INFO] (recording.c: 507): 	Finalising channel 0 - state info stored in SDRAM
[INFO] (recording.c: 512): closed channel 0.
[INFO] (lattice_cell.c: 470): Simulation complete.

