[INFO] (lattice_cell.c: 604): starting lattice cell
[INFO] (lattice_cell.c: 526): Initialise: started
[INFO] (data_specification.c: 78): magic = ad130ad6, version = 1.0
[INFO] (lattice_cell.c: 555): my key is 3160
[INFO] (lattice_cell.c: 562): I'm in position ( 12, 11)
[INFO] (lattice_cell.c: 568): my n key is 2904
[INFO] (lattice_cell.c: 574): my U_X = 0.009928127750754356
[INFO] (lattice_cell.c: 575): my U_Y = -0.00035355339059606194
[INFO] (lattice_cell.c: 583): input_buffer initialised
[INFO] (recording.c: 563): Recording 1 regions, using output tag 0, size before trigger 7686388, time between triggers 50
[INFO] (recording.c: 665): Recording channel 0 configured to use 7686132 byte memory block starting at 0x6359367c
[INFO] (lattice_cell.c: 588): Recording flags = 0x00000001
[INFO] (lattice_cell.c: 619): setting timer to execute every 200000 microseconds
[INFO] (lattice_cell.c: 627): Starting

[INFO] (simulation.c: 159): Setting the runtime of this model to 50 starting at 0
[INFO] (simulation.c: 161): Setting the flag of infinite run for this model to 0
[INFO] (simulation.c: 175): Resuming
[INFO] (lattice_cell.c: 455): on tick 0 of 50
[3168, 1038779070, 3424, 1038779068, 3152, 1038758222, 3408, 1038758220, 2912, 1038779076, 3416, 1038776239, 3169, 1038302990, 3153, 1038303382, 3425, 1038300212, 3409, 1038300604, 2904, 1038776247, 3170, 1037885274, 3154, 1037904558, 2896, 1038758228, 3155, 1038335016, 3172, 1021985107, 3426, 1037885272, 3173, 1021093205, 3410, 1037904554, 3174, 1021122947, 3412, 1021961365, 3159, 1021997746, 3429, 1021090592, 3420, 1021979340, 3156, 1021964300, 3421, 1021093200, 3157, 1021112444, 3414, 1021144897, 3415, 1022000692, 3171, 1038334626, 3158, 1021142270, 3175, 1022018637, 2919, 1022015044, 2918, 1021119759, 2913, 1038306378, 3417, 1038300266, 2901, 1021115639, 2902, 1021139074, 2903, 1021994161, 2897, 1038306770, 2914, 1037885280, 3418, 1037887885, 3428, 1021982163, 3427, 1038337410, 3411, 1038337802, 2916, 1021988699, 2917, 1021096392, 3419, 1038337466, 2898, 1037904562, 2899, 1038331626, 2915, 1038331234, 2906, 1037887893, 2908, 1021985874, 2909, 1021098999, 3430, 1021125565, 3413, 1021109826, 2910, 1021122376, 3431, 1022021590, 2907, 1038331288, 3422, 1021128186, 2905, 1038306432, 3423, 1022018754, 2900, 1021967884, 2911, 1022012209]
[INFO] (lattice_cell.c: 455): on tick 1 of 50
[INFO] (lattice_cell.c: 172): the unmatched_packets is 56
[3168, 1038773354, 3424, 1038773348, 3408, 1038726303, 3152, 1038726285, 2904, 1038766405, 2912, 1038773350, 3169, 1038311683, 3425, 1038308907, 3153, 1038309949, 3409, 1038307185, 3417, 1038308614, 2905, 1038314746, 2897, 1038313315, 2896, 1038726267, 2913, 1038315045, 3170, 1037881089, 3426, 1037881087, 3154, 1037926465, 3410, 1037926459, 3416, 1038766413, 3171, 1038342728, 3155, 1038342964, 2914, 1037881089, 3427, 1038345498, 3156, 1022031439, 3411, 1038345736, 3174, 1021117158, 3175, 1022014779, 3412, 1022029288, 3157, 1021041612, 3158, 1021178855, 2907, 1038339394, 3422, 1021129502, 3159, 1021950107, 3423, 1022007568, 3172, 1021979897, 3173, 1021088376, 2919, 1022011911, 2902, 1021174928, 2903, 1021947244, 3418, 1037887771, 2906, 1037887773, 3419, 1038345540, 2915, 1038339354, 3428, 1021977761, 2899, 1038339598, 3429, 1021084936, 3420, 1021985961, 3413, 1021038182, 3430, 1021120606, 3421, 1021077616, 2898, 1037926485, 3414, 1021182301, 2908, 1021990956, 2910, 1021122122, 2900, 1022034324, 2911, 1022002572, 3431, 1022016903, 3415, 1021952237, 2917, 1021092313, 2916, 1021982755, 2901, 1021045539, 2909, 1021084989, 2918, 1021113217]
[INFO] (lattice_cell.c: 455): on tick 2 of 50
[INFO] (lattice_cell.c: 172): the unmatched_packets is 56
[3168, 1038782605, 3424, 1038782603, 3152, 1038803959, 3408, 1038803941, 3416, 1038793690, 2904, 1038793708, 2912, 1038782607, 2896, 1038803983, 3425, 1038300684, 3169, 1038303490, 3153, 1038304454, 3409, 1038301626, 3417, 1038301617, 3170, 1037882694, 3426, 1037882694, 2905, 1038307859, 2913, 1038306920, 3410, 1037860116, 2897, 1038307894, 3418, 1037871709, 3427, 1038338102, 3174, 1021120754, 3175, 1022020676, 3431, 1022023582, 3158, 1021134906, 3422, 1021117954, 3159, 1022007552, 3156, 1021826505, 3154, 1037860110, 3171, 1038335276, 3155, 1038336199, 3172, 1021978094, 2918, 1021117606, 3173, 1021101120, 3157, 1021243243, 2903, 1022004034, 2915, 1038331840, 2916, 1021981596, 3411, 1038339023, 2914, 1037882692, 3419, 1038338182, 3428, 1021975206, 2908, 1021942145, 2899, 1038332767, 2909, 1021139059, 3412, 1021823694, 2919, 1022017157, 2911, 1022023077, 3420, 1021935780, 3429, 1021098524, 3430, 1021123378, 3413, 1021240625, 2910, 1021112180, 3421, 1021133294, 2898, 1037860102, 2906, 1037871703, 3414, 1021137514, 2907, 1038331920, 3415, 1022010447, 3423, 1022029492, 2900, 1021829920, 2917, 1021104274, 2901, 1021246433, 2902, 1021131745]
[INFO] (lattice_cell.c: 455): on tick 3 of 50
[INFO] (lattice_cell.c: 172): the unmatched_packets is 56
[3168, 1038760334, 3424, 1038760336, 3152, 1038716932, 3408, 1038716990, 3416, 1038727207, 2912, 1038760330, 2904, 1038727165, 3169, 1038310764, 3425, 1038308002, 3409, 1038308075, 3417, 1038307156, 3153, 1038310797, 2905, 1038313222, 3170, 1037893666, 2896, 1038716876, 3426, 1037893668, 3410, 1037935484, 3173, 1021058260, 3174, 1021127779, 3411, 1038347039, 3175, 1022005039, 3419, 1038346258, 3412, 1022144113, 3413, 1020915353, 3431, 1022007274, 2911, 1021979460, 3414, 1021159572, 3422, 1021154078, 3158, 1021156153, 3423, 1021984682, 3159, 1021978211, 3154, 1037935512, 3171, 1038342702, 2916, 1022016979, 3172, 1022013992, 3155, 1038344289, 3156, 1022146516, 2918, 1021123806, 2901, 1020922679, 2913, 1038314106, 2902, 1021152220, 2903, 1021975206, 3157, 1020918772, 2915, 1038339358, 2897, 1038314109, 3418, 1037925394, 3427, 1038345466, 2906, 1037925414, 2898, 1037935546, 2908, 1022106207, 2909, 1020975003, 3420, 1022100852, 2899, 1038340953, 2917, 1021062222, 2900, 1022149663, 3428, 1022011751, 3429, 1021054802, 2914, 1037893670, 3430, 1021131238, 3421, 1020967575, 2919, 1022002059, 3415, 1021980445, 2910, 1021146668, 2907, 1038340146]
[INFO] (lattice_cell.c: 455): on tick 4 of 50
[INFO] (lattice_cell.c: 172): the unmatched_packets is 56
[3168, 1038815660, 3424, 1038815646, 3152, 1038755302, 3408, 1038755275, 3416, 1038817054, 2912, 1038815664, 3169, 1038304520, 3425, 1038301652, 3170, 1037850601, 3409, 1038299169, 3417, 1038299504, 2896, 1038755328, 3426, 1037850607, 3410, 1037906480, 3418, 1037848261, 3157, 1021192361, 3411, 1038340600, 3428, 1021880193, 3159, 1021974580, 3420, 1021804255, 3155, 1038337740, 3421, 1021269219, 3431, 1022045272, 3413, 1021189723, 3156, 1021881044, 2918, 1021095698, 3158, 1021167755, 3153, 1038302059, 3154, 1037906480, 3171, 1038335280, 3172, 1021882930, 3173, 1021191367, 3174, 1021098870, 3175, 1022042463, 2901, 1021195581, 2902, 1021164590, 2903, 1021971153, 2897, 1038305556, 2905, 1038305887, 2908, 1021810131, 2915, 1038331800, 2907, 1038332307, 2911, 1022018050, 2917, 1021194498, 2899, 1038334263, 2904, 1038817124, 2909, 1021275034, 2910, 1021116446, 3427, 1038338131, 2900, 1021884203, 3419, 1038338635, 3412, 1021878482, 3429, 1021188762, 2906, 1037848223, 3430, 1021101518, 3422, 1021122270, 2914, 1037850595, 3414, 1021170394, 3415, 1021977394, 3423, 1022024248, 2916, 1021886283, 2919, 1022039052, 2913, 1038308002, 2898, 1037906468]
[INFO] (lattice_cell.c: 455): on tick 5 of 50
[INFO] (lattice_cell.c: 172): the unmatched_packets is 56
[3168, 1038728769, 3424, 1038728787, 3152, 1038755876, 3408, 1038755930, 3416, 1038760631, 2904, 1038760541, 2912, 1038728740, 2896, 1038755806, 3169, 1038312074, 3425, 1038309376, 3153, 1038310330, 3409, 1038307636, 3417, 1038307646, 2913, 1038315374, 2905, 1038313620, 2897, 1038313602, 3170, 1037924260, 3426, 1037924248, 3154, 1037897133, 3410, 1037897121, 3171, 1038343233, 3172, 1022146539, 3427, 1038345990, 2914, 1037924282, 2898, 1037897157, 3175, 1021999484, 3421, 1020962232, 3158, 1021160623, 3155, 1038344139, 3156, 1021967990, 3173, 1020920437, 2919, 1021996355, 3174, 1021135292, 2917, 1020924408, 3159, 1021974491, 3157, 1021094034, 2902, 1021156723, 2909, 1020969592, 2899, 1038340836, 2915, 1038339902, 3429, 1020916970, 3418, 1037893542, 2900, 1021971314, 3411, 1038346869, 2916, 1022149788, 2906, 1037893572, 2908, 1022107952, 3419, 1038346375, 3428, 1022144041, 3412, 1021965409, 3420, 1022102012, 2911, 1022015390, 3430, 1021138704, 3413, 1021090596, 2901, 1021097954, 3431, 1022001855, 2910, 1021114202, 3422, 1021121543, 3414, 1021163973, 3415, 1021976856, 3423, 1022020860, 2907, 1038340305, 2918, 1021131336, 2903, 1021971363]
[INFO] (lattice_cell.c: 455): on tick 6 of 50
[INFO] (lattice_cell.c: 172): the unmatched_packets is 56
[3168, 1038799432, 3424, 1038799405, 3152, 1038759993, 3408, 1038759979, 3416, 1038766037, 2912, 1038799470, 2904, 1038766092, 2896, 1038760003, 3169, 1038303822, 3425, 1038300873, 3153, 1038300900, 3409, 1038297998, 3417, 1038298907, 2905, 1038305378, 2913, 1038307369, 2897, 1038304434, 3170, 1037865419, 3426, 1037865431, 3154, 1037903142, 3171, 1038335770, 3172, 1021833017, 3411, 1038341451, 3157, 1021089876, 3428, 1021830550, 3159, 1021983536, 3413, 1021087261, 3158, 1021159700, 3414, 1021162404, 3410, 1037903118, 3418, 1037897609, 3155, 1038338562, 3156, 1021985242, 3173, 1021241577, 3174, 1021125597, 3175, 1022013919, 2909, 1021116187, 2911, 1022007666, 2901, 1021093032, 2903, 1021980226, 2906, 1037897599, 2919, 1022010630, 2914, 1037865395, 2898, 1037903166, 2907, 1038333669, 2915, 1038332258, 2899, 1038335057, 2916, 1021836101, 2908, 1021968820, 3427, 1038338654, 2900, 1021988309, 3419, 1038340071, 2917, 1021244771, 3412, 1021982785, 3420, 1021963324, 2910, 1021127956, 2918, 1021122381, 3429, 1021238912, 3421, 1021110325, 3430, 1021128335, 3431, 1022016617, 3422, 1021133902, 2902, 1021156516, 3415, 1021986261, 3423, 1022013649]
[INFO] (lattice_cell.c: 455): on tick 7 of 50
[INFO] (lattice_cell.c: 172): the unmatched_packets is 56
[3168, 1038781770, 3424, 1038781800, 3408, 1038748931, 3416, 1038768557, 3152, 1038748866, 2904, 1038768500, 2912, 1038781744, 3169, 1038311572, 3425, 1038308887, 3409, 1038307162, 3153, 1038309844, 3417, 1038308146, 2896, 1038748798, 2905, 1038314107, 2913, 1038314839, 3170, 1037873075, 3426, 1037873075, 3154, 1037903909, 3410, 1037903911, 2897, 1038313100, 3418, 1037884609, 3171, 1038342731, 2914, 1037873083, 3427, 1038345478, 3155, 1038344738, 3172, 1022024705, 3411, 1038347449, 3412, 1021975421, 3157, 1021082591, 3431, 1022026169, 3158, 1021153767, 3415, 1021986449, 3159, 1021983928, 2910, 1021128363, 3156, 1021978102, 3173, 1021042573, 3174, 1021112449, 3175, 1022023680, 2911, 1022001142, 2903, 1021980648, 3419, 1038346326, 2898, 1037903919, 2906, 1037884579, 2907, 1038340280, 2899, 1038341445, 2908, 1021960552, 2900, 1021981516, 2909, 1021111659, 2918, 1021108556, 2917, 1021046502, 2915, 1038339410, 2902, 1021149930, 3428, 1022021965, 3420, 1021954426, 3429, 1021039165, 3413, 1021079146, 2916, 1022028182, 3421, 1021104250, 3430, 1021115783, 3414, 1021157040, 3422, 1021135580, 2901, 1021086557, 2919, 1022020400, 3423, 1022006878]
[INFO] (lattice_cell.c: 455): on tick 8 of 50
[INFO] (lattice_cell.c: 172): the unmatched_packets is 56
[3168, 1038774562, 3424, 1038774554, 3152, 1038751556, 3408, 1038751548, 2904, 1038780819, 2912, 1038774577, 2896, 1038751544, 3416, 1038780785, 3169, 1038302416, 3425, 1038299461, 3409, 1038298035, 3153, 1038300959, 2913, 1038305985, 3170, 1037890250, 3426, 1037890242, 3154, 1037910776, 3410, 1037910734, 3418, 1037883838, 3171, 1038336724, 2905, 1038304828, 3172, 1022007180, 3427, 1038339635, 3411, 1038341839, 3428, 1022004818, 3175, 1022024145, 3422, 1021134567, 3158, 1021160527, 3423, 1022012593, 3159, 1021982746, 3157, 1021101110, 3155, 1038338940, 3156, 1021972763, 3173, 1021072570, 3174, 1021117115, 2900, 1021975731, 2914, 1037890252, 3417, 1038298321, 2902, 1021157265, 2916, 1022010184, 2915, 1038333186, 2906, 1037883862, 2899, 1038335418, 2910, 1021128427, 2908, 1021980842, 3419, 1038340310, 2911, 1022006880, 3430, 1021119945, 3412, 1021970421, 2907, 1038333874, 3420, 1021975460, 3429, 1021069886, 2909, 1021104574, 3413, 1021098454, 3421, 1021098731, 2918, 1021113817, 2903, 1021979546, 3414, 1021163312, 3431, 1022026731, 3415, 1021985346, 2917, 1021075780, 2897, 1038304505, 2898, 1037910820, 2901, 1021104269, 2919, 1022020957]
[INFO] (lattice_cell.c: 455): on tick 9 of 50
[INFO] (lattice_cell.c: 172): the unmatched_packets is 56
[3168, 1038766699, 3424, 1038766712, 3152, 1038749460, 3408, 1038749520, 2904, 1038772770, 2912, 1038766689, 2896, 1038749400, 3169, 1038311849, 3425, 1038309155, 3409, 1038306908, 3153, 1038309583, 2897, 1038312827, 3170, 1037886665, 3426, 1037886689, 3155, 1038344851, 3427, 1038345789, 3411, 1038347558, 2906, 1037881002, 3429, 1021088397, 3413, 1021096488, 3156, 1021959419, 3422, 1021127641, 3423, 1022016881, 3158, 1021160647, 3159, 1021977409, 2910, 1021120606, 2911, 1022010852, 2916, 1021975632, 3154, 1037903314, 3171, 1038343037, 3172, 1021972109, 2919, 1022011325, 3173, 1021091800, 3157, 1021099885, 3174, 1021122066, 2901, 1021103820, 2902, 1021156908, 2903, 1021973987, 3175, 1022014719, 2914, 1037886651, 2915, 1038339712, 2898, 1037903304, 2907, 1038340774, 2899, 1038341562, 2908, 1021990966, 2909, 1021082043, 3416, 1038772821, 2918, 1021118250, 3417, 1038307226, 2905, 1038313182, 2900, 1021962943, 2917, 1021095759, 2913, 1038315122, 3410, 1037903321, 3418, 1037881056, 3428, 1021969296, 3419, 1038346813, 3412, 1021956623, 3414, 1021163810, 3420, 1021984626, 3430, 1021125311, 3421, 1021074688, 3431, 1022017376, 3415, 1021980071]
[INFO] (lattice_cell.c: 455): on tick 10 of 50
[INFO] (lattice_cell.c: 172): the unmatched_packets is 56
[3168, 1038780361, 3424, 1038780351, 3152, 1038757564, 3408, 1038757580, 3416, 1038772703, 2912, 1038780365, 2904, 1038772711, 2896, 1038757534, 3169, 1038302829, 3425, 1038299862, 3153, 1038300399, 3409, 1038297472, 3417, 1038298075, 2913, 1038306405, 2897, 1038303955, 2905, 1038304603, 3170, 1037884261, 3426, 1037884233, 3410, 1037905258, 3418, 1037891288, 3154, 1037905321, 3171, 1038336878, 3172, 1021967656, 3173, 1021109743, 2914, 1037884279, 3157, 1021102332, 3412, 1021968778, 3420, 1021989618, 3158, 1021163148, 3159, 1021980457, 2908, 1021994827, 3155, 1038339318, 3156, 1021971032, 3174, 1021126766, 3175, 1022012792, 3427, 1038339796, 2903, 1021977361, 2910, 1021123377, 2906, 1037891332, 2898, 1037905372, 3419, 1038340823, 3411, 1038342215, 3428, 1021965351, 2907, 1038334386, 2899, 1038335798, 2900, 1021973940, 2915, 1038333336, 3414, 1021166040, 2918, 1021123366, 2919, 1022009747, 2901, 1021105522, 2909, 1021090580, 2917, 1021112959, 3431, 1022015239, 2902, 1021159789, 3429, 1021106985, 3413, 1021099611, 3421, 1021084611, 3430, 1021129719, 3422, 1021129737, 3415, 1021982904, 3423, 1022018396, 2916, 1021970599, 2911, 1022012909]
[INFO] (lattice_cell.c: 455): on tick 11 of 50
[INFO] (lattice_cell.c: 172): the unmatched_packets is 56
[3168, 1038777335, 3424, 1038777339, 3152, 1038752132, 3408, 1038752186, 3416, 1038765903, 2896, 1038752088, 2912, 1038777329, 3169, 1038311358, 3425, 1038308655, 3409, 1038306466, 3153, 1038309144, 3170, 1037876953, 2913, 1038314639, 3157, 1021088068, 3419, 1038346803, 3428, 1021971019, 3420, 1021971028, 3429, 1021086305, 3156, 1021971239, 3431, 1022025053, 3158, 1021158275, 3415, 1021983532, 3423, 1022013573, 2918, 1021114820, 3159, 1021980742, 3154, 1037900945, 3171, 1038342350, 3155, 1038345179, 3172, 1021973931, 3173, 1021089629, 3174, 1021118533, 3175, 1022022256, 2917, 1021093522, 2900, 1021974800, 2901, 1021091964, 2902, 1021154655, 2903, 1021977194, 2904, 1038765888, 2905, 1038313204, 2897, 1038312400, 2906, 1037887261, 2898, 1037900926, 2907, 1038340734, 2915, 1038339025, 2916, 1021977527, 2909, 1021094214, 3417, 1038307233, 3426, 1037876985, 2899, 1038341880, 3410, 1037900959, 2911, 1022007305, 3418, 1037887343, 3427, 1038345117, 3411, 1038347896, 2914, 1037876927, 2908, 1021977489, 3412, 1021968371, 2919, 1022018736, 3413, 1021084765, 3421, 1021086978, 3430, 1021121682, 3422, 1021131827, 2910, 1021125005, 3414, 1021161294]
[INFO] (lattice_cell.c: 455): on tick 12 of 50
[INFO] (lattice_cell.c: 172): the unmatched_packets is 56
[3168, 1038786820, 3424, 1038786822, 3152, 1038754948, 3408, 1038754982, 3416, 1038776366, 2904, 1038776348, 2912, 1038786813, 2896, 1038754890, 3169, 1038302246, 3425, 1038299281, 3409, 1038297438, 3153, 1038300365, 3417, 1038297949, 2913, 1038305820, 2905, 1038304456, 2897, 1038303907, 3170, 1037878178, 3426, 1037878152, 3154, 1037907662, 3410, 1037907593, 3418, 1037887789, 3171, 1038337689, 3172, 1021997416, 3411, 1038342582, 3157, 1021096072, 3428, 1021995170, 3175, 1022007716, 3431, 1022010050, 3158, 1021159274, 3423, 1022008111, 3159, 1021984411, 3155, 1038339697, 3173, 1021081005, 3156, 1021977024, 3174, 1021131717, 2908, 1021979282, 2919, 1022004741, 2901, 1021099334, 2911, 1022002847, 2902, 1021155811, 2903, 1021981389, 2906, 1037887837, 2898, 1037907724, 2907, 1038335384, 2915, 1038334140, 2916, 1022000345, 3427, 1038340609, 3413, 1021093264, 2917, 1021084301, 3419, 1038341818, 2914, 1037878190, 3414, 1021162282, 2900, 1021979896, 2918, 1021128227, 3412, 1021974826, 2899, 1038336195, 3420, 1021974149, 3429, 1021078143, 2909, 1021104717, 3421, 1021098568, 3430, 1021134744, 2910, 1021130108, 3422, 1021136703, 3415, 1021986772]
[INFO] (lattice_cell.c: 455): on tick 13 of 50
[INFO] (lattice_cell.c: 172): the unmatched_packets is 56
[3168, 1038753976, 3424, 1038753985, 3152, 1038747638, 3408, 1038747684, 3416, 1038767687, 2912, 1038753962, 2904, 1038767683, 2896, 1038747606, 3169, 1038311296, 3425, 1038308563, 3153, 1038308937, 3409, 1038306255, 3417, 1038306747, 2913, 1038314608, 2905, 1038312758, 2897, 1038312223, 3170, 1037899180, 3426, 1037899207, 3154, 1037905293, 3410, 1037905310, 2906, 1037885904, 3171, 1038345052, 2914, 1037899168, 3427, 1038347815, 3174, 1021070718, 3428, 1021969290, 3175, 1022061078, 3420, 1021969786, 3430, 1021073837, 3158, 1021158364, 3422, 1021122496, 3415, 1021986954, 3423, 1022024739, 3159, 1021984025, 3155, 1038344523, 3172, 1021972229, 2900, 1021969877, 2916, 1021975822, 3156, 1021966274, 3173, 1021091527, 3157, 1021092400, 2911, 1022018280, 2918, 1021066995, 2901, 1021096186, 2919, 1022057493, 2903, 1021980386, 2917, 1021095363, 2915, 1038341724, 2907, 1038340685, 2899, 1038341222, 2908, 1021976312, 2909, 1021095021, 3412, 1021963361, 3418, 1037885982, 2898, 1037905278, 3411, 1038347254, 3419, 1038346772, 2910, 1021115819, 2902, 1021154875, 3429, 1021088286, 3413, 1021089195, 3421, 1021087969, 3414, 1021161263, 3431, 1022063991]
[INFO] (lattice_cell.c: 455): on tick 14 of 50
[INFO] (lattice_cell.c: 172): the unmatched_packets is 56
[3168, 1038808380, 3152, 1038758336, 3424, 1038808372, 3408, 1038758392, 2912, 1038808390, 3416, 1038789956, 2904, 1038789940, 2896, 1038758274, 3169, 1038302046, 3153, 1038300232, 3425, 1038299101, 3417, 1038297628, 3170, 1037856939, 3154, 1037904335, 3426, 1037856931, 3155, 1038340167, 2913, 1038305590, 3418, 1037874621, 3419, 1038339599, 3411, 1038343039, 3158, 1021170028, 3428, 1021994273, 3175, 1021918662, 3420, 1021993941, 3157, 1021100973, 3159, 1021972805, 3156, 1021971108, 2907, 1038333169, 3171, 1038337453, 3172, 1021996520, 3173, 1021080679, 3174, 1021221457, 2914, 1037856930, 2903, 1021969855, 3409, 1038297330, 2906, 1037874639, 3410, 1037904285, 3427, 1038340401, 2915, 1038333902, 3429, 1021077703, 2899, 1038336682, 2917, 1021084055, 2910, 1021163775, 2919, 1021915694, 2900, 1021974002, 3412, 1021968933, 3430, 1021224441, 3421, 1021079030, 2916, 1021999467, 2898, 1037904404, 2908, 1021999073, 3431, 1021920932, 2909, 1021085369, 3422, 1021170418, 3414, 1021173122, 2902, 1021166500, 3415, 1021975064, 3413, 1021098043, 3423, 1021985262, 2905, 1038304105, 2918, 1021217991, 2897, 1038303755, 2911, 1021980106, 2901, 1021104328]
[INFO] (lattice_cell.c: 455): on tick 15 of 50
[INFO] (lattice_cell.c: 172): the unmatched_packets is 56
[3168, 1038735194, 3424, 1038735200, 3152, 1038740602, 3408, 1038740650, 3416, 1038740122, 2912, 1038735182, 2904, 1038740097, 2896, 1038740565, 3169, 1038311387, 3425, 1038308602, 3153, 1038308601, 3409, 1038305881, 3417, 1038306735, 3170, 1037917810, 2913, 1038314737, 3172, 1021954957, 3173, 1021108228, 3410, 1037912331, 3427, 1038345885, 3174, 1020975480, 3157, 1021099803, 3158, 1021128848, 3414, 1021131717, 3423, 1022099895, 3159, 1022003494, 3154, 1037912335, 3171, 1038343115, 2900, 1021962371, 3155, 1038347302, 3156, 1021958800, 2911, 1022093418, 2917, 1021111964, 2901, 1021103476, 3175, 1022165433, 2902, 1021125379, 2903, 1021999828, 2909, 1021103349, 2914, 1037917792, 3426, 1037917824, 2897, 1038311909, 2915, 1038339776, 2906, 1037912520, 3418, 1037912551, 2907, 1038341262, 2919, 1022161830, 2908, 1021967959, 3411, 1038350043, 2918, 1020971746, 3419, 1038347350, 3428, 1021951995, 2905, 1038312820, 3429, 1021105107, 3412, 1021955878, 3420, 1021961465, 3430, 1020978623, 3421, 1021096477, 3431, 1022168400, 2916, 1021958552, 3413, 1021096715, 2910, 1021039884, 3422, 1021046639, 3415, 1022006484, 2899, 1038343981, 2898, 1037912343]
[INFO] (lattice_cell.c: 455): on tick 16 of 50
[INFO] (lattice_cell.c: 172): the unmatched_packets is 56
[3168, 1038807065, 3424, 1038807079, 3152, 1038780568, 2904, 1038811830, 2896, 1038780526, 3408, 1038780617, 3416, 1038811813, 2912, 1038807041, 3425, 1038299009, 3409, 1038297264, 3172, 1021984370, 3426, 1037857878, 3174, 1021263740, 3430, 1021266861, 3420, 1021995264, 3412, 1021985959, 3156, 1021988171, 3423, 1021875855, 3169, 1038301917, 3157, 1021082942, 3158, 1021231593, 3159, 1021913428, 3153, 1038300128, 2917, 1021094792, 3171, 1038338219, 2910, 1021264328, 2900, 1021991100, 3173, 1021091287, 2919, 1021870947, 2901, 1021086403, 2913, 1038305440, 2902, 1021228110, 2909, 1021082538, 3175, 1021873866, 2903, 1021910417, 2897, 1038303609, 2914, 1037857912, 3154, 1037882770, 2898, 1037882814, 3155, 1038339892, 2916, 1021987342, 3170, 1037857896, 2905, 1038303783, 2899, 1038336426, 2911, 1021870652, 2918, 1021260194, 2907, 1038335395, 2906, 1037853106, 3431, 1021876078, 3417, 1038297380, 3410, 1037882742, 3427, 1038341161, 2908, 1022000444, 3418, 1037853125, 3428, 1021982115, 3411, 1038342756, 3429, 1021088167, 3419, 1038341816, 2915, 1038334679, 3421, 1021075947, 3413, 1021079917, 3414, 1021234641, 3422, 1021270942, 3415, 1021915686]
[INFO] (lattice_cell.c: 455): on tick 17 of 50
[INFO] (lattice_cell.c: 172): the unmatched_packets is 56
[3168, 1038776522, 3424, 1038776506, 3152, 1038713577, 3408, 1038713649, 2912, 1038776538, 2904, 1038738964, 3169, 1038310413, 3425, 1038307608, 3153, 1038307804, 3409, 1038305037, 3417, 1038306281, 2905, 1038312460, 3170, 1037878112, 3426, 1037878143, 3410, 1037938657, 3173, 1021071938, 3174, 1021054707, 3175, 1022082782, 3412, 1021950138, 3429, 1021068941, 3430, 1021057653, 3421, 1021094623, 2916, 1021996401, 3158, 1021033448, 3422, 1020984750, 3159, 1022108094, 3154, 1037938689, 3171, 1038344413, 3155, 1038345369, 3172, 1021992826, 2918, 1021051183, 2909, 1021101180, 2910, 1020978127, 3416, 1038738950, 2913, 1038313815, 3156, 1021953030, 2914, 1037878080, 3157, 1021109493, 2915, 1038341024, 2901, 1021113058, 2902, 1021029962, 2903, 1022104503, 2896, 1038713512, 2897, 1038311146, 2906, 1037914148, 2899, 1038342016, 2911, 1022159209, 2919, 1022079138, 2900, 1021956539, 2917, 1021075532, 3418, 1037914230, 3427, 1038347220, 3411, 1038348119, 3428, 1021989882, 3419, 1038346819, 2907, 1038340676, 3420, 1021964679, 3413, 1021106535, 3431, 1022085819, 3414, 1021036357, 3415, 1022111039, 3423, 1022165698, 2898, 1037938711, 2908, 1021971167]
[INFO] (lattice_cell.c: 455): on tick 18 of 50
[INFO] (lattice_cell.c: 172): the unmatched_packets is 56
[3168, 1038763262, 3424, 1038763278, 3408, 1038787464, 3416, 1038781200, 2904, 1038781141, 3152, 1038787413, 2912, 1038763264, 3169, 1038302828, 3425, 1038299940, 2896, 1038787355, 3153, 1038300442, 3409, 1038297628, 3417, 1038298648, 3170, 1037900458, 2913, 1038306307, 3154, 1037875707, 2905, 1038304973, 3426, 1037900449, 3172, 1021978865, 3173, 1021096268, 3418, 1037882474, 3411, 1038343739, 3412, 1021980706, 3157, 1021084687, 3158, 1021312978, 3413, 1021081505, 3423, 1021926688, 2900, 1021985904, 3171, 1038336995, 3155, 1038340893, 2910, 1021216413, 3156, 1021982934, 2919, 1022044073, 3174, 1021097361, 2914, 1037900447, 3175, 1022047063, 3159, 1021827907, 2898, 1037875741, 2915, 1038333538, 2918, 1021093601, 2907, 1038334819, 3410, 1037875687, 3427, 1038339885, 3428, 1021976551, 2917, 1021099921, 3419, 1038341157, 3429, 1021093049, 2906, 1037882496, 3420, 1021969168, 2897, 1038303878, 3430, 1021100687, 3431, 1022049312, 3421, 1021096901, 2908, 1021974471, 3414, 1021316081, 3422, 1021223421, 3415, 1021830214, 2911, 1021921601, 2916, 1021981944, 2901, 1021088284, 2902, 1021309462, 2903, 1021824846, 2899, 1038337458, 2909, 1021103755]
[INFO] (lattice_cell.c: 455): on tick 19 of 50
[INFO] (lattice_cell.c: 172): the unmatched_packets is 56
[3168, 1038773082, 3424, 1038773094, 3152, 1038742196, 3408, 1038742242, 3416, 1038784969, 2904, 1038784993, 2896, 1038742143, 2912, 1038773076, 3169, 1038309185, 3425, 1038306312, 3409, 1038306710, 3417, 1038304727, 3153, 1038309506, 2913, 1038312635, 2905, 1038310997, 2897, 1038312901, 3170, 1037880532, 3426, 1037880540, 3154, 1037911442, 3410, 1037911432, 3418, 1037869536, 2914, 1037880531, 2906, 1037869468, 3427, 1038348121, 3171, 1038345236, 3155, 1038346002, 3419, 1038348372, 3172, 1021971379, 3156, 1021956043, 3173, 1021095624, 3157, 1021098151, 3158, 1021046992, 3421, 1021077053, 3414, 1021049706, 3422, 1021135767, 3159, 1022093163, 3174, 1021156484, 3175, 1021976695, 2915, 1038341773, 2902, 1021043676, 2899, 1038342611, 2900, 1021959568, 2909, 1021083390, 2910, 1021129598, 2917, 1021099123, 2898, 1037911456, 2918, 1021153030, 2911, 1022002551, 2903, 1022089559, 2916, 1021974834, 3411, 1038348777, 2907, 1038342091, 3428, 1021968482, 3412, 1021953188, 3420, 1021984549, 2908, 1021990873, 2901, 1021101511, 3429, 1021092732, 3413, 1021095371, 3430, 1021159360, 2919, 1021973206, 3431, 1021979548, 3415, 1022096149, 3423, 1022008966]
[INFO] (lattice_cell.c: 455): on tick 20 of 50
[INFO] (lattice_cell.c: 172): the unmatched_packets is 56
[3168, 1038788492, 3424, 1038788496, 3152, 1038732950, 3408, 1038732993, 3416, 1038764150, 2912, 1038788493, 2904, 1038764185, 3169, 1038302947, 3425, 1038300097, 2896, 1038732903, 3153, 1038301079, 3409, 1038298289, 3417, 1038296800, 2905, 1038303055, 2897, 1038304470, 2913, 1038306375, 3170, 1037876335, 3426, 1037876347, 3154, 1037928563, 3171, 1038337391, 3418, 1037899659, 3427, 1038340217, 3156, 1021992104, 3157, 1021074931, 3159, 1021958325, 3430, 1021137166, 3421, 1021080408, 3422, 1021094523, 3158, 1021187813, 3155, 1038339938, 3172, 1021980145, 3173, 1021091362, 3174, 1021133798, 3175, 1022010510, 2911, 1022056233, 2902, 1021184043, 2903, 1021955266, 2898, 1037928591, 2906, 1037899573, 2919, 1022007351, 2916, 1021983313, 2914, 1037876313, 2907, 1038334033, 2909, 1021087499, 3410, 1037928540, 2917, 1021095132, 2900, 1021995100, 2915, 1038333970, 2918, 1021129999, 3411, 1038342718, 3419, 1038340231, 2901, 1021078724, 3428, 1021977754, 3412, 1021989854, 3420, 1021994939, 3429, 1021088009, 3431, 1022012921, 3413, 1021071601, 2899, 1038336553, 2910, 1021087275, 3414, 1021191129, 3415, 1021960667, 2908, 1022000367, 3423, 1022061628]
[INFO] (lattice_cell.c: 455): on tick 21 of 50
[INFO] (lattice_cell.c: 172): the unmatched_packets is 56
[3168, 1038777591, 3416, 1038769773, 3152, 1038786664, 3424, 1038777588, 3169, 1038311281, 3153, 1038306035, 3154, 1037867663, 3171, 1038344875, 3425, 1038308369, 2904, 1038769725, 3418, 1037883693, 3410, 1037867615, 3428, 1021972418, 2897, 1038309463, 3175, 1022040160, 3431, 1022042978, 3156, 1021897187, 3157, 1021166992, 3413, 1021164366, 3414, 1021187752, 3415, 1021952198, 3423, 1022013142, 3159, 1021949345, 3170, 1037876917, 3155, 1038347191, 3172, 1021975264, 2916, 1021978691, 3173, 1021084517, 3174, 1021095172, 2910, 1021124485, 2911, 1022007132, 2903, 1021945860, 2919, 1022036746, 2898, 1037867726, 2912, 1038777605, 2913, 1038314786, 2914, 1037876901, 3158, 1021185189, 2917, 1021087871, 2918, 1021091822, 2915, 1038341365, 3408, 1038786773, 3417, 1038304676, 3409, 1038303215, 3426, 1037876929, 2900, 1021900704, 3427, 1038347815, 2896, 1038786564, 3419, 1038348483, 3411, 1038350033, 3429, 1021081737, 3430, 1021097960, 3420, 1021943335, 3421, 1021118466, 3412, 1021894296, 2906, 1037883697, 3422, 1021130642, 2909, 1021124515, 2899, 1038343740, 2907, 1038342098, 2901, 1021170196, 2902, 1021182062, 2908, 1021949668, 2905, 1038311029]
[INFO] (lattice_cell.c: 455): on tick 22 of 50
[INFO] (lattice_cell.c: 172): the unmatched_packets is 56
[3168, 1038763822, 3424, 1038763822, 3408, 1038724562, 3416, 1038758484, 3152, 1038724564, 2912, 1038763841, 2904, 1038758546, 2896, 1038724572, 3169, 1038303353, 3425, 1038300521, 3153, 1038302561, 3409, 1038299802, 2913, 1038306762, 3170, 1037899745, 2905, 1038305532, 2897, 1038305900, 3426, 1037899779, 3154, 1037937623, 3171, 1038337380, 3418, 1037904801, 2914, 1037899713, 3427, 1038340179, 3156, 1022099632, 3419, 1038341078, 3174, 1021119514, 3412, 1022097405, 3420, 1022032095, 3421, 1021029927, 3159, 1021990151, 3155, 1038339897, 3172, 1022001136, 2917, 1021073677, 3173, 1021069769, 2919, 1022022809, 3157, 1020961618, 3158, 1021158563, 3417, 1038299334, 3175, 1022026013, 2903, 1021986837, 2915, 1038334000, 2898, 1037937603, 2907, 1038334954, 2899, 1038336570, 2916, 1022004322, 2909, 1021037328, 3410, 1037937631, 2911, 1021972527, 2910, 1021168526, 2918, 1021115567, 3411, 1038342631, 3428, 1021998706, 2901, 1020965561, 3429, 1021066343, 3413, 1020958185, 3430, 1021123018, 2906, 1037904699, 2908, 1022037446, 3414, 1021161887, 3431, 1022028506, 3422, 1021175935, 2900, 1022102605, 3415, 1021992693, 3423, 1021978136, 2902, 1021154784]
[INFO] (lattice_cell.c: 455): on tick 23 of 50
[INFO] (lattice_cell.c: 172): the unmatched_packets is 56
[3168, 1038789997, 3424, 1038790026, 3152, 1038774476, 3408, 1038774578, 2912, 1038789955, 2904, 1038810541, 2896, 1038774382, 3416, 1038810596, 3169, 1038307908, 3425, 1038304986, 3153, 1038306443, 3409, 1038303569, 2905, 1038308992, 2897, 1038309933, 3170, 1037864320, 3417, 1038302578, 2913, 1038311431, 3171, 1038345412, 3173, 1021145208, 2906, 1037844655, 3411, 1038349524, 3159, 1022012161, 3429, 1021142464, 3155, 1038346664, 2911, 1022027200, 3414, 1021126757, 3415, 1022014835, 3158, 1021124207, 3423, 1022033104, 2900, 1021824130, 3156, 1021820667, 2909, 1021203564, 3154, 1037879080, 2916, 1021928969, 2914, 1037864340, 2901, 1021246025, 2902, 1021121086, 2907, 1038341908, 2915, 1038341850, 2899, 1038343176, 2908, 1021877262, 3172, 1021925518, 2918, 1021120406, 3157, 1021242946, 2919, 1022006763, 3174, 1021123692, 2917, 1021148455, 2903, 1022008872, 3175, 1022010034, 3426, 1037864314, 2898, 1037879106, 3410, 1037879053, 3418, 1037844677, 3428, 1021922649, 3419, 1038348349, 3427, 1038348377, 3420, 1021870888, 3430, 1021126391, 3412, 1021817843, 3431, 1022012704, 2910, 1021105023, 3421, 1021197758, 3413, 1021240383, 3422, 1021110915]
[INFO] (lattice_cell.c: 455): on tick 24 of 50
[INFO] (lattice_cell.c: 172): the unmatched_packets is 56
[3168, 1038752907, 3424, 1038752874, 3152, 1038738036, 3408, 1038738074, 2904, 1038736687, 2896, 1038737985, 3416, 1038736587, 2912, 1038752958, 3169, 1038304963, 3425, 1038302150, 3153, 1038301040, 3409, 1038298330, 3417, 1038299356, 2913, 1038308352, 2905, 1038305470, 2897, 1038304342, 3426, 1037910827, 3170, 1037910790, 3154, 1037924378, 3410, 1037924324, 3418, 1037926568, 2906, 1037926466, 2914, 1037910732, 2898, 1037924437, 3171, 1038337665, 3155, 1038340018, 3427, 1038340441, 3172, 1022074491, 3173, 1020988715, 3428, 1022072069, 3421, 1020936896, 3430, 1021151694, 3414, 1021180065, 3158, 1021176684, 3159, 1021971693, 3156, 1022071528, 2919, 1021993648, 3174, 1021148186, 3157, 1020994393, 3175, 1021997023, 3411, 1038342727, 3419, 1038340755, 2903, 1021968302, 2916, 1022077666, 2908, 1022132955, 2900, 1022074700, 2917, 1020992730, 2901, 1020998281, 3412, 1022069091, 3420, 1022127405, 2915, 1038334316, 3429, 1020985204, 2910, 1021122743, 3413, 1020991016, 3422, 1021130289, 2909, 1020944407, 2902, 1021172845, 3431, 1021999676, 3423, 1022027031, 3415, 1021974326, 2918, 1021144180, 2907, 1038334688, 2911, 1022021147, 2899, 1038336726]
[INFO] (lattice_cell.c: 455): on tick 25 of 50
[INFO] (lattice_cell.c: 172): the unmatched_packets is 56
[3168, 1038811855, 3424, 1038811892, 3408, 1038747866, 3416, 1038782593, 3152, 1038747789, 2904, 1038782558, 2912, 1038811823, 2896, 1038747715, 3169, 1038308209, 3425, 1038305245, 3153, 1038307767, 3409, 1038304870, 3417, 1038304193, 2905, 1038310693, 2897, 1038311258, 3170, 1037843239, 3426, 1037843253, 3154, 1037905187, 3410, 1037905195, 2913, 1038311773, 2906, 1037870681, 2914, 1037843226, 2898, 1037905185, 3418, 1037870775, 3171, 1038345024, 3427, 1038348029, 3155, 1038347735, 3411, 1038350641, 3419, 1038348837, 3172, 1021841277, 3173, 1021228190, 3428, 1021838469, 3157, 1021112930, 3412, 1021941050, 3420, 1021848873, 2915, 1038341439, 2899, 1038344221, 3413, 1021110180, 3159, 1021950965, 3158, 1021183244, 3415, 1021953543, 3156, 1021943657, 3174, 1021094712, 3175, 1022039697, 2901, 1021116182, 2917, 1021231350, 2911, 1022006946, 2919, 1022036531, 2902, 1021180208, 2903, 1021947724, 2918, 1021091502, 2908, 1021854873, 2900, 1021946860, 2907, 1038342322, 2909, 1021218263, 2910, 1021124486, 3429, 1021225525, 3421, 1021212357, 3430, 1021097423, 3414, 1021185725, 3422, 1021130471, 2916, 1021844676, 3431, 1022042258, 3423, 1022012457]
[INFO] (lattice_cell.c: 455): on tick 26 of 50
[INFO] (lattice_cell.c: 172): the unmatched_packets is 56
[3168, 1038750930, 3424, 1038750910, 3152, 1038772132, 3408, 1038772156, 3416, 1038780188, 2912, 1038750966, 2904, 1038780192, 2896, 1038772098, 3169, 1038303076, 3425, 1038300290, 3153, 1038300626, 3409, 1038297901, 3417, 1038297082, 2913, 1038306426, 3170, 1037912922, 3426, 1037912932, 2905, 1038303156, 3410, 1037891150, 3154, 1037891184, 3171, 1038337756, 2897, 1038303920, 3156, 1021932071, 3427, 1038340514, 3174, 1021120298, 3413, 1021131486, 3430, 1021123817, 3157, 1021134703, 3414, 1021153288, 3158, 1021149934, 3423, 1022013327, 3159, 1021999266, 3155, 1038339422, 3172, 1022116534, 2911, 1022007213, 2919, 1022022800, 3173, 1020955129, 3175, 1022026293, 2901, 1021138431, 2902, 1021146086, 2903, 1021995714, 2910, 1021135758, 2906, 1037884307, 2898, 1037891226, 2907, 1038334598, 2914, 1037912898, 2915, 1038334426, 3418, 1037884319, 3411, 1038342084, 3419, 1038340607, 3428, 1022113926, 2908, 1022026010, 3412, 1021929543, 2899, 1038336163, 3420, 1022019978, 2916, 1022119897, 2909, 1021057858, 3421, 1021050687, 3431, 1022029040, 2918, 1021116273, 3422, 1021143291, 3429, 1020951667, 3415, 1022002061, 2900, 1021935399, 2917, 1020959107]
[INFO] (lattice_cell.c: 455): on tick 27 of 50
[INFO] (lattice_cell.c: 172): the unmatched_packets is 56
[3168, 1038772148, 3424, 1038772154, 3152, 1038747641, 3408, 1038747737, 3416, 1038759896, 2904, 1038759893, 2896, 1038747547, 3169, 1038310329, 3425, 1038307336, 3153, 1038306763, 3409, 1038303892, 3417, 1038304406, 2913, 1038313930, 2905, 1038310893, 2912, 1038772143, 2897, 1038310268, 3170, 1037881098, 3426, 1037881163, 3410, 1037905831, 3154, 1037905843, 3418, 1037893679, 2906, 1037893542, 2898, 1037905849, 3171, 1038344946, 3427, 1038347961, 3411, 1038350409, 3155, 1038347504, 3419, 1038349279, 3172, 1021905874, 3156, 1022001228, 3428, 1021903300, 3412, 1021998639, 3174, 1021132714, 2915, 1038341326, 2899, 1038343959, 3175, 1022003997, 3420, 1022008502, 3415, 1022001166, 3159, 1021998700, 3173, 1021153982, 3157, 1021061349, 3158, 1021137625, 2901, 1021064579, 2911, 1021999045, 2902, 1021134590, 2903, 1021995610, 2908, 1022014163, 2909, 1021058565, 2907, 1038342712, 2914, 1037881046, 2919, 1022000970, 2917, 1021157300, 2910, 1021133386, 2900, 1022004452, 2918, 1021129441, 3429, 1021151118, 3413, 1021058579, 3421, 1021052275, 3430, 1021135472, 3414, 1021140157, 3431, 1022006411, 3422, 1021139324, 2916, 1021909040, 3423, 1022004428]
[INFO] (lattice_cell.c: 455): on tick 28 of 50
[INFO] (lattice_cell.c: 172): the unmatched_packets is 56
[3168, 1038794959, 3424, 1038794960, 3152, 1038740630, 3408, 1038740672, 3416, 1038778144, 2912, 1038794963, 2904, 1038778235, 2896, 1038740580, 3169, 1038302451, 3425, 1038299658, 3409, 1038298459, 3153, 1038301175, 3417, 1038298552, 2905, 1038304670, 2913, 1038305809, 2897, 1038304453, 3170, 1037870062, 3426, 1037870048, 3154, 1037921393, 3410, 1037921334, 3418, 1037885708, 3171, 1038337849, 3155, 1038340130, 3427, 1038340594, 3157, 1021080343, 3419, 1038341236, 3412, 1021980080, 3429, 1021106739, 3430, 1021127258, 3422, 1021129533, 3158, 1021172608, 3159, 1021976109, 3172, 1021961923, 3173, 1021109989, 2911, 1022017996, 3156, 1021982702, 3174, 1021123810, 3175, 1022019994, 2909, 1021133500, 2914, 1037870066, 2902, 1021168778, 2903, 1021972473, 2907, 1038335261, 2899, 1038336886, 2915, 1038334536, 2917, 1021113730, 2906, 1037885628, 2918, 1021119803, 2900, 1021986066, 2919, 1022016425, 2916, 1021965507, 2898, 1037921445, 2910, 1021122028, 2908, 1021943940, 3411, 1038342788, 3428, 1021959135, 2901, 1021084111, 3420, 1021937817, 3413, 1021077138, 3421, 1021126490, 3414, 1021175938, 3431, 1022022867, 3415, 1021979006, 3423, 1022024293]
[INFO] (lattice_cell.c: 455): on tick 29 of 50
[INFO] (lattice_cell.c: 172): the unmatched_packets is 56
[3168, 1038768699, 3424, 1038768695, 3408, 1038753374, 3416, 1038775401, 3152, 1038753302, 2912, 1038768698, 2904, 1038775393, 2896, 1038753246, 3169, 1038308623, 3425, 1038305645, 3153, 1038307277, 3409, 1038304398, 3417, 1038303555, 3170, 1037885464, 3426, 1037885516, 3154, 1037899843, 3410, 1037899859, 3418, 1037878586, 2905, 1038310047, 3171, 1038347278, 3427, 1038350307, 2897, 1038310786, 3156, 1021938278, 3411, 1038349709, 3173, 1021039835, 3419, 1038348506, 3157, 1021120487, 3413, 1021117615, 3423, 1022024037, 3155, 1038346789, 3172, 1022028195, 3174, 1021113007, 3175, 1022016061, 3158, 1021175578, 3159, 1021962141, 2900, 1021941306, 2918, 1021109710, 2913, 1038312202, 2915, 1038343657, 2911, 1022018915, 2916, 1022031279, 3429, 1021036820, 2902, 1021172507, 2898, 1037899826, 3428, 1022025690, 3412, 1021935864, 3414, 1021178163, 3431, 1022018429, 3420, 1021971640, 2914, 1037885418, 2917, 1021043288, 3421, 1021093021, 3430, 1021115833, 2899, 1038343253, 3422, 1021122087, 2908, 1021977256, 2909, 1021099286, 2903, 1021959126, 3415, 1021964496, 2906, 1037878455, 2907, 1038341954, 2919, 1022013057, 2910, 1021115972, 2901, 1021123830]
[INFO] (lattice_cell.c: 455): on tick 30 of 50
[INFO] (lattice_cell.c: 172): the unmatched_packets is 56
[3168, 1038768958, 3424, 1038768945, 3152, 1038767517, 3408, 1038767563, 3416, 1038768205, 2912, 1038768999, 2904, 1038768215, 2896, 1038767453, 3169, 1038303595, 3425, 1038300793, 3153, 1038300565, 3409, 1038297851, 3417, 1038297429, 2905, 1038303532, 2913, 1038306977, 3170, 1037894727, 3154, 1037895834, 3426, 1037894748, 2897, 1038303850, 3171, 1038338184, 3172, 1021968986, 3173, 1021097923, 2899, 1038337198, 3157, 1021103755, 3423, 1022018465, 2916, 1021972566, 3158, 1021158183, 3159, 1021988814, 3156, 1021961645, 3155, 1038340429, 3174, 1021120014, 3175, 1022024247, 2918, 1021116097, 2911, 1022012012, 2901, 1021107322, 2902, 1021154435, 2903, 1021985100, 2909, 1021068743, 2906, 1037895591, 2919, 1022020626, 2914, 1037894693, 2915, 1038334837, 2908, 1022011914, 2910, 1021137208, 2898, 1037895892, 2900, 1021965206, 2917, 1021101672, 2907, 1038333573, 3410, 1037895770, 3431, 1022027172, 3418, 1037895615, 3427, 1038340959, 3419, 1038339581, 3411, 1038343082, 3428, 1021966133, 3412, 1021958836, 3420, 1022005528, 3429, 1021094739, 3413, 1021100762, 3421, 1021061889, 3430, 1021123362, 3414, 1021161391, 3422, 1021144519, 3415, 1021991790]
[INFO] (lattice_cell.c: 455): on tick 31 of 50
[INFO] (lattice_cell.c: 172): the unmatched_packets is 56
[3168, 1038782704, 3424, 1038782709, 3152, 1038749105, 3408, 1038749183, 3416, 1038765743, 2904, 1038765798, 3169, 1038309559, 3170, 1037871338, 2896, 1038749042, 3154, 1037904479, 3409, 1038303794, 3426, 1037871390, 3172, 1021948591, 3155, 1038348977, 3173, 1021115022, 3174, 1021131011, 3419, 1038348655, 3420, 1021972834, 2914, 1037871277, 2910, 1021139025, 3431, 1022011230, 3156, 1021990466, 3414, 1021142658, 3422, 1021145402, 3157, 1021071201, 3423, 1022000377, 3158, 1021139962, 3153, 1038306659, 3171, 1038344148, 3175, 1022008914, 2901, 1021074647, 2902, 1021136811, 2903, 1021988051, 2897, 1038310155, 2906, 1037887569, 3159, 1021991058, 2913, 1038313157, 2909, 1021094718, 2915, 1038340582, 2908, 1021978072, 2916, 1021951626, 2919, 1022005982, 2900, 1021993435, 2917, 1021118510, 2912, 1038782724, 2918, 1021127494, 3425, 1038306586, 2905, 1038310705, 3417, 1038304216, 3410, 1037904493, 3418, 1037887743, 3427, 1038347121, 2898, 1037904475, 3411, 1038351886, 3428, 1021946163, 3412, 1021988158, 3429, 1021111963, 3430, 1021134074, 2907, 1038342137, 3413, 1021068208, 3421, 1021088060, 3415, 1021993352, 2899, 1038345462, 2911, 1021995294]
[INFO] (lattice_cell.c: 455): on tick 32 of 50
[INFO] (lattice_cell.c: 172): the unmatched_packets is 56
[3168, 1038773485, 3424, 1038773493, 3408, 1038743691, 3416, 1038777808, 2912, 1038773486, 2904, 1038777874, 3152, 1038743630, 2896, 1038743570, 3169, 1038302402, 3425, 1038299584, 3153, 1038301141, 3409, 1038298414, 3417, 1038298138, 2913, 1038305771, 2905, 1038304276, 2897, 1038304435, 3170, 1037890819, 3426, 1037890819, 3410, 1037918291, 3154, 1037918330, 3171, 1038340262, 3427, 1038343083, 3156, 1021974550, 3173, 1021084647, 3411, 1038343531, 3174, 1021093667, 3419, 1038342317, 3428, 1021983388, 3158, 1021162323, 3412, 1021971673, 3430, 1021096777, 3421, 1021111283, 3431, 1022046094, 3414, 1021165364, 3415, 1021987563, 3159, 1021984550, 3423, 1022025303, 3155, 1038340840, 3172, 1021986426, 3175, 1022043158, 3157, 1021088476, 3418, 1037886154, 2911, 1022018866, 2902, 1021158707, 2903, 1021980832, 2906, 1037886056, 2898, 1037918378, 2899, 1038337573, 2909, 1021117797, 2910, 1021118569, 2908, 1021960310, 2900, 1021978141, 2914, 1037890805, 2919, 1022039502, 2916, 1021990175, 2917, 1021088229, 2915, 1038336875, 2918, 1021089968, 3420, 1021953692, 3429, 1021081628, 2907, 1038336233, 3413, 1021085537, 3422, 1021125478, 2901, 1021091989]
[INFO] (lattice_cell.c: 455): on tick 33 of 50
[INFO] (lattice_cell.c: 172): the unmatched_packets is 56
[3168, 1038787673, 3424, 1038787656, 3152, 1038752091, 3408, 1038752147, 3416, 1038781690, 2912, 1038787695, 2904, 1038781711, 2896, 1038752032, 3169, 1038308693, 3425, 1038305732, 3153, 1038306227, 3409, 1038303372, 3417, 1038303392, 2913, 1038312266, 3170, 1037866839, 3426, 1037866888, 2905, 1038309847, 3154, 1037901218, 3410, 1037901230, 3171, 1038344520, 2897, 1038309700, 3427, 1038347463, 3174, 1021182381, 3428, 1022006864, 3420, 1021985378, 3422, 1021147833, 3415, 1021965539, 3157, 1021111131, 3155, 1038345969, 3172, 1022009148, 3156, 1021951055, 3173, 1021056911, 3175, 1021957399, 3158, 1021178156, 3159, 1021963255, 2900, 1021953935, 2918, 1021178729, 2910, 1021140963, 2903, 1021960301, 2898, 1037901219, 2907, 1038340045, 2915, 1038340967, 2914, 1037866773, 3418, 1037872755, 3411, 1038348822, 2906, 1037872610, 2916, 1022012061, 2908, 1021990607, 2899, 1038342496, 3419, 1038346450, 3412, 1021948827, 3429, 1021053664, 2917, 1021060594, 3413, 1021108010, 2919, 1021954429, 2901, 1021114663, 2902, 1021174791, 3421, 1021078690, 2909, 1021085448, 3430, 1021185595, 3414, 1021181068, 3431, 1021959698, 3423, 1022007180, 2911, 1022002208]
[INFO] (lattice_cell.c: 455): on tick 34 of 50
[INFO] (lattice_cell.c: 172): the unmatched_packets is 56
[3168, 1038746910, 3424, 1038746912, 3408, 1038757363, 2904, 1038752182, 3152, 1038757312, 2896, 1038757248, 3416, 1038752166, 2912, 1038746924, 3169, 1038303665, 3425, 1038300820, 3153, 1038301126, 3409, 1038298383, 3417, 1038298384, 2905, 1038304558, 3170, 1037916106, 3410, 1037905465, 3174, 1021026116, 3175, 1022119959, 3411, 1038345675, 3429, 1021112036, 2900, 1021959811, 3414, 1021146688, 3422, 1021084135, 3158, 1021143914, 3423, 1022067494, 3154, 1037905495, 3159, 1021994478, 3171, 1038338018, 3155, 1038342945, 3172, 1021952532, 3173, 1021114964, 3157, 1021106086, 2902, 1021140547, 2903, 1021990738, 2897, 1038304439, 2918, 1021022498, 2906, 1037910837, 2898, 1037905531, 3156, 1021956112, 2907, 1038336606, 2913, 1038307089, 2914, 1037916079, 2909, 1021087295, 2916, 1021956299, 2910, 1021077565, 2911, 1022061026, 2919, 1022116347, 2908, 1021989541, 2899, 1038339633, 2917, 1021118482, 2915, 1038334601, 2901, 1021109404, 3426, 1037916123, 3427, 1038340864, 3418, 1037910922, 3428, 1021949485, 3419, 1038342785, 3430, 1021029161, 3420, 1021982809, 3412, 1021953134, 3431, 1022122926, 3421, 1021080951, 3413, 1021103310, 3415, 1021997522]
[INFO] (lattice_cell.c: 455): on tick 35 of 50
[INFO] (lattice_cell.c: 172): the unmatched_packets is 56
[3168, 1038810593, 3424, 1038810553, 3408, 1038767310, 3416, 1038791194, 3152, 1038767240, 2904, 1038791299, 2912, 1038810647, 2896, 1038767176, 3169, 1038308218, 3425, 1038305269, 3409, 1038305098, 3417, 1038303219, 2905, 1038309619, 3153, 1038307930, 2913, 1038311758, 2897, 1038311379, 3170, 1037844428, 3426, 1037844500, 3410, 1037887023, 3154, 1037887035, 3418, 1037863079, 2906, 1037862889, 2914, 1037844349, 2898, 1037887041, 3427, 1038350638, 3171, 1038347693, 3155, 1038345930, 3411, 1038348734, 3172, 1021976421, 3175, 1021882771, 2915, 1038344158, 3421, 1021075678, 3430, 1021245794, 3414, 1021195802, 3158, 1021192660, 3159, 1021950267, 3422, 1021230656, 3415, 1021952550, 3423, 1021914497, 3156, 1021986387, 3173, 1021090100, 3157, 1021068784, 3174, 1021242544, 2919, 1021879822, 2909, 1021082716, 3419, 1038348740, 2902, 1021189130, 2903, 1021947314, 2916, 1021979375, 3428, 1021974154, 2899, 1038342509, 3412, 1021984207, 2900, 1021989263, 3420, 1021987546, 2901, 1021072401, 2918, 1021238842, 2907, 1038342381, 2910, 1021223574, 2917, 1021093825, 2911, 1021909476, 2908, 1021992605, 3429, 1021086810, 3413, 1021065601, 3431, 1021885023]
[INFO] (lattice_cell.c: 455): on tick 36 of 50
[INFO] (lattice_cell.c: 172): the unmatched_packets is 56
[3168, 1038756728, 3424, 1038756754, 3152, 1038723813, 3408, 1038723873, 3416, 1038745865, 2904, 1038745878, 2912, 1038756722, 3169, 1038303192, 2896, 1038723763, 3425, 1038300311, 3409, 1038298761, 3417, 1038296726, 3153, 1038301507, 2905, 1038302961, 2897, 1038304845, 2913, 1038306633, 3170, 1037907130, 3426, 1037907165, 3410, 1037937587, 2906, 1037917097, 3418, 1037917201, 2914, 1037907104, 2898, 1037937638, 3154, 1037937616, 3171, 1038336480, 3155, 1038340964, 3427, 1038339310, 2907, 1038333025, 3419, 1038339207, 3172, 1021982801, 2899, 1038337617, 2915, 1038333072, 3157, 1021098749, 3174, 1021001195, 3428, 1021979658, 3429, 1021083468, 3158, 1021079212, 3421, 1021120238, 3159, 1022068700, 2909, 1021126388, 3423, 1022145000, 2917, 1021089623, 3156, 1021963308, 3173, 1021086272, 2911, 1022138606, 3175, 1022153237, 2918, 1020997583, 2919, 1022149568, 2916, 1021986638, 3411, 1038343726, 2908, 1021957788, 2910, 1021013836, 2902, 1021075959, 2900, 1021966965, 2903, 1022064985, 2901, 1021102089, 3412, 1021960301, 3420, 1021951000, 3430, 1021004199, 3431, 1022156278, 3413, 1021096016, 3422, 1021020373, 3414, 1021081891, 3415, 1022071730]
[INFO] (lattice_cell.c: 455): on tick 37 of 50
[INFO] (lattice_cell.c: 172): the unmatched_packets is 56
[3168, 1038772240, 3424, 1038772234, 3152, 1038777208, 3408, 1038777264, 3416, 1038801479, 2912, 1038772255, 2904, 1038801572, 2896, 1038777153, 3169, 1038310412, 3425, 1038307488, 3409, 1038302425, 2905, 1038309236, 2897, 1038308670, 3417, 1038302880, 3153, 1038305249, 2913, 1038313927, 3170, 1037881441, 3154, 1037876796, 3171, 1038346340, 3426, 1037881461, 2906, 1037853180, 3172, 1021979577, 3410, 1037876805, 3418, 1037853342, 3429, 1021075451, 3430, 1021190528, 3413, 1021085246, 3157, 1021088404, 3415, 1021851698, 3158, 1021278281, 3423, 1021885385, 2918, 1021183275, 3159, 1021849412, 2917, 1021082760, 2909, 1021086466, 2901, 1021092029, 3155, 1038349422, 2910, 1021245132, 2919, 1021941592, 3156, 1021975651, 3173, 1021078894, 2903, 1021846381, 2915, 1038342788, 3174, 1021187126, 2908, 1021989350, 2900, 1021978556, 2916, 1021982477, 2911, 1021880420, 3175, 1021944407, 2902, 1021274723, 2907, 1038344195, 2899, 1038346019, 3427, 1038349305, 2914, 1037881406, 3411, 1038352207, 3419, 1038350563, 3428, 1021977356, 3412, 1021973481, 3420, 1021984224, 3431, 1021946536, 3421, 1021079404, 2898, 1037876801, 3422, 1021252227, 3414, 1021281419]
[INFO] (lattice_cell.c: 455): on tick 38 of 50
[INFO] (lattice_cell.c: 172): the unmatched_packets is 56
[3168, 1038790397, 3424, 1038790370, 3152, 1038732831, 3408, 1038732878, 3416, 1038763974, 2912, 1038790458, 2904, 1038764064, 2896, 1038732781, 3169, 1038303046, 3425, 1038300154, 3409, 1038300477, 3417, 1038298720, 2913, 1038306510, 2897, 1038306608, 3153, 1038303250, 3170, 1037873997, 3426, 1037874073, 3154, 1037929361, 3410, 1037929350, 2905, 1038304993, 3418, 1037899835, 2906, 1037899622, 2914, 1037873899, 2898, 1037929370, 3171, 1038339209, 3427, 1038342054, 3155, 1038338934, 3411, 1038341684, 3419, 1038340824, 3172, 1021981214, 3428, 1021978100, 3156, 1021937298, 3173, 1021086153, 3412, 1021934340, 3420, 1021989552, 3157, 1021117476, 2899, 1038335580, 3429, 1021083368, 3175, 1022001610, 3414, 1021041939, 3431, 1022004789, 3159, 1022116766, 3174, 1021140634, 2910, 1021042415, 3158, 1021039239, 2911, 1022105773, 2919, 1021997840, 2909, 1021079197, 2902, 1021035939, 2903, 1022113108, 2907, 1038334654, 2918, 1021137325, 2917, 1021089479, 2915, 1038335767, 3413, 1021114745, 3421, 1021073094, 2901, 1021120758, 3430, 1021143440, 2900, 1021940904, 3422, 1021048813, 2916, 1021984975, 3415, 1022119789, 3423, 1022112360, 2908, 1021996309]
[INFO] (lattice_cell.c: 455): on tick 39 of 50
[INFO] (lattice_cell.c: 172): the unmatched_packets is 56
[3168, 1038765417, 3424, 1038765402, 3152, 1038762021, 3408, 1038762123, 3416, 1038750571, 2904, 1038750565, 2912, 1038765432, 2896, 1038761920, 3169, 1038308359, 3425, 1038305437, 3153, 1038305297, 3409, 1038302507, 3417, 1038301754, 3170, 1037888682, 3154, 1037891685, 2897, 1038308678, 3171, 1038345299, 2913, 1038311858, 3172, 1021968147, 3418, 1037902331, 3427, 1038348201, 3158, 1021256703, 3413, 1021068432, 3159, 1021876151, 3423, 1022003730, 3155, 1038348360, 3173, 1021100389, 3156, 1021992280, 3174, 1021065899, 3175, 1022070466, 2916, 1021971194, 3157, 1021071618, 2902, 1021253132, 2903, 1021873148, 2917, 1021104229, 2914, 1037888632, 2905, 1038308073, 2907, 1038341684, 3430, 1021069458, 2906, 1037902248, 2898, 1037891724, 3426, 1037888712, 2915, 1038341810, 2911, 1021999000, 3421, 1021092480, 3410, 1037891649, 2900, 1021995325, 2908, 1021982925, 3428, 1021965810, 2899, 1038344970, 2909, 1021099622, 3419, 1038348007, 2910, 1021137424, 2918, 1021061856, 3429, 1021096999, 2919, 1022067612, 3411, 1038351144, 2901, 1021075239, 3420, 1021977659, 3431, 1022072621, 3412, 1021990016, 3422, 1021144898, 3414, 1021259814, 3415, 1021878378]
[INFO] (lattice_cell.c: 455): on tick 40 of 50
[INFO] (lattice_cell.c: 172): the unmatched_packets is 56
[3168, 1038778264, 3424, 1038778251, 3408, 1038773970, 3152, 1038773975, 2904, 1038794372, 2912, 1038778295, 2896, 1038773984, 3416, 1038794196, 3169, 1038304731, 3425, 1038301808, 3409, 1038297301, 2905, 1038304673, 2897, 1038303496, 3153, 1038300096, 3417, 1038298342, 2913, 1038308245, 3170, 1037885572, 3426, 1037885628, 3154, 1037889449, 3410, 1037889468, 3418, 1037870012, 3171, 1038338488, 3427, 1038341391, 3156, 1021944559, 2914, 1037885506, 3429, 1021089152, 3413, 1021118656, 2916, 1021972385, 3158, 1021121578, 3422, 1021188724, 3415, 1022027793, 3423, 1021965918, 2900, 1021948032, 3155, 1038341465, 3172, 1021968740, 3173, 1021091918, 3174, 1021142147, 3175, 1022002830, 3159, 1022024656, 3157, 1021121318, 2911, 1021959388, 2901, 1021124546, 2902, 1021118480, 2898, 1037889423, 2907, 1038335545, 2915, 1038334989, 2906, 1037869770, 2908, 1021958634, 2909, 1021114913, 2919, 1021999231, 2917, 1021095252, 3411, 1038344222, 2910, 1021182677, 3419, 1038341824, 2903, 1022020886, 3428, 1021965729, 3412, 1021941695, 3420, 1021952231, 3430, 1021144956, 3421, 1021108816, 3431, 1022005825, 3414, 1021124140, 2918, 1021138757, 2899, 1038338095]
[INFO] (lattice_cell.c: 455): on tick 41 of 50
[INFO] (lattice_cell.c: 172): the unmatched_packets is 56
[3168, 1038775687, 3424, 1038775700, 3152, 1038705622, 3408, 1038705725, 3416, 1038761688, 2912, 1038775690, 2904, 1038761719, 2896, 1038705516, 3169, 1038307759, 3425, 1038304887, 3409, 1038307465, 3417, 1038304282, 3153, 1038310228, 2905, 1038310529, 2897, 1038313583, 3170, 1037878380, 3426, 1037878427, 2913, 1038311212, 3154, 1037946358, 3410, 1037946352, 3418, 1037892390, 3171, 1038345946, 3427, 1038348843, 2914, 1037878348, 3156, 1022033076, 3431, 1021991430, 3158, 1021131646, 3159, 1022006788, 3155, 1038347390, 3172, 1022003190, 3173, 1021065295, 3174, 1021146307, 3175, 1021989117, 2909, 1021055738, 3157, 1021014224, 2911, 1022039158, 2902, 1021127846, 2916, 1022006411, 2903, 1022003838, 2908, 1022017095, 3411, 1038350122, 3419, 1038348561, 2915, 1038342494, 3428, 1022000731, 2906, 1037892219, 2910, 1021096320, 2907, 1038342365, 2899, 1038344054, 2901, 1021017949, 2917, 1021069150, 2900, 1022036199, 3429, 1021061885, 3412, 1022030728, 3420, 1022011404, 3430, 1021149777, 3421, 1021048654, 2898, 1037946383, 3413, 1021010948, 2919, 1021986092, 3422, 1021103867, 3414, 1021134937, 3415, 1022008977, 2918, 1021142363, 3423, 1022044180]
[INFO] (lattice_cell.c: 455): on tick 42 of 50
[INFO] (lattice_cell.c: 172): the unmatched_packets is 56
[3168, 1038785261, 3424, 1038785194, 3408, 1038790966, 3152, 1038790924, 2904, 1038787274, 3169, 1038302243, 2912, 1038785359, 3171, 1038339011, 3426, 1037879281, 3173, 1021119270, 3174, 1021094657, 3410, 1037872237, 3175, 1022047596, 3429, 1021116486, 3420, 1021915842, 3421, 1021163664, 3156, 1021844144, 3412, 1021841372, 3157, 1021230035, 3414, 1021202633, 3158, 1021200107, 3423, 1022050930, 3159, 1021945208, 2911, 1022044770, 3153, 1038297294, 3170, 1037879192, 2899, 1038337647, 3154, 1037872275, 3172, 1021952075, 3155, 1038341064, 2900, 1021847575, 2902, 1021197086, 2919, 1022044062, 2903, 1021941596, 2897, 1038300716, 2918, 1021091304, 2907, 1038335056, 2908, 1021922104, 2909, 1021169619, 2913, 1038305795, 2906, 1037876839, 2915, 1038335483, 2910, 1021099205, 2916, 1021955541, 2917, 1021122581, 3416, 1038787155, 2896, 1038790885, 2905, 1038300565, 3425, 1038299282, 3417, 1038294159, 3409, 1038294465, 3428, 1021949233, 3427, 1038341926, 3418, 1037877012, 3419, 1038341399, 2898, 1037872305, 3411, 1038343871, 2914, 1037879089, 3430, 1021097501, 3431, 1022050572, 3413, 1021227519, 3422, 1021105483, 3415, 1021948206, 2901, 1021233085]
[INFO] (lattice_cell.c: 455): on tick 43 of 50
[INFO] (lattice_cell.c: 172): the unmatched_packets is 56
[3168, 1038747866, 3424, 1038747892, 3152, 1038735362, 3408, 1038735431, 3416, 1038739102, 2912, 1038747870, 2904, 1038739152, 2896, 1038735319, 3169, 1038312688, 3425, 1038309825, 3153, 1038308848, 3409, 1038306163, 3417, 1038306816, 2905, 1038312989, 2913, 1038316123, 2897, 1038312142, 3170, 1037905141, 3426, 1037905199, 3410, 1037918351, 3154, 1037918312, 3418, 1037913531, 3171, 1038344738, 2906, 1037913306, 3427, 1038347602, 3172, 1022019281, 3419, 1038348483, 2914, 1037905094, 2898, 1037918270, 3173, 1021031270, 3420, 1022081684, 3429, 1021027842, 3413, 1020952340, 3421, 1020967510, 3157, 1020955744, 3431, 1022015937, 3415, 1021971083, 3423, 1021970189, 3158, 1021169884, 3155, 1038347665, 2908, 1022087400, 3159, 1021968676, 2910, 1021172249, 3156, 1022095612, 3174, 1021126291, 3175, 1022013641, 2902, 1021166214, 2903, 1021965467, 2917, 1021035152, 2899, 1038344375, 2915, 1038341317, 2900, 1022098845, 2911, 1021965012, 2916, 1022022639, 2909, 1020974901, 2907, 1038342318, 2901, 1020959648, 3411, 1038350374, 2919, 1022010640, 3428, 1022016676, 3412, 1022093139, 3430, 1021129858, 3414, 1021173049, 2918, 1021122207, 3422, 1021179705]
[INFO] (lattice_cell.c: 455): on tick 44 of 50
[INFO] (lattice_cell.c: 172): the unmatched_packets is 56
[3168, 1038813198, 3424, 1038813164, 3152, 1038761773, 3408, 1038761798, 3416, 1038807714, 2912, 1038813263, 2896, 1038761751, 3169, 1038299187, 3425, 1038296204, 3153, 1038300045, 3409, 1038297140, 3417, 1038294882, 3170, 1037851896, 3426, 1037851942, 3410, 1037900775, 3418, 1037856984, 3428, 1021878885, 3158, 1021124875, 3420, 1021851238, 3413, 1021182672, 3157, 1021185055, 3422, 1021126606, 3423, 1022024655, 3154, 1037900800, 3171, 1038339462, 2919, 1022008928, 3172, 1021881678, 3155, 1038341633, 3173, 1021199386, 3174, 1021127672, 2901, 1021187956, 3175, 1022012364, 3156, 1021880199, 2915, 1038335903, 3159, 1022019762, 2902, 1021121735, 2903, 1022016317, 2910, 1021120467, 2898, 1037900815, 2916, 1021885083, 2918, 1021124358, 2904, 1038807868, 2899, 1038338203, 2911, 1022018543, 2905, 1038301372, 2897, 1038303544, 2913, 1038302771, 3411, 1038344434, 3427, 1038342423, 3419, 1038342430, 2914, 1037851846, 3429, 1021196705, 2907, 1038336067, 3412, 1021877559, 3430, 1021130486, 2906, 1037856801, 3431, 1022015208, 3421, 1021223241, 2917, 1021202578, 3414, 1021127506, 2909, 1021228828, 3415, 1022022598, 2908, 1021857337, 2900, 1021883485]
[INFO] (lattice_cell.c: 455): on tick 45 of 50
[INFO] (lattice_cell.c: 172): the unmatched_packets is 56
[3168, 1038747286, 3424, 1038747259, 3408, 1038749331, 3416, 1038748491, 3152, 1038749211, 3169, 1038311326, 3425, 1038308492, 3409, 1038304871, 3171, 1038346941, 3172, 1022110852, 3173, 1020945278, 2896, 1038749098, 3157, 1021067659, 3174, 1021128103, 3419, 1038347541, 3158, 1021162936, 3412, 1021986310, 3429, 1020941730, 2906, 1037904919, 3413, 1021064266, 3422, 1021118021, 3414, 1021166075, 3415, 1021981860, 3153, 1038307505, 3170, 1037906226, 3154, 1037904128, 3155, 1038346413, 2917, 1020949326, 3156, 1021989000, 2918, 1021124107, 3175, 1022005155, 2900, 1021992457, 2902, 1021159266, 2905, 1038310523, 2897, 1038310742, 2907, 1038341425, 3159, 1021979403, 2908, 1022082038, 2913, 1038314708, 2915, 1038343550, 2909, 1020991855, 2904, 1038748578, 3417, 1038304456, 2919, 1022001933, 3426, 1037906334, 2914, 1037906106, 2912, 1038747338, 3410, 1037904128, 3418, 1037905178, 2899, 1038343138, 3427, 1038349784, 2916, 1022114274, 3411, 1038349105, 2910, 1021110459, 3428, 1022108168, 2903, 1021976142, 3420, 1022075957, 2898, 1037904143, 3430, 1021131571, 3421, 1020984255, 3431, 1022007627, 2911, 1022029606, 3423, 1022034949, 2901, 1021071520]
[INFO] (lattice_cell.c: 455): on tick 46 of 50
[INFO] (lattice_cell.c: 172): the unmatched_packets is 56
[3168, 1038792593, 3424, 1038792563, 3408, 1038744407, 2904, 1038772029, 2896, 1038744418, 3152, 1038744408, 3416, 1038771890, 3169, 1038302279, 2912, 1038792643, 3154, 1037917863, 3171, 1038339800, 3409, 1038296983, 3156, 1022005371, 3174, 1021099383, 3175, 1022039084, 3430, 1021102318, 3421, 1021137247, 3157, 1021059396, 2919, 1022035814, 3159, 1021952060, 3153, 1038299883, 3170, 1037871577, 2908, 1021936668, 2918, 1021095962, 3172, 1021866154, 3173, 1021203674, 2909, 1021142863, 2910, 1021145024, 2903, 1021948659, 2905, 1038303102, 2898, 1037917853, 3158, 1021189712, 2899, 1038339197, 2917, 1021206716, 3155, 1038342654, 2915, 1038336226, 2900, 1022008411, 2911, 1022001314, 3425, 1038299238, 2913, 1038305915, 2897, 1038303396, 3426, 1037871613, 3410, 1037917858, 3417, 1038296499, 3418, 1037891416, 3427, 1038342760, 2914, 1037871523, 3411, 1038345483, 2906, 1037891226, 3419, 1038341149, 3428, 1021863470, 2907, 1038334717, 3412, 1022002966, 3429, 1021201068, 3413, 1021056869, 3420, 1021931003, 3431, 1022041775, 3422, 1021151390, 2916, 1021869479, 3414, 1021192306, 3415, 1021954842, 3423, 1022006952, 2901, 1021062445, 2902, 1021186635]
[INFO] (lattice_cell.c: 455): on tick 47 of 50
[INFO] (lattice_cell.c: 172): the unmatched_packets is 56
[3168, 1038764475, 3424, 1038764467, 3152, 1038759309, 3408, 1038759377, 3416, 1038788096, 2912, 1038764507, 2904, 1038788154, 2896, 1038759249, 3169, 1038309633, 3425, 1038306855, 3153, 1038307940, 3409, 1038305283, 3417, 1038303946, 2905, 1038309955, 2913, 1038312974, 2897, 1038311183, 3426, 1037889381, 3170, 1037889299, 3154, 1037894324, 3410, 1037894389, 3418, 1037866364, 2914, 1037889201, 3171, 1038343730, 2898, 1037894273, 2906, 1037866120, 3155, 1038348080, 3411, 1038350742, 3419, 1038347021, 3172, 1022028479, 3428, 1022025597, 3158, 1021145572, 3157, 1021141374, 3412, 1021909430, 3429, 1021030513, 3421, 1021105345, 3159, 1021989513, 3423, 1022012359, 3156, 1021912219, 3173, 1021034072, 3174, 1021125499, 2911, 1022006640, 3175, 1022018900, 2901, 1021145139, 2910, 1021134544, 2902, 1021141927, 2903, 1021986130, 2915, 1038340357, 2908, 1021961051, 2900, 1021915772, 3427, 1038346559, 2907, 1038340940, 2899, 1038344841, 3420, 1021954554, 2909, 1021112633, 2917, 1021038132, 3430, 1021128935, 3413, 1021138115, 2918, 1021121513, 2919, 1022015573, 2916, 1022032070, 3431, 1022021504, 3422, 1021141790, 3414, 1021148662, 3415, 1021992136]
[INFO] (lattice_cell.c: 455): on tick 48 of 50
[INFO] (lattice_cell.c: 172): the unmatched_packets is 56
[3168, 1038772767, 3424, 1038772715, 3408, 1038759291, 3416, 1038762814, 3152, 1038759223, 2912, 1038772837, 2904, 1038762987, 2896, 1038759163, 3169, 1038302371, 3425, 1038299306, 3153, 1038299565, 3409, 1038296671, 3417, 1038295920, 2905, 1038302492, 2913, 1038306018, 3170, 1037891020, 3426, 1037891091, 2897, 1038303076, 3155, 1038342654, 3173, 1021084853, 3427, 1038345277, 3411, 1038345486, 3419, 1038343949, 3175, 1021987566, 3159, 1021999619, 3413, 1021090785, 3157, 1021093275, 3158, 1021141718, 3154, 1037903696, 3171, 1038342272, 3172, 1021983820, 3174, 1021142888, 3156, 1021974403, 2909, 1021040134, 2916, 1021986898, 3410, 1037903644, 2903, 1021996433, 2910, 1021118207, 2906, 1037900703, 2914, 1037890936, 3418, 1037900905, 2898, 1037903761, 2907, 1038337501, 2899, 1038339193, 3420, 1022038194, 2908, 1022043690, 2917, 1021088049, 2900, 1021977531, 2918, 1021139462, 2919, 1021984458, 3428, 1021981354, 3431, 1021990066, 2901, 1021096206, 3412, 1021971970, 3429, 1021082117, 2911, 1022018142, 3430, 1021145838, 3421, 1021034246, 3414, 1021144458, 2915, 1038338652, 2902, 1021138490, 3422, 1021124667, 3415, 1022002214, 3423, 1022023586]
[INFO] (lattice_cell.c: 455): on tick 49 of 50
[INFO] (lattice_cell.c: 172): the unmatched_packets is 56
[3168, 1038791403, 3424, 1038791381, 3152, 1038740767, 3408, 1038740841, 3416, 1038757679, 2912, 1038791463, 2904, 1038757843, 2896, 1038740713, 3169, 1038310218, 3425, 1038307425, 3153, 1038307151, 3409, 1038304521, 3417, 1038304885, 2913, 1038313579, 2905, 1038310952, 3170, 1037863224, 3426, 1037863330, 3154, 1037912409, 3410, 1037912445, 3418, 1037895416, 3171, 1038343623, 2897, 1038310373, 3427, 1038346408, 3173, 1021130234, 3157, 1021055375, 3419, 1038345267, 3428, 1021925696, 3429, 1021126900, 3156, 1022000750, 3431, 1022034171, 3158, 1021176593, 3414, 1021179566, 3415, 1021972123, 3423, 1022024344, 3155, 1038345888, 3172, 1021928702, 3174, 1021112622, 2910, 1021129596, 3175, 1022031318, 2901, 1021059223, 2902, 1021173064, 2903, 1021965810, 2906, 1037895072, 3159, 1021969353, 2918, 1021108682, 2907, 1038339246, 2908, 1021952464, 2917, 1021134094, 2916, 1021932454, 3411, 1038348539, 2898, 1037912365, 3412, 1021997942, 3420, 1021946003, 2914, 1037863113, 2915, 1038340286, 3430, 1021116010, 3421, 1021109909, 3413, 1021052087, 3422, 1021136988, 2899, 1038342643, 2919, 1022027807, 2900, 1022004294, 2909, 1021117163, 2911, 1022018448]
[INFO] (lattice_cell.c: 455): on tick 50 of 50
[INFO] (lattice_cell.c: 466): updating recording regions
[INFO] (recording.c: 507): 	Finalising channel 0 - state info stored in SDRAM
[INFO] (recording.c: 512): closed channel 0.
[INFO] (lattice_cell.c: 470): Simulation complete.

