[INFO] (lattice_cell.c: 604): starting lattice cell
[INFO] (lattice_cell.c: 526): Initialise: started
[INFO] (data_specification.c: 78): magic = ad130ad6, version = 1.0
[INFO] (lattice_cell.c: 555): my key is 3032
[INFO] (lattice_cell.c: 562): I'm in position ( 11, 27)
[INFO] (lattice_cell.c: 568): my n key is 2776
[INFO] (lattice_cell.c: 574): my U_X = -0.009928127750754356
[INFO] (lattice_cell.c: 575): my U_Y = -0.00027778511866927147
[INFO] (lattice_cell.c: 583): input_buffer initialised
[INFO] (recording.c: 563): Recording 1 regions, using output tag 0, size before trigger 7686388, time between triggers 50
[INFO] (recording.c: 665): Recording channel 0 configured to use 7686132 byte memory block starting at 0x6443c760
[INFO] (lattice_cell.c: 588): Recording flags = 0x00000001
[INFO] (lattice_cell.c: 619): setting timer to execute every 200000 microseconds
[INFO] (lattice_cell.c: 627): Starting

[INFO] (simulation.c: 159): Setting the runtime of this model to 50 starting at 0
[INFO] (simulation.c: 161): Setting the flag of infinite run for this model to 0
[INFO] (simulation.c: 175): Resuming
[INFO] (lattice_cell.c: 455): on tick 0 of 50
[3296, 1037885274, 3040, 1037885276, 3288, 1037887887, 2768, 1037904560, 2776, 1037887891, 2784, 1037885278, 3280, 1037904558, 3024, 1037904562, 3297, 1038302990, 3041, 1038306374, 3289, 1038303044, 3042, 1038779072, 3298, 1038779070, 3043, 1038331230, 2785, 1038310238, 3295, 1021125564, 3045, 1021988695, 3285, 1021964300, 3286, 1021997746, 3287, 1021142270, 3046, 1022015040, 3047, 1021119755, 3044, 1021096388, 3028, 1021115639, 3281, 1038303382, 3025, 1038306770, 2774, 1021990065, 2781, 1021989965, 3290, 1038776241, 3282, 1038758222, 3299, 1038334626, 2782, 1022008105, 2783, 1021118731, 3291, 1038334680, 3292, 1021095812, 3300, 1021093205, 3283, 1038335016, 3026, 1038758228, 3293, 1021982282, 3301, 1021985107, 3029, 1021967884, 2778, 1038776245, 3294, 1022015802, 3302, 1022018637, 3284, 1021112444, 2787, 1038327360, 3303, 1021122947, 3031, 1021139074, 2790, 1022010936, 3027, 1038331626, 2780, 1021102629, 2769, 1038310630, 3030, 1021994161, 2777, 1038310292, 2779, 1038327414, 2789, 1021992792, 2770, 1038758226, 2786, 1038779074, 2773, 1021971965, 2775, 1021135419, 2771, 1038327752, 2791, 1021116116, 2772, 1021119279, 2788, 1021100020]
[INFO] (lattice_cell.c: 455): on tick 1 of 50
[INFO] (lattice_cell.c: 172): the unmatched_packets is 56
[3040, 1037881085, 3296, 1037881087, 3288, 1037887773, 2768, 1037926511, 2776, 1037887773, 3280, 1037926475, 3024, 1037926491, 3041, 1038314754, 3297, 1038311432, 3289, 1038311148, 3281, 1038309747, 2784, 1037881085, 2769, 1038316883, 3025, 1038313075, 2777, 1038318274, 2785, 1038318558, 3042, 1038773354, 3298, 1038773354, 3290, 1038766415, 3282, 1038726297, 2770, 1038726261, 2778, 1038766405, 2786, 1038773354, 3043, 1038339642, 3044, 1021085224, 3047, 1021120319, 3295, 1021132104, 3046, 1022004522, 3286, 1021943798, 3287, 1021184882, 3045, 1021990126, 2773, 1022045962, 3029, 1022041635, 3031, 1021182006, 2775, 1021178512, 3299, 1038342970, 3291, 1038343010, 2782, 1021990873, 3283, 1038343189, 3300, 1021082348, 3292, 1021075024, 3284, 1021035539, 3026, 1038726283, 3293, 1021994354, 3301, 1021986157, 2779, 1038335879, 2787, 1038335843, 3294, 1021999147, 3302, 1022008485, 3285, 1022037651, 2780, 1021081378, 3303, 1021123195, 2771, 1038336063, 3028, 1021038387, 2791, 1021116822, 2772, 1021041856, 3027, 1038339859, 2788, 1021088715, 3030, 1021939828, 2783, 1021125722, 2789, 1021994427, 2790, 1022000214, 2781, 1022002629, 2774, 1021935518]
[INFO] (lattice_cell.c: 455): on tick 2 of 50
[INFO] (lattice_cell.c: 172): the unmatched_packets is 56
[3296, 1037882694, 3040, 1037882696, 3288, 1037871705, 3280, 1037860082, 2768, 1037860056, 2776, 1037871693, 3024, 1037860072, 2784, 1037882694, 3297, 1038303480, 3041, 1038306906, 3289, 1038304385, 3281, 1038304308, 3025, 1038307726, 3042, 1038782605, 3298, 1038782605, 3290, 1038793698, 3043, 1038331850, 2777, 1038311711, 3301, 1021977918, 3044, 1021103659, 3045, 1021981390, 3046, 1022017408, 2773, 1021834022, 2790, 1022013418, 3047, 1021118224, 3287, 1021135435, 3031, 1021132371, 2774, 1022000321, 2781, 1021945994, 2782, 1022019347, 2783, 1021109294, 3282, 1038803943, 3299, 1038335282, 3291, 1038335370, 2769, 1038311626, 3283, 1038336215, 3292, 1021135450, 3300, 1021100600, 3284, 1021243053, 2788, 1021107165, 3293, 1021938557, 2771, 1038328862, 2789, 1021985372, 3028, 1021246206, 2780, 1021142071, 3294, 1022026822, 2791, 1021114713, 3026, 1038803953, 3302, 1022020893, 3295, 1021115866, 3029, 1021830094, 2772, 1021249804, 2785, 1038310814, 3027, 1038332785, 3285, 1021826646, 2786, 1038782611, 3303, 1021121280, 2778, 1038793714, 3286, 1022007778, 3030, 1022004289, 2775, 1021128854, 2779, 1038328013, 2770, 1038803971, 2787, 1038327925]
[INFO] (lattice_cell.c: 455): on tick 3 of 50
[INFO] (lattice_cell.c: 172): the unmatched_packets is 56
[3296, 1037893662, 3040, 1037893668, 3288, 1037925418, 3280, 1037935596, 2768, 1037935718, 2776, 1037925458, 2784, 1037893672, 3024, 1037935652, 3041, 1038313609, 3297, 1038310338, 3289, 1038309626, 3281, 1038310709, 2769, 1038317767, 3042, 1038760344, 3043, 1038339908, 3290, 1038727219, 3282, 1038717049, 3045, 1022023979, 3047, 1021130385, 3294, 1021976317, 3044, 1021055525, 3046, 1021994912, 2791, 1021126783, 3285, 1022151935, 3286, 1021971978, 3287, 1021161608, 3028, 1020915345, 2775, 1021155053, 3031, 1021158630, 2781, 1022117289, 2782, 1021967842, 2783, 1021149597, 3025, 1038314005, 2785, 1038317349, 3298, 1038760346, 3026, 1038717002, 3299, 1038343174, 3291, 1038343931, 3283, 1038344609, 3292, 1020965058, 3300, 1021052568, 3293, 1022108825, 2786, 1038760340, 3301, 1022019942, 2779, 1038336910, 3284, 1020912546, 3027, 1038341333, 3295, 1021156191, 3302, 1021998957, 2780, 1020971493, 2778, 1038727183, 3303, 1021133372, 2787, 1038336167, 2788, 1021059118, 2772, 1020918772, 2777, 1038316662, 2770, 1038716946, 2789, 1022028374, 3030, 1021967883, 2773, 1022160529, 2771, 1038337578, 2774, 1021963432, 3029, 1022156030, 2790, 1021990519]
[INFO] (lattice_cell.c: 455): on tick 4 of 50
[INFO] (lattice_cell.c: 172): the unmatched_packets is 56
[3040, 1037850583, 3296, 1037850585, 3280, 1037906364, 3288, 1037848199, 2768, 1037906307, 3041, 1038307718, 3297, 1038304274, 3289, 1038301970, 3281, 1038301657, 3042, 1038815664, 2776, 1037848133, 3043, 1038331854, 3290, 1038817050, 3282, 1038755206, 2784, 1037850569, 3046, 1022039171, 3044, 1021193449, 3303, 1021100201, 3045, 1021886724, 3286, 1021974730, 3287, 1021169103, 3027, 1038334352, 3047, 1021097278, 2773, 1021889212, 3028, 1021195301, 2781, 1021814884, 2783, 1021114642, 2777, 1038309325, 3031, 1021166180, 2786, 1038815666, 2778, 1038817108, 2787, 1038327885, 3025, 1038305083, 2789, 1021890611, 3024, 1037906329, 2779, 1038328425, 3026, 1038755208, 3029, 1021885430, 2769, 1038309013, 3030, 1021971321, 2785, 1038311658, 3298, 1038815650, 2770, 1038755229, 2782, 1022014337, 3291, 1038335848, 3299, 1038335314, 2771, 1038330403, 3283, 1038337820, 3292, 1021271360, 2788, 1021196890, 3300, 1021190455, 3293, 1021807675, 3284, 1021192130, 3301, 1021883312, 2772, 1021198946, 3294, 1022021578, 2791, 1021093887, 3295, 1021120974, 3302, 1022042577, 3285, 1021882096, 2774, 1021967424, 2775, 1021162805, 2780, 1021277994, 2790, 1022035281]
[INFO] (lattice_cell.c: 455): on tick 5 of 50
[INFO] (lattice_cell.c: 172): the unmatched_packets is 56
[3296, 1037924286, 3040, 1037924312, 3288, 1037893666, 3280, 1037897336, 2768, 1037897462, 2784, 1037924344, 3024, 1037897396, 2776, 1037893758, 3297, 1038311864, 3041, 1038315121, 3289, 1038310248, 3281, 1038310256, 2769, 1038317252, 2777, 1038317245, 2785, 1038318836, 3025, 1038313524, 3298, 1038728821, 3042, 1038728803, 3290, 1038760731, 3282, 1038756121, 3043, 1038340645, 3299, 1038343866, 3291, 1038344143, 2770, 1038756051, 3044, 1020917545, 3045, 1022155224, 2778, 1038760677, 3293, 1022108994, 3026, 1038756083, 3046, 1021989770, 3287, 1021165244, 3047, 1021137064, 2774, 1021959967, 2782, 1022004156, 3283, 1038344499, 2783, 1021116096, 3300, 1020914593, 3292, 1020959600, 3284, 1021088025, 3301, 1022151154, 2771, 1038337544, 2787, 1038336952, 2779, 1038337210, 3027, 1038341261, 3294, 1022012777, 3285, 1021972451, 3302, 1021993890, 2772, 1021094376, 2788, 1020921106, 3028, 1021090895, 3295, 1021122896, 3303, 1021140167, 2786, 1038728775, 3286, 1021968656, 2780, 1020965941, 2781, 1022117658, 2789, 1022159707, 3030, 1021964502, 3031, 1021162142, 3029, 1021976566, 2773, 1021981093, 2791, 1021133358, 2775, 1021158468, 2790, 1021985282]
[INFO] (lattice_cell.c: 455): on tick 6 of 50
[INFO] (lattice_cell.c: 172): the unmatched_packets is 56
[3296, 1037865337, 3040, 1037865313, 3288, 1037897473, 3280, 1037902948, 2768, 1037902932, 2776, 1037897412, 3024, 1037902934, 2784, 1037865277, 3297, 1038303111, 3041, 1038306548, 3289, 1038301235, 3281, 1038300478, 2769, 1038307892, 2777, 1038308619, 2785, 1038310480, 3025, 1038303936, 3298, 1038799381, 3042, 1038799401, 3290, 1038765953, 3282, 1038759826, 3043, 1038332426, 3299, 1038335914, 3044, 1021243570, 3046, 1022010334, 3045, 1021838072, 3027, 1038335159, 3047, 1021125194, 2772, 1021095542, 2780, 1021118554, 3031, 1021159205, 2774, 1021975990, 2782, 1022003551, 2783, 1021127476, 2770, 1038759786, 2778, 1038765971, 3291, 1038337339, 3026, 1038759800, 3283, 1038338647, 3300, 1021240556, 2779, 1038329871, 3292, 1021112021, 3284, 1021089064, 2788, 1021247052, 3028, 1021092079, 3029, 1021990543, 2789, 1021841859, 2771, 1038331171, 2790, 1022006537, 3301, 1021834699, 2786, 1038799431, 3293, 1021967496, 3285, 1021987131, 2791, 1021121904, 2787, 1038328445, 3030, 1021979844, 2781, 1021974621, 3302, 1022013676, 3294, 1022010692, 3286, 1021983218, 3295, 1021133559, 3303, 1021127988, 2773, 1021994328, 3287, 1021161989, 2775, 1021155958]
[INFO] (lattice_cell.c: 455): on tick 7 of 50
[INFO] (lattice_cell.c: 172): the unmatched_packets is 56
[3296, 1037873189, 3040, 1037873219, 3288, 1037884793, 3280, 1037904195, 2768, 1037904323, 2784, 1037873245, 3024, 1037904257, 2776, 1037884840, 3041, 1038314631, 3297, 1038311391, 3289, 1038310628, 3281, 1038309724, 2769, 1038316669, 2777, 1038317559, 3025, 1038312966, 2785, 1038318324, 3298, 1038781908, 3042, 1038781902, 3290, 1038768761, 3282, 1038749195, 2770, 1038749164, 3026, 1038749182, 3299, 1038343438, 3043, 1038340247, 3291, 1038344196, 2778, 1038768777, 3044, 1021040042, 3045, 1022032130, 3292, 1021102231, 3294, 1021999406, 3295, 1021136090, 3046, 1022014674, 3047, 1021113192, 2781, 1021969038, 2791, 1021109393, 3029, 1021985592, 3283, 1038345161, 3300, 1021037088, 2783, 1021129079, 3284, 1021077188, 3027, 1038341942, 3293, 1021960530, 3301, 1022028052, 3285, 1021981559, 3302, 1022018775, 2779, 1038337316, 2786, 1038781890, 2788, 1021043616, 3286, 1021978791, 3303, 1021116386, 3028, 1021080212, 2789, 1022036657, 2790, 1022010129, 3287, 1021157444, 2771, 1038338257, 3030, 1021974594, 3031, 1021154247, 2787, 1038336578, 2772, 1021083852, 2782, 1021990739, 2780, 1021108879, 2773, 1021990075, 2774, 1021969999, 2775, 1021150495]
[INFO] (lattice_cell.c: 455): on tick 8 of 50
[INFO] (lattice_cell.c: 172): the unmatched_packets is 56
[3296, 1037890114, 3040, 1037890108, 3288, 1037883681, 3280, 1037910538, 3024, 1037910534, 2784, 1037890100, 2776, 1037883641, 3297, 1038301675, 3041, 1038305105, 3289, 1038300625, 3281, 1038300494, 2769, 1038307922, 3025, 1038303956, 2777, 1038308030, 3298, 1038774478, 3042, 1038774460, 3290, 1038780666, 3282, 1038751369, 3043, 1038333468, 2785, 1038309058, 3299, 1038336963, 3044, 1021073470, 3300, 1021070610, 3292, 1021099573, 3047, 1021117931, 3045, 1022013098, 3285, 1021975630, 3303, 1021120623, 3286, 1021981698, 3287, 1021163854, 3046, 1022019886, 3026, 1038751327, 3291, 1038337588, 3283, 1038339028, 3284, 1021099514, 3301, 1022009680, 2782, 1022001954, 3293, 1021980465, 3027, 1038335523, 2779, 1038330093, 2788, 1021076805, 3302, 1022023238, 3294, 1022009065, 2789, 1022016932, 3030, 1021978294, 2790, 1022016107, 2771, 1038331524, 2768, 1037910550, 3295, 1021135161, 2791, 1021114757, 2787, 1038329468, 3028, 1021102393, 2781, 1021987796, 2772, 1021105747, 2780, 1021105737, 2783, 1021129252, 2770, 1038751286, 2786, 1038774456, 2773, 1021982980, 3031, 1021161184, 2774, 1021974472, 3029, 1021979095, 2775, 1021158034, 2778, 1038780648]
[INFO] (lattice_cell.c: 455): on tick 9 of 50
[INFO] (lattice_cell.c: 172): the unmatched_packets is 56
[3296, 1037886813, 3040, 1037886817, 3288, 1037881269, 3280, 1037903619, 2768, 1037903717, 2776, 1037881301, 2784, 1037886830, 3024, 1037903665, 3041, 1038314727, 3297, 1038311519, 3289, 1038309651, 2769, 1038316375, 2777, 1038316547, 2785, 1038318406, 3042, 1038766900, 3043, 1038340700, 3044, 1021090279, 3299, 1038343872, 3302, 1022010843, 3285, 1021961897, 3303, 1021125079, 3286, 1021973171, 3287, 1021163309, 3045, 1021978383, 3046, 1022006750, 3047, 1021121813, 2790, 1022002219, 3028, 1021098482, 2775, 1021156232, 2781, 1021998106, 2782, 1022001548, 2783, 1021120116, 3027, 1038342090, 2778, 1038773098, 2779, 1038337920, 3281, 1038309452, 3298, 1038766876, 3290, 1038773066, 3030, 1021968996, 2780, 1021080291, 2789, 1021982762, 2770, 1038749824, 3031, 1021160046, 2786, 1038766914, 2791, 1021117955, 3282, 1038749826, 3291, 1038344761, 3025, 1038312690, 3283, 1038345292, 2771, 1038338421, 3026, 1038749832, 3300, 1021087144, 3292, 1021073425, 2787, 1038337052, 3284, 1021095335, 3301, 1021974438, 3293, 1021989765, 3294, 1022010193, 2788, 1021094027, 2772, 1021102236, 3029, 1021965835, 3295, 1021127290, 2773, 1021970251, 2774, 1021964379]
[INFO] (lattice_cell.c: 455): on tick 10 of 50
[INFO] (lattice_cell.c: 172): the unmatched_packets is 56
[3040, 1037884112, 3296, 1037884119, 3288, 1037891147, 3280, 1037905088, 2776, 1037891149, 2784, 1037884112, 3024, 1037905114, 2768, 1037905162, 3041, 1038305421, 3297, 1038301981, 3289, 1038300313, 3281, 1038299897, 2769, 1038307332, 2777, 1038307710, 2785, 1038309363, 3025, 1038303359, 3298, 1038780276, 3042, 1038780252, 3290, 1038772606, 3282, 1038757428, 3043, 1038333676, 3299, 1038337170, 3291, 1038338148, 3044, 1021109479, 3046, 1022007626, 3292, 1021084507, 3045, 1021974599, 3303, 1021131319, 3286, 1021978453, 3287, 1021167459, 3047, 1021128712, 2773, 1021982398, 3031, 1021164880, 3029, 1021978433, 2783, 1021125496, 3283, 1038339391, 3300, 1021106762, 3284, 1021099749, 3293, 1021995428, 3301, 1021971060, 2778, 1038772566, 3285, 1021974846, 3294, 1022014099, 2787, 1038329691, 3302, 1022011005, 3295, 1021131268, 2789, 1021978514, 2781, 1022002907, 2790, 1022003848, 2791, 1021125579, 2786, 1038780240, 2770, 1038757302, 3028, 1021102490, 3026, 1038757368, 2771, 1038331875, 2779, 1038330653, 2772, 1021105702, 2788, 1021112664, 2780, 1021090437, 3027, 1038335880, 2774, 1021971170, 2775, 1021161769, 3030, 1021975026, 2782, 1022006940]
[INFO] (lattice_cell.c: 455): on tick 11 of 50
[INFO] (lattice_cell.c: 172): the unmatched_packets is 56
[3040, 1037877081, 3296, 1037877085, 3288, 1037887512, 3280, 1037901223, 2768, 1037901296, 2776, 1037887498, 3024, 1037901253, 3297, 1038310945, 3041, 1038314155, 3289, 1038309618, 3281, 1038309009, 3042, 1038777526, 3298, 1038777496, 3043, 1038340062, 3282, 1038752488, 3046, 1022015514, 3047, 1021117399, 3044, 1021089118, 3045, 1021979061, 2778, 1038766223, 3287, 1021159985, 2790, 1022011026, 2791, 1021113521, 2772, 1021091616, 2774, 1021968827, 3030, 1021973418, 2781, 1021983403, 2782, 1021999310, 2783, 1021123443, 2785, 1038317838, 3025, 1038312257, 2786, 1038777550, 3026, 1038752500, 2787, 1038336420, 2777, 1038316521, 2788, 1021092957, 3290, 1038766147, 2779, 1038337961, 3299, 1038343231, 2769, 1038315948, 3029, 1021976585, 2770, 1038752498, 3283, 1038345664, 3291, 1038344810, 3031, 1021156678, 3300, 1021085873, 3027, 1038342459, 3292, 1021086604, 2789, 1021983361, 2780, 1021093715, 3284, 1021084505, 3293, 1021975290, 3301, 1021975229, 3028, 1021087779, 3285, 1021972763, 3294, 1022007822, 3302, 1022019521, 3295, 1021130694, 2771, 1038338781, 2773, 1021980922, 2775, 1021152841, 3303, 1021120740, 3286, 1021977533, 2784, 1037877077]
[INFO] (lattice_cell.c: 455): on tick 12 of 50
[INFO] (lattice_cell.c: 172): the unmatched_packets is 56
[3296, 1037878092, 3040, 1037878106, 3288, 1037887712, 3280, 1037907494, 2768, 1037907602, 2776, 1037887744, 3024, 1037907537, 2784, 1037878118, 3041, 1038304740, 3297, 1038301326, 3289, 1038300122, 3281, 1038299821, 3025, 1038303268, 2777, 1038307477, 2785, 1038308671, 2769, 1038307229, 3298, 1038786799, 3042, 1038786787, 3290, 1038776325, 3282, 1038754890, 3043, 1038334709, 3044, 1021079460, 3046, 1022001216, 2770, 1038754752, 3045, 1022005231, 3303, 1021136950, 3287, 1021164450, 3047, 1021134392, 2791, 1021131288, 3030, 1021977871, 3299, 1038338162, 3291, 1038339176, 3283, 1038339752, 3300, 1021076874, 3292, 1021097472, 3284, 1021092442, 3301, 1022001578, 3293, 1021980736, 3026, 1038754820, 3285, 1021981715, 3294, 1022002880, 3302, 1022004723, 2778, 1038776285, 2786, 1038786767, 2771, 1038332261, 3027, 1038336250, 2788, 1021082556, 2780, 1021103195, 3295, 1021138950, 2789, 1022009270, 3286, 1021981405, 2790, 1021997321, 2787, 1038330751, 2779, 1038331720, 3028, 1021095090, 2781, 1021988442, 3029, 1021985412, 2772, 1021098219, 2773, 1021989474, 3031, 1021161909, 2774, 1021973950, 2775, 1021158831, 2782, 1021995581, 2783, 1021133238]
[INFO] (lattice_cell.c: 455): on tick 13 of 50
[INFO] (lattice_cell.c: 172): the unmatched_packets is 56
[3296, 1037899272, 3040, 1037899268, 3288, 1037886093, 3280, 1037905491, 2768, 1037905541, 2776, 1037886063, 3024, 1037905514, 2784, 1037899270, 3297, 1038310774, 3041, 1038313992, 3289, 1038309106, 3281, 1038308824, 2769, 1038315796, 2777, 1038316036, 2785, 1038317687, 3025, 1038312080, 3298, 1038754105, 3042, 1038754120, 3290, 1038767884, 3282, 1038747927, 2770, 1038747945, 2778, 1038767959, 3043, 1038342579, 3044, 1021092056, 3291, 1038344717, 3026, 1038747939, 3045, 1021976311, 3284, 1021089862, 3047, 1021069359, 3046, 1022056174, 3027, 1038341788, 3286, 1021981927, 3287, 1021159339, 2774, 1021973396, 3031, 1021156019, 3299, 1038345783, 2782, 1022011946, 3283, 1038345000, 3300, 1021088712, 3292, 1021088443, 3293, 1021973236, 3301, 1021972640, 2779, 1038337822, 3028, 1021093211, 2786, 1038754132, 2790, 1022051891, 3294, 1022020180, 3302, 1022059970, 2771, 1038338089, 3285, 1021967029, 2791, 1021065455, 3295, 1021120904, 3029, 1021970751, 3303, 1021072725, 2772, 1021097117, 3030, 1021977905, 2788, 1021095960, 2783, 1021113638, 2780, 1021095699, 2787, 1038338906, 2789, 1021980477, 2773, 1021974959, 2781, 1021981109, 2775, 1021152199]
[INFO] (lattice_cell.c: 455): on tick 14 of 50
[INFO] (lattice_cell.c: 172): the unmatched_packets is 56
[3296, 1037856883, 3040, 1037856883, 3288, 1037874612, 3280, 1037904283, 3024, 1037904348, 2784, 1037856871, 2776, 1037874628, 2768, 1037904407, 3297, 1038301122, 3041, 1038304515, 3289, 1038299757, 3281, 1038299680, 2769, 1038307024, 3042, 1038808409, 3298, 1038808398, 3290, 1038790013, 3043, 1038334915, 3283, 1038340286, 3046, 1021910360, 3302, 1021914119, 3045, 1022005167, 3285, 1021976500, 3303, 1021226768, 3286, 1021968618, 3287, 1021175674, 3047, 1021224273, 3044, 1021078055, 2791, 1021221248, 2773, 1021984509, 2774, 1021960879, 2775, 1021170062, 2781, 1022009130, 3031, 1021173150, 2783, 1021167257, 2778, 1038790008, 2786, 1038808408, 3025, 1038303106, 3282, 1038758407, 3299, 1038338309, 3291, 1038337188, 3300, 1021075558, 3292, 1021077003, 2779, 1038329807, 2787, 1038330997, 2789, 1022009334, 3030, 1021964924, 3027, 1038336816, 3284, 1021096361, 2777, 1038307065, 3301, 1022001378, 2771, 1038332850, 3293, 1022001172, 3026, 1038758347, 3294, 1021978713, 3029, 1021980331, 2770, 1038758285, 3295, 1021172911, 2788, 1021081078, 3028, 1021098919, 2772, 1021101986, 2780, 1021082575, 2790, 1021906219, 2782, 1021971033, 2785, 1038308408]
[INFO] (lattice_cell.c: 455): on tick 15 of 50
[INFO] (lattice_cell.c: 172): the unmatched_packets is 56
[3040, 1037917888, 3296, 1037917892, 3288, 1037912637, 3280, 1037912440, 2768, 1037912505, 2776, 1037912635, 2784, 1037917889, 3024, 1037912469, 3041, 1038313917, 3297, 1038310689, 3289, 1038309029, 3281, 1038308466, 3042, 1038735346, 3298, 1038735328, 3290, 1038740282, 2769, 1038315502, 3043, 1038340362, 2777, 1038316005, 3044, 1021109586, 3282, 1038740829, 3046, 1022162309, 3047, 1020974109, 2780, 1021105058, 3045, 1021958199, 3285, 1021958970, 3286, 1022002683, 3287, 1021129619, 2790, 1022158274, 2791, 1020970176, 2782, 1022089073, 2783, 1021037614, 2770, 1038740796, 2786, 1038735351, 3027, 1038344368, 3025, 1038311746, 3291, 1038345094, 2779, 1038338110, 3299, 1038343619, 3283, 1038347636, 3292, 1021097706, 3300, 1021106221, 3293, 1021964241, 3028, 1021101564, 3301, 1021954654, 3294, 1022096766, 3030, 1021998886, 3284, 1021098175, 3295, 1021044999, 2781, 1021971822, 3302, 1022165838, 2771, 1038340629, 3026, 1038740815, 2785, 1038317633, 3303, 1020977500, 2778, 1038740307, 3029, 1021962540, 2772, 1021105519, 3031, 1021126262, 2773, 1021966630, 2774, 1021994544, 2775, 1021122446, 2788, 1021113521, 2789, 1021962259, 2787, 1038336635]
[INFO] (lattice_cell.c: 455): on tick 16 of 50
[INFO] (lattice_cell.c: 172): the unmatched_packets is 56
[3296, 1037857880, 3040, 1037857903, 3288, 1037853129, 2768, 1037882888, 3280, 1037882788, 2776, 1037853123, 2784, 1037857913, 3041, 1038304349, 3043, 1038335949, 3298, 1038807127, 3044, 1021087717, 2785, 1038308207, 3047, 1021266910, 3042, 1038807109, 2779, 1038332402, 3286, 1021908032, 3287, 1021237286, 3045, 1021993503, 3046, 1021864538, 2791, 1021263802, 2773, 1022002351, 2780, 1021078789, 2774, 1021899730, 3029, 1021998036, 2775, 1021231784, 3030, 1021904080, 3031, 1021234809, 2782, 1021859897, 2783, 1021267893, 2777, 1038306769, 2769, 1038306916, 3297, 1038300993, 3289, 1038299529, 2770, 1038780660, 3026, 1038780696, 2786, 1038807097, 2778, 1038811958, 2787, 1038332089, 3281, 1038299641, 3290, 1038811921, 3282, 1038780731, 3291, 1038339658, 3299, 1038339295, 2789, 1021997776, 3292, 1021073258, 2790, 1021860288, 3283, 1038340168, 3027, 1038336746, 3300, 1021085249, 2771, 1038332834, 3293, 1022003010, 3028, 1021080034, 3294, 1021868115, 3301, 1021989620, 2788, 1021090757, 2772, 1021083092, 3295, 1021273493, 3284, 1021077515, 2781, 1022011227, 3302, 1021868424, 3303, 1021269453, 3285, 1021994060, 3024, 1037882838, 3025, 1038303033]
[INFO] (lattice_cell.c: 455): on tick 17 of 50
[INFO] (lattice_cell.c: 172): the unmatched_packets is 56
[3296, 1037878145, 3040, 1037878123, 3288, 1037914294, 3280, 1037938751, 2768, 1037938859, 2776, 1037914252, 2784, 1037878098, 3041, 1038312909, 3297, 1038309645, 3289, 1038308482, 3281, 1038307555, 2769, 1038314649, 2777, 1038315527, 3042, 1038776660, 3290, 1038739133, 3043, 1038341796, 2785, 1038316655, 3045, 1021995618, 3283, 1038345529, 3292, 1021096355, 3047, 1021052754, 3044, 1021073971, 2778, 1038739209, 3295, 1020983016, 3046, 1022080094, 3286, 1022108296, 3287, 1021034195, 2788, 1021077860, 2789, 1021999557, 2790, 1022076041, 2773, 1021960270, 2775, 1021026967, 2781, 1021974470, 3031, 1021030819, 3024, 1037938803, 3026, 1038713766, 3298, 1038776621, 3282, 1038713796, 3291, 1038344395, 3299, 1038345078, 2782, 1022156094, 3300, 1021070624, 2783, 1020975720, 2786, 1038776690, 3293, 1021967079, 2787, 1038338041, 3030, 1022104747, 3301, 1021992157, 3027, 1038342214, 3284, 1021108551, 2791, 1021048957, 3294, 1022163459, 3028, 1021111967, 3302, 1022083607, 3025, 1038310866, 3303, 1021056039, 3285, 1021952821, 2771, 1038338415, 2770, 1038713719, 2772, 1021115880, 2780, 1021103626, 2774, 1022100692, 3029, 1021956323, 2779, 1038337319]
[INFO] (lattice_cell.c: 455): on tick 18 of 50
[INFO] (lattice_cell.c: 172): the unmatched_packets is 56
[3296, 1037900500, 3040, 1037900517, 3288, 1037882550, 3280, 1037875733, 2768, 1037875841, 2776, 1037882595, 2784, 1037900533, 3024, 1037875785, 3297, 1038301849, 3041, 1038305163, 3289, 1038300766, 3281, 1038300093, 2769, 1038307312, 3042, 1038763401, 2777, 1038307920, 3298, 1038763401, 3290, 1038781340, 2785, 1038308970, 3043, 1038334466, 3299, 1038337798, 3045, 1021988215, 3301, 1021984216, 3044, 1021092049, 2789, 1021992603, 3303, 1021104124, 3046, 1022037993, 3285, 1021989002, 3047, 1021101554, 2774, 1021813156, 2775, 1021313140, 2781, 1021985425, 3026, 1038787569, 3282, 1038787589, 2782, 1021910500, 2783, 1021220418, 3029, 1021993037, 3025, 1038303462, 3291, 1038339029, 3300, 1021089567, 3283, 1038341309, 3292, 1021093639, 3028, 1021081175, 3293, 1021977078, 3294, 1021918726, 2780, 1021099251, 3302, 1022041882, 3284, 1021078607, 2778, 1038781337, 3295, 1021226301, 2771, 1038334081, 3027, 1038337937, 3286, 1021821800, 2786, 1038763406, 3287, 1021318694, 2772, 1021084301, 2770, 1038787527, 3031, 1021316197, 3030, 1021817673, 2773, 1021997434, 2788, 1021095089, 2787, 1038330629, 2779, 1038331854, 2790, 1022033732, 2791, 1021098376]
[INFO] (lattice_cell.c: 455): on tick 19 of 50
[INFO] (lattice_cell.c: 172): the unmatched_packets is 56
[3296, 1037880528, 3040, 1037880524, 3288, 1037869542, 3280, 1037911520, 2768, 1037911597, 2776, 1037869492, 2784, 1037880526, 3024, 1037911550, 3041, 1038311549, 3297, 1038308258, 3289, 1038306914, 3281, 1038309188, 2777, 1038314033, 2785, 1038315336, 3025, 1038312530, 2769, 1038316360, 3042, 1038773175, 3298, 1038773165, 3290, 1038785120, 3282, 1038742426, 2770, 1038742380, 3026, 1038742414, 3299, 1038346302, 3043, 1038343026, 3291, 1038346204, 3283, 1038346098, 3044, 1021098000, 3300, 1021094674, 3045, 1021973934, 3047, 1021153767, 3302, 1021977231, 3286, 1022093633, 3046, 1021973856, 3287, 1021047432, 2789, 1021977768, 2790, 1021969979, 3031, 1021044213, 3292, 1021079197, 3027, 1038342732, 3284, 1021097762, 3301, 1021970612, 3293, 1021986897, 3285, 1021955921, 3294, 1022006477, 2783, 1021126358, 2778, 1038785184, 2787, 1038339240, 2788, 1021101836, 2780, 1021086356, 2781, 1021994148, 3028, 1021101066, 3029, 1021959387, 2791, 1021149913, 3303, 1021157124, 3295, 1021133448, 2772, 1021104857, 3030, 1022090084, 2786, 1038773177, 2771, 1038338885, 2773, 1021963366, 2779, 1038339077, 2774, 1022086043, 2775, 1021040510, 2782, 1021999059]
[INFO] (lattice_cell.c: 455): on tick 20 of 50
[INFO] (lattice_cell.c: 172): the unmatched_packets is 56
[3296, 1037876409, 3040, 1037876415, 3288, 1037899736, 3280, 1037928603, 2768, 1037928686, 2776, 1037899696, 2784, 1037876407, 3297, 1038302042, 3041, 1038305317, 3289, 1038298912, 3024, 1037928634, 2769, 1038307781, 3281, 1038300658, 2777, 1038305986, 3298, 1038788660, 3042, 1038788679, 3290, 1038764368, 3282, 1038733157, 3043, 1038334764, 3299, 1038338058, 3044, 1021086860, 3300, 1021084303, 3046, 1022001472, 3047, 1021138321, 3293, 1022002778, 3045, 1021989407, 3303, 1021140868, 3287, 1021194137, 2789, 1021993834, 2773, 1022006615, 2775, 1021188258, 2781, 1022011269, 2782, 1022045785, 2783, 1021092154, 2770, 1038733125, 3031, 1021191498, 2787, 1038330971, 3029, 1022002199, 3026, 1038733137, 3028, 1021071371, 3291, 1038337821, 2790, 1021997033, 2791, 1021135176, 2780, 1021082723, 2785, 1038309085, 3283, 1038340157, 2778, 1038764475, 3027, 1038336815, 3292, 1021076947, 3025, 1038303975, 2771, 1038332998, 3284, 1021068664, 2786, 1038788699, 3301, 1021985351, 3294, 1022054138, 3302, 1022005514, 3285, 1021998158, 3295, 1021098024, 3286, 1021952676, 2772, 1021074679, 2779, 1038330685, 2788, 1021090002, 2774, 1021944151, 3030, 1021948593]
[INFO] (lattice_cell.c: 455): on tick 21 of 50
[INFO] (lattice_cell.c: 172): the unmatched_packets is 56
[3296, 1037876903, 3040, 1037876885, 3288, 1037883745, 3280, 1037867761, 3041, 1038313555, 3289, 1038306873, 3042, 1038777696, 3297, 1038310241, 3043, 1038342724, 2768, 1037867955, 3282, 1038786962, 3291, 1038346456, 3046, 1022037283, 3047, 1021092545, 3302, 1022040611, 3284, 1021166405, 3044, 1021086776, 3029, 1021900476, 3030, 1021945388, 3045, 1021977957, 3026, 1038786890, 2791, 1021088824, 2772, 1021173065, 2782, 1022003351, 2783, 1021120962, 2785, 1038317389, 2778, 1038769918, 2786, 1038777707, 2787, 1038338900, 2788, 1021090471, 2779, 1038339269, 3028, 1021169499, 3027, 1038344182, 2790, 1022033478, 3281, 1038305836, 3290, 1038769922, 3298, 1038777675, 3299, 1038346041, 3292, 1021120271, 3024, 1037867851, 3300, 1021083611, 3283, 1038347570, 3293, 1021945625, 2769, 1038313116, 3301, 1021974630, 3294, 1022010429, 2770, 1038786808, 2776, 1037883786, 3295, 1021128093, 2784, 1037876880, 3303, 1021095795, 2771, 1038340308, 2777, 1038314082, 3285, 1021897002, 3286, 1021948959, 3287, 1021184894, 3025, 1038309236, 2773, 1021904458, 2774, 1021941337, 2775, 1021178128, 2789, 1021981775, 3031, 1021181725, 2780, 1021127057, 2781, 1021952867]
[INFO] (lattice_cell.c: 455): on tick 22 of 50
[INFO] (lattice_cell.c: 172): the unmatched_packets is 56
[3040, 1037899820, 3296, 1037899829, 3288, 1037904814, 3280, 1037937565, 2784, 1037899798, 3024, 1037937546, 3041, 1038305472, 3297, 1038302255, 3289, 1038301272, 3281, 1038302193, 2777, 1038308224, 2785, 1038309180, 3042, 1038764039, 3298, 1038764002, 3290, 1038758699, 3282, 1038724696, 3043, 1038334769, 2770, 1038724746, 3046, 1022017587, 3045, 1022010237, 3303, 1021126708, 3044, 1021065718, 3286, 1021985258, 3287, 1021165127, 3047, 1021124026, 3025, 1038305477, 3299, 1038338031, 2782, 1021962430, 2768, 1037937530, 2776, 1037904740, 2769, 1038309228, 3291, 1038338747, 2788, 1021069056, 3028, 1020958658, 3283, 1038339949, 3300, 1021063002, 3292, 1021027100, 2778, 1038758823, 3293, 1022039962, 3301, 1022006181, 2780, 1021033394, 3030, 1021981084, 3284, 1020955729, 2789, 1022014702, 2790, 1022013177, 3031, 1021162512, 3294, 1021970905, 3302, 1022021609, 2791, 1021120719, 3295, 1021179290, 2779, 1038331698, 2787, 1038331026, 3029, 1022109630, 3285, 1022105611, 2772, 1020962189, 2781, 1022048374, 3026, 1038724718, 2773, 1022113997, 2774, 1021976467, 2775, 1021159307, 3027, 1038336627, 2786, 1038764074, 2771, 1038332838, 2783, 1021173211]
[INFO] (lattice_cell.c: 455): on tick 23 of 50
[INFO] (lattice_cell.c: 172): the unmatched_packets is 56
[3296, 1037864367, 3040, 1037864395, 3288, 1037844826, 3280, 1037879311, 2776, 1037844882, 2784, 1037864427, 3024, 1037879393, 2768, 1037879484, 3297, 1038307044, 3041, 1038310421, 3289, 1038304883, 2769, 1038313359, 2777, 1038312184, 3281, 1038306025, 2785, 1038314301, 3042, 1038790134, 3282, 1038774903, 3045, 1021928120, 3046, 1022006487, 3047, 1021121218, 3044, 1021146373, 2789, 1021931927, 3287, 1021124129, 2791, 1021117602, 3043, 1038343348, 3031, 1021120979, 3030, 1022007789, 3026, 1038774875, 2782, 1022022693, 2786, 1038790105, 2778, 1038810863, 2788, 1021149781, 2780, 1021205152, 2790, 1022002709, 2770, 1038774824, 2771, 1038339618, 2781, 1021880736, 3028, 1021245027, 3027, 1038343540, 2783, 1021101794, 3029, 1021824479, 3025, 1038309446, 3298, 1038790141, 3290, 1038810841, 3299, 1038346688, 3291, 1038346259, 2787, 1038339485, 3283, 1038346965, 3292, 1021198880, 3300, 1021143438, 2773, 1021828464, 2774, 1022003880, 2775, 1021117414, 3293, 1021873410, 3301, 1021924796, 3294, 1022029871, 2772, 1021248410, 3284, 1021242080, 3302, 1022009800, 3295, 1021108570, 2779, 1038338992, 3303, 1021124366, 3285, 1021820970, 3286, 1022011257]
[INFO] (lattice_cell.c: 455): on tick 24 of 50
[INFO] (lattice_cell.c: 172): the unmatched_packets is 56
[3040, 1037910729, 3296, 1037910773, 3288, 1037926477, 3280, 1037924229, 2768, 1037924329, 2776, 1037926354, 2784, 1037910674, 3024, 1037924280, 3297, 1038303712, 3041, 1038306880, 3289, 1038301341, 3281, 1038300826, 2769, 1038307815, 2777, 1038308247, 2785, 1038310533, 3025, 1038304086, 3298, 1038753022, 3042, 1038753077, 2770, 1038737995, 2778, 1038736854, 2786, 1038753144, 3026, 1038738061, 3043, 1038335154, 3291, 1038338446, 3044, 1020985760, 3283, 1038340072, 3292, 1020934472, 3302, 1021993381, 3045, 1022083337, 3046, 1021989362, 3287, 1021182858, 3047, 1021152337, 2789, 1022087749, 2774, 1021958577, 3290, 1038736717, 3282, 1038738112, 3299, 1038338380, 3027, 1038336786, 3300, 1020982785, 2775, 1021176719, 3284, 1020988946, 2782, 1022012151, 3028, 1020991884, 2780, 1020941081, 3301, 1022079339, 3293, 1022134709, 3285, 1022076940, 2771, 1038333029, 3030, 1021963182, 3294, 1022020572, 3031, 1021180088, 2787, 1038331456, 2790, 1021984899, 3295, 1021133485, 3303, 1021155108, 3029, 1022081076, 2791, 1021148925, 3286, 1021967348, 2772, 1020995412, 2773, 1022085612, 2788, 1020989356, 2781, 1022143100, 2783, 1021127178, 2779, 1038331473]
[INFO] (lattice_cell.c: 455): on tick 25 of 50
[INFO] (lattice_cell.c: 172): the unmatched_packets is 56
[3040, 1037843434, 3296, 1037843411, 3288, 1037870998, 3280, 1037905446, 2776, 1037871009, 2784, 1037843459, 3024, 1037905495, 3297, 1038307199, 3041, 1038310583, 3289, 1038306274, 2768, 1037905554, 3281, 1038307483, 2769, 1038314897, 2785, 1038314490, 3025, 1038310940, 2777, 1038313591, 3042, 1038812115, 3298, 1038812103, 3290, 1038782985, 2770, 1038748289, 3282, 1038748278, 2778, 1038783088, 3026, 1038748290, 2786, 1038812120, 3299, 1038346275, 3043, 1038342904, 3291, 1038346758, 3283, 1038348157, 2771, 1038340764, 2779, 1038339438, 3044, 1021228522, 2787, 1038339010, 3300, 1021225786, 3292, 1021213024, 3045, 1021844598, 3046, 1022035453, 3285, 1021944233, 3295, 1021128545, 3047, 1021092879, 3287, 1021183517, 2773, 1021951282, 2790, 1022031673, 3030, 1021945688, 2783, 1021121842, 3031, 1021180537, 3284, 1021111120, 3301, 1021841201, 3293, 1021851931, 2780, 1021219211, 3294, 1022008593, 3302, 1022038778, 2788, 1021231749, 3028, 1021114069, 2789, 1021848481, 2781, 1021859120, 3029, 1021947539, 2791, 1021089395, 3286, 1021949226, 3027, 1038344711, 2772, 1021117507, 2782, 1022001573, 3303, 1021095902, 2774, 1021941712, 2775, 1021177136]
[INFO] (lattice_cell.c: 455): on tick 26 of 50
[INFO] (lattice_cell.c: 172): the unmatched_packets is 56
[3296, 1037912831, 3040, 1037912806, 3288, 1037884243, 3280, 1037891030, 2768, 1037891073, 2776, 1037884219, 2784, 1037912768, 3024, 1037891047, 3297, 1038301983, 3041, 1038305139, 3289, 1038299065, 3281, 1038300129, 3025, 1038303340, 2769, 1038307021, 3298, 1038750956, 3042, 1038750980, 3290, 1038780255, 3282, 1038772211, 2785, 1038308781, 3043, 1038335333, 3044, 1020952640, 3291, 1038338281, 3045, 1022124336, 3047, 1021123823, 3301, 1022120329, 3285, 1021937487, 3295, 1021145752, 3046, 1022019583, 3287, 1021155486, 2774, 1021987122, 2781, 1022035771, 2782, 1021999007, 2783, 1021139202, 2777, 1038305918, 2770, 1038772166, 2787, 1038331653, 2779, 1038331356, 3026, 1038772186, 2786, 1038751006, 2778, 1038780289, 3028, 1021133725, 2789, 1022128772, 3027, 1038336034, 3299, 1038338530, 2790, 1022015148, 3030, 1021991728, 2780, 1021055532, 3283, 1038339310, 2791, 1021120289, 3300, 1020949625, 3292, 1021049011, 3029, 1021941742, 3284, 1021130672, 3293, 1022027024, 2771, 1038332307, 3294, 1022007443, 2773, 1021946431, 3302, 1022023546, 2788, 1020956261, 2772, 1021137336, 3031, 1021152626, 2775, 1021149163, 3303, 1021126716, 3286, 1021995877]
[INFO] (lattice_cell.c: 455): on tick 27 of 50
[INFO] (lattice_cell.c: 172): the unmatched_packets is 56
[3296, 1037881314, 3040, 1037881300, 3288, 1037893886, 3280, 1037906127, 2768, 1037906278, 2776, 1037893832, 2784, 1037881285, 3024, 1037906201, 3041, 1038312539, 3297, 1038309149, 3289, 1038306726, 3281, 1038306712, 2769, 1038314194, 2777, 1038314128, 2785, 1038316458, 3025, 1038310216, 3298, 1038772481, 3042, 1038772547, 3290, 1038760293, 3282, 1038748134, 2778, 1038760442, 3026, 1038748131, 3043, 1038342886, 3299, 1038346281, 3291, 1038347265, 2770, 1038748096, 3283, 1038347882, 3044, 1021153471, 3045, 1021909796, 3294, 1021999869, 3046, 1021998885, 3295, 1021138184, 3286, 1021996097, 3287, 1021138657, 3047, 1021131771, 3030, 1021992526, 3300, 1021150705, 2783, 1021131829, 3292, 1021051746, 2780, 1021057872, 2786, 1038772603, 2788, 1021156760, 3028, 1021060952, 2787, 1038338990, 3284, 1021058251, 3301, 1021906531, 3293, 1022011637, 2789, 1021913502, 2781, 1022018517, 2771, 1038340443, 2779, 1038339919, 3029, 1022005629, 2772, 1021064151, 3302, 1022002219, 2791, 1021128387, 3285, 1022002257, 2782, 1021992668, 3303, 1021134702, 2773, 1022009459, 3031, 1021135811, 2790, 1021995130, 2774, 1021988544, 2775, 1021132508, 3027, 1038344417]
[INFO] (lattice_cell.c: 455): on tick 28 of 50
[INFO] (lattice_cell.c: 172): the unmatched_packets is 56
[3040, 1037869978, 3296, 1037869979, 3288, 1037885610, 3280, 1037921235, 2768, 1037921317, 2784, 1037869972, 3024, 1037921266, 3041, 1038304300, 3297, 1038301168, 3289, 1038300237, 3281, 1038300669, 2777, 1038307008, 2785, 1038307909, 3025, 1038303860, 3042, 1038795006, 3298, 1038795014, 3290, 1038778290, 3282, 1038740749, 3043, 1038335406, 3044, 1021108775, 3292, 1021126106, 3047, 1021126203, 3045, 1021969439, 3046, 1022014175, 3303, 1021129252, 3286, 1021973588, 2789, 1021974067, 3031, 1021174318, 2773, 1021995860, 3299, 1038338595, 3291, 1038338893, 3283, 1038340053, 3026, 1038740708, 2783, 1021124416, 3300, 1021105749, 2786, 1038795016, 2787, 1038331752, 2788, 1021112375, 3284, 1021077173, 3028, 1021080391, 2776, 1037885512, 2769, 1038307530, 3293, 1021944442, 3301, 1021965294, 3294, 1022019342, 3285, 1021987125, 3302, 1022018122, 3295, 1021131253, 2791, 1021122587, 3027, 1038336795, 2770, 1038740663, 3029, 1021991279, 2781, 1021953159, 3287, 1021177328, 2778, 1038778410, 3030, 1021969506, 2771, 1038333078, 2782, 1022011104, 2779, 1038331991, 2772, 1021084155, 2780, 1021132955, 2790, 1022009799, 2774, 1021964961, 2775, 1021170721]
[INFO] (lattice_cell.c: 455): on tick 29 of 50
[INFO] (lattice_cell.c: 172): the unmatched_packets is 56
[3296, 1037885660, 3040, 1037885646, 3288, 1037878801, 2768, 1037900158, 3024, 1037900123, 3280, 1037900088, 2784, 1037885636, 2776, 1037878772, 3041, 1038311125, 3297, 1038307709, 3289, 1038305911, 3281, 1038307184, 3025, 1038310671, 3298, 1038768978, 3042, 1038769034, 3290, 1038775811, 3282, 1038753826, 3043, 1038345206, 3299, 1038348598, 2769, 1038314669, 2785, 1038315070, 2777, 1038313330, 3044, 1021037664, 3300, 1021035035, 3292, 1021091512, 3046, 1022010201, 3294, 1022018636, 3045, 1022032518, 3295, 1021121808, 3286, 1021958580, 3287, 1021177471, 3047, 1021113415, 2774, 1021950867, 2775, 1021171549, 3029, 1021943858, 3291, 1038346433, 3283, 1038347175, 3284, 1021116711, 3027, 1038343714, 3301, 1022029241, 3293, 1021975672, 3285, 1021940448, 3302, 1022013628, 3303, 1021116160, 2770, 1038753854, 2787, 1038341286, 3030, 1021954915, 3028, 1021119392, 2791, 1021110173, 2781, 1021982873, 3026, 1038753841, 2786, 1038769074, 2771, 1038339735, 2779, 1038339064, 2772, 1021122600, 2778, 1038775947, 2773, 1021947652, 2788, 1021040826, 2780, 1021097205, 2782, 1022011429, 2790, 1022006366, 2789, 1022036191, 3031, 1021174723, 2783, 1021115585]
[INFO] (lattice_cell.c: 455): on tick 30 of 50
[INFO] (lattice_cell.c: 172): the unmatched_packets is 56
[3296, 1037894687, 3040, 1037894651, 3288, 1037895594, 3280, 1037895708, 3024, 1037895765, 2776, 1037895579, 2784, 1037894619, 2768, 1037895829, 3297, 1038302114, 3041, 1038305231, 3289, 1038299200, 3281, 1038300060, 2769, 1038306926, 2777, 1038306002, 2785, 1038308831, 3298, 1038769060, 3042, 1038769100, 3282, 1038767685, 3043, 1038336066, 3025, 1038303255, 3299, 1038339224, 3291, 1038337333, 3045, 1021975390, 3300, 1021094741, 3044, 1021097940, 3294, 1022014120, 3286, 1021987162, 3287, 1021161773, 3046, 1022019049, 3047, 1021120943, 2782, 1022005960, 2783, 1021138096, 3290, 1038768361, 2778, 1038768414, 3030, 1021983179, 2779, 1038330448, 3283, 1038340252, 3292, 1021062054, 3301, 1021971403, 3293, 1022011111, 3284, 1021101587, 2788, 1021101707, 2786, 1038769144, 2780, 1021068994, 2790, 1022014709, 2791, 1021117157, 3302, 1022022912, 2770, 1038767588, 3031, 1021158662, 3028, 1021104787, 2771, 1038333260, 3026, 1038767639, 2781, 1022019664, 2787, 1038332427, 3027, 1038336977, 3295, 1021145147, 3303, 1021124123, 3285, 1021965248, 2772, 1021108521, 3029, 1021969443, 2789, 1021979878, 2773, 1021974104, 2774, 1021978642, 2775, 1021154983]
[INFO] (lattice_cell.c: 455): on tick 31 of 50
[INFO] (lattice_cell.c: 172): the unmatched_packets is 56
[3296, 1037871507, 3040, 1037871491, 3288, 1037887875, 3280, 1037904694, 2768, 1037904763, 2784, 1037871463, 3041, 1038311896, 3297, 1038308493, 3281, 1038306660, 3042, 1038783079, 3298, 1038783018, 3045, 1021954215, 3046, 1022002957, 3283, 1038349282, 2785, 1038315804, 3043, 1038341678, 2771, 1038341835, 3044, 1021112085, 3285, 1021993493, 3286, 1021986818, 3287, 1021143064, 3047, 1021133267, 2790, 1021999172, 2774, 1021978955, 2781, 1021984773, 2782, 1021987341, 3031, 1021140450, 2778, 1038766337, 2779, 1038339074, 2787, 1038337745, 2788, 1021115189, 3025, 1038310160, 2789, 1021958045, 2780, 1021091729, 2791, 1021130050, 3026, 1038749589, 3029, 1021996970, 3027, 1038345810, 3028, 1021068960, 3030, 1021983078, 3024, 1037904720, 2776, 1037887759, 2769, 1038314144, 3289, 1038306535, 2777, 1038313923, 2770, 1038749581, 3290, 1038766144, 2786, 1038783127, 3282, 1038749573, 3291, 1038346454, 3299, 1038345094, 3292, 1021085894, 3300, 1021109552, 3293, 1021977673, 3301, 1021950793, 3294, 1021994672, 2772, 1021072093, 3284, 1021066373, 3302, 1022006338, 3295, 1021146467, 3303, 1021135907, 2773, 1022000846, 2775, 1021137369, 2783, 1021140513]
[INFO] (lattice_cell.c: 455): on tick 32 of 50
[INFO] (lattice_cell.c: 172): the unmatched_packets is 56
[3296, 1037890820, 3040, 1037890826, 3288, 1037886158, 3280, 1037918294, 2768, 1037918396, 2776, 1037886073, 2784, 1037890827, 3024, 1037918341, 3297, 1038301011, 3041, 1038304142, 3289, 1038299833, 3281, 1038300613, 2777, 1038306634, 2785, 1038307768, 3025, 1038303829, 3298, 1038773634, 3042, 1038773641, 3290, 1038778054, 3282, 1038743888, 3043, 1038338515, 3299, 1038341657, 3044, 1021085240, 3291, 1038340306, 3283, 1038340866, 3292, 1021112299, 3046, 1022038041, 3293, 1021958585, 3045, 1021991708, 3286, 1021983291, 3047, 1021092728, 3031, 1021161231, 2783, 1021117348, 3300, 1021082117, 3284, 1021087118, 2779, 1038333434, 3301, 1021987728, 2788, 1021088901, 3029, 1021981172, 3294, 1022021119, 2780, 1021119221, 2790, 1022033681, 3030, 1021979332, 3302, 1022041915, 2769, 1038307513, 2778, 1038778194, 2786, 1038773658, 2791, 1021088917, 3295, 1021124598, 3285, 1021977127, 3303, 1021096027, 3287, 1021164451, 2771, 1038333882, 2781, 1021967123, 3027, 1038337605, 2770, 1038743827, 2787, 1038334888, 2789, 1021996200, 2772, 1021094193, 3026, 1038743871, 2773, 1021985699, 2774, 1021974877, 2775, 1021157479, 3028, 1021090418, 2782, 1022013005]
[INFO] (lattice_cell.c: 455): on tick 33 of 50
[INFO] (lattice_cell.c: 172): the unmatched_packets is 56
[3296, 1037866952, 3040, 1037866913, 3288, 1037872890, 3280, 1037901342, 2776, 1037872815, 3024, 1037901369, 2784, 1037866878, 3297, 1038307619, 3041, 1038311004, 3289, 1038305687, 2768, 1037901396, 3281, 1038306205, 3025, 1038309683, 2777, 1038313037, 3042, 1038787993, 3298, 1038787929, 3290, 1038782064, 3043, 1038341948, 3299, 1038345355, 3291, 1038343953, 3044, 1021053050, 3283, 1038345944, 3292, 1021075727, 3301, 1022012128, 3045, 1022015569, 2786, 1038788056, 2770, 1038752546, 3046, 1021951046, 3286, 1021958865, 3047, 1021186135, 3287, 1021182794, 3029, 1021958777, 2773, 1021962731, 2774, 1021951025, 3031, 1021180246, 3282, 1038752532, 2781, 1021998529, 2782, 1021994141, 2785, 1038314904, 2778, 1038782218, 2779, 1038336563, 3300, 1021050484, 2769, 1038313649, 3026, 1038752543, 2771, 1038338494, 2788, 1021056207, 3028, 1021108298, 2789, 1022019351, 2787, 1038338035, 3284, 1021105709, 2790, 1021947199, 3293, 1021991082, 3027, 1038342464, 2772, 1021111461, 2780, 1021081368, 3294, 1022001395, 3285, 1021955174, 2791, 1021183037, 3302, 1021954510, 3295, 1021150276, 3303, 1021188685, 3030, 1021955128, 2783, 1021144346, 2775, 1021177171]
[INFO] (lattice_cell.c: 455): on tick 34 of 50
[INFO] (lattice_cell.c: 172): the unmatched_packets is 56
[3296, 1037916171, 3040, 1037916156, 3288, 1037910982, 2768, 1037905608, 2776, 1037910945, 2784, 1037916140, 3024, 1037905555, 3041, 1038305298, 3297, 1038302148, 3289, 1038300156, 3281, 1038300681, 2769, 1038307632, 2777, 1038307032, 2785, 1038308944, 3042, 1038747154, 3043, 1038336254, 3282, 1038757640, 3293, 1021986745, 3044, 1021116381, 3045, 1021956834, 3303, 1021027723, 3287, 1021144476, 3029, 1021961890, 3046, 1022115883, 3047, 1021024390, 2790, 1022111661, 2791, 1021020522, 2780, 1021089322, 2773, 1021966397, 2781, 1021995007, 2782, 1022055592, 2783, 1021074892, 2778, 1038752562, 2786, 1038747192, 3027, 1038339903, 3280, 1037905514, 3298, 1038747112, 3290, 1038752447, 2788, 1021120092, 2789, 1021961188, 2770, 1038757609, 3291, 1038340938, 3299, 1038339423, 3283, 1038343178, 3300, 1021113166, 3292, 1021082388, 2771, 1038336163, 3026, 1038757626, 3028, 1021108660, 3030, 1021989324, 3301, 1021953028, 2772, 1021112367, 3294, 1022063603, 3031, 1021141218, 3284, 1021105424, 3302, 1022119582, 3295, 1021082201, 3285, 1021957881, 3286, 1021993293, 3025, 1038303918, 2774, 1021984823, 2787, 1038332589, 2779, 1038334040, 2775, 1021137474]
[INFO] (lattice_cell.c: 455): on tick 35 of 50
[INFO] (lattice_cell.c: 172): the unmatched_packets is 56
[3296, 1037844493, 3040, 1037844423, 3288, 1037863131, 2768, 1037887219, 2776, 1037862972, 2784, 1037844353, 3280, 1037887135, 3024, 1037887176, 3297, 1038307111, 3041, 1038310449, 3289, 1038305437, 2769, 1038315202, 2777, 1038312714, 2785, 1038314300, 3025, 1038311280, 3281, 1038307841, 3298, 1038810801, 3042, 1038810889, 3290, 1038791567, 3282, 1038767654, 2770, 1038767632, 2778, 1038791791, 2786, 1038810975, 3026, 1038767654, 3299, 1038348776, 3291, 1038346294, 3043, 1038345424, 3283, 1038345706, 2771, 1038338297, 3292, 1021072408, 3044, 1021085781, 3300, 1021083265, 3284, 1021062843, 2779, 1038338980, 3301, 1021980335, 3045, 1021983973, 3047, 1021246507, 3046, 1021875080, 3303, 1021249050, 3287, 1021198435, 3029, 1021995155, 2790, 1021871056, 3030, 1021941856, 2774, 1021937687, 2775, 1021192793, 2783, 1021227847, 2780, 1021078183, 2788, 1021088899, 3293, 1021994040, 2781, 1022001608, 3285, 1021991399, 3294, 1021908097, 3302, 1021878728, 3295, 1021233725, 2791, 1021243356, 3286, 1021945646, 2787, 1038341560, 2782, 1021900554, 2772, 1021068583, 3027, 1038342244, 3031, 1021195903, 3028, 1021065423, 2773, 1021999240, 2789, 1021987973]
[INFO] (lattice_cell.c: 455): on tick 36 of 50
[INFO] (lattice_cell.c: 172): the unmatched_packets is 56
[3296, 1037907311, 3040, 1037907323, 3288, 1037917316, 2768, 1037937738, 3280, 1037937651, 2784, 1037907321, 3041, 1038304861, 3297, 1038301672, 3289, 1038298522, 3024, 1037937692, 3281, 1038301258, 2769, 1038308309, 3025, 1038304546, 2777, 1038305477, 2785, 1038308539, 2776, 1037917260, 3298, 1038757057, 3042, 1038757096, 3290, 1038746221, 2770, 1038724171, 2778, 1038746370, 3282, 1038724189, 2786, 1038757128, 3299, 1038337419, 3291, 1038337115, 3043, 1038334189, 2771, 1038334136, 2779, 1038330095, 3026, 1038724181, 3283, 1038341228, 3044, 1021087800, 2787, 1038330462, 3046, 1022150706, 3284, 1021098226, 3301, 1021982366, 3047, 1020999727, 3027, 1038337917, 2773, 1021972110, 3295, 1021018266, 3045, 1021986120, 3287, 1021079161, 2774, 1022059808, 2791, 1020995932, 2775, 1021072172, 2783, 1021010917, 3029, 1021967800, 2780, 1021128796, 3028, 1021101471, 3300, 1021084697, 3292, 1021121948, 2781, 1021962224, 2790, 1022146658, 3293, 1021954212, 2772, 1021105186, 2782, 1022134553, 2788, 1021091382, 3031, 1021075904, 3302, 1022154211, 3285, 1021964017, 3294, 1022142103, 2789, 1021990412, 3303, 1021003014, 3030, 1022064171, 3286, 1022068012]
[INFO] (lattice_cell.c: 455): on tick 37 of 50
[INFO] (lattice_cell.c: 172): the unmatched_packets is 56
[3296, 1037881421, 3040, 1037881403, 3288, 1037853357, 3280, 1037876867, 2768, 1037876914, 2776, 1037853226, 3024, 1037876887, 2784, 1037881383, 3297, 1038309192, 3041, 1038312493, 3289, 1038304971, 2769, 1038312254, 3281, 1038304987, 2777, 1038312150, 2785, 1038316291, 3042, 1038772431, 3025, 1038308385, 3290, 1038801794, 2770, 1038777638, 3282, 1038777622, 3043, 1038344643, 3283, 1038349298, 3044, 1021074308, 3045, 1021987744, 3303, 1021193535, 3285, 1021981713, 3286, 1021843943, 3030, 1021839947, 3046, 1021935639, 3047, 1021190801, 3031, 1021281513, 2783, 1021248936, 2786, 1038772454, 2787, 1038340856, 2788, 1021077555, 2789, 1021991781, 2781, 1021999646, 2791, 1021187470, 2782, 1021869848, 2771, 1038341982, 2772, 1021088443, 3027, 1038345882, 3028, 1021085251, 2780, 1021081843, 2779, 1038341330, 3298, 1038772387, 2774, 1021835571, 3299, 1038347917, 3291, 1038348500, 3026, 1038777638, 2775, 1021278415, 3292, 1021076080, 3300, 1021071687, 2773, 1021989991, 3293, 1021991652, 3301, 1021984061, 3294, 1021877774, 2778, 1038801987, 3302, 1021939346, 3284, 1021082634, 3295, 1021254929, 2790, 1021931574, 3287, 1021284068, 3029, 1021985681]
[INFO] (lattice_cell.c: 455): on tick 38 of 50
[INFO] (lattice_cell.c: 172): the unmatched_packets is 56
[3040, 1037874093, 3296, 1037874155, 3288, 1037899967, 2776, 1037899831, 2784, 1037874016, 3024, 1037929438, 2768, 1037929465, 3280, 1037929403, 3041, 1038304942, 3297, 1038301708, 3289, 1038300704, 2777, 1038307759, 2785, 1038308689, 3025, 1038306417, 3281, 1038303074, 3298, 1038790712, 3042, 1038790829, 3290, 1038764419, 3282, 1038733246, 2770, 1038733266, 2786, 1038790929, 3026, 1038733260, 2778, 1038764677, 3299, 1038340071, 3043, 1038336785, 3291, 1038338306, 2769, 1038310231, 3283, 1038338799, 2771, 1038331571, 2779, 1038331153, 3300, 1021084677, 3044, 1021087766, 3292, 1021074611, 3284, 1021116980, 3301, 1021980217, 3302, 1022003071, 3045, 1021983762, 3046, 1021999518, 3295, 1021047243, 3047, 1021139180, 2789, 1021987895, 2791, 1021135638, 3030, 1022113567, 3031, 1021036343, 3293, 1021991945, 2783, 1021040236, 3027, 1038335422, 3285, 1021937433, 3294, 1022110490, 3286, 1022117161, 3303, 1021142234, 2788, 1021091317, 2781, 1021999644, 3028, 1021120204, 2790, 1021995420, 3287, 1021039566, 3029, 1021941056, 2782, 1022103140, 2787, 1038333000, 2772, 1021123884, 2780, 1021081331, 2773, 1021945191, 2774, 1022109429, 2775, 1021032669]
[INFO] (lattice_cell.c: 455): on tick 39 of 50
[INFO] (lattice_cell.c: 172): the unmatched_packets is 56
[3296, 1037888746, 3040, 1037888715, 3288, 1037902410, 2768, 1037891935, 3280, 1037891783, 2776, 1037902396, 2784, 1037888684, 3297, 1038306863, 3041, 1038310093, 3289, 1038303670, 3024, 1037891848, 3281, 1038305048, 2769, 1038312213, 2785, 1038313846, 3042, 1038765677, 3290, 1038750887, 3043, 1038343411, 3046, 1022061842, 3047, 1021069916, 3301, 1021973134, 3044, 1021095942, 3302, 1022065565, 3045, 1021977052, 3303, 1021072749, 3287, 1021261701, 2774, 1021860904, 2782, 1021987881, 2783, 1021140780, 3031, 1021259000, 3298, 1038765620, 3282, 1038762473, 3291, 1038346146, 3299, 1038346669, 3025, 1038308394, 3292, 1021089138, 3283, 1038348616, 3300, 1021093351, 3293, 1021985400, 2778, 1038750979, 3284, 1021065713, 2786, 1038765730, 3294, 1021995733, 2777, 1038310741, 2779, 1038339093, 2770, 1038762394, 3027, 1038345272, 3028, 1021068301, 2789, 1021981349, 3030, 1021865416, 2780, 1021094996, 2790, 1022057794, 3026, 1038762450, 2771, 1038341439, 2791, 1021066456, 3285, 1021998636, 2787, 1038339671, 3286, 1021869581, 3029, 1022002780, 3295, 1021147330, 2781, 1021993698, 2788, 1021099172, 2772, 1021071479, 2773, 1022007294, 2775, 1021255739]
[INFO] (lattice_cell.c: 455): on tick 40 of 50
[INFO] (lattice_cell.c: 172): the unmatched_packets is 56
[3296, 1037885695, 3040, 1037885660, 3288, 1037869998, 3280, 1037889418, 2768, 1037889368, 2776, 1037869770, 2784, 1037885616, 3024, 1037889393, 3297, 1038303390, 3041, 1038306669, 3289, 1038300426, 2769, 1038307323, 3281, 1038300056, 2777, 1038307579, 2785, 1038310457, 3025, 1038303451, 3298, 1038778564, 3042, 1038778638, 3290, 1038794608, 3043, 1038336233, 3299, 1038339540, 3044, 1021093323, 3046, 1022000861, 2778, 1038794921, 2786, 1038778715, 3293, 1021954587, 3045, 1021970923, 3303, 1021143693, 3047, 1021140593, 3028, 1021124100, 3031, 1021119452, 2775, 1021116046, 3030, 1022021999, 2781, 1021961907, 2782, 1021956529, 2783, 1021180409, 3026, 1038774360, 2787, 1038332412, 2770, 1038774419, 3027, 1038337640, 3282, 1038774309, 2789, 1021974866, 2790, 1021996987, 3291, 1038339429, 3283, 1038341084, 2791, 1021137007, 3300, 1021090276, 3292, 1021110525, 3301, 1021967506, 3284, 1021120921, 2771, 1038333727, 2779, 1038332209, 3294, 1021963887, 3302, 1022004200, 2772, 1021127723, 3295, 1021187080, 2780, 1021117294, 3285, 1021944721, 3286, 1022025623, 2773, 1021952231, 3287, 1021122380, 3029, 1021948236, 2774, 1022017844, 2788, 1021096838]
[INFO] (lattice_cell.c: 455): on tick 41 of 50
[INFO] (lattice_cell.c: 172): the unmatched_packets is 56
[3296, 1037878515, 3040, 1037878507, 3288, 1037892582, 3280, 1037946583, 2768, 1037946729, 2776, 1037892498, 3024, 1037946654, 2784, 1037878498, 3297, 1038306363, 3041, 1038309564, 3289, 1038306115, 3281, 1038309867, 2777, 1038313081, 3025, 1038313159, 2785, 1038313271, 3298, 1038775965, 3042, 1038776014, 3290, 1038762166, 3282, 1038706221, 2786, 1038776050, 3043, 1038344227, 3291, 1038346465, 2778, 1038762372, 3045, 1022011947, 3047, 1021149758, 3293, 1022019199, 3044, 1021060827, 3285, 1022039111, 3046, 1021979987, 3031, 1021133669, 3027, 1038344189, 3299, 1038347423, 2782, 1022028296, 2783, 1021099657, 3283, 1038347503, 3300, 1021058190, 3028, 1021011020, 3292, 1021045332, 3284, 1021008326, 2769, 1038316939, 2781, 1022027881, 2770, 1038706184, 3301, 1022007897, 3026, 1038706213, 2771, 1038340397, 3294, 1022036399, 2779, 1038339445, 3302, 1021983924, 2772, 1021014328, 3295, 1021106237, 3029, 1022043292, 2788, 1021064058, 3030, 1021996370, 3303, 1021152587, 3286, 1022000444, 3287, 1021136606, 2773, 1022047846, 2789, 1022016378, 2790, 1021975664, 2791, 1021146304, 2774, 1021991940, 2780, 1021051164, 2775, 1021130164, 2787, 1038340527]
[INFO] (lattice_cell.c: 455): on tick 42 of 50
[INFO] (lattice_cell.c: 172): the unmatched_packets is 56
[3296, 1037879214, 3040, 1037879124, 3288, 1037876967, 3280, 1037872127, 2768, 1037872180, 2776, 1037876817, 2784, 1037879023, 3041, 1038304174, 3042, 1038785576, 3298, 1038785464, 3044, 1021120523, 3043, 1038336564, 3045, 1021954553, 3286, 1021945509, 3046, 1022046077, 3047, 1021094137, 3029, 1021848673, 3030, 1021941926, 2775, 1021194596, 3031, 1021197928, 2781, 1021925670, 2782, 1022042167, 2783, 1021097598, 2777, 1038303503, 2789, 1021958365, 3025, 1038300639, 2779, 1038331696, 2790, 1022042300, 2791, 1021090709, 2780, 1021171511, 3026, 1038791200, 3027, 1038337390, 3028, 1021232883, 3024, 1037872146, 3297, 1038300861, 3289, 1038296267, 2769, 1038304548, 3281, 1038297206, 3290, 1038787450, 2785, 1038308003, 3291, 1038338991, 3282, 1038791197, 2770, 1038791194, 3299, 1038339927, 3292, 1021165016, 3300, 1021117513, 3293, 1021918415, 2786, 1038785711, 3283, 1038340853, 2778, 1038787671, 3301, 1021951274, 3294, 1022049066, 2771, 1038333448, 3302, 1022049326, 3295, 1021104319, 2788, 1021124007, 3284, 1021229825, 2772, 1021236331, 3303, 1021097070, 3285, 1021845091, 2773, 1021852732, 3287, 1021200840, 2774, 1021937833, 2787, 1038332699]
[INFO] (lattice_cell.c: 455): on tick 43 of 50
[INFO] (lattice_cell.c: 172): the unmatched_packets is 56
[3040, 1037905393, 3296, 1037905400, 3288, 1037913768, 3280, 1037918578, 2768, 1037918595, 2776, 1037913655, 2784, 1037905382, 3024, 1037918586, 3041, 1038314272, 3297, 1038311122, 3289, 1038308687, 2769, 1038315906, 3281, 1038308858, 2785, 1038317922, 3025, 1038312151, 3298, 1038748276, 2777, 1038315592, 3042, 1038748341, 3290, 1038739658, 3282, 1038736010, 3299, 1038346227, 3043, 1038343058, 3291, 1038346624, 2778, 1038739903, 2786, 1038748397, 3283, 1038347730, 3044, 1021027196, 3045, 1022027539, 3286, 1021962701, 3046, 1022004862, 3287, 1021174287, 3047, 1021128977, 2781, 1022097240, 2775, 1021167943, 3030, 1021958430, 2782, 1021953896, 2783, 1021174376, 3300, 1021024492, 3292, 1020964461, 3284, 1020949586, 3026, 1038736067, 3301, 1022023455, 3293, 1022088767, 3285, 1022100641, 2787, 1038339401, 3302, 1022008750, 3294, 1021962203, 2770, 1038736110, 3027, 1038344435, 2788, 1021030531, 2780, 1020970717, 2789, 1022032034, 2790, 1022000615, 3029, 1022104716, 2791, 1021125271, 2771, 1038340693, 2779, 1038339720, 3295, 1021181240, 3303, 1021132050, 2772, 1020955853, 3031, 1021171393, 3028, 1020952416, 2773, 1022109230, 2774, 1021953765]
[INFO] (lattice_cell.c: 455): on tick 44 of 50
[INFO] (lattice_cell.c: 172): the unmatched_packets is 56
[3296, 1037851862, 3040, 1037851801, 3288, 1037856895, 3280, 1037900682, 2768, 1037900700, 2776, 1037856697, 3041, 1038301176, 3297, 1038297833, 3024, 1037900695, 3289, 1038296857, 3281, 1038299525, 3042, 1038813400, 3290, 1038808006, 2769, 1038306867, 3045, 1021884968, 3043, 1038337124, 3046, 1022010099, 2790, 1022006340, 3286, 1022019988, 3287, 1021126558, 3047, 1021127627, 3044, 1021200081, 2791, 1021124315, 3029, 1021886147, 2775, 1021120425, 2782, 1022015478, 3027, 1038337653, 2783, 1021119869, 2786, 1038813471, 2779, 1038332436, 3030, 1022016579, 3298, 1038813330, 3282, 1038762081, 3299, 1038340501, 3291, 1038339830, 3031, 1021123719, 2780, 1021230708, 3283, 1038341176, 3292, 1021224561, 3300, 1021197259, 3025, 1038302945, 2770, 1038762103, 3293, 1021854919, 2777, 1038304121, 2785, 1038305042, 3301, 1021881596, 3294, 1022022464, 3284, 1021185115, 3302, 1022013367, 3295, 1021126165, 2778, 1038808252, 2787, 1038333233, 3026, 1038762090, 2771, 1038333651, 3303, 1021130449, 2772, 1021191396, 3285, 1021882455, 2789, 1021888832, 3028, 1021188059, 2788, 1021203386, 2773, 1021890255, 2774, 1022012670, 2784, 1037851741, 2781, 1021862460]
[INFO] (lattice_cell.c: 455): on tick 45 of 50
[INFO] (lattice_cell.c: 172): the unmatched_packets is 56
[3296, 1037906519, 3040, 1037906467, 3288, 1037905416, 3280, 1037904406, 3041, 1038313050, 3297, 1038309919, 3042, 1038747860, 3290, 1038749084, 2776, 1037905260, 3292, 1020981132, 3044, 1020941548, 3045, 1022117821, 3286, 1021973680, 3287, 1021166356, 3046, 1021996966, 3047, 1021130141, 3043, 1038345304, 3026, 1038749870, 2791, 1021126431, 3030, 1021969425, 2773, 1022001601, 2774, 1021964750, 2781, 1022090124, 2782, 1022019562, 3031, 1021163266, 2785, 1038316677, 2777, 1038313468, 2786, 1038747976, 2787, 1038341687, 2788, 1020945074, 3289, 1038306572, 3029, 1021997048, 2789, 1022122190, 3281, 1038307802, 2768, 1037904544, 2779, 1038338787, 2790, 1021992592, 3298, 1038747741, 2784, 1037906389, 3024, 1037904469, 3282, 1038749870, 2769, 1038314838, 3299, 1038348448, 3291, 1038345645, 3283, 1038346587, 2770, 1038749843, 3300, 1020938664, 2780, 1020987556, 2778, 1038749384, 3293, 1022081807, 3027, 1038343348, 3301, 1022113891, 3284, 1021061680, 3028, 1021064500, 3294, 1022027735, 3302, 1022000934, 2771, 1038339626, 3295, 1021119052, 2775, 1021159640, 3303, 1021133234, 3285, 1021992906, 3025, 1038311086, 2772, 1021067952, 2783, 1021111897]
[INFO] (lattice_cell.c: 455): on tick 46 of 50
[INFO] (lattice_cell.c: 172): the unmatched_packets is 56
[3296, 1037871550, 3040, 1037871510, 3288, 1037891359, 2768, 1037917631, 2776, 1037891175, 2784, 1037871455, 3041, 1038303869, 3024, 1037917652, 3042, 1038792806, 3290, 1038772214, 3045, 1021870983, 2769, 1038306903, 3047, 1021100352, 3293, 1021935739, 3043, 1038337316, 3294, 1022004149, 2771, 1038334716, 2779, 1038331165, 3044, 1021204120, 3284, 1021058679, 2790, 1022032777, 3303, 1021103139, 3285, 1022008315, 3286, 1021951472, 3287, 1021192013, 3046, 1022036433, 3027, 1038338725, 2773, 1022015851, 2774, 1021943954, 2775, 1021186216, 2781, 1021943265, 2782, 1021997390, 2783, 1021145160, 2787, 1038333393, 3025, 1038302965, 3026, 1038744726, 3028, 1021061608, 3029, 1022011868, 3030, 1021947950, 2791, 1021097082, 3280, 1037917681, 3297, 1038300531, 3289, 1038298179, 2780, 1021144457, 2777, 1038305449, 2785, 1038307730, 3281, 1038299507, 3298, 1038792742, 3282, 1038744682, 2770, 1038744774, 3291, 1038338592, 3299, 1038340722, 2786, 1038792885, 2778, 1038772477, 3292, 1021138379, 3300, 1021201452, 3283, 1038342262, 3301, 1021867432, 2788, 1021207249, 2789, 1021874991, 3295, 1021151495, 3302, 1022039606, 2772, 1021064990, 3031, 1021189348]
[INFO] (lattice_cell.c: 455): on tick 47 of 50
[INFO] (lattice_cell.c: 172): the unmatched_packets is 56
[3296, 1037889554, 3040, 1037889515, 3288, 1037866616, 3280, 1037894640, 2768, 1037894650, 2776, 1037866504, 2784, 1037889468, 3024, 1037894643, 3041, 1038311685, 3297, 1038308533, 3289, 1038306146, 3281, 1038307964, 2769, 1038314914, 2777, 1038313024, 2785, 1038315311, 3025, 1038311215, 3042, 1038765007, 3298, 1038764909, 3290, 1038788698, 2770, 1038760158, 2778, 1038788963, 2786, 1038765101, 3026, 1038760106, 3043, 1038342102, 3291, 1038345109, 3283, 1038348035, 3044, 1021030584, 3301, 1022030059, 3045, 1022033920, 3046, 1022011676, 3047, 1021126749, 3287, 1021148288, 2788, 1021034170, 2789, 1022038251, 2790, 1022007332, 3029, 1021920003, 2774, 1021975933, 2775, 1021141395, 2782, 1021997145, 2783, 1021134772, 2779, 1038338285, 2780, 1021109311, 3282, 1038760040, 3028, 1021139693, 3299, 1038345231, 3300, 1021027647, 3292, 1021102946, 2781, 1021968399, 2787, 1038338493, 2771, 1038341073, 3284, 1021136748, 3293, 1021959872, 3294, 1022005538, 3285, 1021915826, 3302, 1022015582, 2791, 1021122942, 3295, 1021141956, 3303, 1021129954, 3286, 1021984815, 3027, 1038344785, 2772, 1021143243, 3030, 1021980585, 3031, 1021145118, 2773, 1021924662]
[INFO] (lattice_cell.c: 455): on tick 48 of 50
[INFO] (lattice_cell.c: 172): the unmatched_packets is 56
[3296, 1037891030, 3040, 1037890959, 3288, 1037900828, 3280, 1037903564, 2768, 1037903663, 2776, 1037900610, 2784, 1037890880, 3024, 1037903609, 3297, 1038300484, 3041, 1038303810, 3289, 1038297814, 3281, 1038299309, 2769, 1038306744, 2777, 1038305144, 2785, 1038307672, 3298, 1038772961, 3042, 1038773067, 3043, 1038340151, 3044, 1021084574, 3299, 1038343527, 3300, 1021081863, 3293, 1022043217, 3302, 1021986637, 3285, 1021978043, 3045, 1021989575, 3286, 1021998137, 3287, 1021144815, 3046, 1021983377, 3047, 1021144149, 2791, 1021140896, 2780, 1021040034, 3030, 1021994648, 3031, 1021142162, 3290, 1038763120, 3282, 1038759520, 2775, 1021139028, 3025, 1038302777, 3291, 1038341466, 2781, 1022050671, 2783, 1021119421, 3283, 1038342193, 2778, 1038763401, 2786, 1038773159, 2770, 1038759472, 3292, 1021034156, 2787, 1038336229, 3284, 1021091402, 3301, 1021986084, 2771, 1038334618, 3026, 1038759498, 3027, 1038338647, 2779, 1038334034, 3294, 1022020013, 2789, 1021993484, 2772, 1021097120, 2790, 1021979690, 3303, 1021146882, 3295, 1021125522, 3029, 1021981823, 2773, 1021985983, 2774, 1021990739, 2782, 1022013141, 3028, 1021094050, 2788, 1021087739]
[INFO] (lattice_cell.c: 455): on tick 49 of 50
[INFO] (lattice_cell.c: 172): the unmatched_packets is 56
[3296, 1037863490, 3040, 1037863421, 3288, 1037895604, 3280, 1037912656, 2776, 1037895352, 2784, 1037863343, 3024, 1037912656, 3297, 1038308943, 3041, 1038312073, 3289, 1038306835, 3281, 1038307386, 2768, 1037912665, 2769, 1038314362, 3025, 1038310637, 3298, 1038791822, 3042, 1038791950, 3290, 1038758352, 3282, 1038741462, 2785, 1038315688, 3043, 1038341568, 3044, 1021128176, 3045, 1021933813, 3295, 1021136865, 3046, 1022025825, 3027, 1038342625, 3028, 1021054592, 3047, 1021113642, 2771, 1038338930, 3031, 1021175322, 2775, 1021171607, 2782, 1022010966, 2778, 1038758751, 2777, 1038313661, 2779, 1038336251, 3029, 1022007132, 2788, 1021131755, 2789, 1021938254, 3026, 1038741518, 2780, 1021115607, 3030, 1021961428, 2781, 1021958983, 3299, 1038344718, 3291, 1038343117, 3283, 1038345877, 2770, 1038741562, 3300, 1021125183, 3292, 1021108781, 2786, 1038792076, 3284, 1021051417, 3301, 1021929859, 3293, 1021950720, 2772, 1021058359, 3285, 1022003190, 3294, 1022018991, 3302, 1022029655, 2787, 1038337947, 2773, 1022011543, 3286, 1021965644, 3303, 1021116844, 2774, 1021956753, 3287, 1021178539, 2790, 1022021520, 2783, 1021129476, 2791, 1021109836]
[INFO] (lattice_cell.c: 455): on tick 50 of 50
[INFO] (lattice_cell.c: 466): updating recording regions
[INFO] (recording.c: 507): 	Finalising channel 0 - state info stored in SDRAM
[INFO] (recording.c: 512): closed channel 0.
[INFO] (lattice_cell.c: 470): Simulation complete.

