[INFO] (lattice_cell.c: 604): starting lattice cell
[INFO] (lattice_cell.c: 526): Initialise: started
[INFO] (data_specification.c: 78): magic = ad130ad6, version = 1.0
[INFO] (lattice_cell.c: 555): my key is 4896
[INFO] (lattice_cell.c: 562): I'm in position ( 19, 4)
[INFO] (lattice_cell.c: 568): my n key is 4640
[INFO] (lattice_cell.c: 574): my U_X = -0.009988944046199322
[INFO] (lattice_cell.c: 575): my U_Y = -0.0004157348012086004
[INFO] (lattice_cell.c: 583): input_buffer initialised
[INFO] (recording.c: 563): Recording 1 regions, using output tag 0, size before trigger 7686388, time between triggers 50
[INFO] (recording.c: 665): Recording channel 0 configured to use 7686132 byte memory block starting at 0x668e2fc4
[INFO] (lattice_cell.c: 588): Recording flags = 0x00000001
[INFO] (lattice_cell.c: 619): setting timer to execute every 200000 microseconds
[INFO] (lattice_cell.c: 627): Starting

[INFO] (simulation.c: 159): Setting the runtime of this model to 50 starting at 0
[INFO] (simulation.c: 161): Setting the flag of infinite run for this model to 0
[INFO] (simulation.c: 175): Resuming
[INFO] (lattice_cell.c: 455): on tick 0 of 50
[4888, 1037884871, 4904, 1037887885, 4632, 1037884869, 4648, 1037887883, 5144, 1037884873, 5152, 1037885274, 5160, 1037887887, 4889, 1038300204, 4905, 1038300266, 4633, 1038298139, 4649, 1038298203, 4641, 1038298147, 4890, 1038779503, 4906, 1038776239, 5145, 1038302982, 5153, 1038302990, 4907, 1038337466, 4892, 1021090191, 5146, 1038779505, 4643, 1038339481, 5154, 1038779070, 4644, 1021088652, 4894, 1022022027, 4910, 1022018754, 5156, 1021093205, 4655, 1021130133, 5158, 1022018637, 4891, 1038337402, 5166, 1022015802, 5162, 1038776241, 5159, 1021122947, 5148, 1021092803, 5164, 1021095812, 4908, 1021093200, 5155, 1038334626, 4893, 1021982596, 4909, 1021979340, 4895, 1021125162, 4911, 1021128186, 5150, 1022019073, 5161, 1038303044, 5167, 1021125564, 4640, 1037885268, 4634, 1038779501, 4650, 1038776237, 5163, 1038334680, 4642, 1038779064, 4651, 1038339537, 4635, 1038339473, 5149, 1021985542, 5157, 1021985107, 4638, 1022024222, 4652, 1021091259, 5151, 1021122542, 4636, 1021088252, 4653, 1021977153, 4645, 1021979972, 4637, 1021980409, 4646, 1022023782, 4654, 1022020947, 4647, 1021127510, 5165, 1021982282, 4639, 1021127109, 5147, 1038334616]
[INFO] (lattice_cell.c: 455): on tick 1 of 50
[INFO] (lattice_cell.c: 172): the unmatched_packets is 56
[4888, 1037880043, 4904, 1037887807, 4632, 1037880049, 4648, 1037887807, 4640, 1037881099, 4905, 1038309009, 5144, 1037880043, 5152, 1037881093, 5160, 1037887801, 4890, 1038774437, 4633, 1038306898, 4649, 1038306938, 4650, 1038766379, 5161, 1038311781, 4652, 1021094034, 5146, 1038774439, 5154, 1038773350, 5155, 1038342662, 4895, 1021118753, 4637, 1021974648, 4654, 1022029712, 4911, 1021110234, 4655, 1021113050, 4639, 1021121578, 4889, 1038308961, 5147, 1038342710, 5156, 1021091378, 5164, 1021100287, 5157, 1021976630, 5150, 1022016737, 5158, 1022018037, 5151, 1021115311, 5159, 1021114141, 5148, 1021089995, 5145, 1038311737, 4906, 1038766385, 4891, 1038345480, 4907, 1038345152, 5149, 1021978091, 5166, 1022026262, 5167, 1021106788, 4892, 1021086552, 4908, 1021096848, 5162, 1038766385, 5153, 1038311737, 4893, 1021975959, 4909, 1021965156, 4894, 1022018859, 5163, 1038342380, 4641, 1038306898, 4910, 1022028398, 4634, 1038774441, 4642, 1038773348, 4643, 1038347509, 4651, 1038347223, 4635, 1038347557, 4644, 1021085124, 4636, 1021083744, 4645, 1021973185, 4647, 1021120410, 4653, 1021963839, 4646, 1022021482, 4638, 1022020179, 5165, 1021967291]
[INFO] (lattice_cell.c: 455): on tick 2 of 50
[INFO] (lattice_cell.c: 172): the unmatched_packets is 56
[4888, 1037884833, 4904, 1037871649, 4632, 1037884827, 4648, 1037871641, 4640, 1037882680, 5160, 1037871651, 5144, 1037884831, 5152, 1037882688, 4905, 1038300521, 4890, 1038780432, 4633, 1038298343, 5153, 1038303258, 4892, 1021090970, 4634, 1038780428, 4644, 1021087744, 4909, 1021991245, 4894, 1022020621, 4895, 1021126030, 5165, 1021994133, 4911, 1021167203, 5157, 1021988204, 4654, 1021976104, 4638, 1022022781, 4639, 1021127989, 5149, 1021986844, 4889, 1038300436, 5161, 1038303337, 5154, 1038782619, 5146, 1038780436, 4906, 1038793750, 5148, 1021093567, 5145, 1038303250, 4891, 1038338126, 4907, 1038339235, 4908, 1021084269, 4893, 1021983954, 5167, 1021164591, 5166, 1021971081, 5155, 1038335511, 5156, 1021092310, 5163, 1038336410, 5162, 1038793742, 5150, 1022017728, 4910, 1021973961, 5159, 1021129625, 5151, 1021123417, 4649, 1038298434, 4641, 1038298353, 4650, 1038793752, 4642, 1038782609, 4643, 1038340428, 4651, 1038341334, 4636, 1021089009, 4635, 1038340223, 4653, 1021989091, 4652, 1021082307, 4645, 1021983161, 4646, 1022015616, 4637, 1021981787, 4647, 1021134192, 4655, 1021169167, 5158, 1022010567, 5147, 1038335308, 5164, 1021086873]
[INFO] (lattice_cell.c: 455): on tick 3 of 50
[INFO] (lattice_cell.c: 172): the unmatched_packets is 56
[4888, 1037882349, 4632, 1037882355, 4904, 1037925610, 4648, 1037925614, 4640, 1037893712, 5144, 1037882355, 5152, 1037893714, 5160, 1037925588, 4889, 1038309353, 4633, 1038307278, 4649, 1038308247, 4905, 1038310312, 4641, 1038307486, 4890, 1038772150, 4906, 1038727031, 5161, 1038313070, 5153, 1038312319, 4634, 1038772150, 4642, 1038760296, 5145, 1038312113, 4908, 1021120329, 4645, 1021962576, 5163, 1038340484, 4911, 1021000607, 4639, 1021117050, 4891, 1038344958, 4907, 1038343230, 5150, 1022023204, 5159, 1021084944, 5167, 1020997140, 4892, 1021087894, 5156, 1021100908, 4893, 1021973702, 4909, 1021941290, 4894, 1022025444, 4910, 1022144248, 4895, 1021114239, 5157, 1021966216, 5149, 1021975935, 5148, 1021091356, 5165, 1021943520, 4650, 1038727015, 4635, 1038347037, 4651, 1038345285, 4643, 1038346026, 4636, 1021085104, 4644, 1021094665, 4652, 1021117534, 5146, 1038772146, 5154, 1038760306, 4638, 1022026846, 4647, 1021091231, 4637, 1021972308, 4653, 1021939898, 4646, 1022056434, 5164, 1021123771, 5155, 1038341196, 5158, 1022052772, 4654, 1022145722, 5166, 1022141951, 5162, 1038727045, 5147, 1038342194, 4655, 1021003455, 5151, 1021110791]
[INFO] (lattice_cell.c: 455): on tick 4 of 50
[INFO] (lattice_cell.c: 172): the unmatched_packets is 56
[4888, 1037875179, 4904, 1037847910, 4632, 1037875173, 4648, 1037847904, 4640, 1037850503, 4905, 1038300628, 4889, 1038300190, 5160, 1037847932, 4649, 1038298511, 5144, 1037875175, 4907, 1038337222, 5145, 1038303036, 4908, 1021089785, 5163, 1038334334, 4652, 1021087756, 5147, 1038336514, 4895, 1021147642, 4910, 1021841213, 4911, 1021303283, 4647, 1021223669, 5165, 1021989899, 4655, 1021305248, 5154, 1038815725, 5156, 1021071808, 5150, 1021990669, 5151, 1021145008, 5159, 1021219073, 4906, 1038817350, 4890, 1038790402, 4891, 1038339377, 5161, 1038303478, 4892, 1021083986, 4633, 1038298079, 4641, 1038297989, 4893, 1021992377, 4909, 1021987098, 4894, 1021993458, 5152, 1037850505, 5146, 1038790406, 5162, 1038817318, 5155, 1038336633, 5166, 1021838576, 5158, 1021914918, 4636, 1021081968, 4634, 1038790406, 4644, 1021067149, 4650, 1038817374, 4642, 1038815739, 4637, 1021990287, 4635, 1038341505, 4651, 1038339396, 4643, 1038341660, 5148, 1021086617, 5157, 1022010747, 5167, 1021300655, 4645, 1022005857, 4653, 1021985028, 4646, 1021919698, 4638, 1021995533, 4654, 1021843150, 5153, 1038302944, 4639, 1021149655, 5164, 1021092449, 5149, 1021995183]
[INFO] (lattice_cell.c: 455): on tick 5 of 50
[INFO] (lattice_cell.c: 172): the unmatched_packets is 56
[4888, 1037908981, 4904, 1037894001, 4632, 1037908983, 4648, 1037894007, 4640, 1037924534, 5160, 1037893979, 5152, 1037924514, 5144, 1037908975, 4905, 1038310850, 4633, 1038307923, 4649, 1038308797, 4906, 1038760358, 4641, 1038308487, 4650, 1038760322, 4892, 1021105929, 4908, 1021086706, 5153, 1038313314, 4635, 1038345723, 4893, 1021954566, 4644, 1021101215, 4646, 1022189510, 4911, 1020994757, 5163, 1038340804, 5164, 1021090084, 5165, 1021979058, 5149, 1021956930, 5150, 1022100545, 4889, 1038309999, 5166, 1022143816, 5151, 1021038180, 5148, 1021109356, 5161, 1038313584, 5145, 1038312765, 5162, 1038760398, 4890, 1038744531, 5154, 1038728596, 4891, 1038343668, 4907, 1038343500, 5156, 1021107348, 5157, 1021960162, 5158, 1022185328, 5159, 1020946959, 5167, 1020991299, 5155, 1038342424, 5147, 1038340932, 4909, 1021976705, 4634, 1038744535, 4642, 1038728548, 4894, 1022102964, 4895, 1021041635, 4910, 1022146404, 4651, 1038345511, 4643, 1038347156, 4652, 1021083988, 4636, 1021103193, 4645, 1021956283, 4653, 1021975209, 4655, 1020997563, 4637, 1021953047, 5146, 1038744537, 4654, 1022148147, 4638, 1022104540, 4647, 1020953263, 4639, 1021044455]
[INFO] (lattice_cell.c: 455): on tick 6 of 50
[INFO] (lattice_cell.c: 172): the unmatched_packets is 56
[4888, 1037841529, 4904, 1037897304, 4632, 1037841531, 4648, 1037897306, 4640, 1037865074, 5160, 1037897306, 5144, 1037841537, 5152, 1037865100, 4905, 1038301835, 4890, 1038824869, 4633, 1038297628, 4906, 1038766152, 4650, 1038766174, 5161, 1038304721, 5153, 1038303290, 4651, 1038338990, 4635, 1038339900, 4908, 1021102724, 4652, 1021100595, 4636, 1021069601, 4893, 1022005697, 4909, 1021977031, 4653, 1021975045, 5156, 1021099876, 4911, 1021143809, 5165, 1021979721, 5147, 1038334760, 4655, 1021145828, 4639, 1021280116, 5149, 1022008384, 5159, 1021269546, 5164, 1021105458, 4889, 1038299773, 5154, 1038799629, 5146, 1038824869, 4891, 1038337690, 4907, 1038336785, 5145, 1038302643, 4892, 1021071709, 5167, 1021141137, 5162, 1038766124, 5151, 1021275480, 4894, 1021867786, 5163, 1038333846, 4895, 1021278112, 5155, 1038335726, 4910, 1021999834, 5157, 1021982738, 5166, 1021997399, 4649, 1038299690, 4641, 1038298272, 4642, 1038799687, 4634, 1038824879, 4643, 1038340889, 5148, 1021074441, 4644, 1021095007, 4645, 1021978046, 4637, 1022003715, 4646, 1021868985, 4638, 1021869648, 4647, 1021274227, 4654, 1022001576, 5158, 1021864759, 5150, 1021865223]
[INFO] (lattice_cell.c: 455): on tick 7 of 50
[INFO] (lattice_cell.c: 172): the unmatched_packets is 56
[4888, 1037909493, 4904, 1037884858, 4632, 1037909507, 4648, 1037884834, 4640, 1037873364, 5160, 1037884874, 5152, 1037873368, 5144, 1037909491, 4889, 1038310472, 4891, 1038343710, 5145, 1038313226, 4892, 1021088251, 4651, 1038345679, 4908, 1021099661, 4893, 1021973377, 4645, 1021980245, 4909, 1021962565, 4910, 1021998104, 4911, 1021138311, 4655, 1021141131, 5155, 1038341742, 4639, 1020960372, 5147, 1038341018, 5148, 1021091573, 5165, 1021965036, 4905, 1038311110, 5149, 1021975880, 5166, 1021995408, 5161, 1038313842, 4890, 1038744569, 5154, 1038781726, 4906, 1038768646, 5146, 1038744593, 5156, 1021083310, 4907, 1038343668, 5150, 1022184325, 4633, 1038308389, 5151, 1020954122, 5163, 1038340976, 4894, 1022187048, 4895, 1020957578, 5164, 1021102980, 5162, 1038768668, 5167, 1021134868, 4649, 1038309058, 4641, 1038308278, 4642, 1038781669, 4650, 1038768614, 4634, 1038744553, 4643, 1038346438, 4635, 1038345711, 4644, 1021077354, 4652, 1021097020, 4636, 1021085597, 4653, 1021960951, 4637, 1021971710, 4646, 1022068014, 4647, 1021075502, 4654, 1021999964, 4638, 1022188929, 5157, 1021984384, 5158, 1022063347, 5159, 1021069290, 5153, 1038313081]
[INFO] (lattice_cell.c: 455): on tick 8 of 50
[INFO] (lattice_cell.c: 172): the unmatched_packets is 56
[4888, 1037886427, 4904, 1037883677, 4632, 1037886423, 4648, 1037883687, 4640, 1037890155, 5160, 1037883655, 5152, 1037890127, 5144, 1037886429, 4633, 1038298370, 4890, 1038777809, 4641, 1038299140, 4906, 1038780703, 4634, 1038777825, 5161, 1038304831, 5145, 1038303438, 4908, 1021104315, 4651, 1038338549, 5146, 1038777794, 4909, 1021976188, 5154, 1038774452, 4652, 1021102076, 4653, 1021974344, 4911, 1021130366, 5159, 1021098927, 4647, 1021103700, 5163, 1038333372, 5155, 1038334415, 5149, 1021977920, 5158, 1022039645, 5164, 1021107148, 4905, 1038301931, 4889, 1038300537, 5147, 1038335161, 4891, 1038338146, 5166, 1022010630, 4649, 1038299779, 5150, 1021939338, 4907, 1038336321, 4892, 1021102280, 4893, 1021975350, 5162, 1038780680, 4894, 1021941670, 5156, 1021092736, 4895, 1021200738, 4910, 1022012998, 5148, 1021105103, 5165, 1021978743, 5153, 1038304211, 5151, 1021197996, 4642, 1038774485, 4650, 1038780729, 4643, 1038339620, 4635, 1038340391, 4644, 1021087658, 4646, 1022043687, 4636, 1021100021, 4645, 1021988330, 4637, 1021973484, 4638, 1021943296, 4654, 1022014651, 4639, 1021202849, 4655, 1021132424, 5157, 1021992784, 5167, 1021127697]
[INFO] (lattice_cell.c: 455): on tick 9 of 50
[INFO] (lattice_cell.c: 172): the unmatched_packets is 56
[4888, 1037870943, 4904, 1037881229, 4632, 1037870933, 4648, 1037881195, 4640, 1037886738, 5160, 1037881253, 5144, 1037870955, 5152, 1037886778, 4889, 1038309854, 4905, 1038311755, 4633, 1038307765, 5145, 1038312612, 4650, 1038773009, 5161, 1038314495, 5153, 1038313596, 4908, 1021090965, 5162, 1038773070, 5154, 1038766905, 4893, 1021976014, 4636, 1021082732, 4652, 1021088457, 4909, 1021972689, 4645, 1021971475, 4894, 1022004752, 4654, 1022029406, 4911, 1021109986, 4647, 1021126507, 4906, 1038773042, 4890, 1038783821, 4907, 1038342606, 4891, 1038344546, 5157, 1021975921, 4892, 1021085282, 5150, 1022001891, 5167, 1021106569, 5159, 1021120340, 5146, 1038783823, 5147, 1038341857, 5148, 1021088518, 4895, 1021134201, 5156, 1021092030, 4910, 1022027418, 5166, 1022024593, 5158, 1022009225, 5151, 1021130821, 4649, 1038309700, 5155, 1038341780, 4641, 1038308770, 5165, 1021975325, 5149, 1021978664, 4634, 1038783814, 4642, 1038766874, 4635, 1038346567, 4651, 1038344620, 4643, 1038346505, 4644, 1021086275, 4637, 1021974213, 4653, 1021970926, 4646, 1022014041, 4638, 1022006777, 4639, 1021136909, 4655, 1021112716, 5164, 1021094191, 5163, 1038339917]
[INFO] (lattice_cell.c: 455): on tick 10 of 50
[INFO] (lattice_cell.c: 172): the unmatched_packets is 56
[4888, 1037879337, 4904, 1037891289, 4632, 1037879350, 4648, 1037891307, 4640, 1037884238, 5160, 1037891265, 5144, 1037879317, 5152, 1037884210, 4634, 1038786125, 4642, 1038780210, 5153, 1038304408, 4651, 1038338272, 4646, 1022005213, 4910, 1022027934, 4911, 1021115052, 4639, 1021105772, 4655, 1021117220, 5154, 1038780191, 5163, 1038333079, 5155, 1038334743, 5150, 1022040322, 5159, 1021134505, 5162, 1038772488, 5146, 1038786125, 4905, 1038302479, 4889, 1038301785, 5166, 1022025649, 5158, 1022001349, 4890, 1038786117, 4906, 1038772500, 5164, 1021103151, 4891, 1038337067, 4907, 1038336043, 4892, 1021091407, 4633, 1038299606, 5145, 1038304697, 4649, 1038300310, 4641, 1038299325, 4908, 1021100202, 4650, 1038772512, 4893, 1021984221, 4909, 1021981709, 4894, 1022042645, 4643, 1038339972, 4635, 1038339315, 4652, 1021097816, 4895, 1021103589, 4644, 1021097938, 4636, 1021089045, 4645, 1021976789, 5156, 1021103288, 4637, 1021982493, 4653, 1021979979, 5148, 1021094354, 5157, 1021980979, 5151, 1021100809, 5149, 1021986679, 5161, 1038305374, 4647, 1021139441, 4638, 1022044244, 4654, 1022029471, 5147, 1038334084, 5165, 1021984136, 5167, 1021112301]
[INFO] (lattice_cell.c: 455): on tick 11 of 50
[INFO] (lattice_cell.c: 172): the unmatched_packets is 56
[4888, 1037892458, 4904, 1037887292, 4632, 1037892448, 4648, 1037887246, 4640, 1037876916, 4905, 1038311742, 4891, 1038343849, 4642, 1038777601, 5145, 1038312645, 4643, 1038346000, 5154, 1038777623, 5162, 1038766331, 4644, 1021082301, 4645, 1021979724, 4909, 1021969983, 4894, 1022027885, 4637, 1021998319, 4638, 1022029997, 4647, 1021125170, 4911, 1021123421, 4655, 1021126073, 4889, 1038309887, 5164, 1021097808, 5156, 1021087854, 5148, 1021068081, 5165, 1021972743, 5157, 1021984436, 5158, 1022009890, 5150, 1022024977, 5159, 1021119211, 5161, 1038314490, 4890, 1038761418, 5147, 1038341134, 4906, 1038766331, 5146, 1038761427, 5144, 1037892473, 4907, 1038342629, 4892, 1021064880, 4908, 1021094718, 4893, 1022000312, 4895, 1021112040, 5160, 1037887326, 4910, 1022012657, 5151, 1021108685, 5152, 1037876966, 5155, 1038341255, 4649, 1038309675, 4633, 1038307797, 4641, 1038308068, 4634, 1038761410, 4650, 1038766313, 4651, 1038344648, 4635, 1038345881, 4652, 1021092319, 4636, 1021062407, 5149, 1022003115, 4653, 1021968076, 5166, 1022009760, 5163, 1038339926, 4646, 1022014920, 4654, 1022014757, 4639, 1021114683, 5167, 1021120084, 5153, 1038312921]
[INFO] (lattice_cell.c: 455): on tick 12 of 50
[INFO] (lattice_cell.c: 172): the unmatched_packets is 56
[4888, 1037869899, 4632, 1037869906, 4904, 1037887923, 4648, 1037887934, 4640, 1037878283, 4889, 1038299968, 5160, 1037887892, 5152, 1037878249, 4906, 1038776141, 5144, 1037869909, 4634, 1038795104, 4907, 1038335721, 4892, 1021156421, 4651, 1038337957, 4635, 1038339293, 5154, 1038786635, 4652, 1021104885, 4636, 1021154018, 4894, 1022028310, 4911, 1021127912, 4638, 1022029824, 5146, 1038795083, 5155, 1038333975, 5163, 1038332761, 4655, 1021130197, 5149, 1021929057, 5150, 1022026056, 5145, 1038302918, 4905, 1038303620, 5162, 1038776145, 4890, 1038795089, 5156, 1021108836, 4891, 1038337040, 5148, 1021159382, 4893, 1021926722, 5166, 1022011404, 4909, 1021970717, 5161, 1038306520, 4895, 1021116732, 4910, 1022013661, 5147, 1038334061, 4908, 1021107408, 5167, 1021125063, 4649, 1038301467, 4633, 1038297749, 4641, 1038300413, 5157, 1021974525, 5165, 1021973024, 4650, 1038776139, 5151, 1021113855, 4642, 1038786632, 5159, 1021104392, 5153, 1038305516, 4643, 1038339198, 4644, 1021103328, 5164, 1021110484, 4645, 1021970589, 4653, 1021969131, 4637, 1021925135, 4646, 1022036133, 4647, 1021109556, 4654, 1022015139, 4639, 1021119055, 5158, 1022032358]
[INFO] (lattice_cell.c: 455): on tick 13 of 50
[INFO] (lattice_cell.c: 172): the unmatched_packets is 56
[4888, 1037912723, 4904, 1037885856, 4632, 1037912715, 4648, 1037885820, 4640, 1037899204, 5160, 1037885885, 5152, 1037899231, 5144, 1037912736, 4889, 1038309592, 4890, 1038740601, 4633, 1038307526, 4906, 1038768097, 4641, 1038310471, 4891, 1038344339, 4892, 1020975722, 4643, 1038346041, 4908, 1021085190, 4645, 1022020520, 4637, 1022088709, 4895, 1021152631, 4639, 1021155163, 4655, 1021127644, 5165, 1021985402, 4905, 1038311476, 5157, 1022025535, 5166, 1022007234, 5151, 1021149393, 5164, 1021088220, 5145, 1038312334, 5163, 1038339582, 5155, 1038341252, 4907, 1038342298, 5150, 1021981974, 5161, 1038314229, 4893, 1022090849, 4909, 1021982533, 4894, 1021984934, 5154, 1038754140, 4910, 1022010176, 4911, 1021125141, 5153, 1038315306, 5147, 1038341587, 5167, 1021121903, 5148, 1020978943, 4649, 1038309398, 4634, 1038740597, 5156, 1021039695, 5149, 1022093777, 4642, 1038754125, 4650, 1038768087, 4635, 1038346406, 4651, 1038344334, 4644, 1021034163, 4636, 1020973202, 4652, 1021082877, 5159, 1021122256, 5162, 1038768089, 4638, 1021987111, 4653, 1021980483, 4654, 1022012344, 4646, 1022011667, 4647, 1021128059, 5158, 1022006549, 5146, 1038740611]
[INFO] (lattice_cell.c: 455): on tick 14 of 50
[INFO] (lattice_cell.c: 172): the unmatched_packets is 56
[4888, 1037843242, 4632, 1037843246, 4904, 1037874691, 4648, 1037874689, 5160, 1037874695, 4906, 1038789942, 5144, 1037843236, 5152, 1037856846, 4891, 1038336257, 4634, 1038822778, 4635, 1038338491, 4892, 1021249643, 4908, 1021141421, 5153, 1038305889, 4893, 1021823072, 5162, 1038789944, 5163, 1038332186, 4637, 1021821623, 4895, 1021106639, 4910, 1022034796, 5148, 1021252605, 5158, 1022032849, 4655, 1021109979, 4639, 1021109103, 4889, 1038302828, 4905, 1038301846, 5164, 1021144517, 5156, 1021199098, 5150, 1022035463, 4890, 1038822768, 4640, 1037856831, 5167, 1021104614, 4907, 1038335115, 5145, 1038305801, 5146, 1038822778, 5155, 1038333541, 4909, 1021945848, 4894, 1022037721, 4911, 1021107590, 5157, 1021882762, 5166, 1022032579, 5151, 1021103662, 5154, 1038808448, 4649, 1038299665, 4633, 1038300575, 4641, 1038300725, 4650, 1038789930, 4642, 1038808462, 4643, 1038338724, 4651, 1038337342, 4644, 1021193641, 4652, 1021138885, 4636, 1021247207, 4645, 1021878996, 4653, 1021944403, 4654, 1022036241, 4646, 1022036560, 5165, 1021948091, 4647, 1021108504, 4638, 1022039200, 5149, 1021825298, 5159, 1021103104, 5147, 1038333290, 5161, 1038304752]
[INFO] (lattice_cell.c: 455): on tick 15 of 50
[INFO] (lattice_cell.c: 172): the unmatched_packets is 56
[4888, 1037897658, 4904, 1037912588, 4632, 1037897640, 4648, 1037912564, 4640, 1037917816, 5160, 1037912596, 5144, 1037897684, 5152, 1037917852, 4889, 1038309273, 4905, 1038311582, 4633, 1038307205, 4649, 1038309512, 4890, 1038756717, 4906, 1038740302, 5145, 1038312033, 5153, 1038312856, 4634, 1038756725, 5161, 1038314335, 4635, 1038346002, 4651, 1038344600, 5162, 1038740306, 4894, 1022027595, 4895, 1021111318, 4911, 1021134157, 5164, 1021011866, 5149, 1022120182, 5166, 1021997404, 4655, 1021136568, 4639, 1021113720, 5157, 1022132574, 5151, 1021108193, 5148, 1020957279, 5154, 1038735370, 4907, 1038342526, 5163, 1038339776, 5147, 1038341109, 5155, 1038341435, 4891, 1038343902, 4908, 1021008813, 4892, 1020954177, 4893, 1022117159, 4909, 1022060476, 4910, 1022000346, 4641, 1038308037, 4650, 1038740280, 4642, 1038735360, 4643, 1038346307, 4652, 1021006465, 4644, 1020938682, 4636, 1020951764, 5156, 1020944238, 5158, 1021988026, 4653, 1022058318, 5167, 1021131021, 4645, 1022127420, 5159, 1021139368, 4637, 1022114863, 4646, 1021993224, 4654, 1022002555, 4647, 1021144914, 4638, 1022029819, 5165, 1022063380, 5150, 1022024618, 5146, 1038756695]
[INFO] (lattice_cell.c: 455): on tick 16 of 50
[INFO] (lattice_cell.c: 172): the unmatched_packets is 56
[4888, 1037895845, 4904, 1037853044, 4632, 1037895853, 4648, 1037853025, 4889, 1038301917, 5144, 1037895833, 4649, 1038302461, 4642, 1038806901, 4892, 1021131405, 4651, 1038336731, 4908, 1021242287, 4644, 1021235356, 4636, 1021128769, 4909, 1021833821, 5155, 1038333087, 4645, 1021833087, 4910, 1022037375, 4911, 1021104354, 4905, 1038304638, 5165, 1021836034, 5158, 1022021702, 5166, 1022035126, 5148, 1021134617, 5145, 1038304855, 4890, 1038767934, 4906, 1038812015, 5154, 1038806933, 4640, 1037858081, 4633, 1038299688, 4891, 1038336548, 5146, 1038767962, 4907, 1038334538, 5162, 1038812013, 4893, 1021946522, 4894, 1022017403, 4895, 1021127413, 5163, 1038331631, 5156, 1021241005, 5160, 1037853048, 5152, 1037858064, 4650, 1038812021, 4641, 1038302031, 4634, 1038767914, 4643, 1038338231, 4635, 1038338771, 5153, 1038307191, 4652, 1021239760, 4653, 1021832416, 4637, 1021945141, 4646, 1022025437, 4654, 1022038804, 4638, 1022018900, 4655, 1021106902, 4639, 1021129995, 4647, 1021118991, 5147, 1038333607, 5164, 1021245366, 5157, 1021836677, 5159, 1021113309, 5161, 1038307548, 5151, 1021124266, 5149, 1021948717, 5150, 1022015128, 5167, 1021101267]
[INFO] (lattice_cell.c: 455): on tick 17 of 50
[INFO] (lattice_cell.c: 172): the unmatched_packets is 56
[4888, 1037870536, 4904, 1037914048, 4632, 1037870529, 4648, 1037914010, 5160, 1037914069, 5152, 1037877889, 5144, 1037870544, 4640, 1037877832, 4889, 1038310605, 4905, 1038310520, 4633, 1038308452, 4649, 1038308446, 4641, 1038309053, 5161, 1038313294, 5145, 1038313444, 5153, 1038313976, 4890, 1038783828, 4634, 1038783838, 4650, 1038739367, 4906, 1038739363, 4892, 1021123370, 5146, 1038783822, 5162, 1038739355, 4635, 1038345597, 4643, 1038345686, 4893, 1021941745, 5163, 1038339590, 4894, 1022010439, 5155, 1038340736, 4895, 1021125684, 4911, 1021131899, 4639, 1021127980, 4655, 1021134169, 5148, 1021126336, 4907, 1038342384, 4891, 1038343453, 4908, 1020947389, 4909, 1022127963, 5149, 1021944712, 5159, 1021103149, 5156, 1021024301, 4910, 1022002665, 5147, 1038340625, 5164, 1020950393, 5165, 1022130898, 5166, 1021999733, 5158, 1022024846, 5150, 1022007496, 4642, 1038776920, 4651, 1038344494, 5154, 1038776890, 4638, 1022012651, 4646, 1022030011, 4636, 1021121144, 4652, 1020945100, 4644, 1021019125, 4637, 1021939504, 4653, 1022125743, 4645, 1022044825, 4654, 1022004865, 4647, 1021108431, 5157, 1022050123, 5167, 1021128900, 5151, 1021122656]
[INFO] (lattice_cell.c: 455): on tick 18 of 50
[INFO] (lattice_cell.c: 172): the unmatched_packets is 56
[4888, 1037879608, 4904, 1037882718, 4632, 1037879592, 4648, 1037882712, 4640, 1037900565, 5144, 1037879619, 5152, 1037900569, 5160, 1037882708, 4889, 1038301863, 4905, 1038304419, 4633, 1038299686, 4649, 1038302264, 5145, 1038304740, 5153, 1038306054, 5161, 1038307291, 4890, 1038785765, 4650, 1038781125, 4651, 1038337532, 4644, 1021068565, 4909, 1021884640, 4910, 1022012108, 4911, 1021125671, 5148, 1021078974, 4655, 1021128347, 4639, 1021122672, 4906, 1038781153, 4891, 1038336153, 4907, 1038335367, 4892, 1021075704, 5149, 1022006670, 5157, 1022009785, 4893, 1022004317, 5167, 1021122439, 4894, 1022025044, 4895, 1021119952, 4908, 1021193309, 5159, 1021118182, 5154, 1038763342, 5166, 1022009818, 5150, 1022022697, 5151, 1021116707, 5163, 1038332490, 5155, 1038333573, 4641, 1038301028, 5164, 1021196596, 5156, 1021074655, 5165, 1021886811, 4634, 1038785767, 4642, 1038763312, 5146, 1038785761, 4646, 1022021049, 4635, 1038338354, 4643, 1038338664, 4652, 1021190605, 4636, 1021072990, 5147, 1038333246, 4645, 1022006078, 4653, 1021883277, 4637, 1022002802, 4654, 1022013575, 4638, 1022026575, 4647, 1021124088, 5158, 1022017182, 5162, 1038781179]
[INFO] (lattice_cell.c: 455): on tick 19 of 50
[INFO] (lattice_cell.c: 172): the unmatched_packets is 56
[4888, 1037885386, 4904, 1037869304, 4632, 1037885378, 4648, 1037869272, 5160, 1037869324, 5144, 1037885398, 5152, 1037880528, 4905, 1038311874, 4889, 1038310113, 4633, 1038307914, 4649, 1038309737, 4890, 1038768732, 4891, 1038343600, 4642, 1038773154, 4893, 1022002513, 5146, 1038768727, 4646, 1022007480, 4654, 1022023865, 4911, 1021113823, 4639, 1021121412, 4906, 1038785344, 5148, 1021068729, 5156, 1021125354, 5165, 1021973896, 5166, 1022018846, 5150, 1022014717, 5167, 1021110946, 5147, 1038340714, 5164, 1021102278, 4907, 1038341237, 5154, 1038773160, 5163, 1038338401, 4892, 1021065826, 4908, 1021099515, 5161, 1038314713, 5153, 1038314816, 4909, 1021971021, 4894, 1022017638, 5145, 1038313005, 4895, 1021119216, 4910, 1022021717, 5159, 1021126550, 5155, 1038339742, 5157, 1021945297, 5149, 1022005396, 5158, 1022002417, 4640, 1037880522, 4641, 1038309750, 4634, 1038768748, 4650, 1038785352, 4635, 1038345795, 4651, 1038343375, 4643, 1038344778, 4636, 1021063637, 4644, 1021120345, 4652, 1021097420, 4645, 1021940300, 4637, 1022000354, 4653, 1021968838, 4638, 1022019838, 4647, 1021131668, 4655, 1021115991, 5151, 1021116299, 5162, 1038785332]
[INFO] (lattice_cell.c: 455): on tick 20 of 50
[INFO] (lattice_cell.c: 172): the unmatched_packets is 56
[4888, 1037888731, 4904, 1037899433, 4632, 1037888725, 4648, 1037899387, 4640, 1037876307, 5160, 1037899469, 5152, 1037876347, 5144, 1037888737, 4905, 1038303673, 4891, 1038336576, 4908, 1021064444, 4893, 1021970159, 5155, 1038333369, 5164, 1021067846, 5165, 1022021173, 4911, 1021110040, 4638, 1022023093, 5147, 1038333703, 4655, 1021112812, 5150, 1022019072, 5156, 1021111363, 5148, 1021111623, 5153, 1038306734, 5162, 1038764670, 4889, 1038302734, 5154, 1038788740, 5146, 1038775536, 4890, 1038775514, 4633, 1038300577, 4906, 1038764680, 4907, 1038333084, 5167, 1021106713, 5163, 1038330247, 4892, 1021108213, 4649, 1038301584, 5161, 1038306474, 4641, 1038301777, 4909, 1022018839, 4650, 1038764682, 4642, 1038788720, 4894, 1022021494, 4634, 1038775497, 4643, 1038338377, 4651, 1038335221, 4895, 1021120169, 4910, 1022038463, 4635, 1038338753, 4644, 1021105211, 4652, 1021061627, 4636, 1021105368, 4645, 1021967864, 5149, 1021972566, 4653, 1022017343, 4646, 1022022876, 4647, 1021119984, 4637, 1021968592, 5158, 1022018910, 4654, 1022039978, 5157, 1021971851, 4639, 1021122976, 5166, 1022036110, 5151, 1021116812, 5159, 1021113859, 5145, 1038305577]
[INFO] (lattice_cell.c: 455): on tick 21 of 50
[INFO] (lattice_cell.c: 172): the unmatched_packets is 56
[4888, 1037875937, 4632, 1037875931, 4648, 1037883840, 4640, 1037876783, 4904, 1037883855, 4889, 1038310351, 4905, 1038311674, 4649, 1038309493, 5144, 1037875941, 4633, 1038308096, 5152, 1037876815, 4641, 1038309017, 4890, 1038778408, 4906, 1038769792, 5160, 1037883851, 4907, 1038341630, 5153, 1038314166, 5161, 1038314572, 4892, 1021101270, 5162, 1038769810, 4894, 1022014807, 5147, 1038339918, 4895, 1021122442, 4911, 1021153247, 5156, 1021065040, 4638, 1022016921, 5157, 1022009265, 4655, 1021155330, 5163, 1038338759, 5166, 1021977524, 5159, 1021114185, 5155, 1038342100, 5164, 1021096860, 5145, 1038313302, 5154, 1038777768, 5146, 1038778404, 4891, 1038342860, 4908, 1021094086, 4893, 1021966901, 4909, 1021976883, 4910, 1021980410, 5167, 1021150480, 5158, 1022006204, 5151, 1021119608, 4650, 1038769764, 4634, 1038778414, 4642, 1038777788, 4651, 1038343798, 4635, 1038345090, 4643, 1038347232, 4652, 1021092016, 4636, 1021099166, 4644, 1021060179, 5150, 1022011991, 4637, 1021964793, 4645, 1022004379, 4653, 1021974862, 4646, 1022011198, 4654, 1021982579, 4647, 1021119084, 4639, 1021124571, 5148, 1021104048, 5165, 1021979580, 5149, 1021969690]
[INFO] (lattice_cell.c: 455): on tick 22 of 50
[INFO] (lattice_cell.c: 172): the unmatched_packets is 56
[4888, 1037884422, 4904, 1037904378, 4632, 1037884395, 4648, 1037904332, 4640, 1037899577, 5144, 1037884444, 5152, 1037899649, 5160, 1037904421, 4889, 1038302712, 4905, 1038305004, 4633, 1038300587, 4649, 1038302940, 4641, 1038302189, 4906, 1038759158, 4890, 1038780494, 4634, 1038780494, 4650, 1038759170, 4908, 1021144766, 4651, 1038337165, 5154, 1038764208, 4637, 1021986575, 5162, 1038759123, 4910, 1022075240, 4895, 1021118918, 4654, 1022076725, 4647, 1021100139, 4911, 1021062214, 4639, 1021121788, 4655, 1021065060, 4907, 1038335039, 4891, 1038334133, 4892, 1021090326, 4893, 1021988268, 4909, 1021934798, 5166, 1022072934, 4894, 1022032310, 5153, 1038307069, 5157, 1021987869, 5145, 1038305515, 4642, 1038764212, 5161, 1038307775, 5155, 1038333201, 5146, 1038780484, 4635, 1038336284, 4643, 1038338204, 4636, 1021087426, 4644, 1021089344, 4652, 1021141887, 5164, 1021148237, 5158, 1022039981, 4645, 1021983742, 5156, 1021095750, 5149, 1021990815, 4653, 1021933204, 5159, 1021093877, 4646, 1022044037, 5150, 1022029793, 5147, 1038331286, 4638, 1022033978, 5165, 1021937247, 5148, 1021093818, 5167, 1021058771, 5151, 1021115466, 5163, 1038332219]
[INFO] (lattice_cell.c: 455): on tick 23 of 50
[INFO] (lattice_cell.c: 172): the unmatched_packets is 56
[4888, 1037876145, 4904, 1037844944, 4632, 1037876140, 4648, 1037844920, 4640, 1037864615, 5160, 1037844956, 5152, 1037864598, 5144, 1037876146, 4889, 1038310016, 4905, 1038311115, 4633, 1038307728, 4649, 1038308912, 4641, 1038309242, 4890, 1038778244, 4891, 1038343085, 5145, 1038313006, 4892, 1021072339, 5161, 1038314044, 4635, 1038345339, 4643, 1038344397, 4652, 1021074164, 5154, 1038789898, 4894, 1021998393, 4637, 1021996128, 4910, 1021908575, 5147, 1038340122, 4911, 1021229900, 4638, 1022000510, 4647, 1021177295, 4655, 1021231915, 4906, 1038810675, 5157, 1021979084, 5165, 1021999008, 5158, 1021956404, 5167, 1021227243, 5164, 1021078795, 5146, 1038778245, 5162, 1038810714, 5155, 1038339264, 4907, 1038340009, 5163, 1038337122, 4908, 1021076146, 5149, 1022000799, 4893, 1021998115, 4909, 1021996368, 5153, 1038314464, 4634, 1038778244, 4650, 1038810648, 5159, 1021172447, 4642, 1038789834, 4651, 1038342196, 4895, 1021137990, 4644, 1021089709, 4636, 1021070235, 4645, 1021974459, 4653, 1021994439, 4646, 1021961447, 4654, 1021910744, 4639, 1021140127, 5156, 1021094461, 5150, 1021995574, 5151, 1021135214, 5166, 1021905692, 5148, 1021075097]
[INFO] (lattice_cell.c: 455): on tick 24 of 50
[INFO] (lattice_cell.c: 172): the unmatched_packets is 56
[4888, 1037902172, 4904, 1037925912, 4632, 1037902142, 4648, 1037925881, 4640, 1037910238, 5160, 1037925962, 5144, 1037902199, 4889, 1038303515, 4905, 1038305044, 5152, 1037910325, 4633, 1038301410, 4649, 1038302993, 4641, 1038302882, 4890, 1038761712, 5161, 1038307789, 5153, 1038307734, 4634, 1038761723, 4651, 1038336850, 4893, 1021969982, 4894, 1022062485, 5147, 1038333598, 5165, 1021986480, 4911, 1020970710, 4639, 1021081062, 5163, 1038331977, 5164, 1021101504, 5156, 1021123572, 4906, 1038737316, 5166, 1022167986, 5150, 1022059977, 5151, 1021074760, 5159, 1021015427, 5155, 1038334330, 5145, 1038306301, 5162, 1038737266, 5154, 1038753496, 4891, 1038336448, 5146, 1038761700, 4907, 1038334760, 4892, 1021107565, 5157, 1021958834, 4908, 1021097963, 5158, 1022112735, 5167, 1020967206, 4650, 1038737357, 4909, 1021983900, 4642, 1038753560, 5148, 1021111113, 5149, 1021972616, 4895, 1021078221, 4910, 1022170394, 4635, 1038338635, 4643, 1038339312, 4644, 1021117136, 4636, 1021104611, 4652, 1021095047, 4645, 1021954407, 4637, 1021968183, 4653, 1021982168, 4646, 1022116755, 4654, 1022171973, 4638, 1022064152, 4647, 1021021763, 4655, 1020973557]
[INFO] (lattice_cell.c: 455): on tick 25 of 50
[INFO] (lattice_cell.c: 172): the unmatched_packets is 56
[4888, 1037851945, 4904, 1037870783, 4632, 1037851955, 4648, 1037870733, 4640, 1037843473, 5144, 1037851937, 5160, 1037870832, 5152, 1037843517, 4889, 1038309723, 4905, 1038311297, 4633, 1038307421, 4649, 1038309079, 4641, 1038308523, 4890, 1038803246, 4891, 1038341328, 5161, 1038314257, 4634, 1038803216, 5145, 1038312743, 4908, 1021096128, 4635, 1038343575, 5162, 1038783161, 4893, 1021988336, 4645, 1022004106, 4910, 1021885753, 4646, 1021877937, 4647, 1021258179, 4639, 1021211603, 4655, 1021246166, 5148, 1021085689, 5150, 1021928830, 4906, 1038783137, 5147, 1038338355, 5146, 1038803277, 5154, 1038811992, 5153, 1038313779, 4907, 1038341720, 4892, 1021082976, 5156, 1021066778, 5163, 1038338769, 5155, 1038339669, 4909, 1021976492, 4894, 1021931662, 5165, 1021978927, 4895, 1021209437, 5166, 1021883065, 5158, 1021873035, 4911, 1021244083, 5167, 1021241356, 5151, 1021206661, 5164, 1021098811, 4650, 1038783101, 4642, 1038811935, 4643, 1038344892, 4651, 1038343947, 4644, 1021062058, 4654, 1021887763, 4636, 1021080881, 4652, 1021094078, 4637, 1021986438, 4653, 1021974723, 4638, 1021933776, 5157, 1022008505, 5149, 1021990893, 5159, 1021253387]
[INFO] (lattice_cell.c: 455): on tick 26 of 50
[INFO] (lattice_cell.c: 172): the unmatched_packets is 56
[4888, 1037916883, 4632, 1037916859, 4904, 1037884195, 4648, 1037884196, 4640, 1037912612, 5144, 1037916923, 5152, 1037912644, 5160, 1037884195, 4889, 1038304834, 4633, 1038302724, 4905, 1038305155, 4649, 1038303125, 5153, 1038308113, 5161, 1038307866, 5145, 1038307613, 4641, 1038303286, 4890, 1038746884, 4906, 1038780335, 4634, 1038746913, 4650, 1038780345, 4642, 1038751224, 4891, 1038335903, 4907, 1038332241, 4909, 1021970116, 4652, 1021106885, 5162, 1038780323, 5155, 1038332384, 5163, 1038329480, 4911, 1021084153, 4646, 1022159105, 4639, 1020990692, 4908, 1021109737, 4892, 1021109085, 5156, 1021094403, 5165, 1021972827, 5150, 1022153168, 5159, 1020982278, 5167, 1021080809, 5151, 1020984321, 4893, 1021964890, 5164, 1021113246, 5154, 1038751166, 5146, 1038746836, 4894, 1022155730, 4910, 1022064878, 4895, 1020987851, 5148, 1021112624, 5157, 1021988758, 5158, 1022154685, 5166, 1022062242, 4635, 1038338067, 4651, 1038334326, 4643, 1038337296, 4636, 1021106179, 4644, 1021088013, 4653, 1021968273, 4637, 1021962939, 4645, 1021984063, 4654, 1022066626, 4638, 1022157488, 5147, 1038333058, 4647, 1020988536, 4655, 1021086837, 5149, 1021967687]
[INFO] (lattice_cell.c: 455): on tick 27 of 50
[INFO] (lattice_cell.c: 172): the unmatched_packets is 56
[4888, 1037852277, 4632, 1037852247, 4904, 1037893433, 4648, 1037893361, 4640, 1037880932, 5144, 1037852313, 5152, 1037881036, 5160, 1037893486, 4889, 1038308951, 4905, 1038311619, 4649, 1038309363, 4633, 1038306639, 4634, 1038802633, 5145, 1038311990, 4635, 1038345714, 4636, 1021073366, 4652, 1021104679, 4893, 1021998691, 4909, 1021967646, 4910, 1022043776, 5147, 1038340404, 5163, 1038339407, 4638, 1021876146, 5164, 1021109455, 5148, 1021078292, 5156, 1021105830, 5158, 1021936512, 5159, 1021179298, 4906, 1038760680, 4890, 1038802657, 5155, 1038341797, 5161, 1038314588, 5162, 1038760689, 5146, 1038802665, 5165, 1021970032, 4891, 1038343415, 4907, 1038342343, 5150, 1021871513, 4892, 1021075530, 4908, 1021106743, 4641, 1038308300, 5167, 1021080692, 5151, 1021254719, 5154, 1038772774, 4650, 1038760670, 4642, 1038772754, 4894, 1021874178, 4651, 1038344553, 4643, 1038347078, 4895, 1021257511, 4911, 1021083613, 4644, 1021100933, 5166, 1022041226, 4645, 1021968457, 4637, 1021996947, 4653, 1021965990, 4646, 1021940995, 4654, 1022045653, 4647, 1021184437, 4639, 1021259723, 4655, 1021085900, 5149, 1022001141, 5157, 1021972558, 5153, 1038313604]
[INFO] (lattice_cell.c: 455): on tick 28 of 50
[INFO] (lattice_cell.c: 172): the unmatched_packets is 56
[4888, 1037895758, 4904, 1037885165, 4632, 1037895766, 4648, 1037885133, 4640, 1037870031, 5160, 1037885201, 5144, 1037895754, 5152, 1037870026, 4641, 1038303499, 4642, 1038794980, 4650, 1038778808, 4892, 1021088975, 4651, 1038335414, 4652, 1021091689, 4637, 1021992053, 4910, 1021982511, 4647, 1021143253, 4911, 1021161667, 4639, 1021043243, 4655, 1021164231, 4905, 1038305882, 4889, 1038302638, 5148, 1021092447, 5166, 1021979817, 5151, 1021037171, 5167, 1021158457, 5159, 1021137440, 4890, 1038768729, 5164, 1021097975, 4906, 1038778781, 5145, 1038305420, 5154, 1038794981, 5162, 1038778746, 5163, 1038330527, 5155, 1038331441, 4891, 1038333212, 4907, 1038333310, 5149, 1021996990, 5165, 1021984873, 5150, 1022110666, 4908, 1021094492, 5153, 1038308303, 5147, 1038330404, 4893, 1021994102, 5158, 1022001309, 4633, 1038300530, 4909, 1021982075, 4649, 1038303857, 5146, 1038768732, 4894, 1022113496, 4634, 1038768739, 4895, 1021040518, 4643, 1038336377, 5156, 1021096534, 4635, 1038335361, 4644, 1021090271, 4636, 1021086146, 4645, 1021978211, 4653, 1021980097, 4638, 1022115496, 4646, 1022006083, 4654, 1021984339, 5157, 1021983112, 5161, 1038308586]
[INFO] (lattice_cell.c: 455): on tick 29 of 50
[INFO] (lattice_cell.c: 172): the unmatched_packets is 56
[4888, 1037890098, 4904, 1037878414, 4632, 1037890056, 4648, 1037878347, 4640, 1037885335, 5160, 1037878468, 5144, 1037890148, 5152, 1037885428, 4889, 1038309501, 4633, 1038307187, 5145, 1038312525, 5153, 1038315880, 4643, 1038345634, 5154, 1038769219, 4893, 1021965184, 4644, 1021082964, 5146, 1038763687, 4894, 1022009417, 4646, 1022063219, 5166, 1022006075, 4911, 1021122208, 4655, 1021124560, 5164, 1021093067, 5148, 1021113131, 5156, 1021088004, 4905, 1038310740, 5147, 1038340906, 5162, 1038776157, 4890, 1038763692, 5163, 1038338631, 4906, 1038776150, 5165, 1021989233, 5149, 1021967584, 4891, 1038343922, 5161, 1038313719, 5151, 1021116023, 5159, 1021063524, 4907, 1038341569, 4892, 1021110220, 5155, 1038340415, 4908, 1021090265, 4649, 1038308499, 4641, 1038310562, 4909, 1021987003, 4650, 1038776127, 4634, 1038763699, 4895, 1021119074, 4642, 1038769201, 4910, 1022008583, 4651, 1038343772, 4635, 1038346231, 4652, 1021088082, 4636, 1021107885, 4645, 1021979625, 4653, 1021985467, 4637, 1021963471, 4647, 1021068952, 4654, 1022010398, 4638, 1022011189, 4639, 1021121525, 5157, 1021983628, 5150, 1022006964, 5158, 1022058894, 5167, 1021119285]
[INFO] (lattice_cell.c: 455): on tick 30 of 50
[INFO] (lattice_cell.c: 172): the unmatched_packets is 56
[4888, 1037875879, 4904, 1037895512, 4632, 1037875871, 4648, 1037895498, 4640, 1037894342, 5160, 1037895521, 5152, 1037894400, 4641, 1038304049, 4891, 1038334731, 4634, 1038788767, 4642, 1038769421, 5153, 1038308922, 4908, 1021108372, 4644, 1021085106, 5162, 1038768467, 5146, 1038788750, 4636, 1021077228, 5149, 1021992161, 4638, 1021974551, 4911, 1021097463, 4639, 1021176277, 5165, 1021979619, 5157, 1021988048, 5150, 1021969523, 5163, 1038329508, 5161, 1038307021, 4889, 1038305606, 4905, 1038304309, 5148, 1021083132, 5164, 1021111745, 4890, 1038788756, 4906, 1038768473, 5144, 1037875893, 4907, 1038332294, 4892, 1021079829, 4633, 1038303445, 4649, 1038302274, 5145, 1038308423, 4893, 1021989258, 4894, 1021972466, 4650, 1038768464, 4909, 1021976765, 4895, 1021173789, 4643, 1038337389, 4635, 1038336917, 4651, 1038334391, 4910, 1022049481, 4652, 1021105678, 4645, 1021983030, 4637, 1021987172, 4646, 1022011629, 4653, 1021974715, 5166, 1022046645, 5158, 1022006747, 5159, 1021127224, 5155, 1038332410, 4647, 1021132916, 4654, 1022051479, 4655, 1021099934, 5151, 1021170606, 5147, 1038331888, 5156, 1021091101, 5167, 1021094312, 5154, 1038769380]
[INFO] (lattice_cell.c: 455): on tick 31 of 50
[INFO] (lattice_cell.c: 172): the unmatched_packets is 56
[4888, 1037864400, 4904, 1037887186, 4632, 1037864368, 4648, 1037887106, 5160, 1037887254, 5152, 1037871198, 5144, 1037864420, 4889, 1038307158, 4633, 1038304900, 4649, 1038308625, 4906, 1038766794, 4650, 1038766800, 5145, 1038310144, 4643, 1038346356, 4908, 1021114877, 5162, 1038766766, 4636, 1021117676, 4637, 1021963174, 4894, 1022051333, 4910, 1022009304, 4646, 1021985009, 4911, 1021117960, 5147, 1038339437, 5164, 1021117837, 5156, 1021107146, 4905, 1038310848, 5165, 1021965069, 5166, 1022006987, 5150, 1022048896, 5159, 1021137768, 5155, 1038341115, 5161, 1038313800, 4890, 1038790928, 4891, 1038342442, 4907, 1038342129, 5153, 1038312448, 4892, 1021120226, 4893, 1021964887, 4909, 1021962847, 5148, 1021123332, 4895, 1021083854, 4640, 1037871095, 5151, 1021080734, 4641, 1038307230, 4634, 1038790922, 4642, 1038783342, 4651, 1038344340, 4635, 1038344715, 5163, 1038339188, 4652, 1021112509, 4644, 1021101600, 5149, 1021967285, 5158, 1021980895, 4653, 1021961361, 4645, 1021973016, 4654, 1022010912, 4638, 1022053065, 4647, 1021143338, 4655, 1021120464, 4639, 1021086413, 5157, 1021976912, 5167, 1021114837, 5146, 1038790936, 5154, 1038783340]
[INFO] (lattice_cell.c: 455): on tick 32 of 50
[INFO] (lattice_cell.c: 172): the unmatched_packets is 56
[4888, 1037917495, 4904, 1037885693, 4632, 1037917488, 4648, 1037885650, 4640, 1037890818, 5160, 1037885739, 5144, 1037917507, 5152, 1037890845, 4906, 1038778551, 4633, 1038303783, 4649, 1038305040, 4634, 1038745837, 4892, 1021019468, 4644, 1021058002, 4893, 1022051528, 4645, 1022001821, 4894, 1022034044, 4653, 1021981731, 4646, 1022029081, 4910, 1021997517, 4655, 1021149110, 4911, 1021146822, 4889, 1038305989, 4905, 1038307113, 4890, 1038745835, 4891, 1038334075, 4907, 1038333050, 5149, 1022054450, 5165, 1021986675, 5157, 1022006869, 4908, 1021088334, 4909, 1021983793, 4895, 1021114966, 5167, 1021143845, 5154, 1038773640, 5146, 1038745833, 5162, 1038778530, 5147, 1038331217, 5153, 1038311233, 5166, 1021994542, 5158, 1022023817, 5151, 1021111831, 4641, 1038306265, 5163, 1038330259, 5155, 1038331424, 4650, 1038778559, 5148, 1021022620, 5156, 1021063534, 4642, 1038773636, 5159, 1021113507, 4643, 1038336404, 4651, 1038335181, 4635, 1038336280, 4652, 1021085896, 4636, 1021017029, 4637, 1022049384, 4654, 1021999629, 4638, 1022036249, 4647, 1021118904, 4639, 1021117430, 5150, 1022031052, 5164, 1021091513, 5161, 1038309866, 5145, 1038308855]
[INFO] (lattice_cell.c: 455): on tick 33 of 50
[INFO] (lattice_cell.c: 172): the unmatched_packets is 56
[4888, 1037851373, 4904, 1037872368, 4632, 1037851323, 4648, 1037872312, 4640, 1037866441, 4633, 1038307472, 4906, 1038782535, 4649, 1038306433, 5152, 1037866549, 4650, 1038782526, 4892, 1021209032, 4635, 1038345475, 5154, 1038788345, 5163, 1038338147, 4910, 1022023564, 4654, 1022025121, 4911, 1021107569, 5159, 1021079722, 4655, 1021110177, 4639, 1021128844, 5164, 1021120706, 5157, 1021924576, 5165, 1021972180, 5150, 1022001372, 5166, 1022021265, 5167, 1021104391, 4889, 1038309736, 5153, 1038312898, 4905, 1038308591, 4890, 1038803439, 4891, 1038343180, 4907, 1038341068, 4908, 1021117492, 4893, 1021864785, 4909, 1021970013, 4894, 1022003678, 4895, 1021126176, 5147, 1038340175, 5156, 1021159806, 5151, 1021122940, 5148, 1021212244, 5162, 1038782523, 5146, 1038803401, 5149, 1021867138, 5155, 1038340069, 4641, 1038307742, 4642, 1038788378, 4634, 1038803473, 4643, 1038345281, 4651, 1038343266, 4644, 1021153908, 4652, 1021114885, 4636, 1021206357, 4645, 1021920678, 4653, 1021968556, 4637, 1021863155, 4646, 1022045580, 4647, 1021085675, 4638, 1022005271, 5158, 1022041715, 5160, 1037872433, 5144, 1037851434, 5161, 1038311487, 5145, 1038312708]
[INFO] (lattice_cell.c: 455): on tick 34 of 50
[INFO] (lattice_cell.c: 172): the unmatched_packets is 56
[4888, 1037908397, 4904, 1037910675, 4632, 1037908392, 4648, 1037910632, 4640, 1037915959, 4889, 1038301935, 4905, 1038307458, 5160, 1037910711, 5144, 1037908399, 5152, 1037916009, 4906, 1038752772, 4633, 1038299753, 4649, 1038305340, 4907, 1038333647, 4650, 1038752768, 5153, 1038308747, 4892, 1020961642, 4893, 1022124862, 5154, 1038747306, 5163, 1038330827, 4637, 1022122640, 4647, 1021149752, 4638, 1021998273, 4911, 1021116534, 4654, 1022027393, 4639, 1021152833, 4655, 1021118746, 5164, 1021049698, 5157, 1022085394, 5165, 1022029367, 5166, 1022022150, 5167, 1021113626, 5145, 1038304782, 5161, 1038310254, 4890, 1038755802, 4891, 1038334770, 5149, 1022127854, 5150, 1021992768, 5158, 1021988333, 4908, 1021046746, 5147, 1038331879, 4641, 1038303727, 5151, 1021147601, 4634, 1038755772, 4909, 1022026476, 4894, 1021995914, 4642, 1038747303, 4895, 1021150545, 4910, 1022025181, 4651, 1038335770, 4643, 1038337854, 5146, 1038755829, 4635, 1038336989, 5162, 1038752758, 4636, 1020959204, 4652, 1021044474, 4644, 1020989884, 4645, 1022080282, 4653, 1022024378, 5156, 1020995234, 4646, 1021993665, 5155, 1038332805, 5159, 1021144547, 5148, 1020964778]
[INFO] (lattice_cell.c: 455): on tick 35 of 50
[INFO] (lattice_cell.c: 172): the unmatched_packets is 56
[4888, 1037859635, 4904, 1037862297, 4632, 1037859617, 4648, 1037862209, 4640, 1037843731, 5144, 1037859660, 5152, 1037843866, 5160, 1037862370, 4889, 1038312235, 4905, 1038311253, 4633, 1038309930, 4649, 1038309111, 4641, 1038311442, 5161, 1038314123, 5153, 1038316613, 5145, 1038315258, 4890, 1038795187, 4650, 1038792404, 4635, 1038344115, 4651, 1038342699, 4636, 1021199608, 5146, 1038795177, 4909, 1021875945, 5163, 1038337613, 4645, 1021844287, 4894, 1022040491, 5155, 1038339251, 4647, 1021118488, 4911, 1021105336, 5165, 1021878111, 5159, 1021112447, 5151, 1021090836, 5162, 1038792333, 5154, 1038811445, 4906, 1038792384, 5148, 1021205585, 4891, 1038341841, 4907, 1038340518, 4634, 1038795204, 4892, 1021202329, 4908, 1021200558, 5147, 1038338868, 5164, 1021203858, 4893, 1021863027, 5156, 1021219928, 4642, 1038811526, 5157, 1021848047, 4895, 1021094227, 4910, 1022026444, 4643, 1038344427, 4638, 1022042023, 4654, 1022027904, 5150, 1022038239, 4644, 1021213985, 4652, 1021197819, 4637, 1021861545, 4653, 1021874511, 4646, 1022014843, 4639, 1021097066, 4655, 1021108053, 5149, 1021865267, 5166, 1022024256, 5158, 1022011017, 5167, 1021102004]
[INFO] (lattice_cell.c: 455): on tick 36 of 50
[INFO] (lattice_cell.c: 172): the unmatched_packets is 56
[4888, 1037888667, 4904, 1037916931, 4632, 1037888619, 4648, 1037916877, 4640, 1037907173, 5160, 1037916981, 5144, 1037888727, 5152, 1037907251, 4889, 1038303333, 4905, 1038303308, 4633, 1038301155, 4649, 1038301204, 4641, 1038301490, 5161, 1038306109, 5145, 1038306178, 5153, 1038306453, 4890, 1038775984, 4906, 1038746620, 4650, 1038746607, 4635, 1038337302, 4643, 1038337729, 4653, 1022104171, 5155, 1038332637, 4647, 1021119835, 4911, 1021155328, 4639, 1021108101, 5149, 1022037872, 5164, 1020985677, 5157, 1022120712, 5165, 1022109175, 4891, 1038335055, 5158, 1022017733, 5166, 1021989137, 4907, 1038332349, 5148, 1021050591, 5154, 1038757167, 5147, 1038332144, 5156, 1020970991, 4892, 1021047639, 5162, 1038746610, 4908, 1020982697, 5146, 1038775968, 4893, 1022034690, 4634, 1038775998, 4909, 1022106277, 4894, 1022038070, 4895, 1021105870, 4910, 1021992195, 5151, 1021103002, 5150, 1022034922, 4642, 1038757127, 4651, 1038334506, 4652, 1020980461, 4636, 1021045336, 4644, 1020965647, 4645, 1022115389, 4637, 1022032266, 4646, 1022023280, 4654, 1021994471, 4638, 1022040448, 4655, 1021157453, 5159, 1021114863, 5167, 1021152536, 5163, 1038329519]
[INFO] (lattice_cell.c: 455): on tick 37 of 50
[INFO] (lattice_cell.c: 172): the unmatched_packets is 56
[4888, 1037895772, 4904, 1037852622, 4632, 1037895757, 4648, 1037852556, 4640, 1037881195, 5160, 1037852696, 5144, 1037895804, 5152, 1037881240, 4889, 1038309774, 4905, 1038313796, 4633, 1038307485, 4649, 1038311622, 4641, 1038310868, 5145, 1038312758, 5153, 1038316096, 4891, 1038342303, 4634, 1038757758, 4907, 1038339675, 5161, 1038316685, 4635, 1038344584, 5162, 1038802474, 4651, 1038341856, 4895, 1021140799, 4910, 1022025320, 5147, 1038339336, 4639, 1021143692, 5149, 1022013201, 4655, 1021111810, 5158, 1022014763, 5166, 1022023101, 5150, 1021991817, 5167, 1021105738, 5156, 1021162861, 5148, 1021067893, 4890, 1038757742, 4906, 1038802513, 5146, 1038757731, 5154, 1038772581, 5155, 1038340994, 4892, 1021064351, 4908, 1021221423, 4893, 1022011082, 4909, 1021844774, 4894, 1021994085, 5159, 1021102135, 5151, 1021137325, 4911, 1021109085, 5164, 1021224737, 5165, 1021846901, 4650, 1038802527, 4642, 1038772601, 4643, 1038346151, 4644, 1021156688, 4636, 1021061423, 4652, 1021218716, 4645, 1021905447, 5157, 1021908907, 4637, 1022009705, 4653, 1021843448, 4646, 1022018463, 4638, 1021995584, 4647, 1021108448, 4654, 1022026746, 5163, 1038336799]
[INFO] (lattice_cell.c: 455): on tick 38 of 50
[INFO] (lattice_cell.c: 172): the unmatched_packets is 56
[4888, 1037873432, 4904, 1037899110, 4632, 1037873402, 4648, 1037899025, 4640, 1037873301, 5160, 1037899214, 5144, 1037873467, 5152, 1037873465, 4889, 1038303677, 4905, 1038304146, 4633, 1038301466, 4649, 1038302075, 4641, 1038303718, 5161, 1038306935, 5145, 1038306582, 5153, 1038308709, 4906, 1038765285, 4650, 1038765308, 4643, 1038338149, 4651, 1038337066, 4644, 1021107472, 5155, 1038333044, 5147, 1038330316, 4645, 1021963233, 4895, 1021136680, 4646, 1022019848, 5156, 1021112414, 4654, 1022031328, 4911, 1021107464, 5159, 1021114623, 4639, 1021138828, 5163, 1038332056, 4890, 1038791297, 4891, 1038333260, 4907, 1038334907, 4892, 1021143232, 5162, 1038765247, 4908, 1021012940, 5146, 1038791295, 4634, 1038791286, 4642, 1038791526, 4893, 1021935957, 4909, 1022074768, 4635, 1038335507, 4894, 1022012141, 4636, 1021141067, 4910, 1022029023, 4652, 1021010718, 5148, 1021146059, 5150, 1022008963, 4637, 1021933588, 5158, 1022014355, 4653, 1022072506, 5151, 1021133879, 4638, 1022014550, 4647, 1021119538, 5165, 1022077752, 5167, 1021104700, 5149, 1021939082, 4655, 1021109574, 5164, 1021015834, 5157, 1021968774, 5166, 1022025943, 5154, 1038791464]
[INFO] (lattice_cell.c: 455): on tick 39 of 50
[INFO] (lattice_cell.c: 172): the unmatched_packets is 56
[4888, 1037871909, 4632, 1037871876, 4904, 1037902203, 4648, 1037902157, 5160, 1037902222, 5144, 1037871941, 5152, 1037888443, 4640, 1037888368, 4649, 1038309675, 4891, 1038340850, 4634, 1038783163, 4907, 1038337986, 4643, 1038343433, 4635, 1038343113, 4892, 1021082441, 4908, 1021111433, 4644, 1021034243, 4652, 1021108591, 4645, 1022031510, 5163, 1038335120, 4894, 1022037513, 4638, 1022039052, 4910, 1022020225, 4639, 1021104255, 4655, 1021125364, 4911, 1021122585, 4889, 1038311391, 4905, 1038311846, 4890, 1038783141, 4906, 1038751064, 5164, 1021114906, 5157, 1022035031, 5149, 1021990977, 5166, 1022017947, 5151, 1021097853, 5153, 1038315239, 5145, 1038314345, 4893, 1021988705, 4909, 1021963556, 4895, 1021101346, 5156, 1021040729, 5158, 1022005675, 5159, 1021123460, 5167, 1021119215, 5146, 1038783127, 5155, 1038338281, 5147, 1038337900, 5148, 1021085928, 4633, 1038309129, 5161, 1038314724, 4641, 1038310105, 4650, 1038751046, 4642, 1038765966, 4651, 1038340157, 4653, 1021962319, 4636, 1021079516, 4637, 1021987213, 4646, 1022009532, 5150, 1022035197, 4647, 1021129686, 4654, 1022021684, 5165, 1021965548, 5162, 1038751080, 5154, 1038765945]
[INFO] (lattice_cell.c: 455): on tick 40 of 50
[INFO] (lattice_cell.c: 172): the unmatched_packets is 56
[4888, 1037896221, 4904, 1037868807, 4632, 1037896181, 4648, 1037868713, 5144, 1037896276, 5152, 1037885263, 5160, 1037868915, 4640, 1037885151, 4889, 1038302943, 4905, 1038304850, 4649, 1038302723, 4633, 1038300716, 4906, 1038795852, 4891, 1038336542, 4642, 1038779070, 4634, 1038767915, 4892, 1021065110, 4907, 1038335040, 4644, 1021108472, 4636, 1021062859, 5154, 1038779038, 5146, 1038767878, 4645, 1021966618, 4638, 1022025693, 4910, 1021989752, 4655, 1021145662, 4911, 1021143564, 5166, 1021986838, 4890, 1038767901, 5148, 1021067998, 5165, 1021931153, 5158, 1022000384, 5145, 1038305871, 5151, 1021111741, 5147, 1038333569, 4893, 1022018321, 4908, 1021154461, 5162, 1038795764, 4894, 1022023329, 5163, 1038332162, 4909, 1021928175, 5157, 1021971862, 4895, 1021114562, 5167, 1021140805, 5161, 1038307685, 5155, 1038335096, 4641, 1038302708, 4650, 1038795892, 4646, 1022005722, 4654, 1021991936, 4651, 1038337209, 5164, 1021157221, 4647, 1021124904, 4643, 1038340269, 5156, 1021113459, 4635, 1038338817, 5149, 1022021366, 4652, 1021152370, 4653, 1021925930, 4637, 1022015973, 4639, 1021116749, 5150, 1022020245, 5153, 1038307804, 5159, 1021119985]
[INFO] (lattice_cell.c: 455): on tick 41 of 50
[INFO] (lattice_cell.c: 172): the unmatched_packets is 56
[4888, 1037884968, 4632, 1037884958, 4904, 1037891939, 4648, 1037891851, 4640, 1037878266, 5160, 1037892013, 5144, 1037884980, 5152, 1037878337, 4889, 1038311033, 4905, 1038312604, 4633, 1038308766, 4906, 1038762761, 4649, 1038310492, 4891, 1038339049, 4907, 1038340011, 4642, 1038776157, 5161, 1038315402, 5145, 1038313973, 4651, 1038342164, 4893, 1021960437, 5154, 1038776165, 4909, 1022002792, 4636, 1021108137, 5163, 1038337175, 5156, 1021121003, 4646, 1022045867, 4637, 1021958986, 4647, 1021094802, 4911, 1021078507, 5158, 1022041732, 5166, 1022053575, 4655, 1021081254, 4639, 1021134874, 5146, 1038768836, 5162, 1038762754, 5147, 1038336119, 5151, 1021128442, 4890, 1038768821, 4892, 1021111074, 4908, 1021070125, 5157, 1021951436, 4894, 1022013868, 4895, 1021131965, 4910, 1022056042, 5164, 1021073628, 5153, 1038316373, 4641, 1038311282, 4650, 1038762757, 4634, 1038768818, 4643, 1038342483, 4635, 1038341300, 4644, 1021114732, 5167, 1021075167, 5155, 1038337406, 4645, 1021947671, 4652, 1021067271, 4654, 1022057660, 4638, 1022015495, 4653, 1022001461, 5148, 1021114646, 5165, 1022004947, 5149, 1021962717, 5150, 1022011421, 5159, 1021088534]
[INFO] (lattice_cell.c: 455): on tick 42 of 50
[INFO] (lattice_cell.c: 172): the unmatched_packets is 56
[4888, 1037870655, 4632, 1037870604, 4904, 1037876175, 4648, 1037876108, 4640, 1037878166, 5144, 1037870735, 5152, 1037878330, 5160, 1037876247, 4633, 1038301639, 4889, 1038303902, 4905, 1038304028, 4649, 1038301873, 4906, 1038788300, 4907, 1038331270, 4642, 1038786546, 4635, 1038338836, 5162, 1038788242, 4910, 1021953071, 4645, 1022012349, 4895, 1021136482, 4911, 1021196950, 4638, 1022001319, 5157, 1022017564, 4655, 1021199014, 4639, 1021138651, 4890, 1038794346, 4891, 1038336521, 4908, 1021071028, 4892, 1021107105, 4909, 1022015585, 4893, 1021972519, 5156, 1021067745, 4894, 1021999101, 5158, 1021982747, 5151, 1021133677, 5167, 1021194235, 4634, 1038794385, 5146, 1038794296, 5155, 1038332932, 5165, 1022018376, 5159, 1021147070, 4641, 1038302705, 4650, 1038788327, 5161, 1038306898, 5153, 1038307830, 4651, 1038333459, 4643, 1038338163, 4644, 1021062687, 4652, 1021068832, 4636, 1021104910, 4653, 1022013490, 4637, 1021970196, 4646, 1021987778, 5149, 1021975532, 4654, 1021955180, 4647, 1021151996, 5166, 1021950246, 5147, 1038333505, 5145, 1038306857, 5154, 1038786423, 5148, 1021109913, 5164, 1021073895, 5150, 1021996178, 5163, 1038328362]
[INFO] (lattice_cell.c: 455): on tick 43 of 50
[INFO] (lattice_cell.c: 172): the unmatched_packets is 56
[4888, 1037887905, 4632, 1037887868, 4904, 1037912956, 4648, 1037912857, 4640, 1037905050, 5144, 1037887936, 4889, 1038310958, 5152, 1037905159, 4905, 1038313096, 5160, 1037913059, 4633, 1038308728, 4649, 1038310979, 4906, 1038740401, 4641, 1038310460, 5145, 1038313852, 4892, 1021077068, 4635, 1038343363, 4908, 1021144584, 4644, 1021092235, 4909, 1021927709, 4895, 1021082142, 4647, 1021061650, 4910, 1022125189, 4911, 1020999552, 4639, 1021085027, 5165, 1021929895, 5149, 1021998282, 5158, 1022058150, 5161, 1038315904, 5167, 1020996073, 5159, 1021055367, 4890, 1038766657, 5153, 1038315498, 5155, 1038341830, 5154, 1038748540, 5162, 1038740389, 5164, 1021148036, 5156, 1021098675, 4891, 1038341136, 5157, 1021976647, 4907, 1038342225, 5166, 1022122692, 5151, 1021078668, 5163, 1038339425, 5147, 1038338238, 4893, 1021995869, 4894, 1022055559, 4650, 1038740383, 4634, 1038766641, 4642, 1038748506, 4651, 1038344360, 4643, 1038346891, 4652, 1021141797, 4636, 1021074132, 5148, 1021080633, 4645, 1021972909, 4653, 1021926307, 4637, 1021994275, 4646, 1022062533, 5150, 1022052907, 4654, 1022126857, 4638, 1022057378, 4655, 1021002391, 5146, 1038766669]
[INFO] (lattice_cell.c: 455): on tick 44 of 50
[INFO] (lattice_cell.c: 172): the unmatched_packets is 56
[4888, 1037876723, 4632, 1037876686, 4904, 1037855957, 4648, 1037855881, 5144, 1037876760, 5160, 1037856036, 5152, 1037851388, 4889, 1038301552, 4905, 1038304569, 4633, 1038299257, 4649, 1038302428, 4890, 1038787699, 4906, 1038809018, 4907, 1038332195, 5145, 1038304550, 5161, 1038307446, 4892, 1021079735, 4651, 1038334420, 4893, 1022009913, 5146, 1038787651, 4652, 1021092152, 4636, 1021077430, 4637, 1022007737, 5148, 1021082653, 4911, 1021254647, 4638, 1021976022, 4647, 1021230209, 4655, 1021256584, 5150, 1021971148, 4891, 1038332493, 5158, 1021913249, 5167, 1021252100, 4908, 1021094331, 4909, 1021988892, 4894, 1021973923, 4910, 1021889907, 4895, 1021178600, 5164, 1021097138, 5147, 1038329456, 5151, 1021175766, 5153, 1038308134, 5149, 1022012767, 5157, 1021982119, 4640, 1037851310, 4641, 1038302942, 5154, 1038813853, 4634, 1038787727, 4650, 1038809064, 4643, 1038335443, 4642, 1038813922, 4635, 1038334824, 4644, 1021096838, 5156, 1021101857, 4653, 1021986817, 4645, 1021977131, 4646, 1021918150, 4654, 1021891895, 4639, 1021180814, 5166, 1021887160, 5159, 1021225393, 5162, 1038808950, 5155, 1038330180, 5163, 1038329240, 5165, 1021991650]
[INFO] (lattice_cell.c: 455): on tick 45 of 50
[INFO] (lattice_cell.c: 172): the unmatched_packets is 56
[4632, 1037906468, 4888, 1037906535, 4648, 1037904262, 4904, 1037904380, 4640, 1037905555, 4889, 1038311242, 4905, 1038312384, 4890, 1038746964, 4906, 1038750061, 4649, 1038310296, 5144, 1037906588, 5152, 1037905757, 5145, 1038314130, 4642, 1038748576, 5153, 1038317964, 4892, 1021124842, 5146, 1038746968, 4909, 1021993051, 4645, 1021963331, 4895, 1021028592, 4638, 1022100286, 4647, 1020977581, 4654, 1022120603, 4910, 1022118737, 4655, 1021020043, 5149, 1021949844, 5166, 1022116053, 5158, 1022148125, 5167, 1021013558, 5159, 1020971123, 5161, 1038315167, 5148, 1021128356, 5162, 1038750029, 5154, 1038748535, 5147, 1038340730, 5164, 1021084888, 5156, 1021100137, 4891, 1038343618, 5150, 1022095663, 5151, 1021025066, 4907, 1038339803, 4908, 1021081402, 4893, 1021947339, 5163, 1038337061, 5155, 1038340363, 4894, 1022098397, 5160, 1037904500, 4633, 1038309011, 4911, 1021017109, 4641, 1038312954, 4634, 1038746954, 4650, 1038750073, 4635, 1038345837, 4643, 1038345360, 4651, 1038341873, 4644, 1021093879, 4636, 1021121985, 4652, 1021078600, 4637, 1021945667, 4653, 1021991548, 4646, 1022152707, 4639, 1021031486, 5165, 1021995354, 5157, 1021967445]
[INFO] (lattice_cell.c: 455): on tick 46 of 50
[INFO] (lattice_cell.c: 172): the unmatched_packets is 56
[4888, 1037846798, 4904, 1037890433, 4632, 1037846781, 4648, 1037890361, 4640, 1037871023, 5144, 1037846827, 4906, 1038773203, 4643, 1038338474, 4908, 1021118958, 4653, 1021970462, 4638, 1021897367, 4895, 1021251105, 4910, 1021969648, 4911, 1021168413, 4655, 1021170377, 4639, 1021253277, 4889, 1038304128, 4905, 1038303113, 4890, 1038818709, 4891, 1038333572, 5156, 1021074295, 4907, 1038333762, 5165, 1021974861, 5157, 1022009595, 5150, 1021892615, 5160, 1037890513, 4892, 1021086202, 5167, 1021165855, 5159, 1021228265, 5146, 1038818675, 4893, 1021991836, 4909, 1021972339, 5145, 1038307148, 5153, 1038308157, 4894, 1021895365, 5154, 1038793246, 5162, 1038773141, 5163, 1038330755, 5155, 1038333076, 5147, 1038330521, 5164, 1021121878, 5148, 1021089113, 5149, 1021994582, 4649, 1038300953, 4641, 1038302954, 5152, 1037871111, 4650, 1038773241, 4642, 1038793311, 4634, 1038818737, 5161, 1038306013, 4651, 1038336053, 4635, 1038335937, 4644, 1021069013, 4652, 1021116644, 4636, 1021083892, 4645, 1022004911, 4637, 1021989763, 4646, 1021904132, 4647, 1021232864, 4654, 1021971431, 4633, 1038301816, 5166, 1021967111, 5158, 1021899500, 5151, 1021248360]
[INFO] (lattice_cell.c: 455): on tick 47 of 50
[INFO] (lattice_cell.c: 172): the unmatched_packets is 56
[4888, 1037903410, 4904, 1037865724, 4632, 1037903328, 4648, 1037865618, 4640, 1037888841, 5160, 1037865836, 5152, 1037888995, 5144, 1037903500, 4889, 1038309171, 4905, 1038312036, 4633, 1038306976, 4649, 1038309953, 5161, 1038314792, 4906, 1038789516, 4641, 1038309914, 5145, 1038312027, 4634, 1038750979, 4650, 1038789514, 4907, 1038339215, 4892, 1021083982, 4643, 1038343741, 5162, 1038789498, 4653, 1021967694, 4646, 1022069695, 4894, 1022147174, 4638, 1022149241, 4910, 1021998373, 4895, 1020992960, 5164, 1021108332, 5156, 1021096380, 4639, 1020995911, 4655, 1021140844, 4911, 1021138085, 4890, 1038750959, 4891, 1038340677, 4908, 1021104999, 4893, 1021997615, 5155, 1038338849, 4909, 1021969354, 5165, 1021971856, 5150, 1022144335, 5159, 1021060384, 5154, 1038765494, 4642, 1038765510, 5149, 1022000334, 5158, 1022064727, 5146, 1038750916, 5163, 1038336498, 4651, 1038341264, 4635, 1038342869, 5167, 1021134664, 4636, 1021081150, 4644, 1021090194, 4652, 1021102362, 4637, 1021995708, 4645, 1021977479, 4654, 1022000414, 4647, 1021066861, 5148, 1021087506, 5157, 1021981860, 5166, 1021995492, 5151, 1020989346, 5147, 1038337826, 5153, 1038314898]
[INFO] (lattice_cell.c: 455): on tick 48 of 50
[INFO] (lattice_cell.c: 172): the unmatched_packets is 56
[4888, 1037882786, 4904, 1037899746, 4632, 1037882761, 4648, 1037899669, 4889, 1038304521, 4640, 1037890215, 4890, 1038781083, 5152, 1037890344, 4634, 1038781090, 4908, 1021093380, 5145, 1038307591, 4892, 1021091896, 4643, 1038338542, 4645, 1021952707, 4637, 1021984641, 4895, 1021194527, 4654, 1022078082, 4655, 1021066548, 5164, 1021096348, 5157, 1021956992, 5150, 1021941999, 5166, 1022073949, 5151, 1021191811, 4905, 1038305871, 5161, 1038308789, 5153, 1038310870, 5162, 1038764192, 5160, 1037899836, 5146, 1038781072, 4906, 1038764275, 5155, 1038333111, 5149, 1021988893, 4907, 1038333476, 5158, 1022016883, 4891, 1038335385, 5167, 1021061694, 5154, 1038773709, 5163, 1038330487, 5147, 1038332268, 5144, 1037882818, 4649, 1038303695, 4633, 1038302172, 4641, 1038305589, 4909, 1021988381, 4893, 1021986436, 4650, 1038764327, 4894, 1021944573, 4642, 1038773801, 4910, 1022076383, 4651, 1038335745, 4635, 1038337802, 4911, 1021064411, 4636, 1021089484, 5156, 1021118170, 4644, 1021112848, 4652, 1021091000, 5148, 1021094880, 5165, 1021990829, 4653, 1021986636, 4646, 1022021122, 4647, 1021114342, 4638, 1021946429, 4639, 1021196704, 5159, 1021109447]
[INFO] (lattice_cell.c: 455): on tick 49 of 50
[INFO] (lattice_cell.c: 172): the unmatched_packets is 56
[4888, 1037876010, 4904, 1037894125, 4632, 1037875963, 4648, 1037893985, 4640, 1037862514, 5160, 1037894282, 5144, 1037876069, 5152, 1037862707, 4889, 1038311572, 4905, 1038310088, 4633, 1038309396, 4649, 1038308051, 4641, 1038309546, 5145, 1038314400, 5161, 1038312817, 5153, 1038314436, 4890, 1038778626, 4906, 1038759787, 4634, 1038778635, 4650, 1038759816, 4642, 1038792693, 4891, 1038340316, 4907, 1038339873, 5162, 1038759724, 5146, 1038778613, 4635, 1038342475, 4651, 1038341955, 4892, 1021088968, 4908, 1021098975, 4893, 1021981043, 4909, 1021983340, 5147, 1038337490, 5163, 1038337138, 4894, 1022020166, 4910, 1021988505, 4895, 1021119914, 5164, 1021102354, 4647, 1021163224, 4655, 1021147645, 4639, 1021122761, 4911, 1021144960, 5151, 1021116415, 5159, 1021157166, 5148, 1021092403, 5156, 1021083538, 4643, 1038344133, 4652, 1021096305, 4636, 1021086184, 4644, 1021077460, 5149, 1021983949, 5165, 1021985928, 5157, 1021995354, 5150, 1022017132, 5166, 1021985642, 4653, 1021981522, 4637, 1021978944, 4645, 1021990505, 4654, 1021990580, 4638, 1022022392, 4646, 1021970874, 5154, 1038792647, 5158, 1021965647, 5167, 1021141590, 5155, 1038339208]
[INFO] (lattice_cell.c: 455): on tick 50 of 50
[INFO] (lattice_cell.c: 466): updating recording regions
[INFO] (recording.c: 507): 	Finalising channel 0 - state info stored in SDRAM
[INFO] (recording.c: 512): closed channel 0.
[INFO] (lattice_cell.c: 470): Simulation complete.

