[INFO] (lattice_cell.c: 604): starting lattice cell
[INFO] (lattice_cell.c: 526): Initialise: started
[INFO] (data_specification.c: 78): magic = ad130ad6, version = 1.0
[INFO] (lattice_cell.c: 555): my key is 1960
[INFO] (lattice_cell.c: 562): I'm in position ( 7, 21)
[INFO] (lattice_cell.c: 568): my n key is 1704
[INFO] (lattice_cell.c: 574): my U_X = 0.009928127750754356
[INFO] (lattice_cell.c: 575): my U_Y = 9.754516213433817e-05
[INFO] (lattice_cell.c: 583): input_buffer initialised
[INFO] (recording.c: 563): Recording 1 regions, using output tag 0, size before trigger 7686388, time between triggers 50
[INFO] (recording.c: 665): Recording channel 0 configured to use 7686132 byte memory block starting at 0x65a39f9c
[INFO] (lattice_cell.c: 588): Recording flags = 0x00000001
[INFO] (lattice_cell.c: 619): setting timer to execute every 200000 microseconds
[INFO] (lattice_cell.c: 627): Starting

[INFO] (simulation.c: 159): Setting the runtime of this model to 50 starting at 0
[INFO] (simulation.c: 161): Setting the flag of infinite run for this model to 0
[INFO] (simulation.c: 175): Resuming
[INFO] (lattice_cell.c: 455): on tick 0 of 50
[1968, 1038758232, 1704, 1038776245, 1952, 1038779080, 1712, 1038758226, 1696, 1038779074, 2224, 1038758226, 2208, 1038779074, 1969, 1038323556, 1953, 1038323164, 1970, 1037904566, 1705, 1038327414, 1971, 1038314828, 1955, 1038314436, 1697, 1038327360, 1706, 1037887891, 1698, 1037885278, 1958, 1021103966, 1707, 1038310292, 1959, 1021997240, 1716, 1021990065, 1708, 1022008105, 1972, 1021985630, 1956, 1022006490, 1717, 1021135419, 1973, 1021131464, 1957, 1021112170, 1974, 1021123236, 1954, 1037885284, 2213, 1021108062, 1719, 1021971965, 1975, 1021976402, 1711, 1021989965, 1703, 1021992792, 2226, 1037904560, 2210, 1037885278, 2220, 1021999029, 2212, 1022001858, 2222, 1021110675, 2230, 1021127344, 2214, 1021108062, 2223, 1021999029, 2215, 1022001858, 1713, 1038327752, 2225, 1038319186, 1714, 1037904562, 2217, 1038318848, 2209, 1038318794, 1715, 1038310630, 1699, 1038310238, 2218, 1037887891, 1700, 1022010936, 2219, 1038318848, 1709, 1021118731, 1701, 1021116114, 1718, 1021119279, 2211, 1038318794, 2229, 1021127344, 1710, 1021102629, 1702, 1021100020, 2216, 1038776245, 2227, 1038319186, 2228, 1021981010, 2221, 1021110675, 2231, 1021981010]
[INFO] (lattice_cell.c: 455): on tick 1 of 50
[INFO] (lattice_cell.c: 172): the unmatched_packets is 56
[1968, 1038726241, 1952, 1038773354, 1696, 1038773350, 1712, 1038726261, 2224, 1038726215, 2208, 1038773344, 2216, 1038766393, 1969, 1038331919, 1953, 1038331707, 1697, 1038335843, 1713, 1038336061, 2225, 1038327621, 2209, 1038327403, 2217, 1038327441, 1704, 1038766405, 1970, 1037926533, 1954, 1037881087, 1698, 1037881081, 1714, 1037926511, 1706, 1037887773, 2226, 1037926555, 1971, 1038321014, 1955, 1038322688, 1972, 1021931032, 1956, 1021995741, 2210, 1037881079, 1957, 1021112845, 2218, 1037887779, 1974, 1021045799, 1708, 1021990871, 1700, 1022000214, 1973, 1021174534, 1710, 1021081376, 1975, 1022050466, 1959, 1021998914, 1958, 1021092693, 1719, 1022045962, 1711, 1022002629, 2228, 1021926544, 2212, 1021991251, 2214, 1021096989, 2211, 1038326994, 2220, 1021981907, 2227, 1038325324, 2229, 1021170226, 2213, 1021108533, 1705, 1038335879, 2230, 1021050083, 1707, 1038318272, 1715, 1038316883, 1699, 1038318558, 2231, 1022054977, 2215, 1022003390, 2219, 1038326708, 2223, 1022011597, 1716, 1021935516, 1709, 1021125722, 1717, 1021178510, 1701, 1021116822, 2222, 1021089646, 1718, 1021041856, 1702, 1021088713, 1703, 1021994427, 2221, 1021117432]
[INFO] (lattice_cell.c: 455): on tick 2 of 50
[INFO] (lattice_cell.c: 172): the unmatched_packets is 56
[1968, 1038803989, 1952, 1038782613, 1696, 1038782609, 1712, 1038803973, 2224, 1038804009, 2208, 1038782613, 1969, 1038324616, 1953, 1038323675, 1970, 1037860036, 1954, 1037882692, 1713, 1038328868, 1697, 1038327927, 1971, 1038315868, 1705, 1038328013, 1706, 1037871693, 2217, 1038319345, 1957, 1021110881, 1707, 1038311711, 1715, 1038311628, 1974, 1021253732, 1972, 1021995983, 1956, 1022009086, 1973, 1021125026, 1701, 1021114713, 1958, 1021110994, 1955, 1038315064, 1975, 1021838277, 2220, 1022010506, 1959, 1021989697, 2227, 1038320279, 2228, 1021991489, 2212, 1022004584, 2221, 1021101474, 2213, 1021106894, 2222, 1021149926, 2230, 1021257819, 2214, 1021114993, 2223, 1021954791, 2231, 1021842697, 2215, 1021994196, 2210, 1037882692, 1704, 1038793712, 2225, 1038320201, 2226, 1037860020, 2216, 1038793728, 1714, 1037860058, 1698, 1037882692, 2209, 1038319261, 2219, 1038320378, 1699, 1038310820, 2211, 1038319484, 1708, 1022019341, 1716, 1022000315, 1700, 1022013416, 1709, 1021109286, 1717, 1021128860, 1710, 1021142059, 1718, 1021249814, 1702, 1021107171, 1719, 1021834020, 1711, 1021945994, 1703, 1021985374, 2229, 1021121036, 2218, 1037871683]
[INFO] (lattice_cell.c: 455): on tick 3 of 50
[INFO] (lattice_cell.c: 172): the unmatched_packets is 56
[1968, 1038716882, 1952, 1038760334, 1696, 1038760340, 1712, 1038716950, 2224, 1038716820, 2208, 1038760324, 2216, 1038727137, 1969, 1038333498, 1953, 1038332093, 1704, 1038727185, 1705, 1038336914, 1697, 1038336169, 1713, 1038337582, 2225, 1038329243, 1970, 1037935782, 1954, 1037893682, 1971, 1038321855, 1955, 1038321426, 1706, 1037925460, 1972, 1021958801, 2209, 1038327838, 1956, 1021985917, 2217, 1038328588, 1707, 1038316662, 1974, 1020922671, 1958, 1021063177, 1959, 1022032975, 1716, 1021963438, 1973, 1021150996, 1709, 1021149603, 1957, 1021122692, 1975, 1022165247, 1718, 1020918758, 1703, 1022028374, 2219, 1038324997, 2220, 1021958651, 2212, 1021981315, 2221, 1021141120, 2230, 1020926896, 2215, 1022037584, 1714, 1037935712, 2226, 1037935848, 1698, 1037893670, 2218, 1037925508, 1715, 1038317771, 1708, 1021967846, 1699, 1038317349, 1700, 1021990511, 2211, 1038325674, 1717, 1021155049, 1710, 1020971501, 1701, 1021126777, 2229, 1021146629, 2213, 1021118283, 1719, 1022160527, 1711, 1022117295, 1702, 1021059110, 2210, 1037893686, 2227, 1038326111, 2228, 1021954160, 2222, 1020979858, 2214, 1021067556, 2223, 1022126550, 2231, 1022169987]
[INFO] (lattice_cell.c: 455): on tick 4 of 50
[INFO] (lattice_cell.c: 172): the unmatched_packets is 56
[1968, 1038755247, 1952, 1038815684, 1704, 1038817106, 1712, 1038755228, 1969, 1038326107, 1953, 1038323597, 2216, 1038817180, 1954, 1037850561, 2224, 1038755269, 1705, 1038328417, 2208, 1038815689, 1971, 1038313287, 1972, 1021963210, 1698, 1037850575, 1706, 1037848131, 1714, 1037906309, 1973, 1021159090, 1958, 1021200640, 1970, 1037906279, 1975, 1021893273, 1700, 1022035287, 1708, 1022014329, 1716, 1021967430, 1955, 1038315936, 1701, 1021093891, 1956, 1022031068, 1709, 1021114634, 1957, 1021090178, 1718, 1021198938, 1974, 1021202897, 1703, 1021890607, 1711, 1021814876, 2209, 1038319134, 1959, 1021894816, 2218, 1037848059, 2226, 1037906261, 2227, 1038317737, 2211, 1038320391, 2220, 1022005758, 2229, 1021155208, 2221, 1021106982, 2213, 1021086276, 2230, 1021207009, 2222, 1021285894, 1696, 1038815670, 2223, 1021823274, 2231, 1021897470, 2215, 1021899182, 2217, 1038319660, 2225, 1038321639, 1713, 1038330395, 1697, 1038327891, 2228, 1021958806, 1699, 1038311654, 1707, 1038309319, 1715, 1038309013, 2212, 1022026669, 1717, 1021162803, 1702, 1021196892, 1710, 1021277992, 2219, 1038318053, 1719, 1021889213, 2210, 1037850547, 2214, 1021204579]
[INFO] (lattice_cell.c: 455): on tick 5 of 50
[INFO] (lattice_cell.c: 172): the unmatched_packets is 56
[1968, 1038756005, 1952, 1038728743, 1704, 1038760677, 1696, 1038728773, 1712, 1038756047, 2224, 1038755946, 2208, 1038728715, 2216, 1038760593, 1969, 1038333508, 1953, 1038332920, 1705, 1038337206, 1697, 1038336952, 1713, 1038337548, 2217, 1038328972, 2209, 1038328716, 1970, 1037897524, 1954, 1037924372, 1714, 1037897458, 1698, 1037924344, 1971, 1038321305, 1955, 1038322880, 1956, 1021980590, 2218, 1037893853, 1707, 1038317243, 1972, 1021955228, 2210, 1037924402, 1957, 1021129205, 1699, 1038318840, 1708, 1022004162, 1717, 1021158452, 1973, 1021154330, 1718, 1021094382, 1975, 1021985898, 1959, 1022164408, 1702, 1020921110, 1974, 1021098354, 1711, 1022117654, 1958, 1020925165, 1703, 1022159691, 2231, 1021990757, 2227, 1038325512, 2228, 1021950460, 2212, 1021975857, 2229, 1021149879, 2221, 1021107467, 2213, 1021124750, 2230, 1021102643, 2222, 1020974174, 2214, 1020929546, 2225, 1038329301, 2226, 1037897584, 2223, 1022127297, 2219, 1038325501, 2211, 1038327098, 1706, 1037893764, 1715, 1038317248, 2220, 1021994730, 1716, 1021959963, 1700, 1021985284, 1709, 1021116090, 2215, 1022169196, 1701, 1021133368, 1710, 1020965925, 1719, 1021981105]
[INFO] (lattice_cell.c: 455): on tick 6 of 50
[INFO] (lattice_cell.c: 172): the unmatched_packets is 56
[1968, 1038759764, 1952, 1038799461, 1696, 1038799427, 1712, 1038759786, 2224, 1038759748, 2208, 1038799489, 2216, 1038766013, 1969, 1038326847, 1953, 1038324116, 1704, 1038765971, 1705, 1038329867, 1713, 1038331175, 1697, 1038328441, 2209, 1038319621, 2217, 1038321054, 1970, 1037902932, 1954, 1037865237, 1706, 1037897413, 1698, 1037865275, 1714, 1037902936, 1971, 1038312196, 1955, 1038314772, 1972, 1021971829, 1956, 1022002416, 1699, 1038310476, 1958, 1021250858, 1959, 1021845897, 1973, 1021152355, 1709, 1021127474, 1717, 1021155960, 1974, 1021099336, 1975, 1021998417, 1702, 1021247050, 1719, 1021994348, 1957, 1021118269, 1703, 1021841849, 2211, 1038319262, 2220, 1021995149, 2212, 1021998139, 2213, 1021114430, 2221, 1021119988, 2229, 1021148549, 2214, 1021254847, 2222, 1021126376, 2230, 1021103298, 2225, 1038322345, 2215, 1021850061, 2223, 1021982800, 2226, 1037902942, 2218, 1037897360, 1707, 1038308619, 2219, 1038317402, 1715, 1038307886, 1708, 1022003547, 1716, 1021975984, 1700, 1022006541, 2228, 1021967524, 2227, 1038316681, 1701, 1021121902, 1710, 1021118544, 1718, 1021095556, 2210, 1037865203, 1711, 1021974610, 2231, 1022002615]
[INFO] (lattice_cell.c: 455): on tick 7 of 50
[INFO] (lattice_cell.c: 172): the unmatched_packets is 56
[1968, 1038749136, 1952, 1038781868, 1704, 1038768773, 1712, 1038749166, 1696, 1038781890, 2224, 1038749086, 2216, 1038768761, 2208, 1038781849, 1969, 1038334245, 1953, 1038332585, 1705, 1038337320, 1713, 1038338255, 1697, 1038336576, 2225, 1038330065, 2217, 1038329146, 2209, 1038328412, 1970, 1037904373, 1954, 1037873275, 1698, 1037873245, 1714, 1037904317, 1971, 1038320692, 1955, 1038322338, 2226, 1037904431, 1956, 1022005372, 1957, 1021105157, 1699, 1038318328, 2218, 1037884878, 1958, 1021047662, 2210, 1037873302, 1972, 1021965176, 1973, 1021146300, 1709, 1021129083, 1974, 1021087965, 1975, 1021994830, 1959, 1022041471, 1703, 1022036661, 2220, 1021981178, 2212, 1022000545, 2228, 1021960305, 2213, 1021100654, 2229, 1021141839, 2222, 1021117413, 2214, 1021052024, 1706, 1037884844, 2230, 1021092394, 2223, 1021978658, 2215, 1022046377, 2231, 1021999667, 1715, 1038316669, 1707, 1038317557, 2227, 1038324871, 1700, 1022010135, 2219, 1038325756, 1716, 1021969989, 1708, 1021990737, 1717, 1021150493, 1701, 1021109387, 1718, 1021083848, 1710, 1021108883, 1702, 1021043612, 1719, 1021990073, 1711, 1021969038, 2221, 1021120324, 2211, 1038326531]
[INFO] (lattice_cell.c: 455): on tick 8 of 50
[INFO] (lattice_cell.c: 172): the unmatched_packets is 56
[1968, 1038751246, 1952, 1038774446, 1696, 1038774452, 2224, 1038751218, 2216, 1038780642, 1969, 1038327176, 1953, 1038325140, 1705, 1038330087, 1713, 1038331516, 1697, 1038329472, 1970, 1037910574, 1954, 1037890103, 2225, 1038322653, 1971, 1038312245, 1955, 1038313371, 2209, 1038320618, 1714, 1037910548, 1957, 1021111195, 1974, 1021109423, 1972, 1021970359, 1959, 1022021010, 1700, 1022016103, 1956, 1022012030, 1958, 1021080479, 1701, 1021114751, 1975, 1021987082, 1973, 1021154496, 1703, 1022016924, 2228, 1021966116, 2220, 1021993707, 2221, 1021121866, 2229, 1021150729, 1704, 1038780642, 1712, 1038751284, 2231, 1021991268, 2208, 1038774436, 2217, 1038321230, 2218, 1037883623, 2210, 1037890103, 1706, 1037883639, 1698, 1037890106, 2227, 1038316754, 2219, 1038316851, 1707, 1038308032, 1715, 1038307922, 1699, 1038309060, 1708, 1022001948, 1716, 1021974478, 1709, 1021129254, 1717, 1021158025, 2222, 1021113246, 1710, 1021105741, 2211, 1038317876, 1718, 1021105731, 2212, 1022007813, 1702, 1021076809, 1719, 1021982984, 1711, 1021987790, 2214, 1021084354, 2230, 1021113296, 2215, 1022025167, 2223, 1021996083, 2213, 1021107389, 2226, 1037910598]
[INFO] (lattice_cell.c: 455): on tick 9 of 50
[INFO] (lattice_cell.c: 172): the unmatched_packets is 56
[1968, 1038749801, 1952, 1038766918, 1704, 1038773110, 1696, 1038766908, 1712, 1038749820, 2224, 1038749777, 2216, 1038773120, 2208, 1038766924, 1969, 1038334413, 1953, 1038333074, 1705, 1038337924, 1713, 1038338417, 1697, 1038337050, 2225, 1038330251, 2217, 1038329765, 2209, 1038328906, 1970, 1037903759, 1954, 1037886830, 1698, 1037886828, 1971, 1038320382, 2226, 1037903794, 1972, 1021959513, 1973, 1021151997, 1974, 1021106459, 1958, 1021098256, 1716, 1021964389, 1959, 1021987462, 1955, 1038322408, 1717, 1021156222, 1957, 1021113691, 2219, 1038324726, 1718, 1021102245, 1975, 1021974974, 1956, 1021997431, 1719, 1021970263, 2220, 1021991895, 2229, 1021147529, 2213, 1021109169, 2222, 1021089021, 2230, 1021110967, 2214, 1021102766, 2223, 1022007638, 1706, 1037881303, 1714, 1037903711, 2227, 1038324558, 1707, 1038316553, 2210, 1037886824, 1715, 1038316381, 2218, 1037881307, 1699, 1038318408, 1708, 1022001552, 2212, 1021992554, 2211, 1038326578, 1700, 1022002215, 1709, 1021120122, 1701, 1021117961, 1710, 1021080291, 1702, 1021094035, 1711, 1021998104, 1703, 1021982762, 2221, 1021111317, 2231, 1021979796, 2215, 1021992300, 2228, 1021954577]
[INFO] (lattice_cell.c: 455): on tick 10 of 50
[INFO] (lattice_cell.c: 172): the unmatched_packets is 56
[1968, 1038757242, 1952, 1038780226, 1704, 1038772562, 1696, 1038780244, 1712, 1038757304, 2208, 1038780210, 2216, 1038772524, 2224, 1038757185, 1969, 1038327522, 1953, 1038325349, 1705, 1038330657, 1713, 1038331873, 1697, 1038329687, 2225, 1038323002, 2209, 1038320837, 2217, 1038321795, 1970, 1037905205, 1954, 1037884134, 1706, 1037891151, 1714, 1037905164, 1698, 1037884114, 1971, 1038311652, 2226, 1037905265, 1955, 1038313674, 1956, 1021999782, 2210, 1037884142, 1715, 1038307328, 2218, 1037891167, 1958, 1021116228, 1700, 1022003834, 1972, 1021967046, 1973, 1021158269, 1974, 1021109287, 2228, 1021962816, 1702, 1021112676, 1975, 1021986565, 1957, 1021122032, 1959, 1021982674, 1703, 1021978519, 2212, 1021995612, 2213, 1021118236, 2221, 1021118142, 2222, 1021097805, 2230, 1021113072, 2214, 1021120016, 2223, 1022011274, 2231, 1021990803, 2227, 1038316156, 1707, 1038307718, 1699, 1038309365, 2211, 1038318183, 1708, 1022006932, 1716, 1021971170, 2219, 1038316542, 2220, 1021998732, 1709, 1021125506, 1717, 1021161776, 1701, 1021125581, 1710, 1021090445, 1718, 1021105712, 1719, 1021982392, 1711, 1022002917, 2229, 1021154504, 2215, 1021986897]
[INFO] (lattice_cell.c: 455): on tick 11 of 50
[INFO] (lattice_cell.c: 172): the unmatched_packets is 56
[1968, 1038752484, 1952, 1038777576, 1696, 1038777552, 1712, 1038752498, 2224, 1038752468, 2208, 1038777592, 2216, 1038766285, 1969, 1038334780, 1953, 1038332431, 1713, 1038338783, 1697, 1038336418, 1970, 1037901326, 1954, 1037877063, 1971, 1038319962, 2217, 1038329800, 1956, 1022006271, 1973, 1021148627, 1957, 1021109252, 1698, 1037877075, 1975, 1021985554, 1699, 1038317836, 1972, 1021963951, 2218, 1037887460, 1974, 1021095921, 1958, 1021097223, 1701, 1021113529, 1711, 1021983405, 1703, 1021983373, 1959, 1021988010, 1955, 1038321840, 2228, 1021958964, 2229, 1021144219, 2222, 1021102561, 2214, 1021101767, 2230, 1021100463, 2223, 1021992794, 2215, 1021992820, 2231, 1021990332, 2226, 1037901346, 1704, 1038766223, 1705, 1038337959, 2211, 1038326015, 2212, 1022001388, 2225, 1038330608, 1706, 1037887500, 2209, 1038328259, 1714, 1037901298, 1707, 1038316523, 1715, 1038315954, 2220, 1021989654, 1708, 1021999302, 1716, 1021968833, 1700, 1022011038, 1709, 1021123447, 1717, 1021152845, 2221, 1021114650, 1710, 1021093703, 2213, 1021104745, 1718, 1021091608, 1719, 1021980914, 1702, 1021092965, 2227, 1038324144, 2210, 1037877057, 2219, 1038324705]
[INFO] (lattice_cell.c: 455): on tick 12 of 50
[INFO] (lattice_cell.c: 172): the unmatched_packets is 56
[1968, 1038754666, 1952, 1038786741, 1704, 1038776279, 1696, 1038786761, 1712, 1038754750, 2224, 1038754594, 2216, 1038776231, 1969, 1038327921, 2208, 1038786711, 1953, 1038326428, 1713, 1038332255, 1697, 1038330741, 2217, 1038322893, 1970, 1037907673, 1954, 1037878132, 2209, 1038321932, 1971, 1038311535, 1714, 1037907601, 1973, 1021155329, 2226, 1037907752, 1715, 1038307229, 1972, 1021969777, 1959, 1022013516, 1708, 1021995577, 1716, 1021973940, 1700, 1021997341, 1955, 1038312963, 1709, 1021133230, 1957, 1021127773, 1701, 1021131288, 1974, 1021101728, 1958, 1021086048, 1710, 1021103199, 1975, 1021993734, 2228, 1021965537, 1702, 1021082554, 1956, 1021993197, 1719, 1021989468, 2227, 1038316030, 2229, 1021151564, 2213, 1021123962, 2222, 1021110445, 2230, 1021105489, 2214, 1021089774, 2223, 1021996973, 2231, 1021998017, 1705, 1038331712, 2225, 1038323415, 2210, 1037878164, 1706, 1037887748, 1698, 1037878118, 2218, 1037887794, 1707, 1038307481, 1699, 1038308667, 2219, 1038316264, 2212, 1021989004, 1717, 1021158839, 1718, 1021098229, 1711, 1021988438, 1703, 1022009278, 2215, 1022017817, 2221, 1021125798, 2211, 1038317457, 2220, 1021987344]
[INFO] (lattice_cell.c: 455): on tick 13 of 50
[INFO] (lattice_cell.c: 172): the unmatched_packets is 56
[1968, 1038747943, 1952, 1038754136, 1704, 1038767965, 1696, 1038754128, 1712, 1038747947, 2224, 1038747933, 1969, 1038334058, 2208, 1038754138, 1953, 1038334895, 2216, 1038768025, 1697, 1038338896, 1713, 1038338087, 2225, 1038329860, 2217, 1038329608, 2209, 1038330691, 1705, 1038337830, 1970, 1037905546, 1954, 1037899270, 1706, 1037886067, 1698, 1037899272, 1714, 1037905533, 2226, 1037905566, 2210, 1037899261, 2218, 1037886017, 1971, 1038319838, 1955, 1038321708, 1707, 1038316038, 1715, 1038315800, 1972, 1021968560, 1956, 1022047277, 1957, 1021061155, 2227, 1038324034, 1716, 1021973392, 1973, 1021148035, 1700, 1022051901, 1974, 1021101445, 1958, 1021100309, 2220, 1022002432, 1959, 1021984987, 1975, 1021979507, 1702, 1021095968, 1703, 1021980489, 2212, 1022042509, 2221, 1021104861, 2222, 1021104606, 2223, 1021990327, 1699, 1038317683, 2219, 1038324264, 1708, 1022011940, 1709, 1021113622, 1717, 1021152199, 2211, 1038325899, 1710, 1021095703, 1701, 1021065445, 1718, 1021097135, 2231, 1021984213, 2215, 1021989673, 2228, 1021963592, 1719, 1021974967, 1711, 1021981119, 2213, 1021056628, 2230, 1021106021, 2214, 1021104886, 2229, 1021143660]
[INFO] (lattice_cell.c: 455): on tick 14 of 50
[INFO] (lattice_cell.c: 172): the unmatched_packets is 56
[1968, 1038758203, 1952, 1038808424, 1704, 1038790008, 2224, 1038758123, 1969, 1038328552, 1696, 1038808410, 1953, 1038326734, 1712, 1038758281, 2208, 1038808422, 1705, 1038329813, 1697, 1038330995, 1970, 1037904493, 1971, 1038311303, 1954, 1037856868, 2225, 1038324068, 1973, 1021166558, 1957, 1021217768, 1974, 1021105468, 1975, 1021988890, 1699, 1038308416, 2217, 1038321060, 1716, 1021960875, 1972, 1021956595, 1700, 1021906223, 1956, 1021901873, 1709, 1021167238, 1958, 1021084523, 1718, 1021101984, 1959, 1022013686, 1955, 1038312674, 1703, 1022009328, 2218, 1037874654, 2211, 1038317133, 2228, 1021952281, 2220, 1021962502, 2229, 1021162726, 2230, 1021109233, 2222, 1021089774, 2214, 1021088270, 2223, 1022017894, 2215, 1022018100, 2216, 1038789990, 1713, 1038332846, 1706, 1037874630, 2226, 1037904579, 1714, 1037904413, 1698, 1037856873, 2210, 1037856864, 1707, 1038307065, 2227, 1038315762, 1715, 1038307016, 1708, 1021971019, 2212, 1021897484, 1717, 1021170064, 1701, 1021221230, 2219, 1038315792, 1710, 1021082579, 1719, 1021984519, 1702, 1021081092, 1711, 1022009142, 2221, 1021159864, 2213, 1021214045, 2231, 1021993299, 2209, 1038322268]
[INFO] (lattice_cell.c: 455): on tick 15 of 50
[INFO] (lattice_cell.c: 172): the unmatched_packets is 56
[1968, 1038740766, 1952, 1038735364, 1704, 1038740308, 1696, 1038735350, 1712, 1038740798, 2208, 1038735368, 2216, 1038740318, 1969, 1038336562, 1953, 1038332571, 1705, 1038338112, 1970, 1037912535, 1713, 1038340629, 1954, 1037917887, 1955, 1038321681, 2209, 1038328332, 1972, 1021989891, 1698, 1037917881, 1971, 1038319570, 1707, 1038316005, 1974, 1021109851, 1975, 1021971062, 1956, 1022153873, 1709, 1021037622, 1973, 1021118284, 1957, 1020965845, 1958, 1021117832, 1718, 1021105517, 1702, 1021113517, 1959, 1021966659, 1711, 1021971818, 2218, 1037912633, 2227, 1038323805, 2219, 1038324303, 2220, 1022080028, 2221, 1021028727, 1697, 1038336633, 2214, 1021122378, 2231, 1021975674, 1706, 1037912633, 1714, 1037912499, 2225, 1038332327, 2217, 1038329812, 1715, 1038315500, 1699, 1038317633, 2226, 1037912573, 1708, 1022089064, 1716, 1021994556, 1700, 1022158254, 2210, 1037917877, 1717, 1021122454, 1701, 1020970164, 1710, 1021105046, 2211, 1038325912, 1719, 1021966632, 1703, 1021962267, 2222, 1021113963, 2223, 1021980788, 2215, 1021971275, 2224, 1038740730, 2228, 1021985050, 2212, 1022149291, 2229, 1021113923, 2213, 1020961294, 2230, 1021114392]
[INFO] (lattice_cell.c: 455): on tick 16 of 50
[INFO] (lattice_cell.c: 172): the unmatched_packets is 56
[1968, 1038780615, 1952, 1038807073, 1704, 1038811960, 1696, 1038807095, 1712, 1038780664, 2224, 1038780569, 2216, 1038811989, 2208, 1038807041, 1969, 1038328568, 1953, 1038327869, 1705, 1038332402, 1697, 1038332093, 1713, 1038332834, 1970, 1037882942, 1954, 1037857949, 1955, 1038312422, 1971, 1038311156, 1972, 1021895211, 1714, 1037882888, 1956, 1021855851, 1698, 1037857917, 1707, 1038306779, 1974, 1021086575, 1958, 1021094236, 2226, 1037883002, 1975, 1022006856, 1717, 1021231788, 1973, 1021228330, 1957, 1021260252, 1701, 1021263790, 1710, 1021078797, 1959, 1022002237, 1702, 1021090757, 1719, 1022002357, 2214, 1021098026, 2215, 1022006730, 2218, 1037853106, 2227, 1038315569, 2217, 1038323754, 2209, 1038323452, 1706, 1037853125, 2210, 1037857973, 2225, 1038324150, 1715, 1038306920, 1699, 1038308213, 1716, 1021899749, 1708, 1021859897, 1700, 1021860286, 2219, 1038315419, 2212, 1021851400, 1709, 1021267907, 2221, 1021260586, 2222, 1021086039, 2230, 1021090356, 2223, 1022020210, 2231, 1022011394, 1718, 1021083084, 2211, 1038316841, 2229, 1021224580, 1711, 1022011221, 1703, 1021997772, 2228, 1021890641, 2220, 1021850920, 2213, 1021256413]
[INFO] (lattice_cell.c: 455): on tick 17 of 50
[INFO] (lattice_cell.c: 172): the unmatched_packets is 56
[1968, 1038713663, 1952, 1038776732, 1704, 1038739211, 1712, 1038713721, 1696, 1038776696, 2224, 1038713594, 2208, 1038776768, 1969, 1038334299, 1953, 1038333944, 1705, 1038337315, 1713, 1038338423, 1697, 1038338031, 2225, 1038330007, 1970, 1037938925, 2217, 1038328916, 1954, 1037878054, 1971, 1038318766, 1706, 1037914252, 2209, 1038329657, 1973, 1021022749, 1955, 1038320748, 1716, 1022100696, 1959, 1022003861, 1708, 1022156102, 1972, 1022096281, 1956, 1022071639, 1700, 1022076047, 1717, 1021026969, 1957, 1021044789, 1709, 1020975734, 1974, 1021120177, 1958, 1021082138, 1975, 1021964608, 1701, 1021048957, 2220, 1022147311, 1719, 1021960274, 1702, 1021077878, 1711, 1021974482, 2221, 1020966960, 2213, 1021040440, 2230, 1021124638, 2210, 1037878026, 1714, 1037938857, 2216, 1038739265, 1698, 1037878092, 2227, 1038323046, 1707, 1038315529, 1715, 1038314645, 2226, 1037938986, 2218, 1037914202, 1699, 1038316661, 2229, 1021018354, 2211, 1038325028, 1718, 1021115880, 1710, 1021103628, 2228, 1022091686, 2212, 1022067029, 2222, 1021112365, 2214, 1021086603, 2223, 1021983272, 2231, 1021969087, 2215, 1022008366, 1703, 1021999559, 2219, 1038323907]
[INFO] (lattice_cell.c: 455): on tick 18 of 50
[INFO] (lattice_cell.c: 172): the unmatched_packets is 56
[1968, 1038787488, 1952, 1038763404, 1712, 1038787529, 2224, 1038787430, 2208, 1038763392, 2216, 1038781298, 1704, 1038781329, 1969, 1038329886, 1953, 1038326450, 1696, 1038763410, 1705, 1038331854, 1713, 1038334083, 1697, 1038330633, 1970, 1037875892, 1954, 1037900541, 1706, 1037882599, 1698, 1037900533, 1714, 1037875835, 2217, 1038323308, 1971, 1038311508, 1955, 1038313138, 1972, 1021808433, 1973, 1021309649, 1715, 1038307314, 1707, 1038307936, 1708, 1021910506, 1959, 1021997187, 1700, 1022033728, 1957, 1021094756, 1958, 1021098628, 1974, 1021087881, 1975, 1022002023, 1956, 1022029259, 1702, 1021095099, 1703, 1021992605, 2218, 1037882647, 2219, 1038316463, 2228, 1021803705, 2220, 1021901554, 2229, 1021305853, 2223, 1021994587, 1699, 1038308974, 1716, 1021813152, 2209, 1038322086, 1709, 1021220426, 2226, 1037875951, 1717, 1021313142, 1701, 1021098378, 1710, 1021099251, 1718, 1021084299, 1719, 1021997426, 2225, 1038325507, 1711, 1021985441, 2215, 1022001803, 2231, 1022006596, 2210, 1037900555, 2222, 1021106699, 2214, 1021102475, 2227, 1038315882, 2211, 1038317500, 2212, 1022024754, 2221, 1021212721, 2213, 1021090763, 2230, 1021091769]
[INFO] (lattice_cell.c: 455): on tick 19 of 50
[INFO] (lattice_cell.c: 172): the unmatched_packets is 56
[1968, 1038742352, 1952, 1038773171, 1704, 1038785186, 1696, 1038773177, 1712, 1038742388, 2224, 1038742307, 2208, 1038773167, 2216, 1038785252, 1969, 1038334710, 1953, 1038335108, 1705, 1038339081, 1713, 1038338885, 1697, 1038339232, 2225, 1038330371, 2217, 1038330593, 2209, 1038330773, 1970, 1037911636, 1954, 1037880526, 1698, 1037880530, 1714, 1037911597, 2226, 1037911677, 1971, 1038320521, 1955, 1038319475, 1972, 1022081637, 2218, 1037869441, 2210, 1037880523, 1715, 1038316357, 1957, 1021145725, 1956, 1021965777, 1716, 1022086043, 1975, 1021967659, 1959, 1021981956, 2227, 1038324858, 1709, 1021126356, 1974, 1021108966, 1710, 1021086356, 1702, 1021101846, 1973, 1021036500, 1958, 1021106020, 1719, 1021963358, 1711, 1021994152, 2211, 1038323807, 2212, 1021961350, 2229, 1021032309, 2213, 1021141352, 2214, 1021110402, 2223, 1022002762, 2215, 1021986334, 2231, 1021972155, 2219, 1038322521, 2220, 1021990269, 1706, 1037869494, 2221, 1021117960, 1699, 1038315334, 1707, 1038314029, 1708, 1021999062, 1700, 1021969973, 1717, 1021040512, 1701, 1021149913, 2230, 1021113279, 1718, 1021104861, 2222, 1021094922, 1703, 1021977794, 2228, 1022077039]
[INFO] (lattice_cell.c: 455): on tick 20 of 50
[INFO] (lattice_cell.c: 172): the unmatched_packets is 56
[1968, 1038733085, 1952, 1038788715, 1696, 1038788703, 1712, 1038733121, 2224, 1038733043, 2208, 1038788731, 2216, 1038764562, 1969, 1038328840, 1704, 1038764471, 1953, 1038326837, 1705, 1038330679, 1713, 1038332992, 1697, 1038330971, 2225, 1038324510, 2209, 1038322528, 2217, 1038322224, 1970, 1037928740, 1954, 1037876408, 1706, 1037899692, 1714, 1037928689, 2226, 1037928792, 1971, 1038311920, 1955, 1038313205, 1972, 1021939498, 1956, 1021992368, 2218, 1037899626, 2210, 1037876404, 1973, 1021184535, 1715, 1038307777, 1975, 1022011213, 1959, 1021998499, 2227, 1038316228, 1709, 1021092152, 1717, 1021188252, 1958, 1021093627, 2229, 1021180494, 1957, 1021131538, 1718, 1021074668, 1974, 1021078447, 1702, 1021089996, 1711, 1022011255, 1703, 1021993841, 2219, 1038314422, 2220, 1022036569, 2230, 1021082543, 2214, 1021097629, 2231, 1022015826, 1698, 1037876407, 1707, 1038305983, 2211, 1038317513, 1699, 1038309091, 1708, 1022045771, 1716, 1021944150, 1700, 1021997031, 2228, 1021934822, 1701, 1021135188, 2222, 1021090418, 1710, 1021082736, 2213, 1021127568, 1719, 1022006601, 2221, 1021084370, 2223, 1022020574, 2215, 1022003191, 2212, 1021987645]
[INFO] (lattice_cell.c: 455): on tick 21 of 50
[INFO] (lattice_cell.c: 172): the unmatched_packets is 56
[1968, 1038786698, 1952, 1038777723, 1704, 1038769920, 1696, 1038777709, 1712, 1038786808, 2224, 1038786586, 1969, 1038336094, 1953, 1038334725, 1705, 1038339267, 1970, 1037868061, 1971, 1038317340, 1956, 1022029333, 1972, 1021936965, 1954, 1037876870, 1698, 1037876882, 1707, 1038314080, 1974, 1021176958, 1958, 1021094483, 1715, 1038313126, 1708, 1022003339, 1957, 1021084768, 1717, 1021178116, 1701, 1021088832, 1710, 1021127048, 1975, 1021908800, 1959, 1021985938, 1711, 1021952855, 1955, 1038321578, 1703, 1021981769, 1973, 1021174193, 1713, 1038340318, 1697, 1038338898, 1706, 1037883784, 1714, 1037867957, 2225, 1038331709, 2218, 1037883820, 2210, 1037876854, 2219, 1038322671, 2227, 1038321736, 2211, 1038325951, 2220, 1021994990, 2228, 1021932430, 2212, 1022025003, 2216, 1038769898, 2208, 1038777733, 2229, 1021170164, 1699, 1038317392, 2217, 1038330692, 1716, 1021941341, 1700, 1022033482, 1709, 1021120966, 2213, 1021080538, 1718, 1021173061, 1702, 1021090471, 1719, 1021904475, 2215, 1021990278, 2209, 1038330336, 2226, 1037868177, 2221, 1021112514, 2222, 1021135181, 2223, 1021961441, 2230, 1021180986, 2214, 1021098686, 2231, 1021913299]
[INFO] (lattice_cell.c: 455): on tick 22 of 50
[INFO] (lattice_cell.c: 172): the unmatched_packets is 56
[1968, 1038724760, 1952, 1038764113, 1704, 1038758823, 1712, 1038724744, 1696, 1038764071, 2224, 1038724784, 2208, 1038764143, 2216, 1038758947, 1969, 1038328724, 1953, 1038326942, 1705, 1038331694, 1713, 1038332836, 1697, 1038331024, 2225, 1038324447, 2209, 1038322675, 2217, 1038323335, 1970, 1037937518, 1954, 1037899778, 1971, 1038313323, 1955, 1038313243, 1714, 1037937530, 2226, 1037937513, 1973, 1021155621, 1958, 1021072865, 1699, 1038309190, 1956, 1022008516, 1709, 1021173206, 1957, 1021116890, 2211, 1038317499, 1974, 1020966215, 2228, 1021966712, 1975, 1022118566, 1959, 1022019384, 1972, 1021971619, 1711, 1022048376, 2212, 1022003806, 2220, 1021953062, 2229, 1021151613, 2221, 1021165172, 2213, 1021112717, 2230, 1020970554, 2222, 1021041634, 2214, 1021077040, 2231, 1022123134, 2223, 1022057588, 2227, 1038317583, 2219, 1038316550, 1706, 1037904744, 1698, 1037899798, 1707, 1038308234, 1715, 1038309230, 1708, 1021962420, 2218, 1037904633, 2210, 1037899752, 1716, 1021976461, 1700, 1022013175, 1717, 1021159303, 1701, 1021120704, 1710, 1021033400, 1718, 1020962191, 1702, 1021069056, 1719, 1022114003, 1703, 1022014704, 2215, 1022024104]
[INFO] (lattice_cell.c: 455): on tick 23 of 50
[INFO] (lattice_cell.c: 172): the unmatched_packets is 56
[1968, 1038774748, 1952, 1038790079, 1704, 1038810855, 1712, 1038774822, 1696, 1038790110, 2208, 1038790041, 2216, 1038810830, 2224, 1038774674, 1969, 1038335352, 1953, 1038335265, 1705, 1038338990, 1713, 1038339612, 1697, 1038339487, 2217, 1038330319, 2209, 1038330840, 1970, 1037879571, 2225, 1038330909, 1954, 1037864463, 1706, 1037844882, 1698, 1037864431, 1714, 1037879485, 1971, 1038317620, 1955, 1038318535, 1972, 1021999659, 2226, 1037879661, 1973, 1021113552, 1957, 1021113652, 2218, 1037844929, 1958, 1021153562, 1699, 1038314299, 2227, 1038322066, 1959, 1021936080, 1956, 1021998614, 1709, 1021101786, 1974, 1021252126, 2228, 1021995271, 1975, 1021832784, 1718, 1021248418, 1710, 1021205148, 2229, 1021109532, 2221, 1021093732, 2215, 1021940445, 2214, 1021157544, 2210, 1037864496, 1715, 1038313363, 1707, 1038312186, 1716, 1022003872, 2230, 1021255998, 1708, 1022022693, 2231, 1021837280, 1700, 1022002699, 1717, 1021117408, 2219, 1038320874, 1701, 1021117602, 2211, 1038322969, 2212, 1021994385, 2213, 1021109545, 1719, 1021828464, 1702, 1021149804, 1711, 1021880740, 2222, 1021212740, 1703, 1021931935, 2223, 1021889448, 2220, 1022014298]
[INFO] (lattice_cell.c: 455): on tick 24 of 50
[INFO] (lattice_cell.c: 172): the unmatched_packets is 56
[1968, 1038737938, 1952, 1038753204, 1704, 1038736856, 1696, 1038753146, 1712, 1038738001, 2224, 1038737876, 2208, 1038753269, 2216, 1038737000, 1969, 1038328960, 1953, 1038327413, 1705, 1038331465, 1713, 1038333033, 1697, 1038331450, 2225, 1038324729, 2209, 1038323190, 2217, 1038323192, 1970, 1037924389, 1954, 1037910611, 1698, 1037910668, 1714, 1037924327, 2226, 1037924464, 1971, 1038311873, 1955, 1038314544, 2210, 1037910549, 2218, 1037926219, 1972, 1021953690, 1973, 1021172885, 1699, 1038310533, 1708, 1022012145, 1975, 1022090369, 1956, 1021980172, 1974, 1020999428, 1718, 1020995416, 1957, 1021145028, 1958, 1020993448, 1959, 1022092361, 1703, 1022087739, 2230, 1021003743, 2211, 1038318748, 2220, 1022002717, 2213, 1021140769, 1706, 1037926358, 2231, 1022095139, 2215, 1022097032, 1715, 1038307819, 1707, 1038308249, 2219, 1038316486, 1716, 1021958577, 2227, 1038316092, 2228, 1021948765, 1700, 1021984893, 1717, 1021176721, 2212, 1021975342, 1709, 1021127178, 1701, 1021148935, 1710, 1020941083, 2222, 1020949621, 2214, 1020997870, 1719, 1022085616, 1702, 1020989360, 1711, 1022143092, 2229, 1021168718, 2221, 1021118881, 2223, 1022152367]
[INFO] (lattice_cell.c: 455): on tick 25 of 50
[INFO] (lattice_cell.c: 172): the unmatched_packets is 56
[1968, 1038748253, 1952, 1038812113, 1704, 1038783086, 1696, 1038812122, 1712, 1038748281, 2224, 1038748210, 2208, 1038812099, 2216, 1038783154, 1969, 1038336466, 1953, 1038334747, 1705, 1038339432, 1697, 1038338997, 1713, 1038340758, 2225, 1038331991, 2209, 1038330279, 2217, 1038330682, 1970, 1037905604, 1954, 1037843477, 1706, 1037871005, 1698, 1037843455, 1714, 1037905553, 2226, 1037905647, 2210, 1037843496, 2218, 1037870979, 1971, 1038319200, 1955, 1038318759, 1707, 1038313593, 1699, 1038314484, 1715, 1038314897, 2227, 1038323672, 2211, 1038323219, 2219, 1038322341, 1972, 1021937444, 1956, 1022027627, 1973, 1021173445, 1957, 1021085581, 1708, 1022001559, 1716, 1021941702, 1700, 1022031681, 2228, 1021933064, 1974, 1021121303, 1717, 1021177134, 1958, 1021235296, 1710, 1021219209, 1975, 1021955331, 1718, 1021117515, 1959, 1021852695, 1702, 1021231733, 1711, 1021859128, 1703, 1021848477, 2231, 1021959531, 2230, 1021125304, 2223, 1021867538, 2229, 1021169595, 2221, 1021113824, 1709, 1021121840, 1701, 1021089395, 2222, 1021226772, 2214, 1021239076, 1719, 1021951284, 2212, 1022023416, 2220, 1021993442, 2213, 1021081593, 2215, 1021857066]
[INFO] (lattice_cell.c: 455): on tick 26 of 50
[INFO] (lattice_cell.c: 172): the unmatched_packets is 56
[1968, 1038772123, 1952, 1038751043, 1712, 1038772156, 2224, 1038772087, 2208, 1038751070, 2216, 1038780300, 1704, 1038780277, 1969, 1038328256, 1953, 1038327662, 1713, 1038332301, 1697, 1038331657, 1970, 1037891104, 2225, 1038324053, 1954, 1037912747, 1955, 1038312766, 1956, 1022010412, 2217, 1038323142, 1957, 1021116247, 1707, 1038305926, 1699, 1038308787, 1716, 1021987108, 1959, 1022133487, 1700, 1022015148, 1971, 1038311037, 1972, 1021982218, 1973, 1021145234, 1710, 1021055540, 1718, 1021137330, 1974, 1021141368, 1702, 1020956264, 1719, 1021946433, 1975, 1021951357, 1711, 1022035783, 2215, 1022138280, 1958, 1020960371, 2210, 1037912729, 2227, 1038315214, 2219, 1038314109, 1696, 1038751008, 2211, 1038316949, 2209, 1038323471, 1705, 1038331355, 2212, 1022005589, 2226, 1037891146, 2218, 1037884203, 2229, 1021140969, 2221, 1021130741, 2230, 1021145691, 2222, 1021063865, 1706, 1037884225, 2214, 1020964806, 1714, 1037891071, 1698, 1037912776, 2223, 1022045534, 2228, 1021977207, 1715, 1038307017, 1708, 1021998998, 1709, 1021139198, 1717, 1021149155, 1701, 1021120291, 2231, 1021956310, 1703, 1022128790, 2220, 1021989452, 2213, 1021111890]
[INFO] (lattice_cell.c: 455): on tick 27 of 50
[INFO] (lattice_cell.c: 172): the unmatched_packets is 56
[1968, 1038748047, 1952, 1038772653, 1696, 1038772605, 1712, 1038748096, 2224, 1038747972, 2208, 1038772694, 2216, 1038760563, 1704, 1038760444, 1969, 1038336122, 1953, 1038334702, 1705, 1038339917, 1713, 1038340440, 1697, 1038338982, 2225, 1038331617, 2217, 1038331121, 2209, 1038330218, 1970, 1037906356, 1954, 1037881251, 1698, 1037881285, 1714, 1037906280, 2218, 1037893753, 1706, 1037893826, 1971, 1038318535, 1955, 1038320739, 2226, 1037906429, 1699, 1038316454, 1715, 1038314198, 2227, 1038323043, 1707, 1038314138, 1972, 1021984305, 1956, 1021991120, 2211, 1038325228, 2219, 1038322942, 1973, 1021128898, 1708, 1021992677, 1957, 1021124626, 1716, 1021988542, 1974, 1021067727, 1975, 1022013566, 1717, 1021132516, 1701, 1021128371, 1958, 1021160427, 1959, 1021917492, 1718, 1021064155, 1711, 1022018507, 1703, 1021913506, 2213, 1021120669, 2230, 1021071514, 2228, 1021979969, 2229, 1021125135, 2221, 1021124140, 2210, 1037881221, 2222, 1021065493, 2214, 1021164320, 2220, 1021984476, 2212, 1021987006, 2231, 1022017836, 1700, 1021995128, 1709, 1021131837, 1710, 1021057862, 1702, 1021156765, 1719, 1022009475, 2223, 1022026531, 2215, 1021921654]
[INFO] (lattice_cell.c: 455): on tick 28 of 50
[INFO] (lattice_cell.c: 172): the unmatched_packets is 56
[1968, 1038740604, 1952, 1038795014, 1696, 1038795020, 1712, 1038740656, 2224, 1038740539, 2216, 1038778534, 1704, 1038778404, 2208, 1038795002, 1969, 1038329043, 1953, 1038327768, 1705, 1038331989, 1713, 1038333072, 1697, 1038331748, 2225, 1038324862, 2209, 1038323591, 2217, 1038323801, 1970, 1037921374, 1954, 1037869980, 1706, 1037885514, 1714, 1037921321, 1698, 1037869972, 1971, 1038311532, 1955, 1038311872, 2226, 1037921444, 1972, 1021960066, 2218, 1037885401, 1699, 1038307913, 1974, 1021088376, 1958, 1021116406, 1959, 1021978975, 1973, 1021166665, 1709, 1021124408, 1718, 1021084167, 2220, 1022001656, 1956, 1022005082, 1957, 1021118458, 1975, 1022000693, 1703, 1021974081, 2228, 1021955082, 2212, 1022000201, 2229, 1021162328, 2222, 1021141518, 2223, 1021962955, 1707, 1038307016, 1715, 1038307530, 2219, 1038315141, 1708, 1022011090, 1716, 1021964951, 1700, 1022009784, 1717, 1021170719, 1701, 1021122561, 2210, 1037869990, 1710, 1021132967, 2227, 1038315700, 1702, 1021112373, 1719, 1021995860, 1711, 1021953154, 2231, 1022005602, 2213, 1021114006, 2215, 1021983987, 2211, 1038316033, 2221, 1021115683, 2230, 1021092819, 2214, 1021120713]
[INFO] (lattice_cell.c: 455): on tick 29 of 50
[INFO] (lattice_cell.c: 172): the unmatched_packets is 56
[1968, 1038753846, 1952, 1038769110, 1704, 1038775945, 1696, 1038769076, 1712, 1038753860, 2224, 1038753826, 2208, 1038769144, 2216, 1038776060, 1969, 1038335407, 1953, 1038337003, 1705, 1038339068, 2225, 1038330894, 1697, 1038341286, 1970, 1037900188, 1954, 1037885606, 2209, 1038332507, 2217, 1038330268, 1971, 1038319008, 1973, 1021168035, 1699, 1038315070, 1972, 1021946570, 1956, 1022002285, 1957, 1021106560, 1701, 1021110177, 1975, 1021951719, 1718, 1021122598, 2228, 1021942208, 1702, 1021040826, 1974, 1021126196, 1719, 1021947659, 1958, 1021044421, 1959, 1022040185, 1955, 1038319369, 2210, 1037885582, 2227, 1038323520, 2219, 1038322149, 2211, 1038323868, 1713, 1038339731, 2229, 1021164332, 2213, 1021102735, 1706, 1037878776, 1714, 1037900162, 2214, 1021048268, 1698, 1037885636, 1707, 1038313328, 1715, 1038314676, 2226, 1037900209, 1708, 1022011409, 1716, 1021950867, 1700, 1022006368, 2218, 1037878700, 1709, 1021115580, 1717, 1021171546, 1710, 1021097193, 1711, 1021982879, 1703, 1022036200, 2221, 1021107944, 2223, 1021991170, 2231, 1021955895, 2220, 1022003267, 2212, 1021998119, 2222, 1021104487, 2230, 1021130039, 2215, 1022044281]
[INFO] (lattice_cell.c: 455): on tick 30 of 50
[INFO] (lattice_cell.c: 172): the unmatched_packets is 56
[1968, 1038767520, 1952, 1038769192, 1704, 1038768408, 1696, 1038769150, 1712, 1038767592, 2224, 1038767460, 2208, 1038769234, 2216, 1038768442, 1969, 1038329223, 1953, 1038328447, 1705, 1038330444, 1697, 1038332419, 1713, 1038333262, 2209, 1038324277, 2217, 1038322265, 1970, 1037895896, 1706, 1037895579, 1954, 1037894579, 1714, 1037895831, 1698, 1037894615, 2226, 1037895984, 1971, 1038310927, 1955, 1038312795, 1972, 1021973790, 2218, 1037895566, 1973, 1021150881, 2210, 1037894544, 1699, 1038308837, 1958, 1021105878, 1708, 1022005954, 1716, 1021978646, 1956, 1022010021, 1957, 1021112947, 1974, 1021112609, 1701, 1021117167, 1959, 1021984652, 1975, 1021979070, 2221, 1021129268, 2222, 1021077546, 2214, 1021110320, 2227, 1038315098, 2219, 1038314141, 2211, 1038316947, 2228, 1021968802, 2220, 1021996547, 2212, 1022005176, 2225, 1038325040, 2229, 1021146540, 1707, 1038306001, 1715, 1038306926, 1700, 1022014705, 2223, 1022029431, 1709, 1021138098, 1717, 1021154985, 1710, 1021068994, 1718, 1021108517, 1702, 1021101700, 2230, 1021116947, 1719, 1021974104, 1711, 1022019678, 2213, 1021108463, 2231, 1021984102, 2215, 1021989559, 1703, 1021979887]
[INFO] (lattice_cell.c: 455): on tick 31 of 50
[INFO] (lattice_cell.c: 172): the unmatched_packets is 56
[1968, 1038749552, 1952, 1038783183, 1704, 1038766339, 1696, 1038783131, 1712, 1038749583, 2224, 1038749522, 1969, 1038337514, 1953, 1038333448, 1970, 1037904803, 1954, 1037871422, 2216, 1038766522, 1705, 1038339080, 1697, 1038337737, 1971, 1038318488, 1713, 1038341833, 1955, 1038320091, 1714, 1037904765, 1698, 1037871461, 1974, 1021075636, 2226, 1037904835, 1715, 1038314148, 1708, 1021987327, 1972, 1021974614, 1956, 1021995184, 2219, 1038322730, 1973, 1021133938, 1957, 1021126441, 1710, 1021091735, 1718, 1021072093, 1959, 1021962106, 1702, 1021115183, 1958, 1021118708, 1975, 1022004974, 2227, 1038322981, 2212, 1021991068, 2213, 1021122553, 2214, 1021122527, 2231, 1022009161, 2217, 1038330276, 2225, 1038333011, 2218, 1037887608, 2229, 1021130267, 2208, 1038783233, 1706, 1037887757, 2209, 1038328963, 1707, 1038313931, 1699, 1038315811, 2220, 1021979129, 2221, 1021132968, 2222, 1021099276, 2230, 1021079459, 1716, 1021978951, 1700, 1021999178, 2223, 1021992831, 1709, 1021140516, 1717, 1021137366, 1701, 1021130062, 2210, 1037871387, 2228, 1021970214, 1719, 1022000854, 1711, 1021984781, 2215, 1021966303, 1703, 1021958047, 2211, 1038324577]
[INFO] (lattice_cell.c: 455): on tick 32 of 50
[INFO] (lattice_cell.c: 172): the unmatched_packets is 56
[1968, 1038743769, 1952, 1038773660, 1704, 1038778192, 1712, 1038743823, 1696, 1038773664, 2224, 1038743710, 2208, 1038773660, 2216, 1038778333, 1969, 1038329828, 1953, 1038330907, 1705, 1038333430, 1713, 1038333880, 1697, 1038334884, 2209, 1038326720, 1970, 1037918465, 1954, 1037890838, 1706, 1037886075, 1714, 1037918401, 1698, 1037890831, 1971, 1038311519, 1955, 1038311746, 1972, 1021970066, 2226, 1037918544, 2217, 1038325236, 1973, 1021153352, 1957, 1021084686, 2218, 1037885964, 1975, 1021990547, 1700, 1022033675, 1956, 1022028973, 1701, 1021088909, 1974, 1021098367, 1710, 1021119235, 1718, 1021094203, 1958, 1021092975, 1719, 1021985711, 1959, 1022001031, 1703, 1021996210, 2221, 1021108520, 2214, 1021097267, 2230, 1021102733, 2231, 1021995502, 2210, 1037890840, 2219, 1038314809, 2211, 1038315919, 2225, 1038325628, 2212, 1022024116, 1707, 1038306642, 1715, 1038307505, 1699, 1038307772, 1708, 1022012995, 1716, 1021974864, 1709, 1021117356, 1717, 1021157489, 2227, 1038315713, 2220, 1022003606, 2229, 1021148978, 2222, 1021127653, 1702, 1021088899, 1711, 1021967131, 2228, 1021965083, 2213, 1021080244, 2215, 1022006022, 2223, 1021976944]
[INFO] (lattice_cell.c: 455): on tick 33 of 50
[INFO] (lattice_cell.c: 172): the unmatched_packets is 56
[1968, 1038752514, 1952, 1038788119, 1696, 1038788056, 1712, 1038752544, 2224, 1038752496, 2208, 1038788181, 2216, 1038782351, 1704, 1038782215, 1969, 1038334183, 1953, 1038333764, 1705, 1038336567, 1713, 1038338486, 1697, 1038338032, 1970, 1037901425, 1954, 1037866822, 1971, 1038317948, 2209, 1038329295, 2217, 1038327797, 1714, 1037901388, 1972, 1021946682, 1698, 1037866880, 1973, 1021173702, 1957, 1021179440, 1699, 1038314904, 1959, 1022023410, 1708, 1021994137, 1956, 1021943111, 1717, 1021177177, 1974, 1021115066, 1701, 1021183021, 1958, 1021059819, 1955, 1038319159, 1975, 1021966898, 1718, 1021111465, 1710, 1021081364, 1719, 1021962726, 1711, 1021998531, 1703, 1022019367, 2210, 1037866778, 2219, 1038321786, 2211, 1038323620, 2212, 1021938943, 2221, 1021136645, 2222, 1021088799, 2214, 1021063769, 2223, 1022006866, 2231, 1021971109, 2225, 1038329703, 2226, 1037901458, 1706, 1037872807, 2218, 1037872704, 1707, 1038313037, 1715, 1038313647, 1716, 1021951019, 1700, 1021947194, 2228, 1021942302, 1709, 1021144356, 2220, 1021986014, 1702, 1021056205, 2229, 1021169967, 2215, 1022027515, 2213, 1021175560, 2227, 1038322429, 2230, 1021118947]
[INFO] (lattice_cell.c: 455): on tick 34 of 50
[INFO] (lattice_cell.c: 172): the unmatched_packets is 56
[1968, 1038757566, 1952, 1038747225, 1704, 1038752560, 1696, 1038747196, 1712, 1038757603, 2208, 1038747242, 2216, 1038752660, 2224, 1038757528, 1969, 1038332096, 1953, 1038328580, 1705, 1038334037, 1713, 1038336157, 2225, 1038327867, 1697, 1038332595, 2209, 1038324362, 2217, 1038325794, 1970, 1037905659, 1954, 1037916122, 1698, 1037916142, 1714, 1037905610, 1971, 1038311685, 1955, 1038312946, 2218, 1037910879, 1972, 1021979968, 1957, 1021016279, 1699, 1038308944, 1958, 1021124174, 1708, 1022055585, 1716, 1021984827, 1956, 1022107109, 1973, 1021133435, 2211, 1038317146, 1974, 1021116433, 1717, 1021137494, 1975, 1021971251, 1702, 1021120100, 1959, 1021965866, 2229, 1021129202, 2221, 1021066160, 2213, 1021011818, 2231, 1021976211, 2223, 1022004625, 2228, 1021974966, 2220, 1022046262, 1706, 1037910947, 2210, 1037916108, 2227, 1038315903, 1715, 1038307636, 1707, 1038307034, 2222, 1021097710, 1700, 1022111667, 2215, 1021970756, 2219, 1038315272, 1709, 1021074898, 1701, 1021020510, 2214, 1021128483, 1710, 1021089330, 1718, 1021112369, 2230, 1021120681, 1719, 1021966389, 1711, 1021994997, 1703, 1021961194, 2226, 1037905721, 2212, 1022102381]
[INFO] (lattice_cell.c: 455): on tick 35 of 50
[INFO] (lattice_cell.c: 172): the unmatched_packets is 56
[1968, 1038767605, 1952, 1038811063, 1704, 1038791789, 1696, 1038810977, 1712, 1038767634, 2224, 1038767556, 2208, 1038811162, 2216, 1038792014, 1969, 1038334022, 1953, 1038337341, 1705, 1038338978, 1713, 1038338290, 1697, 1038341560, 2225, 1038329575, 2209, 1038332919, 2217, 1038330295, 1970, 1037887265, 1954, 1037844271, 1706, 1037862974, 1698, 1037844355, 1714, 1037887217, 2226, 1037887311, 2210, 1037844193, 2218, 1037862785, 1971, 1038319472, 1955, 1038318521, 1707, 1038312718, 1715, 1038315212, 2227, 1038323905, 1972, 1021933319, 1956, 1021866832, 2211, 1038322936, 1973, 1021189293, 1957, 1021239761, 1974, 1021072195, 1708, 1021900570, 1716, 1021937691, 1700, 1021871054, 1709, 1021227845, 1958, 1021092482, 1959, 1021992199, 1975, 1022003539, 1718, 1021068585, 2229, 1021185451, 1703, 1021987981, 2221, 1021220103, 2223, 1022010003, 2219, 1038321391, 1699, 1038314302, 2228, 1021928886, 2213, 1021235827, 2220, 1021892220, 1717, 1021192797, 1701, 1021243348, 2212, 1021862533, 2231, 1022007865, 1710, 1021078182, 2222, 1021085844, 2214, 1021096418, 1702, 1021088896, 1719, 1021999256, 1711, 1022001612, 2215, 1021996492, 2230, 1021076107]
[INFO] (lattice_cell.c: 455): on tick 36 of 50
[INFO] (lattice_cell.c: 172): the unmatched_packets is 56
[1968, 1038724133, 1952, 1038757158, 1696, 1038757134, 1712, 1038724167, 2224, 1038724090, 2208, 1038757178, 2216, 1038746487, 1704, 1038746366, 1969, 1038330027, 1953, 1038326393, 1713, 1038334136, 1697, 1038330456, 2225, 1038325746, 2209, 1038322124, 2217, 1038321746, 1705, 1038330097, 1970, 1037937786, 1954, 1037907333, 1714, 1037937738, 1698, 1037907325, 2226, 1037937848, 2218, 1037917185, 1706, 1037917268, 2210, 1037907322, 1971, 1038312417, 1955, 1038312588, 1699, 1038308535, 1715, 1038308315, 2227, 1038316689, 2211, 1038316833, 2219, 1038313797, 1707, 1038305479, 1972, 1022055061, 1956, 1022142265, 1700, 1022146677, 1716, 1022059792, 2228, 1022050190, 2212, 1022137630, 2220, 1022125619, 1973, 1021068164, 1957, 1020991766, 1974, 1021109252, 1958, 1021095323, 1709, 1021010921, 1975, 1021976761, 1959, 1021995083, 1718, 1021105199, 1703, 1021990419, 2230, 1021113478, 2222, 1021137017, 1708, 1022134539, 2229, 1021063981, 2213, 1020987376, 2221, 1021002162, 1701, 1020995936, 1717, 1021072192, 1702, 1021091388, 2214, 1021099473, 1710, 1021128804, 2223, 1021971673, 2215, 1021999947, 2231, 1021981580, 1711, 1021962236, 1719, 1021972109]
[INFO] (lattice_cell.c: 455): on tick 37 of 50
[INFO] (lattice_cell.c: 172): the unmatched_packets is 56
[1968, 1038777614, 1952, 1038772488, 1704, 1038801981, 1696, 1038772458, 1712, 1038777636, 2224, 1038777594, 2208, 1038772510, 2216, 1038802177, 1969, 1038337757, 1953, 1038336700, 1705, 1038341326, 1713, 1038341978, 1697, 1038340854, 2225, 1038333365, 2209, 1038332336, 2217, 1038332762, 1970, 1037876941, 1954, 1037881358, 1714, 1037876917, 2226, 1037876966, 2218, 1037853060, 2210, 1037881331, 1971, 1038316466, 1955, 1038320470, 1972, 1021830990, 1956, 1021927339, 1973, 1021274861, 1957, 1021183664, 1716, 1021835572, 1959, 1021996036, 2219, 1038320714, 1974, 1021092073, 1958, 1021081308, 1718, 1021088427, 1702, 1021077571, 1975, 1021994491, 1703, 1021991786, 2212, 1021923058, 2221, 1021241059, 1706, 1037853222, 1698, 1037881385, 2222, 1021089534, 2227, 1038320846, 1707, 1038312148, 1699, 1038316303, 1715, 1038312250, 1708, 1021869848, 1700, 1021931571, 2211, 1038324831, 1709, 1021248913, 1717, 1021278408, 2228, 1021826394, 1701, 1021187486, 1710, 1021081851, 2230, 1021096011, 2229, 1021271032, 2215, 1022000327, 2213, 1021179517, 2220, 1021861177, 1719, 1021989995, 1711, 1021999650, 2214, 1021085399, 2231, 1021998985, 2223, 1022008429]
[INFO] (lattice_cell.c: 455): on tick 38 of 50
[INFO] (lattice_cell.c: 172): the unmatched_packets is 56
[1968, 1038733258, 1952, 1038791048, 1704, 1038764673, 1696, 1038790943, 1712, 1038733268, 2224, 1038733236, 2208, 1038791142, 2216, 1038764918, 1969, 1038327396, 1953, 1038328885, 1705, 1038331149, 1713, 1038331569, 1697, 1038333002, 2225, 1038323061, 2209, 1038324559, 2217, 1038322675, 1970, 1037929496, 1954, 1037873937, 1698, 1037874018, 1714, 1037929461, 2226, 1037929543, 2210, 1037873843, 2218, 1037899645, 1706, 1037899834, 1971, 1038314385, 1955, 1038312787, 1707, 1038307763, 1715, 1038310231, 2227, 1038318703, 2219, 1038316194, 1972, 1022104931, 1956, 1021990927, 2211, 1038317091, 1708, 1022103132, 1716, 1022109419, 1973, 1021028678, 1700, 1021995425, 1957, 1021131747, 1958, 1021095216, 2228, 1022100237, 1975, 1021949675, 2212, 1021986215, 1959, 1021992364, 1974, 1021127902, 1702, 1021091323, 1703, 1021987883, 2214, 1021099339, 2221, 1021031824, 2213, 1021127658, 2230, 1021132107, 2222, 1021089395, 2231, 1021954325, 2223, 1022008790, 1699, 1038308689, 1709, 1021040242, 1717, 1021032673, 2220, 1022094337, 1701, 1021135651, 1710, 1021081325, 1718, 1021123892, 2229, 1021024502, 1711, 1021999636, 1719, 1021945187, 2215, 1021997063]
[INFO] (lattice_cell.c: 455): on tick 39 of 50
[INFO] (lattice_cell.c: 172): the unmatched_packets is 56
[1968, 1038762324, 1952, 1038765770, 1704, 1038750975, 1712, 1038762406, 1696, 1038765720, 2224, 1038762238, 2216, 1038751041, 2208, 1038765821, 1969, 1038337287, 1953, 1038335550, 1705, 1038339091, 1713, 1038341449, 1697, 1038339657, 2225, 1038332951, 1970, 1037892010, 1954, 1037888646, 1706, 1037902390, 1714, 1037891931, 1698, 1037888690, 1971, 1038316384, 2226, 1037892095, 1955, 1038317941, 1972, 1021856190, 1973, 1021252071, 1957, 1021062462, 1707, 1038310741, 1974, 1021075119, 1708, 1021987888, 1700, 1022057778, 1956, 1022053550, 1717, 1021255738, 1701, 1021066447, 1958, 1021102873, 1710, 1021095011, 1959, 1021985867, 1719, 1022007307, 2221, 1021132345, 1711, 1021993693, 1703, 1021981347, 1975, 1022012016, 2211, 1038322257, 2220, 1021979376, 2212, 1022049266, 2213, 1021058159, 2222, 1021102793, 2230, 1021079034, 2223, 1022002784, 2231, 1022016719, 2215, 1021990425, 2219, 1038319207, 2217, 1038330642, 2209, 1038331237, 2210, 1037888616, 2227, 1038320719, 2218, 1037902353, 2229, 1021248110, 1715, 1038312221, 1699, 1038313836, 1716, 1021860892, 1709, 1021140790, 1718, 1021071468, 1702, 1021099162, 2228, 1021851489, 2214, 1021106936]
[INFO] (lattice_cell.c: 455): on tick 40 of 50
[INFO] (lattice_cell.c: 172): the unmatched_packets is 56
[1968, 1038774465, 1952, 1038778786, 1696, 1038778721, 1712, 1038774417, 2224, 1038774507, 2208, 1038778854, 2216, 1038795249, 1704, 1038794913, 1969, 1038329500, 1953, 1038328243, 1697, 1038332408, 2225, 1038325100, 2209, 1038323875, 2217, 1038323639, 1705, 1038332205, 1713, 1038333729, 1970, 1037889345, 1954, 1037885570, 1706, 1037869774, 1698, 1037885616, 1714, 1037889366, 2226, 1037889321, 1971, 1038311536, 1955, 1038314603, 1972, 1022013286, 1974, 1021131678, 1975, 1021956590, 1708, 1021956495, 1973, 1021112352, 1700, 1021996995, 1957, 1021133061, 1956, 1021992744, 1701, 1021137001, 1959, 1021979164, 1718, 1021127723, 1958, 1021100715, 1719, 1021952239, 2212, 1021988297, 2221, 1021172377, 2214, 1021104806, 2223, 1021970598, 2215, 1021983683, 2227, 1038315904, 2210, 1037885516, 2228, 1022008521, 2218, 1037869487, 1707, 1038307591, 1715, 1038307321, 1699, 1038310453, 1716, 1022017836, 2219, 1038316121, 2211, 1038318959, 1717, 1021116043, 1709, 1021180407, 2229, 1021108495, 2213, 1021128904, 2222, 1021125437, 2230, 1021135802, 2220, 1021947685, 2231, 1021961089, 1710, 1021117309, 1702, 1021096846, 1711, 1021961907, 1703, 1021974860]
[INFO] (lattice_cell.c: 455): on tick 41 of 50
[INFO] (lattice_cell.c: 172): the unmatched_packets is 56
[1968, 1038706139, 1952, 1038776089, 1704, 1038762362, 1696, 1038776048, 1712, 1038706190, 2224, 1038706076, 2208, 1038776120, 2216, 1038762548, 1969, 1038336284, 1953, 1038336467, 1697, 1038340521, 1713, 1038340401, 2225, 1038332009, 2217, 1038331071, 2209, 1038332208, 1970, 1037946795, 1954, 1037878475, 1698, 1037878499, 1714, 1037946721, 1971, 1038321048, 1955, 1038317328, 2226, 1037946864, 1956, 1021971147, 1707, 1038313087, 1973, 1021126210, 2210, 1037878459, 1699, 1038313275, 1974, 1021018087, 1972, 1021987331, 1975, 1022052620, 1709, 1021099655, 1957, 1021142384, 1958, 1021067801, 1718, 1021014323, 1959, 1022021050, 1711, 1022027890, 2228, 1021982704, 2220, 1022019481, 2229, 1021121943, 2213, 1021138102, 1705, 1038339453, 2222, 1021058878, 2230, 1021022156, 1706, 1037892500, 2214, 1021071883, 2223, 1022037458, 2231, 1022057412, 2215, 1022025775, 2218, 1037892359, 2211, 1038321589, 1715, 1038316945, 2212, 1021966574, 1708, 1022028304, 1716, 1021991939, 1700, 1021975646, 2219, 1038321438, 1717, 1021130170, 1701, 1021146300, 2227, 1038325321, 1710, 1021051168, 1702, 1021064066, 1719, 1022047850, 1703, 1022016389, 2221, 1021091138]
[INFO] (lattice_cell.c: 455): on tick 42 of 50
[INFO] (lattice_cell.c: 172): the unmatched_packets is 56
[1968, 1038791151, 1952, 1038785842, 1696, 1038785710, 1712, 1038791184, 2224, 1038791120, 1969, 1038329175, 1953, 1038328480, 1970, 1037872209, 1954, 1037878905, 1955, 1038312198, 1713, 1038333442, 1972, 1021933361, 1956, 1022038145, 2216, 1038787896, 1706, 1037876821, 1714, 1037872178, 1957, 1021086915, 1959, 1021962490, 1971, 1038308801, 1700, 1022042309, 1709, 1021097586, 1973, 1021190967, 1701, 1021090695, 1718, 1021236333, 1958, 1021127871, 1719, 1021852734, 1975, 1021857108, 1702, 1021124023, 1703, 1021958366, 2226, 1037872261, 1974, 1021240098, 2211, 1038316608, 2227, 1038313225, 2220, 1022033913, 2213, 1021082904, 2221, 1021089469, 2230, 1021244029, 2214, 1021131924, 2222, 1021179333, 2223, 1021934267, 2231, 1021861632, 2215, 1021966842, 2225, 1038324736, 2209, 1038324060, 2208, 1038785977, 1704, 1038787665, 2218, 1037876627, 1705, 1038331692, 1697, 1038332697, 1698, 1037879023, 2217, 1038323031, 1707, 1038303507, 2228, 1021928725, 1715, 1038304548, 1699, 1038308001, 1708, 1022042157, 1716, 1021937841, 2210, 1037878792, 2219, 1038312141, 2212, 1022033795, 1717, 1021194606, 1710, 1021171513, 2229, 1021187162, 1711, 1021925675]
[INFO] (lattice_cell.c: 455): on tick 43 of 50
[INFO] (lattice_cell.c: 172): the unmatched_packets is 56
[1968, 1038736122, 1952, 1038748447, 1704, 1038739905, 1696, 1038748401, 1712, 1038736109, 2224, 1038736137, 2208, 1038748489, 2216, 1038740125, 1969, 1038336613, 1953, 1038335386, 1705, 1038339720, 1713, 1038340687, 1697, 1038339393, 2225, 1038332372, 2209, 1038331169, 1970, 1037918593, 2217, 1038331446, 1954, 1037905352, 1706, 1037913651, 1698, 1037905381, 1714, 1037918595, 2210, 1037905334, 2218, 1037913489, 2226, 1037918595, 1971, 1038319983, 1955, 1038321935, 1707, 1038315594, 1699, 1038317922, 1715, 1038315910, 1972, 1021948879, 1956, 1021996155, 1957, 1021121091, 1973, 1021164038, 1700, 1022000610, 2219, 1038323861, 1959, 1022036804, 1717, 1021167933, 1701, 1021125281, 1958, 1021034356, 1975, 1022113957, 1974, 1020959791, 1711, 1022097238, 2222, 1020978927, 2229, 1021159907, 2214, 1021038520, 2230, 1020964022, 2231, 1022118741, 1708, 1021953894, 2221, 1021165658, 1716, 1021953775, 2227, 1038324221, 2211, 1038326144, 1709, 1021174382, 2223, 1022106660, 2215, 1022041641, 1718, 1020955847, 1710, 1020970725, 1702, 1021030525, 2220, 1021944841, 2228, 1021943968, 1719, 1022109236, 1703, 1022032036, 2213, 1021116563, 2212, 1021991666]
[INFO] (lattice_cell.c: 455): on tick 44 of 50
[INFO] (lattice_cell.c: 172): the unmatched_packets is 56
[1968, 1038762093, 1952, 1038813543, 1704, 1038808249, 1712, 1038762100, 1696, 1038813483, 2224, 1038762080, 2208, 1038813617, 2216, 1038808521, 1969, 1038329335, 1953, 1038328979, 1970, 1037900725, 1954, 1037851685, 1713, 1038333655, 1972, 1022008416, 1714, 1037900707, 2209, 1038324528, 1698, 1037851745, 1958, 1021207018, 1975, 1021894677, 1971, 1038311140, 1955, 1038309273, 1956, 1022002244, 1973, 1021116800, 1717, 1021120417, 1957, 1021120638, 1701, 1021124314, 1974, 1021195020, 1959, 1021893029, 1703, 1021888844, 2210, 1037851626, 2227, 1038315597, 2219, 1038312842, 2211, 1038313717, 2220, 1022007173, 2213, 1021116720, 2222, 1021238082, 2214, 1021210871, 2231, 1021899200, 2215, 1021897396, 2217, 1038323689, 1705, 1038332436, 2226, 1037900756, 1697, 1038333227, 2225, 1038324853, 1706, 1037856707, 2218, 1037856479, 1707, 1038304133, 1715, 1038306863, 1699, 1038305042, 1708, 1022015454, 1716, 1022012667, 1700, 1022006352, 1709, 1021119854, 1710, 1021230697, 1718, 1021191386, 2229, 1021112980, 1702, 1021203378, 1719, 1021890269, 2223, 1021871235, 2228, 1022003968, 1711, 1021862452, 2212, 1021997935, 2221, 1021112149, 2230, 1021198804]
[INFO] (lattice_cell.c: 455): on tick 45 of 50
[INFO] (lattice_cell.c: 172): the unmatched_packets is 56
[1968, 1038749785, 1952, 1038748103, 1704, 1038749377, 1696, 1038747978, 1712, 1038749848, 2224, 1038749724, 1969, 1038335598, 1953, 1038337703, 1705, 1038338787, 1697, 1038341677, 1713, 1038339634, 1970, 1037904619, 1954, 1037906294, 1971, 1038318892, 1955, 1038320661, 1957, 1021122247, 1975, 1022006436, 1959, 1022126871, 1708, 1022019536, 1956, 1021987984, 1974, 1021071867, 1718, 1021067947, 1973, 1021155604, 1958, 1020949124, 1703, 1022122200, 1972, 1021959863, 2217, 1038330579, 2210, 1037906209, 2220, 1022010512, 2208, 1038748215, 2216, 1038749665, 2212, 1021983308, 1706, 1037905254, 1714, 1037904548, 2229, 1021151304, 2221, 1021102911, 1698, 1037906391, 1707, 1038313464, 2213, 1021117759, 2225, 1038331395, 1715, 1038314836, 2230, 1021076116, 2214, 1020953522, 2223, 1022099564, 2231, 1022011387, 2209, 1038333510, 2215, 1022131629, 1699, 1038316685, 2218, 1037905034, 1716, 1021964731, 2227, 1038323096, 1700, 1021992595, 2219, 1038321682, 1709, 1021111901, 1717, 1021159644, 2228, 1021954903, 1701, 1021126419, 1710, 1020987539, 2211, 1038324845, 1719, 1022001607, 1702, 1020945080, 1711, 1022090129, 2222, 1020995964, 2226, 1037904690]
[INFO] (lattice_cell.c: 455): on tick 46 of 50
[INFO] (lattice_cell.c: 172): the unmatched_packets is 56
[1968, 1038744796, 1952, 1038792951, 1696, 1038792883, 1712, 1038744770, 2224, 1038744833, 2216, 1038772726, 2208, 1038793025, 1704, 1038772465, 1969, 1038330370, 1953, 1038329107, 1697, 1038333393, 1713, 1038334718, 1970, 1037917608, 2225, 1038325861, 1954, 1037871402, 1971, 1038311218, 2209, 1038324621, 2217, 1038322371, 1972, 1021939629, 1956, 1022028807, 1973, 1021182770, 1698, 1037871457, 1715, 1038306907, 1975, 1022020072, 1955, 1038311969, 1700, 1022032797, 1974, 1021068688, 1709, 1021145155, 1717, 1021186221, 1958, 1021210729, 1959, 1021879281, 1719, 1022015845, 1957, 1021093418, 1703, 1021874987, 2212, 1022024684, 2213, 1021089485, 2214, 1021214380, 2215, 1021883722, 2222, 1021151805, 1705, 1038331165, 2226, 1037917598, 2211, 1038316434, 1706, 1037891173, 1714, 1037917629, 1707, 1038305447, 1699, 1038307724, 1708, 1021997368, 2220, 1021989427, 2221, 1021137312, 2229, 1021179127, 1716, 1021943950, 2218, 1037890953, 2230, 1021072547, 2227, 1038315700, 2223, 1021951882, 2210, 1037871340, 1701, 1021097079, 1710, 1021144459, 1718, 1021064998, 1702, 1021207251, 1711, 1021943262, 2231, 1022024362, 2219, 1038314185, 2228, 1021935144]
[INFO] (lattice_cell.c: 455): on tick 47 of 50
[INFO] (lattice_cell.c: 172): the unmatched_packets is 56
[1968, 1038760196, 1952, 1038765194, 1704, 1038788956, 1696, 1038765104, 1712, 1038760164, 2224, 1038760214, 2208, 1038765280, 2216, 1038789204, 1969, 1038337053, 1953, 1038334537, 1705, 1038338283, 1697, 1038338499, 1713, 1038341077, 2225, 1038332871, 2209, 1038330369, 2217, 1038330113, 1970, 1037894648, 1954, 1037889400, 1706, 1037866498, 1698, 1037889470, 1714, 1037894646, 2226, 1037894637, 2210, 1037889329, 1971, 1038318951, 2218, 1037866314, 1955, 1038319294, 1972, 1021971010, 1699, 1038315315, 1956, 1022002724, 1974, 1021147237, 2227, 1038323126, 1716, 1021975927, 1709, 1021134770, 1973, 1021137312, 2211, 1038323450, 1957, 1021118664, 1717, 1021141407, 1710, 1021109325, 1975, 1021929597, 1959, 1022042917, 1718, 1021143243, 1719, 1021924659, 1958, 1021038250, 2228, 1021966029, 2220, 1021987792, 2229, 1021132992, 2221, 1021125846, 2213, 1021114085, 2230, 1021151506, 2222, 1021117605, 2214, 1021042674, 2231, 1021934625, 2223, 1021978168, 2219, 1038321212, 1707, 1038313028, 1715, 1038314924, 2212, 1021998018, 1708, 1021997146, 1700, 1022007336, 1701, 1021122939, 1702, 1021034168, 1711, 1021968393, 1703, 1022038253, 2215, 1022047718]
[INFO] (lattice_cell.c: 455): on tick 48 of 50
[INFO] (lattice_cell.c: 172): the unmatched_packets is 56
[1968, 1038759417, 1952, 1038773264, 1696, 1038773164, 1712, 1038759475, 2224, 1038759351, 2208, 1038773378, 2216, 1038763703, 1704, 1038763399, 1969, 1038330264, 1953, 1038331949, 1705, 1038334026, 1713, 1038334624, 1697, 1038336227, 2225, 1038325742, 2217, 1038325211, 2209, 1038327461, 1970, 1037903722, 1954, 1037890792, 1971, 1038311071, 1955, 1038311920, 1972, 1021986520, 1698, 1037890885, 1956, 1021975708, 1714, 1037903657, 1708, 1022013123, 1716, 1021990732, 1957, 1021137240, 1974, 1021100521, 1958, 1021091267, 1717, 1021139031, 1975, 1021990413, 1718, 1021097125, 1702, 1021087740, 1973, 1021135551, 2222, 1021047345, 1959, 1021997667, 2214, 1021095030, 1711, 1022050653, 1703, 1021993492, 2228, 1021982190, 2220, 1022005164, 2212, 1021971594, 2221, 1021111733, 2229, 1021131816, 2213, 1021133335, 2223, 1022059104, 2231, 1021994904, 2215, 1022001942, 2218, 1037900351, 2227, 1038315571, 2219, 1038313921, 1706, 1037900612, 2226, 1037903798, 2210, 1037890704, 1707, 1038305144, 1699, 1038307670, 1715, 1038306752, 2230, 1021104116, 1700, 1021979682, 1709, 1021119415, 1701, 1021140901, 1710, 1021040033, 2211, 1038316398, 1719, 1021985983]
[INFO] (lattice_cell.c: 455): on tick 49 of 50
[INFO] (lattice_cell.c: 172): the unmatched_packets is 56
[1968, 1038741587, 1952, 1038792195, 1704, 1038758756, 1696, 1038792076, 1712, 1038741557, 2224, 1038741591, 2208, 1038792313, 2216, 1038759149, 1969, 1038334911, 1953, 1038333962, 1705, 1038336249, 1713, 1038338924, 1697, 1038337935, 1970, 1037912653, 1954, 1037863251, 1971, 1038318393, 2209, 1038329796, 1956, 1022016897, 1714, 1037912663, 2217, 1038328083, 1698, 1037863343, 1973, 1021167508, 1974, 1021062555, 1715, 1038314358, 1700, 1022021502, 1955, 1038319648, 1972, 1021951800, 1717, 1021171591, 2227, 1038322575, 1710, 1021115613, 1718, 1021058340, 1957, 1021105616, 2219, 1038321814, 1702, 1021131743, 2228, 1021946733, 1719, 1022011569, 1711, 1021958991, 1703, 1021938252, 1958, 1021135779, 1975, 1022016302, 1959, 1021943040, 2215, 1021947985, 2211, 1038323807, 1706, 1037895354, 2212, 1022012137, 2220, 1022001880, 2229, 1021163215, 2213, 1021101077, 2221, 1021120297, 2214, 1021140125, 2222, 1021124254, 2231, 1022021151, 2223, 1021968534, 2226, 1037912662, 2218, 1037895022, 2210, 1037863156, 1707, 1038313663, 2225, 1038330727, 1699, 1038315688, 1708, 1022010964, 1716, 1021956749, 1709, 1021129462, 1701, 1021109846, 2230, 1021067023]
[INFO] (lattice_cell.c: 455): on tick 50 of 50
[INFO] (lattice_cell.c: 466): updating recording regions
[INFO] (recording.c: 507): 	Finalising channel 0 - state info stored in SDRAM
[INFO] (recording.c: 512): closed channel 0.
[INFO] (lattice_cell.c: 470): Simulation complete.

