[INFO] (lattice_cell.c: 604): starting lattice cell
[INFO] (lattice_cell.c: 526): Initialise: started
[INFO] (data_specification.c: 78): magic = ad130ad6, version = 1.0
[INFO] (lattice_cell.c: 555): my key is 3808
[INFO] (lattice_cell.c: 562): I'm in position ( 14, 28)
[INFO] (lattice_cell.c: 568): my n key is 3552
[INFO] (lattice_cell.c: 574): my U_X = -0.009988944046199322
[INFO] (lattice_cell.c: 575): my U_Y = -0.0004619397805072367
[INFO] (lattice_cell.c: 583): input_buffer initialised
[INFO] (recording.c: 563): Recording 1 regions, using output tag 0, size before trigger 7686388, time between triggers 50
[INFO] (recording.c: 665): Recording channel 0 configured to use 7686132 byte memory block starting at 0x6184162c
[INFO] (lattice_cell.c: 588): Recording flags = 0x00000001
[INFO] (lattice_cell.c: 619): setting timer to execute every 200000 microseconds
[INFO] (lattice_cell.c: 627): Starting

[INFO] (simulation.c: 159): Setting the runtime of this model to 50 starting at 0
[INFO] (simulation.c: 161): Setting the flag of infinite run for this model to 0
[INFO] (simulation.c: 175): Resuming
[INFO] (lattice_cell.c: 455): on tick 0 of 50
[3800, 1037887883, 3816, 1037884869, 3544, 1037887885, 3560, 1037884871, 3552, 1037885270, 4072, 1037884871, 4064, 1037885270, 4056, 1037887885, 3801, 1038298203, 3817, 1038298139, 3545, 1038300266, 3561, 1038300204, 3802, 1038776237, 3818, 1038779501, 3553, 1038300210, 4073, 1038296874, 3546, 1038776239, 4065, 1038296878, 4057, 1038296936, 3819, 1038339473, 3563, 1038337402, 4074, 1038779505, 3820, 1021088252, 3805, 1021977153, 4058, 1038776239, 4075, 1038340752, 3549, 1021979340, 3821, 1021980409, 3565, 1021982596, 3806, 1022020947, 3550, 1022018754, 3807, 1021130133, 3551, 1021128186, 3559, 1021125563, 3562, 1038779503, 4071, 1021128711, 3803, 1038339537, 4060, 1021090068, 3804, 1021091259, 4069, 1021978627, 4061, 1021975810, 4076, 1021087061, 4068, 1021087459, 3554, 1038779066, 3547, 1038337466, 3822, 1022024222, 3823, 1021127109, 3555, 1038337410, 3548, 1021093200, 3564, 1021090191, 3558, 1022021588, 3556, 1021090592, 3557, 1021982161, 3566, 1022022027, 3567, 1021125162, 4078, 1022025577, 4070, 1022025135, 4067, 1038340758, 4077, 1021979066, 4066, 1038779066, 4062, 1022022302, 4059, 1038340816, 4063, 1021131336, 4079, 1021128312]
[INFO] (lattice_cell.c: 455): on tick 1 of 50
[INFO] (lattice_cell.c: 172): the unmatched_packets is 56
[3800, 1037887767, 3816, 1037880039, 3544, 1037887771, 3560, 1037880043, 3552, 1037881089, 4064, 1037881095, 3801, 1038306419, 4056, 1037887771, 3817, 1038306750, 3545, 1038308430, 3561, 1038308761, 4073, 1038305525, 3553, 1038308716, 4057, 1038305192, 4065, 1038305479, 3802, 1038766423, 4072, 1037880047, 4074, 1038774445, 3819, 1038347699, 3562, 1038774443, 4058, 1038766423, 3805, 1021988034, 3820, 1021080014, 3555, 1038345694, 4075, 1038348926, 3806, 1022005480, 4076, 1021079539, 3565, 1021981387, 3807, 1021135591, 3823, 1021125306, 3566, 1022013423, 3551, 1021134250, 4068, 1021078385, 3818, 1038774443, 3803, 1038347741, 3804, 1021071537, 4070, 1022016938, 4062, 1022007594, 4079, 1021125794, 4060, 1021071065, 3554, 1038773360, 3821, 1021978541, 4066, 1038773362, 3547, 1038345732, 3822, 1022016275, 3563, 1038345690, 3546, 1038766421, 4078, 1022018397, 4069, 1021977730, 4067, 1038348928, 4059, 1038348964, 4063, 1021136073, 4061, 1021985923, 3548, 1021072878, 4071, 1021127175, 4077, 1021976428, 3564, 1021081358, 3556, 1021080202, 3549, 1021990882, 3550, 1022002626, 3557, 1021982687, 3558, 1022011965, 3559, 1021125354, 3567, 1021123969]
[INFO] (lattice_cell.c: 455): on tick 2 of 50
[INFO] (lattice_cell.c: 172): the unmatched_packets is 56
[3800, 1037871711, 3816, 1037884831, 3544, 1037871707, 3560, 1037884835, 3552, 1037882696, 4072, 1037884829, 4064, 1037882688, 4056, 1037871707, 3801, 1038299494, 3817, 1038298380, 3545, 1038301581, 3561, 1038300464, 4073, 1038297087, 3553, 1038300672, 3802, 1038793686, 3818, 1038780428, 4057, 1038298213, 4065, 1038297296, 3819, 1038340191, 3562, 1038780432, 4074, 1038780428, 3820, 1021090104, 4066, 1038782599, 4075, 1038341480, 3806, 1022031783, 4059, 1038341572, 3807, 1021120202, 4076, 1021089005, 3823, 1021126879, 3803, 1038340289, 4069, 1021971670, 3559, 1021123780, 4063, 1021121295, 4060, 1021129983, 4067, 1038341486, 3804, 1021131096, 4078, 1022025786, 4070, 1022027151, 4062, 1022033070, 3805, 1021933596, 3546, 1038793692, 3821, 1021980098, 3554, 1038782603, 3822, 1022024500, 3563, 1038338096, 3547, 1038338190, 4058, 1038793684, 3555, 1038338102, 3548, 1021132944, 3550, 1022029674, 3564, 1021091933, 3556, 1021098110, 3549, 1021935707, 3565, 1021982209, 3557, 1021975070, 4071, 1021126711, 4077, 1021978808, 3558, 1022023749, 3566, 1022022383, 3551, 1021118371, 3567, 1021125049, 4061, 1021932297, 4068, 1021095179, 4079, 1021127980]
[INFO] (lattice_cell.c: 455): on tick 3 of 50
[INFO] (lattice_cell.c: 172): the unmatched_packets is 56
[3800, 1037925396, 3816, 1037882341, 3544, 1037925404, 3560, 1037882341, 3552, 1037893666, 4072, 1037882341, 3801, 1038304963, 4064, 1037893664, 4056, 1037925380, 3817, 1038306717, 3545, 1038306944, 3561, 1038308674, 3802, 1038727245, 3818, 1038772168, 4074, 1038772170, 3804, 1020961522, 3820, 1021074668, 4075, 1038348782, 3564, 1021076097, 4076, 1021074103, 3822, 1022015103, 3823, 1021127524, 4078, 1022017234, 3566, 1022012220, 3558, 1022002501, 4070, 1022007511, 3551, 1021158453, 3567, 1021126079, 4066, 1038760358, 4067, 1038348984, 4059, 1038349744, 4068, 1021048366, 4077, 1021981911, 3803, 1038348563, 3819, 1038347601, 3553, 1038307670, 4065, 1038304524, 3805, 1022102462, 3821, 1021984029, 3806, 1021982757, 4071, 1021137641, 4063, 1021160453, 3546, 1038727233, 3562, 1038772172, 3554, 1038760358, 3547, 1038346595, 3807, 1021159892, 3563, 1038345640, 3555, 1038345844, 3548, 1020962884, 4073, 1038305540, 3556, 1021050335, 3549, 1022105310, 4069, 1022011445, 4057, 1038303758, 4079, 1021128092, 3565, 1021986906, 3557, 1022016422, 3550, 1021979862, 4062, 1021984895, 4060, 1020961029, 4061, 1022100380, 4058, 1038727243, 3559, 1021135634]
[INFO] (lattice_cell.c: 455): on tick 4 of 50
[INFO] (lattice_cell.c: 172): the unmatched_packets is 56
[3800, 1037848251, 3816, 1037875194, 3544, 1037848227, 3560, 1037875190, 3552, 1037850595, 4072, 1037875192, 3801, 1038297110, 3817, 1038299224, 4064, 1037850607, 4056, 1037848265, 3803, 1038340800, 3819, 1038340371, 3553, 1038301458, 4073, 1038297931, 3546, 1038817026, 4065, 1038298110, 3554, 1038815646, 3805, 1021802757, 3821, 1021954017, 4058, 1038817006, 3564, 1021114201, 3550, 1022024361, 3566, 1022029814, 3802, 1038817014, 3818, 1038790394, 3804, 1021266986, 3820, 1021112497, 4074, 1038790386, 4076, 1021111519, 4060, 1021265877, 3806, 1022026414, 3822, 1022031882, 3807, 1021125046, 3823, 1021119057, 4063, 1021126014, 3545, 1038299171, 3561, 1038301323, 4069, 1021877058, 4078, 1022033149, 4062, 1022027672, 4079, 1021120027, 4071, 1021105219, 4057, 1038295867, 3547, 1038338691, 3549, 1021804878, 3562, 1038790390, 3555, 1038338160, 3548, 1021268826, 3558, 1022045364, 3563, 1038338248, 4067, 1038341578, 3556, 1021188045, 4077, 1021952730, 4061, 1021801399, 3557, 1021880486, 4070, 1022048695, 4066, 1038815636, 4075, 1038341663, 3565, 1021956097, 4059, 1038342099, 4068, 1021185258, 3559, 1021102551, 3551, 1021123346, 3567, 1021117353]
[INFO] (lattice_cell.c: 455): on tick 5 of 50
[INFO] (lattice_cell.c: 172): the unmatched_packets is 56
[3800, 1037893594, 3816, 1037908932, 3544, 1037893626, 3560, 1037908930, 3552, 1037924264, 4072, 1037908936, 4064, 1037924240, 4056, 1037893566, 3801, 1038305591, 3817, 1038305794, 3545, 1038307572, 3561, 1038307733, 3553, 1038309205, 4073, 1038304633, 4065, 1038306033, 4057, 1038304376, 3802, 1038760749, 3818, 1038744581, 3546, 1038760741, 3803, 1038348709, 4074, 1038744581, 3562, 1038744581, 3554, 1038728837, 3819, 1038347842, 4066, 1038728839, 4058, 1038760747, 4060, 1020955671, 3550, 1022016359, 3823, 1021146222, 4063, 1021127536, 4071, 1021144755, 3559, 1021142532, 4076, 1021000910, 4077, 1022058544, 4061, 1022100675, 4078, 1021999025, 3804, 1020956133, 3820, 1021001520, 4075, 1038348995, 3805, 1022102665, 3821, 1022060567, 3806, 1022019270, 3822, 1021996934, 4069, 1022142888, 3807, 1021126852, 4067, 1038349553, 4059, 1038349872, 4068, 1020910456, 4070, 1022002454, 4062, 1022021395, 4079, 1021146902, 3547, 1038346775, 3563, 1038345936, 3555, 1038346486, 3548, 1020957458, 3564, 1021003001, 3549, 1022105473, 3556, 1020912370, 3565, 1022063386, 3557, 1022147670, 3566, 1021994063, 3558, 1021997456, 3551, 1021125278, 3567, 1021144664]
[INFO] (lattice_cell.c: 455): on tick 6 of 50
[INFO] (lattice_cell.c: 172): the unmatched_packets is 56
[3800, 1037897527, 3816, 1037841660, 3544, 1037897501, 3560, 1037841656, 3552, 1037865371, 4072, 1037841674, 4064, 1037865419, 4056, 1037897553, 3801, 1038296378, 3817, 1038297282, 3545, 1038298435, 4073, 1038296047, 3561, 1038299341, 3802, 1038765949, 4065, 1038297064, 4057, 1038295149, 3553, 1038300320, 3818, 1038824737, 3554, 1038799357, 3562, 1038824745, 3547, 1038340199, 3820, 1021243158, 3548, 1021109558, 4066, 1038799353, 4075, 1038341553, 3821, 1021829437, 3806, 1022015502, 4059, 1038343608, 4060, 1021106732, 3823, 1021106271, 3551, 1021135766, 3559, 1021130198, 3567, 1021104728, 4076, 1021242201, 4077, 1021828033, 4078, 1022045491, 4070, 1022019757, 4071, 1021132576, 4063, 1021138127, 4069, 1021828274, 3803, 1038342310, 3819, 1038340247, 3804, 1021107771, 4067, 1038342182, 3805, 1021962528, 4074, 1038824733, 3546, 1038765951, 4058, 1038765957, 3822, 1022044208, 3807, 1021137314, 3555, 1038338764, 3563, 1038338120, 4068, 1021235317, 3556, 1021238106, 3564, 1021244843, 3549, 1021964683, 3557, 1021831865, 3565, 1021831612, 4062, 1022016780, 3550, 1022013442, 4079, 1021107094, 3566, 1022042137, 4061, 1021961081, 3558, 1022016421]
[INFO] (lattice_cell.c: 455): on tick 7 of 50
[INFO] (lattice_cell.c: 172): the unmatched_packets is 56
[3800, 1037884735, 3816, 1037909240, 3544, 1037884763, 3560, 1037909254, 3552, 1037873159, 4064, 1037873113, 4056, 1037884709, 3801, 1038306029, 3817, 1038306053, 3545, 1038307984, 3561, 1038308014, 4073, 1038304858, 3553, 1038308751, 4057, 1038304837, 4065, 1038305589, 3802, 1038768723, 4072, 1037909224, 4074, 1038744832, 3546, 1038768733, 3819, 1038348048, 3804, 1021098509, 4066, 1038781896, 3565, 1022145928, 4060, 1021097916, 4077, 1022141410, 3823, 1021128772, 4076, 1020917315, 4071, 1021121391, 4068, 1021032863, 3818, 1038744832, 3803, 1038348711, 4061, 1021952573, 4070, 1022027230, 4067, 1038349061, 4059, 1038349854, 3820, 1020917914, 4079, 1021129565, 3805, 1021954422, 3821, 1022143250, 4058, 1038768691, 3806, 1022005816, 3822, 1022016732, 3807, 1021140316, 4069, 1022020025, 3562, 1038744828, 3554, 1038781920, 3547, 1038346798, 4078, 1022018748, 3563, 1038346164, 3555, 1038346034, 3548, 1021099966, 4075, 1038349163, 4062, 1022007863, 3564, 1020919339, 4063, 1021141135, 3549, 1021957112, 3556, 1021034836, 3557, 1022024608, 3558, 1022022337, 3566, 1022013881, 3559, 1021118874, 3550, 1022002954, 3567, 1021127091, 3551, 1021138608]
[INFO] (lattice_cell.c: 455): on tick 8 of 50
[INFO] (lattice_cell.c: 172): the unmatched_packets is 56
[3800, 1037883716, 3816, 1037886607, 3544, 1037883686, 3560, 1037886589, 3552, 1037890130, 4072, 1037886625, 4064, 1037890166, 4056, 1037883746, 3801, 1038295759, 3817, 1038297595, 3545, 1038297813, 3561, 1038299628, 4073, 1038296398, 4065, 1038295610, 3802, 1038780696, 4057, 1038294525, 3818, 1038777641, 3553, 1038298865, 3562, 1038777647, 3819, 1038341169, 3554, 1038774486, 3547, 1038340448, 3555, 1038339827, 4075, 1038342461, 4067, 1038343220, 3550, 1022011833, 3558, 1022026005, 3566, 1022011063, 4069, 1022002965, 3567, 1021135133, 3803, 1038342571, 4062, 1022015281, 4068, 1021065844, 3546, 1038780674, 3804, 1021095674, 3820, 1021165396, 3805, 1021975245, 4063, 1021139350, 4060, 1021094792, 3821, 1021904600, 4079, 1021137215, 4071, 1021124733, 4070, 1022029453, 3806, 1022013940, 3822, 1022013164, 3807, 1021138677, 3823, 1021136540, 3563, 1038339049, 3548, 1021097291, 3556, 1021068339, 3564, 1021167026, 4074, 1038777645, 4061, 1021973684, 4058, 1038780706, 4066, 1038774508, 3549, 1021977544, 3565, 1021906844, 4076, 1021164495, 4077, 1021903073, 3557, 1022006760, 4059, 1038343869, 3559, 1021122681, 3551, 1021137254, 4078, 1022014505]
[INFO] (lattice_cell.c: 455): on tick 9 of 50
[INFO] (lattice_cell.c: 172): the unmatched_packets is 56
[3800, 1037881212, 3816, 1037870967, 3544, 1037881243, 3560, 1037870973, 4072, 1037870947, 3552, 1037886799, 4064, 1037886769, 3801, 1038305076, 4056, 1037881182, 3817, 1038307026, 3545, 1038307021, 4073, 1038305852, 3561, 1038308963, 3802, 1038773002, 3803, 1038349245, 3546, 1038773034, 3562, 1038783796, 4074, 1038783762, 3548, 1021071016, 3821, 1021960805, 4067, 1038349430, 4063, 1021132668, 4060, 1021068711, 4061, 1021982195, 4062, 1022018424, 4071, 1021130417, 4066, 1038766804, 4058, 1038772964, 4059, 1038350381, 4068, 1021082420, 3818, 1038783776, 4069, 1021966876, 4078, 1022021598, 3819, 1038347321, 3804, 1021069413, 3820, 1021094039, 3553, 1038308894, 4065, 1038305786, 3805, 1021983905, 4057, 1038303899, 3554, 1038766852, 3547, 1038347355, 3806, 1022016479, 3555, 1038346447, 3822, 1022019695, 3563, 1038345454, 3807, 1021131714, 3556, 1021084714, 3823, 1021126056, 3564, 1021095601, 3549, 1021986450, 3557, 1021971140, 4077, 1021959075, 3565, 1021963375, 3550, 1022013708, 4075, 1038348420, 3558, 1022014333, 3566, 1022016954, 3551, 1021129898, 3559, 1021127668, 3567, 1021124269, 4079, 1021126980, 4076, 1021093334, 4070, 1022019035]
[INFO] (lattice_cell.c: 455): on tick 10 of 50
[INFO] (lattice_cell.c: 172): the unmatched_packets is 56
[3800, 1037891165, 3816, 1037879199, 3544, 1037891149, 3560, 1037879198, 4072, 1037879209, 3552, 1037884129, 4056, 1037891194, 4064, 1037884155, 3801, 1038295469, 3817, 1038296508, 3545, 1038297516, 4073, 1038295310, 3561, 1038298538, 4065, 1038295953, 3802, 1038772652, 4057, 1038294246, 3818, 1038786274, 3553, 1038299201, 3546, 1038772630, 4074, 1038786274, 3804, 1021080893, 3547, 1038341005, 4066, 1038780321, 3556, 1021104637, 3549, 1021992396, 3823, 1021125577, 3566, 1022019615, 3559, 1021133299, 3551, 1021133267, 4061, 1021988313, 4069, 1021963960, 3803, 1038343130, 4071, 1021135097, 4067, 1038343410, 4076, 1021068873, 4077, 1022002963, 3819, 1038342416, 3820, 1021069576, 4059, 1038344418, 3805, 1021990000, 3821, 1022004621, 3806, 1022019107, 3822, 1022021812, 3807, 1021134559, 3554, 1038780292, 3562, 1038786258, 3555, 1038340022, 3563, 1038340307, 3548, 1021082367, 3564, 1021070994, 3557, 1021968027, 4062, 1022020582, 3565, 1022006995, 3550, 1022016935, 4058, 1038772664, 4075, 1038343682, 4070, 1022017458, 4063, 1021135089, 4068, 1021102480, 4060, 1021080165, 3558, 1022013847, 4078, 1022023274, 4079, 1021126100, 3567, 1021124293]
[INFO] (lattice_cell.c: 455): on tick 11 of 50
[INFO] (lattice_cell.c: 172): the unmatched_packets is 56
[3800, 1037887498, 3816, 1037892498, 3544, 1037887504, 3560, 1037892497, 3801, 1038305046, 3802, 1038766057, 4064, 1037877062, 4056, 1037887478, 3553, 1038308330, 3819, 1038347409, 3546, 1038766105, 4074, 1038761355, 3805, 1021969702, 4068, 1021080815, 4077, 1021983380, 3807, 1021135279, 3823, 1021105645, 4069, 1021968059, 3550, 1022011236, 4061, 1021968127, 3558, 1022022889, 4060, 1021081477, 3567, 1021103770, 3817, 1038306277, 4071, 1021126320, 4075, 1038348513, 3818, 1038761373, 3803, 1038349286, 4072, 1037892483, 3804, 1021082337, 3820, 1021070939, 4079, 1021106631, 4063, 1021136356, 4058, 1038766019, 3821, 1021984934, 4066, 1038777420, 3552, 1037877082, 3806, 1022013893, 3545, 1038306991, 3822, 1022043914, 3561, 1038308196, 4073, 1038305118, 3554, 1038777470, 3562, 1038761381, 3547, 1038347394, 3555, 1038345803, 3563, 1038345537, 3548, 1021084063, 3556, 1021083364, 3564, 1021072650, 3549, 1021972107, 3557, 1021972040, 3565, 1021987347, 3566, 1022041327, 4067, 1038348792, 4076, 1021070084, 3551, 1021133371, 3559, 1021123400, 4062, 1022015691, 4078, 1022045645, 4070, 1022027288, 4065, 1038305234, 4057, 1038303869, 4059, 1038350403]
[INFO] (lattice_cell.c: 455): on tick 12 of 50
[INFO] (lattice_cell.c: 172): the unmatched_packets is 56
[3800, 1037887710, 3816, 1037869956, 3544, 1037887706, 3560, 1037869942, 3552, 1037878082, 4072, 1037869971, 3801, 1038295298, 4064, 1037878091, 3817, 1038296633, 3545, 1038297333, 3561, 1038298645, 3553, 1038298557, 4056, 1037887720, 3802, 1038776359, 3818, 1038795043, 3546, 1038776349, 3803, 1038344131, 3551, 1021140879, 3559, 1021138848, 4066, 1038786833, 4076, 1021082467, 4071, 1021140494, 4063, 1021142549, 4075, 1038341630, 4067, 1038344324, 4059, 1038345417, 4065, 1038295352, 4057, 1038294087, 4074, 1038795037, 3819, 1038340405, 3804, 1021094159, 3554, 1038786816, 3562, 1038795045, 3820, 1021083016, 3547, 1038342024, 4073, 1038295454, 3805, 1021975035, 3821, 1021989710, 3806, 1022008143, 4078, 1021966803, 3822, 1021965121, 3807, 1021142100, 4070, 1022011648, 3823, 1021190197, 4062, 1022009714, 4068, 1021073054, 4058, 1038776372, 3555, 1038340988, 3563, 1038338369, 3548, 1021095485, 3556, 1021074905, 3564, 1021084320, 3549, 1021977578, 3557, 1021998424, 3565, 1021992212, 3550, 1022005805, 3567, 1021188985, 3558, 1022007698, 3566, 1021962711, 4060, 1021093575, 4077, 1021987936, 4069, 1021994121, 4061, 1021973217, 4079, 1021190674]
[INFO] (lattice_cell.c: 455): on tick 13 of 50
[INFO] (lattice_cell.c: 172): the unmatched_packets is 56
[3800, 1037886093, 3816, 1037912705, 3544, 1037886099, 3560, 1037912699, 4072, 1037912685, 4064, 1037899249, 3552, 1037899268, 4056, 1037886085, 3801, 1038304520, 3817, 1038306585, 3545, 1038306460, 3561, 1038308495, 3553, 1038308151, 4073, 1038305446, 4065, 1038305069, 4057, 1038303337, 3802, 1038767811, 3818, 1038740621, 4074, 1038740609, 3819, 1038347363, 3805, 1021967917, 3555, 1038348393, 3821, 1021942698, 4059, 1038350367, 3807, 1021125594, 3565, 1021944953, 4070, 1022067057, 4071, 1021078397, 3567, 1021015203, 4076, 1021110479, 4068, 1021083241, 4069, 1021965935, 4078, 1022134402, 4062, 1022027530, 3803, 1038349223, 4077, 1021941278, 3804, 1021083963, 3546, 1038767846, 3820, 1021111447, 4066, 1038754050, 4058, 1038767775, 4075, 1038348511, 3562, 1038740629, 3554, 1038754090, 4067, 1038351416, 3547, 1038347323, 3806, 1022025905, 3548, 1021085813, 3563, 1038345439, 3822, 1022132968, 4060, 1021082986, 3823, 1021017073, 4063, 1021126722, 3556, 1021086071, 3564, 1021113276, 3549, 1021970194, 4061, 1021966464, 3557, 1021969621, 3550, 1022023424, 4079, 1021018074, 3566, 1022130689, 3558, 1022063136, 3559, 1021075418, 3551, 1021123626]
[INFO] (lattice_cell.c: 455): on tick 14 of 50
[INFO] (lattice_cell.c: 172): the unmatched_packets is 56
[3800, 1037874604, 3544, 1037874608, 3816, 1037843164, 3560, 1037843156, 3552, 1037856895, 4072, 1037843166, 4064, 1037856911, 3801, 1038294981, 4056, 1037874596, 3545, 1038296997, 3817, 1038296138, 3561, 1038298133, 3553, 1038298376, 3802, 1038790008, 3818, 1038822862, 3546, 1038790006, 3562, 1038822860, 3819, 1038342926, 4065, 1038295197, 3820, 1021073021, 3563, 1038340950, 4058, 1038789990, 3806, 1021984410, 3564, 1021074173, 3822, 1021862585, 3823, 1021283384, 4069, 1021993531, 3567, 1021282185, 3554, 1038808388, 3803, 1038342059, 3804, 1021073927, 3805, 1021995214, 4067, 1038344286, 3821, 1021998200, 4060, 1021073472, 3807, 1021175995, 4075, 1038344083, 4071, 1021230215, 4057, 1038293784, 4074, 1038822859, 3547, 1038339987, 3555, 1038341080, 3548, 1021075111, 3556, 1021073690, 3549, 1021997873, 4076, 1021072625, 4073, 1038294963, 3557, 1021998080, 3565, 1022000813, 3550, 1021981889, 4070, 1021921846, 4062, 1021986211, 3566, 1021859931, 3551, 1021174819, 4066, 1038808375, 3558, 1021917376, 3559, 1021228637, 4059, 1038343292, 4079, 1021283843, 4063, 1021176383, 4078, 1021864479, 4068, 1021072086, 4077, 1021996292, 4061, 1021993288]
[INFO] (lattice_cell.c: 455): on tick 15 of 50
[INFO] (lattice_cell.c: 172): the unmatched_packets is 56
[3800, 1037912623, 3816, 1037897918, 3544, 1037912625, 3560, 1037897906, 4072, 1037897914, 3552, 1037917884, 4056, 1037912613, 4064, 1037917868, 3801, 1038304418, 3817, 1038305827, 3545, 1038306373, 3561, 1038307741, 3553, 1038308059, 3802, 1038740238, 3818, 1038756436, 4073, 1038304698, 3819, 1038347377, 3546, 1038740262, 3562, 1038756465, 4074, 1038756416, 3821, 1021986119, 3555, 1038346272, 3806, 1022101934, 4075, 1038348544, 3822, 1022159134, 3565, 1021988262, 3823, 1020994409, 4061, 1021957879, 4068, 1021100541, 3559, 1020980195, 3567, 1020992548, 3803, 1038349691, 3804, 1021093042, 3820, 1021070530, 3805, 1021959193, 3807, 1021049758, 4079, 1020995422, 4077, 1021984822, 3554, 1038735316, 3547, 1038347743, 4066, 1038735265, 3563, 1038345438, 4065, 1038304991, 3548, 1021094976, 4057, 1038303245, 3556, 1021103525, 3564, 1021072442, 3549, 1021961342, 3557, 1021951755, 4058, 1038740211, 3550, 1022099745, 3558, 1022168716, 3566, 1022156988, 4067, 1038349389, 3551, 1021047761, 4059, 1038350869, 4076, 1021069477, 4062, 1022103310, 4060, 1021091949, 4071, 1020983220, 4078, 1022160415, 4063, 1021050897, 4069, 1021948311, 4070, 1022172116]
[INFO] (lattice_cell.c: 455): on tick 16 of 50
[INFO] (lattice_cell.c: 172): the unmatched_packets is 56
[3800, 1037853143, 3816, 1037895602, 3544, 1037853143, 4072, 1037895594, 3560, 1037895610, 3801, 1038294797, 3817, 1038296831, 3545, 1038296789, 3553, 1038298277, 3820, 1021093289, 3805, 1021996832, 3821, 1021977037, 3564, 1021094356, 4068, 1021082014, 3565, 1021979739, 3822, 1021985868, 4061, 1021994812, 3807, 1021276527, 3557, 1021986238, 3558, 1021871793, 4070, 1021876547, 4063, 1021276909, 4065, 1038295131, 4074, 1038768173, 4075, 1038342788, 4059, 1038345618, 4076, 1021092978, 4077, 1021975073, 3802, 1038811878, 3818, 1038768173, 3803, 1038344415, 3819, 1038341635, 3804, 1021070282, 4071, 1021272899, 4066, 1038807136, 3806, 1021874301, 4067, 1038345127, 4069, 1021981520, 4078, 1021987788, 4056, 1037853139, 4062, 1021876314, 4064, 1037857850, 4073, 1038295680, 3823, 1021166625, 3552, 1037857864, 3561, 1038298798, 3546, 1038811895, 3562, 1038768169, 3547, 1038342407, 3554, 1038807134, 4058, 1038811857, 4060, 1021069926, 3563, 1038339668, 3548, 1021071410, 3555, 1038342011, 3556, 1021083439, 3549, 1021999611, 3566, 1021983198, 3551, 1021275373, 3550, 1021871522, 4079, 1021166986, 4057, 1038293601, 3559, 1021271357, 3567, 1021165462]
[INFO] (lattice_cell.c: 455): on tick 17 of 50
[INFO] (lattice_cell.c: 172): the unmatched_packets is 56
[3800, 1037914304, 3816, 1037870635, 3544, 1037914302, 3560, 1037870635, 3552, 1037878166, 4072, 1037870635, 3801, 1038303854, 4064, 1037878196, 4056, 1037914306, 3817, 1038304975, 3545, 1038305815, 3561, 1038306888, 3553, 1038307001, 3802, 1038739057, 3818, 1038783743, 4073, 1038303842, 3803, 1038349086, 4065, 1038303909, 4057, 1038302687, 3562, 1038783753, 3548, 1021093637, 4075, 1038350201, 3822, 1021982789, 3559, 1021058701, 3567, 1021161122, 4069, 1021986091, 3819, 1038349082, 4070, 1022089800, 3804, 1021091663, 4067, 1038350862, 4059, 1038350297, 4076, 1021084117, 3820, 1021085244, 3805, 1021962191, 3821, 1021970211, 3806, 1022168285, 3807, 1020987733, 3823, 1021163080, 4071, 1021061708, 3546, 1038739100, 3554, 1038776587, 3547, 1038347095, 4058, 1038739027, 4066, 1038776536, 3563, 1038347174, 4074, 1038783731, 3555, 1038347738, 3564, 1021087219, 3556, 1021067892, 3549, 1021964269, 3565, 1021972252, 3557, 1021989368, 3550, 1022166267, 3566, 1021980705, 3558, 1022086455, 3551, 1020985757, 4068, 1021064814, 4078, 1021984026, 4062, 1022169514, 4061, 1021960960, 4063, 1020988887, 4060, 1021090521, 4079, 1021164216, 4077, 1021969007]
[INFO] (lattice_cell.c: 455): on tick 18 of 50
[INFO] (lattice_cell.c: 172): the unmatched_packets is 56
[3800, 1037882504, 3816, 1037879690, 3544, 1037882520, 3560, 1037879694, 4072, 1037879698, 3552, 1037900492, 4064, 1037900469, 3801, 1038296078, 3817, 1038296917, 3545, 1038298058, 3561, 1038298859, 3553, 1038299164, 4073, 1038295783, 3802, 1038781319, 3818, 1038785650, 4065, 1038296080, 3803, 1038343738, 4057, 1038294905, 4074, 1038785629, 3562, 1038785668, 3547, 1038341751, 4066, 1038763357, 3549, 1021973584, 3807, 1021229440, 4068, 1021086475, 4060, 1021090411, 4077, 1021981490, 3558, 1022045267, 4079, 1021110793, 3559, 1021105992, 4063, 1021229837, 4059, 1038344911, 4067, 1038343662, 4058, 1038781301, 4076, 1021085065, 3819, 1038341137, 3804, 1021090724, 4075, 1038342302, 3820, 1021085321, 3805, 1021970772, 3821, 1021983501, 3806, 1021924925, 3822, 1022045687, 3823, 1021110553, 4061, 1021968700, 3546, 1038781329, 3554, 1038763389, 4056, 1037882490, 3555, 1038340507, 3563, 1038339161, 3548, 1021091806, 3564, 1021086326, 3556, 1021087772, 4062, 1021926994, 4071, 1021107385, 3557, 1021980755, 3565, 1021986293, 3550, 1021922137, 4069, 1021975919, 4078, 1022047670, 3566, 1022042931, 3551, 1021228265, 4070, 1022049968, 3567, 1021109499]
[INFO] (lattice_cell.c: 455): on tick 19 of 50
[INFO] (lattice_cell.c: 172): the unmatched_packets is 56
[3800, 1037869572, 3816, 1037885506, 3544, 1037869554, 4072, 1037885510, 3560, 1037885496, 3552, 1037880527, 4064, 1037880540, 3801, 1038302238, 4056, 1037869576, 3817, 1038304661, 3545, 1038304207, 3561, 1038306584, 4073, 1038303542, 3553, 1038305592, 4065, 1038302503, 4057, 1038301055, 3802, 1038785054, 3818, 1038768608, 4074, 1038768600, 3546, 1038785086, 4066, 1038773138, 3819, 1038349053, 4058, 1038785024, 4075, 1038350161, 3820, 1021079928, 3564, 1021081853, 4076, 1021078786, 3822, 1022041799, 4068, 1021088861, 4079, 1021106511, 4071, 1021163051, 3567, 1021103387, 4067, 1038352017, 4059, 1038352056, 3803, 1038350875, 4063, 1021139318, 3804, 1021074507, 3805, 1021982138, 3821, 1021978127, 3554, 1038773158, 3806, 1022011386, 3562, 1038768623, 3547, 1038348903, 3807, 1021138117, 3548, 1021076499, 4069, 1021964724, 3563, 1038347143, 4061, 1021980927, 3555, 1038348959, 4078, 1022042978, 3823, 1021105349, 4070, 1021983215, 4060, 1021073323, 4077, 1021976965, 3556, 1021091978, 3549, 1021984156, 4062, 1022012641, 3557, 1021967888, 3565, 1021980103, 3551, 1021136137, 3550, 1022009295, 3558, 1021979981, 3566, 1022039844, 3559, 1021159833]
[INFO] (lattice_cell.c: 455): on tick 20 of 50
[INFO] (lattice_cell.c: 172): the unmatched_packets is 56
[3800, 1037899743, 3816, 1037888608, 3544, 1037899751, 3560, 1037888622, 3552, 1037876413, 4064, 1037876400, 4056, 1037899751, 3801, 1038294279, 3817, 1038297826, 3545, 1038296242, 4072, 1037888600, 4073, 1038296713, 3802, 1038764270, 3818, 1038775601, 4065, 1038296321, 4057, 1038293117, 3819, 1038341510, 3546, 1038764322, 4074, 1038775586, 3820, 1021084470, 3548, 1021075059, 3557, 1021981826, 3823, 1021144401, 4067, 1038343882, 4077, 1021977147, 3551, 1021099946, 3567, 1021143344, 4061, 1021994333, 4070, 1022013848, 4066, 1038788576, 4058, 1038764230, 4060, 1021073663, 3803, 1038342536, 4059, 1038343757, 3804, 1021073943, 4068, 1021081152, 3805, 1021996407, 3821, 1021979161, 3806, 1022060378, 3822, 1022012037, 3807, 1021101080, 3561, 1038299746, 3553, 1038299393, 4062, 1022062392, 4079, 1021144644, 3562, 1038775623, 3554, 1038788627, 3547, 1038340545, 4075, 1038342657, 3563, 1038339568, 3555, 1038340750, 3564, 1021085511, 3556, 1021082464, 4078, 1022014023, 3549, 1021999259, 4076, 1021084253, 4063, 1021101379, 3565, 1021981962, 4071, 1021144025, 4069, 1021976970, 3566, 1022009265, 3558, 1022009032, 3559, 1021142702, 3550, 1022057596]
[INFO] (lattice_cell.c: 455): on tick 21 of 50
[INFO] (lattice_cell.c: 172): the unmatched_packets is 56
[3800, 1037883725, 3816, 1037875994, 3544, 1037883740, 3560, 1037875981, 3552, 1037876919, 4072, 1037875996, 3801, 1038302148, 3802, 1038769894, 4056, 1037883713, 3553, 1038307555, 3563, 1038347826, 3548, 1021117740, 3821, 1021976261, 3557, 1021971940, 3807, 1021132848, 3823, 1021139346, 3566, 1022003759, 3817, 1038303453, 4069, 1021968772, 4078, 1022006952, 3818, 1038778366, 4070, 1022046524, 3803, 1038351146, 3819, 1038349739, 4071, 1021101546, 3804, 1021115876, 3820, 1021084113, 4057, 1038300957, 3805, 1021940876, 4074, 1038778356, 3806, 1022015165, 3822, 1022005752, 4066, 1038777622, 4059, 1038352306, 4073, 1038302336, 3545, 1038304146, 3561, 1038305386, 3547, 1038349172, 3546, 1038769916, 3562, 1038778371, 3554, 1038777664, 4067, 1038351798, 4068, 1021078030, 4077, 1021975106, 3556, 1021081014, 4062, 1022016416, 4063, 1021134065, 4065, 1038304454, 4058, 1038769875, 4076, 1021083004, 3555, 1038348719, 4060, 1021114788, 3564, 1021086018, 4064, 1037876930, 3549, 1021942880, 3565, 1021978213, 3550, 1022013163, 3558, 1022043323, 3559, 1021098440, 3551, 1021130828, 3567, 1021137429, 4075, 1038350832, 4061, 1021939683, 4079, 1021140494]
[INFO] (lattice_cell.c: 455): on tick 22 of 50
[INFO] (lattice_cell.c: 172): the unmatched_packets is 56
[3800, 1037904872, 3816, 1037884618, 3544, 1037904849, 4072, 1037884617, 3560, 1037884619, 3552, 1037899837, 4064, 1037899839, 4056, 1037904883, 3801, 1038296732, 3817, 1038295863, 3545, 1038298645, 3561, 1038297747, 4073, 1038294759, 3802, 1038758588, 3818, 1038780249, 4065, 1038296676, 4057, 1038295606, 3546, 1038758643, 3553, 1038299655, 3562, 1038780271, 3803, 1038343399, 4074, 1038780218, 3804, 1021023689, 4066, 1038763895, 3820, 1021081899, 4058, 1038758536, 4075, 1038342165, 3821, 1021989434, 3548, 1021024984, 3549, 1022036462, 3557, 1022002657, 4061, 1022031564, 4078, 1022033168, 4071, 1021130113, 4067, 1038343797, 4059, 1038344588, 3551, 1021181279, 3819, 1038341028, 3559, 1021128660, 4060, 1021023234, 4068, 1021059493, 3567, 1021126183, 4077, 1021987439, 3805, 1022033633, 3806, 1021977161, 3822, 1022031224, 3807, 1021182491, 4063, 1021182840, 3823, 1021127281, 4069, 1021997819, 4062, 1021979153, 3554, 1038763961, 3547, 1038341423, 3555, 1038340685, 4079, 1021127537, 3563, 1038339103, 3556, 1021061028, 3564, 1021083007, 3565, 1021992239, 3558, 1022025027, 3550, 1021974377, 4070, 1022029698, 3566, 1022028468, 4076, 1021081626]
[INFO] (lattice_cell.c: 455): on tick 23 of 50
[INFO] (lattice_cell.c: 172): the unmatched_packets is 56
[3800, 1037844777, 3816, 1037876128, 3544, 1037844800, 3560, 1037876125, 4072, 1037876127, 4056, 1037844752, 4064, 1037864310, 3801, 1038300084, 3817, 1038303247, 3545, 1038302116, 3561, 1038305195, 4073, 1038302114, 3802, 1038810794, 3803, 1038351006, 3819, 1038349818, 4065, 1038301126, 3562, 1038778267, 3554, 1038790151, 4074, 1038778253, 3820, 1021101575, 4058, 1038810762, 3806, 1022034746, 4067, 1038352461, 3556, 1021141070, 3822, 1022035974, 3565, 1021961824, 4077, 1021958701, 3558, 1022012542, 4070, 1022015842, 4062, 1022036068, 4078, 1022037195, 4079, 1021110662, 4066, 1038790133, 4068, 1021138477, 4075, 1038350920, 3818, 1038778256, 4076, 1021100609, 3804, 1021194918, 3805, 1021868554, 4071, 1021129933, 3821, 1021959860, 4059, 1038352201, 4057, 1038298866, 3552, 1037864346, 3807, 1021113082, 3553, 1038304309, 3823, 1021109575, 3546, 1038810826, 3547, 1038349005, 3563, 1038347907, 3555, 1038349387, 3548, 1021196566, 4069, 1021918946, 4061, 1021867312, 3564, 1021103277, 3549, 1021870619, 3557, 1021922099, 3550, 1022032662, 4060, 1021193976, 4063, 1021114241, 3559, 1021126933, 3566, 1022034004, 3551, 1021111160, 3567, 1021107726]
[INFO] (lattice_cell.c: 455): on tick 24 of 50
[INFO] (lattice_cell.c: 172): the unmatched_packets is 56
[3800, 1037926571, 3816, 1037902461, 3544, 1037926529, 4072, 1037902470, 3560, 1037902453, 3552, 1037910813, 4064, 1037910870, 4056, 1037926604, 3801, 1038296831, 3817, 1038298633, 3545, 1038298732, 4073, 1038297595, 3561, 1038300460, 3553, 1038301153, 4065, 1038298252, 4057, 1038295710, 3802, 1038736603, 3818, 1038761372, 3546, 1038736659, 3562, 1038761409, 4074, 1038761344, 3554, 1038752960, 3803, 1038343046, 4066, 1038752876, 3819, 1038341431, 3804, 1020930814, 3820, 1021039344, 3547, 1038341099, 4058, 1038736574, 3563, 1038339534, 4075, 1038342549, 3821, 1022019649, 4067, 1038344055, 3548, 1020932238, 3564, 1021040665, 3565, 1022022427, 3823, 1021145990, 4060, 1020930307, 3551, 1021135583, 3805, 1022128477, 4070, 1022001377, 4063, 1021137243, 4061, 1022126484, 3806, 1022026684, 4078, 1022014901, 4059, 1038344231, 4079, 1021146344, 4071, 1021158703, 4076, 1021038881, 3822, 1022013059, 3807, 1021136849, 3555, 1038340998, 3556, 1020980556, 3549, 1022131254, 4077, 1022017675, 3557, 1022075883, 4062, 1022028569, 4068, 1020978610, 4069, 1022071127, 3550, 1022023981, 3566, 1022010366, 3558, 1021996820, 3567, 1021144792, 3559, 1021157133]
[INFO] (lattice_cell.c: 455): on tick 25 of 50
[INFO] (lattice_cell.c: 172): the unmatched_packets is 56
[3800, 1037870966, 3816, 1037851620, 3544, 1037870990, 3560, 1037851642, 4072, 1037851606, 4064, 1037843326, 4056, 1037870934, 3801, 1038301497, 3817, 1038301128, 3545, 1038303511, 3552, 1037843375, 3561, 1038303119, 4073, 1038299971, 4065, 1038301272, 4057, 1038300303, 3802, 1038782860, 3553, 1038304440, 3818, 1038803562, 3546, 1038782923, 3562, 1038803564, 3554, 1038812087, 4074, 1038803556, 4066, 1038812035, 4058, 1038782801, 3803, 1038351538, 3547, 1038349521, 3548, 1021210764, 4067, 1038352108, 3549, 1021849159, 3822, 1022025997, 3823, 1021118916, 3550, 1022011363, 4071, 1021101128, 4076, 1021174233, 4068, 1021221333, 4060, 1021208302, 3819, 1038349851, 4078, 1022027305, 4077, 1021891662, 3804, 1021209167, 4059, 1038352736, 3820, 1021174975, 3805, 1021847104, 4075, 1038350954, 3821, 1021892842, 3806, 1022013470, 4063, 1021134034, 3563, 1038347920, 3807, 1021132932, 3555, 1038348999, 3564, 1021176440, 3556, 1021223614, 3565, 1021894827, 3557, 1021838410, 4070, 1022044980, 4079, 1021119896, 4069, 1021835082, 3566, 1022023934, 4061, 1021845783, 4062, 1022014854, 3551, 1021131080, 3567, 1021117196, 3558, 1022041539, 3559, 1021098339]
[INFO] (lattice_cell.c: 455): on tick 26 of 50
[INFO] (lattice_cell.c: 172): the unmatched_packets is 56
[3800, 1037884262, 3816, 1037917384, 3544, 1037884254, 3560, 1037917356, 4072, 1037917421, 3552, 1037912856, 4064, 1037912908, 4056, 1037884278, 3801, 1038294589, 3817, 1038298358, 3545, 1038296478, 4073, 1038297335, 4065, 1038296504, 3802, 1038780225, 3818, 1038746348, 3546, 1038780244, 4057, 1038293470, 3554, 1038750936, 3803, 1038342864, 3819, 1038342443, 3804, 1021045296, 3547, 1038340917, 4066, 1038750903, 3563, 1038340579, 4058, 1038780210, 4067, 1038344141, 3557, 1022116885, 3823, 1021148216, 4069, 1022112311, 3559, 1021128862, 3567, 1021146913, 3820, 1020947220, 3805, 1022020618, 3821, 1022113398, 3806, 1022013478, 4060, 1021044679, 4068, 1020945304, 3822, 1022008534, 4078, 1022010291, 3807, 1021149364, 4079, 1021148641, 4075, 1038343539, 3549, 1022023449, 4063, 1021149870, 3561, 1038300163, 3553, 1038299432, 4076, 1020946623, 3562, 1038746382, 4077, 1022111533, 3555, 1038341125, 3551, 1021147966, 4061, 1022018603, 3548, 1021046747, 4074, 1038746322, 4071, 1021130653, 3556, 1020947354, 3564, 1020948711, 4070, 1022031270, 4062, 1022015286, 4059, 1038344036, 3565, 1022116062, 3550, 1022010822, 3558, 1022026906, 3566, 1022005946]
[INFO] (lattice_cell.c: 455): on tick 27 of 50
[INFO] (lattice_cell.c: 172): the unmatched_packets is 56
[3800, 1037893887, 3816, 1037852352, 3544, 1037893888, 3560, 1037852364, 3552, 1037881319, 4072, 1037852330, 4064, 1037881298, 4056, 1037893861, 3801, 1038301867, 3817, 1038303076, 3545, 1038303918, 3561, 1038305042, 4073, 1038301940, 3553, 1038306406, 4065, 1038303258, 4057, 1038300629, 3802, 1038760137, 3818, 1038802527, 3546, 1038760216, 3562, 1038802571, 4074, 1038802492, 3554, 1038772423, 3803, 1038352049, 4066, 1038772299, 4058, 1038760073, 3819, 1038349294, 4075, 1038350406, 3547, 1038350034, 3805, 1022006973, 3555, 1038349005, 4059, 1038353232, 3822, 1022035891, 4078, 1022037276, 4079, 1021111717, 3558, 1022005027, 4070, 1022008621, 4063, 1021143192, 4071, 1021139585, 4067, 1038352116, 3804, 1021048116, 3820, 1021223660, 3821, 1021835655, 4068, 1021146362, 3563, 1038347352, 3806, 1022004934, 4060, 1021047404, 4077, 1021834356, 3548, 1021049590, 4069, 1021900499, 4076, 1021223016, 3807, 1021142246, 3564, 1021225050, 3549, 1022008966, 3823, 1021110882, 4061, 1022005708, 3556, 1021148547, 3557, 1021903818, 3565, 1021837751, 3550, 1022002726, 4062, 1022006427, 3566, 1022033756, 3551, 1021140551, 3559, 1021137040, 3567, 1021109286]
[INFO] (lattice_cell.c: 455): on tick 28 of 50
[INFO] (lattice_cell.c: 172): the unmatched_packets is 56
[3800, 1037885690, 3816, 1037895701, 3544, 1037885656, 3560, 1037895692, 4072, 1037895713, 3552, 1037869977, 4064, 1037870005, 4056, 1037885719, 3801, 1038295846, 3817, 1038295810, 3545, 1038297696, 4073, 1038294771, 3561, 1038297623, 3802, 1038778191, 4065, 1038295791, 3803, 1038343466, 3553, 1038298648, 3547, 1038341523, 3805, 1021938123, 4066, 1038794993, 3548, 1021123655, 3821, 1022069269, 4067, 1038344199, 4059, 1038344634, 3807, 1021135155, 3557, 1021961760, 4069, 1021957109, 3823, 1021128841, 3550, 1022022595, 4062, 1022026789, 4063, 1021135807, 4077, 1022067491, 4079, 1021129421, 4060, 1021121171, 4068, 1021101165, 3818, 1038768784, 4057, 1038294781, 3819, 1038340086, 3804, 1021121973, 3820, 1021001098, 3546, 1038778233, 3562, 1038768785, 3554, 1038795008, 4058, 1038778148, 3806, 1022025120, 4074, 1038768780, 3555, 1038341185, 3563, 1038338243, 3822, 1022037794, 3556, 1021103420, 3564, 1021002613, 3549, 1021940913, 3565, 1022071904, 3558, 1022021404, 3566, 1022035283, 4061, 1021936171, 4070, 1022025576, 3551, 1021133617, 3559, 1021131537, 3567, 1021127393, 4071, 1021133617, 4076, 1021000451, 4078, 1022039436, 4075, 1038341152]
[INFO] (lattice_cell.c: 455): on tick 29 of 50
[INFO] (lattice_cell.c: 172): the unmatched_packets is 56
[3800, 1037878799, 3816, 1037890480, 3544, 1037878809, 3560, 1037890476, 3552, 1037885655, 4072, 1037890465, 4064, 1037885634, 3801, 1038301035, 4056, 1037878775, 3817, 1038303496, 3545, 1038303099, 4073, 1038302370, 3561, 1038305467, 3802, 1038775668, 4065, 1038301710, 4057, 1038299794, 3818, 1038763262, 3546, 1038775741, 3803, 1038351247, 3554, 1038768928, 3820, 1021083683, 3547, 1038349219, 4074, 1038763213, 3805, 1021970670, 3806, 1022023867, 3565, 1021975190, 4066, 1038768830, 3822, 1022002144, 3823, 1021145121, 3558, 1022016524, 3819, 1038349930, 3804, 1021088285, 4067, 1038354456, 3821, 1021973145, 3807, 1021125634, 4062, 1022025480, 4079, 1021145763, 4063, 1021126467, 4076, 1021083136, 4058, 1038775597, 4060, 1021087743, 4077, 1021971831, 3553, 1038304928, 3562, 1038763312, 3563, 1038347969, 3555, 1038351331, 3548, 1021089545, 3564, 1021084995, 3556, 1021033051, 3559, 1021118302, 3549, 1021972830, 3557, 1022026521, 3550, 1022021588, 3566, 1022000000, 3551, 1021124052, 3567, 1021143729, 4069, 1022023117, 4061, 1021969246, 4059, 1038352443, 4068, 1021031287, 4078, 1022003579, 4071, 1021120475, 4075, 1038351048, 4070, 1022020311]
[INFO] (lattice_cell.c: 455): on tick 30 of 50
[INFO] (lattice_cell.c: 172): the unmatched_packets is 56
[3800, 1037895610, 3816, 1037875997, 3544, 1037895600, 3560, 1037875981, 3552, 1037894711, 4072, 1037876011, 3801, 1038294796, 4064, 1037894756, 3817, 1038297375, 4056, 1037895618, 3545, 1038296645, 4073, 1038296376, 3802, 1038768301, 3818, 1038788607, 3803, 1038341881, 4057, 1038293707, 3554, 1038769017, 3805, 1022005030, 3548, 1021059531, 3821, 1021927482, 3549, 1022007699, 3807, 1021149362, 3823, 1021120050, 4078, 1022034637, 3567, 1021118359, 4067, 1038344713, 4061, 1022003238, 4062, 1022021322, 4071, 1021129035, 4065, 1038296808, 4066, 1038768952, 4075, 1038344019, 4060, 1021056912, 4077, 1021925741, 3819, 1038342998, 3804, 1021057799, 4059, 1038343041, 3820, 1021134747, 3561, 1038299144, 4074, 1038788591, 3553, 1038299616, 3806, 1022019749, 3546, 1038768332, 3822, 1022033006, 3562, 1038788625, 3547, 1038339952, 3563, 1038341207, 3555, 1038341772, 3564, 1021136393, 3556, 1021092235, 3565, 1021930099, 4069, 1021963701, 3557, 1021968032, 4076, 1021133936, 3550, 1022017299, 4068, 1021089622, 3558, 1022026124, 3551, 1021147652, 3559, 1021126593, 3566, 1022030509, 4070, 1022030140, 4079, 1021120856, 4063, 1021150190, 4058, 1038768278]
[INFO] (lattice_cell.c: 455): on tick 31 of 50
[INFO] (lattice_cell.c: 172): the unmatched_packets is 56
[3800, 1037887928, 3816, 1037864524, 3544, 1037887908, 3560, 1037864528, 3552, 1037871517, 4072, 1037864506, 3801, 1038301681, 3817, 1038302108, 3802, 1038765960, 3818, 1038790767, 4056, 1037887916, 3803, 1038351285, 4065, 1038302570, 3546, 1038766047, 3554, 1038782951, 4057, 1038300443, 4074, 1038790733, 4058, 1038765880, 3821, 1022013948, 3549, 1021974832, 3807, 1021149931, 3823, 1021154878, 3566, 1021999827, 3559, 1021137922, 3819, 1038347530, 3804, 1021082671, 4079, 1021155274, 4071, 1021139709, 4076, 1021049106, 4068, 1021106078, 3820, 1021049450, 3805, 1021972611, 4066, 1038782837, 3806, 1022000005, 3822, 1022001996, 4067, 1038351078, 4059, 1038352503, 4060, 1021082215, 4069, 1021944185, 3545, 1038303733, 4064, 1037871514, 3561, 1038304089, 3553, 1038305740, 4073, 1038300963, 3562, 1038790795, 3547, 1038349252, 3563, 1038345531, 3555, 1038347868, 3548, 1021083921, 4075, 1038348693, 3564, 1021050581, 3556, 1021107651, 3557, 1021947920, 3565, 1022016130, 3550, 1021997642, 4078, 1022003441, 3558, 1022009200, 3551, 1021148558, 3567, 1021153709, 4061, 1021971091, 4062, 1022001667, 4063, 1021150564, 4077, 1022012514, 4070, 1022012976]
[INFO] (lattice_cell.c: 455): on tick 32 of 50
[INFO] (lattice_cell.c: 172): the unmatched_packets is 56
[3800, 1037886207, 3816, 1037917561, 3544, 1037886188, 3560, 1037917561, 4072, 1037917573, 3552, 1037890826, 4064, 1037890816, 4056, 1037886227, 3801, 1038295424, 3817, 1038296537, 3545, 1038297281, 3561, 1038298318, 4073, 1038295535, 3802, 1038777927, 4065, 1038295635, 4057, 1038294354, 3819, 1038343524, 3546, 1038777985, 3804, 1021107936, 3547, 1038342902, 3821, 1021990306, 3556, 1021079625, 4068, 1021076961, 4061, 1021950929, 4062, 1022028271, 4071, 1021101455, 4060, 1021106924, 4066, 1038773562, 4058, 1038777871, 4075, 1038344505, 4059, 1038345932, 4076, 1021074400, 3818, 1038745734, 3553, 1038298489, 3803, 1038344811, 3820, 1021075312, 3805, 1021952636, 4079, 1021060663, 3806, 1022026691, 4074, 1038745713, 3822, 1022094903, 3807, 1021129165, 3823, 1021059682, 3562, 1038745748, 3554, 1038773612, 4077, 1021988778, 3563, 1038341757, 3555, 1038344188, 3548, 1021109738, 4067, 1038347042, 3564, 1021077061, 3549, 1021955218, 4070, 1022049140, 3565, 1021992722, 3557, 1021984416, 4069, 1021980288, 3550, 1022024295, 3558, 1022045137, 3566, 1022092496, 3551, 1021127284, 3559, 1021098610, 3567, 1021057847, 4078, 1022096442, 4063, 1021130210]
[INFO] (lattice_cell.c: 455): on tick 33 of 50
[INFO] (lattice_cell.c: 172): the unmatched_packets is 56
[3800, 1037872916, 3816, 1037852115, 3544, 1037872908, 3560, 1037852076, 4072, 1037852125, 3552, 1037866980, 4064, 1037866998, 4056, 1037872905, 3801, 1038300861, 3817, 1038303108, 3545, 1038302898, 4073, 1038301996, 3561, 1038305052, 4065, 1038301740, 4057, 1038299632, 3802, 1038781908, 3818, 1038802645, 3803, 1038348835, 3553, 1038304885, 4074, 1038802593, 3546, 1038781982, 3562, 1038802704, 3547, 1038346770, 3805, 1021985671, 4058, 1038781835, 4075, 1038350994, 3806, 1022006709, 4059, 1038350092, 3807, 1021153522, 3550, 1022004364, 3551, 1021152260, 3559, 1021190547, 4067, 1038351330, 4062, 1022008357, 4070, 1021961340, 3819, 1038349847, 3804, 1021072758, 4068, 1021047167, 4061, 1021984012, 4069, 1022005313, 3820, 1021090966, 4063, 1021153955, 3821, 1021966357, 3822, 1021902595, 3823, 1021243777, 4076, 1021090634, 3554, 1038787869, 4079, 1021244067, 4060, 1021072408, 4077, 1021964782, 4066, 1038787748, 3563, 1038347866, 3548, 1021073878, 3555, 1038348120, 3564, 1021092059, 3549, 1021988047, 4071, 1021191998, 3565, 1021968663, 4078, 1021904181, 3566, 1021900290, 3556, 1021048602, 3557, 1022009213, 3558, 1021957457, 3567, 1021242706]
[INFO] (lattice_cell.c: 455): on tick 34 of 50
[INFO] (lattice_cell.c: 172): the unmatched_packets is 56
[3800, 1037911009, 3816, 1037908189, 3544, 1037911001, 3560, 1037908206, 4072, 1037908170, 3552, 1037916166, 3801, 1038295703, 4064, 1037916170, 3817, 1038296961, 4056, 1037911009, 3802, 1038752330, 3818, 1038755949, 3545, 1038297571, 3546, 1038752383, 3804, 1021077937, 3805, 1021981107, 4074, 1038755923, 4058, 1038752278, 3548, 1021079803, 4066, 1038747001, 3549, 1021983547, 3822, 1022166820, 3557, 1021949860, 3550, 1022066719, 3558, 1022122624, 4077, 1021949964, 4067, 1038344859, 4076, 1021111673, 3803, 1038345423, 3819, 1038339799, 4068, 1021107769, 3820, 1021112611, 4069, 1021946010, 4071, 1021033457, 4063, 1021088110, 3821, 1021951414, 3806, 1022069085, 4073, 1038295966, 3807, 1021086953, 3561, 1038298750, 3823, 1021002070, 3553, 1038299621, 3562, 1038755967, 3554, 1038747070, 3563, 1038337979, 4057, 1038294600, 3547, 1038343534, 3555, 1038341973, 3564, 1021114341, 3556, 1021110624, 4065, 1038296780, 3565, 1021953761, 4070, 1022126323, 4062, 1022070583, 4079, 1021003089, 4075, 1038340831, 4078, 1022168146, 3559, 1021030407, 3566, 1022164636, 4059, 1038346542, 3567, 1021000212, 3551, 1021084947, 4060, 1021076892, 4061, 1021979564]
[INFO] (lattice_cell.c: 455): on tick 35 of 50
[INFO] (lattice_cell.c: 172): the unmatched_packets is 56
[3800, 1037863210, 3816, 1037859875, 3544, 1037863179, 3560, 1037859845, 3552, 1037844542, 4072, 1037859884, 4064, 1037844593, 4056, 1037863224, 3801, 1038300670, 3817, 1038302112, 3545, 1038302684, 3561, 1038304040, 4073, 1038301007, 3553, 1038304398, 4065, 1038301293, 4057, 1038299462, 3802, 1038791374, 3818, 1038794937, 3546, 1038791466, 4074, 1038794919, 3562, 1038794963, 4066, 1038810591, 4058, 1038791298, 3803, 1038351124, 3804, 1021069386, 4075, 1038352999, 3806, 1021913676, 4060, 1021069068, 3807, 1021236850, 3558, 1021881877, 3566, 1021898959, 3551, 1021235671, 4078, 1021903228, 3559, 1021250922, 4070, 1021886154, 4079, 1021238107, 3819, 1038351937, 4059, 1038352367, 3820, 1021058186, 3805, 1021988424, 4067, 1038354612, 4076, 1021057956, 3821, 1022002798, 4068, 1021080107, 3822, 1021901460, 4077, 1022001122, 3554, 1038810716, 4069, 1021972995, 4061, 1021986631, 4062, 1021915441, 4063, 1021237201, 3547, 1038349074, 3563, 1038350049, 3823, 1021237781, 4071, 1021252342, 3555, 1038351495, 3548, 1021070501, 3556, 1021081433, 3564, 1021059247, 3549, 1021990925, 3557, 1021977226, 3565, 1022005194, 3550, 1021911202, 3567, 1021236665]
[INFO] (lattice_cell.c: 455): on tick 36 of 50
[INFO] (lattice_cell.c: 172): the unmatched_packets is 56
[3800, 1037917329, 3816, 1037889194, 3544, 1037917329, 3560, 1037889180, 3552, 1037907309, 4072, 1037889198, 4064, 1037907269, 4056, 1037917326, 3801, 1038294022, 3817, 1038296856, 3545, 1038295918, 3561, 1038298658, 3553, 1038299121, 4065, 1038296242, 4057, 1038292914, 3802, 1038746077, 4073, 1038295845, 3818, 1038775372, 3546, 1038746149, 3562, 1038775438, 4074, 1038775318, 4066, 1038756911, 3803, 1038341704, 4058, 1038746009, 3547, 1038339768, 3821, 1021994926, 3549, 1021951116, 4059, 1038342857, 3822, 1022077675, 4078, 1022078890, 4070, 1022160336, 4062, 1022148479, 4068, 1021079450, 4060, 1021116426, 3819, 1038341605, 4077, 1021993614, 4075, 1038342691, 4067, 1038343091, 3804, 1021117520, 3820, 1021068141, 4071, 1021008565, 3805, 1021948823, 3554, 1038757009, 3555, 1038340059, 4079, 1021086479, 3548, 1021119388, 3806, 1022147140, 3564, 1021069909, 3556, 1021082230, 3563, 1038339732, 3565, 1021997109, 3807, 1021023063, 3557, 1021979311, 3550, 1022145006, 3823, 1021085528, 4069, 1021975704, 3558, 1022157056, 3551, 1021021059, 3559, 1021005626, 3567, 1021083806, 3566, 1022075561, 4061, 1021947390, 4063, 1021024284, 4076, 1021067177]
[INFO] (lattice_cell.c: 455): on tick 37 of 50
[INFO] (lattice_cell.c: 172): the unmatched_packets is 56
[3800, 1037853444, 3816, 1037896061, 3544, 1037853411, 3560, 1037896042, 4072, 1037896071, 3552, 1037881439, 4056, 1037853462, 4064, 1037881468, 3801, 1038300276, 3817, 1038303057, 3545, 1038302254, 4073, 1038301992, 3802, 1038801618, 3818, 1038757424, 3553, 1038306526, 4065, 1038303482, 3803, 1038353194, 3819, 1038349027, 4057, 1038299099, 3562, 1038757456, 4074, 1038757397, 4066, 1038772293, 4058, 1038801553, 3821, 1021955412, 3806, 1021883774, 3565, 1021957935, 4060, 1021072750, 3823, 1021102632, 3559, 1021195542, 3551, 1021256957, 4078, 1022050040, 4061, 1021983686, 4070, 1021947077, 4062, 1021885758, 4063, 1021258622, 3804, 1021073073, 4071, 1021197172, 3820, 1021104059, 3805, 1021985642, 3822, 1022048270, 4075, 1038350071, 3807, 1021258204, 4059, 1038354364, 4079, 1021102952, 4068, 1021068424, 3561, 1038304921, 3546, 1038801704, 3554, 1038772362, 3547, 1038351214, 3555, 1038350544, 3564, 1021105131, 3563, 1038347170, 3548, 1021074188, 3556, 1021069788, 4077, 1021953635, 3549, 1021988313, 3557, 1021980888, 3550, 1021881096, 3558, 1021942557, 3566, 1022045802, 4069, 1021976508, 4067, 1038353497, 3567, 1021101444, 4076, 1021103823]
[INFO] (lattice_cell.c: 455): on tick 38 of 50
[INFO] (lattice_cell.c: 172): the unmatched_packets is 56
[3800, 1037900031, 3816, 1037873621, 3544, 1037900011, 3560, 1037873619, 4072, 1037873608, 3552, 1037874203, 4064, 1037874239, 4056, 1037900042, 3801, 1038296103, 3817, 1038294594, 3545, 1038298042, 3561, 1038296434, 4073, 1038293558, 4065, 1038296153, 4057, 1038294959, 3802, 1038764198, 3818, 1038791029, 3546, 1038764303, 3562, 1038791072, 4074, 1038790979, 4066, 1038790456, 4058, 1038764109, 3803, 1038343058, 3547, 1038341033, 3556, 1021082199, 3564, 1021101898, 3806, 1022115238, 4060, 1021069265, 3558, 1022005929, 3566, 1021975842, 3559, 1021144683, 3567, 1021178671, 4063, 1021052838, 4069, 1021973959, 4078, 1021979073, 4079, 1021181444, 3819, 1038342398, 4067, 1038345834, 3804, 1021070295, 3820, 1021100193, 3805, 1021986881, 3553, 1038299102, 3554, 1038790615, 3821, 1021969525, 4075, 1038343462, 3555, 1038342735, 3563, 1038340518, 3822, 1021977894, 3548, 1021072114, 3807, 1021051756, 3823, 1021180441, 3549, 1021989020, 4076, 1021099238, 3557, 1021977298, 3565, 1021971623, 3550, 1022113242, 4068, 1021079424, 3551, 1021049849, 4071, 1021147440, 4077, 1021968307, 4061, 1021985606, 4070, 1022009176, 4062, 1022116386, 4059, 1038344290]
[INFO] (lattice_cell.c: 455): on tick 39 of 50
[INFO] (lattice_cell.c: 172): the unmatched_packets is 56
[3800, 1037902413, 3816, 1037872276, 3544, 1037902413, 3560, 1037872257, 3552, 1037888764, 4072, 1037872284, 4064, 1037888776, 4056, 1037902401, 3801, 1038299072, 3817, 1038302072, 3545, 1038301008, 3561, 1038303916, 4057, 1038297924, 3819, 1038350163, 4074, 1038782708, 3804, 1021086079, 3562, 1038782777, 3547, 1038348808, 3820, 1021064199, 3805, 1021979182, 4066, 1038765477, 4059, 1038351861, 3549, 1021981965, 4068, 1021090098, 3823, 1021120012, 3566, 1022025833, 4062, 1022003755, 4070, 1022073256, 4076, 1021063968, 3551, 1021149550, 4063, 1021151483, 4075, 1038351179, 4060, 1021085764, 4069, 1021965046, 3802, 1038750781, 3553, 1038304263, 4073, 1038301047, 3546, 1038750838, 3818, 1038782739, 4071, 1021076483, 3803, 1038350737, 4065, 1038301334, 3554, 1038765570, 3821, 1021997373, 4058, 1038750731, 3806, 1022001742, 3555, 1038349289, 3563, 1038348330, 3548, 1021087221, 3822, 1022028437, 3807, 1021150956, 3564, 1021065280, 3556, 1021091470, 4077, 1021995500, 4078, 1022030315, 3557, 1021969742, 3565, 1022000020, 3550, 1021999041, 4067, 1038352253, 3558, 1022068780, 4061, 1021977132, 4079, 1021120305, 3559, 1021074840, 3567, 1021118883]
[INFO] (lattice_cell.c: 455): on tick 40 of 50
[INFO] (lattice_cell.c: 172): the unmatched_packets is 56
[3800, 1037870150, 3816, 1037896744, 3544, 1037870093, 3560, 1037896725, 4072, 1037896749, 3552, 1037885724, 4064, 1037885736, 4056, 1037870186, 3801, 1038295750, 3817, 1038297400, 3545, 1038297724, 4073, 1038296348, 3802, 1038794352, 4065, 1038297756, 4057, 1038294579, 3803, 1038344196, 3546, 1038794475, 3819, 1038342141, 4074, 1038767239, 3820, 1021078100, 4058, 1038794256, 3821, 1021982688, 4059, 1038345428, 3806, 1021968684, 3549, 1021951818, 3557, 1021964743, 3807, 1021191402, 4079, 1021103124, 4077, 1021981594, 4069, 1021961597, 3566, 1022056460, 4075, 1038343245, 4067, 1038345306, 3567, 1021100516, 3818, 1038767286, 3804, 1021106129, 4078, 1022059393, 4070, 1022009942, 3805, 1021949775, 4062, 1021969884, 4066, 1038778353, 3822, 1022058330, 3823, 1021102199, 4060, 1021105061, 4076, 1021077194, 3561, 1038299269, 3554, 1038778487, 3553, 1038300758, 4063, 1021192467, 3562, 1038767347, 3547, 1038342182, 3563, 1038340233, 3555, 1038342219, 3548, 1021107979, 3565, 1021984636, 4068, 1021085138, 3550, 1021966664, 4061, 1021948542, 4071, 1021148992, 3564, 1021079777, 3556, 1021087859, 3551, 1021189599, 3558, 1022006906, 3559, 1021146188]
[INFO] (lattice_cell.c: 455): on tick 41 of 50
[INFO] (lattice_cell.c: 172): the unmatched_packets is 56
[3800, 1037892610, 3816, 1037885012, 3544, 1037892601, 3560, 1037885014, 3552, 1037878525, 4072, 1037885005, 4064, 1037878506, 4056, 1037892595, 3801, 1038301591, 3817, 1038300755, 3545, 1038303490, 3561, 1038302551, 4073, 1038299752, 3553, 1038303791, 4065, 1038300868, 4057, 1038300468, 3802, 1038761957, 4074, 1038768722, 3546, 1038762061, 3804, 1021042314, 3820, 1021094440, 3562, 1038768775, 4066, 1038775823, 3547, 1038349118, 4058, 1038761874, 4075, 1038350285, 3806, 1022042523, 3549, 1022015605, 4068, 1021054920, 3557, 1022004429, 3823, 1021150392, 4077, 1021970313, 3558, 1021987351, 4061, 1022010637, 3559, 1021154712, 4070, 1021992111, 4062, 1022044535, 4076, 1021094182, 3567, 1021149103, 3818, 1038768746, 3803, 1038351061, 4078, 1022002369, 3819, 1038349303, 4071, 1021156451, 3805, 1022012708, 3554, 1038775923, 3821, 1021972227, 3563, 1038347513, 3548, 1021043429, 4069, 1021999670, 4079, 1021150803, 4063, 1021110432, 3556, 1021056303, 3822, 1022000444, 3564, 1021095570, 4060, 1021041999, 3555, 1038349998, 3807, 1021109902, 4067, 1038352904, 3565, 1021974936, 3550, 1022039779, 3566, 1021997780, 4059, 1038352215, 3551, 1021108480]
[INFO] (lattice_cell.c: 455): on tick 42 of 50
[INFO] (lattice_cell.c: 172): the unmatched_packets is 56
[3800, 1037877077, 3816, 1037871516, 3544, 1037877032, 3560, 1037871472, 3801, 1038291529, 3817, 1038296959, 4072, 1037871546, 3802, 1038787268, 3818, 1038793391, 3803, 1038343814, 4056, 1037877108, 3553, 1038298194, 3547, 1038341760, 4058, 1038787205, 3806, 1022053566, 4075, 1038344642, 3822, 1022012362, 3557, 1021948591, 3823, 1021142502, 3566, 1022010465, 3559, 1021099374, 3567, 1021140933, 4069, 1021945473, 4061, 1021912350, 4070, 1022054844, 4079, 1021143337, 4071, 1021101871, 4068, 1021112434, 3819, 1038343527, 3804, 1021160841, 4067, 1038345810, 4059, 1038345046, 4076, 1021099496, 3820, 1021100389, 3805, 1021913600, 3821, 1021959865, 3807, 1021108599, 4060, 1021159850, 4064, 1037879383, 4073, 1038295904, 4077, 1021958750, 4062, 1022054653, 3552, 1037879294, 3545, 1038293536, 4065, 1038295168, 4057, 1038290355, 4074, 1038793340, 3561, 1038298827, 3546, 1038787351, 3562, 1038793469, 3554, 1038785354, 3563, 1038341600, 3555, 1038342663, 3548, 1021162592, 4078, 1022013432, 3564, 1021102046, 3556, 1021115116, 3549, 1021915640, 3565, 1021961806, 3550, 1022051673, 4063, 1021109613, 3558, 1022051934, 3551, 1021106820, 4066, 1038785191]
[INFO] (lattice_cell.c: 455): on tick 43 of 50
[INFO] (lattice_cell.c: 172): the unmatched_packets is 56
[3800, 1037913796, 3816, 1037888023, 3544, 1037913789, 3560, 1037888032, 3552, 1037905390, 4072, 1037888007, 4064, 1037905354, 3801, 1038304188, 3817, 1038303268, 3545, 1038306075, 4056, 1037913781, 3553, 1038308592, 4073, 1038302281, 3802, 1038739426, 3818, 1038766471, 3546, 1038739543, 3803, 1038351116, 3562, 1038766510, 3554, 1038748210, 3804, 1020961136, 3547, 1038349222, 3805, 1022082544, 3806, 1021968490, 3822, 1022036966, 4076, 1021044624, 3823, 1021116918, 3567, 1021115561, 4059, 1038352225, 3561, 1038305041, 4069, 1022015235, 4058, 1038739324, 4071, 1021136445, 4075, 1038349826, 4065, 1038305751, 4066, 1038748083, 3819, 1038348838, 4077, 1022010017, 4061, 1022080556, 3820, 1021044894, 4062, 1021970540, 4079, 1021117397, 4063, 1021185867, 4068, 1021020986, 3821, 1022011904, 3563, 1038347056, 3555, 1038348762, 3548, 1020962392, 3564, 1021046018, 3807, 1021185202, 3556, 1021022497, 3549, 1022085284, 3565, 1022014636, 3557, 1022019960, 3550, 1021965690, 3566, 1022034293, 3558, 1022012094, 4067, 1038351629, 3551, 1021183626, 4060, 1020960727, 3559, 1021134367, 4074, 1038766430, 4078, 1022038847, 4070, 1022016743, 4057, 1038303078]
[INFO] (lattice_cell.c: 455): on tick 44 of 50
[INFO] (lattice_cell.c: 172): the unmatched_packets is 56
[3800, 1037857027, 3816, 1037877288, 3544, 1037856974, 3560, 1037877254, 3552, 1037851895, 3801, 1038292120, 4064, 1037851965, 3817, 1038292564, 4056, 1037857076, 3545, 1038294122, 3802, 1038807807, 3818, 1038787062, 4073, 1038291500, 3803, 1038344736, 3561, 1038294461, 3553, 1038295145, 4065, 1038292076, 3546, 1038807895, 4057, 1038290955, 4074, 1038787027, 3820, 1021143016, 4066, 1038813183, 4058, 1038807734, 4067, 1038346399, 3822, 1022047971, 3557, 1021878794, 3565, 1021937759, 3558, 1022016012, 4062, 1022028220, 4079, 1021116029, 4077, 1021934682, 4078, 1022049010, 4076, 1021142207, 3567, 1021113813, 4075, 1038342634, 3819, 1038341526, 4060, 1021219702, 3804, 1021220630, 3805, 1021849767, 4061, 1021848327, 3821, 1021935828, 3806, 1022027049, 3807, 1021130074, 4063, 1021130917, 4072, 1037877313, 3823, 1021115290, 4068, 1021192588, 4071, 1021134990, 3562, 1038787105, 3554, 1038813277, 3547, 1038342653, 3555, 1038343245, 3563, 1038339592, 3548, 1021222297, 3556, 1021195020, 4069, 1021875511, 3564, 1021144564, 3549, 1021851994, 4070, 1022019050, 4059, 1038346007, 3550, 1022025105, 3566, 1022046139, 3551, 1021128465, 3559, 1021132661]
[INFO] (lattice_cell.c: 455): on tick 45 of 50
[INFO] (lattice_cell.c: 172): the unmatched_packets is 56
[3800, 1037905475, 3816, 1037906943, 3544, 1037905454, 3560, 1037906953, 3552, 1037906552, 3801, 1038302046, 3817, 1038306058, 4072, 1037906931, 3802, 1038748807, 3561, 1038307803, 4056, 1037905464, 3553, 1038307390, 3804, 1020977711, 4073, 1038305086, 3820, 1020989544, 4065, 1038304533, 4057, 1038300901, 4075, 1038349754, 3806, 1022033827, 3822, 1021989257, 3550, 1022031119, 3807, 1021123258, 3551, 1021121576, 4079, 1021165943, 4076, 1020989146, 4070, 1022008940, 4062, 1022035793, 4071, 1021137793, 4066, 1038747423, 3818, 1038746464, 4059, 1038351225, 4064, 1037906565, 3803, 1038350113, 3819, 1038348797, 4074, 1038746399, 4058, 1038748701, 4077, 1022053476, 4078, 1021991125, 3805, 1022075842, 3821, 1022055253, 3823, 1021165329, 3545, 1038303951, 3546, 1038748944, 3562, 1038746529, 3554, 1038747619, 3547, 1038348235, 3563, 1038347051, 3555, 1038350967, 3548, 1020979003, 3556, 1020936540, 3549, 1022078460, 3564, 1020990826, 4063, 1021124031, 3557, 1022110557, 4068, 1020934792, 4060, 1020977300, 4061, 1022074029, 3565, 1022057879, 3558, 1022004323, 3566, 1021986603, 3567, 1021163831, 3559, 1021135603, 4067, 1038353801, 4069, 1022106180]
[INFO] (lattice_cell.c: 455): on tick 46 of 50
[INFO] (lattice_cell.c: 172): the unmatched_packets is 56
[3800, 1037891481, 3816, 1037847199, 3544, 1037891435, 3560, 1037847165, 4072, 1037847213, 3801, 1038293494, 3552, 1037871594, 3817, 1038293427, 3561, 1038295321, 3818, 1038818254, 3553, 1038297862, 4056, 1037891514, 3819, 1038344334, 3562, 1038818293, 4073, 1038292360, 3547, 1038341424, 4057, 1038292366, 4074, 1038818236, 3805, 1021930427, 3821, 1021856192, 3556, 1021199330, 4076, 1021216991, 3565, 1021858314, 3822, 1022029780, 3807, 1021155336, 3558, 1022042200, 3566, 1022027869, 4070, 1022045222, 3823, 1021120730, 4062, 1022009912, 3551, 1021153786, 4077, 1021854880, 4061, 1021928856, 4078, 1022030950, 4079, 1021121353, 3545, 1038295463, 4071, 1021107372, 3802, 1038772009, 4067, 1038346702, 4059, 1038344774, 3803, 1038343508, 4066, 1038792580, 3804, 1021134493, 3820, 1021217658, 4058, 1038771929, 4060, 1021133581, 3806, 1022008700, 4064, 1037871642, 3546, 1038772103, 3554, 1038792678, 3563, 1038342391, 3555, 1038343492, 3548, 1021136113, 3564, 1021219059, 3549, 1021932744, 3557, 1021864464, 4068, 1021197071, 3550, 1022006746, 3559, 1021105269, 4063, 1021156142, 3567, 1021119374, 4065, 1038294878, 4075, 1038345444, 4069, 1021860783]
[INFO] (lattice_cell.c: 455): on tick 47 of 50
[INFO] (lattice_cell.c: 172): the unmatched_packets is 56
[3800, 1037866660, 3816, 1037904327, 3544, 1037866652, 3560, 1037904305, 4072, 1037904327, 3552, 1037889578, 4064, 1037889571, 4056, 1037866646, 3801, 1038301619, 3817, 1038303287, 3545, 1038303531, 3561, 1038305056, 4073, 1038302304, 4065, 1038303066, 3553, 1038305991, 4057, 1038300470, 3802, 1038788436, 3546, 1038788564, 3818, 1038749926, 4074, 1038749849, 3562, 1038750022, 3554, 1038764813, 4066, 1038764639, 3803, 1038349563, 3819, 1038346574, 4058, 1038788323, 3805, 1021953836, 3555, 1038347733, 3556, 1021025454, 4059, 1038350671, 4060, 1021098911, 4068, 1021023648, 4071, 1021134849, 3567, 1021123147, 4070, 1022023326, 4063, 1021147190, 4061, 1021952116, 4076, 1020952174, 3804, 1021099428, 4075, 1038347554, 3547, 1038347693, 3820, 1020952639, 3563, 1038344807, 3821, 1022104536, 4069, 1022022791, 3806, 1022011706, 4067, 1038350552, 3822, 1022040085, 3807, 1021146313, 3823, 1021124657, 4079, 1021125296, 4077, 1022102967, 4062, 1022013650, 3549, 1021956477, 3565, 1022106942, 3548, 1021100777, 3557, 1022026855, 3564, 1020954002, 3550, 1022008963, 3566, 1022037568, 3558, 1022018918, 3551, 1021144529, 3559, 1021132419, 4078, 1022041775]
[INFO] (lattice_cell.c: 455): on tick 48 of 50
[INFO] (lattice_cell.c: 172): the unmatched_packets is 56
[3800, 1037900980, 3816, 1037883041, 3544, 1037900918, 3560, 1037883038, 4072, 1037883047, 3552, 1037891091, 3801, 1038293070, 3802, 1038762905, 3545, 1038295068, 4064, 1037891155, 3561, 1038297032, 3803, 1038346380, 3554, 1038772863, 3547, 1038344290, 3820, 1021161789, 3549, 1022040242, 3565, 1021907477, 3822, 1022022938, 3558, 1021989340, 3551, 1021127672, 3559, 1021148959, 3823, 1021127290, 4056, 1037901024, 4059, 1038347636, 4060, 1021029847, 3553, 1038297821, 4069, 1021979326, 4061, 1022036333, 4079, 1021127900, 3817, 1038295185, 4063, 1021129778, 4057, 1038291906, 4065, 1038294866, 4074, 1038780709, 3818, 1038780745, 4075, 1038345875, 4067, 1038349401, 4077, 1021903687, 4062, 1022026069, 4073, 1038294177, 3819, 1038344813, 4071, 1021150995, 3804, 1021030578, 4066, 1038772735, 3546, 1038763000, 4058, 1038762818, 4076, 1021161174, 3805, 1022037909, 3821, 1021905189, 3562, 1038780782, 3806, 1022024755, 3555, 1038346280, 3548, 1021032034, 3563, 1038342905, 3807, 1021129138, 3556, 1021079772, 3564, 1021163113, 3557, 1021983143, 3550, 1022022704, 4070, 1021992692, 3566, 1022020910, 3567, 1021125910, 4078, 1022024250, 4068, 1021077629]
[INFO] (lattice_cell.c: 455): on tick 49 of 50
[INFO] (lattice_cell.c: 172): the unmatched_packets is 56
[3800, 1037895722, 3816, 1037876489, 3544, 1037895682, 3560, 1037876475, 3552, 1037863529, 4072, 1037876486, 4064, 1037863548, 4056, 1037895734, 3801, 1038302375, 3817, 1038302928, 3545, 1038304252, 3561, 1038304716, 4073, 1038301913, 4065, 1038303553, 3802, 1038757998, 3818, 1038778081, 4057, 1038301264, 3546, 1038758173, 3562, 1038778129, 3554, 1038791710, 3803, 1038347621, 4074, 1038778018, 3547, 1038345724, 3820, 1021080000, 4058, 1038757876, 4059, 1038348773, 4076, 1021079451, 3557, 1021926618, 3550, 1022022226, 3823, 1021129480, 4069, 1021922548, 4078, 1022025556, 3559, 1021119326, 4061, 1021943282, 3819, 1038348925, 3804, 1021104788, 3805, 1021944937, 4068, 1021120847, 4060, 1021104071, 4077, 1021975455, 3821, 1021976894, 4070, 1022036899, 4062, 1022026387, 4071, 1021121754, 3806, 1022024701, 3822, 1022024016, 3807, 1021141425, 4079, 1021130135, 4063, 1021142382, 3553, 1038306421, 3563, 1038347154, 3555, 1038347266, 3551, 1021139556, 4066, 1038791521, 3548, 1021106371, 3556, 1021122922, 3564, 1021081425, 4075, 1038349924, 3549, 1021947441, 3565, 1021979229, 4067, 1038350186, 3558, 1022032862, 3566, 1022021623, 3567, 1021127903]
[INFO] (lattice_cell.c: 455): on tick 50 of 50
[INFO] (lattice_cell.c: 466): updating recording regions
[INFO] (recording.c: 507): 	Finalising channel 0 - state info stored in SDRAM
[INFO] (recording.c: 512): closed channel 0.
[INFO] (lattice_cell.c: 470): Simulation complete.

