[INFO] (lattice_cell.c: 604): starting lattice cell
[INFO] (lattice_cell.c: 526): Initialise: started
[INFO] (data_specification.c: 78): magic = ad130ad6, version = 1.0
[INFO] (lattice_cell.c: 555): my key is 7392
[INFO] (lattice_cell.c: 562): I'm in position ( 28, 28)
[INFO] (lattice_cell.c: 568): my n key is 7136
[INFO] (lattice_cell.c: 574): my U_X = -0.009988944046199322
[INFO] (lattice_cell.c: 575): my U_Y = 0.00035355339059606194
[INFO] (lattice_cell.c: 583): input_buffer initialised
[INFO] (recording.c: 563): Recording 1 regions, using output tag 0, size before trigger 7686388, time between triggers 50
[INFO] (recording.c: 665): Recording channel 0 configured to use 7686132 byte memory block starting at 0x6359367c
[INFO] (lattice_cell.c: 588): Recording flags = 0x00000001
[INFO] (lattice_cell.c: 619): setting timer to execute every 200000 microseconds
[INFO] (lattice_cell.c: 627): Starting

[INFO] (simulation.c: 159): Setting the runtime of this model to 50 starting at 0
[INFO] (simulation.c: 161): Setting the flag of infinite run for this model to 0
[INFO] (simulation.c: 175): Resuming
[INFO] (lattice_cell.c: 455): on tick 0 of 50
[7384, 1037887887, 7656, 1037884871, 7640, 1037887885, 7400, 1037884873, 7136, 1037885276, 7648, 1037885270, 7128, 1037887893, 7144, 1037884879, 7385, 1038334680, 7657, 1038337402, 7641, 1038337466, 7401, 1038334616, 7137, 1038331230, 7649, 1038337410, 7129, 1038331288, 7145, 1038331226, 7386, 1038776241, 7658, 1038779503, 7642, 1038776239, 7138, 1038779072, 7402, 1038779505, 7387, 1038303044, 7130, 1038776247, 7403, 1038302982, 7659, 1038300204, 7643, 1038300266, 7388, 1021125564, 7146, 1038779511, 7651, 1038300210, 7661, 1022022027, 7407, 1021092803, 7141, 1022015040, 7404, 1021122544, 7389, 1022015802, 7405, 1022019073, 7650, 1038779066, 7390, 1021982282, 7406, 1021985542, 7391, 1021095812, 7139, 1038306374, 7150, 1021989134, 7140, 1021119755, 7132, 1021122376, 7143, 1021096388, 7135, 1021098999, 7151, 1021095990, 7148, 1021119356, 7142, 1021988695, 7134, 1021985874, 7133, 1022012209, 7149, 1022015480, 7147, 1038306370, 7660, 1021125162, 7131, 1038306432, 7644, 1021128186, 7652, 1021125563, 7645, 1022018754, 7653, 1022021588, 7662, 1021982596, 7646, 1021979340, 7654, 1021982161, 7663, 1021090191, 7647, 1021093200, 7655, 1021090592]
[INFO] (lattice_cell.c: 455): on tick 1 of 50
[INFO] (lattice_cell.c: 172): the unmatched_packets is 56
[7384, 1037887799, 7656, 1037880041, 7400, 1037880039, 7136, 1037881089, 7640, 1037887801, 7648, 1037881095, 7128, 1037887795, 7144, 1037880041, 7385, 1038342622, 7657, 1038345678, 7401, 1038342954, 7641, 1038345338, 7649, 1038345634, 7137, 1038339580, 7129, 1038339290, 7145, 1038339628, 7386, 1038766387, 7658, 1038774443, 7402, 1038774437, 7642, 1038766385, 7387, 1038311539, 7138, 1038773350, 7659, 1038308771, 7404, 1021121352, 7389, 1022019981, 7662, 1021980887, 7654, 1021979432, 7655, 1021083214, 7132, 1021109969, 7403, 1038311487, 7388, 1021112842, 7149, 1022006476, 7150, 1021988326, 7142, 1021986869, 7147, 1038314812, 7131, 1038314859, 7139, 1038314816, 7148, 1021118468, 7130, 1038766391, 7146, 1038774439, 7405, 1022010443, 7390, 1021973560, 7133, 1022016018, 7406, 1021984353, 7391, 1021094272, 7407, 1021083970, 7134, 1021977523, 7135, 1021097140, 7151, 1021086851, 7643, 1038308815, 7650, 1038773358, 7661, 1022013926, 7143, 1021088234, 7140, 1021117308, 7651, 1038308781, 7660, 1021123499, 7644, 1021114991, 7652, 1021122342, 7645, 1022023465, 7653, 1022015235, 7141, 1022007784, 7646, 1021970080, 7663, 1021081820, 7647, 1021092114]
[INFO] (lattice_cell.c: 455): on tick 2 of 50
[INFO] (lattice_cell.c: 172): the unmatched_packets is 56
[7384, 1037871663, 7656, 1037884829, 7400, 1037884831, 7136, 1037882690, 7640, 1037871653, 7648, 1037882680, 7128, 1037871669, 7144, 1037884835, 7385, 1038336458, 7657, 1038338130, 7401, 1038335314, 7137, 1038332088, 7641, 1038339270, 7649, 1038338339, 7129, 1038333027, 7145, 1038331872, 7386, 1038793752, 7658, 1038780432, 7402, 1038780434, 7642, 1038793754, 7387, 1038303333, 7650, 1038782611, 7138, 1038782613, 7659, 1038300427, 7389, 1021971208, 7651, 1038300437, 7405, 1022017929, 7660, 1021126439, 7130, 1038793750, 7407, 1021093028, 7645, 1021974052, 7663, 1021090533, 7655, 1021089272, 7132, 1021161939, 7403, 1038303241, 7388, 1021165028, 7404, 1021123943, 7135, 1021089386, 7390, 1021993941, 7131, 1038306758, 7406, 1021986649, 7140, 1021127067, 7391, 1021086335, 7148, 1021120875, 7146, 1038780430, 7149, 1022014439, 7139, 1038306674, 7147, 1038306666, 7151, 1021096082, 7133, 1021967724, 7142, 1021991496, 7141, 1022007273, 7143, 1021094820, 7150, 1021990127, 7643, 1038300517, 7644, 1021167542, 7652, 1021132621, 7661, 1022020791, 7653, 1022013617, 7662, 1021983799, 7646, 1021991095, 7654, 1021985164, 7134, 1021997427, 7647, 1021083847]
[INFO] (lattice_cell.c: 455): on tick 3 of 50
[INFO] (lattice_cell.c: 172): the unmatched_packets is 56
[7384, 1037925554, 7656, 1037882345, 7400, 1037882345, 7136, 1037893690, 7640, 1037925570, 7648, 1037893698, 7128, 1037925530, 7144, 1037882339, 7385, 1038340754, 7657, 1038345334, 7137, 1038338353, 7401, 1038342672, 7641, 1038343446, 7649, 1038344294, 7129, 1038337470, 7145, 1038339404, 7386, 1038727023, 7658, 1038772158, 7138, 1038760306, 7402, 1038772160, 7642, 1038727017, 7650, 1038760302, 7130, 1038727041, 7146, 1038772162, 7387, 1038312644, 7659, 1038308974, 7139, 1038315108, 7403, 1038311637, 7643, 1038309974, 7651, 1038309186, 7131, 1038315905, 7388, 1021003139, 7404, 1021116419, 7660, 1021118665, 7147, 1038314898, 7652, 1021092891, 7405, 1022017160, 7653, 1022050332, 7647, 1021115982, 7655, 1021093078, 7390, 1021949625, 7135, 1021121204, 7406, 1021981983, 7133, 1022132210, 7391, 1021118234, 7407, 1021085763, 7143, 1021098304, 7389, 1022136253, 7151, 1021088748, 7148, 1021113431, 7141, 1022042759, 7149, 1022013109, 7142, 1021976307, 7150, 1021986031, 7140, 1021087680, 7661, 1022020688, 7644, 1021005330, 7645, 1022139771, 7662, 1021978460, 7134, 1021953668, 7646, 1021946085, 7654, 1021968734, 7663, 1021083513, 7132, 1021000224]
[INFO] (lattice_cell.c: 455): on tick 4 of 50
[INFO] (lattice_cell.c: 172): the unmatched_packets is 56
[7384, 1037847974, 7656, 1037875179, 7400, 1037875178, 7640, 1037847952, 7136, 1037850527, 7648, 1037850509, 7128, 1037848012, 7144, 1037875182, 7385, 1038334748, 7657, 1038339450, 7401, 1038336602, 7641, 1038337557, 7649, 1038339705, 7137, 1038333423, 7145, 1038333139, 7129, 1038331311, 7386, 1038817364, 7658, 1038790408, 7650, 1038815743, 7388, 1021301113, 7651, 1038300075, 7660, 1021148594, 7390, 1021989804, 7661, 1021993454, 7645, 1021840627, 7391, 1021091064, 7653, 1021917411, 7662, 1021992332, 7132, 1021298016, 7402, 1038790412, 7149, 1021987244, 7387, 1038303406, 7134, 1021993178, 7151, 1021088189, 7143, 1021073366, 7131, 1038306868, 7403, 1038303010, 7130, 1038817342, 7146, 1038790412, 7139, 1038306369, 7404, 1021146221, 7389, 1021837830, 7405, 1021990654, 7406, 1021995118, 7407, 1021085266, 7140, 1021216953, 7135, 1021094000, 7147, 1038306470, 7659, 1038300167, 7148, 1021143273, 7142, 1022014072, 7150, 1021998518, 7643, 1038300581, 7133, 1021834446, 7642, 1038817390, 7646, 1021987026, 7138, 1038815729, 7141, 1021911156, 7644, 1021303641, 7652, 1021222373, 7663, 1021082922, 7654, 1022007887, 7647, 1021088702, 7655, 1021068101]
[INFO] (lattice_cell.c: 455): on tick 5 of 50
[INFO] (lattice_cell.c: 172): the unmatched_packets is 56
[7384, 1037893845, 7656, 1037908954, 7136, 1037924430, 7400, 1037908952, 7640, 1037893893, 7648, 1037924478, 7128, 1037893802, 7144, 1037908954, 7385, 1038340894, 7657, 1038344036, 7137, 1038339381, 7401, 1038341398, 7641, 1038343574, 7649, 1038345305, 7129, 1038337628, 7145, 1038338167, 7386, 1038760282, 7138, 1038728582, 7658, 1038744541, 7642, 1038760272, 7402, 1038744547, 7650, 1038728552, 7387, 1038313074, 7403, 1038312079, 7659, 1038309460, 7388, 1020997375, 7651, 1038310061, 7146, 1038744549, 7660, 1021045877, 7407, 1021104434, 7653, 1022184206, 7404, 1021043566, 7389, 1022139416, 7142, 1021969855, 7151, 1021107525, 7134, 1021988876, 7131, 1038316297, 7130, 1038760308, 7405, 1022095450, 7150, 1021966544, 7390, 1021984773, 7406, 1021962453, 7391, 1021085355, 7133, 1022135287, 7143, 1021105574, 7140, 1020949843, 7147, 1038315299, 7135, 1021088436, 7132, 1020994514, 7148, 1021040503, 7141, 1022176620, 7149, 1022091402, 7661, 1022098966, 7643, 1038310449, 7644, 1020999518, 7652, 1020955041, 7645, 1022142951, 7662, 1021958912, 7646, 1021981200, 7663, 1021102071, 7654, 1021962193, 7647, 1021082970, 7655, 1021100133, 7139, 1038315897]
[INFO] (lattice_cell.c: 455): on tick 6 of 50
[INFO] (lattice_cell.c: 172): the unmatched_packets is 56
[7384, 1037897427, 7656, 1037841534, 7136, 1037865189, 7400, 1037841544, 7640, 1037897400, 7648, 1037865124, 7128, 1037897459, 7144, 1037841560, 7385, 1038334449, 7657, 1038338141, 7137, 1038332990, 7401, 1038335332, 7641, 1038337251, 7649, 1038339225, 7129, 1038331002, 7145, 1038331881, 7138, 1038799681, 7386, 1038766255, 7658, 1038824891, 7402, 1038824881, 7387, 1038304559, 7403, 1038302552, 7650, 1038799719, 7659, 1038299691, 7130, 1038766245, 7391, 1021103040, 7406, 1022008728, 7407, 1021072076, 7646, 1021977268, 7647, 1021100837, 7642, 1038766251, 7388, 1021142086, 7151, 1021074877, 7135, 1021105857, 7147, 1038306037, 7404, 1021276808, 7389, 1021995699, 7141, 1021859737, 7405, 1021863920, 7390, 1021980015, 7149, 1021860510, 7139, 1038306632, 7150, 1022012069, 7134, 1021983354, 7142, 1021986357, 7132, 1021139049, 7148, 1021273894, 7143, 1021100273, 7140, 1021267532, 7651, 1038300307, 7643, 1038301715, 7660, 1021279154, 7146, 1038824871, 7131, 1038308039, 7644, 1021144542, 7652, 1021272989, 7661, 1021866780, 7645, 1021998517, 7653, 1021865945, 7662, 1022005966, 7133, 1021992331, 7663, 1021069849, 7654, 1021980254, 7655, 1021095241]
[INFO] (lattice_cell.c: 455): on tick 7 of 50
[INFO] (lattice_cell.c: 172): the unmatched_packets is 56
[7384, 1037884653, 7656, 1037909446, 7136, 1037873201, 7400, 1037909426, 7640, 1037884683, 7648, 1037873262, 7128, 1037884625, 7144, 1037909398, 7385, 1038341180, 7657, 1038343833, 7137, 1038338684, 7401, 1038341187, 7641, 1038343830, 7649, 1038344571, 7129, 1038337951, 7145, 1038337938, 7138, 1038781619, 7386, 1038768459, 7658, 1038744547, 7642, 1038768481, 7402, 1038744561, 7650, 1038781605, 7130, 1038768457, 7387, 1038313248, 7659, 1038309833, 7643, 1038310639, 7660, 1020961891, 7390, 1021970054, 7661, 1022184432, 7407, 1021087541, 7654, 1021985736, 7403, 1038312413, 7388, 1021140308, 7404, 1020959622, 7131, 1038316436, 7389, 1021991986, 7143, 1021082565, 7135, 1021102331, 7151, 1021090717, 7405, 1022180987, 7140, 1021071804, 7148, 1020956616, 7147, 1038315596, 7141, 1022055925, 7406, 1021980693, 7146, 1038744577, 7149, 1022176937, 7391, 1021099130, 7134, 1021974160, 7150, 1021984803, 7139, 1038315568, 7132, 1021137270, 7142, 1021993390, 7651, 1038309793, 7133, 1021987959, 7644, 1021142599, 7652, 1021077030, 7645, 1021995432, 7653, 1022063484, 7662, 1021977154, 7646, 1021966500, 7663, 1021085079, 7647, 1021096630, 7655, 1021076884]
[INFO] (lattice_cell.c: 455): on tick 8 of 50
[INFO] (lattice_cell.c: 172): the unmatched_packets is 56
[7384, 1037883806, 7656, 1037886460, 7136, 1037890248, 7400, 1037886480, 7640, 1037883790, 7648, 1037890226, 7128, 1037883826, 7144, 1037886508, 7385, 1038334014, 7657, 1038338837, 7137, 1038331722, 7401, 1038336050, 7641, 1038336828, 7649, 1038337978, 7129, 1038330555, 7145, 1038332609, 7138, 1038774596, 7386, 1038780852, 7658, 1038777879, 7402, 1038777873, 7642, 1038780842, 7130, 1038780861, 7146, 1038777867, 7650, 1038774570, 7387, 1038304650, 7659, 1038300345, 7403, 1038303204, 7388, 1021129511, 7651, 1038301124, 7660, 1021202236, 7406, 1021978847, 7652, 1021103143, 7391, 1021103699, 7661, 1021939705, 7653, 1022040096, 7646, 1021976985, 7140, 1021098003, 7655, 1021087157, 7404, 1021199924, 7389, 1022008007, 7405, 1021936835, 7390, 1021979753, 7407, 1021101576, 7151, 1021104282, 7148, 1021197027, 7133, 1022004544, 7149, 1021933447, 7142, 1021997064, 7135, 1021106405, 7147, 1038306692, 7150, 1021982193, 7143, 1021091902, 7131, 1038308136, 7132, 1021126661, 7141, 1022033772, 7139, 1038307458, 7134, 1021983078, 7643, 1038301791, 7662, 1021976085, 7644, 1021131796, 7645, 1022010941, 7654, 1021990937, 7663, 1021099510, 7647, 1021101623]
[INFO] (lattice_cell.c: 455): on tick 9 of 50
[INFO] (lattice_cell.c: 172): the unmatched_packets is 56
[7384, 1037880992, 7136, 1037886601, 7656, 1037870856, 7400, 1037870850, 7640, 1037881020, 7648, 1037886625, 7128, 1037880978, 7144, 1037870844, 7385, 1038340183, 7657, 1038344803, 7137, 1038338893, 7401, 1038342180, 7641, 1038342811, 7649, 1038344746, 7129, 1038336958, 7145, 1038338962, 7386, 1038772812, 7138, 1038766730, 7658, 1038783758, 7402, 1038783742, 7642, 1038772850, 7650, 1038766776, 7130, 1038772794, 7146, 1038783731, 7387, 1038313811, 7139, 1038315933, 7659, 1038309148, 7403, 1038311719, 7643, 1038311222, 7404, 1021135442, 7651, 1038310191, 7660, 1021137824, 7131, 1038316991, 7406, 1021982511, 7652, 1021127401, 7407, 1021085389, 7646, 1021975912, 7388, 1021111203, 7389, 1022022295, 7405, 1021999593, 7134, 1021983499, 7390, 1021979414, 7391, 1021091290, 7133, 1022018357, 7150, 1021986572, 7135, 1021094578, 7140, 1021121819, 7132, 1021108064, 7148, 1021132316, 7141, 1022002987, 7149, 1021995620, 7142, 1021983931, 7143, 1021092247, 7151, 1021088671, 7147, 1038314880, 7644, 1021113630, 7661, 1022002946, 7645, 1022025609, 7653, 1022010250, 7662, 1021979047, 7654, 1021976353, 7663, 1021082818, 7647, 1021088684, 7655, 1021086410]
[INFO] (lattice_cell.c: 455): on tick 10 of 50
[INFO] (lattice_cell.c: 172): the unmatched_packets is 56
[7384, 1037891386, 7136, 1037884301, 7656, 1037879375, 7400, 1037879373, 7640, 1037891384, 7648, 1037884287, 7128, 1037891394, 7144, 1037879364, 7137, 1038332148, 7385, 1038333796, 7657, 1038337767, 7401, 1038334979, 7641, 1038336603, 7649, 1038338386, 7129, 1038330340, 7145, 1038331539, 7138, 1038780338, 7386, 1038772644, 7658, 1038786198, 7402, 1038786218, 7642, 1038772626, 7130, 1038772664, 7650, 1038780300, 7146, 1038786234, 7139, 1038307596, 7387, 1038305151, 7659, 1038301513, 7403, 1038304355, 7643, 1038302297, 7407, 1021089840, 7655, 1021096754, 7388, 1021115152, 7133, 1022018577, 7404, 1021103913, 7131, 1038308635, 7134, 1021989379, 7389, 1022022127, 7405, 1022037083, 7143, 1021101333, 7141, 1021994414, 7149, 1022033544, 7390, 1021986028, 7406, 1021988549, 7142, 1021986156, 7391, 1021098670, 7150, 1021991946, 7140, 1021134763, 7151, 1021092441, 7147, 1038307829, 7135, 1021101286, 7132, 1021112420, 7148, 1021101209, 7660, 1021106019, 7651, 1038301274, 7644, 1021117287, 7652, 1021139599, 7661, 1022040103, 7645, 1022025161, 7653, 1022000986, 7662, 1021985693, 7646, 1021983181, 7654, 1021979946, 7663, 1021087866, 7647, 1021096666]
[INFO] (lattice_cell.c: 455): on tick 11 of 50
[INFO] (lattice_cell.c: 172): the unmatched_packets is 56
[7384, 1037887095, 7656, 1037892379, 7400, 1037892374, 7136, 1037876813, 7128, 1037887101, 7648, 1037876811, 7640, 1037887105, 7144, 1037892372, 7385, 1038340238, 7657, 1038344208, 7137, 1038338454, 7401, 1038341592, 7641, 1038342874, 7649, 1038344291, 7129, 1038337016, 7145, 1038338385, 7386, 1038766101, 7658, 1038761355, 7138, 1038777448, 7402, 1038761341, 7642, 1038766152, 7650, 1038777500, 7130, 1038766061, 7146, 1038761331, 7387, 1038313742, 7659, 1038309191, 7139, 1038315209, 7388, 1021123746, 7404, 1021112418, 7651, 1038309463, 7660, 1021114972, 7405, 1022023765, 7644, 1021126295, 7652, 1021125440, 7655, 1021082953, 7403, 1038311759, 7389, 1022008448, 7135, 1021099133, 7151, 1021068788, 7134, 1021979784, 7148, 1021109155, 7406, 1022005566, 7390, 1021975773, 7141, 1022004794, 7149, 1022019953, 7140, 1021119665, 7407, 1021065463, 7391, 1021095789, 7147, 1038314928, 7142, 1021991225, 7143, 1021088941, 7132, 1021120481, 7643, 1038311154, 7661, 1022026938, 7131, 1038316923, 7133, 1022004621, 7645, 1022011615, 7653, 1022011819, 7662, 1022002235, 7150, 1022009511, 7646, 1021972377, 7654, 1021983864, 7663, 1021062840, 7647, 1021093117]
[INFO] (lattice_cell.c: 455): on tick 12 of 50
[INFO] (lattice_cell.c: 172): the unmatched_packets is 56
[7136, 1037878272, 7384, 1037887950, 7656, 1037869923, 7400, 1037869933, 7640, 1037887962, 7128, 1037887944, 7648, 1037878292, 7144, 1037869951, 7137, 1038331466, 7385, 1038333548, 7657, 1038337800, 7401, 1038335033, 7641, 1038336335, 7129, 1038330104, 7649, 1038337668, 7145, 1038331609, 7138, 1038786737, 7386, 1038776228, 7658, 1038795155, 7402, 1038795157, 7642, 1038776210, 7650, 1038786690, 7130, 1038776251, 7146, 1038795161, 7139, 1038308487, 7387, 1038306271, 7659, 1038299382, 7403, 1038302176, 7388, 1021128999, 7643, 1038303424, 7660, 1021120018, 7661, 1022025112, 7662, 1021929375, 7407, 1021154513, 7140, 1021105906, 7655, 1021101681, 7148, 1021115450, 7404, 1021118030, 7134, 1021979412, 7150, 1021936007, 7389, 1022007081, 7135, 1021107729, 7151, 1021157038, 7405, 1022021967, 7390, 1021975954, 7141, 1022024550, 7406, 1021932431, 7391, 1021105141, 7143, 1021106141, 7131, 1038309735, 7147, 1038305606, 7133, 1022003393, 7149, 1022018321, 7142, 1021981027, 7132, 1021126367, 7651, 1038302216, 7644, 1021131002, 7652, 1021110476, 7645, 1022010243, 7653, 1022031370, 7646, 1021973014, 7654, 1021974563, 7663, 1021152585, 7647, 1021103216]
[INFO] (lattice_cell.c: 455): on tick 13 of 50
[INFO] (lattice_cell.c: 172): the unmatched_packets is 56
[7136, 1037899112, 7384, 1037885714, 7656, 1037912646, 7400, 1037912636, 7128, 1037885718, 7640, 1037885710, 7648, 1037899134, 7144, 1037912628, 7137, 1038338552, 7385, 1038339938, 7657, 1038344836, 7401, 1038342228, 7129, 1038336704, 7641, 1038342582, 7649, 1038344407, 7145, 1038339020, 7138, 1038754022, 7386, 1038767920, 7658, 1038740541, 7402, 1038740525, 7642, 1038767956, 7650, 1038754049, 7130, 1038767872, 7146, 1038740529, 7139, 1038317779, 7387, 1038313533, 7659, 1038309134, 7403, 1038311750, 7643, 1038310927, 7388, 1021124601, 7404, 1021152212, 7131, 1038316737, 7147, 1038314975, 7660, 1021154840, 7389, 1022006770, 7405, 1021981654, 7644, 1021127259, 7652, 1021127692, 7653, 1022009211, 7647, 1021084006, 7655, 1021034945, 7390, 1021987139, 7143, 1021041001, 7151, 1020979649, 7149, 1021977983, 7133, 1022003074, 7406, 1022094348, 7142, 1022030472, 7134, 1021991006, 7391, 1021086730, 7150, 1022098015, 7135, 1021090106, 7407, 1020976292, 7148, 1021148875, 7141, 1022002505, 7646, 1021983904, 7651, 1038311982, 7661, 1021984691, 7645, 1022009818, 7140, 1021121679, 7662, 1022091311, 7654, 1022023533, 7663, 1020973623, 7132, 1021121249]
[INFO] (lattice_cell.c: 455): on tick 14 of 50
[INFO] (lattice_cell.c: 172): the unmatched_packets is 56
[7136, 1037856854, 7384, 1037874660, 7656, 1037843253, 7400, 1037843251, 7640, 1037874666, 7648, 1037856832, 7128, 1037874659, 7144, 1037843249, 7137, 1038331060, 7385, 1038332980, 7657, 1038337017, 7401, 1038334268, 7641, 1038335747, 7649, 1038337216, 7145, 1038330876, 7129, 1038329572, 7138, 1038808481, 7386, 1038789927, 7658, 1038822826, 7402, 1038822830, 7130, 1038789933, 7642, 1038789929, 7650, 1038808488, 7146, 1038822850, 7387, 1038304260, 7403, 1038304642, 7659, 1038301910, 7643, 1038301460, 7405, 1022030778, 7139, 1038308430, 7660, 1021110771, 7652, 1021110076, 7407, 1021247544, 7655, 1021191894, 7142, 1021891094, 7388, 1021109552, 7150, 1021833950, 7148, 1021106409, 7404, 1021108905, 7389, 1022027560, 7141, 1022024207, 7133, 1022023762, 7390, 1021952418, 7134, 1021956068, 7406, 1021830179, 7391, 1021138902, 7151, 1021250067, 7135, 1021141443, 7131, 1038307687, 7140, 1021105688, 7149, 1022027000, 7143, 1021196243, 7132, 1021107017, 7653, 1022031308, 7651, 1038302281, 7654, 1021884077, 7644, 1021111464, 7661, 1022034055, 7645, 1022030866, 7662, 1021826898, 7646, 1021949271, 7663, 1021245653, 7647, 1021137024, 7147, 1038308004]
[INFO] (lattice_cell.c: 455): on tick 15 of 50
[INFO] (lattice_cell.c: 172): the unmatched_packets is 56
[7136, 1037917725, 7384, 1037912468, 7656, 1037897581, 7400, 1037897591, 7640, 1037912475, 7648, 1037917733, 7128, 1037912464, 7144, 1037897608, 7137, 1038338891, 7385, 1038340243, 7657, 1038344510, 7401, 1038341890, 7641, 1038342892, 7649, 1038344758, 7129, 1038336983, 7145, 1038338664, 7138, 1038735249, 7386, 1038740169, 7658, 1038756674, 7402, 1038756645, 7642, 1038740194, 7130, 1038740151, 7650, 1038735288, 7146, 1038756611, 7139, 1038315626, 7387, 1038313848, 7659, 1038308842, 7403, 1038311491, 7643, 1038311194, 7651, 1038309720, 7131, 1038317097, 7147, 1038314740, 7388, 1021132909, 7140, 1021137964, 7660, 1021112885, 7404, 1021110195, 7645, 1022000501, 7407, 1020955022, 7654, 1022129346, 7663, 1020952407, 7655, 1020939483, 7389, 1021997602, 7405, 1022024991, 7150, 1022123194, 7390, 1022063631, 7406, 1022119627, 7149, 1022021435, 7391, 1021010420, 7143, 1020945570, 7148, 1021106833, 7141, 1021984811, 7133, 1021994047, 7142, 1022135760, 7134, 1022067226, 7644, 1021135636, 7652, 1021144044, 7135, 1021013844, 7661, 1022027892, 7151, 1020958338, 7653, 1021991261, 7662, 1022116703, 7646, 1022060679, 7132, 1021129495, 7647, 1021007662]
[INFO] (lattice_cell.c: 455): on tick 16 of 50
[INFO] (lattice_cell.c: 172): the unmatched_packets is 56
[7136, 1037858019, 7384, 1037852992, 7656, 1037895820, 7400, 1037895803, 7128, 1037853002, 7640, 1037852992, 7144, 1037895785, 7648, 1037858051, 7137, 1038330654, 7385, 1038332376, 7657, 1038337374, 7401, 1038334659, 7129, 1038328992, 7641, 1038335117, 7649, 1038336747, 7145, 1038331309, 7138, 1038806939, 7386, 1038811963, 7658, 1038767931, 7642, 1038811975, 7402, 1038767947, 7130, 1038811946, 7650, 1038806900, 7146, 1038767968, 7139, 1038309454, 7387, 1038306798, 7403, 1038303762, 7659, 1038301052, 7643, 1038304056, 7651, 1038303408, 7131, 1038310172, 7644, 1021108867, 7652, 1021121116, 7406, 1021953891, 7391, 1021239704, 7407, 1021128470, 7133, 1022025698, 7134, 1021845502, 7151, 1021131032, 7388, 1021107015, 7143, 1021237819, 7148, 1021127985, 7141, 1022012590, 7404, 1021130458, 7147, 1038307095, 7389, 1022029638, 7405, 1022010121, 7390, 1021841603, 7135, 1021242212, 7142, 1021846057, 7150, 1021957683, 7132, 1021104510, 7149, 1022006245, 7662, 1021950591, 7660, 1021132260, 7661, 1022013477, 7645, 1022033058, 7653, 1022019887, 7646, 1021838187, 7663, 1021126587, 7654, 1021838806, 7140, 1021116812, 7647, 1021237832, 7655, 1021233388]
[INFO] (lattice_cell.c: 455): on tick 17 of 50
[INFO] (lattice_cell.c: 172): the unmatched_packets is 56
[7136, 1037877822, 7384, 1037913923, 7656, 1037870510, 7128, 1037913938, 7400, 1037870504, 7640, 1037913919, 7648, 1037877786, 7144, 1037870516, 7137, 1038338239, 7385, 1038340173, 7657, 1038344161, 7129, 1038336892, 7401, 1038341526, 7641, 1038342849, 7649, 1038344166, 7145, 1038338276, 7138, 1038776798, 7386, 1038739225, 7658, 1038783833, 7130, 1038739181, 7402, 1038783821, 7642, 1038739265, 7650, 1038776869, 7146, 1038783807, 7139, 1038316598, 7387, 1038312944, 7659, 1038309839, 7403, 1038312459, 7643, 1038310245, 7651, 1038310659, 7131, 1038316243, 7147, 1038315708, 7140, 1021101057, 7388, 1021130116, 7404, 1021124018, 7660, 1021126741, 7652, 1021107157, 7389, 1022000285, 7132, 1021126735, 7661, 1022011030, 7391, 1020949087, 7407, 1021125132, 7653, 1022028334, 7655, 1021020305, 7143, 1021026230, 7405, 1022008240, 7151, 1021128460, 7133, 1021996846, 7134, 1022133642, 7150, 1021947627, 7149, 1022004826, 7390, 1022130228, 7406, 1021944129, 7135, 1020952468, 7148, 1021120633, 7142, 1022052861, 7644, 1021132849, 7141, 1022022084, 7645, 1022003113, 7662, 1021941278, 7646, 1022127435, 7654, 1022046496, 7663, 1021122445, 7647, 1020946363]
[INFO] (lattice_cell.c: 455): on tick 18 of 50
[INFO] (lattice_cell.c: 172): the unmatched_packets is 56
[7136, 1037900467, 7384, 1037882610, 7656, 1037879545, 7128, 1037882588, 7400, 1037879543, 7640, 1037882641, 7648, 1037900491, 7144, 1037879557, 7137, 1038331222, 7385, 1038333235, 7657, 1038336970, 7129, 1038329892, 7401, 1038334291, 7641, 1038335947, 7145, 1038330981, 7649, 1038337233, 7138, 1038763245, 7386, 1038781057, 7658, 1038785731, 7402, 1038785714, 7130, 1038781063, 7642, 1038781055, 7650, 1038763257, 7146, 1038785704, 7139, 1038308605, 7387, 1038306558, 7659, 1038301171, 7643, 1038303846, 7403, 1038303872, 7651, 1038302577, 7131, 1038309887, 7405, 1022017552, 7645, 1022007746, 7407, 1021071999, 7140, 1021122338, 7655, 1021065979, 7388, 1021128854, 7404, 1021123500, 7150, 1022015668, 7134, 1021896600, 7389, 1022004258, 7135, 1021193017, 7148, 1021121034, 7390, 1021892670, 7141, 1022007909, 7406, 1022011711, 7391, 1021190372, 7143, 1021070389, 7151, 1021074461, 7133, 1022000241, 7132, 1021126335, 7149, 1022013567, 7142, 1022018918, 7147, 1038307190, 7660, 1021125294, 7644, 1021130696, 7652, 1021126623, 7661, 1022021017, 7653, 1022015388, 7662, 1022008280, 7646, 1021889259, 7654, 1022011654, 7663, 1021070210, 7647, 1021188432]
[INFO] (lattice_cell.c: 455): on tick 19 of 50
[INFO] (lattice_cell.c: 172): the unmatched_packets is 56
[7136, 1037880482, 7384, 1037869222, 7656, 1037885347, 7400, 1037885353, 7128, 1037869245, 7640, 1037869218, 7648, 1037880480, 7144, 1037885366, 7137, 1038337364, 7385, 1038339042, 7657, 1038344471, 7129, 1038335724, 7401, 1038341823, 7145, 1038338544, 7641, 1038341748, 7649, 1038343329, 7138, 1038773127, 7386, 1038785250, 7658, 1038768750, 7402, 1038768734, 7130, 1038785208, 7146, 1038768721, 7642, 1038785278, 7139, 1038317038, 7650, 1038773136, 7387, 1038314044, 7403, 1038311823, 7659, 1038309188, 7388, 1021111660, 7404, 1021117356, 7651, 1038311101, 7660, 1021120028, 7390, 1021973527, 7406, 1022004614, 7661, 1022018360, 7407, 1021067815, 7653, 1022005913, 7148, 1021114030, 7141, 1021999853, 7134, 1021976980, 7131, 1038317352, 7140, 1021124137, 7389, 1022019359, 7142, 1021948154, 7405, 1022015644, 7150, 1022007932, 7143, 1021128060, 7135, 1021105109, 7132, 1021108322, 7133, 1022015978, 7391, 1021101811, 7149, 1022012300, 7151, 1021071154, 7644, 1021114363, 7643, 1038311348, 7147, 1038315099, 7652, 1021130189, 7645, 1022022125, 7662, 1022001910, 7646, 1021970726, 7654, 1021942030, 7663, 1021065092, 7647, 1021099129, 7655, 1021121977]
[INFO] (lattice_cell.c: 455): on tick 20 of 50
[INFO] (lattice_cell.c: 172): the unmatched_packets is 56
[7136, 1037876221, 7384, 1037899304, 7656, 1037888644, 7128, 1037899332, 7400, 1037888627, 7640, 1037899299, 7648, 1037876229, 7144, 1037888618, 7137, 1038330978, 7385, 1038330963, 7657, 1038337396, 7129, 1038327669, 7401, 1038334756, 7641, 1038333644, 7649, 1038336922, 7145, 1038331489, 7138, 1038788593, 7386, 1038764500, 7658, 1038775447, 7402, 1038775441, 7642, 1038764556, 7650, 1038788632, 7130, 1038764456, 7146, 1038775445, 7139, 1038309361, 7387, 1038306086, 7659, 1038302045, 7643, 1038303375, 7388, 1021113425, 7404, 1021123995, 7131, 1038309412, 7147, 1038307979, 7660, 1021125803, 7405, 1022014161, 7391, 1021060870, 7653, 1022017294, 7662, 1021974035, 7655, 1021102404, 7403, 1038304704, 7143, 1021106790, 7151, 1021106872, 7135, 1021063497, 7133, 1022026614, 7389, 1022030659, 7142, 1021980958, 7134, 1022030401, 7150, 1021981476, 7148, 1021121470, 7390, 1022026419, 7141, 1022009722, 7406, 1021977485, 7407, 1021104307, 7132, 1021110837, 7149, 1022010116, 7651, 1038303382, 7140, 1021118282, 7661, 1022017647, 7644, 1021115327, 7652, 1021122678, 7645, 1022034196, 7646, 1022022964, 7654, 1021973422, 7663, 1021102457, 7647, 1021058962]
[INFO] (lattice_cell.c: 455): on tick 21 of 50
[INFO] (lattice_cell.c: 172): the unmatched_packets is 56
[7136, 1037876776, 7384, 1037883742, 7656, 1037875915, 7400, 1037875926, 7640, 1037883758, 7648, 1037876755, 7128, 1037883728, 7144, 1037875938, 7385, 1038339440, 7657, 1038343821, 7401, 1038341159, 7641, 1038342160, 7649, 1038345835, 7137, 1038339808, 7129, 1038336080, 7145, 1038337849, 7386, 1038769694, 7658, 1038778427, 7402, 1038778427, 7138, 1038777728, 7642, 1038769702, 7650, 1038777770, 7130, 1038769686, 7146, 1038778415, 7139, 1038316325, 7387, 1038313721, 7659, 1038309256, 7643, 1038311000, 7651, 1038310341, 7660, 1021123184, 7652, 1021117666, 7661, 1022015348, 7391, 1021096592, 7407, 1021103294, 7655, 1021061762, 7403, 1038311910, 7147, 1038315199, 7140, 1021111868, 7388, 1021151384, 7404, 1021120568, 7389, 1021978133, 7134, 1021982908, 7143, 1021067630, 7151, 1021106522, 7131, 1038317045, 7405, 1022012680, 7390, 1021979611, 7406, 1021969206, 7148, 1021117325, 7149, 1022009404, 7142, 1022012152, 7141, 1022003512, 7132, 1021148223, 7644, 1021153942, 7662, 1021966501, 7645, 1021980883, 7653, 1022009558, 7646, 1021976893, 7150, 1021972525, 7654, 1022006151, 7663, 1021100667, 7135, 1021099927, 7647, 1021093885, 7133, 1021974746]
[INFO] (lattice_cell.c: 455): on tick 22 of 50
[INFO] (lattice_cell.c: 172): the unmatched_packets is 56
[7136, 1037899527, 7384, 1037904302, 7128, 1037904346, 7656, 1037884326, 7400, 1037884330, 7144, 1037884344, 7640, 1037904282, 7648, 1037899504, 7137, 1038331068, 7385, 1038333088, 7129, 1038329845, 7657, 1038334985, 7401, 1038332384, 7145, 1038329156, 7641, 1038335719, 7649, 1038336902, 7138, 1038764055, 7130, 1038758922, 7386, 1038758986, 7658, 1038780431, 7146, 1038780372, 7402, 1038780403, 7642, 1038759046, 7650, 1038764122, 7139, 1038309679, 7387, 1038307354, 7659, 1038302071, 7403, 1038304705, 7643, 1038304679, 7388, 1021065001, 7651, 1038303778, 7660, 1021124509, 7407, 1021086401, 7663, 1021084510, 7647, 1021139373, 7655, 1021086557, 7404, 1021122590, 7133, 1022063406, 7147, 1038307944, 7389, 1022067427, 7142, 1021996385, 7148, 1021119939, 7405, 1022025234, 7390, 1021942102, 7406, 1021995137, 7391, 1021141361, 7150, 1021999199, 7143, 1021091186, 7135, 1021144076, 7151, 1021089018, 7149, 1022021182, 7141, 1022030956, 7132, 1021062154, 7134, 1021946140, 7645, 1022070921, 7131, 1038310627, 7140, 1021097871, 7644, 1021067115, 7652, 1021102565, 7661, 1022028736, 7653, 1022038514, 7662, 1021991683, 7646, 1021938636, 7654, 1021988934]
[INFO] (lattice_cell.c: 455): on tick 23 of 50
[INFO] (lattice_cell.c: 172): the unmatched_packets is 56
[7136, 1037864482, 7384, 1037844730, 7128, 1037844711, 7656, 1037876110, 7400, 1037876110, 7640, 1037844760, 7648, 1037864536, 7144, 1037876102, 7137, 1038336746, 7385, 1038337714, 7129, 1038334303, 7657, 1038344041, 7401, 1038341337, 7145, 1038337989, 7641, 1038340476, 7649, 1038342870, 7138, 1038789817, 7386, 1038810492, 7658, 1038778253, 7402, 1038778243, 7642, 1038810515, 7650, 1038789796, 7130, 1038810480, 7146, 1038778243, 7139, 1038316537, 7131, 1038316596, 7387, 1038313217, 7659, 1038308836, 7403, 1038311512, 7147, 1038314823, 7643, 1038310471, 7651, 1038310507, 7140, 1021171218, 7388, 1021228702, 7660, 1021139262, 7404, 1021136845, 7644, 1021231042, 7389, 1021906090, 7405, 1021996272, 7652, 1021176535, 7141, 1021953844, 7661, 1021998941, 7132, 1021225806, 7390, 1021999644, 7142, 1021982685, 7150, 1022003999, 7406, 1022000747, 7391, 1021078436, 7135, 1021081586, 7151, 1021077161, 7133, 1021902663, 7149, 1021992977, 7407, 1021074029, 7143, 1021096885, 7148, 1021133825, 7134, 1022002981, 7653, 1021959881, 7645, 1021908898, 7662, 1021998090, 7646, 1021996875, 7654, 1021976651, 7663, 1021071499, 7647, 1021075862, 7655, 1021091187]
[INFO] (lattice_cell.c: 455): on tick 24 of 50
[INFO] (lattice_cell.c: 172): the unmatched_packets is 56
[7136, 1037910322, 7384, 1037925947, 7128, 1037926011, 7656, 1037902088, 7400, 1037902100, 7640, 1037925908, 7648, 1037910239, 7144, 1037902123, 7137, 1038332400, 7385, 1038332758, 7657, 1038337598, 7129, 1038329544, 7401, 1038335059, 7641, 1038335363, 7649, 1038338142, 7145, 1038331894, 7138, 1038753388, 7386, 1038737243, 7658, 1038761664, 7130, 1038737178, 7402, 1038761626, 7642, 1038737303, 7650, 1038753508, 7146, 1038761596, 7139, 1038310247, 7131, 1038310608, 7147, 1038308628, 7387, 1038307366, 7659, 1038302824, 7403, 1038305429, 7643, 1038304711, 7651, 1038304417, 7388, 1020973060, 7660, 1021083082, 7389, 1022163131, 7644, 1020975315, 7652, 1021023534, 7645, 1022166577, 7407, 1021103961, 7663, 1021101957, 7655, 1021114590, 7404, 1021080915, 7405, 1022055474, 7390, 1021990430, 7132, 1020970070, 7133, 1022159126, 7134, 1021994426, 7406, 1021976228, 7391, 1021094743, 7135, 1021097587, 7141, 1022103926, 7148, 1021078058, 7149, 1022051424, 7150, 1021980234, 7142, 1021966579, 7143, 1021119375, 7140, 1021018322, 7151, 1021106738, 7661, 1022058949, 7662, 1021972837, 7653, 1022111381, 7646, 1021987022, 7654, 1021959123, 7647, 1021092657]
[INFO] (lattice_cell.c: 455): on tick 25 of 50
[INFO] (lattice_cell.c: 172): the unmatched_packets is 56
[7136, 1037843269, 7128, 1037870507, 7384, 1037870510, 7656, 1037851859, 7144, 1037851793, 7400, 1037851832, 7640, 1037870530, 7648, 1037843318, 7137, 1038337296, 7129, 1038336220, 7385, 1038339629, 7657, 1038342143, 7145, 1038336009, 7401, 1038339399, 7641, 1038342393, 7649, 1038343439, 7138, 1038811787, 7130, 1038782736, 7386, 1038782794, 7658, 1038803180, 7146, 1038803202, 7402, 1038803184, 7642, 1038782848, 7650, 1038811807, 7139, 1038315912, 7387, 1038313394, 7659, 1038308504, 7131, 1038316794, 7403, 1038311195, 7643, 1038310626, 7651, 1038309825, 7140, 1021253002, 7652, 1021257925, 7407, 1021084150, 7662, 1021988922, 7148, 1021206695, 7655, 1021063130, 7388, 1021243331, 7404, 1021209453, 7389, 1021882751, 7147, 1038314539, 7134, 1021983689, 7405, 1021929423, 7132, 1021240454, 7390, 1021980401, 7135, 1021101103, 7149, 1021926089, 7142, 1022012814, 7150, 1021994957, 7406, 1021991662, 7151, 1021087138, 7133, 1021879372, 7391, 1021097995, 7141, 1021869748, 7143, 1021068569, 7661, 1021932117, 7660, 1021211621, 7644, 1021245605, 7645, 1021885535, 7653, 1021875925, 7646, 1021977648, 7663, 1021081764, 7647, 1021095457, 7654, 1022006714]
[INFO] (lattice_cell.c: 455): on tick 26 of 50
[INFO] (lattice_cell.c: 172): the unmatched_packets is 56
[7136, 1037912685, 7128, 1037884218, 7384, 1037884214, 7144, 1037916977, 7656, 1037916892, 7400, 1037916923, 7640, 1037884201, 7648, 1037912636, 7137, 1038330303, 7129, 1038327041, 7385, 1038330239, 7657, 1038337052, 7145, 1038331407, 7401, 1038334537, 7641, 1038332833, 7649, 1038336028, 7138, 1038751198, 7386, 1038780322, 7658, 1038746917, 7402, 1038746871, 7642, 1038780338, 7650, 1038751240, 7130, 1038780310, 7146, 1038746839, 7139, 1038310536, 7131, 1038310718, 7387, 1038307484, 7659, 1038304043, 7147, 1038309763, 7403, 1038306606, 7643, 1038304855, 7651, 1038304757, 7140, 1020984730, 7132, 1021082836, 7148, 1020986709, 7388, 1021085793, 7660, 1020992143, 7404, 1020989788, 7644, 1021088056, 7652, 1020990028, 7141, 1022146922, 7133, 1022053700, 7389, 1022057854, 7405, 1022149435, 7661, 1022152791, 7645, 1022061430, 7646, 1021972675, 7407, 1021106000, 7663, 1021103896, 7149, 1022145471, 7655, 1021085827, 7390, 1021976068, 7142, 1021995509, 7406, 1021970287, 7391, 1021107253, 7151, 1021108878, 7143, 1021090867, 7135, 1021110192, 7150, 1021974260, 7134, 1021980044, 7653, 1022154365, 7662, 1021966945, 7654, 1021988176, 7647, 1021105034]
[INFO] (lattice_cell.c: 455): on tick 27 of 50
[INFO] (lattice_cell.c: 172): the unmatched_packets is 56
[7136, 1037880784, 7128, 1037893197, 7384, 1037893175, 7656, 1037852111, 7400, 1037852089, 7640, 1037893167, 7144, 1037852092, 7648, 1037880778, 7137, 1038339575, 7129, 1038336561, 7385, 1038340013, 7657, 1038344499, 7145, 1038338393, 7401, 1038341776, 7641, 1038342824, 7649, 1038345715, 7138, 1038772412, 7130, 1038760247, 7146, 1038802442, 7386, 1038760329, 7658, 1038802509, 7402, 1038802474, 7642, 1038760402, 7650, 1038772540, 7139, 1038315668, 7131, 1038317053, 7147, 1038313813, 7387, 1038313637, 7659, 1038307750, 7403, 1038310450, 7643, 1038310872, 7651, 1038309555, 7140, 1021179711, 7132, 1021081234, 7388, 1021084043, 7404, 1021258078, 7660, 1021260137, 7389, 1022040693, 7644, 1021086228, 7661, 1021873816, 7645, 1022043365, 7407, 1021075952, 7646, 1021969441, 7405, 1021871037, 7148, 1021255403, 7390, 1021972308, 7135, 1021110763, 7151, 1021078803, 7406, 1022002707, 7149, 1021867659, 7142, 1021977745, 7134, 1021975672, 7150, 1022006008, 7391, 1021107818, 7141, 1021932666, 7133, 1022037464, 7143, 1021106689, 7652, 1021184667, 7653, 1021938645, 7662, 1021999924, 7654, 1021971618, 7663, 1021073671, 7647, 1021105470, 7655, 1021101467]
[INFO] (lattice_cell.c: 455): on tick 28 of 50
[INFO] (lattice_cell.c: 172): the unmatched_packets is 56
[7136, 1037870032, 7384, 1037885193, 7128, 1037885245, 7656, 1037895775, 7400, 1037895770, 7640, 1037885149, 7648, 1037870035, 7144, 1037895772, 7137, 1038329580, 7129, 1038328459, 7385, 1038331608, 7145, 1038328629, 7657, 1038334278, 7401, 1038331766, 7641, 1038334152, 7649, 1038335242, 7138, 1038795001, 7130, 1038778659, 7386, 1038778718, 7146, 1038768816, 7658, 1038768803, 7402, 1038768809, 7642, 1038778759, 7650, 1038795000, 7139, 1038310747, 7131, 1038311455, 7147, 1038307433, 7387, 1038308241, 7659, 1038301752, 7403, 1038304296, 7643, 1038305614, 7388, 1021162037, 7404, 1021042039, 7651, 1038304990, 7660, 1021044355, 7389, 1021975879, 7652, 1021143975, 7140, 1021138596, 7390, 1021987084, 7661, 1022111424, 7406, 1021998835, 7645, 1021979417, 7407, 1021086805, 7662, 1021995566, 7646, 1021983817, 7655, 1021088768, 7405, 1022108041, 7143, 1021094081, 7135, 1021095876, 7149, 1022104009, 7142, 1021988960, 7134, 1021990964, 7150, 1022002739, 7151, 1021089789, 7391, 1021092776, 7148, 1021038998, 7141, 1021993843, 7133, 1021971739, 7644, 1021164485, 7132, 1021158875, 7653, 1022001525, 7654, 1021981771, 7663, 1021084533, 7647, 1021090400]
[INFO] (lattice_cell.c: 455): on tick 29 of 50
[INFO] (lattice_cell.c: 172): the unmatched_packets is 56
[7136, 1037885192, 7128, 1037878152, 7144, 1037889964, 7384, 1037878142, 7656, 1037889934, 7400, 1037889944, 7640, 1037878142, 7648, 1037885190, 7137, 1038337896, 7129, 1038335746, 7145, 1038338891, 7385, 1038339203, 7657, 1038344999, 7401, 1038342268, 7641, 1038342016, 7649, 1038344108, 7138, 1038768927, 7130, 1038775700, 7386, 1038775783, 7146, 1038763429, 7658, 1038763542, 7402, 1038763489, 7642, 1038775865, 7650, 1038769029, 7139, 1038317961, 7131, 1038316257, 7387, 1038312830, 7659, 1038308371, 7403, 1038311094, 7643, 1038310050, 7651, 1038311840, 7388, 1021123641, 7147, 1038314474, 7140, 1021065602, 7660, 1021122681, 7404, 1021120630, 7652, 1021070208, 7405, 1022005942, 7132, 1021121042, 7661, 1022008607, 7391, 1021090510, 7407, 1021109234, 7662, 1021966657, 7148, 1021117932, 7663, 1021107141, 7647, 1021088258, 7389, 1022004602, 7151, 1021111962, 7390, 1021992459, 7135, 1021093358, 7142, 1021989562, 7134, 1021995887, 7406, 1021969472, 7150, 1021972785, 7141, 1022054653, 7133, 1022001202, 7143, 1021087553, 7646, 1021989536, 7644, 1021125619, 7645, 1022007444, 7653, 1022060631, 7654, 1021983240, 7655, 1021082666, 7149, 1022002714]
[INFO] (lattice_cell.c: 455): on tick 30 of 50
[INFO] (lattice_cell.c: 172): the unmatched_packets is 56
[7136, 1037894407, 7128, 1037895481, 7144, 1037875901, 7384, 1037895465, 7656, 1037875877, 7400, 1037875883, 7640, 1037895461, 7648, 1037894341, 7137, 1038330760, 7129, 1038327339, 7145, 1038330466, 7385, 1038330508, 7657, 1038336050, 7401, 1038333571, 7641, 1038333063, 7649, 1038336394, 7138, 1038769314, 7130, 1038768357, 7146, 1038788756, 7386, 1038768381, 7658, 1038788776, 7402, 1038788763, 7642, 1038768400, 7650, 1038769387, 7139, 1038311047, 7131, 1038309779, 7147, 1038310014, 7387, 1038306576, 7659, 1038304411, 7403, 1038306904, 7643, 1038303952, 7651, 1038305335, 7388, 1021097242, 7660, 1021176472, 7140, 1021127144, 7389, 1022043930, 7644, 1021099762, 7652, 1021132872, 7390, 1021981178, 7132, 1021094040, 7407, 1021079256, 7654, 1021986237, 7655, 1021084511, 7133, 1022039867, 7404, 1021174023, 7405, 1021967383, 7406, 1021993840, 7391, 1021107702, 7149, 1021963320, 7143, 1021090132, 7151, 1021082424, 7141, 1022000371, 7148, 1021170922, 7142, 1021993286, 7134, 1021985002, 7150, 1021997747, 7135, 1021110929, 7661, 1021970800, 7645, 1022047335, 7653, 1022007747, 7662, 1021990584, 7646, 1021977984, 7663, 1021076786, 7647, 1021105195]
[INFO] (lattice_cell.c: 455): on tick 31 of 50
[INFO] (lattice_cell.c: 172): the unmatched_packets is 56
[7136, 1037870985, 7128, 1037887043, 7144, 1037864248, 7384, 1037886992, 7656, 1037864258, 7400, 1037864238, 7640, 1037886958, 7648, 1037870965, 7137, 1038338776, 7129, 1038336342, 7145, 1038337299, 7385, 1038339793, 7657, 1038343421, 7401, 1038340682, 7641, 1038342604, 7649, 1038344928, 7138, 1038783031, 7130, 1038766339, 7146, 1038790751, 7386, 1038766447, 7658, 1038790819, 7402, 1038790780, 7642, 1038766533, 7650, 1038783150, 7139, 1038314928, 7131, 1038316495, 7387, 1038313058, 7659, 1038306310, 7403, 1038309053, 7643, 1038310267, 7651, 1038308754, 7147, 1038312468, 7140, 1021140627, 7388, 1021120035, 7404, 1021086599, 7660, 1021088451, 7644, 1021122005, 7661, 1022049971, 7148, 1021084083, 7646, 1021965659, 7655, 1021100190, 7141, 1021975305, 7389, 1022004505, 7132, 1021117386, 7405, 1022047145, 7390, 1021968623, 7151, 1021120226, 7406, 1021969243, 7391, 1021113776, 7142, 1021982938, 7134, 1021972100, 7150, 1021972592, 7143, 1021104852, 7133, 1022001143, 7149, 1022043772, 7407, 1021117673, 7135, 1021116491, 7652, 1021145075, 7645, 1022007353, 7653, 1021981609, 7662, 1021966442, 7654, 1021976695, 7663, 1021115773, 7647, 1021111684]
[INFO] (lattice_cell.c: 455): on tick 32 of 50
[INFO] (lattice_cell.c: 172): the unmatched_packets is 56
[7136, 1037890769, 7128, 1037885678, 7144, 1037917464, 7384, 1037885638, 7656, 1037917455, 7400, 1037917455, 7640, 1037885601, 7648, 1037890770, 7137, 1038329659, 7129, 1038328176, 7145, 1038329795, 7385, 1038331335, 7657, 1038335407, 7401, 1038332914, 7641, 1038333892, 7649, 1038335330, 7138, 1038773553, 7130, 1038778292, 7146, 1038745813, 7386, 1038778366, 7658, 1038745835, 7402, 1038745818, 7642, 1038778426, 7650, 1038773575, 7139, 1038312990, 7387, 1038309146, 7659, 1038304549, 7403, 1038307035, 7643, 1038306546, 7131, 1038312338, 7147, 1038310122, 7140, 1021112838, 7388, 1021145738, 7660, 1021117180, 7389, 1021992630, 7405, 1022030178, 7644, 1021148284, 7406, 1022055605, 7645, 1021996019, 7407, 1021019996, 7655, 1021058538, 7404, 1021114663, 7149, 1022026325, 7651, 1038307327, 7390, 1021988060, 7150, 1022059413, 7151, 1021023253, 7132, 1021142519, 7141, 1022018576, 7391, 1021089180, 7148, 1021111467, 7133, 1021988608, 7142, 1022012058, 7134, 1021991869, 7143, 1021064419, 7135, 1021092516, 7652, 1021118488, 7661, 1022033370, 7653, 1022025880, 7662, 1022052426, 7646, 1021984893, 7654, 1022004972, 7663, 1021017405, 7647, 1021086523]
[INFO] (lattice_cell.c: 455): on tick 33 of 50
[INFO] (lattice_cell.c: 172): the unmatched_packets is 56
[7136, 1037866399, 7128, 1037872206, 7384, 1037872174, 7656, 1037851258, 7400, 1037851299, 7144, 1037851356, 7640, 1037872146, 7648, 1037866345, 7137, 1038337743, 7129, 1038335335, 7145, 1038338252, 7385, 1038338752, 7657, 1038344301, 7401, 1038341603, 7641, 1038341545, 7649, 1038343876, 7138, 1038788092, 7130, 1038782131, 7146, 1038803200, 7386, 1038782219, 7658, 1038803361, 7402, 1038803285, 7642, 1038782297, 7650, 1038788216, 7139, 1038315490, 7387, 1038311115, 7659, 1038308802, 7403, 1038311531, 7643, 1038308298, 7651, 1038309317, 7388, 1021110464, 7404, 1021129325, 7131, 1038314549, 7660, 1021131189, 7389, 1022017878, 7405, 1021998485, 7652, 1021087966, 7140, 1021083532, 7390, 1021975866, 7406, 1021869957, 7661, 1022001419, 7645, 1022020915, 7407, 1021205705, 7142, 1021930969, 7150, 1021873413, 7135, 1021117713, 7151, 1021208197, 7133, 1022014340, 7149, 1021995020, 7391, 1021115042, 7134, 1021979318, 7148, 1021126784, 7141, 1022035347, 7143, 1021155993, 7147, 1038314902, 7644, 1021112328, 7653, 1022041683, 7132, 1021107921, 7662, 1021866977, 7646, 1021972897, 7654, 1021924574, 7663, 1021203895, 7647, 1021113045, 7655, 1021151593]
[INFO] (lattice_cell.c: 455): on tick 34 of 50
[INFO] (lattice_cell.c: 172): the unmatched_packets is 56
[7136, 1037915905, 7128, 1037910575, 7384, 1037910549, 7656, 1037908289, 7144, 1037908239, 7400, 1037908258, 7640, 1037910535, 7648, 1037915884, 7137, 1038331148, 7129, 1038328638, 7145, 1038330523, 7385, 1038331845, 7657, 1038336158, 7401, 1038333659, 7641, 1038334430, 7649, 1038336849, 7138, 1038747128, 7130, 1038752486, 7146, 1038755682, 7386, 1038752538, 7658, 1038755692, 7402, 1038755686, 7642, 1038752595, 7650, 1038747194, 7139, 1038310519, 7131, 1038312504, 7387, 1038309311, 7659, 1038300759, 7147, 1038306440, 7643, 1038306725, 7403, 1038303292, 7651, 1038304813, 7140, 1021143037, 7388, 1021114997, 7660, 1021152275, 7405, 1021992821, 7644, 1021117597, 7661, 1021995982, 7391, 1021048617, 7653, 1021991103, 7655, 1020990894, 7404, 1021149783, 7143, 1020996910, 7151, 1020965690, 7389, 1022021285, 7142, 1022089570, 7135, 1021051992, 7390, 1022030457, 7406, 1022127687, 7134, 1022034220, 7407, 1020962378, 7141, 1021984114, 7149, 1021988962, 7150, 1022131309, 7133, 1022017407, 7652, 1021148815, 7132, 1021111760, 7148, 1021146688, 7645, 1022024507, 7662, 1022124745, 7646, 1022027343, 7654, 1022082834, 7663, 1020959755, 7647, 1021045858]
[INFO] (lattice_cell.c: 455): on tick 35 of 50
[INFO] (lattice_cell.c: 172): the unmatched_packets is 56
[7136, 1037843788, 7128, 1037862241, 7384, 1037862174, 7656, 1037859585, 7400, 1037859594, 7144, 1037859617, 7640, 1037862122, 7648, 1037843684, 7137, 1038337002, 7129, 1038334884, 7145, 1038336914, 7385, 1038338277, 7657, 1038342924, 7401, 1038340242, 7641, 1038341030, 7649, 1038343059, 7138, 1038811227, 7130, 1038791966, 7146, 1038795114, 7386, 1038792077, 7658, 1038795181, 7402, 1038795150, 7642, 1038792182, 7650, 1038811406, 7139, 1038318892, 7131, 1038317126, 7147, 1038316812, 7387, 1038313717, 7659, 1038310877, 7403, 1038313516, 7643, 1038310938, 7651, 1038312840, 7140, 1021116722, 7132, 1021105939, 7388, 1021108544, 7660, 1021099888, 7404, 1021098058, 7644, 1021110444, 7652, 1021121084, 7389, 1022019982, 7148, 1021095486, 7661, 1022037737, 7390, 1021882388, 7645, 1022023109, 7141, 1022003497, 7663, 1021197200, 7655, 1021211555, 7405, 1022034706, 7142, 1021855772, 7406, 1021869408, 7149, 1022031179, 7135, 1021200118, 7151, 1021201631, 7391, 1021197468, 7150, 1021873046, 7143, 1021215971, 7407, 1021199051, 7133, 1022016359, 7134, 1021885965, 7653, 1022010247, 7662, 1021866297, 7646, 1021879319, 7654, 1021848990, 7647, 1021195519]
[INFO] (lattice_cell.c: 455): on tick 36 of 50
[INFO] (lattice_cell.c: 172): the unmatched_packets is 56
[7136, 1037906990, 7128, 1037916780, 7384, 1037916771, 7656, 1037888516, 7400, 1037888539, 7640, 1037916750, 7648, 1037907011, 7144, 1037888575, 7137, 1038330949, 7129, 1038327295, 7145, 1038330743, 7385, 1038330531, 7657, 1038336454, 7401, 1038333921, 7641, 1038333149, 7649, 1038336711, 7138, 1038756859, 7130, 1038746236, 7146, 1038775735, 7386, 1038746305, 7658, 1038775868, 7402, 1038775804, 7642, 1038746378, 7650, 1038756945, 7139, 1038308742, 7131, 1038308682, 7147, 1038308146, 7387, 1038305433, 7659, 1038302346, 7403, 1038304944, 7643, 1038302778, 7651, 1038302893, 7140, 1021113250, 7132, 1021150344, 7148, 1021101658, 7388, 1021153520, 7660, 1021107253, 7404, 1021104767, 7644, 1021156097, 7652, 1021118834, 7141, 1022014488, 7133, 1021985290, 7389, 1021989041, 7661, 1022038729, 7390, 1022109288, 7391, 1020984751, 7653, 1022021312, 7407, 1021048269, 7646, 1022106392, 7142, 1022123353, 7405, 1022035753, 7151, 1021051341, 7150, 1022040188, 7143, 1020972367, 7406, 1022036598, 7134, 1022112800, 7135, 1020988178, 7645, 1021992120, 7662, 1022033679, 7149, 1022032073, 7654, 1022117008, 7663, 1021045802, 7647, 1020981992, 7655, 1020966488]
[INFO] (lattice_cell.c: 455): on tick 37 of 50
[INFO] (lattice_cell.c: 172): the unmatched_packets is 56
[7136, 1037881202, 7128, 1037852593, 7384, 1037852527, 7656, 1037895723, 7400, 1037895732, 7640, 1037852474, 7648, 1037881161, 7144, 1037895763, 7137, 1038338904, 7129, 1038334233, 7145, 1038337718, 7385, 1038337565, 7657, 1038343598, 7401, 1038340983, 7641, 1038340293, 7649, 1038344874, 7138, 1038772470, 7130, 1038802166, 7146, 1038757652, 7386, 1038802265, 7658, 1038757722, 7402, 1038757692, 7642, 1038802351, 7650, 1038772538, 7139, 1038317809, 7131, 1038319210, 7147, 1038314251, 7387, 1038315876, 7659, 1038308389, 7403, 1038310994, 7643, 1038313171, 7651, 1038311909, 7140, 1021106644, 7388, 1021112310, 7660, 1021146654, 7404, 1021144780, 7132, 1021109723, 7644, 1021114231, 7652, 1021111189, 7148, 1021142178, 7389, 1022017915, 7141, 1022006618, 7661, 1021990864, 7645, 1022021246, 7654, 1021910812, 7663, 1021058730, 7655, 1021154417, 7149, 1021984017, 7405, 1021987704, 7390, 1021852425, 7406, 1022017655, 7134, 1021856188, 7391, 1021218696, 7407, 1021060716, 7143, 1021159161, 7133, 1022014091, 7142, 1021917745, 7150, 1022021207, 7135, 1021221398, 7151, 1021063466, 7653, 1022013486, 7646, 1021849121, 7647, 1021216704, 7662, 1022014593]
[INFO] (lattice_cell.c: 455): on tick 38 of 50
[INFO] (lattice_cell.c: 172): the unmatched_packets is 56
[7136, 1037873305, 7128, 1037898979, 7384, 1037898919, 7144, 1037873282, 7656, 1037873283, 7400, 1037873276, 7640, 1037898879, 7648, 1037873194, 7137, 1038331111, 7129, 1038329604, 7145, 1038328784, 7385, 1038332903, 7657, 1038334574, 7401, 1038332004, 7641, 1038335563, 7649, 1038336972, 7138, 1038791107, 7130, 1038764772, 7146, 1038791072, 7386, 1038764888, 7658, 1038791159, 7402, 1038791110, 7642, 1038765010, 7650, 1038791319, 7139, 1038311143, 7131, 1038310031, 7147, 1038308382, 7387, 1038306695, 7659, 1038302561, 7403, 1038305163, 7643, 1038303965, 7651, 1038305203, 7140, 1021112948, 7132, 1021102754, 7148, 1021132587, 7388, 1021105855, 7660, 1021138020, 7404, 1021135604, 7644, 1021108364, 7652, 1021118507, 7141, 1022011868, 7133, 1022023080, 7149, 1022006735, 7389, 1022026678, 7405, 1022010324, 7661, 1022013210, 7390, 1022076745, 7406, 1021937820, 7653, 1022018340, 7391, 1021014456, 7662, 1021934989, 7407, 1021144367, 7142, 1021970997, 7654, 1021964574, 7647, 1021011837, 7655, 1021108329, 7143, 1021113840, 7151, 1021147449, 7150, 1021941338, 7135, 1021017706, 7645, 1022029597, 7646, 1022073993, 7663, 1021141894, 7134, 1022080161]
[INFO] (lattice_cell.c: 455): on tick 39 of 50
[INFO] (lattice_cell.c: 172): the unmatched_packets is 56
[7136, 1037888335, 7128, 1037902057, 7144, 1037871891, 7384, 1037902041, 7656, 1037871839, 7400, 1037871861, 7640, 1037902031, 7648, 1037888290, 7137, 1038336537, 7129, 1038332752, 7145, 1038336435, 7385, 1038336046, 7657, 1038342222, 7401, 1038339655, 7641, 1038338713, 7649, 1038342372, 7138, 1038765754, 7130, 1038750759, 7146, 1038783030, 7386, 1038750811, 7658, 1038783119, 7402, 1038783075, 7642, 1038750856, 7650, 1038765854, 7139, 1038317129, 7131, 1038317012, 7387, 1038313729, 7659, 1038309998, 7147, 1038315777, 7403, 1038312566, 7643, 1038311076, 7651, 1038311272, 7140, 1021127818, 7132, 1021123207, 7388, 1021125840, 7660, 1021107165, 7652, 1021132333, 7391, 1021108964, 7407, 1021078626, 7404, 1021105254, 7389, 1022012488, 7405, 1022030671, 7148, 1021102616, 7142, 1022043691, 7134, 1021975335, 7150, 1021999378, 7135, 1021111914, 7390, 1021971599, 7406, 1021995611, 7151, 1021081314, 7133, 1022008519, 7149, 1022026833, 7141, 1021996789, 7143, 1021036661, 7644, 1021127767, 7661, 1022033964, 7645, 1022015941, 7653, 1022004119, 7662, 1021992342, 7646, 1021968316, 7654, 1022036797, 7663, 1021076713, 7647, 1021106749, 7655, 1021031755]
[INFO] (lattice_cell.c: 455): on tick 40 of 50
[INFO] (lattice_cell.c: 172): the unmatched_packets is 56
[7136, 1037885098, 7128, 1037868853, 7144, 1037896140, 7384, 1037868749, 7656, 1037896074, 7400, 1037896094, 7640, 1037868667, 7648, 1037885044, 7137, 1038333136, 7129, 1038329585, 7145, 1038331979, 7385, 1038332924, 7657, 1038337845, 7401, 1038335231, 7641, 1038335635, 7649, 1038339073, 7138, 1038778733, 7130, 1038795345, 7146, 1038767645, 7386, 1038795504, 7658, 1038767778, 7402, 1038767717, 7642, 1038795648, 7650, 1038778886, 7139, 1038310081, 7131, 1038310620, 7147, 1038307819, 7387, 1038307269, 7659, 1038301905, 7403, 1038304550, 7643, 1038304523, 7651, 1038304093, 7140, 1021118514, 7132, 1021138630, 7388, 1021141787, 7404, 1021113805, 7660, 1021116186, 7644, 1021144339, 7652, 1021123997, 7148, 1021110822, 7389, 1021987400, 7405, 1022022025, 7141, 1021998255, 7661, 1022024727, 7406, 1022019486, 7407, 1021065736, 7654, 1021967882, 7663, 1021063331, 7133, 1021984001, 7134, 1021933732, 7390, 1021930299, 7151, 1021068777, 7391, 1021156089, 7142, 1021973914, 7135, 1021159184, 7149, 1022018635, 7150, 1022022798, 7143, 1021114969, 7645, 1021990192, 7653, 1022004444, 7662, 1022016832, 7646, 1021927530, 7647, 1021153574, 7655, 1021109380]
[INFO] (lattice_cell.c: 455): on tick 41 of 50
[INFO] (lattice_cell.c: 172): the unmatched_packets is 56
[7136, 1037878146, 7128, 1037891718, 7144, 1037884873, 7384, 1037891675, 7656, 1037884877, 7400, 1037884873, 7640, 1037891655, 7648, 1037878135, 7137, 1038335574, 7129, 1038334916, 7145, 1038334807, 7385, 1038338149, 7657, 1038340492, 7401, 1038337963, 7641, 1038340782, 7649, 1038341375, 7138, 1038775892, 7130, 1038762240, 7146, 1038768718, 7386, 1038762342, 7658, 1038768759, 7402, 1038768743, 7642, 1038762446, 7650, 1038775990, 7139, 1038318119, 7131, 1038317987, 7147, 1038315144, 7387, 1038314726, 7659, 1038309476, 7403, 1038311990, 7643, 1038312069, 7651, 1038312345, 7140, 1021092923, 7132, 1021079083, 7388, 1021081700, 7660, 1021137678, 7644, 1021083627, 7404, 1021135749, 7148, 1021133061, 7389, 1022048311, 7405, 1022007028, 7141, 1022033043, 7406, 1021967643, 7661, 1022010431, 7133, 1022044131, 7662, 1021964328, 7646, 1022007298, 7655, 1021112574, 7390, 1022010677, 7134, 1022014529, 7135, 1021070682, 7150, 1021971463, 7391, 1021067699, 7407, 1021107852, 7151, 1021110698, 7149, 1022003079, 7142, 1021960641, 7143, 1021117492, 7645, 1022051902, 7654, 1021953301, 7652, 1021097465, 7653, 1022040560, 7663, 1021105728, 7647, 1021065467]
[INFO] (lattice_cell.c: 455): on tick 42 of 50
[INFO] (lattice_cell.c: 172): the unmatched_packets is 56
[7136, 1037878317, 7128, 1037876210, 7144, 1037870673, 7384, 1037876134, 7656, 1037870560, 7400, 1037870612, 7640, 1037876067, 7648, 1037878151, 7137, 1038330983, 7129, 1038325761, 7145, 1038331971, 7385, 1038329136, 7657, 1038337892, 7401, 1038335258, 7641, 1038331867, 7649, 1038336975, 7138, 1038786184, 7130, 1038787974, 7146, 1038794100, 7386, 1038788072, 7658, 1038794283, 7402, 1038794195, 7642, 1038788171, 7650, 1038786400, 7139, 1038310282, 7131, 1038309853, 7147, 1038308809, 7387, 1038306458, 7659, 1038302821, 7403, 1038305495, 7643, 1038303692, 7651, 1038304214, 7140, 1021145748, 7132, 1021192527, 7148, 1021132765, 7388, 1021195523, 7660, 1021138086, 7404, 1021135732, 7644, 1021197964, 7389, 1021950524, 7390, 1022017526, 7406, 1021973855, 7661, 1022000043, 7391, 1021072187, 7407, 1021107346, 7646, 1022014925, 7663, 1021105087, 7647, 1021069671, 7405, 1021997389, 7142, 1022019183, 7134, 1022020725, 7151, 1021110194, 7133, 1021947131, 7143, 1021068254, 7135, 1021075289, 7149, 1021994075, 7141, 1021980305, 7662, 1021971192, 7150, 1021977158, 7652, 1021151197, 7645, 1021953292, 7653, 1021986303, 7654, 1022013335, 7655, 1021063004]
[INFO] (lattice_cell.c: 455): on tick 43 of 50
[INFO] (lattice_cell.c: 172): the unmatched_packets is 56
[7136, 1037904854, 7128, 1037912714, 7144, 1037887708, 7384, 1037912658, 7656, 1037887713, 7400, 1037887702, 7640, 1037912638, 7648, 1037904856, 7137, 1038340236, 7129, 1038337123, 7145, 1038336958, 7385, 1038340334, 7657, 1038342587, 7401, 1038340088, 7641, 1038342937, 7649, 1038345914, 7138, 1038748119, 7130, 1038739767, 7146, 1038766416, 7386, 1038739894, 7658, 1038766496, 7642, 1038740014, 7402, 1038766462, 7650, 1038748243, 7139, 1038317201, 7131, 1038318204, 7147, 1038315130, 7387, 1038314996, 7659, 1038309500, 7643, 1038312392, 7403, 1038312000, 7651, 1038311504, 7140, 1021059340, 7132, 1020999642, 7388, 1021002465, 7404, 1021085846, 7660, 1021087778, 7644, 1021004563, 7389, 1022118141, 7652, 1021064058, 7141, 1022049958, 7391, 1021142993, 7407, 1021074131, 7653, 1022057559, 7655, 1021090549, 7134, 1021939721, 7143, 1021095935, 7148, 1021083189, 7151, 1021077083, 7405, 1022049249, 7135, 1021146110, 7149, 1022045175, 7133, 1022114106, 7150, 1022006557, 7390, 1021935769, 7406, 1022002696, 7662, 1021999346, 7661, 1022052695, 7645, 1022121624, 7646, 1021932331, 7654, 1021978328, 7663, 1021071961, 7647, 1021140613, 7142, 1021985528]
[INFO] (lattice_cell.c: 455): on tick 44 of 50
[INFO] (lattice_cell.c: 172): the unmatched_packets is 56
[7136, 1037851400, 7128, 1037856058, 7144, 1037876780, 7384, 1037855960, 7656, 1037876688, 7400, 1037876724, 7640, 1037855884, 7648, 1037851302, 7137, 1038328150, 7129, 1038326795, 7145, 1038327915, 7385, 1038330181, 7657, 1038333887, 7401, 1038331232, 7641, 1038332926, 7649, 1038334212, 7138, 1038813735, 7130, 1038808679, 7146, 1038787594, 7386, 1038808795, 7658, 1038787706, 7402, 1038787660, 7642, 1038808908, 7650, 1038813857, 7139, 1038310492, 7131, 1038310644, 7147, 1038306401, 7387, 1038307205, 7659, 1038300382, 7403, 1038303070, 7643, 1038304385, 7651, 1038304382, 7140, 1021224651, 7132, 1021250391, 7148, 1021175565, 7388, 1021253238, 7660, 1021180680, 7644, 1021255525, 7404, 1021178431, 7652, 1021229734, 7141, 1021909987, 7133, 1021882668, 7149, 1021968615, 7389, 1021886214, 7661, 1021974478, 7405, 1021971839, 7406, 1022011353, 7645, 1021889151, 7653, 1021916148, 7142, 1021984436, 7647, 1021092455, 7390, 1021991132, 7151, 1021082053, 7135, 1021097663, 7150, 1022014520, 7391, 1021094752, 7143, 1021101890, 7407, 1021079260, 7134, 1021994408, 7662, 1022008808, 7646, 1021988533, 7654, 1021978535, 7663, 1021077075, 7655, 1021096876]
[INFO] (lattice_cell.c: 455): on tick 45 of 50
[INFO] (lattice_cell.c: 172): the unmatched_packets is 56
[7136, 1037905457, 7128, 1037904153, 7144, 1037906315, 7384, 1037904087, 7656, 1037906297, 7400, 1037906299, 7640, 1037904045, 7648, 1037905372, 7137, 1038338626, 7129, 1038334450, 7145, 1038339567, 7385, 1038337665, 7657, 1038345134, 7401, 1038342658, 7641, 1038340283, 7649, 1038344291, 7138, 1038748020, 7130, 1038749359, 7146, 1038746590, 7386, 1038749510, 7658, 1038746740, 7402, 1038746668, 7642, 1038749669, 7650, 1038748263, 7139, 1038319619, 7131, 1038317503, 7147, 1038315256, 7387, 1038314312, 7659, 1038309690, 7403, 1038312156, 7643, 1038311732, 7651, 1038313980, 7140, 1020974735, 7132, 1021017239, 7148, 1021028782, 7388, 1021020123, 7660, 1021033750, 7404, 1021031643, 7644, 1021022272, 7645, 1022116306, 7407, 1021122761, 7647, 1021077786, 7389, 1022112956, 7405, 1022092762, 7151, 1021125828, 7135, 1021083583, 7150, 1021957813, 7143, 1021098070, 7390, 1022000364, 7406, 1021953890, 7391, 1021080317, 7133, 1022108988, 7149, 1022088791, 7142, 1021975726, 7652, 1020979798, 7661, 1022096112, 7141, 1022141234, 7653, 1022148502, 7662, 1021950530, 7646, 1021996980, 7654, 1021968381, 7663, 1021120452, 7655, 1021092602, 7134, 1022004250]
[INFO] (lattice_cell.c: 455): on tick 46 of 50
[INFO] (lattice_cell.c: 172): the unmatched_packets is 56
[7136, 1037871102, 7128, 1037890503, 7144, 1037846863, 7384, 1037890410, 7656, 1037846789, 7400, 1037846813, 7640, 1037890338, 7648, 1037871007, 7137, 1038331470, 7129, 1038328662, 7145, 1038329049, 7385, 1038332044, 7657, 1038335040, 7401, 1038332383, 7641, 1038334768, 7649, 1038337489, 7138, 1038793116, 7130, 1038772824, 7146, 1038818673, 7386, 1038772943, 7658, 1038818741, 7402, 1038818707, 7642, 1038773056, 7650, 1038793232, 7139, 1038310656, 7131, 1038309145, 7147, 1038308963, 7387, 1038305702, 7659, 1038302929, 7403, 1038305621, 7643, 1038302867, 7651, 1038304484, 7140, 1021227716, 7132, 1021164402, 7388, 1021167194, 7660, 1021253506, 7404, 1021251440, 7644, 1021169474, 7389, 1021964902, 7652, 1021232544, 7407, 1021085139, 7662, 1021991403, 7405, 1021892241, 7141, 1021894686, 7390, 1021975228, 7150, 1021997260, 7143, 1021073284, 7151, 1021087813, 7149, 1021888815, 7142, 1022012347, 7134, 1021978353, 7135, 1021121725, 7133, 1021961329, 7406, 1021994024, 7391, 1021118834, 7661, 1021895060, 7654, 1022006584, 7645, 1021967905, 7653, 1021901207, 7646, 1021972625, 7663, 1021083097, 7647, 1021116562, 7655, 1021068393, 7148, 1021248785]
[INFO] (lattice_cell.c: 455): on tick 47 of 50
[INFO] (lattice_cell.c: 172): the unmatched_packets is 56
[7136, 1037888705, 7128, 1037865454, 7144, 1037903281, 7384, 1037865396, 7656, 1037903180, 7400, 1037903218, 7640, 1037865371, 7648, 1037888645, 7137, 1038336780, 7129, 1038333775, 7145, 1038336454, 7385, 1038336982, 7657, 1038342024, 7401, 1038339553, 7641, 1038339603, 7649, 1038342478, 7138, 1038765013, 7130, 1038788841, 7146, 1038750519, 7386, 1038788986, 7658, 1038750747, 7402, 1038750649, 7642, 1038789114, 7650, 1038765223, 7139, 1038316547, 7131, 1038317145, 7147, 1038313355, 7387, 1038313975, 7659, 1038307783, 7403, 1038310256, 7643, 1038311395, 7651, 1038310921, 7140, 1021063772, 7132, 1021137486, 7148, 1020992795, 7388, 1021140396, 7660, 1020997983, 7404, 1020995792, 7644, 1021142551, 7652, 1021068921, 7141, 1022059341, 7133, 1021989062, 7389, 1021993095, 7661, 1022146069, 7390, 1021976267, 7653, 1022066389, 7407, 1021082041, 7655, 1021089412, 7405, 1022142889, 7135, 1021108103, 7151, 1021085121, 7143, 1021095083, 7142, 1021989162, 7406, 1022002860, 7391, 1021104802, 7134, 1021980247, 7646, 1021972830, 7654, 1021981939, 7645, 1021996481, 7149, 1022139072, 7662, 1021999609, 7663, 1021079685, 7647, 1021102220, 7150, 1022006691]
[INFO] (lattice_cell.c: 455): on tick 48 of 50
[INFO] (lattice_cell.c: 172): the unmatched_packets is 56
[7136, 1037890333, 7128, 1037899867, 7144, 1037882743, 7384, 1037899756, 7656, 1037882706, 7400, 1037882727, 7640, 1037899662, 7648, 1037890202, 7137, 1038331629, 7129, 1038328134, 7145, 1038331278, 7385, 1038331549, 7657, 1038337194, 7401, 1038334568, 7641, 1038334302, 7649, 1038337639, 7138, 1038773492, 7130, 1038763891, 7146, 1038780968, 7386, 1038764031, 7658, 1038781024, 7402, 1038781002, 7642, 1038764154, 7650, 1038773660, 7139, 1038313025, 7131, 1038311859, 7147, 1038309093, 7387, 1038308395, 7659, 1038303090, 7403, 1038305766, 7643, 1038305579, 7651, 1038306904, 7140, 1021109641, 7388, 1021064400, 7660, 1021197225, 7404, 1021195243, 7644, 1021066529, 7652, 1021114446, 7389, 1022071379, 7407, 1021090630, 7405, 1021940266, 7143, 1021116882, 7390, 1021992063, 7151, 1021093348, 7133, 1022067866, 7406, 1021989847, 7149, 1021936709, 7134, 1021995300, 7391, 1021092475, 7150, 1021993077, 7142, 1021961280, 7135, 1021095250, 7132, 1021061683, 7148, 1021192680, 7141, 1022011171, 7661, 1021943238, 7645, 1022074359, 7662, 1021987198, 7653, 1022017631, 7646, 1021989384, 7654, 1021955307, 7663, 1021088539, 7647, 1021090307, 7655, 1021112048]
[INFO] (lattice_cell.c: 455): on tick 49 of 50
[INFO] (lattice_cell.c: 172): the unmatched_packets is 56
[7136, 1037862441, 7128, 1037893973, 7144, 1037875867, 7384, 1037893860, 7656, 1037875822, 7400, 1037875838, 7640, 1037893783, 7648, 1037862341, 7137, 1038337335, 7129, 1038334718, 7145, 1038335890, 7385, 1038337892, 7657, 1038341492, 7401, 1038338991, 7641, 1038340481, 7649, 1038342993, 7138, 1038792167, 7130, 1038758973, 7146, 1038778336, 7386, 1038759174, 7658, 1038778470, 7402, 1038778410, 7642, 1038759364, 7650, 1038792415, 7139, 1038316511, 7387, 1038312274, 7659, 1038310296, 7403, 1038312776, 7131, 1038315469, 7643, 1038309674, 7651, 1038310824, 7140, 1021159175, 7147, 1038315881, 7132, 1021142876, 7148, 1021119184, 7388, 1021146009, 7660, 1021124442, 7404, 1021122179, 7644, 1021148405, 7652, 1021164417, 7141, 1021960590, 7133, 1021979908, 7149, 1022013004, 7389, 1021983819, 7661, 1022019884, 7405, 1022016780, 7645, 1021987088, 7653, 1021967798, 7142, 1022000950, 7134, 1021992550, 7390, 1021988795, 7662, 1021982002, 7406, 1021985144, 7150, 1021988966, 7646, 1021985577, 7654, 1021993927, 7391, 1021099054, 7663, 1021085082, 7143, 1021082507, 7407, 1021087464, 7647, 1021096377, 7655, 1021076819, 7135, 1021102465, 7151, 1021090568]
[INFO] (lattice_cell.c: 455): on tick 50 of 50
[INFO] (lattice_cell.c: 466): updating recording regions
[INFO] (recording.c: 507): 	Finalising channel 0 - state info stored in SDRAM
[INFO] (recording.c: 512): closed channel 0.
[INFO] (lattice_cell.c: 470): Simulation complete.

