[INFO] (lattice_cell.c: 604): starting lattice cell
[INFO] (lattice_cell.c: 526): Initialise: started
[INFO] (data_specification.c: 78): magic = ad130ad6, version = 1.0
[INFO] (lattice_cell.c: 555): my key is 7408
[INFO] (lattice_cell.c: 562): I'm in position ( 28, 30)
[INFO] (lattice_cell.c: 568): my n key is 7152
[INFO] (lattice_cell.c: 574): my U_X = -0.009999739937484264
[INFO] (lattice_cell.c: 575): my U_Y = 0.00035355339059606194
[INFO] (lattice_cell.c: 583): input_buffer initialised
[INFO] (recording.c: 563): Recording 1 regions, using output tag 0, size before trigger 7686388, time between triggers 50
[INFO] (recording.c: 665): Recording channel 0 configured to use 7686132 byte memory block starting at 0x60998604
[INFO] (lattice_cell.c: 588): Recording flags = 0x00000001
[INFO] (lattice_cell.c: 619): setting timer to execute every 200000 microseconds
[INFO] (lattice_cell.c: 627): Starting

[INFO] (simulation.c: 159): Setting the runtime of this model to 50 starting at 0
[INFO] (simulation.c: 161): Setting the flag of infinite run for this model to 0
[INFO] (simulation.c: 175): Resuming
[INFO] (lattice_cell.c: 455): on tick 0 of 50
[7656, 1037884871, 7416, 1037884801, 7400, 1037884873, 7664, 1037884809, 7672, 1037884799, 7160, 1037884803, 7144, 1037884879, 7152, 1037884817, 7657, 1038337402, 7417, 1038334614, 7665, 1038337402, 7401, 1038334616, 7673, 1038337402, 7161, 1038331222, 7145, 1038331226, 7153, 1038331224, 7658, 1038779503, 7418, 1038779583, 7666, 1038779571, 7674, 1038779581, 7402, 1038779505, 7419, 1038302980, 7403, 1038302982, 7659, 1038300204, 7667, 1038300202, 7420, 1021122472, 7146, 1038779511, 7423, 1021092731, 7154, 1038779579, 7661, 1022022027, 7407, 1021092803, 7679, 1021090121, 7671, 1021090131, 7404, 1021122544, 7421, 1022019151, 7405, 1022019073, 7422, 1021985618, 7406, 1021985542, 7150, 1021989134, 7158, 1021989200, 7155, 1038306368, 7157, 1022015547, 7151, 1021095990, 7148, 1021119356, 7156, 1021119294, 7149, 1022015480, 7159, 1021095929, 7147, 1038306370, 7675, 1038300202, 7164, 1021119282, 7165, 1022015553, 7660, 1021125162, 7668, 1021125100, 7676, 1021125092, 7669, 1022022093, 7677, 1022022103, 7662, 1021982596, 7678, 1021982674, 7670, 1021982664, 7663, 1021090191, 7163, 1038306366, 7166, 1021989208, 7162, 1038779585, 7167, 1021095915]
[INFO] (lattice_cell.c: 455): on tick 1 of 50
[INFO] (lattice_cell.c: 172): the unmatched_packets is 56
[7656, 1037880041, 7416, 1037879857, 7400, 1037880039, 7672, 1037879855, 7664, 1037879877, 7160, 1037879857, 7152, 1037879879, 7144, 1037880041, 7657, 1038345678, 7417, 1038342968, 7665, 1038345686, 7401, 1038342954, 7673, 1038345686, 7145, 1038339628, 7153, 1038339638, 7418, 1038774635, 7658, 1038774443, 7402, 1038774437, 7666, 1038774609, 7674, 1038774637, 7419, 1038311487, 7161, 1038339642, 7659, 1038308771, 7404, 1021121352, 7667, 1038308767, 7421, 1022010218, 7662, 1021980887, 7403, 1038311487, 7420, 1021121556, 7149, 1022006476, 7150, 1021988326, 7147, 1038314812, 7148, 1021118468, 7146, 1038774439, 7405, 1022010443, 7422, 1021984617, 7155, 1038314810, 7406, 1021984353, 7423, 1021083723, 7407, 1021083970, 7151, 1021086851, 7675, 1038308767, 7156, 1021118653, 7164, 1021118681, 7661, 1022013926, 7163, 1038314812, 7158, 1021988548, 7670, 1021981113, 7159, 1021086635, 7157, 1022006283, 7165, 1022006254, 7660, 1021123499, 7668, 1021123677, 7167, 1021086599, 7676, 1021123707, 7677, 1022013691, 7669, 1022013724, 7678, 1021981145, 7663, 1021081820, 7671, 1021081606, 7679, 1021081574, 7154, 1038774611, 7166, 1021988585, 7162, 1038774637]
[INFO] (lattice_cell.c: 455): on tick 2 of 50
[INFO] (lattice_cell.c: 172): the unmatched_packets is 56
[7656, 1037884829, 7416, 1037885231, 7400, 1037884831, 7160, 1037885231, 7672, 1037885225, 7664, 1037885171, 7144, 1037884835, 7152, 1037885177, 7657, 1038338130, 7417, 1038335274, 7401, 1038335314, 7161, 1038331836, 7673, 1038338094, 7665, 1038338100, 7145, 1038331872, 7153, 1038331840, 7658, 1038780432, 7418, 1038780031, 7402, 1038780434, 7674, 1038780027, 7666, 1038780083, 7659, 1038300427, 7675, 1038300427, 7667, 1038300425, 7405, 1022017929, 7660, 1021126439, 7407, 1021093028, 7154, 1038780085, 7663, 1021090533, 7679, 1021090771, 7419, 1038303239, 7403, 1038303241, 7420, 1021122822, 7158, 1021989909, 7404, 1021123943, 7421, 1022019236, 7422, 1021986398, 7155, 1038306666, 7406, 1021986649, 7423, 1021093270, 7148, 1021120875, 7156, 1021119906, 7146, 1038780430, 7149, 1022014439, 7157, 1022015573, 7147, 1038306666, 7151, 1021096082, 7159, 1021096295, 7150, 1021990127, 7164, 1021119755, 7165, 1022015750, 7166, 1021989872, 7678, 1021983535, 7676, 1021125321, 7668, 1021125465, 7661, 1022020791, 7677, 1022022090, 7669, 1022021917, 7662, 1021983799, 7670, 1021983580, 7671, 1021090742, 7167, 1021096324, 7162, 1038780035, 7163, 1038306668]
[INFO] (lattice_cell.c: 455): on tick 3 of 50
[INFO] (lattice_cell.c: 172): the unmatched_packets is 56
[7656, 1037882345, 7416, 1037879963, 7160, 1037879963, 7400, 1037882345, 7672, 1037879967, 7664, 1037880291, 7144, 1037882339, 7152, 1037880285, 7657, 1038345334, 7417, 1038342928, 7161, 1038339660, 7401, 1038342672, 7673, 1038345590, 7665, 1038345556, 7145, 1038339404, 7153, 1038339620, 7658, 1038772158, 7418, 1038774633, 7402, 1038772160, 7674, 1038774637, 7666, 1038774303, 7146, 1038772162, 7154, 1038774299, 7659, 1038308974, 7419, 1038311593, 7403, 1038311637, 7667, 1038308938, 7675, 1038308936, 7420, 1021121605, 7404, 1021116419, 7660, 1021118665, 7668, 1021123152, 7147, 1038314898, 7421, 1022010971, 7405, 1022017160, 7679, 1021081467, 7163, 1038314858, 7422, 1021984071, 7156, 1021117896, 7406, 1021981983, 7423, 1021083720, 7157, 1022007767, 7407, 1021085763, 7151, 1021088748, 7159, 1021086985, 7148, 1021113431, 7149, 1022013109, 7150, 1021986031, 7155, 1038314862, 7661, 1022020688, 7676, 1021123864, 7669, 1022015346, 7677, 1022014510, 7662, 1021978460, 7670, 1021980267, 7167, 1021086703, 7678, 1021980545, 7165, 1022006929, 7663, 1021083513, 7671, 1021081743, 7158, 1021987827, 7166, 1021988119, 7162, 1038774633, 7164, 1021118616]
[INFO] (lattice_cell.c: 455): on tick 4 of 50
[INFO] (lattice_cell.c: 172): the unmatched_packets is 56
[7656, 1037875179, 7416, 1037884949, 7400, 1037875178, 7672, 1037884945, 7664, 1037883471, 7160, 1037884949, 7152, 1037883469, 7144, 1037875182, 7657, 1038339450, 7417, 1038335504, 7401, 1038336602, 7673, 1038338356, 7665, 1038338555, 7145, 1038333139, 7153, 1038332238, 7418, 1038780315, 7658, 1038790408, 7666, 1038781843, 7674, 1038780311, 7419, 1038303076, 7420, 1021123508, 7667, 1038300223, 7675, 1038300229, 7660, 1021148594, 7661, 1021993454, 7662, 1021992332, 7402, 1038790412, 7149, 1021987244, 7157, 1022010457, 7158, 1021991759, 7151, 1021088189, 7403, 1038303010, 7146, 1038790412, 7156, 1021123885, 7154, 1038781839, 7404, 1021146221, 7421, 1022018014, 7422, 1021987102, 7155, 1038306518, 7405, 1021990654, 7423, 1021092948, 7406, 1021995118, 7407, 1021085266, 7162, 1038780309, 7164, 1021120566, 7147, 1038306470, 7163, 1038306532, 7659, 1038300167, 7148, 1021143273, 7150, 1021998518, 7159, 1021094662, 7676, 1021125847, 7668, 1021129167, 7677, 1022020794, 7669, 1022016662, 7678, 1021984308, 7670, 1021985577, 7663, 1021082922, 7679, 1021090585, 7671, 1021089386, 7161, 1038332036, 7166, 1021990494, 7167, 1021095872, 7165, 1022014596]
[INFO] (lattice_cell.c: 455): on tick 5 of 50
[INFO] (lattice_cell.c: 172): the unmatched_packets is 56
[7656, 1037908954, 7416, 1037881286, 7160, 1037881278, 7672, 1037881286, 7400, 1037908952, 7664, 1037887654, 7144, 1037908954, 7152, 1037887652, 7657, 1038344036, 7161, 1038339428, 7417, 1038342648, 7401, 1038341398, 7673, 1038345260, 7665, 1038344386, 7145, 1038338167, 7153, 1038338541, 7658, 1038744541, 7418, 1038773288, 7402, 1038744547, 7666, 1038766661, 7419, 1038311635, 7403, 1038312079, 7659, 1038309460, 7420, 1021118801, 7675, 1038309030, 7421, 1022015289, 7146, 1038744549, 7660, 1021045877, 7668, 1021106663, 7407, 1021104434, 7404, 1021043566, 7151, 1021107525, 7405, 1022095450, 7150, 1021966544, 7422, 1021982404, 7406, 1021962453, 7154, 1038766663, 7423, 1021084820, 7158, 1021981127, 7147, 1038315299, 7159, 1021093102, 7167, 1021087907, 7148, 1021040503, 7149, 1022091402, 7155, 1038314948, 7157, 1022029236, 7661, 1022098966, 7674, 1038773292, 7156, 1021101213, 7164, 1021115701, 7166, 1021986487, 7667, 1038309118, 7676, 1021121167, 7165, 1022011193, 7669, 1022036866, 7677, 1022018841, 7662, 1021958912, 7670, 1021973501, 7678, 1021978854, 7663, 1021102071, 7679, 1021082457, 7671, 1021087644, 7163, 1038314848, 7162, 1038773288]
[INFO] (lattice_cell.c: 455): on tick 6 of 50
[INFO] (lattice_cell.c: 172): the unmatched_packets is 56
[7656, 1037841534, 7416, 1037879172, 7160, 1037879176, 7400, 1037841544, 7672, 1037879172, 7664, 1037861650, 7144, 1037841560, 7152, 1037861646, 7657, 1038338141, 7161, 1038333199, 7417, 1038336686, 7401, 1038335332, 7673, 1038339540, 7665, 1038339701, 7145, 1038331881, 7153, 1038333389, 7658, 1038824891, 7418, 1038786282, 7402, 1038824881, 7419, 1038302912, 7403, 1038302552, 7659, 1038299691, 7667, 1038299857, 7675, 1038300057, 7406, 1022008728, 7423, 1021088422, 7407, 1021072076, 7674, 1038786280, 7666, 1038804408, 7420, 1021135800, 7159, 1021078780, 7158, 1022008228, 7151, 1021074877, 7147, 1038306037, 7404, 1021276808, 7163, 1038306398, 7421, 1022001265, 7405, 1021863920, 7154, 1038804408, 7149, 1021860510, 7422, 1021991921, 7150, 1022012069, 7156, 1021182403, 7148, 1021273894, 7155, 1038306195, 7660, 1021279154, 7146, 1038824871, 7165, 1021997902, 7676, 1021138041, 7668, 1021187481, 7661, 1021866780, 7677, 1022004048, 7669, 1021953582, 7662, 1022005966, 7157, 1021947374, 7678, 1021989142, 7670, 1022002099, 7663, 1021069849, 7679, 1021086211, 7671, 1021073778, 7167, 1021091219, 7164, 1021133005, 7166, 1021995267, 7162, 1038786284]
[INFO] (lattice_cell.c: 455): on tick 7 of 50
[INFO] (lattice_cell.c: 172): the unmatched_packets is 56
[7656, 1037909446, 7160, 1037899602, 7416, 1037899596, 7400, 1037909426, 7664, 1037920992, 7672, 1037899600, 7144, 1037909398, 7152, 1037920990, 7657, 1038343833, 7417, 1038341719, 7161, 1038338523, 7673, 1038344321, 7401, 1038341187, 7665, 1038345743, 7145, 1038337938, 7153, 1038339885, 7658, 1038744547, 7418, 1038754319, 7674, 1038754327, 7666, 1038732279, 7402, 1038744561, 7419, 1038311651, 7659, 1038309833, 7675, 1038309078, 7420, 1021073007, 7667, 1038309628, 7421, 1022065326, 7660, 1020961891, 7422, 1021970692, 7661, 1022184432, 7407, 1021087541, 7670, 1021956974, 7671, 1021103836, 7162, 1038754317, 7403, 1038312413, 7404, 1020959622, 7158, 1021964584, 7151, 1021090717, 7405, 1022180987, 7148, 1020956616, 7147, 1038315596, 7156, 1020982215, 7406, 1021980693, 7146, 1038744577, 7149, 1022176937, 7423, 1021096542, 7150, 1021984803, 7166, 1021974789, 7157, 1022143805, 7159, 1021109494, 7669, 1022151240, 7165, 1022061275, 7163, 1038314830, 7154, 1038732283, 7668, 1020987700, 7676, 1021075452, 7677, 1022068798, 7662, 1021977154, 7678, 1021967189, 7663, 1021085079, 7679, 1021094075, 7155, 1038315381, 7164, 1021069845, 7167, 1021099731]
[INFO] (lattice_cell.c: 455): on tick 8 of 50
[INFO] (lattice_cell.c: 172): the unmatched_packets is 56
[7160, 1037844818, 7656, 1037886460, 7416, 1037844810, 7400, 1037886480, 7664, 1037848572, 7672, 1037844824, 7144, 1037886508, 7152, 1037848602, 7657, 1038338837, 7417, 1038335224, 7161, 1038331769, 7673, 1038338039, 7401, 1038336050, 7665, 1038339972, 7145, 1038332609, 7153, 1038333751, 7658, 1038777879, 7418, 1038821717, 7402, 1038777873, 7674, 1038821721, 7666, 1038817332, 7146, 1038777867, 7419, 1038303356, 7154, 1038817304, 7659, 1038300345, 7403, 1038303204, 7667, 1038299789, 7660, 1021202236, 7668, 1021291571, 7406, 1021978847, 7423, 1021077315, 7661, 1021939705, 7671, 1021082209, 7420, 1021238690, 7404, 1021199924, 7421, 1021903752, 7405, 1021936835, 7422, 1021999803, 7407, 1021101576, 7151, 1021104282, 7148, 1021197027, 7156, 1021286471, 7149, 1021933447, 7159, 1021086998, 7147, 1038306692, 7150, 1021982193, 7158, 1021998387, 7155, 1038306129, 7669, 1021846989, 7675, 1038300504, 7662, 1021976085, 7167, 1021080000, 7676, 1021240868, 7677, 1021906656, 7678, 1021997004, 7670, 1021992258, 7663, 1021099510, 7679, 1021075222, 7157, 1021840624, 7163, 1038306850, 7164, 1021235950, 7165, 1021900288, 7166, 1022003172, 7162, 1038821723]
[INFO] (lattice_cell.c: 455): on tick 9 of 50
[INFO] (lattice_cell.c: 172): the unmatched_packets is 56
[7160, 1037931627, 7656, 1037870856, 7416, 1037931637, 7400, 1037870850, 7664, 1037889347, 7672, 1037931649, 7144, 1037870844, 7152, 1037889315, 7161, 1038338216, 7657, 1038344803, 7417, 1038341437, 7673, 1038344071, 7401, 1038342180, 7665, 1038344487, 7145, 1038338962, 7153, 1038338618, 7162, 1038721554, 7658, 1038783758, 7418, 1038721538, 7674, 1038721536, 7402, 1038783742, 7666, 1038765534, 7146, 1038783731, 7154, 1038765554, 7659, 1038309148, 7419, 1038311449, 7403, 1038311719, 7675, 1038308883, 7420, 1020966776, 7667, 1038308474, 7404, 1021135442, 7660, 1021137824, 7668, 1021019788, 7422, 1022001430, 7406, 1021982511, 7423, 1021068584, 7407, 1021085389, 7670, 1021995226, 7421, 1022174308, 7405, 1021999593, 7158, 1022002739, 7163, 1038314620, 7157, 1022117298, 7150, 1021986572, 7148, 1021132316, 7156, 1021014340, 7149, 1021995620, 7151, 1021088671, 7147, 1038314880, 7159, 1021076047, 7167, 1021071818, 7676, 1020969194, 7155, 1038314200, 7661, 1022002946, 7677, 1022177611, 7669, 1022124638, 7678, 1021998000, 7662, 1021979047, 7166, 1022005425, 7663, 1021082818, 7671, 1021070220, 7679, 1021066035, 7164, 1020963617, 7165, 1022170382]
[INFO] (lattice_cell.c: 455): on tick 10 of 50
[INFO] (lattice_cell.c: 172): the unmatched_packets is 56
[7160, 1037841496, 7656, 1037879375, 7416, 1037841466, 7400, 1037879373, 7664, 1037886899, 7672, 1037841448, 7144, 1037879364, 7152, 1037886913, 7161, 1038333148, 7657, 1038337767, 7417, 1038336568, 7401, 1038334979, 7673, 1038339345, 7665, 1038338760, 7145, 1038331539, 7153, 1038332541, 7658, 1038786198, 7418, 1038824519, 7674, 1038824539, 7402, 1038786218, 7666, 1038777902, 7146, 1038786234, 7154, 1038777905, 7419, 1038301367, 7659, 1038301513, 7403, 1038304355, 7667, 1038301101, 7162, 1038824491, 7407, 1021089840, 7670, 1021955838, 7420, 1021235138, 7404, 1021103913, 7421, 1021900194, 7405, 1022037083, 7159, 1021122080, 7149, 1022033544, 7422, 1021903131, 7406, 1021988549, 7423, 1021181067, 7150, 1021991946, 7158, 1021962150, 7151, 1021092441, 7147, 1038307829, 7157, 1022014905, 7155, 1038307392, 7148, 1021101209, 7660, 1021106019, 7156, 1021117203, 7676, 1021237298, 7166, 1021906629, 7164, 1021232388, 7675, 1038298569, 7668, 1021122086, 7661, 1022040103, 7669, 1022021352, 7677, 1021903188, 7662, 1021985693, 7678, 1021900166, 7663, 1021087866, 7671, 1021117496, 7679, 1021179036, 7167, 1021183695, 7165, 1021896655, 7163, 1038304807]
[INFO] (lattice_cell.c: 455): on tick 11 of 50
[INFO] (lattice_cell.c: 172): the unmatched_packets is 56
[7160, 1037910771, 7656, 1037892379, 7416, 1037910789, 7400, 1037892374, 7672, 1037910809, 7664, 1037902245, 7144, 1037892372, 7152, 1037902233, 7161, 1038339514, 7657, 1038344208, 7417, 1038342720, 7401, 1038341592, 7673, 1038345337, 7665, 1038345991, 7153, 1038340174, 7145, 1038338385, 7162, 1038743321, 7658, 1038761355, 7418, 1038743305, 7402, 1038761341, 7674, 1038743305, 7666, 1038751059, 7154, 1038751048, 7146, 1038761331, 7659, 1038309191, 7419, 1038310828, 7420, 1021112173, 7675, 1038308206, 7404, 1021112418, 7660, 1021114972, 7405, 1022023765, 7668, 1021167078, 7670, 1022038100, 7403, 1038311759, 7151, 1021068788, 7421, 1022025437, 7159, 1021023436, 7148, 1021109155, 7422, 1022136777, 7406, 1022005566, 7156, 1021161281, 7149, 1022019953, 7157, 1021963567, 7155, 1038316214, 7163, 1038314046, 7423, 1020933775, 7407, 1021065463, 7147, 1038314928, 7667, 1038310432, 7676, 1021114647, 7661, 1022026938, 7677, 1022028652, 7167, 1020937055, 7669, 1021970569, 7662, 1022002235, 7678, 1022133617, 7165, 1022021538, 7150, 1022009511, 7158, 1022045184, 7166, 1022140578, 7663, 1021062840, 7671, 1021017523, 7679, 1020931222, 7164, 1021108991]
[INFO] (lattice_cell.c: 455): on tick 12 of 50
[INFO] (lattice_cell.c: 172): the unmatched_packets is 56
[7160, 1037861407, 7656, 1037869923, 7416, 1037861417, 7664, 1037839539, 7400, 1037869933, 7672, 1037861427, 7144, 1037869951, 7152, 1037839559, 7161, 1038331379, 7657, 1038337800, 7417, 1038334798, 7665, 1038338480, 7401, 1038335033, 7673, 1038337567, 7145, 1038331609, 7153, 1038332294, 7162, 1038804228, 7658, 1038795155, 7418, 1038804200, 7402, 1038795157, 7674, 1038804178, 7666, 1038827163, 7146, 1038795161, 7154, 1038827165, 7419, 1038303781, 7659, 1038299382, 7403, 1038302176, 7675, 1038301045, 7420, 1021087084, 7667, 1038300900, 7660, 1021120018, 7676, 1021089076, 7661, 1022025112, 7677, 1022058046, 7662, 1021929375, 7407, 1021154513, 7678, 1021828981, 7148, 1021115450, 7157, 1022025642, 7404, 1021118030, 7421, 1022054954, 7150, 1021936007, 7151, 1021157038, 7405, 1022021967, 7159, 1021222151, 7163, 1038307171, 7156, 1021106027, 7422, 1021832114, 7406, 1021932431, 7423, 1021244911, 7158, 1021861738, 7147, 1038305606, 7149, 1022018321, 7155, 1038307053, 7164, 1021084482, 7167, 1021247521, 7668, 1021110561, 7669, 1022032462, 7670, 1021854928, 7663, 1021152585, 7679, 1021242921, 7671, 1021217665, 7166, 1021835761, 7165, 1022051339]
[INFO] (lattice_cell.c: 455): on tick 13 of 50
[INFO] (lattice_cell.c: 172): the unmatched_packets is 56
[7160, 1037889386, 7656, 1037912646, 7416, 1037889360, 7400, 1037912636, 7672, 1037889348, 7664, 1037913774, 7144, 1037912628, 7152, 1037913764, 7161, 1038339245, 7657, 1038344836, 7417, 1038342450, 7401, 1038342228, 7673, 1038345069, 7665, 1038345614, 7145, 1038339020, 7153, 1038339797, 7162, 1038765048, 7658, 1038740541, 7418, 1038765076, 7402, 1038740525, 7674, 1038765106, 7666, 1038740151, 7146, 1038740529, 7154, 1038740116, 7659, 1038309134, 7419, 1038311142, 7403, 1038311750, 7675, 1038308523, 7667, 1038308613, 7420, 1021121361, 7404, 1021152212, 7147, 1038314975, 7660, 1021154840, 7421, 1022015339, 7405, 1021981654, 7676, 1021123997, 7422, 1022064188, 7669, 1022023215, 7163, 1038314369, 7159, 1020924452, 7151, 1020979649, 7149, 1021977983, 7406, 1022094348, 7423, 1021005721, 7150, 1022098015, 7158, 1022154786, 7407, 1020976292, 7148, 1021148875, 7156, 1021110751, 7157, 1022016471, 7677, 1022018375, 7166, 1022067936, 7164, 1021118022, 7668, 1021116693, 7155, 1038314463, 7661, 1021984691, 7662, 1022091311, 7678, 1022061116, 7670, 1022148093, 7663, 1020973623, 7679, 1021003178, 7671, 1020918550, 7167, 1021008963, 7165, 1022011660]
[INFO] (lattice_cell.c: 455): on tick 14 of 50
[INFO] (lattice_cell.c: 172): the unmatched_packets is 56
[7160, 1037894397, 7656, 1037843253, 7416, 1037894384, 7400, 1037843251, 7672, 1037894386, 7664, 1037879822, 7144, 1037843249, 7152, 1037879794, 7161, 1038332680, 7657, 1038337017, 7417, 1038336060, 7401, 1038334268, 7673, 1038338799, 7665, 1038338411, 7145, 1038330876, 7153, 1038332283, 7418, 1038770060, 7658, 1038822826, 7402, 1038822830, 7674, 1038770050, 7666, 1038784509, 7146, 1038822850, 7154, 1038784556, 7403, 1038304642, 7659, 1038301910, 7421, 1021990946, 7405, 1022030778, 7422, 1021996540, 7660, 1021110771, 7677, 1021994195, 7162, 1038770066, 7407, 1021247544, 7670, 1021873896, 7671, 1021197708, 7419, 1038302045, 7420, 1021150057, 7150, 1021833950, 7158, 1021880825, 7159, 1021202214, 7148, 1021106409, 7404, 1021108905, 7156, 1021118163, 7157, 1022014055, 7406, 1021830179, 7423, 1021085944, 7151, 1021250067, 7155, 1038307506, 7149, 1022027000, 7675, 1038299317, 7667, 1038301438, 7668, 1021122545, 7676, 1021151904, 7661, 1022034055, 7669, 1022021028, 7165, 1021987169, 7662, 1021826898, 7678, 1021993372, 7663, 1021245653, 7679, 1021084023, 7147, 1038308004, 7163, 1038305422, 7167, 1021088508, 7164, 1021147559, 7166, 1022000233]
[INFO] (lattice_cell.c: 455): on tick 15 of 50
[INFO] (lattice_cell.c: 172): the unmatched_packets is 56
[7160, 1037872410, 7656, 1037897581, 7416, 1037872428, 7400, 1037897591, 7672, 1037872435, 7664, 1037871183, 7144, 1037897608, 7152, 1037871210, 7161, 1038339116, 7657, 1038344510, 7417, 1038342336, 7673, 1038344948, 7401, 1038341890, 7665, 1038345309, 7145, 1038338664, 7153, 1038339465, 7162, 1038782239, 7658, 1038756674, 7418, 1038782231, 7402, 1038756645, 7674, 1038782231, 7666, 1038783612, 7146, 1038756611, 7154, 1038783572, 7659, 1038308842, 7419, 1038311632, 7675, 1038309024, 7403, 1038311491, 7667, 1038309799, 7147, 1038314740, 7155, 1038315648, 7660, 1021112885, 7420, 1021125078, 7404, 1021110195, 7668, 1021123150, 7163, 1038314849, 7669, 1022014754, 7407, 1020955022, 7663, 1020952407, 7421, 1022009615, 7405, 1022024991, 7150, 1022123194, 7422, 1021949684, 7406, 1022119627, 7149, 1022021435, 7158, 1021991762, 7159, 1021081064, 7423, 1021116986, 7148, 1021106833, 7156, 1021117059, 7157, 1022008307, 7676, 1021127754, 7661, 1022027892, 7151, 1020958338, 7677, 1022012534, 7662, 1022116703, 7670, 1021985167, 7678, 1021946790, 7167, 1021120351, 7671, 1021075152, 7679, 1021114282, 7165, 1022006051, 7164, 1021121718, 7166, 1021953261]
[INFO] (lattice_cell.c: 455): on tick 16 of 50
[INFO] (lattice_cell.c: 172): the unmatched_packets is 56
[7160, 1037877158, 7656, 1037895820, 7416, 1037877156, 7400, 1037895803, 7672, 1037877160, 7664, 1037889195, 7144, 1037895785, 7152, 1037889200, 7161, 1038331773, 7657, 1038337374, 7417, 1038335132, 7401, 1038334659, 7673, 1038337847, 7665, 1038338652, 7145, 1038331309, 7153, 1038332593, 7162, 1038788392, 7658, 1038767931, 7418, 1038788394, 7402, 1038767947, 7674, 1038788384, 7666, 1038775856, 7146, 1038767968, 7154, 1038775846, 7419, 1038302923, 7403, 1038303762, 7659, 1038301052, 7667, 1038300622, 7675, 1038300224, 7406, 1021953891, 7423, 1021094518, 7407, 1021128470, 7678, 1021984126, 7671, 1021053405, 7151, 1021131032, 7158, 1022029649, 7420, 1021108735, 7148, 1021127985, 7157, 1022005654, 7404, 1021130458, 7147, 1038307095, 7421, 1022034007, 7405, 1022010121, 7422, 1021987472, 7155, 1038306673, 7166, 1021991339, 7159, 1021057686, 7150, 1021957683, 7156, 1021127209, 7149, 1022006245, 7677, 1022037351, 7662, 1021950591, 7660, 1021132260, 7668, 1021131431, 7676, 1021110544, 7661, 1022013477, 7669, 1022012913, 7670, 1022022507, 7663, 1021126587, 7679, 1021092753, 7165, 1022030134, 7167, 1021096946, 7164, 1021106264, 7163, 1038306267]
[INFO] (lattice_cell.c: 455): on tick 17 of 50
[INFO] (lattice_cell.c: 172): the unmatched_packets is 56
[7160, 1037884740, 7656, 1037870510, 7416, 1037884734, 7400, 1037870504, 7672, 1037884722, 7664, 1037883824, 7144, 1037870516, 7152, 1037883816, 7161, 1038339588, 7657, 1038344161, 7417, 1038342828, 7401, 1038341526, 7673, 1038345443, 7665, 1038345584, 7145, 1038338276, 7153, 1038339717, 7162, 1038769616, 7658, 1038783833, 7418, 1038769632, 7402, 1038783821, 7674, 1038769642, 7666, 1038770260, 7146, 1038783807, 7154, 1038770252, 7163, 1038314190, 7659, 1038309839, 7419, 1038310958, 7403, 1038312459, 7675, 1038308337, 7667, 1038309627, 7147, 1038315708, 7155, 1038315486, 7420, 1021111639, 7404, 1021124018, 7660, 1021126741, 7668, 1021123621, 7676, 1021114365, 7156, 1021117550, 7661, 1022011030, 7669, 1022013140, 7677, 1022026749, 7164, 1021108263, 7407, 1021125132, 7671, 1021088627, 7421, 1022023967, 7158, 1021978841, 7405, 1022008240, 7151, 1021128460, 7150, 1021947627, 7422, 1022002758, 7159, 1021094740, 7149, 1022004826, 7406, 1021944129, 7423, 1021066367, 7157, 1022006923, 7165, 1022020544, 7148, 1021120633, 7670, 1021972645, 7662, 1021941278, 7678, 1021999966, 7663, 1021122445, 7679, 1021063672, 7167, 1021069697, 7166, 1022006213]
[INFO] (lattice_cell.c: 455): on tick 18 of 50
[INFO] (lattice_cell.c: 172): the unmatched_packets is 56
[7160, 1037892726, 7656, 1037879545, 7416, 1037892724, 7400, 1037879543, 7672, 1037892720, 7664, 1037881204, 7144, 1037879557, 7152, 1037881179, 7161, 1038332017, 7657, 1038336970, 7417, 1038335323, 7401, 1038334291, 7673, 1038337998, 7665, 1038337876, 7145, 1038330981, 7153, 1038331895, 7162, 1038771577, 7658, 1038785731, 7418, 1038771575, 7402, 1038785714, 7674, 1038771577, 7666, 1038783538, 7146, 1038785704, 7154, 1038783556, 7659, 1038301171, 7419, 1038302964, 7403, 1038303872, 7675, 1038300286, 7421, 1022006561, 7405, 1022017552, 7407, 1021071999, 7678, 1021989899, 7420, 1021136495, 7404, 1021123500, 7150, 1022015668, 7157, 1022016038, 7158, 1021971780, 7148, 1021121034, 7422, 1021993288, 7406, 1022011711, 7423, 1021087515, 7164, 1021134042, 7151, 1021074461, 7159, 1021113526, 7667, 1038301676, 7149, 1022013567, 7156, 1021117289, 7147, 1038307190, 7155, 1038307659, 7660, 1021125294, 7676, 1021138275, 7668, 1021121520, 7661, 1022021017, 7677, 1022009983, 7669, 1022023419, 7662, 1022008280, 7166, 1021997210, 7670, 1021964391, 7167, 1021089991, 7663, 1021070210, 7671, 1021109272, 7679, 1021085734, 7165, 1022002581, 7163, 1038306269]
[INFO] (lattice_cell.c: 455): on tick 19 of 50
[INFO] (lattice_cell.c: 172): the unmatched_packets is 56
[7160, 1037878047, 7656, 1037885347, 7416, 1037878053, 7400, 1037885353, 7672, 1037878055, 7664, 1037876937, 7144, 1037885366, 7152, 1037876960, 7161, 1038339585, 7657, 1038344471, 7417, 1038342849, 7401, 1038341823, 7665, 1038345655, 7145, 1038338544, 7673, 1038345482, 7153, 1038339744, 7162, 1038776369, 7658, 1038768750, 7418, 1038776365, 7402, 1038768734, 7674, 1038776367, 7666, 1038777698, 7146, 1038768721, 7154, 1038777683, 7419, 1038310963, 7403, 1038311823, 7659, 1038309188, 7404, 1021117356, 7421, 1022003005, 7660, 1021120028, 7422, 1021967162, 7676, 1021132710, 7406, 1022004614, 7661, 1022018360, 7407, 1021067815, 7148, 1021114030, 7420, 1021130029, 7155, 1038315116, 7675, 1038308349, 7157, 1022014672, 7405, 1022015644, 7150, 1022007932, 7159, 1021086703, 7158, 1021988106, 7423, 1021101854, 7156, 1021109645, 7149, 1022012300, 7151, 1021071154, 7167, 1021105175, 7165, 1021999653, 7667, 1038309227, 7147, 1038315099, 7678, 1021964473, 7668, 1021115674, 7669, 1022020700, 7677, 1022005704, 7662, 1022001910, 7670, 1021981996, 7663, 1021065092, 7679, 1021099173, 7671, 1021080756, 7164, 1021126715, 7166, 1021970507, 7163, 1038314224]
[INFO] (lattice_cell.c: 455): on tick 20 of 50
[INFO] (lattice_cell.c: 172): the unmatched_packets is 56
[7160, 1037877885, 7656, 1037888644, 7416, 1037877883, 7400, 1037888627, 7672, 1037877895, 7664, 1037888251, 7144, 1037888618, 7152, 1037888249, 7161, 1038331592, 7657, 1038337396, 7417, 1038334854, 7401, 1038334756, 7673, 1038337499, 7665, 1038338100, 7145, 1038331489, 7153, 1038332203, 7162, 1038787429, 7658, 1038775447, 7418, 1038787435, 7402, 1038775441, 7674, 1038787427, 7666, 1038776389, 7146, 1038775445, 7154, 1038776363, 7659, 1038302045, 7675, 1038300728, 7667, 1038301612, 7420, 1021122573, 7404, 1021123995, 7147, 1038307979, 7155, 1038307533, 7660, 1021125803, 7405, 1022014161, 7676, 1021124381, 7422, 1021983252, 7423, 1021096571, 7662, 1021974035, 7671, 1021073748, 7419, 1038303364, 7403, 1038304704, 7151, 1021106872, 7159, 1021078069, 7421, 1022021328, 7150, 1021981476, 7148, 1021121470, 7156, 1021124349, 7406, 1021977485, 7407, 1021104307, 7164, 1021120061, 7157, 1022009227, 7149, 1022010116, 7661, 1022017647, 7668, 1021128647, 7167, 1021099061, 7677, 1022024796, 7669, 1022016743, 7158, 1022007213, 7678, 1021979782, 7670, 1021999763, 7663, 1021102457, 7679, 1021094785, 7166, 1021987268, 7165, 1022017304, 7163, 1038306626]
[INFO] (lattice_cell.c: 455): on tick 21 of 50
[INFO] (lattice_cell.c: 172): the unmatched_packets is 56
[7160, 1037878720, 7416, 1037878720, 7656, 1037875915, 7400, 1037875926, 7672, 1037878708, 7664, 1037882877, 7144, 1037875938, 7152, 1037882883, 7161, 1038339699, 7417, 1038342990, 7657, 1038343821, 7401, 1038341159, 7673, 1038345636, 7665, 1038345022, 7153, 1038339075, 7145, 1038337849, 7162, 1038775876, 7418, 1038775876, 7658, 1038778427, 7402, 1038778427, 7674, 1038775885, 7666, 1038771222, 7146, 1038778415, 7154, 1038771219, 7659, 1038309256, 7420, 1021109047, 7675, 1038307905, 7660, 1021123184, 7661, 1022015348, 7155, 1038315101, 7407, 1021103294, 7419, 1038310545, 7403, 1038311910, 7667, 1038309176, 7147, 1038315199, 7404, 1021120568, 7158, 1021984773, 7151, 1021106522, 7159, 1021090848, 7421, 1022025272, 7405, 1022012680, 7422, 1021993154, 7406, 1021969206, 7423, 1021077939, 7156, 1021122068, 7148, 1021117325, 7149, 1022009404, 7157, 1022004163, 7676, 1021111652, 7668, 1021127888, 7677, 1022027936, 7669, 1022010110, 7163, 1038313820, 7662, 1021966501, 7670, 1021978877, 7678, 1021990483, 7150, 1021972525, 7663, 1021100667, 7679, 1021075340, 7671, 1021084968, 7166, 1021996447, 7167, 1021081148, 7165, 1022022013, 7164, 1021105816]
[INFO] (lattice_cell.c: 455): on tick 22 of 50
[INFO] (lattice_cell.c: 172): the unmatched_packets is 56
[7160, 1037890731, 7656, 1037884326, 7416, 1037890735, 7400, 1037884330, 7144, 1037884344, 7664, 1037883061, 7672, 1037890733, 7152, 1037883038, 7161, 1038332496, 7657, 1038334985, 7417, 1038335727, 7401, 1038332384, 7145, 1038329156, 7665, 1038338059, 7673, 1038338327, 7153, 1038332235, 7162, 1038773616, 7658, 1038780431, 7418, 1038773629, 7146, 1038780372, 7402, 1038780403, 7666, 1038781618, 7674, 1038773632, 7154, 1038781609, 7659, 1038302071, 7419, 1038303580, 7403, 1038304705, 7675, 1038300981, 7667, 1038302297, 7155, 1038308132, 7660, 1021124509, 7668, 1021125718, 7423, 1021082220, 7407, 1021086401, 7663, 1021084510, 7679, 1021080348, 7420, 1021123891, 7404, 1021122590, 7147, 1038307944, 7421, 1022017794, 7157, 1022010526, 7148, 1021119939, 7405, 1022025234, 7422, 1021996882, 7406, 1021995137, 7150, 1021999199, 7151, 1021089018, 7149, 1022021182, 7156, 1021121255, 7159, 1021103309, 7158, 1021980486, 7676, 1021125771, 7167, 1021084814, 7661, 1022028736, 7669, 1022018060, 7677, 1022021266, 7662, 1021991683, 7670, 1021972988, 7678, 1021993420, 7671, 1021098805, 7164, 1021121304, 7165, 1022013720, 7166, 1022000906, 7163, 1038306799]
[INFO] (lattice_cell.c: 455): on tick 23 of 50
[INFO] (lattice_cell.c: 172): the unmatched_packets is 56
[7160, 1037882989, 7656, 1037876110, 7416, 1037882981, 7400, 1037876110, 7672, 1037882985, 7664, 1037874679, 7144, 1037876102, 7152, 1037874684, 7161, 1038339342, 7657, 1038344041, 7417, 1038342645, 7401, 1038341337, 7145, 1038337989, 7665, 1038347268, 7673, 1038345305, 7153, 1038341273, 7162, 1038771139, 7658, 1038778253, 7418, 1038771142, 7402, 1038778243, 7674, 1038771140, 7666, 1038779990, 7146, 1038778243, 7154, 1038779999, 7163, 1038313548, 7659, 1038308836, 7419, 1038310232, 7403, 1038311512, 7147, 1038314823, 7667, 1038308867, 7675, 1038307591, 7155, 1038314821, 7660, 1021139262, 7420, 1021129073, 7404, 1021136845, 7676, 1021131582, 7668, 1021115841, 7421, 1022005248, 7405, 1021996272, 7156, 1021110262, 7661, 1021998941, 7669, 1022013006, 7164, 1021125996, 7422, 1021978200, 7150, 1022003999, 7406, 1022000747, 7151, 1021077161, 7149, 1021992977, 7423, 1021093821, 7157, 1022007112, 7407, 1021074029, 7158, 1021985173, 7148, 1021133825, 7159, 1021091573, 7677, 1022007909, 7662, 1021998090, 7678, 1021975552, 7670, 1021979242, 7663, 1021071499, 7679, 1021091317, 7671, 1021085985, 7165, 1022002001, 7167, 1021096930, 7166, 1021981441]
[INFO] (lattice_cell.c: 455): on tick 24 of 50
[INFO] (lattice_cell.c: 172): the unmatched_packets is 56
[7160, 1037882765, 7656, 1037902088, 7416, 1037882755, 7400, 1037902100, 7672, 1037882763, 7664, 1037890688, 7144, 1037902123, 7152, 1037890706, 7161, 1038330092, 7657, 1038337598, 7417, 1038333266, 7401, 1038335059, 7673, 1038335839, 7665, 1038338150, 7153, 1038332445, 7145, 1038331894, 7162, 1038782098, 7658, 1038761664, 7418, 1038782104, 7402, 1038761626, 7674, 1038782110, 7666, 1038773755, 7146, 1038761596, 7154, 1038773706, 7147, 1038308628, 7659, 1038302824, 7419, 1038304761, 7403, 1038305429, 7675, 1038302180, 7667, 1038302577, 7155, 1038308346, 7420, 1021131819, 7660, 1021083082, 7421, 1022018498, 7668, 1021109072, 7676, 1021133810, 7163, 1038307936, 7407, 1021103961, 7663, 1021101957, 7404, 1021080915, 7405, 1022055474, 7422, 1021976235, 7159, 1021086926, 7406, 1021976228, 7158, 1021996064, 7423, 1021097783, 7148, 1021078058, 7164, 1021129091, 7149, 1022051424, 7157, 1022027978, 7150, 1021980234, 7151, 1021106738, 7661, 1022058949, 7677, 1022021953, 7662, 1021972837, 7669, 1022035516, 7678, 1021972813, 7670, 1021988594, 7156, 1021104236, 7679, 1021095803, 7671, 1021082220, 7165, 1022014461, 7166, 1021980279, 7167, 1021100491]
[INFO] (lattice_cell.c: 455): on tick 25 of 50
[INFO] (lattice_cell.c: 172): the unmatched_packets is 56
[7160, 1037871114, 7656, 1037851859, 7416, 1037871122, 7144, 1037851793, 7400, 1037851832, 7152, 1037871195, 7664, 1037871215, 7672, 1037871126, 7161, 1038339196, 7657, 1038342143, 7417, 1038342550, 7145, 1038336009, 7401, 1038339399, 7153, 1038338363, 7665, 1038344453, 7673, 1038345241, 7162, 1038783753, 7658, 1038803180, 7146, 1038803202, 7418, 1038783749, 7402, 1038803184, 7154, 1038783272, 7666, 1038783265, 7674, 1038783747, 7419, 1038309480, 7659, 1038308504, 7403, 1038311195, 7667, 1038307736, 7675, 1038306825, 7420, 1021126283, 7155, 1038313732, 7421, 1022008970, 7422, 1021989002, 7163, 1038312799, 7407, 1021084150, 7662, 1021988922, 7670, 1021995344, 7148, 1021206695, 7157, 1021972200, 7404, 1021209453, 7159, 1021080088, 7147, 1038314539, 7405, 1021929423, 7149, 1021926089, 7150, 1021994957, 7406, 1021991662, 7151, 1021087138, 7423, 1021086252, 7156, 1021156436, 7167, 1021089207, 7158, 1022001306, 7676, 1021128545, 7164, 1021123381, 7661, 1021932117, 7165, 1022005726, 7660, 1021211621, 7668, 1021161491, 7669, 1021978131, 7677, 1022011613, 7678, 1021986327, 7663, 1021081764, 7671, 1021074737, 7679, 1021083909, 7166, 1021992286]
[INFO] (lattice_cell.c: 455): on tick 26 of 50
[INFO] (lattice_cell.c: 172): the unmatched_packets is 56
[7160, 1037896752, 7144, 1037916977, 7416, 1037896730, 7656, 1037916892, 7400, 1037916923, 7152, 1037909434, 7664, 1037909388, 7672, 1037896722, 7161, 1038333277, 7657, 1038337052, 7145, 1038331407, 7417, 1038336394, 7401, 1038334537, 7153, 1038334166, 7665, 1038339757, 7673, 1038338877, 7162, 1038767495, 7658, 1038746917, 7418, 1038767507, 7402, 1038746871, 7674, 1038767519, 7666, 1038754361, 7146, 1038746839, 7154, 1038754296, 7163, 1038305883, 7659, 1038304043, 7147, 1038309763, 7419, 1038302737, 7155, 1038309362, 7403, 1038306606, 7667, 1038303663, 7675, 1038300201, 7148, 1020986709, 7420, 1021087987, 7660, 1020992143, 7404, 1020989788, 7668, 1021051532, 7676, 1021090229, 7156, 1021046203, 7164, 1021085035, 7421, 1022051465, 7405, 1022149435, 7661, 1022152791, 7669, 1022085729, 7422, 1021993194, 7678, 1021989833, 7407, 1021106000, 7663, 1021103896, 7149, 1022145471, 7406, 1021970287, 7423, 1021089647, 7158, 1021969417, 7151, 1021108878, 7159, 1021110254, 7150, 1021974260, 7157, 1022078297, 7165, 1022047438, 7677, 1022054895, 7662, 1021966945, 7670, 1021962112, 7679, 1021087541, 7671, 1021105287, 7166, 1021997176, 7167, 1021092507]
[INFO] (lattice_cell.c: 455): on tick 27 of 50
[INFO] (lattice_cell.c: 172): the unmatched_packets is 56
[7160, 1037861163, 7416, 1037861183, 7656, 1037852111, 7400, 1037852089, 7664, 1037843051, 7672, 1037861199, 7152, 1037842985, 7144, 1037852092, 7161, 1038337266, 7657, 1038344499, 7417, 1038340654, 7145, 1038338393, 7401, 1038341776, 7665, 1038344722, 7673, 1038343386, 7153, 1038338603, 7162, 1038793605, 7146, 1038802442, 7658, 1038802509, 7418, 1038793601, 7154, 1038812382, 7402, 1038802474, 7666, 1038812354, 7674, 1038793591, 7147, 1038313813, 7419, 1038309174, 7659, 1038307750, 7155, 1038315681, 7403, 1038310450, 7667, 1038309644, 7675, 1038306482, 7420, 1021188232, 7404, 1021258078, 7660, 1021260137, 7421, 1021954082, 7668, 1021242884, 7163, 1038312528, 7661, 1021873816, 7677, 1021956759, 7407, 1021075952, 7671, 1021073491, 7405, 1021871037, 7148, 1021255403, 7422, 1021995151, 7151, 1021078803, 7406, 1022002707, 7149, 1021867659, 7157, 1021888056, 7423, 1021080975, 7150, 1022006008, 7158, 1021994179, 7159, 1021078503, 7156, 1021238271, 7164, 1021185593, 7676, 1021190256, 7669, 1021894171, 7662, 1021999924, 7678, 1021992442, 7670, 1021988091, 7663, 1021073671, 7679, 1021078817, 7165, 1021950801, 7167, 1021083733, 7166, 1021998430]
[INFO] (lattice_cell.c: 455): on tick 28 of 50
[INFO] (lattice_cell.c: 172): the unmatched_packets is 56
[7160, 1037924750, 7656, 1037895775, 7416, 1037924720, 7400, 1037895770, 7664, 1037915875, 7672, 1037924690, 7152, 1037915923, 7144, 1037895772, 7161, 1038333027, 7145, 1038328629, 7657, 1038334278, 7417, 1038336116, 7401, 1038331766, 7153, 1038331816, 7665, 1038337412, 7673, 1038338577, 7162, 1038738639, 7146, 1038768816, 7658, 1038768803, 7418, 1038738667, 7154, 1038748143, 7402, 1038768809, 7666, 1038748176, 7674, 1038738682, 7147, 1038307433, 7419, 1038305905, 7659, 1038301752, 7403, 1038304296, 7667, 1038303874, 7675, 1038303442, 7420, 1021024267, 7404, 1021042039, 7660, 1021044355, 7421, 1022116177, 7661, 1022111424, 7406, 1021998835, 7423, 1021089701, 7163, 1038308981, 7407, 1021086805, 7662, 1021995566, 7405, 1022108041, 7422, 1021980855, 7149, 1022104009, 7157, 1022159605, 7150, 1022002739, 7151, 1021089789, 7159, 1021094130, 7148, 1021038998, 7156, 1020975836, 7158, 1021986064, 7155, 1038309478, 7167, 1021092754, 7677, 1022119492, 7669, 1022166795, 7668, 1020981366, 7676, 1021026700, 7678, 1021977522, 7166, 1021984832, 7165, 1022112246, 7670, 1021978803, 7663, 1021084533, 7679, 1021087364, 7671, 1021088857, 7164, 1021021107]
[INFO] (lattice_cell.c: 455): on tick 29 of 50
[INFO] (lattice_cell.c: 172): the unmatched_packets is 56
[7160, 1037828242, 7144, 1037889964, 7656, 1037889934, 7416, 1037828260, 7152, 1037862248, 7400, 1037889944, 7664, 1037862242, 7672, 1037828278, 7161, 1038339502, 7145, 1038338891, 7657, 1038344999, 7417, 1038342861, 7153, 1038341631, 7401, 1038342268, 7665, 1038347684, 7673, 1038345576, 7162, 1038827513, 7146, 1038763429, 7658, 1038763542, 7418, 1038827518, 7154, 1038791935, 7402, 1038763489, 7666, 1038792014, 7674, 1038827526, 7419, 1038307250, 7659, 1038308371, 7403, 1038311094, 7675, 1038304512, 7667, 1038306923, 7420, 1021253451, 7147, 1038314474, 7155, 1038313052, 7660, 1021122681, 7404, 1021120630, 7421, 1021878201, 7405, 1022005942, 7163, 1038310649, 7422, 1021950307, 7661, 1022008607, 7407, 1021109234, 7662, 1021966657, 7148, 1021117932, 7663, 1021107141, 7679, 1021130161, 7151, 1021111962, 7406, 1021969472, 7150, 1021972785, 7423, 1021132093, 7158, 1021980030, 7159, 1021103891, 7157, 1021902659, 7167, 1021134645, 7668, 1021216255, 7676, 1021255339, 7669, 1021908766, 7677, 1021881018, 7678, 1021947569, 7670, 1021974017, 7156, 1021211646, 7671, 1021099232, 7149, 1022002714, 7164, 1021250956, 7165, 1021874798, 7166, 1021953593]
[INFO] (lattice_cell.c: 455): on tick 30 of 50
[INFO] (lattice_cell.c: 172): the unmatched_packets is 56
[7160, 1037927430, 7144, 1037875901, 7656, 1037875877, 7416, 1037927440, 7152, 1037893329, 7400, 1037875883, 7664, 1037893358, 7672, 1037927452, 7161, 1038330102, 7145, 1038330466, 7657, 1038336050, 7153, 1038331081, 7417, 1038333199, 7401, 1038333571, 7665, 1038336675, 7673, 1038335691, 7162, 1038736478, 7146, 1038788756, 7154, 1038771208, 7658, 1038788776, 7418, 1038736440, 7666, 1038771153, 7402, 1038788763, 7674, 1038736412, 7147, 1038310014, 7419, 1038305440, 7659, 1038304411, 7403, 1038306904, 7667, 1038305293, 7675, 1038303005, 7420, 1021020904, 7155, 1038310807, 7660, 1021176472, 7421, 1022133545, 7676, 1021023340, 7163, 1038308489, 7423, 1020998759, 7669, 1022035141, 7407, 1021079256, 7404, 1021174023, 7405, 1021967383, 7422, 1022074534, 7406, 1021993840, 7159, 1021039979, 7149, 1021963320, 7151, 1021082424, 7156, 1021110022, 7148, 1021170922, 7150, 1021997747, 7164, 1021017768, 7668, 1021115430, 7157, 1022027781, 7661, 1021970800, 7158, 1022033391, 7677, 1022136745, 7166, 1022078434, 7165, 1022129680, 7662, 1021990584, 7678, 1022071286, 7670, 1022026159, 7663, 1021076786, 7679, 1020996275, 7671, 1021034352, 7167, 1021001956]
[INFO] (lattice_cell.c: 455): on tick 31 of 50
[INFO] (lattice_cell.c: 172): the unmatched_packets is 56
[7160, 1037850639, 7144, 1037864248, 7152, 1037869493, 7656, 1037864258, 7416, 1037850595, 7664, 1037869454, 7400, 1037864238, 7672, 1037850559, 7161, 1038340374, 7145, 1038337299, 7153, 1038339293, 7657, 1038343421, 7417, 1038343717, 7665, 1038345365, 7401, 1038340682, 7673, 1038346404, 7162, 1038803974, 7146, 1038790751, 7154, 1038785061, 7658, 1038790819, 7418, 1038804028, 7402, 1038790780, 7666, 1038785158, 7674, 1038804088, 7419, 1038310042, 7659, 1038306310, 7403, 1038309053, 7667, 1038307731, 7675, 1038307346, 7147, 1038312468, 7155, 1038313839, 7420, 1021144252, 7404, 1021086599, 7660, 1021088451, 7668, 1021068708, 7421, 1021983599, 7163, 1038313409, 7661, 1022049971, 7677, 1021986405, 7148, 1021084083, 7671, 1021175198, 7157, 1022058801, 7405, 1022047145, 7422, 1021853469, 7151, 1021120226, 7406, 1021969243, 7423, 1021218971, 7150, 1021972592, 7156, 1021064186, 7159, 1021179506, 7149, 1022043772, 7407, 1021117673, 7158, 1021902994, 7678, 1021850590, 7676, 1021146187, 7669, 1022064816, 7662, 1021966442, 7670, 1021896817, 7663, 1021115773, 7679, 1021217156, 7164, 1021141634, 7165, 1021980275, 7166, 1021856892, 7167, 1021221439]
[INFO] (lattice_cell.c: 455): on tick 32 of 50
[INFO] (lattice_cell.c: 172): the unmatched_packets is 56
[7160, 1037901534, 7144, 1037917464, 7152, 1037913231, 7656, 1037917455, 7416, 1037901562, 7664, 1037913251, 7400, 1037917455, 7672, 1037901584, 7161, 1038332248, 7145, 1038329795, 7153, 1038333196, 7657, 1038335407, 7417, 1038335338, 7665, 1038338739, 7401, 1038332914, 7673, 1038337809, 7162, 1038762724, 7146, 1038745813, 7154, 1038750209, 7658, 1038745835, 7418, 1038762704, 7666, 1038750203, 7402, 1038745818, 7674, 1038762684, 7419, 1038301673, 7659, 1038304549, 7403, 1038307035, 7675, 1038299202, 7667, 1038302921, 7147, 1038310122, 7155, 1038308479, 7420, 1021164853, 7660, 1021117180, 7405, 1022030178, 7668, 1021176568, 7676, 1021167247, 7422, 1022134861, 7406, 1022055605, 7407, 1021019996, 7671, 1020974673, 7404, 1021114663, 7149, 1022026325, 7421, 1021980846, 7150, 1022059413, 7151, 1021023253, 7157, 1021958819, 7158, 1022102202, 7156, 1021170872, 7423, 1020951864, 7148, 1021111467, 7159, 1020980534, 7661, 1022033370, 7677, 1021984109, 7669, 1021965880, 7662, 1022052426, 7165, 1021976903, 7678, 1022131794, 7670, 1022095366, 7663, 1021017405, 7679, 1020949351, 7166, 1022138556, 7164, 1021161793, 7167, 1020955071, 7163, 1038304777]
[INFO] (lattice_cell.c: 455): on tick 33 of 50
[INFO] (lattice_cell.c: 172): the unmatched_packets is 56
[7160, 1037878245, 7656, 1037851258, 7416, 1037878262, 7400, 1037851299, 7144, 1037851356, 7664, 1037838526, 7672, 1037878272, 7152, 1037838554, 7161, 1038338490, 7145, 1038338252, 7153, 1038339885, 7657, 1038344301, 7417, 1038341825, 7665, 1038345921, 7401, 1038341603, 7673, 1038344511, 7162, 1038775996, 7146, 1038803200, 7658, 1038803361, 7154, 1038816928, 7418, 1038775980, 7402, 1038803285, 7666, 1038816992, 7674, 1038775964, 7419, 1038311553, 7659, 1038308802, 7403, 1038311531, 7675, 1038308918, 7667, 1038310825, 7420, 1021085448, 7404, 1021129325, 7155, 1038316834, 7660, 1021131189, 7405, 1021998485, 7406, 1021869957, 7661, 1022001419, 7423, 1021173223, 7163, 1038314855, 7407, 1021205705, 7421, 1022051083, 7422, 1021893407, 7150, 1021873413, 7159, 1021214930, 7151, 1021208197, 7149, 1021995020, 7157, 1022007364, 7148, 1021126784, 7156, 1021112915, 7158, 1021853349, 7147, 1038314902, 7668, 1021117199, 7676, 1021087283, 7677, 1022053923, 7669, 1022013803, 7166, 1021896865, 7662, 1021866977, 7678, 1021890457, 7670, 1021846813, 7679, 1021171357, 7671, 1021210671, 7663, 1021203895, 7165, 1022047711, 7167, 1021175766, 7164, 1021082904]
[INFO] (lattice_cell.c: 455): on tick 34 of 50
[INFO] (lattice_cell.c: 172): the unmatched_packets is 56
[7160, 1037879520, 7656, 1037908289, 7416, 1037879488, 7144, 1037908239, 7400, 1037908258, 7152, 1037904176, 7664, 1037904186, 7672, 1037879453, 7161, 1038331188, 7145, 1038330523, 7153, 1038331523, 7657, 1038336158, 7417, 1038334303, 7665, 1038337137, 7401, 1038333659, 7673, 1038336784, 7162, 1038785209, 7146, 1038755682, 7154, 1038760176, 7658, 1038755692, 7418, 1038785257, 7402, 1038755686, 7666, 1038760212, 7674, 1038785283, 7163, 1038306853, 7659, 1038300759, 7419, 1038303738, 7147, 1038306440, 7155, 1038307115, 7667, 1038301454, 7403, 1038303292, 7675, 1038301230, 7420, 1021121105, 7660, 1021152275, 7405, 1021992821, 7668, 1021093507, 7676, 1021123624, 7661, 1021995982, 7669, 1022055639, 7404, 1021149783, 7151, 1020965690, 7421, 1022025620, 7156, 1021087946, 7422, 1021980948, 7159, 1020986482, 7406, 1022127687, 7157, 1022048784, 7158, 1022104463, 7423, 1021098057, 7407, 1020962378, 7164, 1021117922, 7149, 1021988962, 7150, 1022131309, 7166, 1021984748, 7148, 1021146688, 7677, 1022028653, 7662, 1022124745, 7678, 1021977886, 7670, 1022097835, 7663, 1020959755, 7671, 1020980847, 7679, 1021095649, 7167, 1021101114, 7165, 1022021877]
[INFO] (lattice_cell.c: 455): on tick 35 of 50
[INFO] (lattice_cell.c: 172): the unmatched_packets is 56
[7160, 1037883067, 7656, 1037859585, 7416, 1037883065, 7400, 1037859594, 7664, 1037896226, 7672, 1037883055, 7144, 1037859617, 7152, 1037896242, 7161, 1038340546, 7145, 1038336914, 7153, 1038340044, 7657, 1038342924, 7417, 1038343811, 7665, 1038345968, 7673, 1038346428, 7401, 1038340242, 7162, 1038771224, 7146, 1038795114, 7154, 1038756905, 7658, 1038795181, 7418, 1038771236, 7666, 1038756935, 7402, 1038795150, 7674, 1038771247, 7163, 1038312337, 7147, 1038316812, 7155, 1038315402, 7659, 1038310877, 7419, 1038309050, 7667, 1038309524, 7403, 1038313516, 7675, 1038306429, 7420, 1021151585, 7660, 1021099888, 7404, 1021098058, 7668, 1021130880, 7676, 1021153413, 7148, 1021095486, 7421, 1021979867, 7156, 1021126387, 7661, 1022037737, 7422, 1022038505, 7164, 1021149082, 7663, 1021197200, 7671, 1021113259, 7679, 1021035824, 7405, 1022034706, 7406, 1021869408, 7149, 1022031179, 7423, 1021037710, 7151, 1021201631, 7150, 1021873046, 7158, 1021956894, 7407, 1021199051, 7159, 1021117824, 7157, 1021994704, 7165, 1021976323, 7670, 1021950420, 7669, 1022001145, 7677, 1021982909, 7662, 1021866297, 7678, 1022035566, 7166, 1022041950, 7167, 1021040314]
[INFO] (lattice_cell.c: 455): on tick 36 of 50
[INFO] (lattice_cell.c: 172): the unmatched_packets is 56
[7160, 1037882667, 7656, 1037888516, 7416, 1037882695, 7400, 1037888539, 7672, 1037882719, 7664, 1037866047, 7144, 1037888575, 7152, 1037866066, 7161, 1038331477, 7145, 1038330743, 7153, 1038332471, 7657, 1038336454, 7417, 1038334637, 7665, 1038338148, 7401, 1038333921, 7673, 1038337155, 7162, 1038781750, 7146, 1038775735, 7154, 1038798679, 7658, 1038775868, 7418, 1038781733, 7666, 1038798762, 7402, 1038775804, 7674, 1038781711, 7163, 1038306496, 7147, 1038308146, 7155, 1038309287, 7659, 1038302346, 7419, 1038303353, 7667, 1038303579, 7403, 1038304944, 7675, 1038300843, 7164, 1021112922, 7148, 1021101658, 7156, 1021138675, 7660, 1021107253, 7420, 1021115963, 7668, 1021144215, 7404, 1021104767, 7676, 1021118378, 7421, 1022030317, 7661, 1022038729, 7669, 1021997842, 7677, 1022033253, 7423, 1021114262, 7407, 1021048269, 7678, 1021962512, 7671, 1021135597, 7405, 1022035753, 7422, 1021965435, 7159, 1021141080, 7151, 1021051341, 7150, 1022040188, 7158, 1021938192, 7406, 1022036598, 7165, 1022026658, 7662, 1022033679, 7149, 1022032073, 7670, 1021931545, 7157, 1021991141, 7663, 1021045802, 7679, 1021111781, 7166, 1021969035, 7167, 1021117361]
[INFO] (lattice_cell.c: 455): on tick 37 of 50
[INFO] (lattice_cell.c: 172): the unmatched_packets is 56
[7160, 1037879085, 7656, 1037895723, 7416, 1037879062, 7400, 1037895732, 7672, 1037879044, 7664, 1037875050, 7144, 1037895763, 7152, 1037875079, 7161, 1038338644, 7145, 1038337718, 7153, 1038339121, 7657, 1038343598, 7417, 1038341881, 7401, 1038340983, 7665, 1038344957, 7673, 1038344465, 7162, 1038775294, 7146, 1038757652, 7154, 1038780021, 7658, 1038757722, 7418, 1038775322, 7402, 1038757692, 7666, 1038780072, 7674, 1038775336, 7163, 1038314234, 7147, 1038314251, 7155, 1038315257, 7659, 1038308389, 7419, 1038311005, 7403, 1038310994, 7667, 1038309418, 7675, 1038308435, 7420, 1021099339, 7660, 1021146654, 7404, 1021144780, 7676, 1021101203, 7668, 1021116392, 7156, 1021112026, 7148, 1021142178, 7421, 1022037318, 7661, 1021990864, 7164, 1021096711, 7669, 1022020229, 7663, 1021058730, 7679, 1021101935, 7149, 1021984017, 7405, 1021987704, 7422, 1021966653, 7157, 1022013364, 7406, 1022017655, 7159, 1021042491, 7423, 1021103764, 7407, 1021060716, 7150, 1022021207, 7158, 1022034022, 7165, 1022033742, 7151, 1021063466, 7677, 1022040392, 7670, 1022027321, 7678, 1021963485, 7671, 1021038007, 7662, 1022014593, 7167, 1021106302, 7166, 1021970336]
[INFO] (lattice_cell.c: 455): on tick 38 of 50
[INFO] (lattice_cell.c: 172): the unmatched_packets is 56
[7160, 1037891051, 7144, 1037873282, 7656, 1037873283, 7416, 1037891018, 7152, 1037896738, 7400, 1037873276, 7664, 1037896770, 7672, 1037891003, 7161, 1038332794, 7145, 1038328784, 7153, 1038332650, 7657, 1038334574, 7417, 1038335970, 7401, 1038332004, 7665, 1038338386, 7673, 1038338512, 7162, 1038773118, 7146, 1038791072, 7154, 1038767058, 7658, 1038791159, 7418, 1038773156, 7402, 1038791110, 7666, 1038767068, 7674, 1038773182, 7163, 1038306124, 7147, 1038308382, 7155, 1038307971, 7659, 1038302561, 7419, 1038302919, 7403, 1038305163, 7667, 1038302204, 7675, 1038300367, 7164, 1021131949, 7148, 1021132587, 7156, 1021101864, 7660, 1021138020, 7420, 1021134958, 7404, 1021135604, 7668, 1021107295, 7676, 1021137357, 7149, 1022006735, 7421, 1022007085, 7405, 1022010324, 7661, 1022013210, 7669, 1022036080, 7406, 1021937820, 7677, 1022009914, 7662, 1021934989, 7423, 1021073094, 7407, 1021144367, 7670, 1021994989, 7422, 1022007552, 7165, 1022003568, 7159, 1021084631, 7151, 1021147449, 7150, 1021941338, 7158, 1022001198, 7157, 1022029740, 7678, 1022004782, 7663, 1021141894, 7679, 1021070699, 7671, 1021079077, 7166, 1022011021, 7167, 1021076110]
[INFO] (lattice_cell.c: 455): on tick 39 of 50
[INFO] (lattice_cell.c: 172): the unmatched_packets is 56
[7160, 1037879398, 7144, 1037871891, 7152, 1037880364, 7656, 1037871839, 7416, 1037879400, 7664, 1037880317, 7672, 1037879411, 7400, 1037871861, 7161, 1038339165, 7145, 1038336435, 7153, 1038340817, 7657, 1038342222, 7417, 1038342336, 7665, 1038346553, 7673, 1038344867, 7401, 1038339655, 7162, 1038774855, 7146, 1038783030, 7154, 1038773497, 7658, 1038783119, 7418, 1038774855, 7666, 1038773544, 7402, 1038783075, 7674, 1038774855, 7163, 1038312986, 7659, 1038309998, 7419, 1038309822, 7147, 1038315777, 7403, 1038312566, 7155, 1038315859, 7667, 1038310145, 7675, 1038307305, 7420, 1021145339, 7660, 1021107165, 7676, 1021147205, 7677, 1021993939, 7407, 1021078626, 7671, 1021115250, 7404, 1021105254, 7421, 1021990703, 7405, 1022030671, 7148, 1021102616, 7156, 1021116669, 7150, 1021999378, 7158, 1021954115, 7422, 1021989352, 7159, 1021119866, 7406, 1021995611, 7151, 1021081314, 7423, 1021083745, 7149, 1022026833, 7157, 1022000340, 7668, 1021121311, 7166, 1021993029, 7661, 1022033964, 7669, 1022007269, 7167, 1021086495, 7662, 1021992342, 7165, 1021986957, 7670, 1021947110, 7663, 1021076713, 7679, 1021081782, 7678, 1021986223, 7164, 1021142696]
[INFO] (lattice_cell.c: 455): on tick 40 of 50
[INFO] (lattice_cell.c: 172): the unmatched_packets is 56
[7160, 1037876911, 7144, 1037896140, 7152, 1037878312, 7656, 1037896074, 7416, 1037876922, 7664, 1037878251, 7672, 1037876938, 7400, 1037896094, 7161, 1038330423, 7145, 1038331979, 7153, 1038333337, 7657, 1038337845, 7417, 1038333665, 7665, 1038339160, 7673, 1038336251, 7401, 1038335231, 7162, 1038787829, 7146, 1038767645, 7154, 1038786283, 7658, 1038767778, 7418, 1038787823, 7666, 1038786410, 7674, 1038787826, 7402, 1038767717, 7163, 1038307262, 7147, 1038307819, 7155, 1038308585, 7659, 1038301905, 7419, 1038304032, 7667, 1038302713, 7675, 1038301446, 7403, 1038304550, 7420, 1021116085, 7404, 1021113805, 7660, 1021116186, 7668, 1021133500, 7676, 1021118366, 7148, 1021110822, 7156, 1021128267, 7421, 1022033761, 7405, 1022022025, 7661, 1022024727, 7406, 1022019486, 7423, 1021109830, 7677, 1022036457, 7407, 1021065736, 7663, 1021063331, 7422, 1021967659, 7151, 1021068777, 7158, 1021991213, 7149, 1022018635, 7157, 1021999575, 7150, 1022022798, 7159, 1021091031, 7669, 1022005730, 7662, 1022016832, 7678, 1021964922, 7670, 1021985106, 7167, 1021112721, 7679, 1021107515, 7671, 1021085819, 7166, 1021971073, 7165, 1022030341, 7164, 1021113188]
[INFO] (lattice_cell.c: 455): on tick 41 of 50
[INFO] (lattice_cell.c: 172): the unmatched_packets is 56
[7160, 1037880056, 7144, 1037884873, 7152, 1037881528, 7656, 1037884877, 7416, 1037880039, 7664, 1037881555, 7400, 1037884873, 7672, 1037880030, 7161, 1038338185, 7145, 1038334807, 7153, 1038338122, 7657, 1038340492, 7417, 1038341301, 7665, 1038343758, 7401, 1038337963, 7673, 1038343792, 7162, 1038774419, 7146, 1038768718, 7154, 1038772946, 7658, 1038768759, 7418, 1038774422, 7666, 1038772957, 7402, 1038768743, 7674, 1038774444, 7163, 1038313262, 7147, 1038315144, 7155, 1038314692, 7659, 1038309476, 7419, 1038310143, 7667, 1038309070, 7403, 1038311990, 7675, 1038307669, 7420, 1021105241, 7660, 1021137678, 7668, 1021126080, 7676, 1021107232, 7404, 1021135749, 7148, 1021133061, 7421, 1022034956, 7156, 1021121484, 7405, 1022007028, 7406, 1021967643, 7661, 1022010431, 7662, 1021964328, 7678, 1021987662, 7164, 1021102500, 7671, 1021061159, 7422, 1021990962, 7159, 1021066044, 7150, 1021971463, 7423, 1021082354, 7407, 1021107852, 7151, 1021110698, 7157, 1022007650, 7149, 1022003079, 7158, 1022012371, 7167, 1021085063, 7669, 1022014949, 7677, 1022038227, 7670, 1022005365, 7663, 1021105728, 7679, 1021080392, 7165, 1022031138, 7166, 1021994800]
[INFO] (lattice_cell.c: 455): on tick 42 of 50
[INFO] (lattice_cell.c: 172): the unmatched_packets is 56
[7160, 1037892982, 7144, 1037870673, 7152, 1037886822, 7656, 1037870560, 7416, 1037892942, 7664, 1037886800, 7400, 1037870612, 7672, 1037892919, 7161, 1038333881, 7145, 1038331971, 7153, 1038335101, 7657, 1038337892, 7417, 1038337143, 7665, 1038340988, 7673, 1038339745, 7401, 1038335258, 7162, 1038770927, 7146, 1038794100, 7154, 1038777235, 7658, 1038794283, 7418, 1038770961, 7666, 1038777297, 7402, 1038794195, 7674, 1038771003, 7163, 1038304731, 7147, 1038308809, 7155, 1038308799, 7659, 1038302821, 7419, 1038301460, 7667, 1038302891, 7403, 1038305495, 7675, 1038298851, 7148, 1021132765, 7420, 1021128491, 7660, 1021138086, 7404, 1021135732, 7668, 1021112605, 7421, 1022009351, 7422, 1022005368, 7406, 1021973855, 7661, 1022000043, 7407, 1021107346, 7670, 1021974292, 7663, 1021105087, 7405, 1021997389, 7151, 1021110194, 7158, 1021980178, 7423, 1021081122, 7159, 1021102283, 7157, 1022013377, 7149, 1021994075, 7156, 1021107432, 7662, 1021971192, 7150, 1021977158, 7678, 1022002781, 7165, 1022006057, 7676, 1021130739, 7669, 1022019238, 7677, 1022011968, 7671, 1021097167, 7679, 1021078905, 7167, 1021083977, 7166, 1022008632, 7164, 1021125633]
[INFO] (lattice_cell.c: 455): on tick 43 of 50
[INFO] (lattice_cell.c: 172): the unmatched_packets is 56
[7160, 1037882209, 7144, 1037887708, 7152, 1037880927, 7656, 1037887713, 7416, 1037882230, 7664, 1037880950, 7672, 1037882244, 7400, 1037887702, 7161, 1038336506, 7145, 1038336958, 7153, 1038337627, 7657, 1038342587, 7417, 1038339586, 7665, 1038343220, 7673, 1038342033, 7401, 1038340088, 7162, 1038771798, 7146, 1038766416, 7154, 1038773109, 7658, 1038766496, 7418, 1038771788, 7666, 1038773149, 7402, 1038766462, 7674, 1038771791, 7163, 1038312762, 7147, 1038315130, 7155, 1038317195, 7659, 1038309500, 7419, 1038309686, 7667, 1038311653, 7403, 1038312000, 7675, 1038307258, 7420, 1021144420, 7404, 1021085846, 7660, 1021087778, 7668, 1021111874, 7421, 1022002141, 7156, 1021107161, 7677, 1022005524, 7407, 1021074131, 7671, 1021097961, 7148, 1021083189, 7151, 1021077083, 7405, 1022049249, 7159, 1021102908, 7149, 1022045175, 7157, 1022023093, 7150, 1022006557, 7422, 1021980368, 7158, 1021966074, 7406, 1022002696, 7423, 1021093561, 7676, 1021146420, 7662, 1021999346, 7661, 1022052695, 7669, 1022030409, 7678, 1021977068, 7670, 1021958781, 7663, 1021071961, 7679, 1021091426, 7166, 1021984227, 7165, 1021998184, 7167, 1021096444, 7164, 1021141705]
[INFO] (lattice_cell.c: 455): on tick 44 of 50
[INFO] (lattice_cell.c: 172): the unmatched_packets is 56
[7160, 1037874353, 7144, 1037876780, 7152, 1037875407, 7656, 1037876688, 7416, 1037874341, 7664, 1037875293, 7672, 1037874332, 7400, 1037876724, 7161, 1038333740, 7145, 1038327915, 7153, 1038333071, 7657, 1038333887, 7417, 1038337025, 7665, 1038338966, 7673, 1038339641, 7401, 1038331232, 7162, 1038790546, 7146, 1038787594, 7154, 1038789368, 7658, 1038787706, 7418, 1038790561, 7666, 1038789492, 7674, 1038790569, 7402, 1038787660, 7163, 1038307698, 7147, 1038306401, 7155, 1038308739, 7659, 1038300382, 7419, 1038304418, 7667, 1038302773, 7675, 1038301789, 7403, 1038303070, 7164, 1021123120, 7148, 1021175565, 7156, 1021145499, 7660, 1021180680, 7420, 1021125935, 7668, 1021150602, 7676, 1021128147, 7404, 1021178431, 7149, 1021968615, 7421, 1022010470, 7661, 1021974478, 7405, 1021971839, 7422, 1021971600, 7669, 1021989729, 7406, 1022011353, 7423, 1021103549, 7157, 1021983881, 7670, 1021996941, 7151, 1021082053, 7165, 1022007245, 7159, 1021078425, 7150, 1022014520, 7158, 1022002699, 7407, 1021079260, 7677, 1022013074, 7662, 1022008808, 7678, 1021969010, 7663, 1021077075, 7671, 1021073594, 7166, 1021974810, 7679, 1021101419, 7167, 1021106269]
[INFO] (lattice_cell.c: 455): on tick 45 of 50
[INFO] (lattice_cell.c: 172): the unmatched_packets is 56
[7160, 1037883839, 7144, 1037906315, 7656, 1037906297, 7416, 1037883846, 7400, 1037906299, 7672, 1037883854, 7664, 1037897508, 7152, 1037897477, 7161, 1038338607, 7145, 1038339567, 7153, 1038342116, 7657, 1038345134, 7417, 1038341671, 7401, 1038342658, 7673, 1038344112, 7665, 1038347632, 7162, 1038770470, 7146, 1038746590, 7154, 1038756070, 7658, 1038746740, 7418, 1038770486, 7402, 1038746668, 7674, 1038770507, 7666, 1038756146, 7163, 1038311304, 7147, 1038315256, 7155, 1038314419, 7659, 1038309690, 7419, 1038308249, 7675, 1038305821, 7403, 1038312156, 7667, 1038308896, 7148, 1021028782, 7156, 1021069704, 7660, 1021033750, 7420, 1021089376, 7404, 1021031643, 7421, 1022049825, 7676, 1021091425, 7668, 1021074469, 7164, 1021086614, 7423, 1021089681, 7407, 1021122761, 7679, 1021087585, 7405, 1022092762, 7151, 1021125828, 7150, 1021957813, 7159, 1021085800, 7422, 1021991168, 7406, 1021953890, 7149, 1022088791, 7157, 1022043840, 7158, 1021994772, 7661, 1022096112, 7669, 1022051249, 7677, 1022053125, 7662, 1021950530, 7670, 1021987593, 7678, 1021987847, 7663, 1021120452, 7671, 1021080553, 7167, 1021092523, 7165, 1022045866, 7166, 1021995132]
[INFO] (lattice_cell.c: 455): on tick 46 of 50
[INFO] (lattice_cell.c: 172): the unmatched_packets is 56
[7160, 1037876581, 7144, 1037846863, 7152, 1037862294, 7656, 1037846789, 7416, 1037876537, 7400, 1037846813, 7664, 1037862275, 7672, 1037876512, 7161, 1038329833, 7145, 1038329049, 7153, 1038330140, 7657, 1038335040, 7417, 1038333118, 7401, 1038332383, 7665, 1038336071, 7673, 1038335729, 7162, 1038787959, 7146, 1038818673, 7154, 1038802650, 7658, 1038818741, 7418, 1038787986, 7402, 1038818707, 7666, 1038802656, 7674, 1038788012, 7163, 1038307020, 7147, 1038308963, 7155, 1038310419, 7659, 1038302929, 7419, 1038303741, 7403, 1038305621, 7667, 1038304490, 7675, 1038301145, 7420, 1021167585, 7660, 1021253506, 7404, 1021251440, 7676, 1021169733, 7421, 1021986255, 7668, 1021207918, 7156, 1021203138, 7407, 1021085139, 7662, 1021991403, 7164, 1021164857, 7405, 1021892241, 7159, 1021086040, 7422, 1022003488, 7150, 1021997260, 7158, 1021988494, 7151, 1021087813, 7149, 1021888815, 7157, 1021936442, 7406, 1021994024, 7423, 1021073546, 7165, 1021983048, 7661, 1021895060, 7677, 1021988863, 7669, 1021942374, 7678, 1022000873, 7670, 1021982679, 7663, 1021083097, 7679, 1021071458, 7671, 1021081271, 7148, 1021248785, 7167, 1021076264, 7166, 1022006673]
[INFO] (lattice_cell.c: 455): on tick 47 of 50
[INFO] (lattice_cell.c: 172): the unmatched_packets is 56
[7160, 1037910016, 7144, 1037903281, 7152, 1037908156, 7656, 1037903180, 7416, 1037909995, 7400, 1037903218, 7664, 1037908099, 7672, 1037910003, 7161, 1038341623, 7145, 1038336454, 7153, 1038340706, 7657, 1038342024, 7417, 1038344662, 7665, 1038346187, 7401, 1038339553, 7673, 1038347077, 7162, 1038742997, 7146, 1038750519, 7154, 1038745210, 7658, 1038750747, 7418, 1038743033, 7666, 1038745350, 7402, 1038750649, 7674, 1038743073, 7163, 1038314177, 7147, 1038313355, 7155, 1038315064, 7659, 1038307783, 7419, 1038311118, 7403, 1038310256, 7667, 1038309535, 7675, 1038308683, 7164, 1021057374, 7148, 1020992795, 7156, 1020993735, 7660, 1020997983, 7420, 1021060262, 7404, 1020995792, 7668, 1020998972, 7676, 1021062428, 7421, 1022067100, 7661, 1022146069, 7677, 1022070364, 7669, 1022132538, 7423, 1021087539, 7407, 1021082041, 7157, 1022125522, 7678, 1021978574, 7679, 1021085332, 7405, 1022142889, 7165, 1022063191, 7151, 1021085121, 7159, 1021113418, 7158, 1021965387, 7422, 1021981774, 7406, 1022002860, 7166, 1021985621, 7149, 1022139072, 7662, 1021999609, 7670, 1021958277, 7663, 1021079685, 7671, 1021108197, 7150, 1022006691, 7167, 1021090492]
[INFO] (lattice_cell.c: 455): on tick 48 of 50
[INFO] (lattice_cell.c: 172): the unmatched_packets is 56
[7160, 1037842439, 7144, 1037882743, 7152, 1037852861, 7656, 1037882706, 7416, 1037842456, 7664, 1037852857, 7400, 1037882727, 7672, 1037842485, 7161, 1038330638, 7145, 1038331278, 7153, 1038333556, 7657, 1038337194, 7417, 1038333934, 7665, 1038339472, 7673, 1038336552, 7401, 1038334568, 7162, 1038823231, 7146, 1038780968, 7154, 1038812265, 7658, 1038781024, 7418, 1038823205, 7666, 1038812275, 7402, 1038781002, 7674, 1038823180, 7163, 1038302527, 7147, 1038309093, 7155, 1038307404, 7659, 1038303090, 7419, 1038299258, 7667, 1038301489, 7403, 1038305766, 7675, 1038296656, 7420, 1021235194, 7660, 1021197225, 7404, 1021195243, 7668, 1021245131, 7676, 1021237064, 7421, 1021912617, 7164, 1021232663, 7407, 1021090630, 7670, 1021990478, 7679, 1021124345, 7405, 1021940266, 7156, 1021240726, 7422, 1021967673, 7151, 1021093348, 7159, 1021089021, 7158, 1021996445, 7157, 1021885429, 7406, 1021989847, 7423, 1021126338, 7149, 1021936709, 7150, 1021993077, 7148, 1021192680, 7661, 1021943238, 7662, 1021987198, 7669, 1021891795, 7677, 1021915366, 7678, 1021965005, 7663, 1021088539, 7671, 1021084399, 7167, 1021128967, 7165, 1021909249, 7166, 1021970942]
[INFO] (lattice_cell.c: 455): on tick 49 of 50
[INFO] (lattice_cell.c: 172): the unmatched_packets is 56
[7160, 1037920633, 7144, 1037875867, 7152, 1037902610, 7656, 1037875822, 7416, 1037920589, 7400, 1037875838, 7664, 1037902524, 7672, 1037920566, 7161, 1038338336, 7145, 1038335890, 7153, 1038338704, 7657, 1038341492, 7417, 1038341382, 7401, 1038338991, 7665, 1038344235, 7673, 1038343809, 7162, 1038732854, 7146, 1038778336, 7154, 1038751218, 7658, 1038778470, 7418, 1038732913, 7402, 1038778410, 7666, 1038751381, 7674, 1038732968, 7163, 1038317072, 7659, 1038310296, 7419, 1038314032, 7403, 1038312776, 7675, 1038311620, 7667, 1038313569, 7155, 1038319076, 7164, 1020996182, 7147, 1038315881, 7148, 1021119184, 7156, 1021035037, 7660, 1021124442, 7420, 1020999301, 7404, 1021122179, 7668, 1021040402, 7676, 1021001670, 7165, 1022139058, 7149, 1022013004, 7157, 1022093562, 7661, 1022019884, 7421, 1022142718, 7405, 1022016780, 7669, 1022100259, 7677, 1022145744, 7422, 1022022355, 7662, 1021982002, 7406, 1021985144, 7678, 1022019212, 7670, 1022009520, 7150, 1021988966, 7158, 1022016400, 7423, 1021036264, 7663, 1021085082, 7407, 1021087464, 7151, 1021090568, 7159, 1021045592, 7166, 1022026175, 7671, 1021040216, 7679, 1021033972, 7167, 1021039279]
[INFO] (lattice_cell.c: 455): on tick 50 of 50
[INFO] (lattice_cell.c: 466): updating recording regions
[INFO] (recording.c: 507): 	Finalising channel 0 - state info stored in SDRAM
[INFO] (recording.c: 512): closed channel 0.
[INFO] (lattice_cell.c: 470): Simulation complete.

