[INFO] (lattice_cell.c: 604): starting lattice cell
[INFO] (lattice_cell.c: 526): Initialise: started
[INFO] (data_specification.c: 78): magic = ad130ad6, version = 1.0
[INFO] (lattice_cell.c: 555): my key is 5720
[INFO] (lattice_cell.c: 562): I'm in position ( 22, 11)
[INFO] (lattice_cell.c: 568): my n key is 5464
[INFO] (lattice_cell.c: 574): my U_X = 0.009928127750754356
[INFO] (lattice_cell.c: 575): my U_Y = -0.00019134172180201858
[INFO] (lattice_cell.c: 583): input_buffer initialised
[INFO] (recording.c: 563): Recording 1 regions, using output tag 0, size before trigger 7686388, time between triggers 50
[INFO] (recording.c: 665): Recording channel 0 configured to use 7686132 byte memory block starting at 0x62e3ef24
[INFO] (lattice_cell.c: 588): Recording flags = 0x00000001
[INFO] (lattice_cell.c: 619): setting timer to execute every 200000 microseconds
[INFO] (lattice_cell.c: 627): Starting

[INFO] (simulation.c: 159): Setting the runtime of this model to 50 starting at 0
[INFO] (simulation.c: 161): Setting the flag of infinite run for this model to 0
[INFO] (simulation.c: 175): Resuming
[INFO] (lattice_cell.c: 455): on tick 0 of 50
[5728, 1038779074, 5712, 1038758226, 5472, 1038779076, 5968, 1038758232, 5464, 1038776247, 5976, 1038776249, 5456, 1038758228, 5984, 1038779080, 5729, 1038310238, 5713, 1038310630, 5473, 1038306378, 5985, 1038314436, 5977, 1038314490, 5715, 1038327752, 5732, 1021992792, 5716, 1021971965, 5476, 1021988699, 5461, 1021115639, 5462, 1021139074, 5718, 1021135419, 5470, 1021122376, 5463, 1021994161, 5975, 1021985630, 5979, 1038323218, 5980, 1021994411, 5973, 1021123236, 5983, 1022003659, 5971, 1038323556, 5974, 1021131464, 5465, 1038306432, 5457, 1038306770, 5988, 1021997240, 5474, 1037885280, 5466, 1037887893, 5458, 1037904562, 5972, 1021976402, 5969, 1038314828, 5475, 1038331234, 5981, 1021106577, 5730, 1037885278, 5459, 1038331626, 5467, 1038331288, 5982, 1021114785, 5714, 1037904562, 5991, 1022006490, 5460, 1021967884, 5468, 1021985874, 5989, 1021103966, 5986, 1037885284, 5970, 1037904566, 5477, 1021096392, 5731, 1038327360, 5978, 1037887895, 5478, 1021119759, 5469, 1021098999, 5479, 1022015044, 5471, 1022012209, 5733, 1021100020, 5717, 1021119279, 5990, 1021112170, 5734, 1021116116, 5735, 1022010936, 5719, 1021990065, 5987, 1038323164]
[INFO] (lattice_cell.c: 455): on tick 1 of 50
[INFO] (lattice_cell.c: 172): the unmatched_packets is 56
[5472, 1038773354, 5728, 1038773352, 5712, 1038726259, 5464, 1038766411, 5729, 1038318564, 5457, 1038313075, 5731, 1038335845, 5458, 1037926491, 5715, 1038336057, 5476, 1021990128, 5459, 1038339857, 5732, 1021994431, 5988, 1021998912, 5477, 1021085228, 5981, 1021085350, 5734, 1021116828, 5463, 1021939824, 5718, 1021178506, 5735, 1022000220, 5968, 1038726241, 5985, 1038322688, 5969, 1038321014, 5977, 1038322400, 5984, 1038773350, 5987, 1038331705, 5972, 1022050466, 5976, 1038766401, 5986, 1037881083, 5456, 1038726281, 5989, 1021092691, 5473, 1038314756, 5713, 1038316881, 5974, 1021174532, 5990, 1021112839, 5982, 1021121743, 5465, 1038314468, 5730, 1037881085, 5978, 1037887777, 5714, 1037926507, 5971, 1038331919, 5474, 1037881085, 5466, 1037887773, 5970, 1037926535, 5475, 1038339644, 5980, 1022007116, 5467, 1038339680, 5973, 1021045799, 5468, 1021998324, 5716, 1022045958, 5460, 1022041635, 5975, 1021931032, 5733, 1021088719, 5478, 1021120317, 5983, 1021986391, 5469, 1021077893, 5979, 1038331741, 5479, 1022004520, 5717, 1021041852, 5461, 1021038387, 5470, 1021129220, 5462, 1021182004, 5471, 1021995179, 5719, 1021935512, 5991, 1021995733]
[INFO] (lattice_cell.c: 455): on tick 2 of 50
[INFO] (lattice_cell.c: 172): the unmatched_packets is 56
[5472, 1038782603, 5728, 1038782611, 5712, 1038803971, 5984, 1038782615, 5464, 1038793704, 5729, 1038310818, 5456, 1038803957, 5731, 1038327929, 5715, 1038328868, 5469, 1021138536, 5991, 1022009090, 5970, 1037860040, 5987, 1038323679, 5718, 1021128862, 5988, 1021989697, 5990, 1021110885, 5975, 1021995985, 5968, 1038803993, 5976, 1038793718, 5985, 1038315064, 5969, 1038315870, 5977, 1038315958, 5978, 1037871687, 5980, 1021950303, 5473, 1038306904, 5981, 1021145901, 5973, 1021253742, 5982, 1021105461, 5457, 1038307724, 5465, 1038307809, 5986, 1037882692, 5983, 1022015007, 5474, 1037882690, 5713, 1038311628, 5466, 1037871705, 5458, 1037860074, 5475, 1038331844, 5730, 1037882696, 5972, 1021838281, 5467, 1038331936, 5459, 1038332785, 5714, 1037860058, 5989, 1021110994, 5476, 1021981392, 5974, 1021125030, 5979, 1038323761, 5971, 1038324618, 5460, 1021830094, 5468, 1021942028, 5732, 1021985374, 5477, 1021103657, 5716, 1021834018, 5733, 1021107169, 5717, 1021249812, 5461, 1021246202, 5478, 1021118220, 5734, 1021114710, 5462, 1021132369, 5470, 1021112801, 5479, 1022017404, 5735, 1022013418, 5719, 1022000311, 5463, 1022004295, 5471, 1022023334]
[INFO] (lattice_cell.c: 455): on tick 3 of 50
[INFO] (lattice_cell.c: 172): the unmatched_packets is 56
[5472, 1038760344, 5728, 1038760338, 5712, 1038716946, 5984, 1038760330, 5464, 1038727205, 5976, 1038727163, 5456, 1038717001, 5968, 1038716884, 5729, 1038317347, 5473, 1038313607, 5713, 1038317769, 5985, 1038321428, 5465, 1038312910, 5977, 1038320740, 5969, 1038321851, 5730, 1037893670, 5714, 1037935712, 5474, 1037893666, 5466, 1037925440, 5467, 1038340661, 5476, 1022023983, 5477, 1021055533, 5461, 1020915345, 5462, 1021158634, 5479, 1021994914, 5973, 1020922667, 5982, 1021145514, 5991, 1021985927, 5972, 1022165241, 5975, 1021958796, 5987, 1038332091, 5979, 1038332836, 5986, 1037893682, 5981, 1020975516, 5970, 1037935778, 5978, 1037925484, 5731, 1038336165, 5715, 1038337582, 5988, 1022032973, 5732, 1022028372, 5971, 1038333496, 5457, 1038314003, 5989, 1021063173, 5716, 1022160531, 5458, 1037935652, 5990, 1021122702, 5733, 1021059116, 5475, 1038339910, 5980, 1022121913, 5974, 1021150992, 5459, 1038341331, 5717, 1020918770, 5468, 1022112876, 5460, 1022156026, 5734, 1021126775, 5718, 1021155055, 5983, 1021963257, 5469, 1020967972, 5478, 1021130387, 5735, 1021990507, 5719, 1021963434, 5470, 1021153204, 5463, 1021967883, 5471, 1021972262]
[INFO] (lattice_cell.c: 455): on tick 4 of 50
[INFO] (lattice_cell.c: 172): the unmatched_packets is 56
[5728, 1038815672, 5472, 1038815662, 5712, 1038755230, 5984, 1038815678, 5464, 1038817076, 5976, 1038817144, 5456, 1038755218, 5985, 1038315936, 5730, 1037850571, 5457, 1038305085, 5714, 1037906307, 5466, 1037848173, 5467, 1038332380, 5468, 1021811043, 5717, 1021198938, 5991, 1022031066, 5470, 1021118050, 5983, 1022010140, 5973, 1021202893, 5975, 1021963206, 5974, 1021159098, 5969, 1038313285, 5977, 1038313597, 5970, 1037906283, 5979, 1038324131, 5988, 1021894818, 5972, 1021893267, 5989, 1021200640, 5981, 1021281855, 5473, 1038307716, 5968, 1038755245, 5971, 1038326109, 5987, 1038323591, 5465, 1038305400, 5980, 1021819005, 5729, 1038311656, 5474, 1037850583, 5713, 1038309011, 5458, 1037906337, 5475, 1038331848, 5982, 1021110909, 5986, 1037850557, 5978, 1037848093, 5731, 1038327891, 5459, 1038334354, 5476, 1021886736, 5715, 1038330399, 5477, 1021193455, 5460, 1021885430, 5732, 1021890611, 5478, 1021097272, 5716, 1021889208, 5461, 1021195303, 5469, 1021274455, 5479, 1022039179, 5990, 1021090174, 5733, 1021196886, 5462, 1021166178, 5463, 1021971323, 5471, 1022018192, 5734, 1021093891, 5718, 1021162801, 5735, 1022035279, 5719, 1021967430]
[INFO] (lattice_cell.c: 455): on tick 5 of 50
[INFO] (lattice_cell.c: 172): the unmatched_packets is 56
[5472, 1038728805, 5728, 1038728775, 5712, 1038756047, 5984, 1038728745, 5464, 1038760707, 5456, 1038756085, 5976, 1038760637, 5968, 1038756001, 5729, 1038318838, 5473, 1038315123, 5465, 1038313515, 5714, 1037897462, 5474, 1037924320, 5970, 1037897522, 5467, 1038340911, 5716, 1021981105, 5460, 1021976568, 5468, 1022113105, 5469, 1020962460, 5983, 1021999455, 5463, 1021964496, 5735, 1021985286, 5974, 1021154322, 5969, 1038321299, 5977, 1038321295, 5986, 1037924376, 5988, 1022164412, 5972, 1021985892, 5980, 1022122447, 5973, 1021098344, 5978, 1037893807, 5991, 1021980584, 5971, 1038333508, 5979, 1038333176, 5989, 1020925167, 5713, 1038317252, 5990, 1021129209, 5457, 1038313518, 5982, 1021111930, 5730, 1037924342, 5975, 1021955226, 5981, 1020969895, 5731, 1038336956, 5715, 1038337548, 5458, 1037897398, 5466, 1037893714, 5475, 1038340647, 5732, 1022159705, 5459, 1038341257, 5476, 1022155221, 5733, 1020921114, 5717, 1021094376, 5477, 1020917547, 5461, 1021090893, 5734, 1021133364, 5478, 1021137070, 5718, 1021158466, 5987, 1038332922, 5462, 1021162154, 5479, 1021989768, 5470, 1021119799, 5471, 1022008659, 5719, 1021959977, 5985, 1038322888]
[INFO] (lattice_cell.c: 455): on tick 6 of 50
[INFO] (lattice_cell.c: 172): the unmatched_packets is 56
[5472, 1038799403, 5728, 1038799423, 5712, 1038759784, 5984, 1038799465, 5464, 1038765959, 5968, 1038759766, 5456, 1038759804, 5985, 1038314776, 5474, 1037865307, 5714, 1037902936, 5970, 1037902938, 5476, 1021838071, 5971, 1038326847, 5477, 1021243580, 5478, 1021125190, 5461, 1021092077, 5975, 1021971835, 5969, 1038312194, 5977, 1038312915, 5986, 1037865237, 5978, 1037897384, 5976, 1038765989, 5980, 1021978659, 5473, 1038306542, 5465, 1038304675, 5729, 1038310480, 5983, 1021999427, 5457, 1038303936, 5466, 1037897441, 5458, 1037902940, 5475, 1038332424, 5979, 1038325550, 5713, 1038307888, 5988, 1021845907, 5467, 1038333854, 5972, 1021998427, 5459, 1038335157, 5730, 1037865271, 5981, 1021122368, 5973, 1021099344, 5468, 1021970853, 5990, 1021118271, 5982, 1021123835, 5460, 1021990533, 5991, 1022002414, 5731, 1038328445, 5469, 1021115056, 5715, 1038331169, 5974, 1021152361, 5479, 1022010332, 5732, 1021841855, 5470, 1021130758, 5716, 1021994348, 5462, 1021159213, 5463, 1021979830, 5733, 1021247046, 5471, 1022007366, 5717, 1021095544, 5734, 1021121904, 5987, 1038324114, 5718, 1021155956, 5735, 1022006529, 5719, 1021975992, 5989, 1021250858]
[INFO] (lattice_cell.c: 455): on tick 7 of 50
[INFO] (lattice_cell.c: 172): the unmatched_packets is 56
[5472, 1038781902, 5728, 1038781890, 5712, 1038749166, 5984, 1038781870, 5464, 1038768769, 5968, 1038749136, 5729, 1038318324, 5473, 1038314633, 5465, 1038313864, 5969, 1038320690, 5457, 1038312970, 5466, 1037884818, 5970, 1037904377, 5715, 1038338259, 5477, 1021040040, 5461, 1021080214, 5479, 1022014666, 5987, 1038332585, 5463, 1021974602, 5973, 1021087965, 5982, 1021124836, 5985, 1038322342, 5977, 1038321581, 5979, 1038333319, 5980, 1021973810, 5978, 1037884858, 5990, 1021105151, 5974, 1021146308, 5983, 1021985981, 5971, 1038334251, 5976, 1038768769, 5988, 1022041468, 5713, 1038316665, 5456, 1038749186, 5981, 1021112985, 5730, 1037873247, 5474, 1037873217, 5714, 1037904311, 5975, 1021965166, 5458, 1037904259, 5475, 1038340241, 5972, 1021994834, 5467, 1038340995, 5731, 1038336580, 5986, 1037873275, 5476, 1022032142, 5459, 1038341946, 5468, 1021964562, 5732, 1022036662, 5460, 1021985594, 5716, 1021990071, 5469, 1021105265, 5989, 1021047666, 5478, 1021113178, 5733, 1021043624, 5470, 1021132888, 5717, 1021083850, 5991, 1022005356, 5462, 1021154253, 5734, 1021109385, 5471, 1021995272, 5718, 1021150497, 5735, 1022010137, 5719, 1021969991]
[INFO] (lattice_cell.c: 455): on tick 8 of 50
[INFO] (lattice_cell.c: 172): the unmatched_packets is 56
[5472, 1038774464, 5728, 1038774448, 5712, 1038751286, 5984, 1038774442, 5464, 1038780648, 5456, 1038751334, 5474, 1037890102, 5467, 1038334082, 5459, 1038335521, 5477, 1021073476, 5469, 1021102426, 5463, 1021978312, 5471, 1022005717, 5718, 1021158017, 5988, 1022021016, 5968, 1038751244, 5969, 1038312239, 5979, 1038325750, 5971, 1038327176, 5973, 1021109409, 5974, 1021154488, 5729, 1038309054, 5713, 1038307922, 5991, 1022012026, 5473, 1038305103, 5465, 1038304073, 5986, 1037890099, 5457, 1038303954, 5730, 1037890100, 5714, 1037910546, 5980, 1021991894, 5970, 1037910566, 5989, 1021080489, 5466, 1037883655, 5731, 1038329472, 5458, 1037910540, 5715, 1038331516, 5475, 1038333464, 5982, 1021125687, 5990, 1021111187, 5732, 1022016922, 5983, 1021997892, 5975, 1021970357, 5716, 1021982973, 5981, 1021109401, 5987, 1038325130, 5972, 1021987070, 5733, 1021076801, 5476, 1022013102, 5717, 1021105749, 5468, 1021983943, 5460, 1021979109, 5734, 1021114743, 5478, 1021117935, 5461, 1021102397, 5479, 1022019892, 5735, 1022016101, 5470, 1021132461, 5462, 1021161180, 5719, 1021974470, 5976, 1038780642, 5985, 1038313369, 5977, 1038312346, 5978, 1037883635]
[INFO] (lattice_cell.c: 455): on tick 9 of 50
[INFO] (lattice_cell.c: 172): the unmatched_packets is 56
[5472, 1038766900, 5728, 1038766910, 5712, 1038749819, 5464, 1038773086, 5984, 1038766918, 5976, 1038773112, 5968, 1038749805, 5456, 1038749830, 5729, 1038318404, 5473, 1038314731, 5713, 1038316377, 5985, 1038322406, 5969, 1038320384, 5457, 1038312686, 5475, 1038340700, 5459, 1038342090, 5476, 1021978363, 5716, 1021970257, 5468, 1021993707, 5469, 1021076547, 5479, 1022006740, 5462, 1021160036, 5463, 1021968988, 5735, 1022002217, 5719, 1021964405, 5982, 1021115839, 5983, 1021996768, 5973, 1021106441, 5986, 1037886830, 5970, 1037903755, 5978, 1037881307, 5987, 1038333062, 5988, 1021987462, 5980, 1022002810, 5971, 1038334417, 5989, 1021098245, 5990, 1021113693, 5977, 1038320561, 5730, 1037886826, 5465, 1038312873, 5991, 1021997425, 5714, 1037903715, 5474, 1037886821, 5979, 1038333937, 5466, 1037881287, 5972, 1021974954, 5731, 1038337048, 5458, 1037903673, 5715, 1038338421, 5732, 1021982762, 5467, 1038341576, 5975, 1021959515, 5733, 1021094031, 5477, 1021090287, 5460, 1021965837, 5981, 1021084502, 5717, 1021102230, 5478, 1021121803, 5461, 1021098486, 5734, 1021117945, 5718, 1021156220, 5470, 1021123992, 5471, 1022006089, 5974, 1021151993]
[INFO] (lattice_cell.c: 455): on tick 10 of 50
[INFO] (lattice_cell.c: 172): the unmatched_packets is 56
[5472, 1038780248, 5728, 1038780248, 5712, 1038757304, 5984, 1038780224, 5464, 1038772592, 5968, 1038757241, 5456, 1038757364, 5729, 1038309365, 5713, 1038307329, 5473, 1038305415, 5465, 1038303757, 5730, 1037884118, 5475, 1038333671, 5971, 1038327522, 5476, 1021974601, 5468, 1021998989, 5990, 1021122050, 5470, 1021128657, 5982, 1021121945, 5718, 1021161772, 5975, 1021967052, 5983, 1022002888, 5985, 1038313676, 5977, 1038312036, 5986, 1037884132, 5979, 1038326315, 5988, 1021982680, 5972, 1021986555, 5989, 1021116238, 5457, 1038303359, 5973, 1021109277, 5474, 1037884114, 5466, 1037891141, 5978, 1037891159, 5458, 1037905126, 5991, 1021999788, 5976, 1038772546, 5987, 1038325351, 5467, 1038334649, 5980, 1022007059, 5459, 1038335880, 5969, 1038311648, 5981, 1021094016, 5714, 1037905158, 5460, 1021978435, 5477, 1021109465, 5469, 1021087232, 5461, 1021102500, 5478, 1021128706, 5731, 1038329695, 5479, 1022007634, 5462, 1021164872, 5715, 1038331867, 5732, 1021978517, 5463, 1021975020, 5471, 1022010721, 5970, 1037905207, 5716, 1021982394, 5733, 1021112662, 5974, 1021158277, 5717, 1021105698, 5734, 1021125579, 5735, 1022003846, 5719, 1021971168]
[INFO] (lattice_cell.c: 455): on tick 11 of 50
[INFO] (lattice_cell.c: 172): the unmatched_packets is 56
[5728, 1038777546, 5472, 1038777528, 5712, 1038752502, 5984, 1038777574, 5464, 1038766189, 5976, 1038766257, 5968, 1038752484, 5729, 1038317834, 5473, 1038314163, 5977, 1038320531, 5715, 1038338779, 5467, 1038341625, 5732, 1021983347, 5459, 1038342459, 5468, 1021979105, 5470, 1021127326, 5991, 1022006277, 5471, 1022003787, 5735, 1022011034, 5973, 1021095906, 5980, 1021988012, 5985, 1038321842, 5969, 1038319960, 5986, 1037877071, 5987, 1038332431, 5970, 1037901328, 5989, 1021097227, 5978, 1037887484, 5983, 1021994519, 5456, 1038752498, 5971, 1038334780, 5713, 1038315954, 5465, 1038312836, 5979, 1038333974, 5457, 1038312253, 5988, 1021988030, 5474, 1037877085, 5730, 1037877081, 5466, 1037887504, 5458, 1037901257, 5981, 1021098008, 5714, 1037901294, 5475, 1038340064, 5974, 1021148631, 5982, 1021119165, 5731, 1038336412, 5476, 1021979053, 5975, 1021963951, 5460, 1021976589, 5477, 1021089118, 5469, 1021089864, 5716, 1021980912, 5478, 1021117409, 5461, 1021087773, 5733, 1021092953, 5479, 1022015504, 5717, 1021091630, 5462, 1021156688, 5734, 1021113535, 5463, 1021973420, 5718, 1021152841, 5719, 1021968823, 5972, 1021985550, 5990, 1021109246]
[INFO] (lattice_cell.c: 455): on tick 12 of 50
[INFO] (lattice_cell.c: 172): the unmatched_packets is 56
[5728, 1038786765, 5472, 1038786785, 5712, 1038754748, 5984, 1038786739, 5464, 1038776307, 5968, 1038754670, 5976, 1038776255, 5456, 1038754824, 5729, 1038308674, 5985, 1038312963, 5473, 1038304740, 5465, 1038303544, 5474, 1037878096, 5458, 1037907537, 5475, 1038334707, 5732, 1022009262, 5980, 1021992675, 5468, 1021984410, 5460, 1021985416, 5461, 1021095086, 5734, 1021131298, 5991, 1021993199, 5470, 1021136359, 5718, 1021158831, 5735, 1021997323, 5719, 1021973952, 5974, 1021155337, 5969, 1038311529, 5986, 1037878140, 5978, 1037887762, 5970, 1037907673, 5971, 1038327929, 5979, 1038327395, 5990, 1021127781, 5713, 1038307227, 5988, 1022013518, 5730, 1037878116, 5989, 1021086046, 5973, 1021101736, 5981, 1021106700, 5714, 1037907603, 5457, 1038303266, 5731, 1038330749, 5982, 1021129668, 5466, 1037887734, 5975, 1021969783, 5983, 1021991505, 5715, 1038332259, 5987, 1038326426, 5467, 1038335697, 5476, 1022005227, 5459, 1038336257, 5716, 1021989468, 5477, 1021079466, 5733, 1021082546, 5478, 1021134390, 5469, 1021100082, 5717, 1021098233, 5479, 1022001214, 5462, 1021161919, 5463, 1021977872, 5471, 1021999418, 5977, 1038311772, 5972, 1021993728]
[INFO] (lattice_cell.c: 455): on tick 13 of 50
[INFO] (lattice_cell.c: 172): the unmatched_packets is 56
[5728, 1038754134, 5472, 1038754120, 5712, 1038747945, 5984, 1038754140, 5464, 1038767919, 5968, 1038747939, 5976, 1038767991, 5456, 1038747933, 5713, 1038315798, 5985, 1038321706, 5474, 1037899276, 5731, 1038338904, 5466, 1037886087, 5458, 1037905507, 5971, 1038334062, 5476, 1021976307, 5460, 1021970749, 5717, 1021097129, 5734, 1021065455, 5979, 1038333810, 5719, 1021973396, 5989, 1021100297, 5986, 1037899266, 5970, 1037905554, 5972, 1021979501, 5980, 1021985631, 5981, 1021100033, 5982, 1021109353, 5729, 1038317683, 5988, 1021984981, 5473, 1038313998, 5465, 1038312339, 5457, 1038312080, 5990, 1021061146, 5730, 1037899272, 5974, 1021148039, 5969, 1038319842, 5714, 1037905533, 5987, 1038334891, 5475, 1038342581, 5467, 1038341512, 5975, 1021968552, 5991, 1022047277, 5978, 1037886041, 5459, 1038341780, 5468, 1021976913, 5715, 1038338089, 5477, 1021092053, 5478, 1021069349, 5469, 1021091782, 5461, 1021093195, 5479, 1022056176, 5732, 1021980479, 5470, 1021117535, 5716, 1021974963, 5462, 1021156020, 5973, 1021101455, 5463, 1021977907, 5471, 1022016304, 5733, 1021095966, 5983, 1022007255, 5718, 1021152201, 5735, 1022051893, 5977, 1038320066]
[INFO] (lattice_cell.c: 455): on tick 14 of 50
[INFO] (lattice_cell.c: 172): the unmatched_packets is 56
[5472, 1038808402, 5728, 1038808416, 5712, 1038758273, 5984, 1038808412, 5464, 1038790008, 5976, 1038790004, 5465, 1038303159, 5457, 1038303106, 5730, 1037856877, 5474, 1037856875, 5458, 1037904348, 5732, 1022009336, 5989, 1021084531, 5990, 1021217768, 5733, 1021081074, 5469, 1021079529, 5461, 1021098914, 5462, 1021173158, 5979, 1038325524, 5735, 1021906223, 5719, 1021960859, 5982, 1021163714, 5985, 1038312672, 5969, 1038311299, 5986, 1037856870, 5978, 1037874642, 5971, 1038328554, 5980, 1022013499, 5974, 1021166556, 5456, 1038758351, 5473, 1038304507, 5983, 1021966788, 5970, 1037904495, 5987, 1038326728, 5968, 1038758209, 5729, 1038308414, 5713, 1038307018, 5466, 1037874626, 5972, 1021988890, 5475, 1038334909, 5981, 1021086050, 5714, 1037904411, 5977, 1038311331, 5467, 1038333750, 5476, 1022005173, 5731, 1038331005, 5459, 1038336812, 5715, 1038332852, 5973, 1021105469, 5468, 1022004970, 5477, 1021078053, 5460, 1021980329, 5988, 1022013702, 5716, 1021984505, 5478, 1021224267, 5479, 1021910353, 5470, 1021170362, 5463, 1021964942, 5471, 1021975049, 5717, 1021101994, 5734, 1021221242, 5718, 1021170070, 5991, 1021901883, 5975, 1021956600]
[INFO] (lattice_cell.c: 455): on tick 15 of 50
[INFO] (lattice_cell.c: 172): the unmatched_packets is 56
[5472, 1038735342, 5728, 1038735350, 5712, 1038740792, 5984, 1038735360, 5464, 1038740295, 5968, 1038740770, 5976, 1038740314, 5456, 1038740819, 5473, 1038313921, 5729, 1038317635, 5713, 1038315504, 5985, 1038321679, 5465, 1038312283, 5969, 1038319566, 5457, 1038311747, 5474, 1037917886, 5458, 1037912471, 5732, 1021962255, 5468, 1021967787, 5461, 1021101572, 5717, 1021105521, 5734, 1020970177, 5462, 1021126272, 5471, 1022093179, 5718, 1021122444, 5982, 1021033284, 5983, 1022084632, 5970, 1037912539, 5978, 1037912637, 5987, 1038332573, 5971, 1038336564, 5988, 1021966675, 5972, 1021971056, 5989, 1021117828, 5990, 1020965835, 5974, 1021118272, 5979, 1038334048, 5973, 1021109853, 5981, 1021109389, 5977, 1038320066, 5991, 1022153855, 5975, 1021989879, 5730, 1037917899, 5466, 1037912641, 5986, 1037917879, 5475, 1038340364, 5714, 1037912503, 5467, 1038341840, 5459, 1038344366, 5731, 1038336631, 5476, 1021958215, 5460, 1021962546, 5715, 1038340633, 5477, 1021109599, 5478, 1020974117, 5469, 1021101115, 5980, 1021976225, 5716, 1021966626, 5479, 1022162297, 5733, 1021113513, 5470, 1021041570, 5463, 1021998877, 5735, 1022158270, 5719, 1021994556]
[INFO] (lattice_cell.c: 455): on tick 16 of 50
[INFO] (lattice_cell.c: 172): the unmatched_packets is 56
[5472, 1038807107, 5728, 1038807101, 5712, 1038780662, 5984, 1038807065, 5976, 1038811975, 5464, 1038811943, 5713, 1038306918, 5473, 1038304341, 5465, 1038302904, 5730, 1037857919, 5714, 1037882886, 5457, 1038303027, 5474, 1037857891, 5715, 1038332834, 5731, 1038332091, 5970, 1037882942, 5459, 1038336752, 5717, 1021083090, 5469, 1021075740, 5461, 1021080034, 5479, 1021864524, 5978, 1037853119, 5980, 1022015702, 5990, 1021260264, 5975, 1021895191, 5969, 1038311148, 5977, 1038310995, 5986, 1037857943, 5968, 1038780617, 5979, 1038328174, 5981, 1021082252, 5983, 1021855423, 5456, 1038780698, 5729, 1038308207, 5987, 1038327871, 5971, 1038328578, 5985, 1038312424, 5988, 1022002231, 5466, 1037853133, 5972, 1022006859, 5989, 1021094250, 5458, 1037882840, 5475, 1038335943, 5467, 1038336283, 5476, 1021993511, 5991, 1021855841, 5468, 1022006939, 5974, 1021228334, 5477, 1021087730, 5716, 1022002353, 5460, 1021998030, 5732, 1021997768, 5478, 1021266920, 5973, 1021086568, 5733, 1021090751, 5470, 1021270974, 5462, 1021234801, 5471, 1021864188, 5463, 1021904077, 5982, 1021264384, 5718, 1021231780, 5734, 1021263792, 5719, 1021899740, 5735, 1021860288]
[INFO] (lattice_cell.c: 455): on tick 17 of 50
[INFO] (lattice_cell.c: 172): the unmatched_packets is 56
[5472, 1038776660, 5728, 1038776696, 5712, 1038713719, 5984, 1038776728, 5968, 1038713657, 5976, 1038739236, 5464, 1038739169, 5456, 1038713768, 5473, 1038312912, 5729, 1038316653, 5713, 1038314653, 5465, 1038311768, 5977, 1038319629, 5730, 1037878088, 5474, 1037878123, 5714, 1037938859, 5986, 1037878058, 5970, 1037938925, 5466, 1037914272, 5475, 1038341794, 5467, 1038341093, 5460, 1021956311, 5478, 1021052747, 5991, 1022071645, 5719, 1022100684, 5471, 1022160028, 5982, 1020971454, 5987, 1038333940, 5979, 1038333207, 5989, 1021082124, 5981, 1021107897, 5990, 1021044787, 5980, 1021978775, 5457, 1038310862, 5973, 1021120151, 5458, 1037938811, 5985, 1038320756, 5974, 1021022753, 5978, 1037914227, 5969, 1038318766, 5731, 1038338037, 5459, 1038342210, 5476, 1021995608, 5715, 1038338423, 5468, 1021970520, 5477, 1021073987, 5469, 1021099735, 5461, 1021111965, 5971, 1038334295, 5732, 1021999557, 5479, 1022080080, 5716, 1021960286, 5470, 1020979642, 5972, 1021964587, 5462, 1021030825, 5733, 1021077881, 5463, 1022104751, 5717, 1021115888, 5734, 1021048947, 5718, 1021026960, 5975, 1022096281, 5988, 1022003857, 5735, 1022076039, 5983, 1022151802]
[INFO] (lattice_cell.c: 455): on tick 18 of 50
[INFO] (lattice_cell.c: 172): the unmatched_packets is 56
[5472, 1038763403, 5728, 1038763404, 5712, 1038787527, 5984, 1038763396, 5464, 1038781341, 5976, 1038781317, 5729, 1038308972, 5713, 1038307320, 5473, 1038305163, 5969, 1038311502, 5465, 1038304097, 5977, 1038312099, 5985, 1038313138, 5474, 1037900519, 5466, 1037882574, 5458, 1037875785, 5475, 1038334456, 5467, 1038335687, 5971, 1038329886, 5732, 1021992605, 5460, 1021993031, 5463, 1021817665, 5735, 1022033722, 5975, 1021808435, 5986, 1037900547, 5970, 1037875894, 5978, 1037882626, 5979, 1038327669, 5972, 1022002007, 5989, 1021098618, 5987, 1038326452, 5456, 1038787565, 5457, 1038303460, 5968, 1038787486, 5988, 1021997187, 5980, 1021989999, 5714, 1037875841, 5973, 1021087881, 5730, 1037900529, 5981, 1021102815, 5459, 1038337933, 5476, 1021988223, 5990, 1021094750, 5974, 1021309643, 5982, 1021216735, 5468, 1021981073, 5731, 1038330635, 5991, 1022029253, 5715, 1038334081, 5477, 1021092038, 5469, 1021096153, 5461, 1021081175, 5478, 1021101541, 5716, 1021997430, 5470, 1021223661, 5479, 1022038004, 5462, 1021316189, 5733, 1021095095, 5717, 1021084289, 5471, 1021914771, 5734, 1021098384, 5983, 1021906032, 5718, 1021313134, 5719, 1021813152]
[INFO] (lattice_cell.c: 455): on tick 19 of 50
[INFO] (lattice_cell.c: 172): the unmatched_packets is 56
[5472, 1038773171, 5728, 1038773168, 5712, 1038742386, 5984, 1038773170, 5464, 1038785151, 5968, 1038742350, 5976, 1038785214, 5456, 1038742410, 5729, 1038315332, 5473, 1038311557, 5465, 1038310223, 5457, 1038312530, 5474, 1037880526, 5731, 1038339238, 5466, 1037869517, 5475, 1038343014, 5978, 1037869469, 5459, 1038342734, 5733, 1021101836, 5478, 1021153757, 5470, 1021130140, 5462, 1021044203, 5463, 1022090088, 5718, 1021040502, 5471, 1022003017, 5735, 1021969979, 5980, 1021998365, 5972, 1021967669, 5970, 1037911636, 5979, 1038334931, 5989, 1021106032, 5971, 1038334716, 5988, 1021981956, 5458, 1037911548, 5973, 1021108983, 5713, 1038316366, 5985, 1038319477, 5467, 1038342886, 5982, 1021122241, 5969, 1038320519, 5990, 1021145725, 5476, 1021973942, 5730, 1037880526, 5468, 1021990293, 5977, 1038318185, 5975, 1022081631, 5477, 1021097994, 5991, 1021965741, 5460, 1021959393, 5981, 1021090534, 5714, 1037911591, 5986, 1037880522, 5469, 1021082536, 5461, 1021101068, 5479, 1021973848, 5715, 1038338879, 5732, 1021977766, 5716, 1021963346, 5717, 1021104861, 5734, 1021149915, 5983, 1021994768, 5719, 1022086049, 5974, 1021036494, 5987, 1038335110]
[INFO] (lattice_cell.c: 455): on tick 20 of 50
[INFO] (lattice_cell.c: 172): the unmatched_packets is 56
[5472, 1038788683, 5728, 1038788703, 5712, 1038733125, 5984, 1038788720, 5464, 1038764420, 5968, 1038733079, 5976, 1038764516, 5456, 1038733153, 5729, 1038309083, 5713, 1038307785, 5985, 1038313201, 5473, 1038305321, 5730, 1037876407, 5465, 1038302208, 5457, 1038303973, 5474, 1037876411, 5986, 1037876404, 5458, 1037928644, 5475, 1038334764, 5477, 1021086850, 5469, 1021079536, 5734, 1021135170, 5462, 1021191492, 5718, 1021188256, 5471, 1022050143, 5735, 1021997037, 5719, 1021944152, 5982, 1021088441, 5974, 1021184539, 5977, 1038310105, 5970, 1037928748, 5987, 1038326832, 5972, 1022011219, 5989, 1021093643, 5973, 1021078429, 5981, 1021086408, 5991, 1021992360, 5975, 1021939498, 5459, 1038336813, 5971, 1038328830, 5969, 1038311914, 5979, 1038326543, 5988, 1021998495, 5714, 1037928691, 5466, 1037899721, 5990, 1021131539, 5731, 1038330973, 5479, 1022001488, 5715, 1038332992, 5983, 1022041202, 5732, 1021993824, 5716, 1022006613, 5980, 1022015896, 5467, 1038334487, 5476, 1021989399, 5460, 1022002207, 5468, 1022006826, 5478, 1021138331, 5733, 1021089996, 5461, 1021071385, 5717, 1021074683, 5470, 1021095395, 5463, 1021948594, 5978, 1037899666]
[INFO] (lattice_cell.c: 455): on tick 21 of 50
[INFO] (lattice_cell.c: 172): the unmatched_packets is 56
[5728, 1038777705, 5472, 1038777693, 5712, 1038786794, 5968, 1038786698, 5464, 1038769928, 5984, 1038777717, 5456, 1038786896, 5976, 1038769911, 5713, 1038313125, 5473, 1038313561, 5985, 1038321578, 5715, 1038340312, 5459, 1038344182, 5460, 1021900484, 5477, 1021086788, 5468, 1021948988, 5470, 1021124778, 5463, 1021945376, 5972, 1021908792, 5980, 1021957063, 5970, 1037868063, 5978, 1037883802, 5987, 1038334715, 5981, 1021131036, 5990, 1021084766, 5975, 1021936977, 5991, 1022029338, 5983, 1021999243, 5989, 1021094475, 5729, 1038317387, 5465, 1038310240, 5969, 1038317344, 5982, 1021116820, 5457, 1038309240, 5474, 1037876897, 5714, 1037867951, 5979, 1038335082, 5977, 1038318289, 5730, 1037876884, 5458, 1037867848, 5466, 1037883772, 5475, 1038342722, 5986, 1037876864, 5467, 1038343114, 5731, 1038338900, 5476, 1021977965, 5469, 1021123422, 5732, 1021981775, 5988, 1021985926, 5716, 1021904468, 5461, 1021169511, 5478, 1021092539, 5479, 1022037287, 5462, 1021181723, 5733, 1021090457, 5471, 1022007133, 5974, 1021174214, 5717, 1021173069, 5734, 1021088810, 5718, 1021178104, 5735, 1022033482, 5719, 1021941341, 5971, 1038336098, 5973, 1021176932]
[INFO] (lattice_cell.c: 455): on tick 22 of 50
[INFO] (lattice_cell.c: 172): the unmatched_packets is 56
[5728, 1038764073, 5472, 1038764038, 5712, 1038724744, 5984, 1038764109, 5464, 1038758759, 5456, 1038724716, 5976, 1038758884, 5968, 1038724766, 5729, 1038309184, 5473, 1038305478, 5713, 1038309230, 5985, 1038313247, 5465, 1038304506, 5457, 1038305473, 5474, 1037899820, 5986, 1037899782, 5731, 1038331020, 5466, 1037904782, 5459, 1038336625, 5460, 1022109620, 5972, 1022118546, 5477, 1021065719, 5733, 1021069038, 5989, 1021072877, 5469, 1021029937, 5974, 1021155627, 5479, 1022017573, 5462, 1021162513, 5988, 1022019378, 5463, 1021981086, 5471, 1021966854, 5735, 1022013175, 5983, 1021957772, 5969, 1038313311, 5977, 1038312298, 5970, 1037937524, 5980, 1022052980, 5730, 1037899804, 5714, 1037937530, 5987, 1038326934, 5991, 1022008508, 5978, 1037904682, 5971, 1038328721, 5979, 1038327606, 5715, 1038332838, 5732, 1022014702, 5458, 1037937550, 5973, 1020966209, 5475, 1038334764, 5716, 1022114005, 5990, 1021116896, 5467, 1038335452, 5975, 1021971617, 5476, 1022010245, 5981, 1021037351, 5468, 1022043989, 5717, 1020962179, 5982, 1021169360, 5734, 1021120706, 5461, 1020958648, 5478, 1021124018, 5718, 1021159309, 5719, 1021976467, 5470, 1021176567]
[INFO] (lattice_cell.c: 455): on tick 23 of 50
[INFO] (lattice_cell.c: 172): the unmatched_packets is 56
[5472, 1038790128, 5728, 1038790108, 5712, 1038774820, 5464, 1038810849, 5968, 1038774756, 5456, 1038774867, 5976, 1038810847, 5729, 1038314302, 5473, 1038310419, 5713, 1038313361, 5985, 1038318541, 5465, 1038308283, 5969, 1038317620, 5457, 1038309448, 5977, 1038316441, 5984, 1038790085, 5730, 1037864427, 5986, 1037864461, 5731, 1038339491, 5466, 1037844852, 5475, 1038343346, 5467, 1038342878, 5468, 1021876837, 5973, 1021252124, 5461, 1021245025, 5478, 1021121228, 5718, 1021117424, 5463, 1022007799, 5972, 1021832794, 5735, 1022002699, 5991, 1021998622, 5989, 1021153575, 5978, 1037844905, 5979, 1038334756, 5474, 1037864399, 5987, 1038335261, 5971, 1038335358, 5714, 1037879481, 5458, 1037879387, 5970, 1037879575, 5990, 1021113658, 5715, 1038339616, 5975, 1021999651, 5459, 1038343540, 5732, 1021931921, 5476, 1021928112, 5716, 1021828454, 5988, 1021936086, 5981, 1021208843, 5980, 1021884999, 5733, 1021149795, 5460, 1021824489, 5974, 1021113548, 5477, 1021146371, 5717, 1021248422, 5982, 1021097840, 5469, 1021201793, 5479, 1022006473, 5462, 1021120980, 5470, 1021105402, 5734, 1021117600, 5471, 1022026519, 5983, 1022018567, 5719, 1022003880]
[INFO] (lattice_cell.c: 455): on tick 24 of 50
[INFO] (lattice_cell.c: 172): the unmatched_packets is 56
[5472, 1038753072, 5728, 1038753144, 5712, 1038738005, 5984, 1038753206, 5968, 1038737942, 5464, 1038736776, 5976, 1038736918, 5456, 1038738063, 5729, 1038310535, 5713, 1038307817, 5473, 1038306878, 5465, 1038304554, 5986, 1037910609, 5731, 1038331452, 5458, 1037924275, 5475, 1038335152, 5715, 1038333037, 5716, 1022085607, 5468, 1022138708, 5989, 1020993454, 5469, 1020937465, 5462, 1021180096, 5463, 1021963182, 5735, 1021984889, 5471, 1022016573, 5719, 1021958553, 5980, 1022147711, 5982, 1021123204, 5970, 1037924392, 5988, 1022092367, 5457, 1038304088, 5474, 1037910727, 5985, 1038314544, 5973, 1020999419, 5981, 1020945183, 5969, 1038311865, 5466, 1037926419, 5977, 1038312274, 5714, 1037924329, 5730, 1037910670, 5975, 1021953698, 5987, 1038327407, 5971, 1038328962, 5979, 1038327415, 5972, 1022090349, 5978, 1037926291, 5467, 1038335192, 5459, 1038336781, 5476, 1022083345, 5732, 1022087731, 5974, 1021172881, 5990, 1021145026, 5460, 1022081081, 5477, 1020985766, 5991, 1021980152, 5733, 1020989366, 5983, 1022007465, 5478, 1021152329, 5461, 1020991884, 5479, 1021989357, 5717, 1020995416, 5470, 1021130650, 5734, 1021148921, 5718, 1021176733]
[INFO] (lattice_cell.c: 455): on tick 25 of 50
[INFO] (lattice_cell.c: 172): the unmatched_packets is 56
[5472, 1038812117, 5728, 1038812119, 5712, 1038748275, 5984, 1038812109, 5464, 1038783045, 5968, 1038748253, 5976, 1038783118, 5729, 1038314484, 5473, 1038310587, 5465, 1038309686, 5731, 1038339004, 5715, 1038340760, 5459, 1038344709, 5988, 1021852697, 5477, 1021228524, 5716, 1021951292, 5981, 1021222881, 5478, 1021092869, 5479, 1022035449, 5461, 1021114061, 5470, 1021125435, 5462, 1021180537, 5471, 1022005290, 5735, 1022031675, 5980, 1021863256, 5719, 1021941698, 5973, 1021121295, 5991, 1022027619, 5977, 1038317872, 5970, 1037905596, 5986, 1037843479, 5990, 1021085583, 5982, 1021117921, 5975, 1021937446, 5987, 1038334747, 5979, 1038335153, 5989, 1021235298, 5713, 1038314899, 5456, 1038748288, 5985, 1038318751, 5983, 1021997565, 5730, 1037843459, 5969, 1038319194, 5974, 1021173431, 5714, 1037905548, 5457, 1038310942, 5474, 1037843432, 5466, 1037871007, 5475, 1038342898, 5458, 1037905493, 5978, 1037870995, 5467, 1038343350, 5476, 1021844598, 5971, 1038336466, 5732, 1021848469, 5468, 1021855298, 5460, 1021947529, 5469, 1021215893, 5733, 1021231737, 5717, 1021117509, 5734, 1021089387, 5718, 1021177127, 5463, 1021945684, 5972, 1021955327]
[INFO] (lattice_cell.c: 455): on tick 26 of 50
[INFO] (lattice_cell.c: 172): the unmatched_packets is 56
[5472, 1038750982, 5728, 1038751012, 5712, 1038772162, 5984, 1038751036, 5968, 1038772121, 5464, 1038780269, 5976, 1038780286, 5456, 1038772188, 5473, 1038305139, 5729, 1038308779, 5713, 1038307021, 5985, 1038312770, 5969, 1038311037, 5465, 1038302257, 5977, 1038309923, 5457, 1038303336, 5730, 1037912774, 5714, 1037891073, 5986, 1037912753, 5474, 1037912808, 5970, 1037891114, 5458, 1037891047, 5978, 1037884209, 5732, 1022128778, 5467, 1038335046, 5477, 1020952635, 5469, 1021051975, 5734, 1021120285, 5479, 1022019578, 5972, 1021951350, 5975, 1021982201, 5987, 1038327652, 5979, 1038327331, 5974, 1021145224, 5982, 1021135137, 5991, 1022010414, 5988, 1022133498, 5973, 1021141374, 5981, 1021059554, 5731, 1038331667, 5466, 1037884225, 5983, 1021994278, 5475, 1038335329, 5715, 1038332299, 5971, 1038328252, 5476, 1022124344, 5716, 1021946441, 5459, 1038336030, 5733, 1020956268, 5468, 1022031176, 5460, 1021941753, 5717, 1021137326, 5990, 1021116259, 5478, 1021123819, 5461, 1021133717, 5718, 1021149153, 5470, 1021142790, 5735, 1022015150, 5462, 1021152610, 5980, 1022040601, 5463, 1021991722, 5719, 1021987112, 5471, 1022003441, 5989, 1020960363]
[INFO] (lattice_cell.c: 455): on tick 27 of 50
[INFO] (lattice_cell.c: 172): the unmatched_packets is 56
[5472, 1038772547, 5728, 1038772601, 5712, 1038748089, 5984, 1038772653, 5464, 1038760366, 5968, 1038748041, 5976, 1038760508, 5456, 1038748129, 5729, 1038316456, 5713, 1038314198, 5985, 1038320735, 5473, 1038312539, 5466, 1037893860, 5731, 1038338988, 5467, 1038343846, 5732, 1021913498, 5468, 1022014862, 5989, 1021160413, 5717, 1021064169, 5991, 1021991120, 5462, 1021135805, 5972, 1022013587, 5980, 1022022449, 5973, 1021067719, 5974, 1021128905, 5982, 1021128080, 5983, 1021988606, 5969, 1038318531, 5970, 1037906348, 5986, 1037881253, 5987, 1038334704, 5971, 1038336120, 5977, 1038318441, 5730, 1037881287, 5714, 1037906278, 5465, 1038310171, 5990, 1021124618, 5978, 1037893800, 5457, 1038310214, 5715, 1038340439, 5975, 1021984304, 5716, 1022009461, 5979, 1038335616, 5988, 1021917496, 5474, 1037881306, 5733, 1021156757, 5981, 1021061566, 5458, 1037906197, 5475, 1038342890, 5476, 1021909798, 5459, 1038344411, 5477, 1021153479, 5734, 1021128387, 5460, 1022005640, 5718, 1021132511, 5478, 1021131785, 5469, 1021054542, 5735, 1021995142, 5461, 1021060952, 5719, 1021988538, 5479, 1021998881, 5470, 1021135236, 5463, 1021992506, 5471, 1021996475]
[INFO] (lattice_cell.c: 455): on tick 28 of 50
[INFO] (lattice_cell.c: 172): the unmatched_packets is 56
[5728, 1038795014, 5472, 1038795014, 5712, 1038740663, 5984, 1038795004, 5464, 1038778343, 5456, 1038740709, 5729, 1038307911, 5976, 1038778474, 5977, 1038310985, 5467, 1038335674, 5971, 1038329043, 5459, 1038336791, 5468, 1021948589, 5717, 1021084157, 5471, 1022015443, 5735, 1022009795, 5719, 1021964945, 5973, 1021088364, 5974, 1021166673, 5991, 1022005060, 5983, 1022006429, 5988, 1021978970, 5985, 1038311870, 5969, 1038311528, 5970, 1037921378, 5978, 1037885459, 5473, 1038304302, 5465, 1038303383, 5972, 1022000689, 5457, 1038303863, 5980, 1021958009, 5474, 1037869966, 5968, 1038740607, 5713, 1038307536, 5981, 1021137104, 5990, 1021118455, 5466, 1037885576, 5730, 1037869972, 5975, 1021960066, 5714, 1037921321, 5731, 1038331746, 5979, 1038327983, 5458, 1037921266, 5475, 1038335408, 5987, 1038327763, 5715, 1038333074, 5732, 1021974055, 5989, 1021116404, 5476, 1021969438, 5986, 1037869984, 5477, 1021108783, 5460, 1021991279, 5469, 1021129249, 5716, 1021995870, 5733, 1021112353, 5478, 1021126227, 5461, 1021080395, 5470, 1021128131, 5479, 1022014195, 5734, 1021122579, 5462, 1021174312, 5463, 1021969516, 5718, 1021170711, 5982, 1021120205]
[INFO] (lattice_cell.c: 455): on tick 29 of 50
[INFO] (lattice_cell.c: 172): the unmatched_packets is 56
[5728, 1038769076, 5472, 1038769030, 5712, 1038753847, 5984, 1038769110, 5464, 1038775884, 5976, 1038776012, 5456, 1038753847, 5713, 1038314672, 5473, 1038311129, 5466, 1037878791, 5467, 1038343016, 5468, 1021979064, 5972, 1021951721, 5479, 1022010187, 5975, 1021946570, 5471, 1022015221, 5974, 1021168039, 5969, 1038319006, 5977, 1038317649, 5986, 1037885610, 5978, 1037878740, 5465, 1038309365, 5457, 1038310681, 5971, 1038335405, 5979, 1038334762, 5968, 1038753843, 5474, 1037885648, 5980, 1021986955, 5729, 1038315068, 5985, 1038319367, 5458, 1037900123, 5982, 1021111878, 5475, 1038345204, 5730, 1037885628, 5970, 1037900186, 5714, 1037900156, 5731, 1038341289, 5459, 1038343710, 5987, 1038337003, 5476, 1022032508, 5715, 1038339725, 5988, 1022040177, 5477, 1021037660, 5460, 1021943846, 5732, 1022036196, 5469, 1021094101, 5973, 1021126190, 5478, 1021113405, 5461, 1021119392, 5990, 1021106570, 5470, 1021118932, 5462, 1021174715, 5989, 1021044417, 5716, 1021947651, 5991, 1022002279, 5981, 1021100704, 5983, 1022007375, 5463, 1021954911, 5733, 1021040836, 5717, 1021122592, 5734, 1021110175, 5718, 1021171534, 5735, 1022006360, 5719, 1021950859]
[INFO] (lattice_cell.c: 455): on tick 30 of 50
[INFO] (lattice_cell.c: 172): the unmatched_packets is 56
[5728, 1038769148, 5472, 1038769100, 5712, 1038767588, 5984, 1038769190, 5464, 1038768395, 5976, 1038768425, 5456, 1038767651, 5473, 1038305226, 5977, 1038309971, 5457, 1038303265, 5458, 1037895767, 5467, 1038334127, 5459, 1038336975, 5468, 1022015149, 5477, 1021097936, 5733, 1021101701, 5460, 1021969435, 5469, 1021065248, 5470, 1021141923, 5463, 1021983168, 5735, 1022014703, 5985, 1038312791, 5969, 1038310927, 5971, 1038329222, 5972, 1021979046, 5980, 1022024486, 5968, 1038767520, 5970, 1037895910, 5989, 1021105869, 5973, 1021112621, 5974, 1021150882, 5729, 1038308829, 5975, 1021973792, 5713, 1038306932, 5465, 1038302355, 5983, 1022001324, 5987, 1038328437, 5979, 1038326437, 5730, 1037894613, 5714, 1037895827, 5978, 1037895577, 5731, 1038332425, 5981, 1021073139, 5986, 1037894585, 5990, 1021112965, 5715, 1038333260, 5982, 1021133821, 5991, 1022010011, 5732, 1021979867, 5474, 1037894659, 5466, 1037895589, 5716, 1021974106, 5475, 1038336062, 5476, 1021975410, 5717, 1021108503, 5734, 1021117165, 5718, 1021154979, 5478, 1021120945, 5988, 1021984664, 5719, 1021978639, 5461, 1021104785, 5479, 1022019060, 5462, 1021158668, 5471, 1022010267]
[INFO] (lattice_cell.c: 455): on tick 31 of 50
[INFO] (lattice_cell.c: 172): the unmatched_packets is 56
[5728, 1038783125, 5472, 1038783077, 5712, 1038749573, 5984, 1038783181, 5464, 1038766245, 5968, 1038749560, 5976, 1038766432, 5456, 1038749583, 5713, 1038314160, 5985, 1038320091, 5457, 1038310158, 5731, 1038337745, 5475, 1038341674, 5467, 1038343021, 5468, 1021981040, 5716, 1022000862, 5469, 1021088542, 5461, 1021068951, 5479, 1022002953, 5462, 1021140448, 5463, 1021983078, 5471, 1021991180, 5987, 1038333452, 5980, 1021988765, 5982, 1021136868, 5971, 1038337516, 5977, 1038318235, 5988, 1021962110, 5986, 1037871424, 5991, 1021995172, 5970, 1037904801, 5729, 1038315805, 5473, 1038311896, 5465, 1038309978, 5730, 1037871461, 5969, 1038318490, 5972, 1022004968, 5474, 1037871485, 5714, 1037904761, 5989, 1021118702, 5466, 1037887821, 5981, 1021095368, 5973, 1021075640, 5458, 1037904720, 5990, 1021126445, 5715, 1038341832, 5974, 1021133935, 5979, 1038334776, 5476, 1021954223, 5459, 1038345800, 5732, 1021958027, 5983, 1021983253, 5975, 1021974602, 5477, 1021112077, 5733, 1021115187, 5460, 1021996976, 5478, 1021133261, 5717, 1021072103, 5734, 1021130058, 5470, 1021143751, 5718, 1021137368, 5735, 1021999182, 5719, 1021978959, 5978, 1037887692]
[INFO] (lattice_cell.c: 455): on tick 32 of 50
[INFO] (lattice_cell.c: 172): the unmatched_packets is 56
[5472, 1038773649, 5728, 1038773662, 5712, 1038743823, 5984, 1038773664, 5968, 1038743771, 5464, 1038778117, 5976, 1038778268, 5729, 1038307764, 5473, 1038304142, 5714, 1037918399, 5458, 1037918337, 5731, 1038334888, 5459, 1038337605, 5979, 1038329417, 5988, 1022001015, 5478, 1021092747, 5733, 1021088889, 5462, 1021161240, 5972, 1021990546, 5719, 1021974869, 5985, 1038311744, 5969, 1038311517, 5977, 1038310632, 5986, 1037890846, 5987, 1038330902, 5456, 1038743871, 5465, 1038302997, 5457, 1038303819, 5973, 1021098371, 5713, 1038307510, 5974, 1021153350, 5474, 1037890828, 5466, 1037886116, 5730, 1037890835, 5991, 1022028971, 5983, 1022008369, 5978, 1037886027, 5475, 1038338513, 5467, 1038337098, 5971, 1038329832, 5476, 1021991705, 5715, 1038333870, 5468, 1021962619, 5989, 1021092971, 5477, 1021085240, 5732, 1021996192, 5980, 1021971968, 5716, 1021985692, 5990, 1021084691, 5981, 1021123351, 5460, 1021981180, 5970, 1037918473, 5469, 1021115490, 5717, 1021094197, 5461, 1021090418, 5479, 1022038041, 5470, 1021121247, 5734, 1021088909, 5471, 1022017318, 5718, 1021157486, 5463, 1021979334, 5735, 1022033673, 5982, 1021113056, 5975, 1021970051]
[INFO] (lattice_cell.c: 455): on tick 33 of 50
[INFO] (lattice_cell.c: 172): the unmatched_packets is 56
[5728, 1038788054, 5472, 1038787985, 5712, 1038752544, 5464, 1038782139, 5456, 1038752543, 5457, 1038309687, 5466, 1037872849, 5476, 1022015563, 5459, 1038342460, 5477, 1021053050, 5469, 1021078263, 5478, 1021186133, 5734, 1021183023, 5471, 1021997947, 5980, 1022002663, 5974, 1021173704, 5983, 1021990118, 5968, 1038752516, 5985, 1038319161, 5969, 1038317950, 5986, 1037866822, 5972, 1021966892, 5989, 1021059829, 5973, 1021115060, 5982, 1021140652, 5975, 1021946676, 5984, 1038788125, 5978, 1037872762, 5987, 1038333766, 5473, 1038311005, 5976, 1038782289, 5971, 1038334185, 5465, 1038309107, 5729, 1038314914, 5713, 1038313653, 5474, 1037866917, 5475, 1038341950, 5458, 1037901362, 5467, 1038340515, 5468, 1021994620, 5730, 1037866882, 5990, 1021179438, 5460, 1021958775, 5714, 1037901390, 5977, 1038317311, 5731, 1038338041, 5461, 1021108302, 5479, 1021951049, 5470, 1021147598, 5715, 1038338494, 5462, 1021180236, 5988, 1022023404, 5732, 1022019361, 5463, 1021955123, 5716, 1021962723, 5981, 1021084931, 5733, 1021056205, 5717, 1021111471, 5991, 1021943103, 5970, 1037901423, 5718, 1021177163, 5979, 1038332281, 5735, 1021947193, 5719, 1021951009]
[INFO] (lattice_cell.c: 455): on tick 34 of 50
[INFO] (lattice_cell.c: 172): the unmatched_packets is 56
[5728, 1038747198, 5472, 1038747150, 5712, 1038757605, 5984, 1038747217, 5464, 1038752501, 5976, 1038752611, 5473, 1038305296, 5969, 1038311681, 5457, 1038303918, 5466, 1037910968, 5715, 1038336161, 5972, 1021971227, 5468, 1021990619, 5461, 1021108638, 5717, 1021112374, 5479, 1022115877, 5463, 1021989325, 5735, 1022111651, 5975, 1021979994, 5991, 1022107097, 5983, 1022051007, 5980, 1021999733, 5968, 1038757572, 5985, 1038312946, 5456, 1038757630, 5977, 1038311055, 5978, 1037910923, 5987, 1038328578, 5979, 1038330011, 5971, 1038332101, 5986, 1037916126, 5713, 1038307635, 5973, 1021116432, 5729, 1038308939, 5982, 1021070629, 5730, 1037916148, 5714, 1037905606, 5970, 1037905664, 5465, 1038303346, 5731, 1038332594, 5474, 1037916156, 5988, 1021965886, 5989, 1021124171, 5732, 1021961170, 5458, 1037905567, 5981, 1021093402, 5475, 1038336256, 5716, 1021966407, 5467, 1038337729, 5476, 1021956832, 5459, 1038339905, 5733, 1021120086, 5990, 1021016278, 5477, 1021116377, 5734, 1021020505, 5460, 1021961888, 5718, 1021137484, 5478, 1021024392, 5469, 1021085605, 5719, 1021984815, 5470, 1021078805, 5462, 1021141217, 5974, 1021133433, 5471, 1022059831]
[INFO] (lattice_cell.c: 455): on tick 35 of 50
[INFO] (lattice_cell.c: 172): the unmatched_packets is 56
[5728, 1038810977, 5472, 1038810887, 5712, 1038767628, 5968, 1038767603, 5984, 1038811069, 5464, 1038791677, 5456, 1038767654, 5976, 1038791896, 5729, 1038314306, 5473, 1038310453, 5465, 1038308832, 5730, 1037844355, 5977, 1038316965, 5458, 1037887172, 5970, 1037887257, 5732, 1021987971, 5468, 1021997648, 5460, 1021995147, 5469, 1021074995, 5461, 1021065424, 5718, 1021192803, 5463, 1021941843, 5735, 1021871058, 5981, 1021081835, 5991, 1021866838, 5983, 1021896420, 5985, 1038318523, 5986, 1037844279, 5978, 1037862884, 5980, 1022005787, 5713, 1038315212, 5989, 1021092486, 5990, 1021239761, 5457, 1038311278, 5974, 1021189294, 5969, 1038319468, 5474, 1037844417, 5714, 1037887214, 5975, 1021933313, 5971, 1038334016, 5979, 1038334721, 5466, 1037863052, 5988, 1021992201, 5972, 1022003548, 5731, 1038341570, 5475, 1038345428, 5467, 1038342879, 5715, 1038338295, 5459, 1038342246, 5476, 1021983971, 5477, 1021085777, 5716, 1021999246, 5987, 1038337341, 5733, 1021088909, 5973, 1021072195, 5478, 1021246512, 5982, 1021224137, 5717, 1021068583, 5479, 1021875072, 5470, 1021231091, 5734, 1021243354, 5462, 1021195885, 5471, 1021904521, 5719, 1021937691]
[INFO] (lattice_cell.c: 455): on tick 36 of 50
[INFO] (lattice_cell.c: 172): the unmatched_packets is 56
[5472, 1038757092, 5728, 1038757130, 5712, 1038724173, 5984, 1038757158, 5464, 1038746300, 5968, 1038724137, 5976, 1038746428, 5729, 1038308534, 5473, 1038304851, 5713, 1038308317, 5985, 1038312580, 5969, 1038312413, 5465, 1038301759, 5977, 1038309542, 5730, 1037907321, 5474, 1037907327, 5459, 1038337921, 5732, 1021990408, 5468, 1021957954, 5716, 1021972112, 5478, 1020999736, 5735, 1022146668, 5989, 1021095339, 5991, 1022142253, 5970, 1037937793, 5457, 1038304546, 5978, 1037917233, 5988, 1021995093, 5980, 1021966851, 5990, 1020991772, 5974, 1021068148, 5983, 1022130175, 5971, 1038330025, 5987, 1038326385, 5456, 1038724181, 5466, 1037917290, 5981, 1021132819, 5458, 1037937689, 5714, 1037937738, 5475, 1038334187, 5467, 1038333847, 5986, 1037907327, 5982, 1021006638, 5731, 1038330458, 5476, 1021986135, 5975, 1022055077, 5715, 1038334137, 5460, 1021967808, 5477, 1021087802, 5979, 1038326016, 5469, 1021125126, 5461, 1021101467, 5972, 1021976754, 5733, 1021091386, 5470, 1021014857, 5973, 1021109252, 5479, 1022150694, 5462, 1021075891, 5717, 1021105184, 5463, 1022064159, 5471, 1022138579, 5734, 1020995944, 5718, 1021072186, 5719, 1022059796]
[INFO] (lattice_cell.c: 455): on tick 37 of 50
[INFO] (lattice_cell.c: 172): the unmatched_packets is 56
[5472, 1038772429, 5728, 1038772454, 5712, 1038777632, 5984, 1038772484, 5464, 1038801882, 5976, 1038802085, 5968, 1038777622, 5473, 1038312491, 5713, 1038312250, 5729, 1038316299, 5985, 1038320470, 5969, 1038316456, 5465, 1038308307, 5457, 1038308377, 5714, 1037876912, 5474, 1037881403, 5986, 1037881363, 5731, 1038340854, 5715, 1038341980, 5467, 1038345175, 5732, 1021991784, 5476, 1021987752, 5459, 1038345874, 5716, 1021989991, 5460, 1021985683, 5973, 1021092058, 5717, 1021088439, 5461, 1021085235, 5462, 1021281507, 5463, 1021839933, 5718, 1021278405, 5735, 1021931577, 5972, 1021994496, 5982, 1021245150, 5991, 1021927335, 5983, 1021865528, 5970, 1037876941, 5971, 1038337757, 5988, 1021996036, 5975, 1021830998, 5979, 1038337139, 5977, 1038316332, 5456, 1038777634, 5981, 1021085531, 5987, 1038336696, 5730, 1037881387, 5974, 1021274861, 5466, 1037853295, 5978, 1037853135, 5458, 1037876891, 5475, 1038344641, 5468, 1021995471, 5477, 1021074306, 5980, 1022004021, 5733, 1021077559, 5469, 1021078676, 5989, 1021081306, 5478, 1021190800, 5990, 1021183660, 5479, 1021935637, 5470, 1021252231, 5734, 1021187478, 5471, 1021873988, 5719, 1021835560]
[INFO] (lattice_cell.c: 455): on tick 38 of 50
[INFO] (lattice_cell.c: 172): the unmatched_packets is 56
[5472, 1038790813, 5728, 1038790933, 5712, 1038733274, 5968, 1038733254, 5984, 1038791038, 5976, 1038764792, 5464, 1038764539, 5473, 1038304946, 5729, 1038308689, 5713, 1038310236, 5465, 1038303988, 5969, 1038314379, 5985, 1038312791, 5977, 1038311884, 5474, 1037874095, 5460, 1021941053, 5477, 1021087756, 5478, 1021139179, 5718, 1021032679, 5990, 1021131750, 5975, 1022104919, 5986, 1037873937, 5970, 1037929496, 5978, 1037899742, 5456, 1038733268, 5457, 1038306409, 5987, 1038328877, 5971, 1038327396, 5466, 1037899908, 5730, 1037874025, 5714, 1037929467, 5475, 1038336785, 5731, 1038333008, 5715, 1038331567, 5991, 1021990919, 5732, 1021987883, 5979, 1038326997, 5458, 1037929432, 5716, 1021945195, 5988, 1021992364, 5972, 1021949666, 5980, 1022004104, 5733, 1021091325, 5467, 1038334966, 5989, 1021095226, 5981, 1021085267, 5973, 1021127915, 5982, 1021036141, 5717, 1021123896, 5459, 1038335416, 5974, 1021028674, 5476, 1021983772, 5983, 1022098825, 5734, 1021135630, 5468, 1021995523, 5735, 1021995422, 5469, 1021077731, 5719, 1022109429, 5461, 1021120192, 5479, 1021999509, 5470, 1021043988, 5462, 1021036360, 5463, 1022113569, 5471, 1022107067]
[INFO] (lattice_cell.c: 455): on tick 39 of 50
[INFO] (lattice_cell.c: 172): the unmatched_packets is 56
[5472, 1038765671, 5728, 1038765724, 5712, 1038762400, 5984, 1038765774, 5968, 1038762328, 5464, 1038750933, 5456, 1038762450, 5976, 1038751011, 5465, 1038306959, 5466, 1037902397, 5731, 1038339666, 5468, 1021989363, 5733, 1021099172, 5460, 1022002778, 5469, 1021091755, 5717, 1021071467, 5478, 1021069920, 5470, 1021144375, 5463, 1021865420, 5982, 1021136723, 5991, 1022053523, 5975, 1021856196, 5969, 1038316386, 5977, 1038314875, 5970, 1037892009, 5987, 1038335544, 5473, 1038310095, 5988, 1021985871, 5972, 1022012013, 5729, 1038313838, 5713, 1038312227, 5973, 1021075097, 5457, 1038308400, 5981, 1021098717, 5474, 1037888714, 5990, 1021062474, 5974, 1021252065, 5730, 1037888692, 5714, 1037891931, 5475, 1038343419, 5458, 1037891850, 5467, 1038342866, 5979, 1038334964, 5476, 1021977055, 5715, 1038341443, 5986, 1037888646, 5980, 1021998226, 5989, 1021102871, 5971, 1038337279, 5732, 1021981342, 5459, 1038345264, 5477, 1021095951, 5716, 1022007297, 5461, 1021068308, 5479, 1022061838, 5462, 1021258994, 5978, 1037902371, 5734, 1021066446, 5471, 1021991976, 5718, 1021255732, 5735, 1022057781, 5719, 1021860904, 5983, 1021983635, 5985, 1038317943]
[INFO] (lattice_cell.c: 455): on tick 40 of 50
[INFO] (lattice_cell.c: 172): the unmatched_packets is 56
[5472, 1038778640, 5728, 1038778719, 5712, 1038774421, 5464, 1038794759, 5984, 1038778788, 5976, 1038795081, 5456, 1038774355, 5968, 1038774461, 5729, 1038310448, 5985, 1038314609, 5473, 1038306673, 5977, 1038311758, 5457, 1038303451, 5466, 1037869891, 5459, 1038337638, 5460, 1021948243, 5733, 1021096840, 5461, 1021124090, 5982, 1021176480, 5470, 1021183980, 5462, 1021119435, 5718, 1021116055, 5471, 1021960444, 5971, 1038329496, 5974, 1021112354, 5991, 1021992752, 5972, 1021956572, 5981, 1021121300, 5969, 1038311530, 5970, 1037889341, 5989, 1021100725, 5983, 1021952198, 5975, 1022013288, 5987, 1038328245, 5988, 1021979172, 5973, 1021131678, 5990, 1021133049, 5465, 1038303754, 5475, 1038336225, 5474, 1037885660, 5713, 1038307333, 5458, 1037889397, 5730, 1037885618, 5467, 1038336065, 5714, 1037889373, 5476, 1021970923, 5731, 1038332416, 5477, 1021093331, 5468, 1021957994, 5715, 1038333733, 5986, 1037885572, 5978, 1037869636, 5478, 1021140605, 5469, 1021113691, 5732, 1021974856, 5479, 1022000851, 5716, 1021952251, 5980, 1021966167, 5463, 1022022003, 5717, 1021127721, 5734, 1021136999, 5735, 1021996997, 5719, 1022017832, 5979, 1038328016]
[INFO] (lattice_cell.c: 455): on tick 41 of 50
[INFO] (lattice_cell.c: 172): the unmatched_packets is 56
[5472, 1038776010, 5728, 1038776048, 5712, 1038706191, 5968, 1038706151, 5464, 1038762263, 5976, 1038762466, 5729, 1038313271, 5969, 1038321046, 5473, 1038309570, 5714, 1037946725, 5466, 1037892541, 5458, 1037946645, 5468, 1022023351, 5460, 1022043287, 5717, 1021014334, 5478, 1021149756, 5461, 1021011030, 5479, 1021979980, 5463, 1021996359, 5971, 1038336284, 5471, 1022032519, 5719, 1021991932, 5973, 1021018079, 5991, 1021971150, 5990, 1021142377, 5988, 1022021052, 5985, 1038317334, 5977, 1038317164, 5970, 1037946795, 5986, 1037878479, 5987, 1038336465, 5979, 1038335358, 5978, 1037892437, 5972, 1022052634, 5983, 1022023894, 5989, 1021067799, 5981, 1021054860, 5975, 1021987325, 5980, 1022032639, 5982, 1021095563, 5456, 1038706219, 5465, 1038309350, 5984, 1038776093, 5713, 1038316939, 5457, 1038313163, 5474, 1037878507, 5475, 1038344225, 5730, 1037878505, 5467, 1038343200, 5459, 1038344187, 5476, 1022011931, 5731, 1038340531, 5477, 1021060810, 5715, 1038340394, 5469, 1021047952, 5732, 1022016371, 5716, 1022047848, 5470, 1021103259, 5462, 1021133675, 5733, 1021064046, 5734, 1021146318, 5718, 1021130160, 5735, 1021975664, 5974, 1021126208]
[INFO] (lattice_cell.c: 455): on tick 42 of 50
[INFO] (lattice_cell.c: 172): the unmatched_packets is 56
[5728, 1038785707, 5472, 1038785572, 5712, 1038791182, 5984, 1038785840, 5968, 1038791160, 5464, 1038787549, 5976, 1038787776, 5729, 1038308005, 5473, 1038304176, 5985, 1038312198, 5977, 1038307726, 5465, 1038299637, 5457, 1038300637, 5474, 1037879129, 5731, 1038332690, 5458, 1037872148, 5715, 1038333444, 5459, 1038337392, 5716, 1021852739, 5460, 1021848669, 5477, 1021120527, 5461, 1021232882, 5718, 1021194589, 5463, 1021941936, 5471, 1022045864, 5991, 1022038139, 5987, 1038328474, 5979, 1038327450, 5986, 1037878902, 5978, 1037876725, 5713, 1038304553, 5980, 1021929885, 5969, 1038308799, 5989, 1021127875, 5981, 1021175328, 5982, 1021093632, 5974, 1021190967, 5971, 1038329179, 5973, 1021240094, 5730, 1037879019, 5990, 1021086921, 5975, 1021933379, 5714, 1037872174, 5456, 1038791206, 5466, 1037876904, 5970, 1037872217, 5475, 1038336570, 5467, 1038335590, 5476, 1021954563, 5468, 1021921807, 5732, 1021958351, 5972, 1021857102, 5469, 1021168014, 5478, 1021094141, 5733, 1021124019, 5479, 1022046075, 5470, 1021101203, 5462, 1021197938, 5717, 1021236345, 5734, 1021090707, 5735, 1022042303, 5988, 1021962496, 5719, 1021937826, 5983, 1022038126]
[INFO] (lattice_cell.c: 455): on tick 43 of 50
[INFO] (lattice_cell.c: 172): the unmatched_packets is 56
[5728, 1038748401, 5472, 1038748346, 5712, 1038736108, 5984, 1038748446, 5968, 1038736132, 5464, 1038739785, 5456, 1038736067, 5976, 1038740028, 5729, 1038317924, 5713, 1038315916, 5730, 1037905386, 5465, 1038311900, 5466, 1037913717, 5458, 1037918588, 5467, 1038343409, 5732, 1022032026, 5716, 1022109226, 5477, 1021027194, 5990, 1021121088, 5987, 1038335384, 5462, 1021171388, 5471, 1021958238, 5735, 1022000615, 5973, 1020959763, 5975, 1021948884, 5985, 1038321931, 5986, 1037905362, 5473, 1038314270, 5457, 1038312153, 5989, 1021034350, 5969, 1038319980, 5978, 1037913572, 5714, 1037918591, 5474, 1037905393, 5731, 1038339405, 5970, 1037918591, 5715, 1038340689, 5475, 1038343056, 5979, 1038335678, 5972, 1022113959, 5980, 1022101920, 5981, 1020974660, 5974, 1021164052, 5982, 1021170173, 5476, 1022027529, 5459, 1038344439, 5991, 1021996161, 5733, 1021030523, 5468, 1022092797, 5988, 1022036808, 5717, 1020955848, 5460, 1022104733, 5469, 1020967276, 5734, 1021125271, 5478, 1021128987, 5718, 1021167931, 5461, 1020952398, 5470, 1021178116, 5971, 1038336607, 5479, 1022004864, 5719, 1021953767, 5463, 1021958430, 5983, 1021949378, 5977, 1038319631]
[INFO] (lattice_cell.c: 455): on tick 44 of 50
[INFO] (lattice_cell.c: 172): the unmatched_packets is 56
[5728, 1038813472, 5472, 1038813400, 5712, 1038762103, 5984, 1038813545, 5968, 1038762090, 5464, 1038808127, 5976, 1038808385, 5729, 1038305043, 5473, 1038301184, 5713, 1038306859, 5465, 1038300244, 5969, 1038311139, 5977, 1038308387, 5730, 1037851747, 5714, 1037900705, 5474, 1037851809, 5458, 1037900685, 5979, 1038328152, 5732, 1021888842, 5468, 1021858462, 5478, 1021127637, 5461, 1021188051, 5734, 1021124319, 5718, 1021120417, 5735, 1022006346, 5975, 1022008424, 5983, 1022011405, 5974, 1021116796, 5987, 1038328983, 5980, 1021866768, 5989, 1021207024, 5973, 1021195016, 5971, 1038329331, 5982, 1021116125, 5991, 1022002250, 5988, 1021893027, 5981, 1021234302, 5990, 1021120632, 5985, 1038309277, 5456, 1038762087, 5457, 1038302939, 5466, 1037856807, 5475, 1038337126, 5986, 1037851689, 5467, 1038336383, 5970, 1037900723, 5731, 1038333235, 5459, 1038337653, 5978, 1037856591, 5476, 1021884987, 5715, 1038333658, 5477, 1021200083, 5460, 1021886151, 5469, 1021227425, 5716, 1021890277, 5733, 1021203370, 5470, 1021123263, 5479, 1022010093, 5462, 1021123715, 5717, 1021191399, 5463, 1022016576, 5471, 1022019205, 5972, 1021894669, 5719, 1022012668]
[INFO] (lattice_cell.c: 455): on tick 45 of 50
[INFO] (lattice_cell.c: 172): the unmatched_packets is 56
[5472, 1038747862, 5728, 1038747984, 5712, 1038749842, 5984, 1038748110, 5968, 1038749794, 5976, 1038749527, 5464, 1038749231, 5456, 1038749870, 5729, 1038316685, 5714, 1037904548, 5466, 1037905349, 5458, 1037904466, 5468, 1022085749, 5469, 1020984012, 5987, 1038337697, 5972, 1022006460, 5989, 1020949121, 5985, 1038320666, 5969, 1038318883, 5977, 1038317488, 5970, 1037904615, 5713, 1038314832, 5978, 1037905154, 5986, 1037906302, 5971, 1038335598, 5979, 1038334775, 5988, 1022126868, 5980, 1022094792, 5973, 1021071864, 5982, 1021107551, 5730, 1037906385, 5473, 1038313054, 5731, 1038341685, 5715, 1038339626, 5732, 1022122195, 5465, 1038309782, 5991, 1021987976, 5457, 1038311094, 5975, 1021959843, 5474, 1037906465, 5990, 1021122236, 5716, 1022001595, 5974, 1021155590, 5981, 1020991575, 5475, 1038345312, 5733, 1020945092, 5717, 1021067943, 5459, 1038343336, 5476, 1022117817, 5467, 1038342466, 5734, 1021126437, 5477, 1020941545, 5718, 1021159628, 5460, 1021997029, 5478, 1021130127, 5735, 1021992589, 5719, 1021964737, 5479, 1021996956, 5461, 1021064498, 5470, 1021115798, 5462, 1021163270, 5983, 1022015061, 5463, 1021969419, 5471, 1022023837]
[INFO] (lattice_cell.c: 455): on tick 46 of 50
[INFO] (lattice_cell.c: 172): the unmatched_packets is 56
[5472, 1038792813, 5728, 1038792885, 5712, 1038744768, 5968, 1038744802, 5984, 1038792945, 5464, 1038772339, 5456, 1038744728, 5976, 1038772594, 5729, 1038307724, 5473, 1038303859, 5714, 1037917623, 5465, 1038301547, 5474, 1037871512, 5467, 1038335132, 5459, 1038338727, 5476, 1021870982, 5468, 1021939298, 5973, 1021068684, 5469, 1021141189, 5461, 1021061619, 5462, 1021189354, 5735, 1022032783, 5982, 1021141355, 5985, 1038311972, 5969, 1038311206, 5970, 1037917608, 5978, 1037891071, 5713, 1038306911, 5971, 1038330374, 5979, 1038326857, 5988, 1021879300, 5974, 1021182778, 5730, 1037871453, 5975, 1021939613, 5977, 1038309710, 5987, 1038329107, 5731, 1038333395, 5986, 1037871402, 5715, 1038334710, 5972, 1022020068, 5980, 1021947513, 5457, 1038302951, 5732, 1021874981, 5716, 1022015849, 5983, 1021993476, 5466, 1037891277, 5733, 1021207253, 5458, 1037917648, 5475, 1038337314, 5717, 1021064992, 5734, 1021097080, 5477, 1021204129, 5718, 1021186221, 5460, 1022011871, 5478, 1021100366, 5719, 1021943940, 5989, 1021210709, 5479, 1022036431, 5981, 1021148028, 5990, 1021093404, 5470, 1021148576, 5991, 1022028804, 5463, 1021947958, 5471, 1022000980]
[INFO] (lattice_cell.c: 455): on tick 47 of 50
[INFO] (lattice_cell.c: 172): the unmatched_packets is 56
[5472, 1038765003, 5728, 1038765102, 5712, 1038760164, 5984, 1038765198, 5464, 1038788831, 5456, 1038760112, 5976, 1038789086, 5473, 1038311685, 5729, 1038315321, 5713, 1038314926, 5465, 1038309352, 5969, 1038318943, 5457, 1038311212, 5985, 1038319289, 5977, 1038317030, 5474, 1037889511, 5466, 1037866570, 5467, 1038341936, 5459, 1038344795, 5476, 1022033920, 5980, 1021973208, 5468, 1021963885, 5478, 1021126739, 5717, 1021143249, 5470, 1021138660, 5991, 1022002720, 5986, 1037889403, 5970, 1037894642, 5979, 1038334291, 5987, 1038334541, 5968, 1038760200, 5973, 1021147232, 5714, 1037894648, 5990, 1021118658, 5730, 1037889462, 5983, 1021992498, 5715, 1038341075, 5731, 1038338503, 5988, 1022042917, 5978, 1037866412, 5972, 1021929598, 5981, 1021113307, 5716, 1021924662, 5989, 1021038242, 5971, 1038337051, 5458, 1037894651, 5732, 1022038248, 5982, 1021130459, 5974, 1021137309, 5475, 1038342112, 5975, 1021971002, 5733, 1021034177, 5460, 1021920023, 5477, 1021030579, 5718, 1021141403, 5734, 1021122923, 5469, 1021105827, 5461, 1021139692, 5719, 1021975919, 5735, 1022007342, 5479, 1022011672, 5462, 1021145114, 5463, 1021980593, 5471, 1022001553]
[INFO] (lattice_cell.c: 455): on tick 48 of 50
[INFO] (lattice_cell.c: 172): the unmatched_packets is 56
[5472, 1038773060, 5728, 1038773161, 5712, 1038759466, 5984, 1038773270, 5968, 1038759415, 5976, 1038763554, 5464, 1038763253, 5456, 1038759499, 5729, 1038307670, 5713, 1038306750, 5473, 1038303814, 5465, 1038301224, 5969, 1038311069, 5458, 1037903613, 5972, 1021990408, 5478, 1021144142, 5469, 1021036853, 5983, 1022009205, 5463, 1021994653, 5735, 1021979674, 5719, 1021990733, 5980, 1022054826, 5985, 1038311926, 5977, 1038309430, 5986, 1037890790, 5970, 1037903726, 5971, 1038330262, 5989, 1021091273, 5730, 1037890882, 5714, 1037903659, 5457, 1038302777, 5474, 1037890963, 5731, 1038336235, 5991, 1021975700, 5715, 1038334622, 5466, 1037900730, 5979, 1038329715, 5732, 1021993486, 5475, 1038340139, 5467, 1038337989, 5476, 1021989585, 5459, 1038338657, 5973, 1021100514, 5716, 1021985979, 5981, 1021043578, 5468, 1022046727, 5477, 1021084568, 5982, 1021115721, 5733, 1021087733, 5975, 1021986521, 5460, 1021981821, 5974, 1021135537, 5717, 1021097112, 5978, 1037900490, 5734, 1021140892, 5461, 1021094032, 5479, 1021983369, 5987, 1038331949, 5718, 1021139020, 5470, 1021122745, 5462, 1021142164, 5988, 1021997662, 5471, 1022016781, 5990, 1021137252]
[INFO] (lattice_cell.c: 455): on tick 49 of 50
[INFO] (lattice_cell.c: 172): the unmatched_packets is 56
[5472, 1038791947, 5728, 1038792071, 5712, 1038741563, 5984, 1038792198, 5968, 1038741592, 5464, 1038758548, 5976, 1038758952, 5456, 1038741524, 5473, 1038312068, 5729, 1038315682, 5713, 1038314362, 5985, 1038319654, 5969, 1038318388, 5465, 1038310007, 5457, 1038310647, 5977, 1038317644, 5474, 1037863417, 5730, 1037863345, 5714, 1037912665, 5986, 1037863253, 5466, 1037895492, 5970, 1037912663, 5458, 1037912656, 5978, 1037895195, 5475, 1038341572, 5731, 1038337937, 5715, 1038338930, 5987, 1038333965, 5979, 1038332251, 5467, 1038339921, 5459, 1038342629, 5988, 1021943044, 5460, 1022007130, 5477, 1021128162, 5469, 1021111907, 5734, 1021109836, 5470, 1021133470, 5479, 1022025814, 5462, 1021175310, 5463, 1021961416, 5471, 1022015203, 5974, 1021167525, 5972, 1022016301, 5980, 1021963710, 5971, 1038334907, 5989, 1021135787, 5732, 1021938260, 5716, 1022011561, 5991, 1022016887, 5975, 1021951784, 5733, 1021131746, 5973, 1021062547, 5717, 1021058355, 5982, 1021125019, 5476, 1021933811, 5718, 1021171592, 5990, 1021105604, 5468, 1021954612, 5735, 1022021514, 5981, 1021119779, 5719, 1021956745, 5478, 1021113633, 5461, 1021054594, 5983, 1022006487]
[INFO] (lattice_cell.c: 455): on tick 50 of 50
[INFO] (lattice_cell.c: 466): updating recording regions
[INFO] (recording.c: 507): 	Finalising channel 0 - state info stored in SDRAM
[INFO] (recording.c: 512): closed channel 0.
[INFO] (lattice_cell.c: 470): Simulation complete.

