[INFO] (lattice_cell.c: 604): starting lattice cell
[INFO] (lattice_cell.c: 526): Initialise: started
[INFO] (data_specification.c: 78): magic = ad130ad6, version = 1.0
[INFO] (lattice_cell.c: 555): my key is 2960
[INFO] (lattice_cell.c: 562): I'm in position ( 11, 18)
[INFO] (lattice_cell.c: 568): my n key is 2704
[INFO] (lattice_cell.c: 574): my U_X = 0.009999739937484264
[INFO] (lattice_cell.c: 575): my U_Y = -0.00027778511866927147
[INFO] (lattice_cell.c: 583): input_buffer initialised
[INFO] (recording.c: 563): Recording 1 regions, using output tag 0, size before trigger 7686388, time between triggers 50
[INFO] (recording.c: 665): Recording channel 0 configured to use 7686132 byte memory block starting at 0x61f95efc
[INFO] (lattice_cell.c: 588): Recording flags = 0x00000001
[INFO] (lattice_cell.c: 619): setting timer to execute every 200000 microseconds
[INFO] (lattice_cell.c: 627): Starting

[INFO] (simulation.c: 159): Setting the runtime of this model to 50 starting at 0
[INFO] (simulation.c: 161): Setting the flag of infinite run for this model to 0
[INFO] (simulation.c: 175): Resuming
[INFO] (lattice_cell.c: 455): on tick 0 of 50
[2712, 1038779509, 2952, 1038779585, 2704, 1038779577, 2968, 1038779509, 3208, 1038779583, 2696, 1038779585, 3216, 1038779571, 3224, 1038779505, 2713, 1038310230, 2953, 1038306366, 2705, 1038310230, 2969, 1038306366, 2954, 1037884803, 2970, 1037884875, 3209, 1038302980, 2955, 1038331222, 2971, 1038331222, 2956, 1021989208, 2973, 1021095986, 2707, 1038327350, 2958, 1021119282, 2974, 1021119352, 2715, 1038327352, 2708, 1021993293, 2716, 1021993227, 2972, 1021989130, 2709, 1021099557, 2957, 1021095915, 2717, 1021099619, 3220, 1021985606, 2959, 1022015553, 2718, 1021115713, 2975, 1022015476, 3231, 1022019071, 3226, 1037884871, 3227, 1038334614, 3228, 1021985540, 3213, 1021092731, 3229, 1021092801, 3214, 1021122472, 2697, 1038310228, 3230, 1021122542, 3215, 1022019151, 3223, 1022019138, 2714, 1037884877, 2706, 1037884815, 3225, 1038302980, 3217, 1038302978, 2698, 1037884803, 3212, 1021985618, 3210, 1037884801, 3218, 1037884809, 3221, 1021092740, 3222, 1021122480, 3219, 1038334614, 2699, 1038327348, 2700, 1021993303, 2701, 1021099545, 2710, 1021115651, 2702, 1021115639, 2711, 1022011439, 3211, 1038334614, 2703, 1022011449, 2719, 1022011373]
[INFO] (lattice_cell.c: 455): on tick 1 of 50
[INFO] (lattice_cell.c: 172): the unmatched_packets is 56
[2712, 1038774433, 2952, 1038774633, 2704, 1038774603, 3208, 1038774631, 2968, 1038774437, 3216, 1038774607, 3224, 1038774441, 2713, 1038318929, 2953, 1038315101, 2696, 1038774629, 2705, 1038318933, 2969, 1038315099, 3209, 1038311737, 3217, 1038311737, 3225, 1038311735, 2954, 1037879861, 2714, 1037880039, 2706, 1037879879, 2970, 1037880045, 3210, 1037879859, 3218, 1037879885, 2698, 1037879855, 2955, 1038339352, 2971, 1038339340, 2972, 1021980946, 2957, 1021093688, 2707, 1038335512, 2973, 1021093931, 2956, 1021981208, 2958, 1021111580, 2716, 1021984429, 2700, 1021984692, 2709, 1021097999, 2701, 1021097966, 2710, 1021107265, 2974, 1021111370, 2959, 1022013641, 2702, 1021107291, 2719, 1022010375, 2975, 1022013872, 3222, 1021115487, 3220, 1021978316, 3221, 1021089783, 3214, 1021115519, 3230, 1021115313, 3215, 1022016502, 3227, 1038342714, 3211, 1038342720, 2697, 1038318933, 3226, 1037880045, 2715, 1038335504, 3228, 1021978091, 3213, 1021089747, 3229, 1021089993, 3231, 1022016737, 3219, 1038342718, 2699, 1038335514, 2708, 1021984657, 2717, 1021098211, 3212, 1021978349, 2718, 1021107081, 2711, 1022010182, 2703, 1022010151, 3223, 1022016533]
[INFO] (lattice_cell.c: 455): on tick 2 of 50
[INFO] (lattice_cell.c: 172): the unmatched_packets is 56
[2712, 1038780436, 2952, 1038780035, 2704, 1038780089, 3208, 1038780033, 2968, 1038780438, 3216, 1038780087, 2696, 1038780037, 3224, 1038780436, 2713, 1038310585, 2953, 1038306673, 2705, 1038310587, 3209, 1038303246, 2969, 1038306675, 3217, 1038303246, 2697, 1038310587, 3225, 1038303246, 2714, 1037884837, 2954, 1037885229, 2970, 1037884837, 2706, 1037885179, 2955, 1038331830, 2956, 1021990099, 3210, 1037885227, 2707, 1038327922, 2971, 1038331870, 2957, 1021096953, 2716, 1021994360, 2975, 1022014197, 2709, 1021100503, 2972, 1021990359, 2701, 1021100539, 2710, 1021115711, 2973, 1021096724, 2958, 1021119142, 2974, 1021120264, 2702, 1021115561, 2959, 1022015504, 3211, 1038335266, 3219, 1038335272, 3227, 1038335308, 3228, 1021986838, 3221, 1021093773, 3229, 1021093577, 3214, 1021122298, 3230, 1021123423, 3223, 1022018856, 3226, 1037884833, 3231, 1022017724, 3218, 1037885175, 2698, 1037885231, 2715, 1038327952, 3212, 1021986590, 3220, 1021986624, 2699, 1038327912, 2708, 1021994145, 2700, 1021994104, 3222, 1021122452, 2717, 1021100293, 3215, 1022019025, 2718, 1021116687, 2711, 1022011319, 2719, 1022010200, 2703, 1022011490, 3213, 1021093813]
[INFO] (lattice_cell.c: 455): on tick 3 of 50
[INFO] (lattice_cell.c: 172): the unmatched_packets is 56
[2712, 1038772144, 2952, 1038774625, 2704, 1038774291, 3208, 1038774629, 2968, 1038772152, 3216, 1038774289, 2696, 1038774631, 3224, 1038772152, 2713, 1038319268, 2953, 1038315420, 2969, 1038315464, 2705, 1038319232, 2954, 1037879977, 2970, 1037882351, 3209, 1038312071, 3217, 1038312081, 2971, 1038338844, 2707, 1038335258, 2957, 1021093268, 2715, 1038335036, 3225, 1038312119, 2958, 1021112024, 2708, 1021984313, 2975, 1022020220, 2709, 1021097898, 2955, 1038339098, 2956, 1021981002, 2710, 1021106986, 2972, 1021978911, 3227, 1038342196, 2711, 1022011290, 2973, 1021095330, 2974, 1021106807, 2959, 1022014071, 3211, 1038342448, 3219, 1038342409, 3212, 1021978032, 3220, 1021977740, 3213, 1021089304, 2697, 1038319224, 3210, 1037879973, 3229, 1021091358, 2714, 1037882349, 2706, 1037880295, 3222, 1021115288, 3215, 1022017040, 3231, 1022023216, 3223, 1022017890, 3218, 1037880299, 2698, 1037879975, 3226, 1037882353, 3228, 1021975939, 3221, 1021089581, 3214, 1021115994, 3230, 1021110787, 2699, 1038335294, 2716, 1021982515, 2700, 1021984599, 2717, 1021099651, 2701, 1021097605, 2718, 1021102481, 2702, 1021107691, 2719, 1022016605, 2703, 1022010457]
[INFO] (lattice_cell.c: 455): on tick 4 of 50
[INFO] (lattice_cell.c: 172): the unmatched_packets is 56
[2712, 1038790404, 2952, 1038780313, 2968, 1038790406, 2704, 1038781841, 2696, 1038780309, 3208, 1038780311, 3216, 1038781839, 2953, 1038306565, 3224, 1038790406, 2713, 1038310459, 2969, 1038306501, 2705, 1038310515, 2954, 1037884951, 2971, 1038333038, 3209, 1038303108, 2706, 1037883475, 2956, 1021990582, 2707, 1038328227, 2970, 1037875183, 2957, 1021097460, 2973, 1021089785, 2715, 1038329074, 2975, 1021987260, 2955, 1038332005, 2972, 1021998594, 2710, 1021118792, 2958, 1021119021, 2718, 1021138301, 2974, 1021141862, 2959, 1022014512, 2719, 1021983375, 2703, 1022010611, 3219, 1038335667, 3212, 1021987158, 3228, 1021995185, 3229, 1021086625, 3213, 1021094295, 3222, 1021125510, 3231, 1021990675, 2697, 1038310527, 3217, 1038303092, 2714, 1037875183, 3225, 1038303042, 2698, 1037884957, 3210, 1037884953, 3218, 1037883469, 2699, 1038328042, 3226, 1037875183, 2708, 1021995728, 2716, 1022002504, 2700, 1021994465, 2709, 1021099815, 3227, 1038336522, 2717, 1021093339, 2701, 1021101014, 2711, 1022006477, 2702, 1021115463, 3211, 1038335478, 3220, 1021988424, 3221, 1021093080, 3230, 1021145010, 3214, 1021122187, 3223, 1022013801, 3215, 1022017920]
[INFO] (lattice_cell.c: 455): on tick 5 of 50
[INFO] (lattice_cell.c: 172): the unmatched_packets is 56
[2712, 1038744545, 2952, 1038773270, 2704, 1038766655, 3208, 1038773274, 2968, 1038744539, 3216, 1038766651, 2696, 1038773276, 3224, 1038744539, 2713, 1038319876, 2953, 1038315666, 2705, 1038319536, 2969, 1038316092, 3209, 1038312333, 3217, 1038312421, 2697, 1038319440, 3225, 1038312763, 2714, 1037908971, 2954, 1037881292, 2706, 1037887668, 2970, 1037908975, 3210, 1037881298, 3218, 1037887670, 2955, 1038338622, 2971, 1038337624, 2707, 1038334014, 2956, 1021979974, 2972, 1021960021, 2957, 1021093693, 2973, 1021113312, 3226, 1037908977, 2958, 1021109880, 2959, 1022017680, 2975, 1022097384, 3219, 1038341116, 2709, 1021103228, 2718, 1021029795, 2974, 1021034177, 2711, 1022031853, 2703, 1022013918, 3223, 1022038736, 3220, 1021971513, 3228, 1021956924, 2698, 1037881292, 3229, 1021109346, 3221, 1021094938, 3214, 1021113850, 3230, 1021038174, 3222, 1021099249, 3215, 1022020810, 3231, 1022100543, 3227, 1038340932, 2715, 1038333851, 2699, 1038334844, 2716, 1021963765, 3213, 1021089736, 3211, 1038341966, 2708, 1021978381, 2700, 1021983736, 2717, 1021117661, 2701, 1021098043, 3212, 1021976882, 2710, 1021090909, 2702, 1021105531, 2719, 1022093593]
[INFO] (lattice_cell.c: 455): on tick 6 of 50
[INFO] (lattice_cell.c: 172): the unmatched_packets is 56
[2712, 1038824831, 2952, 1038786274, 2704, 1038804396, 3208, 1038786280, 2968, 1038824851, 2696, 1038786280, 3216, 1038804396, 3224, 1038824867, 2713, 1038310129, 2953, 1038306489, 2705, 1038310269, 3209, 1038302997, 2969, 1038306145, 2697, 1038310477, 3217, 1038302788, 3225, 1038302649, 2954, 1037879180, 2714, 1037841557, 2970, 1037841551, 2706, 1037861650, 2955, 1038333038, 3210, 1037879178, 2971, 1038331202, 2957, 1021093977, 2973, 1021077653, 3226, 1037841543, 2958, 1021130411, 2974, 1021272335, 2959, 1021998411, 2975, 1021862052, 2717, 1021081235, 2956, 1021994851, 2972, 1022011677, 2701, 1021097559, 3228, 1022008390, 2702, 1021126834, 2719, 1021858363, 3231, 1021865237, 3218, 1037861652, 2698, 1037879182, 2707, 1038329023, 2715, 1038327176, 3222, 1021183377, 3227, 1038334756, 3212, 1021991551, 3220, 1022004529, 3211, 1038336558, 3219, 1038336561, 2699, 1038329040, 2708, 1022011595, 2716, 1022015447, 2700, 1021998619, 2709, 1021085110, 2710, 1021176664, 2718, 1021268786, 2711, 1021944529, 2703, 1021994648, 3213, 1021090784, 3221, 1021078342, 3229, 1021074431, 3214, 1021133603, 3215, 1022001689, 3223, 1021951532, 3230, 1021275482]
[INFO] (lattice_cell.c: 455): on tick 7 of 50
[INFO] (lattice_cell.c: 172): the unmatched_packets is 56
[2712, 1038744653, 3208, 1038754305, 2952, 1038754305, 2704, 1038732267, 2968, 1038744613, 3216, 1038732267, 2696, 1038754295, 3224, 1038744589, 2713, 1038320315, 3209, 1038312520, 2953, 1038315849, 2705, 1038320162, 2969, 1038316543, 3217, 1038313069, 2697, 1038319616, 3225, 1038313226, 2714, 1037909447, 3210, 1037899606, 2954, 1037899620, 2706, 1037920998, 2970, 1037909469, 3218, 1037921008, 2955, 1038337758, 2971, 1038337751, 2956, 1021969257, 2972, 1021979128, 2715, 1038334034, 2958, 1021064496, 2708, 1021962892, 2959, 1022066329, 2717, 1021099766, 2957, 1021104588, 2710, 1020971816, 2973, 1021095459, 2711, 1022144237, 2975, 1022180870, 2703, 1022062423, 2974, 1020950157, 3213, 1021100665, 3229, 1021091575, 3230, 1020954124, 3223, 1022151546, 3211, 1038341062, 2698, 1037899620, 3227, 1038341024, 3212, 1021965990, 2707, 1038335713, 3214, 1021068488, 3226, 1037909487, 2699, 1038333997, 2716, 1021983027, 3221, 1021110407, 3222, 1020980223, 3220, 1021955761, 3219, 1038342744, 2700, 1021973130, 2709, 1021118622, 2701, 1021108903, 2718, 1020945820, 3215, 1022069612, 3231, 1022184325, 2702, 1021060131, 2719, 1022176811, 3228, 1021975883]
[INFO] (lattice_cell.c: 455): on tick 8 of 50
[INFO] (lattice_cell.c: 172): the unmatched_packets is 56
[2712, 1038777752, 3208, 1038821709, 2952, 1038821719, 2704, 1038817260, 2968, 1038777766, 3216, 1038817294, 2696, 1038821721, 3224, 1038777794, 2713, 1038310981, 2953, 1038307081, 3209, 1038303559, 2705, 1038310359, 2969, 1038306964, 3217, 1038302825, 2697, 1038311098, 2714, 1037886453, 3225, 1038303436, 2954, 1037844834, 2706, 1037848610, 2970, 1037886441, 2955, 1038330998, 3210, 1037844842, 2971, 1038331570, 2956, 1022001864, 2972, 1021981098, 3218, 1037848588, 3226, 1037886433, 2716, 1021984754, 2717, 1021112068, 2701, 1021087549, 2973, 1021108415, 2958, 1021233071, 2974, 1021194760, 2959, 1021902595, 2702, 1021229545, 2975, 1021936381, 2957, 1021083923, 3227, 1038335161, 3221, 1021087754, 3213, 1021080653, 3229, 1021105114, 3222, 1021287351, 3214, 1021236260, 3219, 1038336280, 2698, 1037844832, 3220, 1021994026, 2715, 1038327508, 2707, 1038328626, 3228, 1021977922, 3211, 1038334572, 2699, 1038326948, 2708, 1022000850, 2700, 1022005510, 2709, 1021094698, 2710, 1021280581, 2718, 1021191137, 2711, 1021839961, 3230, 1021198000, 2719, 1021932924, 2703, 1021898962, 3223, 1021846499, 3231, 1021939320, 3215, 1021905728, 3212, 1021998690]
[INFO] (lattice_cell.c: 455): on tick 9 of 50
[INFO] (lattice_cell.c: 172): the unmatched_packets is 56
[2712, 1038783832, 2952, 1038721536, 3208, 1038721518, 2704, 1038765612, 2968, 1038783829, 3216, 1038765568, 2696, 1038721550, 2713, 1038319688, 2953, 1038315609, 2705, 1038319032, 3209, 1038312291, 2969, 1038315929, 3217, 1038311951, 2697, 1038319360, 2954, 1037931635, 2970, 1037870967, 2714, 1037870979, 2971, 1038338581, 2706, 1037889349, 2955, 1038337889, 2707, 1038334639, 2972, 1021982042, 2973, 1021092348, 3225, 1038312605, 2958, 1020958112, 2974, 1021126882, 2700, 1022005471, 2709, 1021084117, 2975, 1021998331, 2956, 1022001450, 2701, 1021080362, 2710, 1021004452, 2957, 1021076070, 2702, 1020953725, 2711, 1022115660, 2959, 1022173037, 3215, 1022176563, 3231, 1022001891, 3226, 1037870957, 3211, 1038341164, 3219, 1038341620, 3227, 1038341845, 3212, 1021998057, 3220, 1021994953, 3228, 1021978660, 3213, 1021072204, 3229, 1021088508, 3222, 1021012666, 3214, 1020962099, 3223, 1022123451, 3224, 1038783825, 3218, 1037889375, 2698, 1037931617, 2715, 1038334859, 2699, 1038334168, 2708, 1022002374, 3210, 1037931647, 2716, 1021986038, 2717, 1021096592, 2718, 1021122557, 2719, 1021994160, 2703, 1022168943, 3221, 1021076032, 3230, 1021130809]
[INFO] (lattice_cell.c: 455): on tick 10 of 50
[INFO] (lattice_cell.c: 172): the unmatched_packets is 56
[2712, 1038786140, 2952, 1038824443, 3208, 1038824471, 2704, 1038777819, 2968, 1038786126, 3216, 1038777835, 2696, 1038824411, 3224, 1038786123, 2713, 1038312261, 2953, 1038305660, 3209, 1038302091, 2705, 1038312006, 2969, 1038308234, 3217, 1038304423, 2697, 1038309709, 3225, 1038304697, 2714, 1037879285, 2954, 1037841498, 2706, 1037886879, 2970, 1037879305, 3210, 1037841474, 2698, 1037841524, 3218, 1037886879, 2955, 1038331882, 2715, 1038326425, 2707, 1038327327, 2956, 1021903517, 2971, 1038330493, 2973, 1021097741, 3226, 1037879323, 3211, 1038335493, 2959, 1021900683, 2700, 1021907073, 2709, 1021130750, 2972, 1021989732, 2957, 1021188056, 2710, 1021109899, 2958, 1021228934, 2702, 1021225297, 2975, 1022037361, 2719, 1022033874, 3221, 1021123748, 2974, 1021097560, 3215, 1021903600, 3213, 1021184795, 3214, 1021232206, 3223, 1022021623, 3227, 1038334088, 3219, 1038335006, 3212, 1021900480, 2699, 1038327806, 2716, 1021993301, 2708, 1021963263, 3230, 1021100813, 3228, 1021986674, 2717, 1021101453, 2701, 1021191662, 2718, 1021093979, 3231, 1022040324, 2711, 1022015286, 3220, 1021956636, 3229, 1021094356, 2703, 1021897247, 3222, 1021116842]
[INFO] (lattice_cell.c: 455): on tick 11 of 50
[INFO] (lattice_cell.c: 172): the unmatched_packets is 56
[2712, 1038761429, 2952, 1038743365, 2704, 1038751116, 3208, 1038743353, 2968, 1038761425, 3216, 1038751108, 2696, 1038743389, 2953, 1038314518, 2969, 1038315975, 3224, 1038761427, 2713, 1038319736, 2954, 1037910833, 2970, 1037892487, 2971, 1038337840, 3217, 1038313716, 2714, 1037892491, 2957, 1020941406, 3225, 1038312647, 2958, 1021104515, 2699, 1038335251, 2955, 1038338981, 2700, 1022143083, 2956, 1022138972, 2972, 1022006632, 2717, 1021076051, 2710, 1021152602, 3228, 1022003103, 2974, 1021104760, 2711, 1021960916, 2959, 1022022880, 2975, 1022021389, 2973, 1021071834, 2719, 1022017249, 3220, 1022039407, 3221, 1021023263, 3209, 1038311237, 3222, 1021160849, 2705, 1038320778, 3230, 1021108691, 2697, 1038318255, 2706, 1037902315, 2707, 1038335836, 2698, 1037910821, 3210, 1037910849, 3218, 1037902313, 2715, 1038334106, 2708, 1022047009, 2716, 1022010740, 2709, 1021031424, 2701, 1020945739, 2718, 1021100423, 2702, 1021100256, 3213, 1020937482, 2703, 1022018659, 3229, 1021068071, 3231, 1022024976, 3219, 1038342869, 3211, 1038342276, 3226, 1037892471, 3227, 1038341128, 3212, 1022135413, 3214, 1021108385, 3223, 1021968652, 3215, 1022026563]
[INFO] (lattice_cell.c: 455): on tick 12 of 50
[INFO] (lattice_cell.c: 172): the unmatched_packets is 56
[2712, 1038795059, 2952, 1038804150, 3208, 1038804130, 2704, 1038827055, 3216, 1038827074, 2968, 1038795069, 2696, 1038804164, 3224, 1038795081, 2713, 1038310510, 2953, 1038308620, 3209, 1038305011, 2705, 1038312318, 3217, 1038304678, 2969, 1038306475, 3225, 1038302916, 2954, 1037861373, 2714, 1037869902, 2706, 1037839511, 2970, 1037869908, 3210, 1037861391, 3218, 1037839515, 2698, 1037861349, 2955, 1038330217, 2971, 1038330471, 2972, 1021932035, 2699, 1038326147, 2958, 1021079392, 2974, 1021110528, 2708, 1021860657, 2716, 1021935555, 2956, 1021830822, 2959, 1022055967, 2975, 1022023113, 2957, 1021252302, 2710, 1021097446, 2702, 1021075688, 3228, 1021929048, 2973, 1021162776, 2703, 1022052504, 3221, 1021223939, 3214, 1021082762, 3230, 1021113867, 3223, 1022033334, 2697, 1038312683, 3227, 1038334057, 2715, 1038326413, 2707, 1038327099, 3212, 1021827920, 3220, 1021854171, 3226, 1037869910, 3211, 1038333804, 3219, 1038334749, 2700, 1021834295, 3222, 1021104378, 2709, 1021230884, 3215, 1022058877, 2701, 1021255950, 2717, 1021166483, 2718, 1021106881, 2711, 1022026864, 2719, 1022019622, 3213, 1021248991, 3229, 1021159378, 3231, 1022026050]
[INFO] (lattice_cell.c: 455): on tick 13 of 50
[INFO] (lattice_cell.c: 172): the unmatched_packets is 56
[2712, 1038740627, 2952, 1038765072, 3208, 1038765092, 2704, 1038740202, 2968, 1038740615, 3216, 1038740199, 2696, 1038765044, 3224, 1038740609, 2713, 1038319417, 2953, 1038314949, 3209, 1038311645, 2705, 1038318738, 2969, 1038315651, 3217, 1038311678, 2697, 1038318717, 3225, 1038312334, 2714, 1037912741, 2954, 1037889439, 3210, 1037889409, 2706, 1037913880, 2970, 1037912743, 2698, 1037889465, 3218, 1037913860, 2955, 1038338455, 2971, 1038338267, 3226, 1037912738, 2715, 1038334499, 2974, 1021145548, 2956, 1022067725, 2975, 1021978353, 3219, 1038342331, 2717, 1020987059, 2957, 1021012506, 2973, 1020982794, 2701, 1021016695, 2958, 1021114770, 2959, 1022012085, 2702, 1021110488, 2972, 1022097341, 3222, 1021111228, 3214, 1021118596, 3230, 1021149391, 3215, 1022015700, 3231, 1021981966, 3223, 1022020427, 3227, 1038341591, 3212, 1022064012, 3220, 1022150956, 3213, 1021008738, 2707, 1038335234, 3229, 1020978953, 2699, 1038334695, 2708, 1022158766, 2716, 1022101450, 3211, 1038341782, 2700, 1022071981, 2709, 1020932316, 2710, 1021103158, 3228, 1022093769, 2718, 1021141266, 2711, 1022012622, 2719, 1021974227, 2703, 1022007954, 3221, 1020924207]
[INFO] (lattice_cell.c: 455): on tick 14 of 50
[INFO] (lattice_cell.c: 172): the unmatched_packets is 56
[2712, 1038822790, 2952, 1038770026, 2968, 1038822778, 2704, 1038784538, 2696, 1038770028, 3216, 1038784478, 3224, 1038822768, 3208, 1038770016, 2713, 1038313416, 2953, 1038306718, 2969, 1038309373, 2705, 1038313027, 2697, 1038310752, 3209, 1038303145, 3217, 1038305404, 2954, 1037894401, 2970, 1037843223, 2971, 1038329727, 2714, 1037843220, 2957, 1021094884, 2973, 1021256028, 2715, 1038325703, 2716, 1021831736, 2709, 1021212047, 2955, 1038331386, 2956, 1021994865, 2972, 1021828226, 2701, 1021098696, 2710, 1021108093, 2959, 1021992519, 2975, 1022032504, 2974, 1021100241, 2958, 1021141219, 3226, 1037843238, 3212, 1021991976, 3220, 1021872281, 3228, 1021825294, 3213, 1021091370, 3229, 1021252609, 3214, 1021144662, 3230, 1021103662, 3215, 1021995492, 3210, 1037894402, 2706, 1037879734, 3225, 1038305801, 3211, 1038334959, 2698, 1037894399, 2707, 1038327017, 3218, 1037879794, 2699, 1038327344, 2708, 1021878590, 2700, 1021998311, 2717, 1021259740, 3219, 1038334622, 2718, 1021096517, 2711, 1022015899, 3227, 1038333290, 3221, 1021204773, 2702, 1021137493, 3222, 1021115322, 2719, 1022028972, 2703, 1021988984, 3223, 1022022351, 3231, 1022035453]
[INFO] (lattice_cell.c: 455): on tick 15 of 50
[INFO] (lattice_cell.c: 172): the unmatched_packets is 56
[2712, 1038756655, 2952, 1038782247, 3208, 1038782231, 2704, 1038783559, 3216, 1038783599, 2968, 1038756675, 2696, 1038782255, 3224, 1038756699, 2713, 1038319174, 2953, 1038315879, 3209, 1038312507, 2705, 1038320325, 2969, 1038315383, 3217, 1038313173, 2697, 1038319695, 2954, 1037872455, 2970, 1037897710, 2971, 1038337743, 2955, 1038338100, 2956, 1021953536, 2972, 1022123866, 2715, 1038333928, 2707, 1038334702, 2957, 1021122623, 2699, 1038334287, 2974, 1021104471, 2716, 1022128046, 2975, 1022020991, 2700, 1021957632, 2709, 1021087508, 2717, 1020965104, 2973, 1020960972, 3227, 1038341107, 2958, 1021119353, 2718, 1021100286, 2702, 1021115197, 2711, 1022003824, 2959, 1022005605, 2719, 1022016880, 3211, 1038341483, 3219, 1038341881, 3212, 1021949930, 3220, 1021988508, 2714, 1037897737, 2706, 1037871277, 3229, 1020957277, 3214, 1021123077, 3225, 1038312035, 3230, 1021108197, 3215, 1022009234, 3218, 1037871233, 3226, 1037897687, 3228, 1022120196, 3213, 1021118904, 2698, 1037872436, 3210, 1037872461, 3222, 1021118496, 2708, 1021996415, 3223, 1022011524, 3231, 1022024608, 2701, 1021126777, 2710, 1021110573, 2703, 1022001487, 3221, 1021079791]
[INFO] (lattice_cell.c: 455): on tick 16 of 50
[INFO] (lattice_cell.c: 172): the unmatched_packets is 56
[2712, 1038768006, 2952, 1038788386, 3208, 1038788376, 2704, 1038775838, 3216, 1038775837, 2968, 1038767980, 2696, 1038788398, 2953, 1038307524, 2969, 1038308386, 2713, 1038312383, 2705, 1038311845, 2954, 1037877179, 2706, 1037889247, 2970, 1037895814, 2956, 1021985588, 2707, 1038327313, 2957, 1021104437, 2698, 1037877167, 2958, 1021098823, 2699, 1038326530, 2716, 1021955075, 2709, 1021069098, 2971, 1038330066, 2717, 1021142179, 2972, 1021951593, 2710, 1021116008, 2701, 1021108257, 2711, 1022007820, 2974, 1021120701, 2959, 1022035847, 2975, 1022012128, 2719, 1022008541, 2955, 1038330530, 2973, 1021138250, 3210, 1037877179, 3218, 1037889229, 3219, 1038334846, 3212, 1021982566, 3228, 1021948725, 3221, 1021061611, 3213, 1021100878, 2697, 1038311515, 2714, 1037895795, 3229, 1021134617, 3224, 1038767956, 3222, 1021123393, 3214, 1021102396, 3230, 1021124266, 3209, 1038303994, 3215, 1022038860, 3217, 1038304327, 3231, 1022015114, 3225, 1038304855, 3226, 1037895839, 2715, 1038326069, 3211, 1038334067, 2708, 1022027495, 3227, 1038333601, 3220, 1022020950, 2700, 1021989206, 2718, 1021116866, 2702, 1021094970, 2703, 1022032247, 3223, 1022014454]
[INFO] (lattice_cell.c: 455): on tick 17 of 50
[INFO] (lattice_cell.c: 172): the unmatched_packets is 56
[2712, 1038783808, 2952, 1038769588, 3208, 1038769598, 3216, 1038770249, 2704, 1038770258, 2968, 1038783806, 2696, 1038769572, 2713, 1038320728, 3224, 1038783818, 2953, 1038315465, 2969, 1038316856, 2705, 1038320618, 3209, 1038312044, 3217, 1038313317, 2954, 1037884755, 2970, 1037870552, 2706, 1037883847, 2955, 1038338319, 2956, 1022007144, 2972, 1021948302, 2715, 1038333346, 2957, 1021071357, 2971, 1038337211, 2958, 1021106632, 2974, 1021119023, 2716, 1021952406, 2959, 1022019609, 2975, 1022003945, 2700, 1022011213, 3226, 1037870544, 2709, 1021100364, 2717, 1021133884, 2701, 1021075414, 2973, 1021129879, 2710, 1021111814, 2718, 1021114931, 2711, 1022001893, 3221, 1021092673, 3211, 1038341751, 3227, 1038340621, 3220, 1021976117, 3212, 1022003556, 3213, 1021067778, 3229, 1021126328, 3214, 1021110248, 3222, 1021119499, 3230, 1021122652, 3215, 1022023159, 3223, 1022009508, 3231, 1022007494, 2697, 1038319341, 3219, 1038341917, 3228, 1021944710, 2714, 1037870567, 3210, 1037884747, 3225, 1038313442, 2698, 1037884775, 2707, 1038334624, 3218, 1037883855, 2699, 1038334440, 2708, 1021983690, 2702, 1021102557, 2719, 1021999932, 2703, 1022015556]
[INFO] (lattice_cell.c: 455): on tick 18 of 50
[INFO] (lattice_cell.c: 172): the unmatched_packets is 56
[2712, 1038785756, 2952, 1038771576, 3208, 1038771570, 2704, 1038783616, 2968, 1038785762, 3216, 1038783570, 2696, 1038771578, 3224, 1038785762, 2713, 1038312145, 3209, 1038304010, 2953, 1038307495, 2705, 1038312794, 3217, 1038305371, 2969, 1038308212, 2697, 1038311435, 2954, 1037892767, 2714, 1037879655, 2706, 1037881219, 2970, 1037879629, 2955, 1038330706, 2956, 1021991395, 3218, 1037881245, 2715, 1038325801, 2707, 1038326679, 2971, 1038329751, 2973, 1021082663, 2708, 1021969535, 2959, 1022008390, 2975, 1022019618, 2700, 1021995061, 2972, 1022009724, 2958, 1021125800, 2974, 1021113035, 2711, 1022018226, 2703, 1022004697, 2957, 1021098333, 3231, 1022022697, 3228, 1022006658, 3213, 1021094630, 3229, 1021078986, 3226, 1037879627, 3222, 1021112826, 3215, 1022011493, 3223, 1022024985, 3225, 1038304744, 3210, 1037892763, 3211, 1038334211, 3219, 1038334132, 3220, 1021962778, 3221, 1021118063, 2698, 1037892767, 3214, 1021129492, 2699, 1038326750, 3230, 1021116715, 2716, 1022013431, 2709, 1021125713, 3227, 1038333240, 2717, 1021086649, 2701, 1021102339, 2710, 1021105152, 2718, 1021109095, 2702, 1021121831, 2719, 1022015926, 3212, 1021988333]
[INFO] (lattice_cell.c: 455): on tick 19 of 50
[INFO] (lattice_cell.c: 172): the unmatched_packets is 56
[2712, 1038768707, 2952, 1038776344, 3208, 1038776342, 2704, 1038777629, 2968, 1038768711, 3216, 1038777657, 2696, 1038776355, 3224, 1038768725, 2713, 1038320410, 2953, 1038315776, 3209, 1038312289, 2705, 1038320544, 2969, 1038316488, 2697, 1038319714, 3217, 1038313135, 3225, 1038313011, 2714, 1037885413, 2954, 1037878082, 3210, 1037878082, 2706, 1037876970, 2970, 1037885405, 2698, 1037878074, 3218, 1037876962, 3226, 1037885398, 2715, 1038333318, 2955, 1038338080, 2971, 1038337238, 2956, 1021971499, 2707, 1038334426, 2699, 1038334149, 3211, 1038341570, 3219, 1038341837, 2972, 1022008845, 2959, 1021998525, 2975, 1022011206, 2957, 1021106332, 2973, 1021072224, 2710, 1021104442, 2701, 1021110297, 2958, 1021125466, 3220, 1021985595, 2974, 1021112798, 2703, 1021994565, 3213, 1021102846, 3229, 1021068737, 3215, 1022002044, 3223, 1022017052, 3231, 1022014715, 3228, 1022005390, 2716, 1022012790, 2708, 1021993104, 2709, 1021091750, 2700, 1021975435, 3212, 1021968009, 2717, 1021076190, 3227, 1038340716, 3221, 1021084386, 2718, 1021108825, 3222, 1021111918, 3230, 1021116297, 2711, 1022009625, 2702, 1021121501, 2719, 1022007247, 3214, 1021128977]
[INFO] (lattice_cell.c: 455): on tick 20 of 50
[INFO] (lattice_cell.c: 172): the unmatched_packets is 56
[2712, 1038775574, 2952, 1038787454, 3208, 1038787445, 2704, 1038776409, 3216, 1038776410, 2968, 1038775548, 3224, 1038775536, 2713, 1038312892, 2705, 1038312532, 2953, 1038307854, 3209, 1038304406, 2969, 1038309008, 3217, 1038305214, 2697, 1038311743, 2954, 1037877922, 2970, 1037888733, 2955, 1038330290, 2714, 1037888728, 2971, 1038330249, 3225, 1038305575, 2973, 1021115454, 2974, 1021113000, 2708, 1022005441, 2959, 1022022853, 2975, 1022015889, 2700, 1021985506, 2956, 1021981687, 2717, 1021119581, 2972, 1021975685, 2957, 1021107831, 2958, 1021111398, 2702, 1021107310, 3228, 1021972557, 3220, 1021998470, 3213, 1021104035, 3229, 1021111621, 3214, 1021115208, 3230, 1021116806, 3223, 1022018063, 3226, 1037888733, 2696, 1038787462, 3210, 1037877936, 2706, 1037888337, 3219, 1038334347, 3227, 1038333699, 3218, 1037888327, 2698, 1037877916, 2707, 1038326981, 2715, 1038326350, 2699, 1038326394, 2716, 1021979431, 2709, 1021090958, 2701, 1021111923, 2710, 1021111695, 3212, 1021978490, 2718, 1021108940, 2711, 1022011068, 3221, 1021083018, 2719, 1022012110, 3222, 1021119576, 2703, 1022019050, 3215, 1022026048, 3211, 1038333751, 3231, 1022019062]
[INFO] (lattice_cell.c: 455): on tick 21 of 50
[INFO] (lattice_cell.c: 172): the unmatched_packets is 56
[2952, 1038775835, 2712, 1038778399, 2968, 1038778398, 2704, 1038771192, 3208, 1038775835, 2953, 1038315620, 2969, 1038316839, 3216, 1038771192, 2954, 1037878731, 2972, 1021973100, 2956, 1021997310, 2957, 1021082340, 2714, 1037875947, 3209, 1038312068, 2698, 1037878733, 2975, 1022008591, 2959, 1022021044, 2970, 1037875945, 2955, 1038337988, 2971, 1038336399, 2709, 1021095770, 2701, 1021086157, 2973, 1021107399, 2958, 1021104568, 2974, 1021116185, 2702, 1021100697, 2719, 1022004738, 3223, 1022006626, 3210, 1037878731, 3226, 1037875939, 3219, 1038340969, 3229, 1021104056, 2696, 1038775829, 2713, 1038320832, 2697, 1038319615, 3225, 1038313302, 3218, 1037882905, 2706, 1037882899, 3217, 1038313299, 2707, 1038333449, 2715, 1038332420, 2699, 1038333996, 3224, 1038778402, 2708, 1021989376, 2716, 1021976955, 2700, 1022001186, 3211, 1038341533, 2717, 1021111203, 3227, 1038339918, 3230, 1021119610, 2710, 1021116999, 2718, 1021112342, 3212, 1021993913, 3220, 1021982163, 3228, 1021969704, 2711, 1021999350, 3213, 1021078941, 3221, 1021088513, 3214, 1021107992, 3222, 1021124252, 3215, 1022024458, 2703, 1022017198, 3231, 1022011976, 2705, 1038320834]
[INFO] (lattice_cell.c: 455): on tick 22 of 50
[INFO] (lattice_cell.c: 172): the unmatched_packets is 56
[2712, 1038780457, 2952, 1038773633, 3208, 1038773631, 2704, 1038781704, 2968, 1038780473, 3216, 1038781671, 2696, 1038773633, 2713, 1038312736, 2953, 1038308025, 3224, 1038780478, 2705, 1038313110, 3209, 1038304629, 2969, 1038308897, 3217, 1038305865, 2697, 1038311881, 2714, 1037884498, 2954, 1037890794, 2970, 1037884468, 2706, 1037883143, 3225, 1038305513, 3210, 1037890794, 2715, 1038324009, 2955, 1038331160, 2707, 1038327062, 2971, 1038327866, 2956, 1021995959, 2972, 1021994092, 2957, 1021093677, 2699, 1038327302, 3226, 1037884446, 2708, 1021979346, 2975, 1022026549, 3211, 1038334582, 2717, 1021101928, 3219, 1038334342, 2701, 1021097875, 2718, 1021107372, 2974, 1021111562, 2959, 1022018699, 2973, 1021097718, 2958, 1021112561, 2703, 1022014797, 3222, 1021116519, 3227, 1038331282, 3212, 1021992665, 3220, 1021972153, 3221, 1021108152, 3214, 1021116459, 3218, 1037883137, 3223, 1022018861, 3231, 1022029799, 2698, 1037890804, 2716, 1021997993, 2700, 1021999871, 2709, 1021116274, 3213, 1021089754, 3229, 1021093810, 2710, 1021108417, 3228, 1021990810, 2702, 1021108361, 2711, 1022011670, 2719, 1022022678, 3230, 1021115470, 3215, 1022022017]
[INFO] (lattice_cell.c: 455): on tick 23 of 50
[INFO] (lattice_cell.c: 172): the unmatched_packets is 56
[2712, 1038778260, 2952, 1038771111, 2704, 1038779969, 3208, 1038771109, 2968, 1038778259, 3216, 1038779965, 2696, 1038771121, 2713, 1038320632, 2953, 1038315525, 3224, 1038778249, 2705, 1038320806, 2969, 1038316603, 3209, 1038311926, 3217, 1038313168, 2697, 1038319575, 2954, 1037883008, 2970, 1037876154, 2714, 1037876146, 2971, 1038336568, 2956, 1021981759, 2972, 1022004071, 2707, 1038335508, 2957, 1021098463, 2699, 1038333367, 2708, 1021989192, 2974, 1021131898, 2955, 1038337422, 2716, 1022007799, 2700, 1021985507, 2717, 1021082145, 2973, 1021078407, 3211, 1038341015, 2718, 1021128157, 2958, 1021124405, 2711, 1022002738, 2959, 1022001534, 2975, 1021992179, 2719, 1021988316, 2703, 1021997758, 3226, 1037876147, 2706, 1037874668, 2698, 1037883002, 3227, 1038340122, 2715, 1038332536, 2709, 1021096689, 3220, 1021982126, 3229, 1021075094, 3213, 1021095134, 3221, 1021089658, 2701, 1021102233, 2710, 1021104831, 3230, 1021135216, 3214, 1021127753, 3222, 1021111933, 3225, 1038313012, 3231, 1021995578, 3223, 1022009862, 3215, 1022004842, 3210, 1037883009, 3218, 1037874679, 2702, 1021120625, 3219, 1038343125, 3228, 1022000795, 3212, 1021978483]
[INFO] (lattice_cell.c: 455): on tick 24 of 50
[INFO] (lattice_cell.c: 172): the unmatched_packets is 56
[2712, 1038761647, 2952, 1038782119, 3208, 1038782119, 2704, 1038773732, 3216, 1038773756, 2968, 1038761675, 2696, 1038782121, 2713, 1038313448, 2953, 1038309221, 3209, 1038305843, 2705, 1038313322, 3217, 1038306150, 2969, 1038309657, 2697, 1038313028, 3225, 1038306303, 3224, 1038761700, 2714, 1037902264, 3210, 1037882821, 2954, 1037882829, 2706, 1037890819, 2970, 1037902229, 3218, 1037890782, 2698, 1037882826, 2955, 1038328637, 2715, 1038326353, 3226, 1037902199, 2971, 1038330182, 2707, 1038326994, 2956, 1021976155, 2699, 1038324812, 2957, 1021109005, 2973, 1021115126, 3211, 1038332030, 2974, 1021070783, 2717, 1021119468, 2972, 1021975982, 2710, 1021092127, 2718, 1021066475, 3220, 1021988550, 2975, 1022056719, 2711, 1022028777, 2959, 1022018748, 2958, 1021120828, 3212, 1021972731, 3213, 1021105023, 3221, 1021091418, 3229, 1021111108, 3214, 1021124799, 3222, 1021100397, 3215, 1022022124, 3223, 1022036069, 3219, 1038334237, 3231, 1022059977, 3227, 1038333600, 2716, 1021979947, 2708, 1021995996, 2700, 1021980179, 2709, 1021099694, 2701, 1021113289, 3228, 1021972626, 2702, 1021116545, 2719, 1022052832, 2703, 1022014717, 3230, 1021074744]
[INFO] (lattice_cell.c: 455): on tick 25 of 50
[INFO] (lattice_cell.c: 172): the unmatched_packets is 56
[2712, 1038803355, 2952, 1038783738, 3208, 1038783736, 3216, 1038783281, 2704, 1038783305, 2968, 1038803319, 2696, 1038783746, 3224, 1038803273, 2713, 1038320437, 2953, 1038314935, 3209, 1038311295, 3217, 1038312130, 2705, 1038319841, 2969, 1038316371, 2697, 1038319022, 3225, 1038312749, 2954, 1037871134, 2714, 1037851884, 2706, 1037871234, 2970, 1037851918, 3210, 1037871142, 3218, 1037871257, 2698, 1037871124, 3226, 1037851935, 2715, 1038330737, 2955, 1038337407, 3211, 1038341022, 2971, 1038334781, 2707, 1038332828, 2699, 1038333333, 2956, 1021991883, 2972, 1021994063, 3219, 1038340475, 2716, 1021997727, 2973, 1021088932, 3227, 1038338353, 2974, 1021203395, 2959, 1022005431, 2975, 1021925420, 2957, 1021091461, 2958, 1021120524, 2718, 1021199774, 2702, 1021116816, 2703, 1022001689, 3213, 1021088160, 3229, 1021085685, 3230, 1021206656, 3223, 1021974854, 3215, 1022008698, 3231, 1021928836, 3228, 1021990895, 2708, 1022004388, 3222, 1021156513, 2700, 1021995556, 2709, 1021085849, 2717, 1021092574, 3214, 1021123860, 2710, 1021149513, 2701, 1021095133, 3220, 1021997549, 2711, 1021967710, 3212, 1021988677, 2719, 1021921559, 3221, 1021078890]
[INFO] (lattice_cell.c: 455): on tick 26 of 50
[INFO] (lattice_cell.c: 172): the unmatched_packets is 56
[2952, 1038767476, 2712, 1038746739, 3208, 1038767486, 2704, 1038754273, 2968, 1038746796, 3216, 1038754329, 2696, 1038767467, 3224, 1038746838, 2713, 1038314737, 2953, 1038307356, 3209, 1038303993, 3217, 1038307326, 2705, 1038314465, 2969, 1038310946, 2697, 1038311156, 3225, 1038307609, 2954, 1037896794, 2970, 1037916961, 2714, 1037917012, 2955, 1038331283, 2971, 1038329672, 3210, 1037896776, 2956, 1021994010, 2972, 1021971205, 3218, 1037909448, 2715, 1038325853, 2958, 1021078317, 2699, 1038327454, 2975, 1022149871, 2716, 1021975296, 2957, 1021100219, 2973, 1021116653, 2701, 1021104557, 2974, 1020980279, 2959, 1022051558, 2711, 1022078802, 2702, 1021074001, 3222, 1021043838, 2703, 1022047553, 3228, 1021967688, 3229, 1021112622, 2706, 1037909502, 2698, 1037896812, 3223, 1022086077, 3215, 1022054986, 2707, 1038328283, 2708, 1021970468, 3226, 1037916919, 3219, 1038335523, 2700, 1021998119, 2709, 1021122475, 3211, 1038334693, 2717, 1021121015, 2710, 1021035476, 3212, 1021990478, 2718, 1020975862, 2719, 1022146011, 3227, 1038333057, 3220, 1021962875, 3213, 1021096211, 3221, 1021114059, 3214, 1021082287, 3230, 1020984325, 3231, 1022153178]
[INFO] (lattice_cell.c: 455): on tick 27 of 50
[INFO] (lattice_cell.c: 172): the unmatched_packets is 56
[2712, 1038802685, 2952, 1038793639, 3208, 1038793612, 2704, 1038812544, 3216, 1038812458, 2968, 1038802676, 2953, 1038314423, 2713, 1038319715, 2705, 1038321744, 3209, 1038310787, 2969, 1038315622, 3217, 1038314009, 2697, 1038318525, 3225, 1038311988, 2696, 1038793659, 3224, 1038802663, 2954, 1037861235, 2714, 1037852351, 3210, 1037861241, 2706, 1037843101, 3218, 1037843146, 2970, 1037852333, 2698, 1037861217, 3226, 1037852309, 2715, 1038332697, 2955, 1038335754, 3211, 1038339366, 3219, 1038340699, 2971, 1038336784, 2707, 1038333014, 2699, 1038331682, 2956, 1021997646, 2972, 1022004192, 2716, 1022007743, 3227, 1038340398, 2958, 1021180891, 2974, 1021251445, 2957, 1021087541, 2959, 1021950598, 2973, 1021081574, 2710, 1021230213, 2711, 1021884287, 2975, 1021868220, 2702, 1021177209, 3213, 1021084223, 3221, 1021078385, 3229, 1021078294, 3222, 1021237099, 3231, 1021871505, 3228, 1022001141, 3220, 1021989663, 2708, 1021996382, 2709, 1021085302, 2717, 1021085222, 2700, 1022001280, 3214, 1021184244, 2701, 1021091237, 2718, 1021247853, 3212, 1021994476, 2719, 1021864446, 2703, 1021946855, 3223, 1021891445, 3230, 1021254713, 3215, 1021953882]
[INFO] (lattice_cell.c: 455): on tick 28 of 50
[INFO] (lattice_cell.c: 172): the unmatched_packets is 56
[2712, 1038768740, 2952, 1038738573, 3208, 1038738599, 2704, 1038748014, 3216, 1038748061, 2968, 1038768731, 2696, 1038738547, 3224, 1038768730, 2713, 1038312531, 2953, 1038311116, 3209, 1038307716, 2705, 1038315064, 2969, 1038308761, 3217, 1038307893, 2697, 1038314927, 2954, 1037924742, 2970, 1037895744, 2714, 1037895730, 3210, 1037924718, 2698, 1037924768, 2955, 1038330809, 2973, 1021096439, 2958, 1021015597, 2708, 1021987886, 3219, 1038333335, 2971, 1038327039, 3211, 1038334222, 2959, 1022115481, 2975, 1022107114, 2700, 1021986031, 2709, 1021104844, 2956, 1021981914, 2972, 1022000571, 3227, 1038330402, 2717, 1021100801, 2974, 1021033282, 3221, 1021096558, 3213, 1021094716, 2957, 1021098648, 2703, 1022111450, 3222, 1020974043, 3214, 1021019590, 3223, 1022166001, 3215, 1022118910, 3231, 1022110648, 3220, 1021980105, 3218, 1037915850, 2706, 1037915885, 2707, 1038326136, 2715, 1038323245, 3226, 1037895750, 3225, 1038305416, 2699, 1038326993, 3229, 1021092455, 3230, 1021037169, 2716, 1022004728, 2701, 1021102971, 2710, 1020965650, 2718, 1021029017, 2702, 1021011226, 2711, 1022158516, 2719, 1022102938, 3212, 1021978389, 3228, 1021996998]
[INFO] (lattice_cell.c: 455): on tick 29 of 50
[INFO] (lattice_cell.c: 172): the unmatched_packets is 56
[2712, 1038763647, 2952, 1038827633, 3208, 1038827617, 2704, 1038792114, 3216, 1038792140, 2968, 1038763670, 2696, 1038827655, 3224, 1038763689, 2713, 1038320254, 2953, 1038312101, 3209, 1038308481, 2705, 1038318668, 3217, 1038310975, 2969, 1038316161, 2697, 1038316181, 3225, 1038312527, 2954, 1037828380, 2714, 1037890244, 2970, 1037890192, 2706, 1037862483, 2955, 1038337671, 3210, 1037828384, 3218, 1037862423, 2707, 1038335578, 2971, 1038337274, 2973, 1021116531, 2699, 1038333578, 2956, 1021952651, 2975, 1022003939, 2972, 1021970589, 2717, 1021120269, 2957, 1021140489, 2710, 1021202712, 2974, 1021112503, 3213, 1021137057, 2959, 1021875941, 2958, 1021245441, 3230, 1021116026, 3220, 1021975539, 3228, 1021967582, 3223, 1021907170, 3226, 1037890144, 3211, 1038341319, 3219, 1038343338, 3229, 1021113131, 3214, 1021248786, 2698, 1037828376, 3222, 1021209862, 2715, 1038333194, 2708, 1021982152, 2716, 1021974075, 3227, 1038340904, 2700, 1021956262, 2709, 1021112975, 2701, 1021144236, 3212, 1021949499, 2718, 1021108654, 2702, 1021241793, 2711, 1021900482, 3215, 1021879159, 3231, 1022006956, 2719, 1022000449, 2703, 1021872233, 3221, 1021105777]
[INFO] (lattice_cell.c: 455): on tick 30 of 50
[INFO] (lattice_cell.c: 172): the unmatched_packets is 56
[2712, 1038788728, 2952, 1038736357, 3208, 1038736337, 2704, 1038771147, 3216, 1038771096, 2968, 1038788740, 2696, 1038736381, 3224, 1038788751, 2713, 1038315600, 2953, 1038310984, 2705, 1038316878, 3209, 1038307552, 2969, 1038311801, 3217, 1038309648, 2697, 1038314815, 3225, 1038308431, 2954, 1037927376, 2970, 1037875903, 2714, 1037875909, 2706, 1037893273, 2955, 1038328126, 2956, 1022076335, 2715, 1038324684, 2708, 1022035385, 2971, 1038328495, 2959, 1022131111, 2975, 1021965851, 2700, 1022080472, 3219, 1038332562, 2972, 1021995772, 2957, 1021006408, 2973, 1021086965, 2718, 1021162784, 2958, 1021012643, 2702, 1021008353, 2974, 1021166893, 2719, 1021961590, 2703, 1022126927, 3230, 1021170617, 3212, 1022072752, 3213, 1021002550, 3222, 1021109088, 3215, 1022134744, 3223, 1022033330, 3231, 1021969531, 3226, 1037875891, 2698, 1037927348, 2707, 1038325358, 2699, 1038324305, 2716, 1021999945, 3210, 1037927410, 3218, 1037893321, 2709, 1021048546, 2717, 1021091223, 2701, 1021010667, 2710, 1021101184, 3211, 1038331527, 3220, 1022027577, 3228, 1021992161, 3221, 1021040509, 2711, 1022025287, 3227, 1038331883, 3229, 1021083130, 3214, 1021016576]
[INFO] (lattice_cell.c: 455): on tick 31 of 50
[INFO] (lattice_cell.c: 172): the unmatched_packets is 56
[2712, 1038790925, 2952, 1038804029, 3208, 1038804071, 3216, 1038785211, 2704, 1038785162, 2968, 1038790942, 2696, 1038803962, 2953, 1038315148, 2713, 1038317799, 3224, 1038790936, 2969, 1038313737, 2954, 1037850741, 2970, 1037864452, 2705, 1038319397, 2697, 1038319235, 2955, 1038338329, 2706, 1037869689, 2956, 1021854797, 3217, 1038311721, 2698, 1037850801, 2974, 1021077174, 2708, 1021904677, 2975, 1022045819, 2972, 1021970287, 2701, 1021232063, 2973, 1021126883, 2958, 1021135172, 2711, 1022057269, 2702, 1021131276, 2959, 1021982650, 2957, 1021228314, 3218, 1037869602, 3226, 1037864426, 2971, 1038335837, 3211, 1038341973, 3219, 1038341170, 3227, 1038339437, 3228, 1021967273, 3213, 1021224819, 3222, 1021060899, 3223, 1022063694, 3225, 1038310144, 2714, 1037864468, 3209, 1038311529, 2707, 1038333461, 2715, 1038331762, 3210, 1037850685, 2699, 1038334219, 2716, 1021973805, 2700, 1021858411, 2709, 1021190387, 2717, 1021130730, 3212, 1021851680, 3220, 1021898020, 2710, 1021053346, 2718, 1021073326, 3214, 1021138762, 2719, 1022042285, 3221, 1021183019, 3230, 1021080719, 3231, 1022048888, 3215, 1021985621, 2703, 1021979204, 3229, 1021123338]
[INFO] (lattice_cell.c: 455): on tick 32 of 50
[INFO] (lattice_cell.c: 172): the unmatched_packets is 56
[2712, 1038745821, 2952, 1038762758, 3208, 1038762723, 2704, 1038750257, 3216, 1038750223, 2968, 1038745826, 2696, 1038762794, 3224, 1038745837, 2713, 1038316108, 3209, 1038303421, 2953, 1038306823, 2705, 1038314563, 3217, 1038307298, 2969, 1038312269, 2697, 1038310657, 2954, 1037901606, 2970, 1037917513, 2714, 1037917529, 3225, 1038308863, 2955, 1038329950, 2706, 1037913270, 3210, 1037901624, 2973, 1021026347, 2699, 1038326111, 2708, 1022105476, 2971, 1038327803, 3211, 1038333382, 2975, 1022027348, 2716, 1022062277, 2700, 1022142440, 2956, 1022138220, 2972, 1022058075, 2717, 1021030509, 2957, 1020959200, 2710, 1021163406, 2974, 1021108121, 2718, 1021103986, 2959, 1021977488, 2702, 1021154012, 2958, 1021158040, 2719, 1022023122, 3212, 1022134565, 3228, 1022054452, 3221, 1020980249, 3214, 1021161662, 3230, 1021111819, 3215, 1021981331, 3231, 1022031053, 3226, 1037917500, 3227, 1038331221, 3220, 1022097720, 3218, 1037913286, 2698, 1037901584, 2715, 1038323974, 2707, 1038327022, 3222, 1021171201, 3219, 1038334309, 3229, 1021022629, 2709, 1020988266, 2701, 1020963425, 3213, 1020955372, 2711, 1021955460, 2703, 1021973075, 3223, 1021963478]
[INFO] (lattice_cell.c: 455): on tick 33 of 50
[INFO] (lattice_cell.c: 172): the unmatched_packets is 56
[2712, 1038803275, 2952, 1038775956, 3208, 1038775940, 2704, 1038816932, 2968, 1038803341, 3216, 1038816980, 2696, 1038775979, 3224, 1038803400, 2713, 1038320329, 2953, 1038317160, 3209, 1038313506, 2705, 1038322810, 2969, 1038316295, 3217, 1038315134, 2697, 1038321251, 2714, 1037851586, 2954, 1037878256, 2970, 1037851515, 2955, 1038336627, 2971, 1038336568, 3210, 1037878278, 2698, 1037878240, 2958, 1021074835, 2975, 1021998423, 2956, 1021893272, 2972, 1021870127, 2717, 1021219811, 2973, 1021215872, 2974, 1021119259, 2701, 1021187068, 2702, 1021070784, 2957, 1021183114, 3213, 1021179482, 2959, 1022050573, 3227, 1038340173, 3229, 1021212258, 3214, 1021078586, 3231, 1022001370, 3225, 1038312716, 2706, 1037838657, 2715, 1038332509, 2707, 1038334060, 3211, 1038340242, 3218, 1037838607, 3226, 1037851442, 2699, 1038332556, 2708, 1021853415, 2716, 1021873646, 2700, 1021896719, 3212, 1021890343, 2709, 1021226131, 3220, 1021846836, 3219, 1038341725, 3228, 1021867134, 3221, 1021218730, 2710, 1021101240, 2718, 1021115291, 2711, 1022007004, 2719, 1021994981, 2703, 1022047128, 3223, 1022013539, 3230, 1021122944, 3215, 1022053498, 3222, 1021108830]
[INFO] (lattice_cell.c: 455): on tick 34 of 50
[INFO] (lattice_cell.c: 172): the unmatched_packets is 56
[2712, 1038755883, 2952, 1038785242, 3208, 1038785275, 2704, 1038760289, 3216, 1038760270, 2968, 1038755861, 2696, 1038785206, 2713, 1038312032, 2953, 1038308928, 2705, 1038312774, 2969, 1038308196, 3209, 1038305495, 2697, 1038312787, 3217, 1038305524, 2954, 1037879601, 2970, 1037908390, 2955, 1038328846, 2714, 1037908379, 3225, 1038304780, 2698, 1037879649, 2957, 1021104469, 2958, 1021115009, 3210, 1037879553, 2974, 1021144097, 2699, 1038324967, 2708, 1022109681, 2959, 1022021449, 2972, 1022131479, 2973, 1020968492, 2718, 1021140184, 2971, 1038328429, 2975, 1021988901, 2956, 1021985509, 3228, 1022127858, 3213, 1021100919, 3229, 1020964780, 2706, 1037904325, 3231, 1021992752, 3224, 1038755825, 3226, 1037908403, 2707, 1038325438, 2715, 1038324569, 3219, 1038332759, 2716, 1022135622, 2700, 1021989921, 2709, 1020994003, 3220, 1022101554, 2717, 1020972657, 2701, 1021108410, 2710, 1021080930, 3218, 1037904303, 2711, 1022043869, 2702, 1021110994, 3222, 1021088499, 2719, 1021984504, 2703, 1022017143, 3221, 1020986259, 3214, 1021118625, 3230, 1021147595, 3215, 1022025231, 3223, 1022052080, 3211, 1038332302, 3227, 1038331875, 3212, 1021981604]
[INFO] (lattice_cell.c: 455): on tick 35 of 50
[INFO] (lattice_cell.c: 172): the unmatched_packets is 56
[2712, 1038795137, 2952, 1038771225, 3208, 1038771233, 2704, 1038756905, 2968, 1038795157, 3216, 1038756915, 3224, 1038795175, 2696, 1038771221, 2713, 1038322900, 2953, 1038314481, 3209, 1038310884, 2705, 1038321784, 2969, 1038318854, 3217, 1038314114, 2697, 1038318541, 3225, 1038315257, 2714, 1037859699, 2954, 1037883122, 3210, 1037883116, 2706, 1037896279, 2970, 1037859676, 3218, 1037896273, 2698, 1037883132, 3226, 1037859652, 2715, 1038331280, 2955, 1038338265, 2707, 1038333936, 3211, 1038341884, 2971, 1038335302, 2956, 1022038021, 2972, 1021868154, 2716, 1021871635, 3219, 1038341584, 2958, 1021140581, 2974, 1021087005, 2959, 1021980336, 2975, 1022035308, 2973, 1021209294, 2702, 1021136519, 3221, 1021122059, 2957, 1021048959, 2711, 1021995290, 2703, 1021976836, 3231, 1022038228, 3230, 1021090838, 3215, 1021983300, 3223, 1022001563, 3220, 1021949593, 3228, 1021865265, 3229, 1021205595, 3214, 1021144374, 2699, 1038334211, 2708, 1021955756, 3227, 1038338868, 3213, 1021045070, 3212, 1022035173, 2700, 1022041392, 2709, 1021130053, 2717, 1021213262, 2701, 1021053161, 2710, 1021113714, 2718, 1021082903, 2719, 1022031881, 3222, 1021121761]
[INFO] (lattice_cell.c: 455): on tick 36 of 50
[INFO] (lattice_cell.c: 172): the unmatched_packets is 56
[2712, 1038775887, 2952, 1038781791, 3208, 1038781763, 2704, 1038798790, 3216, 1038798820, 2968, 1038775936, 3224, 1038775968, 2713, 1038313474, 2953, 1038308783, 2705, 1038315112, 3209, 1038305292, 2969, 1038309605, 3217, 1038307760, 3225, 1038306188, 2696, 1038781825, 2697, 1038312677, 2714, 1037888856, 2954, 1037882740, 3210, 1037882766, 2706, 1037866228, 2970, 1037888796, 3218, 1037866166, 2698, 1037882716, 3226, 1037888725, 2715, 1038324762, 2955, 1038329247, 2707, 1038326334, 2971, 1038328669, 2699, 1038325343, 3211, 1038332739, 3219, 1038333728, 2716, 1022046051, 2956, 1021970296, 2972, 1022041722, 2708, 1021943877, 2957, 1021119880, 2958, 1021110206, 2700, 1021974628, 3227, 1038332138, 2975, 1022031118, 2973, 1021054081, 2974, 1021099554, 2959, 1022025079, 2702, 1021106355, 3221, 1021140139, 3222, 1021139880, 3223, 1021993848, 3231, 1022034920, 3212, 1021966498, 3220, 1021935610, 2709, 1021147397, 3228, 1022037878, 2717, 1021057992, 2701, 1021123779, 2710, 1021132632, 3229, 1021050595, 2718, 1021095696, 2711, 1021985633, 3230, 1021102985, 2719, 1022026814, 2703, 1022020682, 3214, 1021113670, 3215, 1022028950, 3213, 1021116404]
[INFO] (lattice_cell.c: 455): on tick 37 of 50
[INFO] (lattice_cell.c: 172): the unmatched_packets is 56
[2712, 1038757681, 2952, 1038775260, 3208, 1038775276, 2704, 1038780020, 2968, 1038757707, 3216, 1038780055, 2696, 1038775239, 3224, 1038757722, 2713, 1038320328, 2953, 1038316659, 3209, 1038313080, 2705, 1038321422, 2969, 1038316324, 2697, 1038320683, 3217, 1038313845, 2954, 1037879115, 2970, 1037895834, 2714, 1037895853, 3225, 1038312760, 2955, 1038336353, 2698, 1037879129, 2971, 1038335780, 2715, 1038331788, 2956, 1021965641, 2699, 1038332345, 2972, 1022015966, 2957, 1021115228, 3210, 1037879093, 2708, 1022032863, 2958, 1021087618, 2974, 1021133397, 2700, 1021969198, 2959, 1022038229, 2709, 1021055651, 2701, 1021119371, 2710, 1021098833, 3211, 1038339931, 2718, 1021129207, 2702, 1021083322, 2975, 1021988880, 3220, 1022026495, 2973, 1021071893, 3226, 1037895806, 3219, 1038340536, 3227, 1038339336, 3228, 1022013203, 2706, 1037875161, 2707, 1038332968, 3229, 1021067891, 2716, 1022019283, 3214, 1021091600, 3230, 1021137319, 3215, 1022041134, 2717, 1021076222, 3231, 1021991835, 3218, 1037875117, 2711, 1022014390, 2719, 1021985384, 2703, 1022034785, 3223, 1022020910, 3212, 1021962656, 3221, 1021047476, 3213, 1021111351, 3222, 1021106907]
[INFO] (lattice_cell.c: 455): on tick 38 of 50
[INFO] (lattice_cell.c: 172): the unmatched_packets is 56
[2712, 1038791287, 2952, 1038773171, 3208, 1038773188, 2704, 1038767204, 2968, 1038791295, 3216, 1038767158, 2696, 1038773136, 3224, 1038791299, 2713, 1038313972, 2953, 1038308179, 3209, 1038304678, 2705, 1038313920, 2969, 1038310064, 3217, 1038306475, 2697, 1038312121, 3225, 1038306585, 2714, 1037873531, 2954, 1037891136, 3210, 1037891108, 2970, 1037873503, 2706, 1037896884, 3218, 1037896882, 2698, 1037891178, 3226, 1037873471, 2715, 1038322874, 2955, 1038330410, 3211, 1038333943, 2707, 1038326450, 3219, 1038333934, 2971, 1038326813, 2699, 1038326445, 2956, 1022013321, 2972, 1021942824, 2957, 1021078933, 2716, 1021947052, 3227, 1038330320, 2709, 1021090931, 2975, 1022005157, 2973, 1021149452, 2710, 1021095702, 2958, 1021129546, 2701, 1021082754, 2974, 1021130572, 2959, 1022001530, 2703, 1021997243, 3214, 1021132923, 3222, 1021102875, 3230, 1021133877, 3213, 1021075490, 3221, 1021083634, 2708, 1022007423, 3215, 1022005359, 3231, 1022008965, 2717, 1021153240, 2700, 1022017609, 3212, 1022009496, 3220, 1021999453, 3228, 1021939077, 2718, 1021126836, 2711, 1022023439, 2702, 1021125778, 2719, 1022000835, 3223, 1022031521, 3229, 1021146061]
[INFO] (lattice_cell.c: 455): on tick 39 of 50
[INFO] (lattice_cell.c: 172): the unmatched_packets is 56
[2712, 1038783063, 2952, 1038774857, 3208, 1038774848, 2704, 1038773459, 2968, 1038783095, 3216, 1038773511, 3224, 1038783117, 2713, 1038321828, 2953, 1038315596, 2705, 1038322371, 3209, 1038312049, 2969, 1038317868, 2697, 1038319581, 2954, 1037879433, 2970, 1037871976, 3217, 1038314844, 2971, 1038334376, 2714, 1037872014, 2956, 1021987968, 2955, 1038336603, 2957, 1021095473, 2973, 1021089893, 2958, 1021133569, 2974, 1021093893, 2699, 1038332621, 2716, 1021997503, 2972, 1021993943, 2701, 1021099845, 3220, 1021945819, 2959, 1021991765, 3213, 1021091409, 2975, 1022032157, 2719, 1022028565, 2703, 1021988173, 3221, 1021124527, 3229, 1021085939, 3214, 1021137575, 3222, 1021111777, 3215, 1021994810, 3223, 1022008317, 3231, 1022035182, 2696, 1038774861, 3226, 1037871935, 3211, 1038340167, 2706, 1037880399, 3225, 1038314341, 2707, 1038334513, 3210, 1037879443, 2698, 1037879425, 2715, 1038330422, 2708, 1021952331, 3218, 1037880360, 3227, 1038337900, 2709, 1021132760, 2700, 1021991433, 3228, 1021990981, 2717, 1021094155, 2710, 1021103401, 2718, 1021089663, 2711, 1022001808, 2702, 1021129275, 3230, 1021097847, 3212, 1021985064, 3219, 1038342027]
[INFO] (lattice_cell.c: 455): on tick 40 of 50
[INFO] (lattice_cell.c: 172): the unmatched_packets is 56
[2712, 1038767797, 2952, 1038787881, 3208, 1038787869, 2704, 1038786374, 2968, 1038767843, 3216, 1038786449, 2696, 1038787893, 3224, 1038767879, 2713, 1038313344, 2953, 1038309456, 3209, 1038305894, 2705, 1038314375, 2969, 1038309376, 3217, 1038306869, 2697, 1038313438, 2714, 1037896401, 2954, 1037877011, 2970, 1037896336, 2706, 1037878534, 2955, 1038328198, 3210, 1037877017, 2715, 1038326038, 2971, 1038330020, 3218, 1037878423, 2973, 1021071418, 2699, 1038324205, 2708, 1021997863, 2716, 1022029094, 2956, 1021973351, 2959, 1022027860, 2709, 1021097535, 2717, 1021075242, 2972, 1022025013, 2701, 1021119111, 2957, 1021115434, 2710, 1021122029, 2718, 1021104629, 2958, 1021110356, 3220, 1021989887, 2974, 1021108376, 2711, 1021993090, 2975, 1022016565, 2719, 1022012429, 2703, 1022023633, 3214, 1021113683, 3215, 1022031626, 3212, 1021969599, 3228, 1022021372, 3213, 1021112128, 3229, 1021067993, 3222, 1021129014, 3223, 1022001063, 3231, 1022020247, 2698, 1037877003, 2707, 1038327180, 3211, 1038331769, 3219, 1038334734, 3225, 1038305873, 3227, 1038333565, 3226, 1037896280, 2700, 1021977598, 3230, 1021111735, 2702, 1021106646, 3221, 1021090499]
[INFO] (lattice_cell.c: 455): on tick 41 of 50
[INFO] (lattice_cell.c: 172): the unmatched_packets is 56
[2712, 1038768839, 2952, 1038774393, 3208, 1038774399, 2704, 1038773013, 3216, 1038772993, 2968, 1038768828, 2696, 1038774377, 3224, 1038768832, 2713, 1038321398, 2953, 1038315992, 3217, 1038313716, 2705, 1038321168, 3209, 1038312469, 2969, 1038317473, 2697, 1038319933, 2714, 1037885003, 2954, 1037880083, 2706, 1037881619, 2970, 1037885001, 3210, 1037880069, 3218, 1037881620, 2698, 1037880091, 3225, 1038313972, 2715, 1038328717, 2955, 1038335479, 3226, 1037884983, 2971, 1038332627, 2707, 1038331640, 2956, 1021989933, 2972, 1021965662, 3211, 1038339001, 2700, 1021993625, 2709, 1021079076, 2710, 1021108480, 2958, 1021093687, 2974, 1021124472, 2702, 1021089274, 2975, 1022008257, 2957, 1021093942, 2973, 1021118695, 2959, 1022035975, 2719, 1022004489, 3220, 1022004281, 3228, 1021962705, 3213, 1021089902, 3229, 1021114644, 3221, 1021070556, 3230, 1021128454, 3222, 1021116733, 3215, 1022039065, 3231, 1022011421, 3223, 1022015736, 3227, 1038336123, 3212, 1021986823, 2699, 1038331539, 2716, 1021969235, 2708, 1022010859, 3219, 1038339091, 3214, 1021097752, 2717, 1021123087, 2701, 1021098281, 2718, 1021120198, 2711, 1022008779, 2703, 1022032309]
[INFO] (lattice_cell.c: 455): on tick 42 of 50
[INFO] (lattice_cell.c: 172): the unmatched_packets is 56
[2712, 1038794144, 2952, 1038770946, 3208, 1038770974, 3216, 1038777335, 2704, 1038777312, 2968, 1038794224, 2953, 1038306870, 2705, 1038314871, 2697, 1038310903, 2714, 1037870910, 2956, 1022011126, 2972, 1021979155, 2698, 1037893103, 2957, 1021087522, 2958, 1021122373, 2974, 1021130363, 2699, 1038327477, 2959, 1022003767, 2970, 1037870822, 2969, 1038310411, 2709, 1021109178, 2955, 1038331531, 2717, 1021116905, 2971, 1038329916, 2701, 1021091235, 2954, 1037893057, 2973, 1021113211, 3221, 1021102133, 2719, 1021988724, 2975, 1021992679, 3218, 1037886911, 3226, 1037870735, 3227, 1038333509, 3212, 1022007499, 3228, 1021975529, 2696, 1038770904, 3213, 1021084145, 3229, 1021109911, 3222, 1021107818, 3224, 1038794296, 2713, 1038314421, 3225, 1038306857, 3209, 1038303281, 3217, 1038307257, 2706, 1037886959, 3210, 1037893024, 2707, 1038328803, 2715, 1038325881, 2708, 1021986433, 2716, 1021983202, 2700, 1022015175, 3220, 1021978780, 2710, 1021100720, 2718, 1021126652, 3219, 1038336451, 2711, 1022007323, 2702, 1021118671, 2703, 1021999703, 3223, 1022014874, 3211, 1038335142, 3214, 1021125722, 3230, 1021133676, 3215, 1022007391, 3231, 1021996172]
[INFO] (lattice_cell.c: 455): on tick 43 of 50
[INFO] (lattice_cell.c: 172): the unmatched_packets is 56
[2712, 1038766679, 2952, 1038771855, 3208, 1038771839, 2704, 1038773227, 3216, 1038773221, 2968, 1038766675, 2696, 1038771879, 3224, 1038766665, 2713, 1038321184, 2953, 1038315611, 2705, 1038323749, 2969, 1038317307, 3209, 1038312109, 3217, 1038316367, 2697, 1038319523, 3225, 1038313852, 2954, 1037882310, 2714, 1037887987, 3210, 1037882314, 2970, 1037887964, 2706, 1037881076, 3218, 1037881061, 2698, 1037882291, 2955, 1038333784, 2971, 1038334784, 3226, 1037887938, 2972, 1022001376, 2973, 1021084704, 2699, 1038329874, 2958, 1021133125, 2716, 1022005093, 2956, 1021979517, 2959, 1022002301, 2709, 1021115085, 2957, 1021104569, 2702, 1021128793, 2974, 1021074734, 2975, 1022049475, 3229, 1021080637, 3222, 1021102562, 3223, 1022030462, 3215, 1022005642, 3227, 1038338230, 3212, 1021976368, 3228, 1021998264, 2715, 1038330913, 2707, 1038331345, 2708, 1021964987, 3211, 1038337272, 3219, 1038338691, 2700, 1021983270, 3214, 1021137143, 3230, 1021078659, 2701, 1021108991, 2717, 1021089137, 2710, 1021094185, 2718, 1021070494, 2711, 1022023207, 3221, 1021106714, 2703, 1021998387, 2719, 1022045450, 3231, 1022052885, 3213, 1021100478, 3220, 1021957969]
[INFO] (lattice_cell.c: 455): on tick 44 of 50
[INFO] (lattice_cell.c: 172): the unmatched_packets is 56
[2712, 1038787545, 2952, 1038790531, 3208, 1038790533, 2704, 1038789258, 3216, 1038789405, 2968, 1038787605, 3224, 1038787655, 2953, 1038310056, 2713, 1038312198, 2705, 1038314807, 2969, 1038308149, 3209, 1038306421, 3217, 1038307139, 2697, 1038314134, 2954, 1037874388, 2970, 1037876809, 2714, 1037876873, 2971, 1038325832, 2955, 1038331167, 2972, 1022016186, 2698, 1037874404, 2957, 1021110364, 3210, 1037874380, 2973, 1021086036, 2699, 1038327070, 2974, 1021172426, 2959, 1022005912, 2975, 1021967779, 2716, 1022020056, 2700, 1021980575, 2709, 1021086383, 2701, 1021114057, 2958, 1021119565, 3212, 1021973134, 2718, 1021168707, 2702, 1021115864, 3228, 1022012764, 3229, 1021082652, 2719, 1021963988, 3223, 1021986212, 2956, 1021976629, 3219, 1038334253, 3227, 1038329456, 3220, 1022001256, 3221, 1021079318, 3214, 1021122914, 3222, 1021145613, 3230, 1021175770, 3215, 1022009319, 3225, 1038304552, 3231, 1021971137, 2696, 1038790519, 3226, 1037876763, 3211, 1038334826, 2706, 1037875505, 2707, 1038326500, 2715, 1038321758, 3213, 1021107018, 2708, 1022008713, 3218, 1037875369, 2717, 1021089799, 2710, 1021138539, 2711, 1021979033, 2703, 1022002050]
[INFO] (lattice_cell.c: 455): on tick 45 of 50
[INFO] (lattice_cell.c: 172): the unmatched_packets is 56
[3208, 1038770558, 3216, 1038756328, 2712, 1038746931, 2952, 1038770560, 2704, 1038756345, 2968, 1038746952, 2696, 1038770565, 2953, 1038313948, 3224, 1038746964, 2954, 1037883957, 2970, 1037906654, 3209, 1038310500, 2971, 1038337293, 2706, 1037897764, 2969, 1038317572, 2972, 1021953068, 3225, 1038314130, 2973, 1021132395, 2698, 1037883961, 2958, 1021078289, 2974, 1021021023, 2715, 1038333444, 2959, 1022048723, 2699, 1038332186, 2955, 1038336043, 2956, 1021991696, 2717, 1021136796, 2710, 1021057384, 2957, 1021100384, 3229, 1021128354, 2702, 1021073916, 2975, 1022092235, 3218, 1037897725, 3211, 1038339495, 3227, 1038340730, 3212, 1021988258, 3228, 1021949847, 3213, 1021096368, 3221, 1021088984, 3214, 1021082327, 3222, 1021065623, 2713, 1038321426, 2705, 1038320783, 3217, 1038313472, 3210, 1037883953, 2697, 1038317821, 2714, 1037906708, 2707, 1038335699, 3219, 1038343014, 2708, 1021994659, 2716, 1021956885, 3220, 1021987509, 2700, 1021995726, 2709, 1021097492, 2701, 1021104737, 2718, 1021016669, 2711, 1022042740, 2719, 1022088208, 2703, 1022044646, 3226, 1037906586, 3230, 1021025058, 3215, 1022052249, 3223, 1022050448, 3231, 1022095665]
[INFO] (lattice_cell.c: 455): on tick 46 of 50
[INFO] (lattice_cell.c: 172): the unmatched_packets is 56
[2712, 1038818590, 2952, 1038787872, 3208, 1038787899, 2704, 1038802586, 2968, 1038818640, 3216, 1038802583, 2696, 1038787834, 2953, 1038309781, 2969, 1038310770, 2713, 1038314842, 2954, 1037876559, 2970, 1037846866, 2705, 1038316978, 3224, 1038818677, 2955, 1038327077, 2697, 1038313912, 2706, 1037862265, 2958, 1021160452, 2715, 1038322759, 2975, 1021889289, 2971, 1038326862, 2956, 1022007262, 2972, 1021997914, 2717, 1021096185, 2701, 1021084599, 2957, 1021080875, 3219, 1038331381, 2973, 1021092469, 2718, 1021241636, 2959, 1021982644, 2702, 1021156697, 2719, 1021885444, 2703, 1021978938, 2974, 1021245169, 3223, 1021939414, 3210, 1037876534, 3218, 1037862270, 3226, 1037846835, 3211, 1038330775, 3227, 1038330513, 3213, 1021077487, 3229, 1021089105, 3215, 1021985897, 3231, 1021892635, 3217, 1038309201, 3225, 1038307149, 2714, 1037846904, 3209, 1038306098, 2698, 1037876599, 2707, 1038323594, 2699, 1038322945, 2708, 1021992890, 2716, 1022001694, 2700, 1022010984, 2709, 1021094391, 3221, 1021087272, 2710, 1021195175, 2711, 1021932337, 3222, 1021202205, 3214, 1021163875, 3212, 1022003976, 3220, 1021985856, 3228, 1021994584, 3230, 1021248370]
[INFO] (lattice_cell.c: 455): on tick 47 of 50
[INFO] (lattice_cell.c: 172): the unmatched_packets is 56
[2712, 1038750772, 2952, 1038743140, 3208, 1038743154, 2704, 1038745396, 3216, 1038745481, 2968, 1038750856, 2696, 1038743128, 3224, 1038750920, 2713, 1038319252, 2953, 1038316587, 3209, 1038313161, 2705, 1038321204, 3217, 1038313952, 2969, 1038315429, 2697, 1038320418, 3225, 1038312029, 2714, 1037903712, 2954, 1037910200, 3210, 1037910161, 2706, 1037908457, 3218, 1037908325, 2970, 1037903613, 2698, 1037910225, 2955, 1038338873, 2971, 1038334428, 2715, 1038330607, 2956, 1021983638, 2972, 1022003742, 2957, 1021097884, 2973, 1021091549, 3211, 1038342321, 2701, 1021102303, 2958, 1021050136, 3212, 1021980096, 2718, 1020980745, 2974, 1020985231, 2959, 1022065163, 2711, 1022123347, 2975, 1022140775, 3221, 1021116360, 2703, 1022060968, 3227, 1038337830, 3213, 1021093829, 3229, 1021087504, 3214, 1021054125, 3230, 1020989360, 3231, 1022144333, 3226, 1037903506, 2707, 1038334338, 3228, 1022000328, 3219, 1038341610, 2699, 1038335021, 3222, 1020990575, 2716, 1022007739, 2708, 1021967201, 3215, 1022068765, 3223, 1022130935, 2700, 1021987756, 2709, 1021124757, 2717, 1021095968, 2710, 1020982027, 3220, 1021959559, 2702, 1021045785, 2719, 1022136697]
[INFO] (lattice_cell.c: 455): on tick 48 of 50
[INFO] (lattice_cell.c: 172): the unmatched_packets is 56
[2712, 1038781025, 2952, 1038823207, 3208, 1038823177, 2704, 1038812234, 3216, 1038812245, 2968, 1038781057, 2696, 1038823235, 3224, 1038781073, 2713, 1038315346, 2953, 1038305423, 3209, 1038301715, 2705, 1038314159, 3217, 1038306340, 2969, 1038311234, 2697, 1038309566, 2954, 1037842459, 2970, 1037882846, 3225, 1038307597, 2714, 1037882879, 2955, 1038327889, 2971, 1038328556, 2973, 1021098358, 2959, 1021909767, 2956, 1021970224, 2700, 1021973837, 2709, 1021097928, 2972, 1021991964, 2957, 1021134367, 2958, 1021227127, 2974, 1021188640, 2710, 1021232395, 2718, 1021185160, 2975, 1021938737, 3223, 1021889940, 3219, 1038334499, 3227, 1038332262, 3213, 1021130952, 3215, 1021913027, 3226, 1037882814, 2706, 1037852892, 3210, 1037842479, 2698, 1037842428, 2707, 1038326654, 3218, 1037852891, 2715, 1038324418, 2699, 1038323748, 2708, 1021999249, 2716, 1021995504, 3211, 1038331594, 2717, 1021102176, 2701, 1021138128, 3229, 1021094901, 3214, 1021230477, 2711, 1021882858, 2702, 1021223477, 3230, 1021191817, 2719, 1021935017, 2703, 1021906004, 3228, 1021988911, 3221, 1021090796, 3231, 1021941996, 3212, 1021967065, 3220, 1021992455, 3222, 1021239168]
[INFO] (lattice_cell.c: 455): on tick 49 of 50
[INFO] (lattice_cell.c: 172): the unmatched_packets is 56
[2712, 1038778540, 2952, 1038732890, 3208, 1038732934, 2704, 1038751287, 3216, 1038751410, 2968, 1038778585, 2696, 1038732841, 3224, 1038778613, 2713, 1038321591, 2953, 1038319773, 2705, 1038325234, 3209, 1038316338, 3217, 1038317998, 2969, 1038317786, 2697, 1038323632, 3225, 1038314400, 2954, 1037920713, 2970, 1037876127, 2714, 1037876185, 2706, 1037902862, 3210, 1037920658, 2955, 1038335737, 2972, 1021987530, 3211, 1038339167, 2959, 1022139531, 3219, 1038339874, 2971, 1038334114, 2700, 1022029565, 2956, 1022025332, 2701, 1021049902, 2957, 1021045575, 2973, 1021096378, 2958, 1020989584, 2710, 1021023643, 2718, 1021107994, 2974, 1021112398, 2711, 1022089500, 2975, 1022013430, 2719, 1022009205, 3212, 1022021644, 3220, 1022011926, 3228, 1021983955, 3218, 1037902721, 3213, 1021041625, 3221, 1021047879, 3229, 1021092400, 3230, 1021116418, 3231, 1022017147, 3226, 1037876069, 2698, 1037920761, 2715, 1038330318, 2707, 1038332652, 3227, 1038337496, 2699, 1038331890, 2708, 1022019760, 2716, 1021991681, 2709, 1021056261, 2717, 1021100750, 2702, 1020985094, 3222, 1021032222, 2703, 1022135424, 3214, 1020993702, 3215, 1022143110, 3223, 1022097329]
[INFO] (lattice_cell.c: 455): on tick 50 of 50
[INFO] (lattice_cell.c: 466): updating recording regions
[INFO] (recording.c: 507): 	Finalising channel 0 - state info stored in SDRAM
[INFO] (recording.c: 512): closed channel 0.
[INFO] (lattice_cell.c: 470): Simulation complete.

