[INFO] (lattice_cell.c: 604): starting lattice cell
[INFO] (lattice_cell.c: 526): Initialise: started
[INFO] (data_specification.c: 78): magic = ad130ad6, version = 1.0
[INFO] (lattice_cell.c: 555): my key is 8144
[INFO] (lattice_cell.c: 562): I'm in position ( 31, 26)
[INFO] (lattice_cell.c: 568): my n key is 7888
[INFO] (lattice_cell.c: 574): my U_X = -0.009540452621877193
[INFO] (lattice_cell.c: 575): my U_Y = 0.0004903926164843142
[INFO] (lattice_cell.c: 583): input_buffer initialised
[INFO] (recording.c: 563): Recording 1 regions, using output tag 0, size before trigger 7686388, time between triggers 50
[INFO] (recording.c: 665): Recording channel 0 configured to use 7686132 byte memory block starting at 0x652e56cc
[INFO] (lattice_cell.c: 588): Recording flags = 0x00000001
[INFO] (lattice_cell.c: 619): setting timer to execute every 200000 microseconds
[INFO] (lattice_cell.c: 627): Starting

[INFO] (simulation.c: 159): Setting the runtime of this model to 50 starting at 0
[INFO] (simulation.c: 161): Setting the flag of infinite run for this model to 0
[INFO] (simulation.c: 175): Resuming
[INFO] (lattice_cell.c: 455): on tick 0 of 50
[7888, 1037904552, 7880, 1037999647, 8136, 1037999643, 8152, 1037887885, 7896, 1037887881, 200, 1037999645, 216, 1037887879, 208, 1037904550, 7889, 1038339871, 8137, 1038342807, 7881, 1038341534, 8153, 1038340816, 7897, 1038339535, 8138, 1038656481, 8154, 1038776239, 7890, 1038758216, 7882, 1038656483, 7898, 1038776235, 8139, 1038298927, 8155, 1038296936, 7891, 1038298539, 7883, 1038300200, 7899, 1038298201, 7892, 1021146848, 7884, 1021242217, 7900, 1021130131, 8140, 1021243434, 8156, 1021131336, 8141, 1021902203, 201, 1038343241, 8142, 1021856392, 7893, 1022002879, 8157, 1022022302, 8159, 1021090068, 209, 1038341578, 7902, 1021977151, 7886, 1021857719, 202, 1038656481, 8158, 1021975810, 7903, 1021091257, 218, 1038776233, 7887, 1021202702, 8143, 1021201487, 7885, 1021900872, 7901, 1022020945, 7894, 1021959180, 7895, 1021107879, 203, 1038298501, 211, 1038296838, 204, 1021243848, 205, 1021902655, 207, 1021201079, 212, 1021148457, 222, 1021975350, 206, 1021855944, 215, 1021106276, 220, 1021131736, 213, 1022004682, 210, 1038758214, 221, 1022022752, 214, 1021957383, 219, 1038296500, 217, 1038341240, 223, 1021089658]
[INFO] (lattice_cell.c: 455): on tick 1 of 50
[INFO] (lattice_cell.c: 172): the unmatched_packets is 56
[8136, 1038072943, 7888, 1037926649, 8152, 1037887809, 7896, 1037887803, 7880, 1038072915, 8137, 1038345195, 8153, 1038348576, 7889, 1038345929, 7897, 1038347353, 7881, 1038343952, 200, 1038072959, 8138, 1038575743, 8154, 1038766385, 7890, 1038726105, 7898, 1038766385, 7882, 1038575765, 208, 1037926663, 8139, 1038305907, 7891, 1038307004, 8155, 1038305581, 7883, 1038307148, 7899, 1038306808, 8156, 1021116807, 7892, 1021076698, 7884, 1020994299, 7900, 1021116321, 8140, 1020994723, 8141, 1022153340, 8157, 1022028436, 201, 1038345613, 7893, 1022069830, 7885, 1022151229, 8142, 1021676133, 8159, 1021090293, 218, 1038766383, 7886, 1021678252, 8158, 1021965125, 7895, 1021143595, 7903, 1021090778, 7887, 1021367886, 8143, 1021367402, 7901, 1022026315, 7894, 1021911867, 203, 1038305511, 211, 1038305385, 7902, 1021967242, 219, 1038305197, 207, 1021367784, 209, 1038347556, 217, 1038348976, 212, 1021076752, 220, 1021116401, 202, 1038575743, 214, 1021908450, 204, 1020994288, 213, 1022073244, 222, 1021963826, 216, 1037887809, 205, 1022154626, 206, 1021674820, 210, 1038726097, 223, 1021090695, 221, 1022029734, 215, 1021143505]
[INFO] (lattice_cell.c: 455): on tick 2 of 50
[INFO] (lattice_cell.c: 172): the unmatched_packets is 56
[8136, 1038006884, 7888, 1037859952, 8152, 1037871649, 7896, 1037871649, 7880, 1038006896, 8137, 1038339352, 8153, 1038342649, 7889, 1038341356, 7897, 1038341357, 7881, 1038338077, 200, 1038006880, 8138, 1038648149, 8154, 1038793756, 7890, 1038804107, 7898, 1038793752, 7882, 1038648167, 216, 1037871647, 8139, 1038300335, 8155, 1038297147, 7891, 1038299274, 7883, 1038301620, 7899, 1038298430, 8140, 1021329222, 7892, 1021277358, 7900, 1021169393, 7884, 1021327977, 8156, 1021170516, 201, 1038339768, 8142, 1021720185, 217, 1038343077, 8141, 1021818662, 7885, 1021817369, 209, 1038343047, 7902, 1021988986, 7886, 1021721463, 8157, 1021977468, 202, 1038648143, 7895, 1021101555, 8158, 1021987702, 218, 1038793756, 8143, 1021342089, 7887, 1021343182, 8159, 1021080922, 7893, 1021863523, 7901, 1021976169, 7894, 1021969965, 7903, 1021082015, 211, 1038297559, 204, 1021329649, 222, 1021987290, 205, 1021819134, 203, 1038299909, 223, 1021080612, 208, 1037859942, 214, 1021968265, 207, 1021341770, 215, 1021100157, 221, 1021977895, 213, 1021865282, 219, 1038296717, 220, 1021170854, 206, 1021719765, 210, 1038804109, 212, 1021278913]
[INFO] (lattice_cell.c: 455): on tick 3 of 50
[INFO] (lattice_cell.c: 172): the unmatched_packets is 56
[8136, 1038022932, 7888, 1037936060, 8152, 1037925602, 7880, 1038022874, 7896, 1037925584, 8137, 1038345477, 8153, 1038346634, 7889, 1038346365, 200, 1038022972, 7897, 1038345425, 7881, 1038344232, 216, 1037925608, 208, 1037936110, 8138, 1038627865, 8154, 1038727005, 7890, 1038716416, 7898, 1038727007, 7882, 1038627887, 8139, 1038306792, 8155, 1038306827, 7891, 1038308788, 7883, 1038308007, 7899, 1038308013, 8140, 1021099211, 8156, 1021007191, 7892, 1020953488, 7884, 1021098806, 7900, 1021006689, 8141, 1022039860, 8157, 1022144729, 201, 1038345909, 7893, 1022186839, 7901, 1022142638, 7885, 1022037784, 217, 1038347016, 7894, 1021938664, 8142, 1021711005, 8159, 1021113968, 7895, 1021120303, 202, 1038627879, 8158, 1021941070, 210, 1038716412, 8143, 1021332929, 7903, 1021114535, 7886, 1021713184, 7902, 1021943194, 7887, 1021333510, 219, 1038306470, 213, 1022190125, 212, 1020953491, 221, 1022145964, 215, 1021120054, 205, 1022041056, 214, 1021935202, 207, 1021333220, 218, 1038727003, 209, 1038348000, 206, 1021709688, 222, 1021939788, 203, 1038306398, 223, 1021114300, 204, 1021098761, 220, 1021006804, 211, 1038307209]
[INFO] (lattice_cell.c: 455): on tick 4 of 50
[INFO] (lattice_cell.c: 172): the unmatched_packets is 56
[8136, 1038027960, 7888, 1037906257, 8152, 1037847904, 7880, 1038027966, 7896, 1037847924, 8137, 1038338713, 8153, 1038340861, 7889, 1038339284, 7897, 1038339618, 7881, 1038337428, 8138, 1038627953, 8154, 1038817400, 7890, 1038755478, 7898, 1038817400, 7882, 1038627995, 7891, 1038300435, 7899, 1038298474, 7883, 1038302411, 8139, 1038301122, 8155, 1038297182, 8140, 1021160067, 7892, 1021226725, 208, 1037906221, 216, 1037847900, 7893, 1021916305, 8142, 1021727028, 8158, 1021983716, 8156, 1021306613, 7901, 1021842746, 8141, 1021986215, 201, 1038339123, 8157, 1021844085, 7903, 1021087007, 7887, 1021339121, 7900, 1021305500, 7884, 1021158847, 210, 1038755462, 7885, 1021984837, 7894, 1021937880, 8143, 1021338164, 8159, 1021086040, 7886, 1021728329, 7902, 1021984976, 7895, 1021135333, 203, 1038300688, 211, 1038298718, 221, 1021844609, 205, 1021986757, 223, 1021085855, 220, 1021306965, 218, 1038817404, 206, 1021726587, 214, 1021936201, 222, 1021983304, 215, 1021134190, 207, 1021337964, 219, 1038296756, 212, 1021228282, 204, 1021160447, 213, 1021918226, 209, 1038340925, 217, 1038341255, 202, 1038627917, 200, 1038027938]
[INFO] (lattice_cell.c: 455): on tick 5 of 50
[INFO] (lattice_cell.c: 172): the unmatched_packets is 56
[8136, 1038028887, 7888, 1037897628, 8152, 1037893957, 7880, 1038028807, 7896, 1037893927, 8137, 1038344862, 8153, 1038346784, 7889, 1038345548, 7881, 1038343629, 7897, 1038345559, 216, 1037893983, 208, 1037897718, 8138, 1038621374, 8154, 1038760268, 7890, 1038755458, 7882, 1038621374, 7898, 1038760262, 8139, 1038307459, 8155, 1038307352, 7891, 1038308994, 7883, 1038308657, 7899, 1038308518, 8140, 1021160609, 8156, 1021001328, 7892, 1021129290, 7900, 1021000855, 7884, 1021160105, 8157, 1022147754, 217, 1038347174, 7885, 1021975731, 8141, 1021977698, 8158, 1021976192, 202, 1038621392, 8159, 1021080727, 210, 1038755492, 7902, 1021978293, 7886, 1021719705, 7895, 1021124097, 7903, 1021081425, 7887, 1021327941, 8143, 1021327252, 7893, 1022009117, 218, 1038760274, 7901, 1022145760, 7894, 1021934008, 8142, 1021717513, 203, 1038307082, 219, 1038307006, 211, 1038307448, 212, 1021129373, 207, 1021327430, 213, 1022012213, 214, 1021930611, 223, 1021080942, 215, 1021123605, 205, 1021978779, 204, 1021160224, 200, 1038028941, 201, 1038345282, 209, 1038347173, 221, 1022148843, 206, 1021716225, 222, 1021974956, 220, 1021000919]
[INFO] (lattice_cell.c: 455): on tick 6 of 50
[INFO] (lattice_cell.c: 172): the unmatched_packets is 56
[8136, 1038029674, 7888, 1037903180, 8152, 1037897346, 7880, 1038029675, 7896, 1037897366, 8137, 1038338753, 8153, 1038340542, 7889, 1038338419, 7881, 1038337460, 7897, 1038339313, 8138, 1038626190, 8154, 1038766235, 200, 1038029642, 7890, 1038759877, 7882, 1038626250, 7898, 1038766249, 216, 1037897334, 208, 1037903136, 8139, 1038301011, 8155, 1038298311, 7891, 1038300966, 7899, 1038299603, 7883, 1038302315, 8140, 1021172467, 7892, 1021122900, 7900, 1021146325, 7884, 1021171361, 8156, 1021147372, 7893, 1022020537, 217, 1038340912, 8158, 1021973927, 8159, 1021098490, 202, 1038626132, 8141, 1021972329, 8157, 1022002093, 210, 1038759827, 7895, 1021128109, 8142, 1021723656, 7887, 1021343056, 8143, 1021342265, 7885, 1021970870, 7901, 1022000660, 7894, 1021947446, 7902, 1021975200, 7886, 1021724992, 7903, 1021099290, 214, 1021945673, 223, 1021098432, 207, 1021342195, 203, 1038300573, 218, 1038766221, 213, 1022022662, 222, 1021973465, 220, 1021147641, 201, 1038339171, 209, 1038340068, 211, 1038299240, 206, 1021723137, 219, 1038297895, 215, 1021127229, 205, 1021973011, 204, 1021172767, 212, 1021124243, 221, 1022002749]
[INFO] (lattice_cell.c: 455): on tick 7 of 50
[INFO] (lattice_cell.c: 172): the unmatched_packets is 56
[8136, 1038024899, 7888, 1037904347, 8152, 1037884744, 7880, 1038024797, 7896, 1037884712, 8137, 1038344076, 8153, 1038346984, 7889, 1038344818, 7881, 1038342845, 7897, 1038345791, 200, 1038024960, 216, 1037884774, 208, 1037904453, 8138, 1038625996, 8154, 1038768527, 7890, 1038748542, 7882, 1038625998, 7898, 1038768497, 8139, 1038307838, 8155, 1038307592, 7891, 1038309837, 7883, 1038309018, 7899, 1038308728, 7892, 1021119048, 7884, 1021163898, 7900, 1021144064, 8140, 1021164514, 8156, 1021144655, 7893, 1022019063, 7885, 1021972226, 8142, 1021711577, 8141, 1021974066, 7886, 1021713732, 8159, 1021094121, 7895, 1021116913, 8157, 1021999991, 218, 1038768555, 7887, 1021333656, 8158, 1021961599, 210, 1038748604, 8143, 1021332846, 7901, 1021998128, 7894, 1021942613, 7902, 1021963635, 7903, 1021094947, 203, 1038307450, 220, 1021144359, 207, 1021332906, 223, 1021094208, 214, 1021939352, 202, 1038626020, 219, 1038307258, 205, 1021975026, 215, 1021116144, 212, 1021119338, 201, 1038344498, 217, 1038347368, 209, 1038346421, 211, 1038308315, 213, 1022021873, 222, 1021960446, 204, 1021164229, 206, 1021710348, 221, 1022000944]
[INFO] (lattice_cell.c: 455): on tick 8 of 50
[INFO] (lattice_cell.c: 172): the unmatched_packets is 56
[8136, 1038027141, 7888, 1037910964, 8152, 1037883749, 7880, 1038027136, 7896, 1037883760, 8137, 1038338438, 8153, 1038340128, 7889, 1038338620, 7881, 1038337141, 7897, 1038338895, 216, 1037883733, 8138, 1038629118, 8154, 1038780804, 7890, 1038751280, 7882, 1038629210, 7898, 1038780822, 8139, 1038301345, 8155, 1038298387, 7891, 1038301182, 7883, 1038302657, 7899, 1038299676, 8140, 1021160736, 7892, 1021133269, 7900, 1021133406, 7884, 1021159762, 8156, 1021134284, 8141, 1021982843, 201, 1038338860, 8157, 1022014802, 7893, 1022008136, 8142, 1021723300, 8143, 1021343711, 217, 1038340488, 209, 1038340259, 7886, 1021724750, 7895, 1021129423, 8158, 1021973526, 7903, 1021100196, 7887, 1021344369, 218, 1038780779, 8159, 1021099538, 7901, 1022013230, 7885, 1021981267, 7894, 1021947060, 7902, 1021974875, 211, 1038299442, 204, 1021160928, 205, 1021983685, 213, 1022010519, 222, 1021972971, 214, 1021945120, 200, 1038027113, 208, 1037910916, 219, 1038297972, 207, 1021343798, 215, 1021128838, 220, 1021134434, 206, 1021722687, 212, 1021134351, 210, 1038751208, 221, 1022015566, 203, 1038300903, 202, 1038629049, 223, 1021099623]
[INFO] (lattice_cell.c: 455): on tick 9 of 50
[INFO] (lattice_cell.c: 172): the unmatched_packets is 56
[8136, 1038026083, 7888, 1037903626, 8152, 1037881088, 7880, 1038025981, 7896, 1037881052, 8137, 1038343897, 8153, 1038345950, 7889, 1038344457, 7881, 1038342661, 7897, 1038344765, 200, 1038026148, 216, 1037881119, 208, 1037903724, 8138, 1038624774, 8154, 1038772915, 7890, 1038749276, 7882, 1038624777, 7898, 1038772876, 8139, 1038308094, 8155, 1038308201, 7891, 1038310050, 7883, 1038309274, 7899, 1038309333, 8140, 1021157599, 8156, 1021115938, 7892, 1021137068, 7884, 1021156820, 7900, 1021115222, 8141, 1021980991, 201, 1038344329, 7893, 1022000202, 7901, 1022028177, 7885, 1021979298, 8158, 1021971194, 7894, 1021935661, 8157, 1022029898, 7902, 1021973136, 8142, 1021714151, 218, 1038772943, 7903, 1021086883, 7886, 1021716229, 7895, 1021123628, 8159, 1021085934, 8143, 1021330505, 7887, 1021331434, 219, 1038307885, 211, 1038308538, 213, 1022002728, 206, 1021713039, 222, 1021970155, 203, 1038307728, 205, 1021981824, 209, 1038346046, 217, 1038346320, 220, 1021115761, 223, 1021085895, 221, 1022030673, 214, 1021932599, 210, 1038749352, 202, 1038624800, 207, 1021330416, 215, 1021122614, 204, 1021157439, 212, 1021137632]
[INFO] (lattice_cell.c: 455): on tick 10 of 50
[INFO] (lattice_cell.c: 172): the unmatched_packets is 56
[8136, 1038030160, 7888, 1037905722, 8152, 1037891362, 7880, 1038030136, 7896, 1037891376, 8137, 1038338403, 8153, 1038339882, 7889, 1038338069, 7881, 1038337102, 7897, 1038338657, 8138, 1038626037, 8154, 1038772571, 7890, 1038757085, 7882, 1038626145, 7898, 1038772597, 8139, 1038301391, 8155, 1038298900, 7891, 1038301541, 7883, 1038302706, 7899, 1038300191, 208, 1037905696, 8140, 1021163464, 8156, 1021119499, 7892, 1021133678, 7900, 1021118760, 7884, 1021162624, 8157, 1022029258, 7893, 1022006905, 201, 1038338828, 217, 1038340230, 7885, 1021977755, 8141, 1021979483, 7894, 1021944894, 8143, 1021341421, 8159, 1021094847, 7902, 1021981002, 7886, 1021727553, 8158, 1021979532, 218, 1038772547, 210, 1038757012, 8142, 1021725976, 7903, 1021095385, 7887, 1021341948, 7901, 1022027581, 7895, 1021132225, 219, 1038298485, 220, 1021119481, 212, 1021134475, 222, 1021978862, 214, 1021942709, 221, 1022030134, 203, 1038300950, 211, 1038299795, 223, 1021095092, 200, 1038030138, 216, 1037891342, 204, 1021163511, 209, 1038339707, 202, 1038625971, 213, 1022009564, 206, 1021725245, 215, 1021131901, 207, 1021341633, 205, 1021980441]
[INFO] (lattice_cell.c: 455): on tick 11 of 50
[INFO] (lattice_cell.c: 172): the unmatched_packets is 56
[7888, 1037901158, 7880, 1038026996, 7896, 1037887121, 8136, 1038027092, 8152, 1037887143, 7889, 1038344073, 7881, 1038342459, 7897, 1038344810, 8137, 1038343698, 8153, 1038345992, 7890, 1038752036, 7882, 1038623937, 8138, 1038623915, 7898, 1038766184, 8154, 1038766226, 7891, 1038310323, 8139, 1038308135, 8155, 1038308143, 7883, 1038309305, 7899, 1038309270, 7892, 1021125765, 8140, 1021164187, 7884, 1021163255, 7900, 1021128042, 8156, 1021128908, 8141, 1021973937, 7893, 1022011492, 216, 1037887175, 7901, 1022014047, 7885, 1021972371, 8157, 1022015605, 208, 1037901247, 8159, 1021090166, 201, 1038344135, 217, 1038346364, 8142, 1021712913, 8158, 1021967891, 7887, 1021333021, 7894, 1021938825, 8143, 1021331980, 7886, 1021714887, 7902, 1021969712, 7895, 1021121455, 7903, 1021091222, 202, 1038623935, 210, 1038752112, 206, 1021711910, 207, 1021331771, 203, 1038307761, 211, 1038308823, 212, 1021126608, 200, 1038027148, 209, 1038345673, 223, 1021089995, 215, 1021120188, 220, 1021128853, 205, 1021974607, 204, 1021164168, 221, 1022016256, 218, 1038766262, 222, 1021967003, 213, 1022013759, 214, 1021936008, 219, 1038307832]
[INFO] (lattice_cell.c: 455): on tick 12 of 50
[INFO] (lattice_cell.c: 172): the unmatched_packets is 56
[8136, 1038028925, 7888, 1037908241, 8152, 1037887960, 7880, 1038028872, 7896, 1037887962, 8137, 1038338078, 8153, 1038339586, 7889, 1038337889, 7881, 1038336783, 7897, 1038338375, 200, 1038028911, 216, 1037887960, 208, 1037908242, 8138, 1038627438, 8154, 1038776172, 7890, 1038754318, 7882, 1038627558, 7898, 1038776188, 8139, 1038301684, 8155, 1038300045, 7891, 1038302036, 7883, 1038302997, 7899, 1038301325, 8140, 1021165120, 8156, 1021132906, 7892, 1021127063, 7900, 1021132329, 7884, 1021164413, 8141, 1021977665, 7893, 1022013509, 7901, 1022012788, 7885, 1021975817, 8157, 1022014596, 201, 1038338503, 7902, 1021970717, 7886, 1021725269, 8142, 1021723545, 202, 1038627382, 8158, 1021969128, 7895, 1021128260, 7903, 1021102014, 8143, 1021343786, 8159, 1021101585, 7894, 1021948592, 7887, 1021344189, 203, 1038301239, 219, 1038299640, 221, 1022015613, 213, 1022016437, 214, 1021946128, 217, 1038339923, 215, 1021128163, 212, 1021127563, 211, 1038300306, 206, 1021722675, 223, 1021101917, 218, 1038776153, 210, 1038754259, 204, 1021165041, 220, 1021132749, 205, 1021978763, 207, 1021344120, 209, 1038339513, 222, 1021968312]
[INFO] (lattice_cell.c: 455): on tick 13 of 50
[INFO] (lattice_cell.c: 172): the unmatched_packets is 56
[8136, 1038025848, 7888, 1037905395, 8152, 1037885738, 7880, 1038025759, 7896, 1037885718, 8137, 1038343634, 8153, 1038345717, 7889, 1038344057, 7881, 1038342377, 7897, 1038344534, 200, 1038025893, 216, 1037885760, 208, 1037905467, 8138, 1038625318, 8154, 1038768031, 7890, 1038747627, 7882, 1038625356, 7898, 1038767992, 8139, 1038307969, 8155, 1038307892, 7891, 1038309479, 7883, 1038309155, 7899, 1038309026, 8140, 1021160211, 8156, 1021130097, 7892, 1021130297, 7884, 1021159161, 7900, 1021129103, 201, 1038344086, 8141, 1021977387, 8157, 1022013523, 7893, 1022005805, 7901, 1022012091, 7885, 1021975943, 8158, 1021979798, 217, 1038346074, 7894, 1021942369, 7886, 1021714395, 202, 1038625326, 8142, 1021712555, 7895, 1021121940, 8143, 1021333670, 7887, 1021334775, 7903, 1021082068, 8159, 1021080958, 7902, 1021981425, 220, 1021130184, 213, 1022007827, 207, 1021333370, 223, 1021080714, 215, 1021120498, 214, 1021939865, 204, 1021160341, 212, 1021131410, 221, 1022014055, 218, 1038768057, 210, 1038747691, 209, 1038345681, 203, 1038307602, 219, 1038307569, 211, 1038307970, 205, 1021977953, 206, 1021711695, 222, 1021979080]
[INFO] (lattice_cell.c: 455): on tick 14 of 50
[INFO] (lattice_cell.c: 172): the unmatched_packets is 56
[7888, 1037904971, 7880, 1038028765, 7896, 1037874664, 8136, 1038028835, 8152, 1037874678, 7889, 1038337493, 8137, 1038337886, 7881, 1038336597, 7897, 1038337772, 8153, 1038338971, 8138, 1038627548, 7890, 1038757718, 8154, 1038789922, 7882, 1038627666, 7898, 1038789928, 8139, 1038302809, 8155, 1038298167, 7891, 1038302781, 7883, 1038304115, 7899, 1038299412, 8140, 1021161125, 8156, 1021113104, 216, 1037874686, 7892, 1021131799, 7884, 1021160555, 7900, 1021112651, 200, 1038028838, 8157, 1022035472, 7893, 1022008553, 7885, 1021979926, 208, 1037905007, 8141, 1021981889, 7886, 1021723310, 8143, 1021342193, 8159, 1021135446, 201, 1038338314, 8142, 1021721415, 7887, 1021342507, 8158, 1021944929, 202, 1038627503, 218, 1038789922, 7901, 1022033537, 7894, 1021936201, 7902, 1021946743, 7895, 1021138806, 7903, 1021135852, 203, 1038302362, 212, 1021132047, 213, 1022011689, 206, 1021720382, 207, 1021342598, 210, 1038757687, 217, 1038339306, 214, 1021933387, 223, 1021135828, 215, 1021138812, 209, 1038339096, 219, 1038297797, 220, 1021112814, 205, 1021983088, 222, 1021943915, 204, 1021160913, 221, 1022036583, 211, 1038301076]
[INFO] (lattice_cell.c: 455): on tick 15 of 50
[INFO] (lattice_cell.c: 172): the unmatched_packets is 56
[8136, 1038029920, 7888, 1037912595, 8152, 1037912517, 7880, 1038029834, 7896, 1037912491, 8137, 1038343571, 8153, 1038346024, 7889, 1038344033, 7881, 1038342290, 7897, 1038344845, 200, 1038029964, 216, 1037912533, 208, 1037912641, 8138, 1038621224, 8154, 1038740236, 7890, 1038740396, 7882, 1038621293, 7898, 1038740210, 8139, 1038307420, 8155, 1038308078, 7891, 1038311920, 7883, 1038308617, 7899, 1038309249, 8140, 1021163318, 8156, 1021138668, 7892, 1021137606, 7884, 1021162138, 7900, 1021137577, 8141, 1021973998, 8157, 1022003965, 7893, 1021997381, 7901, 1022002640, 7885, 1021972650, 8158, 1022057080, 7894, 1021963095, 201, 1038344037, 7902, 1022058463, 7886, 1021723124, 8142, 1021721442, 8143, 1021327229, 8159, 1021004525, 7895, 1021092462, 202, 1038621228, 7903, 1021005679, 7887, 1021328358, 211, 1038310353, 212, 1021138970, 220, 1021138871, 215, 1021090980, 219, 1038307728, 204, 1021163574, 223, 1021004295, 205, 1021974484, 218, 1038740254, 206, 1021720728, 221, 1022004382, 213, 1021999218, 222, 1022056598, 209, 1038345660, 217, 1038346376, 210, 1038740433, 203, 1038307043, 214, 1021960980, 207, 1021326886]
[INFO] (lattice_cell.c: 455): on tick 16 of 50
[INFO] (lattice_cell.c: 172): the unmatched_packets is 56
[8136, 1038022016, 7888, 1037883200, 8152, 1037852989, 7880, 1038021932, 7896, 1037852985, 8137, 1038338362, 8153, 1038338323, 7889, 1038337034, 7881, 1038337067, 7897, 1038337132, 8138, 1038634580, 8154, 1038812007, 7890, 1038780203, 7882, 1038634680, 7898, 1038811989, 8139, 1038300691, 8155, 1038300864, 7891, 1038302904, 7883, 1038301964, 7899, 1038302051, 200, 1038022030, 8140, 1021156455, 8156, 1021110361, 7892, 1021113866, 7884, 1021155990, 7900, 1021109991, 8141, 1021983726, 7893, 1022026745, 208, 1037883238, 8157, 1022037860, 7902, 1021835431, 8143, 1021369122, 201, 1038338786, 8158, 1021833387, 209, 1038338637, 8142, 1021703520, 8159, 1021236315, 7901, 1022035836, 7885, 1021981659, 7894, 1021874728, 7886, 1021705606, 7895, 1021200888, 7887, 1021369419, 202, 1038634543, 7903, 1021236691, 218, 1038812001, 219, 1038300526, 204, 1021156144, 220, 1021109966, 205, 1021984966, 206, 1021702304, 203, 1038300259, 207, 1021369558, 213, 1022030087, 221, 1022039036, 217, 1038338657, 214, 1021871515, 215, 1021200962, 223, 1021236715, 210, 1038780206, 211, 1038301245, 216, 1037852997, 212, 1021113928, 222, 1021832189]
[INFO] (lattice_cell.c: 455): on tick 17 of 50
[INFO] (lattice_cell.c: 172): the unmatched_packets is 56
[8136, 1038045600, 7888, 1037939164, 8152, 1037913934, 7880, 1038045506, 7896, 1037913917, 8137, 1038343392, 8153, 1038345987, 7889, 1038343620, 7881, 1038342111, 7897, 1038344810, 200, 1038045636, 208, 1037939225, 216, 1037913958, 8138, 1038605303, 8154, 1038739335, 7890, 1038713126, 7882, 1038605392, 7898, 1038739297, 201, 1038343858, 8139, 1038307542, 8155, 1038307048, 7891, 1038309539, 7883, 1038308773, 7899, 1038308262, 8140, 1021180010, 8156, 1021135981, 7892, 1021146832, 7884, 1021178755, 7900, 1021134826, 8141, 1021957764, 8157, 1022006409, 7893, 1021990647, 7885, 1021956485, 7901, 1022005176, 8142, 1021774466, 8158, 1022124161, 7894, 1022069779, 7902, 1022125398, 7886, 1021775993, 209, 1038345227, 8143, 1021274212, 8159, 1020943248, 7895, 1020996733, 7903, 1020944392, 7887, 1021275351, 202, 1038605272, 210, 1038713150, 204, 1021180382, 213, 1021992360, 220, 1021136244, 221, 1022006790, 207, 1021273829, 217, 1038346327, 222, 1022123818, 215, 1020995222, 212, 1021148359, 203, 1038307150, 206, 1021773905, 214, 1022068034, 223, 1020942994, 218, 1038739351, 205, 1021958214, 219, 1038306680, 211, 1038307914]
[INFO] (lattice_cell.c: 455): on tick 18 of 50
[INFO] (lattice_cell.c: 172): the unmatched_packets is 56
[8136, 1038001042, 8152, 1037882671, 7888, 1037876162, 7880, 1038000960, 7896, 1037882647, 8137, 1038335420, 8153, 1038339111, 7889, 1038336953, 7881, 1038334123, 7897, 1038337928, 200, 1038001064, 8138, 1038656011, 208, 1037876195, 8154, 1038781081, 216, 1037882696, 7890, 1038787029, 7882, 1038656100, 7898, 1038781069, 8139, 1038303388, 8155, 1038300688, 7891, 1038304373, 7883, 1038304637, 7899, 1038301869, 201, 1038335864, 8140, 1021134288, 209, 1038338572, 8156, 1021132095, 7892, 1021116496, 7884, 1021133856, 7900, 1021131801, 8141, 1022016088, 8157, 1022012628, 7893, 1022022137, 7885, 1022014000, 7901, 1022010575, 8142, 1021602436, 7894, 1021787743, 8158, 1021884405, 7902, 1021886456, 8159, 1021186877, 8143, 1021459685, 210, 1038787049, 7886, 1021604728, 7895, 1021281927, 7903, 1021187235, 211, 1038302779, 7887, 1021459951, 204, 1021133892, 212, 1021116435, 217, 1038339443, 214, 1021784248, 220, 1021131619, 207, 1021460127, 223, 1021187321, 213, 1022025532, 203, 1038302984, 219, 1038300358, 221, 1022013833, 218, 1038781087, 205, 1022017388, 202, 1038655981, 206, 1021601094, 215, 1021281982, 222, 1021883170]
[INFO] (lattice_cell.c: 455): on tick 19 of 50
[INFO] (lattice_cell.c: 172): the unmatched_packets is 56
[8136, 1038049375, 7888, 1037911747, 8152, 1037869221, 7880, 1038049249, 7896, 1037869211, 8137, 1038343909, 8153, 1038344911, 7889, 1038345744, 7881, 1038342615, 7897, 1038343726, 200, 1038049407, 216, 1037869233, 208, 1037911795, 8138, 1038601699, 8154, 1038785330, 7890, 1038741934, 7882, 1038601803, 7898, 1038785304, 8139, 1038306003, 8155, 1038308193, 7891, 1038309713, 7899, 1038309382, 7883, 1038307273, 8140, 1021213582, 8156, 1021117549, 7892, 1021134036, 7884, 1021212337, 7900, 1021116348, 8141, 1021922863, 8157, 1022025370, 7893, 1021993587, 7885, 1021921576, 7901, 1022024139, 201, 1038344363, 8142, 1021879367, 8158, 1021967380, 209, 1038347351, 7894, 1022054842, 8143, 1021176144, 210, 1038741955, 7903, 1021097157, 7887, 1021177264, 8159, 1021095949, 202, 1038601672, 218, 1038785340, 7886, 1021880777, 7902, 1021968636, 7895, 1021012039, 203, 1038305579, 221, 1022025724, 222, 1021966993, 207, 1021175786, 219, 1038307863, 215, 1021010528, 204, 1021213975, 205, 1021923293, 213, 1021995286, 214, 1022053168, 223, 1021095598, 212, 1021135623, 217, 1038345245, 206, 1021878877, 220, 1021117882, 211, 1038308036]
[INFO] (lattice_cell.c: 455): on tick 20 of 50
[INFO] (lattice_cell.c: 172): the unmatched_packets is 56
[8136, 1038038162, 7888, 1037928949, 8152, 1037899318, 7880, 1038038085, 7896, 1037899297, 8137, 1038337756, 8153, 1038336769, 7889, 1038337117, 7881, 1038336458, 7897, 1038335608, 200, 1038038168, 8138, 1038617866, 216, 1037899324, 8154, 1038764632, 208, 1037928990, 7890, 1038732651, 7882, 1038617971, 7898, 1038764586, 8139, 1038303756, 8155, 1038300173, 7891, 1038303820, 7883, 1038304965, 7899, 1038301369, 8140, 1021076687, 8156, 1021116751, 7892, 1021108393, 7884, 1021076187, 7900, 1021116436, 8141, 1022063928, 8157, 1022039112, 7893, 1022031404, 7901, 1022037043, 7885, 1022061853, 8142, 1021575737, 201, 1038338212, 7902, 1022020176, 8158, 1022018153, 217, 1038337105, 7895, 1021154736, 7903, 1021057854, 8143, 1021485350, 8159, 1021057558, 202, 1038617820, 7894, 1021918657, 7886, 1021578066, 7887, 1021485653, 211, 1038302189, 214, 1021915304, 207, 1021485791, 220, 1021116228, 222, 1022016979, 210, 1038732684, 218, 1038764652, 205, 1022065217, 209, 1038338689, 204, 1021076329, 223, 1021058113, 215, 1021154862, 213, 1022034813, 212, 1021108355, 221, 1022040291, 203, 1038303384, 219, 1038299792, 206, 1021574368]
[INFO] (lattice_cell.c: 455): on tick 21 of 50
[INFO] (lattice_cell.c: 172): the unmatched_packets is 56
[7888, 1037868535, 7880, 1037986057, 7896, 1037883771, 8136, 1037986197, 8152, 1037883795, 7889, 1038342761, 7881, 1038340861, 7897, 1038344168, 8137, 1038342169, 8153, 1038345360, 7890, 1038785807, 7882, 1038666391, 8138, 1038666297, 7898, 1038769710, 8154, 1038769730, 7891, 1038310528, 8139, 1038306554, 7883, 1038307841, 7899, 1038309030, 8155, 1038307858, 8140, 1021289677, 7892, 1021200798, 7884, 1021288506, 7900, 1021155813, 8156, 1021156920, 8141, 1021851089, 200, 1037986250, 7893, 1021934899, 8143, 1021277398, 8159, 1021090652, 216, 1037883810, 208, 1037868616, 7895, 1021151271, 8157, 1021984100, 7887, 1021278489, 8142, 1021775322, 7885, 1021849766, 7901, 1021982909, 8158, 1021973650, 7894, 1021911395, 209, 1038344421, 7902, 1021974881, 7886, 1021776855, 7903, 1021091870, 204, 1021290062, 203, 1038306126, 205, 1021851567, 202, 1038666278, 221, 1021984447, 213, 1021936624, 206, 1021774753, 222, 1021973210, 219, 1038307540, 214, 1021909523, 207, 1021276999, 223, 1021090284, 218, 1038769726, 201, 1038342644, 211, 1038308911, 217, 1038345700, 220, 1021157195, 212, 1021202253, 215, 1021149611, 210, 1038785821]
[INFO] (lattice_cell.c: 455): on tick 22 of 50
[INFO] (lattice_cell.c: 172): the unmatched_packets is 56
[8136, 1038072738, 7888, 1037937472, 8152, 1037904267, 7880, 1038072670, 7896, 1037904262, 8137, 1038337745, 8153, 1038338765, 7889, 1038338159, 7881, 1038336452, 7897, 1038337641, 8138, 1038583158, 200, 1038072729, 8154, 1038759134, 216, 1037904275, 208, 1037937460, 7890, 1038724782, 7882, 1038583291, 7898, 1038759092, 8139, 1038302795, 8155, 1038301513, 7891, 1038304180, 7883, 1038304031, 7899, 1038302710, 8140, 1021022247, 8156, 1021068869, 7892, 1020997210, 7884, 1021021703, 7900, 1021068416, 201, 1038338219, 8141, 1022121032, 217, 1038339075, 8157, 1022075793, 7893, 1022138664, 7885, 1022118971, 8142, 1021748728, 8158, 1021933832, 7901, 1022073760, 7894, 1021948651, 7886, 1021750947, 8159, 1021137830, 202, 1038583099, 8143, 1021317659, 218, 1038759154, 7902, 1021935834, 7895, 1021125707, 7903, 1021138165, 7887, 1021317919, 211, 1038302518, 205, 1022122278, 213, 1022142032, 206, 1021747474, 207, 1021318154, 215, 1021125897, 220, 1021068438, 209, 1038339732, 214, 1021945410, 223, 1021138354, 212, 1020997377, 221, 1022077025, 210, 1038724801, 203, 1038302388, 222, 1021932716, 219, 1038301165, 204, 1021021904]
[INFO] (lattice_cell.c: 455): on tick 23 of 50
[INFO] (lattice_cell.c: 172): the unmatched_packets is 56
[8136, 1038020780, 7888, 1037879776, 8152, 1037844828, 7880, 1038020646, 7896, 1037844792, 8137, 1038343527, 8153, 1038343734, 7889, 1038343517, 7881, 1038342204, 7897, 1038342514, 8138, 1038630223, 208, 1037879886, 200, 1038020842, 216, 1037844859, 8154, 1038810557, 7890, 1038773872, 7882, 1038630322, 7898, 1038810523, 8139, 1038307169, 8155, 1038307282, 7891, 1038309571, 7883, 1038308431, 7899, 1038308471, 8140, 1021255379, 8156, 1021233668, 7892, 1021275227, 7884, 1021254233, 7900, 1021232706, 8141, 1021878239, 8157, 1021912204, 7893, 1021858260, 7885, 1021876969, 7901, 1021910967, 8142, 1021674984, 8158, 1021993461, 209, 1038345140, 7894, 1021975630, 7886, 1021676591, 7902, 1021994780, 7895, 1021090574, 8143, 1021375769, 8159, 1021072795, 7903, 1021073959, 7887, 1021376881, 210, 1038773948, 202, 1038630227, 218, 1038810587, 220, 1021233858, 221, 1021912593, 222, 1021992953, 201, 1038343987, 217, 1038344089, 207, 1021375354, 211, 1038307922, 219, 1038306965, 212, 1021276546, 223, 1021072463, 215, 1021089015, 204, 1021255689, 213, 1021860104, 214, 1021973690, 203, 1038306777, 206, 1021674309, 205, 1021878729]
[INFO] (lattice_cell.c: 455): on tick 24 of 50
[INFO] (lattice_cell.c: 172): the unmatched_packets is 56
[8136, 1038008190, 7888, 1037924897, 8152, 1037925848, 7880, 1038008126, 7896, 1037925868, 8137, 1038335522, 8153, 1038338409, 7889, 1038336323, 7881, 1038334245, 7897, 1038337280, 8138, 1038649198, 8154, 1038737377, 200, 1038008184, 7890, 1038737533, 7882, 1038649346, 7898, 1038737349, 216, 1037925844, 208, 1037924899, 8139, 1038303230, 8155, 1038301593, 7891, 1038304666, 7883, 1038304461, 7899, 1038302771, 8140, 1021164416, 8156, 1020977260, 7892, 1021029829, 7884, 1021163744, 7900, 1020976723, 8141, 1021985842, 8157, 1022171331, 217, 1038338723, 7893, 1022112197, 7885, 1021983687, 7901, 1022169358, 8142, 1021714721, 7894, 1021929946, 7886, 1021716954, 7902, 1021984310, 8158, 1021982434, 218, 1038737384, 202, 1038649127, 8143, 1021348338, 210, 1038737515, 8159, 1021091005, 7887, 1021348644, 7895, 1021142547, 7903, 1021091389, 203, 1038302802, 219, 1038301240, 204, 1021164199, 220, 1020976902, 205, 1021987137, 206, 1021713544, 211, 1038303020, 215, 1021142571, 201, 1038335975, 209, 1038337918, 223, 1021091492, 212, 1021030076, 213, 1022115514, 222, 1021981399, 221, 1022172447, 207, 1021348765, 214, 1021926853]
[INFO] (lattice_cell.c: 455): on tick 25 of 50
[INFO] (lattice_cell.c: 172): the unmatched_packets is 56
[8136, 1038038357, 8152, 1037870584, 7888, 1037905543, 7880, 1038038212, 7896, 1037870547, 8137, 1038344512, 8153, 1038345606, 7889, 1038345169, 7881, 1038343132, 7897, 1038344409, 8138, 1038613145, 8154, 1038782971, 7890, 1038747544, 7882, 1038613240, 7898, 1038782906, 216, 1037870634, 208, 1037905650, 200, 1038038419, 8139, 1038306718, 8155, 1038307417, 7891, 1038310367, 7883, 1038307985, 7899, 1038308617, 8140, 1021106831, 8156, 1021248109, 7892, 1021146037, 7884, 1021105870, 7900, 1021247228, 8141, 1022024739, 8157, 1021888894, 7893, 1021978875, 7885, 1022023494, 7901, 1021887600, 217, 1038345934, 8142, 1021742299, 7894, 1021914214, 202, 1038613145, 8158, 1021974147, 8143, 1021312147, 7895, 1021151072, 8159, 1021092537, 7903, 1021093626, 203, 1038306303, 7886, 1021744002, 7902, 1021975535, 7887, 1021313108, 212, 1021147139, 220, 1021248220, 213, 1021980667, 206, 1021741521, 222, 1021973553, 207, 1021311819, 215, 1021149658, 204, 1021106949, 205, 1022025203, 219, 1038307102, 214, 1021912055, 218, 1038783016, 210, 1038747645, 221, 1021889376, 201, 1038345024, 209, 1038346847, 211, 1038308728, 223, 1021092256]
[INFO] (lattice_cell.c: 455): on tick 26 of 50
[INFO] (lattice_cell.c: 172): the unmatched_packets is 56
[8136, 1038043998, 7888, 1037891459, 8152, 1037884191, 7880, 1038043927, 7896, 1037884186, 8137, 1038336074, 8153, 1038335856, 7889, 1038335562, 7881, 1038334837, 7897, 1038334733, 8138, 1038611964, 8154, 1038780360, 7890, 1038771890, 7882, 1038612124, 7898, 1038780351, 216, 1037884184, 208, 1037891453, 200, 1038043989, 8139, 1038303305, 8155, 1038301752, 7891, 1038304294, 7883, 1038304529, 7899, 1038302926, 8140, 1021185760, 8156, 1021090144, 7892, 1021170269, 7884, 1021184900, 7900, 1021089526, 8141, 1021961747, 8157, 1022066269, 7893, 1021974218, 7885, 1021959654, 7901, 1022064263, 8142, 1021722301, 8158, 1021968203, 7894, 1021957104, 7902, 1021970027, 7886, 1021724391, 217, 1038336173, 8143, 1021341470, 7895, 1021115110, 7903, 1021103643, 7887, 1021341913, 201, 1038336503, 8159, 1021103128, 219, 1038301387, 204, 1021185699, 205, 1021962976, 207, 1021341825, 206, 1021721255, 214, 1021954235, 212, 1021170890, 215, 1021114936, 223, 1021103514, 220, 1021089885, 213, 1021977588, 222, 1021967294, 209, 1038337074, 202, 1038611891, 218, 1038780354, 210, 1038771873, 221, 1022067354, 203, 1038302880, 211, 1038302625]
[INFO] (lattice_cell.c: 455): on tick 27 of 50
[INFO] (lattice_cell.c: 172): the unmatched_packets is 56
[8136, 1038019546, 7888, 1037906416, 8152, 1037893211, 7880, 1038019394, 7896, 1037893176, 8137, 1038344001, 8153, 1038346123, 7889, 1038344436, 7881, 1038342614, 7897, 1038344887, 8138, 1038631978, 8154, 1038760547, 7890, 1038747191, 7882, 1038632079, 7898, 1038760475, 200, 1038019611, 216, 1037893250, 208, 1037906532, 8139, 1038306667, 8155, 1038307660, 7891, 1038309927, 7883, 1038307937, 7899, 1038308853, 8140, 1021190488, 8156, 1021088424, 7892, 1021092672, 7884, 1021189672, 7900, 1021087698, 8141, 1021941870, 8157, 1022046641, 209, 1038346180, 7893, 1022037003, 7901, 1022045367, 7885, 1021940531, 8142, 1021696561, 7894, 1021962270, 7902, 1021967226, 7886, 1021698404, 8158, 1021965738, 7887, 1021357252, 8159, 1021102852, 8143, 1021356381, 7895, 1021106175, 7903, 1021103783, 203, 1038306256, 204, 1021190506, 212, 1021093365, 221, 1022047104, 206, 1021695634, 207, 1021356144, 215, 1021104995, 211, 1038308260, 213, 1022038913, 214, 1021959849, 202, 1038631976, 218, 1038760592, 210, 1038747275, 201, 1038344526, 222, 1021965008, 217, 1038346479, 205, 1021942475, 220, 1021088365, 223, 1021102687, 219, 1038307350]
[INFO] (lattice_cell.c: 455): on tick 28 of 50
[INFO] (lattice_cell.c: 172): the unmatched_packets is 56
[7888, 1037921856, 8136, 1038020949, 7880, 1038020854, 8152, 1037885114, 7896, 1037885125, 8137, 1038335320, 7889, 1038335975, 8153, 1038337078, 7881, 1038334067, 7897, 1038336000, 8138, 1038636291, 8154, 1038778828, 7890, 1038740191, 7882, 1038636473, 7898, 1038778799, 216, 1037885101, 8139, 1038303683, 8155, 1038302507, 7891, 1038305144, 7883, 1038304913, 7899, 1038303680, 208, 1037921857, 8140, 1021150326, 8156, 1021166985, 7892, 1021117181, 7884, 1021149355, 7900, 1021166155, 8141, 1021999584, 8157, 1021984173, 7893, 1022024253, 7901, 1021982227, 7885, 1021997578, 8142, 1021717789, 8158, 1021979633, 7894, 1021934086, 7902, 1021981313, 217, 1038337343, 7903, 1021088857, 8143, 1021344638, 8159, 1021088226, 7886, 1021719810, 7895, 1021136902, 7887, 1021345185, 203, 1038303252, 219, 1038302148, 207, 1021344844, 215, 1021136462, 204, 1021150383, 212, 1021118100, 220, 1021166942, 221, 1021985181, 202, 1038636210, 206, 1021716822, 213, 1022027343, 214, 1021931459, 223, 1021088483, 209, 1038337485, 201, 1038335769, 200, 1038020941, 211, 1038303487, 205, 1022000724, 210, 1038740180, 222, 1021978864, 218, 1038778834]
[INFO] (lattice_cell.c: 455): on tick 29 of 50
[INFO] (lattice_cell.c: 172): the unmatched_packets is 56
[8136, 1038033838, 7888, 1037900046, 8152, 1037878194, 7880, 1038033694, 7896, 1037878160, 8137, 1038344404, 8153, 1038345332, 7889, 1038344979, 7881, 1038342998, 7897, 1038344087, 8138, 1038617564, 8154, 1038775996, 7890, 1038753232, 7882, 1038617675, 7898, 1038775928, 200, 1038033891, 8139, 1038306523, 8155, 1038306823, 7891, 1038309166, 216, 1037878237, 7883, 1038307790, 7899, 1038308024, 8140, 1021135988, 208, 1037900139, 8156, 1021127445, 7892, 1021152109, 7884, 1021135295, 7900, 1021126882, 8141, 1021994974, 8157, 1022011032, 7893, 1021973468, 7901, 1022009610, 7885, 1021993541, 8142, 1021729490, 201, 1038344935, 7894, 1021925383, 7886, 1021731477, 7902, 1021987243, 8158, 1021985621, 209, 1038346723, 8143, 1021326209, 8159, 1021085874, 7895, 1021144836, 217, 1038345693, 7887, 1021326900, 7903, 1021086692, 218, 1038776046, 210, 1038753352, 203, 1038306121, 211, 1038307506, 204, 1021135880, 212, 1021152646, 221, 1022011645, 213, 1021975650, 206, 1021728448, 222, 1021984780, 205, 1021995668, 214, 1021922734, 219, 1038306501, 207, 1021326118, 202, 1038617559, 220, 1021127224, 215, 1021143905, 223, 1021085854]
[INFO] (lattice_cell.c: 455): on tick 30 of 50
[INFO] (lattice_cell.c: 172): the unmatched_packets is 56
[8136, 1038038952, 7888, 1037896399, 8152, 1037895463, 7880, 1038038851, 7896, 1037895453, 8137, 1038335885, 8153, 1038336010, 7889, 1038335380, 7881, 1038334635, 7897, 1038334925, 8138, 1038617257, 8154, 1038768446, 7890, 1038766999, 7882, 1038617428, 7898, 1038768426, 8139, 1038304354, 8155, 1038300878, 7891, 1038305424, 7883, 1038305591, 7899, 1038302026, 216, 1037895471, 8140, 1021179117, 8156, 1021102421, 7892, 1021139713, 7884, 1021178005, 7900, 1021101508, 8141, 1021969222, 8157, 1022051790, 7893, 1022004301, 7901, 1022050000, 7885, 1021967323, 8142, 1021721281, 7894, 1021946891, 7886, 1021723186, 7902, 1021975555, 8158, 1021973960, 8159, 1021102712, 201, 1038336318, 8143, 1021338108, 7903, 1021103518, 7895, 1021122170, 7887, 1021338789, 202, 1038617180, 218, 1038768456, 203, 1038303913, 219, 1038300527, 212, 1021140840, 221, 1022052657, 204, 1021179326, 223, 1021102815, 207, 1021338188, 222, 1021973285, 214, 1021944491, 211, 1038303741, 210, 1038766999, 217, 1038336293, 206, 1021720460, 220, 1021102469, 215, 1021121429, 208, 1037896414, 200, 1038038948, 205, 1021970220, 213, 1022007228, 209, 1038336881]
[INFO] (lattice_cell.c: 455): on tick 31 of 50
[INFO] (lattice_cell.c: 172): the unmatched_packets is 56
[8136, 1038024934, 7888, 1037904720, 8152, 1037886970, 7880, 1038024789, 7896, 1037886950, 8137, 1038343801, 8153, 1038345897, 7889, 1038344308, 7881, 1038342392, 7897, 1038344659, 8138, 1038626665, 8154, 1038766695, 7890, 1038748948, 7882, 1038626776, 7898, 1038766625, 8139, 1038306000, 8155, 1038307010, 7891, 1038311421, 7883, 1038307273, 7899, 1038308231, 8140, 1021177778, 8156, 1021123745, 7892, 1021102559, 7884, 1021177182, 7900, 1021123273, 8141, 1021954472, 8157, 1022011095, 7893, 1022025930, 7885, 1021952884, 7901, 1022009581, 8142, 1021706564, 216, 1037886999, 7894, 1021953873, 7902, 1021963291, 7886, 1021708688, 8143, 1021349947, 7895, 1021109674, 7903, 1021110303, 7887, 1021350532, 201, 1038344349, 8158, 1021961631, 8159, 1021109681, 218, 1038766742, 204, 1021177548, 205, 1021955324, 213, 1022028351, 206, 1021705392, 215, 1021109081, 212, 1021102792, 221, 1022011833, 219, 1038306675, 200, 1038024981, 223, 1021109875, 208, 1037904817, 214, 1021951021, 202, 1038626651, 210, 1038749045, 220, 1021123428, 222, 1021960734, 207, 1021349997, 209, 1038346073, 217, 1038346252, 203, 1038305600, 211, 1038309740]
[INFO] (lattice_cell.c: 455): on tick 32 of 50
[INFO] (lattice_cell.c: 172): the unmatched_packets is 56
[8136, 1038024389, 8152, 1037885589, 7888, 1037918868, 7880, 1038024273, 7896, 1037885583, 8137, 1038336332, 8153, 1038336837, 7889, 1038336095, 7881, 1038335074, 7897, 1038335753, 8138, 1038632636, 8154, 1038778521, 7890, 1038743193, 7882, 1038632818, 7898, 1038778488, 8139, 1038302407, 8155, 1038303525, 7891, 1038305723, 7883, 1038303645, 7899, 1038304651, 216, 1037885595, 8140, 1021157928, 8156, 1021151138, 208, 1037918900, 7892, 1021124751, 7884, 1021156736, 7900, 1021150121, 8141, 1021987593, 8157, 1022000319, 200, 1038024402, 7893, 1022016410, 7901, 1021998606, 7885, 1021985844, 8158, 1021980914, 7894, 1021942977, 7902, 1021982486, 7886, 1021719570, 8142, 1021717748, 8159, 1021083621, 7895, 1021126085, 201, 1038336787, 8143, 1021350059, 7887, 1021350879, 7903, 1021084634, 218, 1038778550, 203, 1038301972, 211, 1038304085, 212, 1021126134, 219, 1038303212, 220, 1021151328, 202, 1038632571, 217, 1038337108, 221, 1022001061, 209, 1038337600, 213, 1022019034, 222, 1021980268, 207, 1021349961, 223, 1021083490, 210, 1038743218, 206, 1021716981, 214, 1021940688, 204, 1021158240, 215, 1021124981, 205, 1021988469]
[INFO] (lattice_cell.c: 455): on tick 33 of 50
[INFO] (lattice_cell.c: 172): the unmatched_packets is 56
[8136, 1038028947, 7888, 1037901424, 8152, 1037872171, 7880, 1038028807, 7896, 1037872155, 8137, 1038343310, 8153, 1038344818, 7889, 1038343637, 7881, 1038341891, 7897, 1038343595, 8138, 1038622657, 8154, 1038782437, 7890, 1038751960, 7882, 1038622798, 7898, 1038782378, 8139, 1038306097, 8155, 1038304970, 7891, 1038308554, 7883, 1038307380, 7899, 1038306227, 216, 1037872205, 8140, 1021144718, 8156, 1021113811, 7892, 1021142988, 7884, 1021144212, 7900, 1021113457, 8141, 1021989664, 7893, 1021986832, 7901, 1022023290, 7885, 1021987953, 8157, 1022024957, 8142, 1021721940, 8158, 1021968891, 7894, 1021926204, 7902, 1021970550, 7886, 1021724114, 209, 1038345382, 7895, 1021147420, 217, 1038345176, 8159, 1021111364, 201, 1038343856, 8143, 1021335734, 7887, 1021336111, 7903, 1021111805, 202, 1038622620, 218, 1038782480, 219, 1038304581, 205, 1021990666, 221, 1022025825, 222, 1021967990, 206, 1021720710, 223, 1021111762, 203, 1038305662, 213, 1021989575, 210, 1038752049, 208, 1037901482, 211, 1038306797, 204, 1021144393, 212, 1021143093, 200, 1038028981, 207, 1021335964, 220, 1021113379, 214, 1021923312, 215, 1021147204]
[INFO] (lattice_cell.c: 455): on tick 34 of 50
[INFO] (lattice_cell.c: 172): the unmatched_packets is 56
[8136, 1038038711, 7888, 1037905920, 8152, 1037910544, 7880, 1038038590, 7896, 1037910537, 8137, 1038334778, 8153, 1038337415, 7889, 1038336365, 7881, 1038333502, 7897, 1038336317, 8138, 1038617602, 8154, 1038752695, 7890, 1038757013, 7882, 1038617765, 7898, 1038752656, 8139, 1038305122, 8155, 1038303731, 7891, 1038307614, 7883, 1038306342, 7899, 1038304838, 200, 1038038731, 8140, 1021172905, 8156, 1021120543, 7892, 1021141338, 7884, 1021171638, 7900, 1021119465, 8141, 1021979733, 8157, 1022028461, 7893, 1021998056, 7901, 1022026938, 7885, 1021978132, 8142, 1021726179, 8158, 1022023462, 7894, 1021952602, 7902, 1022025003, 7886, 1021728004, 8159, 1021042716, 8143, 1021330493, 202, 1038617552, 7895, 1021108568, 7887, 1021331478, 7903, 1021043878, 219, 1038303447, 222, 1022022852, 215, 1021107083, 212, 1021142845, 214, 1021950304, 205, 1021980471, 209, 1038337899, 210, 1038757066, 218, 1038752725, 211, 1038306022, 204, 1021173300, 206, 1021725440, 216, 1037910562, 208, 1037905962, 203, 1038304729, 213, 1022000473, 221, 1022029070, 220, 1021120783, 201, 1038335254, 207, 1021330207, 217, 1038337698, 223, 1021042425]
[INFO] (lattice_cell.c: 455): on tick 35 of 50
[INFO] (lattice_cell.c: 172): the unmatched_packets is 56
[7888, 1037887346, 8136, 1038024453, 8152, 1037862094, 7880, 1038024313, 7896, 1037862094, 8137, 1038342786, 7889, 1038345007, 8153, 1038344269, 7881, 1038341409, 7897, 1038343054, 8138, 1038627215, 8154, 1038792343, 7890, 1038766975, 7882, 1038627365, 7898, 1038792269, 216, 1037862115, 208, 1037887413, 200, 1038024486, 8139, 1038304071, 8155, 1038307649, 7891, 1038308811, 7883, 1038305382, 7899, 1038308887, 8140, 1021170188, 8156, 1021111917, 7892, 1021100829, 7884, 1021169669, 7900, 1021111567, 8141, 1021965466, 8157, 1022027390, 7893, 1022023210, 7885, 1021963541, 7901, 1022025605, 201, 1038343296, 8142, 1021701907, 8158, 1021875053, 7894, 1021912853, 7886, 1021704101, 7902, 1021876828, 209, 1038346717, 8143, 1021363007, 8159, 1021194009, 7895, 1021161371, 7887, 1021363271, 7903, 1021194356, 203, 1038303610, 211, 1038307010, 219, 1038307268, 204, 1021169841, 205, 1021966628, 222, 1021874060, 213, 1022026217, 223, 1021194480, 212, 1021100808, 215, 1021161405, 206, 1021700646, 202, 1038627175, 210, 1038767048, 218, 1038792373, 217, 1038344600, 214, 1021909888, 220, 1021111405, 207, 1021363405, 221, 1022028378]
[INFO] (lattice_cell.c: 455): on tick 36 of 50
[INFO] (lattice_cell.c: 172): the unmatched_packets is 56
[7888, 1037938029, 8136, 1038037189, 7880, 1038037059, 8152, 1037916770, 7896, 1037916752, 8137, 1038337715, 7889, 1038337166, 8153, 1038336159, 7881, 1038336376, 7897, 1038335047, 200, 1038037195, 8138, 1038619461, 8154, 1038746498, 7890, 1038723555, 7882, 1038619639, 7898, 1038746448, 208, 1037938067, 216, 1037916790, 201, 1038338238, 8139, 1038305152, 8155, 1038299679, 7891, 1038305246, 7883, 1038306361, 7899, 1038300846, 209, 1038338761, 217, 1038336451, 8140, 1021174621, 7892, 1021133965, 8156, 1021159074, 7884, 1021173376, 7900, 1021157976, 202, 1038619407, 8141, 1021965462, 8157, 1021995838, 7893, 1022003741, 7885, 1021964036, 7901, 1021994437, 210, 1038723614, 8142, 1021746184, 8158, 1022102889, 218, 1038746549, 7894, 1022027826, 7902, 1022104239, 7886, 1021747997, 8143, 1021310754, 8159, 1020978774, 7895, 1021044235, 7887, 1021311811, 203, 1038304758, 7903, 1020979965, 211, 1038303649, 204, 1021175011, 212, 1021135491, 220, 1021159365, 213, 1022005785, 222, 1022102433, 206, 1021745458, 221, 1021996336, 223, 1020978471, 214, 1022025703, 215, 1021042605, 205, 1021966034, 219, 1038299358, 207, 1021310339]
[INFO] (lattice_cell.c: 455): on tick 37 of 50
[INFO] (lattice_cell.c: 172): the unmatched_packets is 56
[8136, 1038009100, 7888, 1037876961, 8152, 1037852451, 7880, 1038008938, 7896, 1037852459, 8137, 1038340258, 8153, 1038343447, 7889, 1038341868, 7881, 1038338912, 7897, 1038342268, 8138, 1038643019, 8154, 1038802478, 7890, 1038777096, 7882, 1038643191, 7898, 1038802431, 216, 1037852467, 200, 1038009137, 208, 1037877002, 8139, 1038306752, 8155, 1038310019, 7891, 1038312735, 7883, 1038308066, 7899, 1038311189, 8140, 1021132888, 8156, 1021115683, 7892, 1021120671, 7884, 1021132402, 7900, 1021115383, 8141, 1022012243, 8157, 1022025896, 7893, 1022014045, 7885, 1022010165, 7901, 1022023944, 8142, 1021644534, 8158, 1021844468, 201, 1038340757, 7894, 1021810396, 7902, 1021846431, 7886, 1021646832, 217, 1038343777, 8143, 1021410646, 7895, 1021246881, 7903, 1021215443, 7887, 1021410852, 209, 1038343520, 8159, 1021215039, 218, 1038802514, 205, 1022013561, 210, 1038777180, 203, 1038306281, 219, 1038309695, 211, 1038310985, 220, 1021115179, 212, 1021120712, 213, 1022017425, 222, 1021843293, 207, 1021411097, 215, 1021246920, 223, 1021215466, 202, 1038642973, 221, 1022027033, 214, 1021807127, 204, 1021132530, 206, 1021643214]
[INFO] (lattice_cell.c: 455): on tick 38 of 50
[INFO] (lattice_cell.c: 172): the unmatched_packets is 56
[8136, 1038056114, 7888, 1037929619, 8152, 1037898873, 7880, 1038055998, 7896, 1037898860, 8137, 1038338421, 8153, 1038338664, 7889, 1038339328, 7881, 1038337051, 7897, 1038337511, 8138, 1038600026, 8154, 1038765203, 7890, 1038732749, 7882, 1038600202, 7898, 1038765121, 208, 1037929656, 200, 1038056112, 216, 1037898897, 8139, 1038301026, 8155, 1038300720, 7891, 1038302720, 7883, 1038302255, 7899, 1038301941, 8140, 1021198468, 8156, 1021111256, 7892, 1021152347, 7884, 1021197154, 7900, 1021110196, 8141, 1021940274, 8157, 1022032999, 7893, 1021976303, 7885, 1021938988, 7901, 1022031734, 209, 1038340991, 8142, 1021844916, 201, 1038338958, 8158, 1022070785, 7894, 1022077697, 7902, 1022071989, 7886, 1021846612, 8143, 1021228739, 8159, 1021008885, 7895, 1021004371, 7887, 1021229775, 7903, 1021009968, 203, 1038300627, 204, 1021198881, 212, 1021153886, 205, 1021940760, 207, 1021228348, 215, 1021002870, 222, 1022070492, 223, 1021008641, 220, 1021111497, 211, 1038300988, 213, 1021978140, 210, 1038732829, 202, 1038599956, 218, 1038765255, 217, 1038338981, 206, 1021844294, 214, 1022075949, 221, 1022033377, 219, 1038300331]
[INFO] (lattice_cell.c: 455): on tick 39 of 50
[INFO] (lattice_cell.c: 172): the unmatched_packets is 56
[8136, 1038017699, 8152, 1037902066, 7888, 1037892327, 7880, 1038017553, 7896, 1037902043, 8137, 1038342318, 8153, 1038341801, 7889, 1038341480, 7881, 1038340981, 7897, 1038340657, 8138, 1038633932, 8154, 1038750960, 7890, 1038761410, 7882, 1038634086, 7898, 1038750910, 8139, 1038309436, 8155, 1038308009, 7891, 1038312213, 7883, 1038310704, 7899, 1038309148, 200, 1038017749, 8140, 1021104141, 8156, 1021129281, 7892, 1021103800, 7884, 1021103620, 7900, 1021128920, 8141, 1022031977, 8157, 1022020789, 7893, 1022032545, 7901, 1022018735, 7885, 1022029835, 8158, 1021963596, 216, 1037902093, 7894, 1021836109, 7886, 1021568428, 7902, 1021965622, 8142, 1021565929, 8159, 1021104852, 201, 1038342817, 7895, 1021224186, 8143, 1021477957, 202, 1038633898, 7887, 1021478211, 7903, 1021105373, 218, 1038750999, 219, 1038307729, 212, 1021103781, 205, 1022033341, 223, 1021105240, 215, 1021223980, 206, 1021564460, 208, 1037892406, 221, 1022021972, 222, 1021962351, 207, 1021478303, 213, 1022036065, 217, 1038342096, 209, 1038343109, 210, 1038761479, 204, 1021103788, 220, 1021128779, 211, 1038310591, 214, 1021832516, 203, 1038309012]
[INFO] (lattice_cell.c: 455): on tick 40 of 50
[INFO] (lattice_cell.c: 172): the unmatched_packets is 56
[8136, 1038021776, 7888, 1037889170, 8152, 1037868593, 7880, 1038021651, 7896, 1037868611, 8137, 1038334400, 8153, 1038338793, 7889, 1038336654, 7881, 1038333011, 7897, 1038337613, 8138, 1038635417, 8154, 1038795839, 7890, 1038774401, 7882, 1038635615, 7898, 1038795758, 200, 1038021778, 208, 1037889176, 216, 1037868600, 8139, 1038301395, 8155, 1038301281, 7891, 1038304743, 7883, 1038302710, 7899, 1038302499, 8140, 1021269203, 8156, 1021147257, 7892, 1021155650, 7884, 1021267941, 7900, 1021146185, 8141, 1021884411, 8157, 1021993462, 7893, 1021982301, 7885, 1021883104, 7901, 1021992255, 8142, 1021846016, 7894, 1021985010, 7886, 1021847569, 7902, 1021925503, 201, 1038334939, 8158, 1021924302, 209, 1038338360, 8143, 1021225839, 8159, 1021150706, 7887, 1021226721, 202, 1038635352, 7895, 1021089352, 7903, 1021151751, 203, 1038300922, 219, 1038300902, 211, 1038302925, 212, 1021157178, 205, 1021884916, 206, 1021845529, 207, 1021225555, 220, 1021147542, 223, 1021150459, 213, 1021984099, 221, 1021993824, 218, 1038795881, 210, 1038774485, 214, 1021983380, 217, 1038339126, 204, 1021269614, 222, 1021923959, 215, 1021088071]
[INFO] (lattice_cell.c: 455): on tick 41 of 50
[INFO] (lattice_cell.c: 172): the unmatched_packets is 56
[8136, 1038059280, 7888, 1037946909, 8152, 1037891681, 7880, 1038059103, 7896, 1037891663, 8137, 1038344848, 8153, 1038343808, 7889, 1038345939, 7881, 1038343504, 7897, 1038342693, 8138, 1038591662, 8154, 1038762617, 7890, 1038705184, 7882, 1038591830, 7898, 1038762539, 208, 1037947017, 8139, 1038307786, 200, 1038059319, 216, 1037891729, 8155, 1038308959, 7891, 1038311636, 7883, 1038308984, 7899, 1038310129, 8140, 1021034903, 8156, 1021085102, 7892, 1021047529, 7884, 1021034369, 7900, 1021084770, 8141, 1022092385, 8157, 1022056869, 7893, 1022073901, 7885, 1022090312, 7901, 1022054784, 8142, 1021651445, 7894, 1021967521, 7902, 1022004566, 7886, 1021654006, 209, 1038347537, 8158, 1022002532, 8143, 1021400393, 7895, 1021096670, 7887, 1021400824, 8159, 1021063553, 7903, 1021064073, 202, 1038591625, 218, 1038762676, 219, 1038308639, 212, 1021047593, 215, 1021096346, 201, 1038345371, 211, 1038309989, 207, 1021400646, 214, 1021964032, 223, 1021063921, 210, 1038705293, 217, 1038344104, 221, 1022058069, 203, 1038307408, 205, 1022093636, 206, 1021649892, 220, 1021084612, 222, 1022001324, 213, 1022077355, 204, 1021034506]
[INFO] (lattice_cell.c: 455): on tick 42 of 50
[INFO] (lattice_cell.c: 172): the unmatched_packets is 56
[8136, 1037992238, 7888, 1037872556, 8152, 1037876025, 7880, 1037992124, 7896, 1037876029, 8137, 1038335050, 8153, 1038335061, 7889, 1038334235, 7881, 1038333678, 7897, 1038333872, 8138, 1038665175, 8154, 1038788296, 7890, 1038790730, 7882, 1038665383, 7898, 1038788251, 8139, 1038302296, 8155, 1038300415, 7891, 1038303998, 7883, 1038303632, 7899, 1038301649, 8140, 1021280540, 8156, 1021200715, 7892, 1021262727, 7884, 1021279248, 7900, 1021199705, 8141, 1021868307, 8157, 1021956578, 7893, 1021882090, 7885, 1021866843, 7901, 1021955316, 8142, 1021702589, 7894, 1021906458, 7902, 1022013051, 7886, 1021704218, 8158, 1022011909, 8143, 1021365404, 8159, 1021066906, 7903, 1021067904, 7887, 1021366170, 7895, 1021168478, 217, 1038335400, 218, 1038788339, 219, 1038300038, 205, 1021868982, 213, 1021884113, 215, 1021167193, 212, 1021264229, 222, 1022011613, 223, 1021066733, 202, 1038665094, 221, 1021956991, 214, 1021904690, 216, 1037876033, 201, 1038335570, 209, 1038335948, 208, 1037872565, 200, 1037992229, 204, 1021281043, 211, 1038302216, 220, 1021200937, 210, 1038790765, 206, 1021702049, 203, 1038301817, 207, 1021365183]
[INFO] (lattice_cell.c: 455): on tick 43 of 50
[INFO] (lattice_cell.c: 172): the unmatched_packets is 56
[8136, 1038049076, 7888, 1037918278, 8152, 1037912663, 7880, 1038048894, 7896, 1037912639, 8137, 1038342490, 8153, 1038345955, 7889, 1038344266, 7881, 1038341102, 7897, 1038344833, 8138, 1038602476, 8154, 1038740228, 7890, 1038735537, 7882, 1038602635, 7898, 1038740137, 8139, 1038307790, 200, 1038049126, 8155, 1038309381, 216, 1037912717, 208, 1037918357, 7891, 1038312281, 7883, 1038309016, 7899, 1038310495, 8140, 1021080995, 8156, 1021006264, 7892, 1020990542, 7884, 1021080512, 7900, 1021005846, 201, 1038343057, 8141, 1022057521, 8157, 1022126377, 7893, 1022136247, 7885, 1022055594, 7901, 1022124398, 8142, 1021770127, 7894, 1021927042, 7886, 1021772628, 7902, 1021929492, 217, 1038346240, 8158, 1021927439, 8143, 1021281417, 7895, 1021135646, 202, 1038602449, 8159, 1021138381, 218, 1038740301, 210, 1038735691, 7903, 1021139050, 7887, 1021281876, 211, 1038310648, 204, 1021080560, 205, 1022058646, 213, 1022139426, 206, 1021768666, 214, 1021923507, 222, 1021926175, 221, 1022127448, 220, 1021005821, 215, 1021135212, 209, 1038345930, 219, 1038309095, 207, 1021281646, 223, 1021138641, 212, 1020990607, 203, 1038307376]
[INFO] (lattice_cell.c: 455): on tick 44 of 50
[INFO] (lattice_cell.c: 172): the unmatched_packets is 56
[8136, 1038047763, 7888, 1037900927, 8152, 1037855805, 7880, 1038047642, 7896, 1037855828, 8137, 1038336803, 8153, 1038336101, 7889, 1038337229, 7881, 1038335452, 7897, 1038334927, 8138, 1038608299, 8154, 1038809050, 7890, 1038761769, 7882, 1038608523, 7898, 1038808993, 8139, 1038302262, 8155, 1038301031, 200, 1038047739, 208, 1037900932, 216, 1037855809, 7891, 1038304172, 7883, 1038303586, 7899, 1038302302, 8140, 1021183611, 8156, 1021258140, 7892, 1021216474, 7884, 1021182325, 7900, 1021257190, 8141, 1021958480, 8157, 1021892803, 7893, 1021918304, 7885, 1021956969, 7901, 1021891379, 8142, 1021697143, 8158, 1021985382, 7894, 1021982780, 7886, 1021698752, 7902, 1021986561, 8143, 1021371867, 8159, 1021090012, 7895, 1021093227, 7887, 1021372598, 7903, 1021090855, 201, 1038337308, 217, 1038336423, 202, 1038608214, 219, 1038300628, 211, 1038302288, 204, 1021184058, 205, 1021959259, 215, 1021092214, 218, 1038809077, 222, 1021985040, 203, 1038301803, 206, 1021696545, 207, 1021371710, 223, 1021089939, 210, 1038761811, 220, 1021258366, 212, 1021217994, 213, 1021920662, 214, 1021981104, 209, 1038338840, 221, 1021893374]
[INFO] (lattice_cell.c: 455): on tick 45 of 50
[INFO] (lattice_cell.c: 172): the unmatched_packets is 56
[7888, 1037904722, 7880, 1038003435, 8136, 1038003626, 7896, 1037904033, 8152, 1037904057, 7889, 1038342714, 8137, 1038341699, 8153, 1038343343, 7897, 1038342189, 7881, 1038340325, 8138, 1038648545, 7890, 1038748743, 8154, 1038749906, 7898, 1038749796, 7882, 1038648708, 8139, 1038307844, 8155, 1038308725, 7891, 1038311363, 7899, 1038309846, 7883, 1038309044, 8140, 1021209153, 8156, 1021024034, 7892, 1021102365, 7884, 1021208529, 7900, 1021023594, 8141, 1021929532, 8157, 1022120726, 7893, 1022030743, 7901, 1022118922, 7885, 1021927555, 8142, 1021683449, 8158, 1021992305, 7894, 1021937591, 7886, 1021686022, 7902, 1021994265, 216, 1037904098, 208, 1037904838, 200, 1038003685, 8143, 1021366839, 7903, 1021076106, 8159, 1021075346, 209, 1038344435, 7895, 1021127422, 7887, 1021367441, 202, 1038648516, 211, 1038309763, 205, 1021930642, 221, 1022121603, 215, 1021126666, 220, 1021023556, 223, 1021075524, 222, 1021991173, 218, 1038749985, 210, 1038748864, 201, 1038342267, 213, 1022033679, 203, 1038307438, 206, 1021681979, 204, 1021208843, 214, 1021934118, 217, 1038343670, 207, 1021366909, 219, 1038308426, 212, 1021102467]
[INFO] (lattice_cell.c: 455): on tick 46 of 50
[INFO] (lattice_cell.c: 172): the unmatched_packets is 56
[8136, 1038032383, 8152, 1037890270, 7888, 1037917656, 7880, 1038032263, 7896, 1037890288, 8137, 1038336826, 8153, 1038337878, 7889, 1038337301, 7881, 1038335418, 7897, 1038336733, 8138, 1038624784, 8154, 1038773207, 7890, 1038744726, 7882, 1038625025, 7898, 1038773140, 8139, 1038302652, 8155, 1038299511, 7891, 1038304984, 7883, 1038304011, 7899, 1038300777, 8140, 1021115173, 8156, 1021172039, 7892, 1021091464, 7884, 1021114073, 7900, 1021171119, 8141, 1022028328, 8157, 1021971807, 7893, 1022041764, 7885, 1022026768, 7901, 1021970255, 8142, 1021748800, 7894, 1021914579, 7886, 1021750512, 7902, 1021970676, 8158, 1021969451, 8143, 1021319233, 216, 1037890272, 7895, 1021159523, 8159, 1021114214, 7903, 1021114999, 201, 1038337369, 217, 1038338144, 7887, 1021319772, 218, 1038773241, 212, 1021092802, 205, 1022029166, 221, 1021972523, 222, 1021968999, 203, 1038302163, 204, 1021115479, 220, 1021172239, 209, 1038338968, 213, 1022044224, 206, 1021748151, 223, 1021114241, 207, 1021319242, 215, 1021158714, 202, 1038624688, 219, 1038299113, 210, 1038744771, 200, 1038032360, 208, 1037917616, 211, 1038303114, 214, 1021912638]
[INFO] (lattice_cell.c: 455): on tick 47 of 50
[INFO] (lattice_cell.c: 172): the unmatched_packets is 56
[8136, 1038048171, 7888, 1037894231, 8152, 1037865399, 7880, 1038047986, 7896, 1037865373, 8137, 1038341961, 8153, 1038342682, 7889, 1038342882, 7881, 1038340604, 7897, 1038341520, 8138, 1038602827, 8154, 1038789345, 7890, 1038759558, 7882, 1038602989, 7898, 1038789241, 8139, 1038307622, 8155, 1038308405, 216, 1037865457, 208, 1037894332, 7891, 1038313153, 200, 1038048215, 7883, 1038308817, 7899, 1038309525, 8140, 1021154411, 8156, 1021144455, 7892, 1021176478, 7884, 1021153633, 7900, 1021143922, 217, 1038343021, 8141, 1021984161, 8157, 1022000867, 7893, 1021954735, 7885, 1021982356, 201, 1038342508, 7901, 1021999113, 8142, 1021722644, 8158, 1021968160, 7894, 1021947378, 7902, 1021970106, 7886, 1021725069, 8143, 1021329860, 8159, 1021099562, 7895, 1021109651, 7903, 1021100464, 7887, 1021330579, 218, 1038789419, 202, 1038602803, 205, 1021985120, 221, 1022001675, 209, 1038344531, 206, 1021721303, 214, 1021944161, 223, 1021099589, 203, 1038307237, 219, 1038308110, 211, 1038311505, 220, 1021144088, 210, 1038759747, 207, 1021329814, 213, 1021957643, 215, 1021108700, 204, 1021154243, 212, 1021176946, 222, 1021967071]
[INFO] (lattice_cell.c: 455): on tick 48 of 50
[INFO] (lattice_cell.c: 172): the unmatched_packets is 56
[8136, 1038025184, 7888, 1037904236, 8152, 1037899583, 7880, 1038025051, 7896, 1037899609, 8137, 1038337380, 8153, 1038337487, 7889, 1038337127, 7881, 1038335984, 7897, 1038336309, 8138, 1038631447, 8154, 1038764310, 7890, 1038758801, 7882, 1038631695, 7898, 1038764244, 8139, 1038300836, 8155, 1038302232, 7891, 1038304875, 7883, 1038302189, 7899, 1038303496, 8140, 1021203626, 8156, 1021068739, 7892, 1021122896, 7884, 1021202619, 7900, 1021067983, 8141, 1021936306, 8157, 1022078264, 7893, 1022012431, 7885, 1021934536, 7901, 1022076700, 8142, 1021699867, 208, 1037904238, 7894, 1021963302, 7886, 1021701726, 7902, 1021987328, 8158, 1021985992, 216, 1037899577, 8143, 1021374240, 8159, 1021088243, 7887, 1021374696, 7903, 1021088894, 217, 1038337790, 7895, 1021111039, 218, 1038764344, 202, 1038631363, 211, 1038302986, 205, 1021937320, 221, 1022079046, 214, 1021961184, 223, 1021088383, 201, 1038337909, 209, 1038338829, 219, 1038301840, 200, 1038025155, 207, 1021374306, 220, 1021068734, 212, 1021123834, 206, 1021699047, 203, 1038300342, 204, 1021203859, 213, 1022015138, 222, 1021985426, 210, 1038758827, 215, 1021110434]
[INFO] (lattice_cell.c: 455): on tick 49 of 50
[INFO] (lattice_cell.c: 172): the unmatched_packets is 56
[7888, 1037912361, 8136, 1038018058, 8152, 1037893753, 7880, 1038017873, 7896, 1037893749, 8137, 1038341045, 7889, 1038342113, 8153, 1038343478, 7881, 1038339654, 7897, 1038342369, 8138, 1038634175, 8154, 1038759650, 7890, 1038740952, 7882, 1038634361, 7898, 1038759528, 8139, 1038307286, 8155, 1038306607, 7891, 1038310992, 7883, 1038308504, 7899, 1038307756, 200, 1038018103, 216, 1037893795, 208, 1037912435, 8140, 1021155026, 8156, 1021150751, 7892, 1021092278, 7884, 1021154181, 7900, 1021149993, 8141, 1021986742, 8157, 1021991254, 7893, 1022041633, 7885, 1021985010, 7901, 1021989601, 8142, 1021712075, 8158, 1021981378, 7894, 1021926670, 7886, 1021714441, 7902, 1021983078, 8143, 1021340946, 8159, 1021093570, 7895, 1021140904, 7887, 1021341750, 7903, 1021094519, 201, 1038341641, 209, 1038343818, 203, 1038306875, 211, 1038309364, 220, 1021150581, 205, 1021987583, 221, 1021991960, 206, 1021710864, 214, 1021923691, 218, 1038759751, 210, 1038741101, 219, 1038306277, 223, 1021093564, 217, 1038343785, 222, 1021980522, 207, 1021340807, 215, 1021139733, 202, 1038634145, 204, 1021154961, 212, 1021093007, 213, 1022044164]
[INFO] (lattice_cell.c: 455): on tick 50 of 50
[INFO] (lattice_cell.c: 466): updating recording regions
[INFO] (recording.c: 507): 	Finalising channel 0 - state info stored in SDRAM
[INFO] (recording.c: 512): closed channel 0.
[INFO] (lattice_cell.c: 470): Simulation complete.

