[INFO] (lattice_cell.c: 604): starting lattice cell
[INFO] (lattice_cell.c: 526): Initialise: started
[INFO] (data_specification.c: 78): magic = ad130ad6, version = 1.0
[INFO] (lattice_cell.c: 555): my key is 344
[INFO] (lattice_cell.c: 562): I'm in position ( 1, 11)
[INFO] (lattice_cell.c: 568): my n key is 88
[INFO] (lattice_cell.c: 574): my U_X = 0.009928127750754356
[INFO] (lattice_cell.c: 575): my U_Y = 0.0004903926164843142
[INFO] (lattice_cell.c: 583): input_buffer initialised
[INFO] (recording.c: 563): Recording 1 regions, using output tag 0, size before trigger 7686388, time between triggers 50
[INFO] (recording.c: 665): Recording channel 0 configured to use 7686132 byte memory block starting at 0x6618e6f4
[INFO] (lattice_cell.c: 588): Recording flags = 0x00000001
[INFO] (lattice_cell.c: 619): setting timer to execute every 200000 microseconds
[INFO] (lattice_cell.c: 627): Starting

[INFO] (simulation.c: 159): Setting the runtime of this model to 50 starting at 0
[INFO] (simulation.c: 161): Setting the flag of infinite run for this model to 0
[INFO] (simulation.c: 175): Resuming
[INFO] (lattice_cell.c: 455): on tick 0 of 50
[96, 1038779062, 336, 1038758220, 592, 1038758216, 608, 1038779066, 88, 1038776233, 80, 1038758216, 352, 1038779070, 600, 1038776235, 97, 1038341186, 337, 1038341152, 81, 1038341578, 593, 1038339871, 89, 1038341240, 609, 1038339483, 353, 1038340762, 601, 1038339535, 98, 1037885268, 338, 1037904556, 90, 1037887879, 82, 1037904550, 354, 1037885272, 339, 1038297274, 99, 1038296448, 355, 1038296882, 340, 1022004232, 596, 1022002879, 356, 1022025139, 341, 1021148057, 342, 1021106686, 614, 1021088654, 357, 1021128715, 343, 1021957843, 599, 1021959180, 358, 1021087463, 359, 1021978631, 95, 1021975350, 83, 1038296838, 594, 1037904552, 610, 1037885270, 602, 1037887881, 595, 1038298539, 611, 1038298149, 603, 1038298201, 100, 1022025590, 612, 1022023784, 597, 1021146848, 613, 1021127512, 605, 1021130131, 93, 1021131736, 606, 1021091257, 615, 1021979974, 87, 1021957383, 91, 1038296500, 92, 1022022752, 84, 1022004682, 101, 1021129115, 604, 1022020945, 85, 1021148457, 102, 1021087054, 86, 1021106276, 94, 1021089658, 103, 1021978171, 598, 1021107879, 607, 1021977151]
[INFO] (lattice_cell.c: 455): on tick 1 of 50
[INFO] (lattice_cell.c: 172): the unmatched_packets is 56
[96, 1038773350, 336, 1038726105, 592, 1038726107, 352, 1038773356, 80, 1038726097, 88, 1038766383, 608, 1038773352, 600, 1038766381, 97, 1038349264, 337, 1038347160, 593, 1038345933, 81, 1038347556, 353, 1038348868, 89, 1038348972, 609, 1038347645, 601, 1038347353, 98, 1037881093, 338, 1037926663, 82, 1037926663, 594, 1037926653, 90, 1037887809, 354, 1037881099, 610, 1037881089, 602, 1037887801, 99, 1038305157, 83, 1038305385, 91, 1038305197, 339, 1038305775, 595, 1038307008, 355, 1038305543, 84, 1022073242, 340, 1022071945, 356, 1022020206, 101, 1021123758, 341, 1021077160, 85, 1021076752, 93, 1021116397, 357, 1021124168, 102, 1021081785, 342, 1021143119, 606, 1021090778, 358, 1021081391, 343, 1021909760, 87, 1021908448, 359, 1021974469, 605, 1021116321, 95, 1021963826, 603, 1038306808, 611, 1038306766, 100, 1022021501, 596, 1022069832, 92, 1022029732, 604, 1022026311, 612, 1022018083, 597, 1021076700, 613, 1021123675, 598, 1021143595, 614, 1021081865, 94, 1021090693, 607, 1021967236, 86, 1021143505, 103, 1021973175, 599, 1021911871, 615, 1021976586]
[INFO] (lattice_cell.c: 455): on tick 2 of 50
[INFO] (lattice_cell.c: 172): the unmatched_packets is 56
[96, 1038782613, 336, 1038804109, 592, 1038804109, 352, 1038782611, 88, 1038793758, 80, 1038804111, 600, 1038793752, 608, 1038782611, 97, 1038342161, 337, 1038342633, 81, 1038343047, 593, 1038341360, 353, 1038341721, 89, 1038343077, 609, 1038340438, 98, 1037882680, 338, 1037859948, 594, 1037859956, 354, 1037882676, 602, 1037871651, 90, 1037871647, 339, 1038297991, 355, 1038297064, 603, 1038298432, 340, 1021864827, 605, 1021169407, 357, 1021135562, 606, 1021082015, 342, 1021100461, 358, 1021086351, 343, 1021968670, 359, 1021981768, 597, 1021277358, 613, 1021134464, 94, 1021080612, 84, 1021865280, 607, 1021988986, 614, 1021087452, 615, 1021983057, 601, 1038341363, 82, 1037859944, 610, 1037882680, 99, 1038296632, 595, 1038299276, 611, 1038298348, 612, 1022015730, 356, 1022017012, 92, 1021977895, 341, 1021278533, 93, 1021170854, 598, 1021101557, 102, 1021086042, 599, 1021969963, 83, 1038297561, 91, 1038296717, 100, 1022017438, 596, 1021863523, 604, 1021976173, 101, 1021135898, 86, 1021100151, 103, 1021981351, 87, 1021968265, 85, 1021278909, 95, 1021987290]
[INFO] (lattice_cell.c: 455): on tick 3 of 50
[INFO] (lattice_cell.c: 172): the unmatched_packets is 56
[96, 1038760302, 336, 1038716408, 592, 1038716414, 352, 1038760302, 88, 1038727003, 80, 1038716412, 608, 1038760302, 600, 1038727009, 97, 1038347805, 337, 1038347594, 593, 1038346367, 353, 1038347449, 89, 1038347016, 81, 1038348002, 609, 1038346259, 601, 1038345429, 98, 1037893718, 338, 1037936088, 594, 1037936058, 82, 1037936110, 354, 1037893710, 610, 1037893702, 602, 1037925588, 339, 1038307589, 355, 1038306045, 340, 1022188932, 100, 1022056596, 356, 1022055326, 341, 1020953932, 357, 1021094854, 342, 1021119734, 598, 1021120317, 614, 1021091638, 343, 1021936501, 358, 1021091083, 599, 1021938662, 615, 1021965850, 359, 1021963742, 90, 1037925606, 99, 1038305695, 595, 1038308786, 83, 1038307211, 603, 1038308011, 91, 1038306466, 611, 1038307227, 612, 1022053212, 101, 1021094524, 597, 1020953494, 93, 1021006792, 605, 1021006693, 606, 1021114535, 94, 1021114296, 103, 1021962464, 95, 1021939780, 84, 1022190127, 596, 1022186827, 92, 1022145966, 85, 1020953485, 604, 1022142644, 102, 1021091404, 86, 1021120056, 87, 1021935208, 607, 1021943196, 613, 1021094322]
[INFO] (lattice_cell.c: 455): on tick 4 of 50
[INFO] (lattice_cell.c: 172): the unmatched_packets is 56
[96, 1038815749, 80, 1038755458, 336, 1038755468, 592, 1038755478, 352, 1038815747, 608, 1038815749, 600, 1038817398, 88, 1038817400, 97, 1038343469, 81, 1038340923, 89, 1038341253, 337, 1038340539, 353, 1038343063, 601, 1038339624, 609, 1038341796, 82, 1037906213, 338, 1037906239, 354, 1037850499, 339, 1038299147, 99, 1038296242, 355, 1038296670, 340, 1021917667, 612, 1021919516, 341, 1021227897, 94, 1021085845, 342, 1021134392, 357, 1021225163, 343, 1021936612, 607, 1021984966, 358, 1021065446, 359, 1022004557, 93, 1021306955, 593, 1038339286, 98, 1037850503, 594, 1037906259, 610, 1037850507, 602, 1037847926, 90, 1037847902, 595, 1038300437, 603, 1038298470, 596, 1021916307, 92, 1021844607, 597, 1021226727, 356, 1021920833, 605, 1021305504, 613, 1021224128, 598, 1021135337, 614, 1021066414, 606, 1021087003, 599, 1021937880, 103, 1022004125, 87, 1021936189, 83, 1038298712, 100, 1021921307, 611, 1038297970, 84, 1021918212, 101, 1021225437, 85, 1021228270, 102, 1021065256, 86, 1021134180, 91, 1038296752, 95, 1021983292, 615, 1022005813, 604, 1021842736]
[INFO] (lattice_cell.c: 455): on tick 5 of 50
[INFO] (lattice_cell.c: 172): the unmatched_packets is 56
[336, 1038755466, 96, 1038728540, 592, 1038755460, 80, 1038755490, 352, 1038728536, 88, 1038760272, 600, 1038760266, 608, 1038728544, 97, 1038348865, 337, 1038346763, 593, 1038345548, 353, 1038348473, 89, 1038347178, 81, 1038347173, 609, 1038347274, 338, 1037897676, 98, 1037924528, 594, 1037897630, 601, 1038345559, 354, 1037924516, 82, 1037897718, 90, 1037893983, 602, 1037893925, 610, 1037924502, 99, 1038306674, 339, 1038307810, 83, 1038307448, 91, 1038307008, 595, 1038308998, 355, 1038307002, 84, 1022012215, 340, 1022011124, 356, 1022189001, 101, 1020956592, 604, 1022145762, 341, 1021129771, 357, 1020956962, 102, 1021098133, 598, 1021124099, 342, 1021123405, 614, 1021098592, 358, 1021097914, 599, 1021934012, 343, 1021931877, 359, 1021957209, 605, 1021000851, 95, 1021974948, 606, 1021081421, 603, 1038308514, 611, 1038308144, 100, 1022190096, 92, 1022148835, 596, 1022009137, 612, 1022186996, 613, 1020956437, 103, 1021955989, 607, 1021978299, 615, 1021959308, 597, 1021129300, 93, 1021000921, 94, 1021080948, 86, 1021123593, 87, 1021930601, 85, 1021129379]
[INFO] (lattice_cell.c: 455): on tick 6 of 50
[INFO] (lattice_cell.c: 172): the unmatched_packets is 56
[336, 1038759849, 96, 1038799719, 592, 1038759877, 352, 1038799735, 80, 1038759823, 88, 1038766221, 600, 1038766245, 608, 1038799725, 97, 1038342839, 337, 1038339676, 593, 1038338419, 353, 1038342493, 89, 1038340906, 81, 1038340064, 601, 1038339311, 609, 1038341274, 98, 1037865076, 338, 1037903160, 82, 1037903136, 90, 1037897330, 594, 1037903180, 354, 1037865086, 602, 1037897374, 610, 1037865098, 99, 1038296478, 83, 1038299236, 595, 1038300968, 339, 1038299672, 91, 1038297893, 355, 1038296910, 603, 1038299601, 611, 1038298192, 100, 1021870159, 340, 1022021992, 356, 1021869534, 101, 1021276055, 341, 1021123953, 613, 1021274755, 357, 1021275798, 342, 1021127288, 606, 1021099288, 358, 1021092897, 103, 1021976468, 343, 1021946138, 87, 1021945669, 359, 1021976929, 95, 1021973459, 607, 1021975203, 84, 1022022670, 596, 1022020535, 92, 1022002733, 612, 1021868103, 604, 1022000668, 597, 1021122911, 102, 1021092852, 598, 1021128109, 599, 1021947452, 85, 1021124243, 605, 1021146331, 86, 1021127229, 94, 1021098432, 93, 1021147647, 614, 1021093693, 615, 1021978197]
[INFO] (lattice_cell.c: 455): on tick 7 of 50
[INFO] (lattice_cell.c: 172): the unmatched_packets is 56
[336, 1038748572, 96, 1038781629, 592, 1038748540, 352, 1038781619, 80, 1038748606, 600, 1038768501, 88, 1038768551, 608, 1038781603, 97, 1038348118, 337, 1038346025, 593, 1038344818, 353, 1038347726, 89, 1038347368, 81, 1038346421, 609, 1038346535, 601, 1038345789, 98, 1037873334, 338, 1037904403, 82, 1037904451, 594, 1037904347, 354, 1037873314, 90, 1037884776, 610, 1037873286, 602, 1037884712, 99, 1038306453, 339, 1038308671, 83, 1038308319, 595, 1038309835, 91, 1038307268, 355, 1038306765, 611, 1038307898, 100, 1022068999, 340, 1022020932, 356, 1022068067, 341, 1021119651, 357, 1021079031, 85, 1021119346, 605, 1021144072, 358, 1021074410, 343, 1021940544, 599, 1021942619, 359, 1021980870, 598, 1021116909, 606, 1021094943, 603, 1038308736, 596, 1022019065, 84, 1022021879, 92, 1022000936, 604, 1021998134, 612, 1022066202, 101, 1021078729, 342, 1021116091, 102, 1021074505, 94, 1021094206, 607, 1021963643, 95, 1021960440, 597, 1021119037, 93, 1021144361, 86, 1021116154, 103, 1021979723, 87, 1021939352, 613, 1021078455, 614, 1021075202, 615, 1021982900]
[INFO] (lattice_cell.c: 455): on tick 8 of 50
[INFO] (lattice_cell.c: 172): the unmatched_packets is 56
[336, 1038751238, 352, 1038774538, 592, 1038751278, 96, 1038774516, 600, 1038780822, 608, 1038774552, 80, 1038751210, 337, 1038339879, 353, 1038341242, 593, 1038338618, 97, 1038341580, 601, 1038338895, 81, 1038340253, 338, 1037910940, 354, 1037890199, 98, 1037890181, 610, 1037890211, 82, 1037910920, 339, 1038299880, 355, 1038297729, 340, 1022009709, 356, 1022043879, 101, 1021105752, 341, 1021134173, 598, 1021129427, 357, 1021105628, 342, 1021128757, 343, 1021945691, 358, 1021085096, 359, 1021987478, 92, 1022015562, 103, 1021986950, 607, 1021974881, 88, 1038780773, 609, 1038340025, 89, 1038340490, 594, 1037910960, 602, 1037883764, 90, 1037883731, 603, 1038299676, 99, 1038297315, 91, 1038297966, 604, 1022013234, 93, 1021134428, 102, 1021085215, 614, 1021085758, 87, 1021945116, 595, 1038301186, 611, 1038299013, 100, 1022044626, 596, 1022008120, 85, 1021134345, 612, 1022042354, 94, 1021099629, 597, 1021133247, 86, 1021128834, 605, 1021133402, 613, 1021104756, 95, 1021972975, 83, 1038299448, 84, 1022010516, 606, 1021100208, 615, 1021988844, 599, 1021947074]
[INFO] (lattice_cell.c: 455): on tick 9 of 50
[INFO] (lattice_cell.c: 172): the unmatched_packets is 56
[336, 1038749311, 96, 1038766839, 592, 1038749278, 352, 1038766822, 600, 1038772870, 608, 1038766798, 80, 1038749356, 88, 1038772941, 337, 1038345660, 97, 1038348222, 593, 1038344451, 353, 1038347852, 81, 1038346050, 89, 1038346318, 601, 1038344763, 609, 1038346683, 98, 1037886686, 338, 1037903676, 594, 1037903618, 354, 1037886664, 90, 1037881117, 82, 1037903724, 610, 1037886641, 602, 1037881050, 99, 1038306913, 339, 1038308891, 91, 1038307887, 83, 1038308538, 595, 1038310044, 355, 1038307208, 611, 1038308319, 603, 1038309329, 340, 1022001921, 356, 1022014513, 341, 1021137795, 604, 1022028179, 357, 1021129737, 342, 1021122675, 358, 1021083711, 343, 1021933675, 615, 1021973602, 359, 1021971685, 85, 1021137628, 614, 1021084617, 607, 1021973149, 606, 1021086889, 100, 1022015298, 596, 1022000184, 84, 1022002744, 92, 1022030673, 612, 1022012802, 101, 1021129551, 597, 1021137062, 605, 1021115231, 102, 1021083666, 599, 1021935661, 103, 1021970669, 613, 1021129012, 93, 1021115761, 598, 1021123630, 94, 1021085897, 87, 1021932601, 95, 1021970167, 86, 1021122603]
[INFO] (lattice_cell.c: 455): on tick 10 of 50
[INFO] (lattice_cell.c: 172): the unmatched_packets is 56
[336, 1038757046, 96, 1038780241, 592, 1038757083, 352, 1038780261, 80, 1038757010, 88, 1038772549, 608, 1038780284, 600, 1038772597, 97, 1038341963, 337, 1038339323, 593, 1038338069, 353, 1038341627, 89, 1038340230, 81, 1038339703, 601, 1038338663, 609, 1038340422, 98, 1037884266, 338, 1037905710, 82, 1037905698, 594, 1037905720, 354, 1037884275, 90, 1037891348, 602, 1037891376, 610, 1037884277, 99, 1038297492, 339, 1038300235, 83, 1038299797, 91, 1038298495, 595, 1038301541, 355, 1038297889, 603, 1038300193, 340, 1022008613, 356, 1022005043, 612, 1022003381, 341, 1021134449, 605, 1021118750, 342, 1021131673, 606, 1021095391, 358, 1021094957, 343, 1021943400, 87, 1021942707, 359, 1021976319, 85, 1021134483, 86, 1021131903, 95, 1021978872, 615, 1021977753, 598, 1021132209, 611, 1038299172, 100, 1022005940, 596, 1022006889, 92, 1022030146, 84, 1022009558, 604, 1022027573, 101, 1021141732, 597, 1021133670, 357, 1021141763, 93, 1021119493, 614, 1021095476, 103, 1021975668, 599, 1021944886, 607, 1021981000, 102, 1021095212, 613, 1021141049, 94, 1021095084]
[INFO] (lattice_cell.c: 455): on tick 11 of 50
[INFO] (lattice_cell.c: 172): the unmatched_packets is 56
[336, 1038752064, 96, 1038777578, 592, 1038752030, 352, 1038777561, 80, 1038752120, 88, 1038766264, 608, 1038777529, 600, 1038766184, 97, 1038347742, 337, 1038345276, 81, 1038345666, 593, 1038344067, 353, 1038347376, 89, 1038346364, 609, 1038346217, 601, 1038344814, 98, 1037876867, 338, 1037901203, 82, 1037901249, 90, 1037887173, 594, 1037901161, 354, 1037876847, 355, 1038306494, 339, 1038309174, 603, 1038309268, 83, 1038308829, 340, 1022013084, 84, 1022013761, 356, 1022015813, 101, 1021127965, 341, 1021126638, 605, 1021128038, 85, 1021126606, 357, 1021128021, 606, 1021091234, 342, 1021120382, 615, 1021981226, 358, 1021080058, 343, 1021936944, 359, 1021979456, 613, 1021127167, 100, 1022016440, 599, 1021938825, 610, 1037876829, 602, 1037887117, 99, 1038306205, 595, 1038310325, 611, 1038307590, 91, 1038307840, 92, 1022016268, 597, 1021125755, 93, 1021128855, 598, 1021121439, 102, 1021079918, 94, 1021089999, 607, 1021969716, 596, 1022011494, 604, 1022014049, 612, 1022014254, 86, 1021120200, 103, 1021978593, 614, 1021081077, 95, 1021967023, 87, 1021936014]
[INFO] (lattice_cell.c: 455): on tick 12 of 50
[INFO] (lattice_cell.c: 172): the unmatched_packets is 56
[336, 1038754282, 352, 1038786659, 96, 1038786641, 592, 1038754312, 88, 1038776155, 80, 1038754261, 608, 1038786676, 600, 1038776186, 337, 1038339138, 97, 1038341204, 353, 1038340890, 593, 1038337885, 81, 1038339509, 89, 1038339920, 609, 1038339694, 601, 1038338381, 338, 1037908246, 98, 1037878296, 354, 1037878294, 82, 1037908238, 594, 1037908233, 90, 1037887958, 602, 1037887962, 99, 1038298532, 339, 1038300747, 355, 1038298903, 91, 1038299638, 611, 1038300155, 100, 1022036669, 340, 1022015372, 356, 1022035679, 341, 1021127682, 93, 1021132743, 342, 1021127822, 357, 1021112338, 343, 1021946962, 358, 1021100055, 359, 1021970613, 612, 1022033899, 102, 1021100388, 614, 1021100489, 607, 1021970707, 610, 1037878294, 595, 1038302036, 83, 1038300302, 603, 1038301329, 596, 1022013503, 84, 1022016437, 604, 1022012780, 92, 1022015603, 101, 1021112141, 605, 1021132325, 613, 1021111769, 598, 1021128264, 94, 1021101929, 103, 1021969774, 95, 1021968316, 85, 1021127565, 597, 1021127065, 86, 1021128159, 87, 1021946132, 606, 1021102014, 615, 1021972233, 599, 1021948581]
[INFO] (lattice_cell.c: 455): on tick 13 of 50
[INFO] (lattice_cell.c: 172): the unmatched_packets is 56
[336, 1038747662, 96, 1038754097, 592, 1038747627, 352, 1038754088, 88, 1038768059, 80, 1038747687, 608, 1038754072, 600, 1038767992, 337, 1038345276, 97, 1038347826, 593, 1038344065, 353, 1038347480, 81, 1038345679, 89, 1038346074, 601, 1038344528, 609, 1038346331, 98, 1037899178, 338, 1037905429, 594, 1037905399, 354, 1037899160, 90, 1037885758, 82, 1037905466, 602, 1037885714, 610, 1037899140, 99, 1038308637, 339, 1038308313, 595, 1038309483, 91, 1038307573, 83, 1038307970, 355, 1038308945, 603, 1038309032, 611, 1038310074, 100, 1022013405, 340, 1022007277, 84, 1022007841, 92, 1022014049, 596, 1022005803, 604, 1022012083, 356, 1022012901, 101, 1021130596, 341, 1021131304, 357, 1021130522, 102, 1021031832, 342, 1021120786, 598, 1021121936, 358, 1021032004, 343, 1021940655, 103, 1022018980, 615, 1022021150, 87, 1021939863, 359, 1022019615, 613, 1021129547, 85, 1021131414, 597, 1021130279, 93, 1021130188, 605, 1021129101, 606, 1021082060, 599, 1021942369, 86, 1021120504, 95, 1021979098, 94, 1021080714, 607, 1021981435, 614, 1021033041, 612, 1022011482]
[INFO] (lattice_cell.c: 455): on tick 14 of 50
[INFO] (lattice_cell.c: 172): the unmatched_packets is 56
[336, 1038757687, 96, 1038808477, 592, 1038757710, 352, 1038808485, 80, 1038757688, 88, 1038789920, 600, 1038789926, 608, 1038808484, 337, 1038338726, 81, 1038339102, 353, 1038340405, 89, 1038339304, 338, 1037904989, 82, 1037905007, 354, 1037856826, 339, 1038301501, 99, 1038298757, 596, 1022008555, 355, 1038299077, 604, 1022033533, 100, 1022036954, 612, 1022033961, 597, 1021131793, 605, 1021112657, 102, 1021190717, 342, 1021138425, 606, 1021135846, 357, 1021111700, 599, 1021936207, 343, 1021934386, 607, 1021946727, 90, 1037874688, 358, 1021190344, 359, 1021879614, 91, 1038297797, 101, 1021111373, 95, 1021943929, 598, 1021138804, 602, 1037874670, 614, 1021190752, 615, 1021881485, 97, 1038340722, 593, 1038337497, 601, 1038337774, 98, 1037856823, 609, 1038339226, 610, 1037856826, 595, 1038302783, 611, 1038300268, 340, 1022010530, 341, 1021132304, 356, 1022035864, 93, 1021112814, 94, 1021135834, 103, 1021878551, 594, 1037904975, 83, 1038301072, 603, 1038299406, 84, 1022011697, 92, 1022036580, 85, 1021132049, 86, 1021138824, 613, 1021111255, 87, 1021933405]
[INFO] (lattice_cell.c: 455): on tick 15 of 50
[INFO] (lattice_cell.c: 172): the unmatched_packets is 56
[592, 1038740398, 336, 1038740411, 600, 1038740216, 96, 1038735339, 352, 1038735323, 608, 1038735305, 88, 1038740254, 80, 1038740437, 593, 1038344035, 337, 1038345258, 601, 1038344851, 97, 1038348153, 353, 1038347826, 609, 1038346689, 89, 1038346378, 81, 1038345658, 594, 1037912585, 338, 1037912615, 98, 1037917781, 602, 1037912493, 354, 1037917765, 610, 1037917747, 90, 1037912535, 82, 1037912643, 99, 1038306250, 339, 1038310733, 603, 1038309251, 355, 1038306598, 83, 1038310351, 596, 1021997381, 340, 1021998748, 356, 1021994702, 341, 1021138734, 357, 1021147047, 598, 1021092469, 102, 1020936338, 612, 1021993406, 358, 1020936504, 103, 1022125521, 343, 1021961571, 91, 1038307722, 359, 1022125932, 101, 1021147232, 614, 1020937570, 615, 1022127221, 595, 1038311916, 611, 1038307771, 100, 1021995101, 84, 1021999216, 92, 1022004390, 597, 1021137608, 342, 1021091302, 95, 1022056600, 613, 1021145979, 85, 1021138962, 93, 1021138867, 606, 1021005675, 86, 1021090978, 94, 1021004283, 87, 1021960976, 599, 1021963075, 607, 1022058469, 604, 1022002652, 605, 1021137577]
[INFO] (lattice_cell.c: 455): on tick 16 of 50
[INFO] (lattice_cell.c: 172): the unmatched_packets is 56
[336, 1038780202, 96, 1038806889, 592, 1038780206, 352, 1038806894, 80, 1038780210, 608, 1038806896, 88, 1038812007, 600, 1038811991, 97, 1038340215, 337, 1038338267, 593, 1038337038, 353, 1038339905, 89, 1038338659, 81, 1038338639, 609, 1038338726, 601, 1038337132, 98, 1037858085, 338, 1037883218, 594, 1037883192, 82, 1037883232, 90, 1037853001, 354, 1037858071, 99, 1038300017, 339, 1038301649, 83, 1038301253, 355, 1038300299, 340, 1022028826, 100, 1022025760, 356, 1022024606, 84, 1022030080, 341, 1021114269, 101, 1021122125, 605, 1021109999, 357, 1021122565, 342, 1021200533, 86, 1021200946, 343, 1021872705, 358, 1021231854, 359, 1021834068, 604, 1022035830, 103, 1021832879, 598, 1021200894, 610, 1037858065, 602, 1037852989, 595, 1038302906, 91, 1038300532, 603, 1038302055, 611, 1038301453, 596, 1022026742, 92, 1022039044, 597, 1021113883, 613, 1021122234, 614, 1021232240, 85, 1021113924, 93, 1021109956, 102, 1021232267, 612, 1022022627, 94, 1021236723, 87, 1021871507, 95, 1021832185, 607, 1021835421, 615, 1021836065, 606, 1021236693, 599, 1021874724]
[INFO] (lattice_cell.c: 455): on tick 17 of 50
[INFO] (lattice_cell.c: 172): the unmatched_packets is 56
[336, 1038713132, 96, 1038776926, 592, 1038713128, 352, 1038776920, 80, 1038713148, 608, 1038776899, 600, 1038739301, 88, 1038739349, 337, 1038344839, 97, 1038347564, 593, 1038343614, 353, 1038347250, 81, 1038345228, 89, 1038346319, 601, 1038344800, 609, 1038346103, 98, 1037877790, 338, 1037939205, 594, 1037939166, 354, 1037877782, 82, 1037939229, 90, 1037913950, 602, 1037913921, 99, 1038307209, 339, 1038308310, 83, 1038307910, 355, 1038307541, 340, 1021991945, 596, 1021990657, 356, 1022031628, 341, 1021148016, 85, 1021148349, 342, 1020995552, 357, 1021110261, 614, 1021018394, 599, 1022069771, 343, 1022068470, 358, 1021017304, 359, 1022043158, 92, 1022006780, 612, 1022030398, 597, 1021146832, 86, 1020995232, 615, 1022044410, 610, 1037877782, 595, 1038309541, 603, 1038308256, 91, 1038306678, 611, 1038308708, 100, 1022031969, 604, 1022005168, 598, 1020996737, 103, 1022042819, 87, 1022068046, 607, 1022125398, 95, 1022123820, 84, 1021992362, 93, 1021136258, 102, 1021017044, 94, 1020942990, 605, 1021134830, 101, 1021110517, 606, 1020944388, 613, 1021109129]
[INFO] (lattice_cell.c: 455): on tick 18 of 50
[INFO] (lattice_cell.c: 172): the unmatched_packets is 56
[336, 1038787033, 96, 1038763280, 592, 1038787029, 352, 1038763268, 80, 1038787039, 88, 1038781091, 600, 1038781061, 608, 1038763262, 337, 1038338194, 97, 1038340633, 593, 1038336955, 353, 1038340337, 81, 1038338574, 89, 1038339442, 601, 1038337930, 609, 1038339188, 98, 1037900531, 338, 1037876182, 594, 1037876160, 354, 1037900519, 82, 1037876195, 90, 1037882690, 602, 1037882653, 610, 1037900501, 99, 1038299114, 339, 1038303159, 83, 1038302777, 595, 1038304381, 355, 1038299426, 91, 1038300364, 603, 1038301863, 611, 1038300603, 100, 1022021400, 340, 1022024260, 84, 1022025518, 356, 1022020224, 341, 1021116859, 101, 1021127425, 357, 1021127957, 342, 1021281563, 358, 1021064592, 343, 1021785574, 103, 1022005783, 597, 1021116496, 359, 1022006925, 86, 1021281986, 596, 1022022147, 92, 1022013837, 604, 1022010561, 612, 1022018187, 85, 1021116433, 614, 1021064889, 599, 1021787749, 95, 1021883158, 93, 1021131629, 613, 1021127671, 102, 1021065149, 598, 1021281917, 94, 1021187325, 87, 1021784260, 607, 1021886458, 605, 1021131799, 606, 1021187249, 615, 1022008933]
[INFO] (lattice_cell.c: 455): on tick 19 of 50
[INFO] (lattice_cell.c: 172): the unmatched_packets is 56
[336, 1038741940, 352, 1038773154, 96, 1038773150, 592, 1038741932, 80, 1038741960, 88, 1038785342, 608, 1038773146, 337, 1038346965, 353, 1038346415, 97, 1038346720, 593, 1038345745, 600, 1038785304, 81, 1038347353, 609, 1038345274, 89, 1038345243, 601, 1038343726, 338, 1037911771, 354, 1037880498, 98, 1037880500, 594, 1037911745, 82, 1037911795, 90, 1037869227, 339, 1038308452, 355, 1038308047, 99, 1038307766, 340, 1021994867, 100, 1022009401, 356, 1022009083, 84, 1021995294, 341, 1021135257, 612, 1022007894, 101, 1021133624, 357, 1021133320, 342, 1021010880, 358, 1021118812, 343, 1022053553, 87, 1022053168, 359, 1021938799, 602, 1037869209, 610, 1037880488, 83, 1038308040, 91, 1038307861, 595, 1038309709, 611, 1038309173, 603, 1038309374, 596, 1021993599, 604, 1022024144, 613, 1021132157, 598, 1021012034, 102, 1021118462, 606, 1021097154, 614, 1021119998, 103, 1021938436, 599, 1022054840, 615, 1021940009, 607, 1021968654, 95, 1021966997, 92, 1022025734, 597, 1021134032, 93, 1021117876, 86, 1021010538, 94, 1021095618, 605, 1021116362, 85, 1021135619]
[INFO] (lattice_cell.c: 455): on tick 20 of 50
[INFO] (lattice_cell.c: 172): the unmatched_packets is 56
[336, 1038732661, 96, 1038788690, 592, 1038732651, 352, 1038788684, 80, 1038732686, 88, 1038764648, 600, 1038764592, 608, 1038788664, 337, 1038338327, 97, 1038340301, 593, 1038337119, 353, 1038340007, 81, 1038338699, 89, 1038337103, 601, 1038335605, 609, 1038338860, 98, 1037876267, 338, 1037928974, 594, 1037928947, 354, 1037876245, 90, 1037899334, 82, 1037928990, 602, 1037899301, 99, 1038299921, 339, 1038302593, 83, 1038302199, 355, 1038300254, 603, 1038301377, 100, 1022023293, 340, 1022033526, 356, 1022022141, 604, 1022037045, 341, 1021108797, 357, 1021124014, 613, 1021123756, 342, 1021154380, 614, 1021101342, 343, 1021916546, 358, 1021101113, 84, 1022034805, 612, 1022020114, 359, 1021968578, 597, 1021108407, 606, 1021057842, 610, 1037876227, 91, 1038299796, 595, 1038303822, 611, 1038301420, 596, 1022031408, 101, 1021123466, 102, 1021101684, 86, 1021154866, 103, 1021967423, 599, 1021918657, 95, 1022016969, 607, 1022020171, 92, 1022040295, 605, 1021116452, 598, 1021154736, 94, 1021058105, 87, 1021915304, 615, 1021970610, 93, 1021116224, 85, 1021108359]
[INFO] (lattice_cell.c: 455): on tick 21 of 50
[INFO] (lattice_cell.c: 172): the unmatched_packets is 56
[336, 1038785803, 96, 1038777788, 592, 1038785816, 352, 1038777786, 80, 1038785821, 600, 1038769710, 337, 1038344017, 353, 1038348928, 338, 1037868589, 98, 1037876763, 354, 1037876761, 602, 1037883777, 82, 1037868628, 339, 1038309296, 99, 1038306999, 355, 1038307259, 603, 1038309026, 100, 1022013076, 84, 1021936608, 597, 1021200804, 605, 1021155819, 93, 1021157208, 613, 1021119554, 357, 1021120659, 342, 1021150063, 614, 1021059842, 87, 1021909515, 615, 1022004163, 343, 1021910045, 358, 1021058685, 359, 1022002946, 86, 1021149637, 103, 1022002585, 599, 1021911403, 611, 1038308396, 604, 1021982899, 612, 1022011547, 598, 1021151277, 88, 1038769742, 608, 1038777780, 97, 1038349222, 593, 1038342759, 81, 1038344419, 89, 1038345700, 609, 1038347786, 601, 1038344166, 610, 1037876747, 340, 1021936190, 356, 1022012736, 101, 1021120964, 341, 1021201909, 85, 1021202242, 94, 1021090263, 606, 1021091874, 90, 1037883814, 594, 1037868543, 83, 1038308913, 91, 1038307545, 595, 1038310534, 92, 1021984455, 596, 1021934897, 102, 1021058337, 95, 1021973220, 607, 1021974887]
[INFO] (lattice_cell.c: 455): on tick 22 of 50
[INFO] (lattice_cell.c: 172): the unmatched_packets is 56
[96, 1038764192, 336, 1038724790, 80, 1038724801, 592, 1038724782, 352, 1038764176, 88, 1038759156, 600, 1038759090, 608, 1038764154, 97, 1038340160, 337, 1038339363, 593, 1038338161, 81, 1038339728, 353, 1038339882, 89, 1038339071, 609, 1038338786, 601, 1038337639, 98, 1037899540, 338, 1037937468, 594, 1037937476, 82, 1037937470, 354, 1037899520, 90, 1037904271, 610, 1037899504, 339, 1038302940, 355, 1038300669, 340, 1022140765, 356, 1022043366, 341, 1020997731, 84, 1022142020, 101, 1021103611, 357, 1021104099, 342, 1021125392, 102, 1021085721, 358, 1021085123, 599, 1021948645, 343, 1021946572, 615, 1021986194, 359, 1021984239, 602, 1037904272, 99, 1038300344, 595, 1038304172, 83, 1038302519, 603, 1038302708, 91, 1038301159, 611, 1038301832, 100, 1022044509, 612, 1022041354, 604, 1022073758, 597, 1020997208, 613, 1021103765, 605, 1021068412, 85, 1020997352, 598, 1021125695, 614, 1021085418, 103, 1021983159, 87, 1021945413, 95, 1021932722, 596, 1022138666, 93, 1021068440, 86, 1021125889, 94, 1021138366, 92, 1022076997, 606, 1021138167, 607, 1021935842]
[INFO] (lattice_cell.c: 455): on tick 23 of 50
[INFO] (lattice_cell.c: 172): the unmatched_packets is 56
[336, 1038773905, 96, 1038789802, 592, 1038773872, 352, 1038789792, 80, 1038773945, 88, 1038810583, 608, 1038789790, 600, 1038810533, 337, 1038344756, 97, 1038346361, 593, 1038343515, 353, 1038346035, 81, 1038345146, 601, 1038342510, 609, 1038344865, 89, 1038344091, 338, 1037879832, 98, 1037864599, 594, 1037879773, 354, 1037864583, 82, 1037879882, 90, 1037844857, 610, 1037864559, 339, 1038308318, 355, 1038307424, 603, 1038308473, 340, 1021859613, 356, 1021963045, 341, 1021276270, 605, 1021232734, 357, 1021179163, 342, 1021089416, 606, 1021073957, 86, 1021089019, 358, 1021088231, 343, 1021974224, 103, 1021972891, 359, 1021973344, 85, 1021276539, 613, 1021178220, 611, 1038308552, 602, 1037844794, 595, 1038309569, 99, 1038307161, 83, 1038307924, 91, 1038306961, 596, 1021858260, 597, 1021275229, 614, 1021089322, 599, 1021975624, 615, 1021974607, 95, 1021992957, 604, 1021910951, 100, 1021963355, 612, 1021961855, 84, 1021860110, 92, 1021912595, 101, 1021179318, 93, 1021233844, 102, 1021087924, 94, 1021072465, 87, 1021973678, 607, 1021994781, 598, 1021090582]
[INFO] (lattice_cell.c: 455): on tick 24 of 50
[INFO] (lattice_cell.c: 172): the unmatched_packets is 56
[336, 1038737517, 96, 1038753578, 592, 1038737533, 352, 1038753572, 80, 1038737511, 88, 1038737384, 600, 1038737345, 608, 1038753544, 337, 1038337536, 97, 1038341303, 593, 1038336325, 353, 1038341062, 81, 1038337916, 89, 1038338721, 601, 1038337278, 338, 1037924902, 609, 1038339988, 98, 1037910202, 594, 1037924889, 354, 1037910204, 82, 1037924895, 610, 1037910209, 339, 1038303441, 99, 1038301045, 595, 1038304666, 355, 1038301366, 340, 1022114293, 611, 1038302503, 356, 1022116143, 341, 1021030395, 613, 1021024936, 357, 1021025469, 342, 1021142131, 102, 1021113562, 94, 1021091483, 343, 1021927945, 358, 1021113039, 103, 1021953555, 359, 1021954539, 101, 1021025108, 85, 1021030080, 87, 1021926851, 615, 1021956420, 90, 1037925852, 602, 1037925866, 91, 1038301234, 83, 1038303026, 100, 1022117254, 603, 1038302768, 596, 1022112201, 84, 1022115492, 612, 1022114157, 597, 1021029847, 605, 1020976731, 614, 1021113379, 606, 1021091397, 95, 1021981403, 93, 1020976900, 604, 1022169349, 86, 1021142564, 598, 1021142553, 92, 1022172453, 607, 1021984306, 599, 1021929962]
[INFO] (lattice_cell.c: 455): on tick 25 of 50
[INFO] (lattice_cell.c: 172): the unmatched_packets is 56
[336, 1038747583, 592, 1038747539, 352, 1038811855, 96, 1038811877, 600, 1038782908, 80, 1038747639, 608, 1038811829, 88, 1038783017, 337, 1038346440, 97, 1038346913, 593, 1038345171, 353, 1038346607, 81, 1038346849, 601, 1038344413, 89, 1038345932, 609, 1038345434, 338, 1037905602, 98, 1037843421, 594, 1037905545, 354, 1037843398, 82, 1037905647, 602, 1037870549, 90, 1037870626, 610, 1037843358, 99, 1038306439, 339, 1038309108, 595, 1038310364, 355, 1038306704, 91, 1038307098, 83, 1038308724, 603, 1038308612, 611, 1038307860, 100, 1021879683, 340, 1021980182, 84, 1021980673, 596, 1021978879, 92, 1021889362, 356, 1021879278, 604, 1021887607, 612, 1021878020, 101, 1021260311, 341, 1021146975, 85, 1021147139, 93, 1021248216, 597, 1021146037, 357, 1021260251, 342, 1021149980, 358, 1021060389, 343, 1021912724, 606, 1021093633, 359, 1022003299, 615, 1022004634, 605, 1021247227, 613, 1021259451, 102, 1021060156, 598, 1021151067, 86, 1021149658, 599, 1021914226, 94, 1021092237, 607, 1021975533, 103, 1022002743, 614, 1021061372, 87, 1021912043, 95, 1021973557]
[INFO] (lattice_cell.c: 455): on tick 26 of 50
[INFO] (lattice_cell.c: 172): the unmatched_packets is 56
[592, 1038771886, 600, 1038780353, 336, 1038771874, 608, 1038751256, 352, 1038751260, 96, 1038751246, 88, 1038780346, 80, 1038771871, 593, 1038335564, 601, 1038334729, 609, 1038337890, 337, 1038336724, 353, 1038338969, 97, 1038339227, 81, 1038337076, 89, 1038336165, 594, 1037891463, 602, 1037884192, 338, 1037891458, 610, 1037912616, 354, 1037912613, 98, 1037912603, 82, 1037891445, 90, 1037884188, 595, 1038304299, 603, 1038302918, 611, 1038302870, 355, 1038301757, 83, 1038302627, 596, 1021974220, 340, 1021976355, 356, 1022158959, 100, 1022159936, 341, 1021171004, 357, 1020992089, 85, 1021170902, 342, 1021114579, 614, 1021084500, 358, 1021084059, 343, 1021955183, 103, 1021982945, 359, 1021983800, 94, 1021103512, 95, 1021967288, 607, 1021970021, 339, 1038303062, 99, 1038301443, 91, 1038301393, 604, 1022064261, 597, 1021170267, 84, 1021977586, 605, 1021089516, 93, 1021089901, 102, 1021084521, 599, 1021957100, 86, 1021114930, 615, 1021985581, 87, 1021954235, 612, 1022157072, 613, 1020991507, 92, 1022067342, 101, 1020991788, 606, 1021103647, 598, 1021115100]
[INFO] (lattice_cell.c: 455): on tick 27 of 50
[INFO] (lattice_cell.c: 172): the unmatched_packets is 56
[336, 1038747218, 592, 1038747185, 352, 1038772656, 96, 1038772694, 80, 1038747278, 608, 1038772600, 88, 1038760598, 600, 1038760474, 337, 1038345743, 593, 1038344430, 353, 1038348860, 97, 1038349153, 81, 1038346181, 601, 1038344883, 609, 1038347711, 89, 1038346473, 338, 1037906479, 98, 1037880849, 594, 1037906416, 354, 1037880814, 90, 1037893246, 82, 1037906530, 602, 1037893184, 610, 1037880792, 339, 1038308665, 99, 1038306189, 595, 1038309919, 355, 1038306442, 83, 1038308266, 91, 1038307354, 611, 1038307592, 603, 1038308853, 100, 1021942460, 340, 1022038368, 84, 1022038923, 92, 1022047114, 596, 1022037009, 356, 1021941980, 604, 1022045376, 341, 1021093398, 93, 1021088361, 357, 1021186885, 342, 1021105224, 358, 1021098941, 614, 1021099829, 343, 1021960647, 359, 1021968019, 86, 1021104999, 598, 1021106163, 599, 1021962249, 612, 1021940685, 101, 1021186832, 597, 1021092670, 85, 1021093354, 613, 1021186145, 605, 1021087704, 102, 1021098834, 606, 1021103785, 94, 1021102685, 103, 1021967365, 87, 1021959855, 95, 1021965004, 607, 1021967237, 615, 1021969468]
[INFO] (lattice_cell.c: 455): on tick 28 of 50
[INFO] (lattice_cell.c: 172): the unmatched_packets is 56
[336, 1038740173, 592, 1038740197, 352, 1038795001, 96, 1038794992, 88, 1038778830, 80, 1038740178, 600, 1038778799, 608, 1038795001, 337, 1038337142, 97, 1038338355, 593, 1038335985, 353, 1038338119, 81, 1038337483, 601, 1038336002, 89, 1038337350, 609, 1038337057, 338, 1037921860, 98, 1037870030, 594, 1037921859, 354, 1037870028, 82, 1037921859, 90, 1037885109, 610, 1037870020, 602, 1037885123, 99, 1038301671, 339, 1038303909, 595, 1038305148, 83, 1038303491, 91, 1038302150, 355, 1038301983, 603, 1038303679, 340, 1022026241, 356, 1022006185, 92, 1021985183, 84, 1022027339, 341, 1021118076, 604, 1021982223, 342, 1021136250, 358, 1021086713, 343, 1021932307, 103, 1021976866, 359, 1021977590, 85, 1021118093, 87, 1021931456, 606, 1021088875, 607, 1021981319, 611, 1038303104, 100, 1022007114, 596, 1022024247, 357, 1021146255, 93, 1021166944, 598, 1021136916, 102, 1021087027, 599, 1021934088, 94, 1021088497, 615, 1021979252, 95, 1021978864, 605, 1021166149, 86, 1021136454, 101, 1021146100, 614, 1021087292, 612, 1022004296, 597, 1021117179, 613, 1021145519]
[INFO] (lattice_cell.c: 455): on tick 29 of 50
[INFO] (lattice_cell.c: 172): the unmatched_packets is 56
[336, 1038753288, 96, 1038769154, 592, 1038753233, 352, 1038769122, 88, 1038776042, 80, 1038753352, 600, 1038775928, 608, 1038769081, 97, 1038347648, 337, 1038346288, 593, 1038344981, 89, 1038345693, 81, 1038346713, 353, 1038347322, 601, 1038344083, 609, 1038346136, 98, 1037885266, 338, 1037900092, 82, 1037900131, 90, 1037878235, 594, 1037900048, 354, 1037885230, 602, 1037878164, 99, 1038308453, 339, 1038307905, 355, 1038308718, 340, 1021974951, 356, 1022064028, 341, 1021152753, 357, 1021072031, 342, 1021144005, 343, 1021923648, 358, 1021080514, 596, 1021973460, 359, 1021979449, 95, 1021984788, 615, 1021980968, 614, 1021081236, 606, 1021086701, 610, 1037885204, 91, 1038306495, 595, 1038309161, 83, 1038307506, 611, 1038309862, 100, 1022064566, 603, 1038308018, 604, 1022009616, 101, 1021071776, 93, 1021127223, 102, 1021080575, 599, 1021925384, 103, 1021978684, 84, 1021975664, 612, 1022062701, 85, 1021152637, 597, 1021152117, 86, 1021143917, 605, 1021126896, 87, 1021922728, 613, 1021071489, 92, 1022011645, 94, 1021085836, 598, 1021144824, 607, 1021987227]
[INFO] (lattice_cell.c: 455): on tick 30 of 50
[INFO] (lattice_cell.c: 172): the unmatched_packets is 56
[336, 1038766984, 352, 1038769436, 592, 1038766989, 96, 1038769437, 600, 1038768428, 80, 1038766983, 608, 1038769414, 88, 1038768454, 337, 1038336532, 353, 1038339213, 97, 1038339422, 593, 1038335382, 89, 1038336293, 81, 1038336887, 601, 1038334923, 609, 1038338194, 338, 1037896411, 354, 1037894315, 98, 1037894311, 594, 1037896395, 82, 1037896409, 602, 1037895455, 610, 1037894325, 90, 1037895467, 339, 1038304187, 355, 1038302410, 99, 1038302142, 83, 1038303739, 595, 1038305424, 91, 1038300527, 340, 1022006248, 356, 1022012089, 84, 1022007216, 341, 1021140707, 357, 1021135501, 342, 1021121364, 613, 1021134612, 358, 1021082086, 343, 1021945204, 94, 1021102813, 359, 1021982208, 95, 1021973285, 611, 1038303487, 603, 1038302038, 100, 1022012905, 596, 1022004295, 92, 1022052653, 604, 1022050009, 101, 1021135517, 93, 1021102458, 598, 1021122164, 102, 1021082203, 86, 1021121426, 614, 1021082860, 607, 1021975552, 612, 1022010349, 103, 1021981522, 87, 1021944480, 85, 1021140836, 599, 1021946897, 597, 1021139701, 605, 1021101515, 606, 1021103503, 615, 1021983803]
[INFO] (lattice_cell.c: 455): on tick 31 of 50
[INFO] (lattice_cell.c: 172): the unmatched_packets is 56
[336, 1038748989, 592, 1038748950, 352, 1038783258, 96, 1038783294, 80, 1038749041, 608, 1038783205, 600, 1038766625, 88, 1038766746, 337, 1038345617, 97, 1038348398, 593, 1038344308, 353, 1038348097, 81, 1038346065, 89, 1038346254, 601, 1038344663, 338, 1037904771, 354, 1037870995, 602, 1037886954, 339, 1038310145, 595, 1038311413, 355, 1038305535, 340, 1022027540, 611, 1038306733, 356, 1021985337, 341, 1021103056, 597, 1021102554, 101, 1021146317, 342, 1021109027, 358, 1021098426, 343, 1021952027, 95, 1021960729, 359, 1021972923, 603, 1038308225, 598, 1021109685, 607, 1021963289, 609, 1038346926, 98, 1037871027, 594, 1037904734, 90, 1037887005, 82, 1037904811, 91, 1038306671, 596, 1022025935, 612, 1021983852, 357, 1021146676, 605, 1021123273, 613, 1021146253, 606, 1021110303, 102, 1021098719, 94, 1021109873, 86, 1021109087, 599, 1021953877, 103, 1021972144, 99, 1038305224, 615, 1021974451, 610, 1037870967, 100, 1021986049, 92, 1022011829, 604, 1022009575, 84, 1022028363, 93, 1021123434, 87, 1021951013, 83, 1038309740, 614, 1021098907, 85, 1021102788]
[INFO] (lattice_cell.c: 455): on tick 32 of 50
[INFO] (lattice_cell.c: 172): the unmatched_packets is 56
[336, 1038743193, 592, 1038743195, 352, 1038773603, 96, 1038773603, 600, 1038778480, 80, 1038743220, 608, 1038773595, 88, 1038778540, 337, 1038337264, 97, 1038338416, 593, 1038336095, 353, 1038338193, 81, 1038337604, 89, 1038337102, 601, 1038335753, 609, 1038337149, 338, 1037918885, 98, 1037890794, 594, 1037918859, 354, 1037890782, 90, 1037885591, 82, 1037918898, 602, 1037885592, 99, 1038304257, 339, 1038304504, 355, 1038304474, 340, 1022018184, 356, 1022030021, 101, 1021121261, 342, 1021125106, 86, 1021124965, 343, 1021941360, 358, 1021055718, 95, 1021980255, 359, 1022000954, 85, 1021126130, 598, 1021126087, 87, 1021940690, 614, 1021056712, 610, 1037890770, 83, 1038304089, 595, 1038305729, 91, 1038303214, 603, 1038304651, 611, 1038305518, 100, 1022030680, 596, 1022016416, 604, 1021998604, 341, 1021125869, 84, 1022019022, 357, 1021121167, 93, 1021151311, 606, 1021084642, 92, 1022001047, 612, 1022028404, 597, 1021124761, 102, 1021055602, 605, 1021150126, 94, 1021083485, 613, 1021120242, 103, 1022000313, 607, 1021982480, 615, 1022002527, 599, 1021942963]
[INFO] (lattice_cell.c: 455): on tick 33 of 50
[INFO] (lattice_cell.c: 172): the unmatched_packets is 56
[592, 1038751970, 600, 1038782372, 608, 1038788280, 336, 1038752003, 352, 1038788320, 96, 1038788347, 80, 1038752049, 88, 1038782486, 593, 1038343641, 601, 1038343589, 609, 1038345863, 337, 1038344946, 97, 1038347314, 353, 1038347018, 81, 1038345389, 89, 1038345172, 594, 1037901424, 602, 1037872161, 610, 1037866339, 338, 1037901454, 98, 1037866373, 354, 1037866357, 82, 1037901490, 90, 1037872201, 595, 1038308552, 611, 1038307299, 603, 1038306229, 339, 1038307240, 355, 1038306097, 596, 1021986832, 100, 1022046373, 340, 1021988601, 356, 1022045569, 598, 1021147420, 341, 1021143434, 357, 1021089447, 599, 1021926195, 342, 1021146924, 612, 1022043985, 358, 1021150174, 343, 1021924352, 92, 1022025821, 359, 1021920679, 607, 1021970551, 99, 1038305775, 83, 1038306795, 91, 1038304573, 597, 1021142998, 93, 1021113361, 606, 1021111813, 614, 1021150497, 103, 1021919876, 615, 1021922274, 87, 1021923317, 604, 1022023288, 613, 1021089103, 101, 1021088965, 605, 1021113465, 85, 1021143095, 102, 1021150662, 94, 1021111743, 86, 1021147212, 84, 1021989573, 95, 1021967980]
[INFO] (lattice_cell.c: 455): on tick 34 of 50
[INFO] (lattice_cell.c: 172): the unmatched_packets is 56
[336, 1038757029, 592, 1038757001, 352, 1038747247, 96, 1038747269, 88, 1038752721, 600, 1038752656, 80, 1038757064, 608, 1038747228, 337, 1038337546, 97, 1038339914, 593, 1038336363, 353, 1038339700, 81, 1038337911, 601, 1038336321, 609, 1038338659, 89, 1038337693, 338, 1037905945, 594, 1037905928, 98, 1037915915, 354, 1037915899, 82, 1037905965, 90, 1037910565, 610, 1037915883, 602, 1037910535, 99, 1038301716, 339, 1038306411, 595, 1038307612, 83, 1038306026, 355, 1038301935, 91, 1038303445, 603, 1038304833, 611, 1038302976, 340, 1021999727, 356, 1021994933, 84, 1022000471, 341, 1021142505, 597, 1021141349, 357, 1021151692, 605, 1021119464, 342, 1021107412, 94, 1021042425, 343, 1021950983, 358, 1020987894, 103, 1022078585, 359, 1022079119, 606, 1021043884, 607, 1022024985, 100, 1021995473, 596, 1021998060, 92, 1022029071, 604, 1022026932, 612, 1021993453, 101, 1021151892, 613, 1021150651, 598, 1021108566, 86, 1021107077, 614, 1020988980, 599, 1021952625, 95, 1022022854, 85, 1021142853, 102, 1020987694, 87, 1021950298, 93, 1021120789, 615, 1022080567]
[INFO] (lattice_cell.c: 455): on tick 35 of 50
[INFO] (lattice_cell.c: 172): the unmatched_packets is 56
[336, 1038767006, 592, 1038766977, 352, 1038811512, 96, 1038811530, 88, 1038792381, 600, 1038792261, 608, 1038811462, 80, 1038767046, 337, 1038346287, 593, 1038345005, 353, 1038346161, 97, 1038346452, 81, 1038346719, 601, 1038343052, 89, 1038344610, 609, 1038345020, 338, 1037887382, 98, 1037843666, 594, 1037887350, 354, 1037843654, 82, 1037887409, 339, 1038307494, 355, 1038309709, 99, 1038309434, 595, 1038308806, 90, 1037862119, 91, 1038307260, 603, 1038308887, 611, 1038310864, 602, 1037862094, 610, 1037843659, 83, 1038307016, 100, 1022015434, 340, 1022025105, 84, 1022026213, 596, 1022023210, 92, 1022028389, 356, 1022014486, 101, 1021121898, 341, 1021101216, 357, 1021122440, 342, 1021161004, 358, 1021210150, 606, 1021194360, 343, 1021910964, 614, 1021210448, 599, 1021912847, 359, 1021844722, 95, 1021874082, 604, 1022025599, 612, 1022012737, 85, 1021100786, 597, 1021100836, 93, 1021111415, 613, 1021122170, 102, 1021210642, 598, 1021161355, 607, 1021876824, 87, 1021909887, 94, 1021194483, 103, 1021843746, 86, 1021161413, 615, 1021846478, 605, 1021111581]
[INFO] (lattice_cell.c: 455): on tick 36 of 50
[INFO] (lattice_cell.c: 172): the unmatched_packets is 56
[336, 1038723575, 352, 1038757028, 96, 1038757066, 592, 1038723547, 80, 1038723612, 88, 1038746547, 600, 1038746442, 608, 1038756982, 337, 1038338373, 353, 1038339591, 97, 1038339810, 593, 1038337158, 81, 1038338771, 601, 1038335049, 89, 1038336441, 609, 1038338541, 338, 1037938051, 354, 1037907064, 594, 1037938025, 98, 1037907099, 82, 1037938067, 90, 1037916800, 602, 1037916754, 610, 1037907031, 339, 1038304042, 99, 1038299580, 595, 1038305250, 355, 1038299869, 83, 1038303647, 91, 1038299358, 603, 1038300846, 611, 1038300991, 340, 1022005233, 100, 1022025325, 356, 1022024912, 596, 1022003739, 84, 1022005787, 92, 1021996314, 604, 1021994431, 612, 1022023565, 101, 1021121866, 341, 1021135143, 85, 1021135500, 357, 1021121647, 597, 1021133967, 93, 1021159359, 605, 1021157980, 613, 1021120624, 102, 1020963409, 342, 1021043020, 94, 1020978474, 358, 1020963576, 606, 1020979961, 343, 1022026275, 599, 1022027818, 359, 1022113690, 615, 1022114937, 86, 1021042599, 598, 1021044247, 614, 1020964623, 103, 1022113353, 87, 1022025701, 95, 1022102429, 607, 1022104231]
[INFO] (lattice_cell.c: 455): on tick 37 of 50
[INFO] (lattice_cell.c: 172): the unmatched_packets is 56
[336, 1038777135, 592, 1038777098, 352, 1038772580, 96, 1038772592, 600, 1038802427, 608, 1038772562, 88, 1038802522, 80, 1038777177, 337, 1038343120, 593, 1038341864, 353, 1038347920, 609, 1038346800, 601, 1038342272, 97, 1038348184, 89, 1038343773, 338, 1037876982, 594, 1037876959, 81, 1038343516, 354, 1037881167, 98, 1037881164, 610, 1037881157, 602, 1037852457, 82, 1037877006, 339, 1038311438, 595, 1038312729, 355, 1038308952, 340, 1022016138, 596, 1022014047, 356, 1022017887, 341, 1021121086, 605, 1021115373, 357, 1021112581, 342, 1021246518, 94, 1021215469, 343, 1021808341, 358, 1021152843, 359, 1021906325, 92, 1022027047, 86, 1021246930, 103, 1021905202, 615, 1021908226, 607, 1021846445, 613, 1021112304, 606, 1021215459, 90, 1037852469, 99, 1038308733, 603, 1038311189, 91, 1038309694, 611, 1038310019, 83, 1038310989, 101, 1021112017, 598, 1021246881, 102, 1021153326, 614, 1021153224, 599, 1021810394, 95, 1021843287, 604, 1022023937, 100, 1022018898, 612, 1022016034, 84, 1022017423, 597, 1021120679, 93, 1021115190, 85, 1021120702, 87, 1021807119]
[INFO] (lattice_cell.c: 455): on tick 38 of 50
[INFO] (lattice_cell.c: 172): the unmatched_packets is 56
[336, 1038732783, 592, 1038732751, 352, 1038791458, 96, 1038791500, 88, 1038765251, 80, 1038732829, 600, 1038765107, 608, 1038791400, 337, 1038340581, 593, 1038339332, 353, 1038339946, 97, 1038340192, 81, 1038340989, 601, 1038337505, 609, 1038338859, 89, 1038338975, 338, 1037929639, 594, 1037929613, 354, 1037873179, 98, 1037873203, 82, 1037929662, 602, 1037898858, 610, 1037873177, 90, 1037898899, 339, 1038301446, 99, 1038301810, 595, 1038302729, 355, 1038302112, 83, 1038300991, 603, 1038301947, 91, 1038300327, 611, 1038303263, 100, 1022021971, 340, 1021977663, 596, 1021976305, 356, 1022021659, 84, 1021978140, 92, 1022033349, 604, 1022031724, 612, 1022020438, 101, 1021121521, 341, 1021153516, 85, 1021153888, 597, 1021152358, 357, 1021121290, 102, 1021105435, 342, 1021003234, 598, 1021004387, 358, 1021105591, 343, 1022076372, 359, 1021961313, 94, 1021008650, 93, 1021111503, 605, 1021110180, 613, 1021120272, 614, 1021106593, 86, 1021002872, 606, 1021009954, 599, 1022077704, 615, 1021962510, 607, 1022071964, 95, 1022070490, 103, 1021961026, 87, 1022075937]
[INFO] (lattice_cell.c: 455): on tick 39 of 50
[INFO] (lattice_cell.c: 172): the unmatched_packets is 56
[336, 1038761433, 592, 1038761413, 352, 1038765924, 96, 1038765946, 600, 1038750910, 88, 1038750995, 80, 1038761478, 608, 1038765888, 337, 1038342709, 593, 1038341478, 353, 1038345300, 97, 1038345526, 81, 1038343111, 601, 1038340653, 89, 1038342096, 609, 1038344246, 338, 1037892374, 98, 1037888309, 594, 1037892329, 354, 1037888291, 82, 1037892404, 602, 1037902047, 90, 1037902091, 610, 1037888288, 99, 1038308061, 339, 1038310984, 595, 1038312209, 355, 1038308298, 91, 1038307717, 83, 1038310589, 340, 1022034742, 356, 1022008828, 341, 1021104195, 357, 1021133748, 342, 1021223688, 598, 1021224184, 358, 1021030154, 343, 1021833880, 103, 1022031228, 87, 1021832509, 359, 1022032318, 101, 1021133199, 603, 1038309148, 611, 1038309386, 100, 1022009948, 596, 1022032538, 84, 1022036073, 92, 1022021972, 604, 1022018743, 612, 1022006851, 605, 1021128925, 613, 1021133449, 606, 1021105368, 86, 1021223982, 607, 1021965608, 597, 1021103786, 93, 1021128773, 94, 1021105241, 95, 1021962355, 85, 1021103789, 102, 1021030657, 614, 1021030524, 599, 1021836103, 615, 1022034202]
[INFO] (lattice_cell.c: 455): on tick 40 of 50
[INFO] (lattice_cell.c: 172): the unmatched_packets is 56
[96, 1038779032, 336, 1038774442, 80, 1038774485, 592, 1038774399, 88, 1038795881, 352, 1038779008, 608, 1038778956, 600, 1038795758, 97, 1038342330, 81, 1038338376, 89, 1038339116, 337, 1038337933, 593, 1038336656, 353, 1038342084, 601, 1038337611, 609, 1038340975, 98, 1037885073, 82, 1037889176, 90, 1037868608, 594, 1037889181, 338, 1037889173, 354, 1037885044, 602, 1037868609, 610, 1037885038, 99, 1038300725, 83, 1038302931, 91, 1038300912, 339, 1038303421, 595, 1038304749, 355, 1038301021, 603, 1038302499, 340, 1021983639, 356, 1022007583, 612, 1022006424, 604, 1021992229, 341, 1021156813, 357, 1021126739, 342, 1021088339, 599, 1021985014, 358, 1021106587, 343, 1021983729, 87, 1021983368, 359, 1021964792, 611, 1038302161, 100, 1022007847, 84, 1021984096, 92, 1021993814, 596, 1021982300, 101, 1021126926, 85, 1021157172, 597, 1021155654, 605, 1021146193, 598, 1021089350, 102, 1021106396, 606, 1021151755, 86, 1021088075, 103, 1021964539, 95, 1021923955, 93, 1021147554, 613, 1021125741, 94, 1021150460, 607, 1021925494, 615, 1021965928, 614, 1021107585]
[INFO] (lattice_cell.c: 455): on tick 41 of 50
[INFO] (lattice_cell.c: 172): the unmatched_packets is 56
[336, 1038705226, 352, 1038776072, 592, 1038705175, 96, 1038776100, 88, 1038762688, 608, 1038776024, 80, 1038705293, 600, 1038762541, 337, 1038347149, 353, 1038344292, 97, 1038344526, 593, 1038345945, 601, 1038342689, 609, 1038343219, 89, 1038344096, 81, 1038347531, 338, 1037946965, 354, 1037878177, 98, 1037878195, 594, 1037946913, 610, 1037878141, 339, 1038310402, 355, 1038309444, 595, 1038311632, 340, 1022076074, 611, 1038310504, 341, 1021047986, 596, 1022073901, 357, 1021098885, 342, 1021096098, 598, 1021096676, 358, 1021110886, 343, 1021965367, 359, 1021948543, 85, 1021047590, 606, 1021064073, 614, 1021111280, 599, 1021967525, 615, 1021950540, 90, 1037891725, 82, 1037947017, 602, 1037891661, 99, 1038309221, 91, 1038308631, 603, 1038310119, 356, 1022045324, 83, 1038309985, 604, 1022054790, 612, 1022043354, 92, 1022058081, 84, 1022077369, 613, 1021098588, 607, 1022004575, 103, 1021947376, 95, 1022001306, 101, 1021098341, 597, 1021047543, 93, 1021084618, 605, 1021084767, 102, 1021111316, 94, 1021063912, 86, 1021096366, 87, 1021964036, 100, 1022046427]
[INFO] (lattice_cell.c: 455): on tick 42 of 50
[INFO] (lattice_cell.c: 172): the unmatched_packets is 56
[336, 1038790737, 592, 1038790728, 96, 1038786566, 352, 1038786550, 608, 1038786494, 600, 1038788245, 88, 1038788325, 80, 1038790765, 337, 1038335519, 593, 1038334237, 97, 1038340257, 353, 1038340009, 81, 1038335950, 89, 1038335398, 601, 1038333874, 609, 1038338894, 338, 1037872562, 98, 1037878085, 594, 1037872556, 354, 1037878075, 610, 1037878099, 339, 1038302680, 595, 1038304004, 355, 1038301057, 611, 1038302223, 340, 1021883527, 356, 1021989402, 341, 1021263861, 357, 1021153864, 102, 1021060470, 343, 1021905126, 358, 1021060511, 607, 1022013037, 100, 1021989698, 359, 1022010399, 92, 1021956979, 85, 1021264234, 615, 1022011468, 604, 1021955333, 82, 1037872558, 602, 1037876041, 90, 1037876039, 99, 1038300747, 603, 1038301651, 91, 1038300046, 612, 1021988259, 597, 1021262734, 101, 1021154057, 613, 1021152892, 342, 1021167458, 606, 1021067896, 94, 1021066724, 103, 1022010187, 87, 1021904696, 599, 1021906444, 95, 1022011611, 83, 1038302218, 84, 1021884099, 596, 1021882092, 93, 1021200931, 86, 1021167179, 605, 1021199692, 614, 1021061381, 598, 1021168488]
[INFO] (lattice_cell.c: 455): on tick 43 of 50
[INFO] (lattice_cell.c: 172): the unmatched_packets is 56
[336, 1038735613, 592, 1038735541, 96, 1038748426, 352, 1038748379, 80, 1038735687, 600, 1038740123, 88, 1038740301, 608, 1038748315, 337, 1038345506, 593, 1038344260, 97, 1038348964, 353, 1038348759, 81, 1038345921, 89, 1038346246, 601, 1038344835, 609, 1038347739, 338, 1037918317, 594, 1037918284, 98, 1037904952, 354, 1037904910, 82, 1037918359, 602, 1037912643, 90, 1037912713, 610, 1037904874, 339, 1038311057, 99, 1038308416, 595, 1038312281, 355, 1038308629, 83, 1038310650, 91, 1038309083, 603, 1038310501, 611, 1038309670, 100, 1022063304, 340, 1022138275, 596, 1022136241, 84, 1022139430, 356, 1022062266, 92, 1022127462, 612, 1022060320, 604, 1022124406, 101, 1021065125, 341, 1020990998, 85, 1020990589, 597, 1020990540, 357, 1021065635, 613, 1021065250, 102, 1021088862, 342, 1021135016, 358, 1021088506, 343, 1021924838, 599, 1021927033, 359, 1021973657, 607, 1021929497, 95, 1021926177, 103, 1021972554, 93, 1021005819, 605, 1021005846, 598, 1021135636, 606, 1021139045, 94, 1021138653, 614, 1021089090, 86, 1021135210, 615, 1021975627, 87, 1021923519]
[INFO] (lattice_cell.c: 455): on tick 44 of 50
[INFO] (lattice_cell.c: 172): the unmatched_packets is 56
[592, 1038761761, 336, 1038761779, 600, 1038808985, 608, 1038813909, 352, 1038813936, 96, 1038813939, 80, 1038761809, 88, 1038809077, 593, 1038337223, 337, 1038338467, 601, 1038334931, 609, 1038336160, 353, 1038337294, 97, 1038337551, 89, 1038336418, 81, 1038338850, 594, 1037900929, 338, 1037900925, 602, 1037855838, 354, 1037851265, 610, 1037851274, 339, 1038302800, 355, 1038301236, 100, 1021919885, 597, 1021216482, 341, 1021217597, 356, 1021919474, 93, 1021258365, 614, 1021095343, 357, 1021232162, 343, 1021981501, 358, 1021094563, 603, 1038302300, 359, 1021975512, 84, 1021920661, 103, 1021975202, 87, 1021981085, 606, 1021090863, 85, 1021217980, 605, 1021257189, 98, 1037851265, 90, 1037855803, 595, 1038304162, 82, 1037900936, 596, 1021918305, 340, 1021919907, 91, 1038300630, 92, 1021893358, 598, 1021093233, 342, 1021092355, 599, 1021982790, 607, 1021986563, 86, 1021092185, 95, 1021985044, 615, 1021976642, 611, 1038302406, 99, 1038300936, 83, 1038302288, 612, 1021918219, 101, 1021232271, 102, 1021094547, 613, 1021231307, 94, 1021089957, 604, 1021891371]
[INFO] (lattice_cell.c: 455): on tick 45 of 50
[INFO] (lattice_cell.c: 172): the unmatched_packets is 56
[336, 1038748795, 352, 1038748447, 592, 1038748743, 96, 1038748514, 600, 1038749798, 608, 1038748362, 88, 1038749985, 80, 1038748874, 337, 1038343970, 353, 1038347139, 593, 1038342714, 97, 1038347368, 89, 1038343672, 81, 1038344439, 609, 1038346106, 601, 1038342193, 338, 1037904782, 354, 1037905378, 98, 1037905411, 594, 1037904730, 90, 1037904104, 82, 1037904838, 602, 1037904031, 610, 1037905362, 339, 1038310160, 355, 1038311130, 99, 1038310924, 595, 1038311361, 611, 1038312170, 340, 1022032663, 596, 1022030734, 356, 1022152879, 341, 1021102848, 101, 1020981103, 357, 1020981553, 342, 1021126618, 606, 1021076142, 343, 1021935392, 358, 1021090443, 359, 1021963765, 102, 1021090696, 95, 1021991179, 615, 1021965674, 91, 1038308428, 83, 1038309769, 603, 1038309842, 100, 1022153749, 84, 1022033680, 612, 1022151113, 92, 1022121619, 604, 1022118920, 94, 1021075512, 614, 1021091078, 103, 1021962697, 597, 1021102377, 605, 1021023579, 93, 1021023564, 613, 1020981112, 598, 1021127419, 86, 1021126671, 87, 1021934128, 85, 1021102465, 599, 1021937579, 607, 1021994262]
[INFO] (lattice_cell.c: 455): on tick 46 of 50
[INFO] (lattice_cell.c: 172): the unmatched_packets is 56
[336, 1038744743, 592, 1038744716, 352, 1038793312, 96, 1038793322, 88, 1038773241, 80, 1038744779, 600, 1038773146, 608, 1038793279, 337, 1038338573, 593, 1038337307, 353, 1038340489, 97, 1038340696, 601, 1038336737, 89, 1038338144, 81, 1038338968, 609, 1038339401, 338, 1037917642, 594, 1037917658, 354, 1037870970, 98, 1037870978, 82, 1037917622, 90, 1037890276, 339, 1038303630, 595, 1038304990, 355, 1038301282, 340, 1022043390, 596, 1022041750, 356, 1021904897, 341, 1021092514, 84, 1022044210, 605, 1021171107, 342, 1021158755, 85, 1021092804, 358, 1021066319, 343, 1021913171, 87, 1021912630, 95, 1021969003, 359, 1022003538, 612, 1021903450, 93, 1021172231, 602, 1037890296, 610, 1037870986, 99, 1038300965, 603, 1038300777, 83, 1038303124, 91, 1038299121, 100, 1021905510, 611, 1038302466, 357, 1021234819, 101, 1021234886, 598, 1021159521, 607, 1021970662, 615, 1022004694, 604, 1021970251, 92, 1021972539, 613, 1021234023, 86, 1021158718, 102, 1021066438, 94, 1021114231, 103, 1022003193, 606, 1021115011, 614, 1021066987, 599, 1021914571, 597, 1021091482]
[INFO] (lattice_cell.c: 455): on tick 47 of 50
[INFO] (lattice_cell.c: 172): the unmatched_packets is 56
[96, 1038765441, 80, 1038759747, 336, 1038759652, 88, 1038789421, 592, 1038759574, 352, 1038765389, 600, 1038789239, 608, 1038765308, 97, 1038345662, 337, 1038344113, 81, 1038344530, 89, 1038343023, 593, 1038342888, 353, 1038345405, 601, 1038341526, 609, 1038344325, 98, 1037888718, 338, 1037894284, 82, 1037894330, 90, 1037865457, 594, 1037894237, 354, 1037888680, 602, 1037865375, 99, 1038307891, 83, 1038311503, 91, 1038308104, 339, 1038311925, 595, 1038313144, 355, 1038308093, 84, 1021957635, 340, 1021956655, 356, 1022070452, 101, 1021070324, 341, 1021177143, 357, 1021070758, 342, 1021108744, 94, 1021099597, 358, 1021087030, 343, 1021945311, 359, 1021977531, 93, 1021144098, 85, 1021176945, 614, 1021087765, 597, 1021176476, 615, 1021979335, 610, 1037888649, 611, 1038309123, 603, 1038309517, 100, 1022071135, 596, 1021954715, 92, 1022001675, 604, 1021999118, 612, 1022068855, 598, 1021109642, 102, 1021087177, 599, 1021947371, 103, 1021976607, 607, 1021970090, 95, 1021967091, 613, 1021070277, 605, 1021143932, 86, 1021108712, 87, 1021944156, 606, 1021100454]
[INFO] (lattice_cell.c: 455): on tick 48 of 50
[INFO] (lattice_cell.c: 172): the unmatched_packets is 56
[336, 1038758804, 352, 1038773789, 592, 1038758787, 96, 1038773808, 80, 1038758823, 88, 1038764334, 600, 1038764242, 608, 1038773743, 337, 1038338418, 353, 1038340608, 593, 1038337131, 97, 1038340799, 601, 1038336311, 609, 1038339538, 338, 1037904247, 81, 1038338835, 89, 1038337783, 354, 1037890152, 594, 1037904236, 98, 1037890151, 339, 1038303503, 355, 1038303785, 611, 1038304928, 603, 1038303491, 340, 1022014214, 604, 1022076689, 341, 1021123725, 356, 1022021468, 84, 1022015151, 92, 1022079031, 342, 1021110372, 85, 1021123838, 343, 1021961831, 358, 1021110043, 359, 1021951945, 606, 1021088894, 599, 1021963294, 607, 1021987317, 82, 1037904242, 602, 1037899613, 90, 1037899587, 610, 1037890165, 595, 1038304875, 99, 1038303507, 83, 1038302986, 612, 1022019932, 91, 1038301846, 100, 1022022178, 597, 1021122893, 605, 1021067997, 357, 1021116615, 102, 1021110220, 103, 1021951398, 615, 1021953288, 596, 1022012438, 101, 1021116608, 613, 1021115887, 93, 1021068750, 86, 1021110430, 598, 1021111041, 94, 1021088379, 614, 1021110667, 87, 1021961166, 95, 1021985425]
[INFO] (lattice_cell.c: 455): on tick 49 of 50
[INFO] (lattice_cell.c: 172): the unmatched_packets is 56
[336, 1038741021, 592, 1038740940, 352, 1038792590, 96, 1038792650, 600, 1038759528, 88, 1038759751, 608, 1038792509, 80, 1038741107, 337, 1038343365, 593, 1038342115, 353, 1038345862, 609, 1038344814, 97, 1038346107, 81, 1038343809, 89, 1038343791, 601, 1038342363, 338, 1037912396, 594, 1037912359, 354, 1037862350, 610, 1037862327, 339, 1038309775, 82, 1037912441, 355, 1038307899, 83, 1038309360, 340, 1022043353, 356, 1021971869, 341, 1021093083, 605, 1021150008, 357, 1021166535, 358, 1021074391, 343, 1021924702, 359, 1021989855, 91, 1038306265, 604, 1021989599, 102, 1021074532, 94, 1021093558, 614, 1021075167, 87, 1021923687, 98, 1037862377, 602, 1037893747, 595, 1038310991, 611, 1038308972, 100, 1021972498, 596, 1022041637, 603, 1038307756, 101, 1021166284, 613, 1021165905, 598, 1021140888, 342, 1021139895, 599, 1021926676, 95, 1021980528, 615, 1021991471, 90, 1037893791, 99, 1038307635, 612, 1021970271, 92, 1021991964, 85, 1021093007, 597, 1021092268, 93, 1021150584, 86, 1021139743, 606, 1021094523, 103, 1021989152, 84, 1022044174, 607, 1021983075]
[INFO] (lattice_cell.c: 455): on tick 50 of 50
[INFO] (lattice_cell.c: 466): updating recording regions
[INFO] (recording.c: 507): 	Finalising channel 0 - state info stored in SDRAM
[INFO] (recording.c: 512): closed channel 0.
[INFO] (lattice_cell.c: 470): Simulation complete.

