[INFO] (lattice_cell.c: 604): starting lattice cell
[INFO] (lattice_cell.c: 526): Initialise: started
[INFO] (data_specification.c: 78): magic = ad130ad6, version = 1.0
[INFO] (lattice_cell.c: 555): my key is 4064
[INFO] (lattice_cell.c: 562): I'm in position ( 15, 28)
[INFO] (lattice_cell.c: 568): my n key is 3808
[INFO] (lattice_cell.c: 574): my U_X = -0.009988944046199322
[INFO] (lattice_cell.c: 575): my U_Y = -0.0004903926164843142
[INFO] (lattice_cell.c: 583): input_buffer initialised
[INFO] (recording.c: 563): Recording 1 regions, using output tag 0, size before trigger 7686388, time between triggers 50
[INFO] (recording.c: 665): Recording channel 0 configured to use 7686132 byte memory block starting at 0x64b90f74
[INFO] (lattice_cell.c: 588): Recording flags = 0x00000001
[INFO] (lattice_cell.c: 619): setting timer to execute every 200000 microseconds
[INFO] (lattice_cell.c: 627): Starting

[INFO] (simulation.c: 159): Setting the runtime of this model to 50 starting at 0
[INFO] (simulation.c: 161): Setting the flag of infinite run for this model to 0
[INFO] (simulation.c: 175): Resuming
[INFO] (lattice_cell.c: 455): on tick 0 of 50
[4072, 1037884871, 3800, 1037887883, 4056, 1037887885, 4320, 1037885266, 4312, 1037887879, 4328, 1037884865, 3816, 1037884869, 3808, 1037885268, 4073, 1038296874, 4057, 1038296936, 4321, 1038296446, 4313, 1038296500, 3801, 1038298203, 4329, 1038296438, 4074, 1038779505, 4058, 1038776239, 4075, 1038340752, 3817, 1038298139, 4330, 1038779499, 4059, 1038340816, 4315, 1038341240, 4061, 1021975810, 3809, 1038298147, 4316, 1021089658, 4063, 1021131336, 4076, 1021087061, 4318, 1022022752, 4060, 1021090068, 4077, 1021979066, 4319, 1021131736, 4078, 1022025577, 4062, 1022022302, 3812, 1021088652, 4079, 1021128312, 3815, 1021127510, 3807, 1021130133, 3802, 1038776237, 3803, 1038339537, 3811, 1038339481, 3804, 1021091259, 3810, 1038779064, 4314, 1038776233, 4322, 1038779062, 3820, 1021088252, 4331, 1038341178, 3822, 1022024222, 4323, 1038341184, 3814, 1022023782, 3823, 1021127109, 3821, 1021980409, 4332, 1021086653, 3806, 1022020947, 4324, 1021087052, 4317, 1021975350, 4333, 1021978606, 4325, 1021978169, 4334, 1022026027, 4326, 1022025588, 4335, 1021128712, 3813, 1021979972, 3805, 1021977153, 4327, 1021129113, 3818, 1038779501, 3819, 1038339473]
[INFO] (lattice_cell.c: 455): on tick 1 of 50
[INFO] (lattice_cell.c: 172): the unmatched_packets is 56
[4072, 1037880047, 3800, 1037887767, 4056, 1037887771, 4312, 1037887769, 4320, 1037881091, 3816, 1037880039, 3808, 1037881085, 4328, 1037880043, 4073, 1038305525, 3801, 1038306419, 4057, 1038305192, 4313, 1038304810, 3817, 1038306750, 4321, 1038305095, 4329, 1038305141, 3809, 1038306704, 4074, 1038774445, 4058, 1038766423, 4322, 1038773360, 4314, 1038766423, 4075, 1038348926, 4059, 1038348964, 4076, 1021079539, 4061, 1021985923, 3802, 1038766423, 4315, 1038349364, 4062, 1022007594, 4332, 1021079937, 4079, 1021125794, 4077, 1021976428, 3813, 1021979839, 4078, 1022018397, 4063, 1021136073, 4060, 1021071065, 3820, 1021080014, 3807, 1021135591, 3823, 1021125306, 3818, 1038774443, 3810, 1038773360, 3803, 1038347741, 4330, 1038774441, 3811, 1038347705, 3804, 1021071537, 4323, 1038349326, 4331, 1038349320, 3812, 1021078857, 4316, 1021071463, 4324, 1021078777, 4317, 1021984624, 4333, 1021975132, 4325, 1021976428, 3814, 1022014817, 4334, 1022019693, 4318, 1022008899, 3815, 1021126689, 3821, 1021978541, 3822, 1022016275, 4335, 1021125384, 4319, 1021135674, 4327, 1021126771, 4326, 1022018237, 3805, 1021988034, 3819, 1038347699, 3806, 1022005480]
[INFO] (lattice_cell.c: 455): on tick 2 of 50
[INFO] (lattice_cell.c: 172): the unmatched_packets is 56
[4072, 1037884829, 3800, 1037871711, 4056, 1037871707, 4312, 1037871715, 4320, 1037882690, 4328, 1037884831, 3808, 1037882692, 4073, 1038297087, 3801, 1038299494, 4057, 1038298213, 4313, 1038297785, 4321, 1038296864, 4329, 1038296659, 3817, 1038298380, 3809, 1038298585, 4074, 1038780428, 4322, 1038782599, 4314, 1038793688, 4058, 1038793684, 4075, 1038341480, 4059, 1038341572, 4076, 1021089005, 4315, 1038342012, 4331, 1038341914, 4078, 1022025786, 4062, 1022033070, 4325, 1021971251, 4334, 1022026205, 4061, 1021932297, 4079, 1021127980, 4063, 1021121295, 4060, 1021129983, 4077, 1021978808, 3806, 1022031783, 3807, 1021120202, 3803, 1038340289, 4330, 1038780428, 3811, 1038340199, 3804, 1021131096, 3810, 1038782601, 3812, 1021096280, 3816, 1037884831, 3805, 1021933596, 4323, 1038341922, 4316, 1021129656, 4324, 1021094867, 4332, 1021088693, 3821, 1021980098, 3815, 1021125610, 3822, 1022024500, 4317, 1021931872, 3820, 1021090104, 4333, 1021978396, 3802, 1038793686, 4318, 1022033491, 4326, 1022027558, 3819, 1038340191, 4335, 1021128302, 4319, 1021121625, 4327, 1021127033, 3818, 1038780428, 3823, 1021126879, 3814, 1022025857, 3813, 1021972961]
[INFO] (lattice_cell.c: 455): on tick 3 of 50
[INFO] (lattice_cell.c: 172): the unmatched_packets is 56
[4072, 1037882341, 3800, 1037925396, 4056, 1037925380, 4312, 1037925380, 4320, 1037893662, 4328, 1037882343, 3816, 1037882341, 3808, 1037893664, 4073, 1038305540, 3801, 1038304963, 4057, 1038303758, 4313, 1038303376, 4321, 1038304162, 4329, 1038305180, 3809, 1038305709, 4074, 1038772170, 4058, 1038727243, 4075, 1038348782, 4059, 1038349744, 4076, 1021074103, 4077, 1021981911, 4078, 1022017234, 4062, 1021984895, 4060, 1020961029, 4325, 1022010172, 4061, 1022100380, 4327, 1021137301, 4079, 1021128092, 4063, 1021160453, 3822, 1022015103, 3823, 1021127524, 3810, 1038760354, 3803, 1038348563, 3819, 1038347601, 3818, 1038772168, 3802, 1038727245, 3812, 1021048915, 3813, 1022013551, 3805, 1022102462, 3814, 1022005386, 3821, 1021984029, 3806, 1021982757, 4314, 1038727241, 4322, 1038760356, 4330, 1038772164, 4323, 1038349336, 4315, 1038350104, 3807, 1021159892, 4331, 1038349132, 4316, 1020961405, 3804, 1020961522, 4332, 1021074439, 4324, 1021048709, 3820, 1021074668, 4317, 1022099145, 4333, 1021980632, 4318, 1021986186, 3815, 1021137078, 4334, 1022018520, 3817, 1038306717, 4326, 1022008798, 4319, 1021160127, 4335, 1021127758, 3811, 1038347805]
[INFO] (lattice_cell.c: 455): on tick 4 of 50
[INFO] (lattice_cell.c: 172): the unmatched_packets is 56
[4072, 1037875192, 4056, 1037848265, 3800, 1037848251, 4320, 1037850611, 3816, 1037875194, 4328, 1037875192, 3808, 1037850601, 4073, 1038297931, 4057, 1038295867, 4321, 1038297708, 4313, 1038295481, 4074, 1038790386, 3801, 1038297110, 4058, 1038817006, 4075, 1038341663, 4076, 1021111519, 4060, 1021265877, 4314, 1038817010, 4330, 1038790390, 4061, 1021801399, 4331, 1038342103, 4063, 1021126014, 4059, 1038342099, 4317, 1021800875, 4335, 1021120220, 4318, 1022028076, 4077, 1021952730, 4327, 1021105417, 3814, 1022047431, 4078, 1022033149, 3821, 1021954017, 4062, 1022027672, 4079, 1021120027, 3810, 1038815640, 3818, 1038790394, 4312, 1037848277, 3812, 1021186292, 4329, 1038297503, 3804, 1021266986, 4322, 1038815634, 4323, 1038342011, 4315, 1038342523, 4332, 1021111304, 4324, 1021184997, 4316, 1021265547, 4333, 1021952281, 4325, 1021876574, 3820, 1021112497, 3813, 1021878378, 4334, 1022033558, 3815, 1021104254, 4326, 1022049114, 3817, 1038299224, 4319, 1021126210, 3809, 1038299381, 3811, 1038340277, 3803, 1038340800, 3819, 1038340371, 3805, 1021802757, 3802, 1038817014, 3806, 1022026414, 3822, 1022031882, 3807, 1021125046, 3823, 1021119057]
[INFO] (lattice_cell.c: 455): on tick 5 of 50
[INFO] (lattice_cell.c: 172): the unmatched_packets is 56
[4072, 1037908936, 3800, 1037893594, 4056, 1037893566, 4312, 1037893546, 3816, 1037908932, 4328, 1037908938, 3808, 1037924250, 4073, 1038304633, 4320, 1037924234, 3801, 1038305591, 4057, 1038304376, 4313, 1038303968, 4321, 1038305653, 4329, 1038304277, 3809, 1038307228, 4074, 1038744581, 3817, 1038305794, 3802, 1038760749, 4058, 1038760747, 4314, 1038760729, 4330, 1038744581, 4322, 1038728841, 4075, 1038348995, 4059, 1038349872, 4076, 1021000910, 4060, 1020955671, 3818, 1038744581, 4077, 1022058544, 4061, 1022100675, 4078, 1021999025, 3810, 1038728843, 4316, 1020956079, 4332, 1021001211, 4063, 1021127536, 4333, 1022057390, 4317, 1022099608, 4062, 1022021395, 4079, 1021146902, 4327, 1021144534, 3823, 1021146222, 4323, 1038349887, 4315, 1038350215, 4331, 1038349312, 3811, 1038348409, 3804, 1020956133, 4324, 1020910816, 3820, 1021001520, 4325, 1022141778, 3812, 1020910979, 4334, 1022000256, 4318, 1022022639, 4326, 1022003688, 4335, 1021146673, 3813, 1022144875, 4319, 1021127326, 3805, 1022102665, 3814, 1022000358, 3815, 1021144092, 3806, 1022019270, 3807, 1021126852, 3819, 1038347842, 3803, 1038348709, 3821, 1022060567, 3822, 1021996934]
[INFO] (lattice_cell.c: 455): on tick 6 of 50
[INFO] (lattice_cell.c: 172): the unmatched_packets is 56
[4072, 1037841674, 3800, 1037897527, 4056, 1037897553, 4312, 1037897575, 3816, 1037841660, 3808, 1037865403, 4320, 1037865433, 4328, 1037841680, 4073, 1038296047, 3801, 1038296378, 4057, 1038295149, 4329, 1038295685, 4321, 1038296722, 4313, 1038294789, 3817, 1038297282, 3809, 1038298285, 4074, 1038824733, 4058, 1038765957, 4075, 1038341553, 4059, 1038343608, 4060, 1021106732, 4076, 1021242201, 4077, 1021828033, 3820, 1021243158, 4061, 1021961081, 4078, 1022045491, 4062, 1022016780, 4079, 1021107094, 4063, 1021138127, 3821, 1021829437, 3810, 1038799355, 3803, 1038342310, 3811, 1038340887, 4330, 1038824735, 4314, 1038765971, 4322, 1038799351, 3819, 1038340247, 3804, 1021107771, 4331, 1038341981, 4315, 1038344027, 4323, 1038342611, 3812, 1021236356, 3813, 1021829715, 3805, 1021962528, 4316, 1021106471, 3814, 1022018468, 4332, 1021242013, 3815, 1021131756, 3802, 1038765949, 4324, 1021235058, 4317, 1021960439, 4333, 1021827421, 3822, 1022044208, 3807, 1021137314, 3818, 1038824737, 4325, 1021827633, 4318, 1022017252, 4334, 1022045946, 4335, 1021107154, 4326, 1022020208, 4319, 1021138198, 4327, 1021132629, 3823, 1021106271, 3806, 1022015502]
[INFO] (lattice_cell.c: 455): on tick 7 of 50
[INFO] (lattice_cell.c: 172): the unmatched_packets is 56
[4072, 1037909224, 3800, 1037884735, 4056, 1037884709, 4320, 1037873095, 4312, 1037884681, 4328, 1037909220, 3816, 1037909240, 4073, 1038304858, 3801, 1038306029, 4057, 1038304837, 4321, 1038305201, 4329, 1038304464, 3817, 1038306053, 3809, 1038306786, 4313, 1038304453, 4074, 1038744832, 4058, 1038768691, 4322, 1038781880, 4075, 1038349163, 4059, 1038349854, 4060, 1021097916, 4077, 1022141410, 4076, 1020917315, 4323, 1038349375, 4078, 1022018748, 4079, 1021129565, 4318, 1022009032, 4335, 1021129471, 4061, 1021952573, 4062, 1022007863, 4063, 1021141135, 4314, 1038768653, 4330, 1038744826, 3823, 1021128772, 3818, 1038744832, 3810, 1038781908, 3803, 1038348711, 3811, 1038347937, 3812, 1021033414, 3813, 1022021898, 3820, 1020917914, 3805, 1021954422, 3821, 1022143250, 4331, 1038349464, 3806, 1022005816, 4315, 1038350181, 3822, 1022016732, 3807, 1021140316, 3802, 1038768723, 4332, 1020917649, 4316, 1021098219, 4324, 1021033176, 3808, 1037873133, 4333, 1022140469, 4325, 1022019086, 4317, 1021951630, 4334, 1022019876, 4326, 1022028369, 4319, 1021141053, 4327, 1021121289, 3819, 1038348048, 3804, 1021098509, 3814, 1022025195, 3815, 1021120566]
[INFO] (lattice_cell.c: 455): on tick 8 of 50
[INFO] (lattice_cell.c: 172): the unmatched_packets is 56
[4072, 1037886625, 3800, 1037883716, 4056, 1037883746, 4312, 1037883772, 4328, 1037886639, 3816, 1037886607, 3808, 1037890148, 4073, 1038296398, 3801, 1038295759, 4320, 1037890190, 4057, 1038294525, 4313, 1038294173, 4321, 1038295270, 4329, 1038296078, 3817, 1038297595, 3809, 1038296830, 4074, 1038777645, 4058, 1038780706, 3802, 1038780696, 4075, 1038342461, 4322, 1038774522, 4330, 1038777649, 4059, 1038343869, 4060, 1021094792, 4078, 1022014505, 4062, 1022015281, 4079, 1021137215, 4076, 1021164495, 4077, 1021903073, 4061, 1021973684, 4063, 1021139350, 3810, 1038774500, 3803, 1038342571, 3804, 1021095674, 3820, 1021165396, 4314, 1038780728, 3812, 1021066726, 3805, 1021975245, 4315, 1038344291, 4331, 1038342868, 4323, 1038343638, 3821, 1021904600, 3814, 1022028107, 4332, 1021164364, 3806, 1022013940, 3815, 1021124083, 4324, 1021065741, 4316, 1021094676, 3822, 1022013164, 3807, 1021138677, 3823, 1021136540, 3818, 1038777641, 4333, 1021902316, 4325, 1022002228, 4317, 1021972911, 4334, 1022015028, 4318, 1022015831, 4326, 1022029993, 4335, 1021137104, 4319, 1021139241, 4327, 1021124647, 3819, 1038341169, 3813, 1022004505, 3811, 1038341933]
[INFO] (lattice_cell.c: 455): on tick 9 of 50
[INFO] (lattice_cell.c: 172): the unmatched_packets is 56
[4072, 1037870947, 3800, 1037881212, 4056, 1037881182, 4312, 1037881146, 4320, 1037886751, 3816, 1037870967, 4073, 1038305852, 4328, 1037870943, 3801, 1038305076, 4057, 1038303899, 4329, 1038305484, 4313, 1038303517, 4321, 1038305412, 4074, 1038783762, 4058, 1038772964, 4075, 1038348420, 4322, 1038766773, 4314, 1038772924, 3817, 1038307026, 4059, 1038350381, 4315, 1038350693, 4078, 1022021598, 4323, 1038349727, 4316, 1021068917, 4063, 1021132668, 4076, 1021093334, 4325, 1021966085, 4060, 1021068711, 4077, 1021959075, 4061, 1021982195, 4062, 1022018424, 4079, 1021126980, 3818, 1038783776, 3810, 1038766834, 3819, 1038347321, 3804, 1021069413, 3812, 1021083128, 3820, 1021094039, 3808, 1037886783, 3813, 1021968588, 4330, 1038783748, 3802, 1038773002, 3805, 1021983905, 3809, 1038306956, 4331, 1038348708, 3803, 1038349245, 3806, 1022016479, 4332, 1021093539, 3822, 1022019695, 3811, 1038348318, 4324, 1021082607, 4317, 1021981401, 3807, 1021131714, 4333, 1021958280, 3823, 1021126056, 4318, 1022019454, 4334, 1022022614, 3814, 1022017095, 3821, 1021960805, 4326, 1022020018, 4335, 1021127021, 3815, 1021129481, 4319, 1021132735, 4327, 1021130436]
[INFO] (lattice_cell.c: 455): on tick 10 of 50
[INFO] (lattice_cell.c: 172): the unmatched_packets is 56
[4072, 1037879209, 3800, 1037891165, 4056, 1037891194, 4312, 1037891210, 4320, 1037884175, 4328, 1037879235, 3808, 1037884141, 3816, 1037879199, 4073, 1038295310, 3801, 1038295469, 4057, 1038294246, 4313, 1038293894, 4321, 1038295633, 4329, 1038294992, 3817, 1038296508, 3809, 1038297162, 4074, 1038786274, 4058, 1038772664, 4075, 1038343682, 4076, 1021068873, 4060, 1021080165, 4077, 1022002963, 4061, 1021988313, 4331, 1038344086, 4332, 1021068916, 4317, 1021987410, 4333, 1022002094, 4078, 1022023274, 3815, 1021134567, 4062, 1022020582, 4079, 1021126100, 4063, 1021135089, 4059, 1038344418, 3823, 1021125577, 3810, 1038780300, 3803, 1038343130, 4322, 1038780328, 4314, 1038772676, 3819, 1038342416, 4330, 1038786288, 3811, 1038342125, 4315, 1038344831, 4323, 1038343818, 3820, 1021069576, 3813, 1021965626, 4316, 1021080175, 3805, 1021990000, 3814, 1022016022, 3821, 1022004621, 3806, 1022019107, 3822, 1022021812, 4324, 1021102511, 3802, 1038772652, 3807, 1021134559, 4325, 1021963080, 3818, 1038786274, 4334, 1022023955, 4318, 1022021240, 4326, 1022018123, 4335, 1021125864, 4319, 1021134848, 3804, 1021080893, 4327, 1021134860, 3812, 1021103189]
[INFO] (lattice_cell.c: 455): on tick 11 of 50
[INFO] (lattice_cell.c: 172): the unmatched_packets is 56
[4072, 1037892483, 3800, 1037887498, 4056, 1037887478, 4320, 1037877048, 4312, 1037887447, 4328, 1037892479, 3808, 1037877078, 4073, 1038305118, 4057, 1038303869, 4074, 1038761355, 4321, 1038304886, 4059, 1038350403, 3801, 1038305046, 4077, 1021983380, 4061, 1021968127, 4331, 1038348799, 4079, 1021106631, 4063, 1021136356, 4058, 1038766019, 4076, 1021070084, 4318, 1022016586, 3813, 1021969627, 4060, 1021081477, 4078, 1022045645, 4062, 1022015691, 4075, 1038348513, 3817, 1038306277, 3803, 1038349286, 3811, 1038347684, 3812, 1021081652, 3804, 1021082337, 3820, 1021070939, 3814, 1022025532, 3821, 1021984934, 3809, 1038306403, 3816, 1037892498, 4313, 1038303503, 3806, 1022013893, 3822, 1022043914, 3802, 1038766057, 4329, 1038304772, 3810, 1038777447, 4330, 1038761343, 4314, 1038765976, 3819, 1038347409, 4322, 1038777392, 4315, 1038350715, 4323, 1038349078, 4332, 1021070153, 4316, 1021081549, 4324, 1021080870, 4333, 1021982742, 4317, 1021967467, 3805, 1021969702, 3815, 1021125292, 4325, 1021967398, 4334, 1022046445, 4335, 1021106735, 4326, 1022028164, 4319, 1021136534, 3807, 1021135279, 3823, 1021105645, 4327, 1021126472, 3818, 1038761373]
[INFO] (lattice_cell.c: 455): on tick 12 of 50
[INFO] (lattice_cell.c: 172): the unmatched_packets is 56
[4072, 1037869971, 3800, 1037887710, 4056, 1037887720, 4312, 1037887730, 3816, 1037869956, 3808, 1037878079, 4073, 1038295454, 3801, 1038295298, 4057, 1038294087, 3817, 1038296633, 3809, 1038296543, 4074, 1038795037, 3802, 1038776359, 4314, 1038776374, 4078, 1021966803, 4062, 1022009714, 4324, 1021073257, 4058, 1038776372, 4325, 1021993144, 4076, 1021082467, 4060, 1021093575, 3814, 1022010036, 4077, 1021987936, 3815, 1021140064, 4061, 1021973217, 4079, 1021190674, 4063, 1021142549, 4075, 1038341630, 4059, 1038345417, 3810, 1038786831, 3819, 1038340405, 3811, 1038343068, 3804, 1021094159, 3812, 1021073609, 3818, 1038795043, 3820, 1021083016, 3805, 1021975035, 3813, 1021995918, 3821, 1021989710, 3806, 1022008143, 3822, 1021965121, 3807, 1021142100, 3823, 1021190197, 3803, 1038344131, 4320, 1037878101, 4328, 1037869988, 4313, 1038293757, 4321, 1038295036, 4329, 1038295139, 4322, 1038786839, 4330, 1038795047, 4315, 1038345815, 4331, 1038341970, 4323, 1038344700, 4316, 1021093750, 4332, 1021082668, 4333, 1021986956, 4317, 1021972206, 4334, 1021967669, 4318, 1022010527, 4335, 1021190368, 4326, 1022012478, 4319, 1021142194, 4327, 1021140157]
[INFO] (lattice_cell.c: 455): on tick 13 of 50
[INFO] (lattice_cell.c: 172): the unmatched_packets is 56
[4072, 1037912685, 3800, 1037886093, 4056, 1037886085, 4312, 1037886075, 3816, 1037912705, 4320, 1037899239, 3808, 1037899262, 4328, 1037912684, 4073, 1038305446, 3801, 1038304520, 4057, 1038303337, 4313, 1038302978, 4321, 1038304733, 4329, 1038305120, 3817, 1038306585, 3809, 1038306230, 4074, 1038740609, 4058, 1038767775, 4314, 1038767747, 4322, 1038754035, 3802, 1038767811, 4075, 1038348511, 4059, 1038350367, 4076, 1021110479, 4078, 1022134402, 4062, 1022027530, 4077, 1021941278, 4318, 1022028220, 4334, 1022134936, 4061, 1021966464, 4327, 1021078566, 4060, 1021082986, 4079, 1021018074, 4063, 1021126722, 3821, 1021942698, 3807, 1021125594, 4330, 1038740586, 4315, 1038350685, 3810, 1038754072, 3803, 1038349223, 4323, 1038351738, 4331, 1038348846, 3811, 1038350293, 3804, 1021083963, 4332, 1021110429, 4316, 1021082915, 4324, 1021083183, 3820, 1021111447, 4317, 1021965946, 3813, 1021967363, 4333, 1021940770, 4325, 1021965422, 3814, 1022065505, 3815, 1021077331, 3819, 1038347363, 4326, 1022067668, 4319, 1021126976, 3806, 1022025905, 3812, 1021084218, 4335, 1021018176, 3818, 1038740621, 3822, 1022132968, 3805, 1021967917, 3823, 1021017073]
[INFO] (lattice_cell.c: 455): on tick 14 of 50
[INFO] (lattice_cell.c: 172): the unmatched_packets is 56
[4072, 1037843166, 4056, 1037874596, 3800, 1037874604, 4312, 1037874606, 3816, 1037843164, 4328, 1037843178, 3808, 1037856911, 4073, 1038294963, 4057, 1038293784, 3801, 1038294981, 3817, 1038296138, 4074, 1038822859, 3809, 1038296372, 4058, 1038789990, 4076, 1021072625, 4330, 1038822871, 4078, 1021864479, 4062, 1021986211, 4332, 1021072973, 4316, 1021073784, 4059, 1038343292, 4325, 1021992448, 4060, 1021073472, 4077, 1021996292, 4061, 1021993288, 4079, 1021283843, 3822, 1021862585, 3823, 1021283384, 4063, 1021176383, 4075, 1038344083, 3818, 1038822862, 3803, 1038342059, 3811, 1038343094, 3804, 1021073927, 3812, 1021072517, 3805, 1021995214, 3814, 1021919975, 3821, 1021998200, 3815, 1021229806, 3802, 1038790008, 3807, 1021175995, 3819, 1038342926, 3810, 1038808380, 3820, 1021073021, 3813, 1021995448, 4320, 1037856922, 3806, 1021984410, 4313, 1038293454, 4329, 1038294657, 4321, 1038294880, 4314, 1038789985, 4322, 1038808369, 4331, 1038344365, 4315, 1038343666, 4323, 1038344601, 4324, 1021072416, 4333, 1021995228, 4317, 1021992157, 4334, 1021865583, 4318, 1021987225, 4335, 1021283513, 4326, 1021922899, 4319, 1021176014, 4327, 1021229857]
[INFO] (lattice_cell.c: 455): on tick 15 of 50
[INFO] (lattice_cell.c: 172): the unmatched_packets is 56
[4072, 1037897914, 3800, 1037912623, 4056, 1037912613, 4312, 1037912601, 4320, 1037917866, 4328, 1037897912, 3808, 1037917874, 3816, 1037897918, 4073, 1038304698, 3801, 1038304418, 4057, 1038303245, 4313, 1038302893, 4321, 1038304671, 3817, 1038305827, 3809, 1038306140, 4074, 1038756416, 4058, 1038740211, 4330, 1038756398, 4075, 1038348544, 4059, 1038350869, 4076, 1021069477, 4077, 1021984822, 4061, 1021957879, 4323, 1038349745, 4062, 1022103310, 3802, 1038740238, 4324, 1021100369, 3818, 1038756436, 4325, 1021947900, 4060, 1021091949, 4078, 1022160415, 4079, 1020995422, 4063, 1021050897, 3821, 1021986119, 3822, 1022159134, 3823, 1020994409, 3803, 1038349691, 3811, 1038348216, 3810, 1038735293, 3804, 1021093042, 3820, 1021070530, 3805, 1021959193, 3814, 1022170842, 3815, 1020982135, 3807, 1021049758, 3819, 1038347377, 4329, 1038304391, 4314, 1038740192, 4322, 1038735253, 4315, 1038351222, 4331, 1038348886, 4332, 1021069314, 4316, 1021091773, 3812, 1021101613, 4333, 1021984419, 3813, 1021949620, 4317, 1021957454, 3806, 1022101934, 4334, 1022160781, 4318, 1022103796, 4326, 1022172531, 4335, 1020995566, 4319, 1021051141, 4327, 1020983384]
[INFO] (lattice_cell.c: 455): on tick 16 of 50
[INFO] (lattice_cell.c: 172): the unmatched_packets is 56
[4072, 1037895594, 3800, 1037853143, 4056, 1037853139, 4328, 1037895598, 4073, 1038295680, 4057, 1038293601, 4074, 1038768173, 4321, 1038294817, 4075, 1038342788, 4059, 1038345618, 4076, 1021092978, 4314, 1038811841, 4077, 1021975073, 4061, 1021994812, 4315, 1038345946, 4058, 1038811857, 4325, 1021980360, 4318, 1021877509, 4060, 1021069926, 3820, 1021093289, 4078, 1021987788, 4062, 1021876314, 4079, 1021166986, 4063, 1021276909, 3805, 1021996832, 3815, 1021272513, 3821, 1021977037, 3822, 1021985868, 3807, 1021276527, 3802, 1038811878, 3818, 1038768173, 3810, 1038807136, 3803, 1038344415, 3811, 1038343978, 3819, 1038341635, 3812, 1021082346, 3804, 1021070282, 3813, 1021983493, 3814, 1021874529, 4320, 1037857846, 4312, 1037853143, 4313, 1038293260, 4329, 1038295392, 3823, 1021166625, 3801, 1038294797, 3808, 1037857852, 3816, 1037895602, 3809, 1038296292, 4322, 1038807127, 4330, 1038768169, 4331, 1038343070, 4323, 1038345409, 3817, 1038296831, 4332, 1021093468, 4316, 1021070351, 4324, 1021082468, 4333, 1021973947, 4317, 1021993605, 4334, 1021988927, 4335, 1021166535, 4326, 1021877724, 4319, 1021276507, 4327, 1021272503, 3806, 1021874301]
[INFO] (lattice_cell.c: 455): on tick 17 of 50
[INFO] (lattice_cell.c: 172): the unmatched_packets is 56
[4072, 1037870635, 3800, 1037914304, 4056, 1037914306, 4320, 1037878194, 4328, 1037870645, 3808, 1037878186, 4312, 1037914290, 3816, 1037870635, 4073, 1038303842, 3801, 1038303854, 4057, 1038302687, 3817, 1038304975, 4321, 1038303594, 3809, 1038305063, 4313, 1038302349, 4074, 1038783731, 4058, 1038739027, 4322, 1038776519, 4314, 1038738999, 4330, 1038783718, 4075, 1038350201, 4059, 1038350297, 4076, 1021084117, 4331, 1038350493, 4061, 1021960960, 3802, 1038739057, 4079, 1021164216, 4077, 1021969007, 4078, 1021984026, 4327, 1021061961, 4062, 1022169514, 4063, 1020988887, 4060, 1021090521, 4329, 1038303544, 3822, 1021982789, 3819, 1038349082, 3804, 1021091663, 3812, 1021065948, 3820, 1021085244, 3805, 1021962191, 3813, 1021987322, 3814, 1022088555, 3821, 1021970211, 3806, 1022168285, 3815, 1021060601, 3807, 1020987733, 3823, 1021163080, 3818, 1038783743, 3810, 1038776557, 3803, 1038349086, 4315, 1038350669, 4323, 1038351200, 3811, 1038349687, 4332, 1021083867, 4316, 1021090246, 4324, 1021064548, 4317, 1021960589, 4333, 1021968655, 4325, 1021985725, 4334, 1021984406, 4318, 1022169856, 4326, 1022090129, 4335, 1021164488, 4319, 1020989145]
[INFO] (lattice_cell.c: 455): on tick 18 of 50
[INFO] (lattice_cell.c: 172): the unmatched_packets is 56
[4072, 1037879698, 3800, 1037882504, 4056, 1037882490, 4320, 1037900465, 3816, 1037879690, 3808, 1037900481, 4312, 1037882484, 4073, 1038295783, 4328, 1037879690, 3801, 1038296078, 4057, 1038294905, 4321, 1038295780, 4313, 1038294572, 4329, 1038295496, 3817, 1038296917, 3809, 1038297225, 4074, 1038785629, 4058, 1038781301, 4322, 1038763334, 4314, 1038781283, 4330, 1038785619, 4075, 1038342302, 4059, 1038344911, 4076, 1021085065, 4323, 1038343980, 4060, 1021090411, 4077, 1021981490, 4062, 1021926994, 4061, 1021968700, 4078, 1022047670, 4079, 1021110793, 4063, 1021229837, 3815, 1021107093, 4315, 1038345245, 3807, 1021229440, 3819, 1038341137, 3804, 1021090724, 3820, 1021085321, 3814, 1022048007, 3821, 1021983501, 3802, 1038781319, 3806, 1021924925, 3822, 1022045687, 3823, 1021110553, 3810, 1038763374, 4331, 1038342602, 3818, 1038785650, 4324, 1021087016, 4316, 1021090932, 3811, 1038342485, 4332, 1021085618, 4325, 1021974741, 4317, 1021967484, 4333, 1021980330, 3812, 1021086726, 4318, 1021928228, 3803, 1038343738, 4334, 1022048805, 4326, 1022051125, 3813, 1021977949, 4335, 1021110235, 4319, 1021229403, 4327, 1021106864, 3805, 1021970772]
[INFO] (lattice_cell.c: 455): on tick 19 of 50
[INFO] (lattice_cell.c: 172): the unmatched_packets is 56
[4072, 1037885510, 3800, 1037869572, 4056, 1037869576, 4312, 1037869576, 4320, 1037880532, 4328, 1037885518, 3816, 1037885506, 3808, 1037880529, 4073, 1038303542, 3801, 1038302238, 4057, 1038301055, 4313, 1038300721, 4329, 1038303268, 3817, 1038304661, 4321, 1038302200, 3809, 1038303648, 4074, 1038768600, 4322, 1038773118, 4058, 1038785024, 4314, 1038784998, 4330, 1038768589, 3802, 1038785054, 4075, 1038350161, 4059, 1038352056, 4076, 1021078786, 4061, 1021980927, 4078, 1022042978, 4324, 1021088564, 4079, 1021106511, 4063, 1021139318, 4060, 1021073323, 4077, 1021976965, 3820, 1021079928, 4335, 1021106847, 4062, 1022012641, 3822, 1022041799, 3803, 1038350875, 3811, 1038350886, 3812, 1021090013, 3804, 1021074507, 4315, 1038352386, 4323, 1038352297, 4331, 1038350429, 3813, 1021965912, 4316, 1021073000, 4332, 1021078505, 3805, 1021982138, 3810, 1038773149, 3818, 1038768608, 3814, 1021982006, 4325, 1021964397, 4333, 1021976652, 4317, 1021980551, 3821, 1021978127, 3815, 1021161861, 3806, 1022011386, 4318, 1022013020, 4334, 1022043283, 3807, 1021138117, 4326, 1021983575, 3823, 1021105349, 4319, 1021139674, 4327, 1021163381, 3819, 1038349053]
[INFO] (lattice_cell.c: 455): on tick 20 of 50
[INFO] (lattice_cell.c: 172): the unmatched_packets is 56
[4072, 1037888600, 3800, 1037899743, 4056, 1037899751, 4312, 1037899735, 4320, 1037876385, 4328, 1037888592, 3816, 1037888608, 3808, 1037876408, 4073, 1038296713, 3801, 1038294279, 4057, 1038293117, 4313, 1038292796, 4321, 1038296017, 3817, 1038297826, 4329, 1038296434, 3809, 1038297462, 4074, 1038775586, 4058, 1038764230, 4075, 1038342657, 4314, 1038764195, 4059, 1038343757, 4077, 1021977147, 4331, 1038342963, 3802, 1038764270, 4334, 1022015140, 3818, 1038775601, 3811, 1038342714, 4061, 1021994333, 3820, 1021084470, 4078, 1022014023, 4062, 1022062392, 4076, 1021084253, 4079, 1021144644, 4063, 1021101379, 4060, 1021073663, 3814, 1022011828, 3815, 1021143758, 4322, 1038788554, 4330, 1038775570, 4315, 1038344123, 4323, 1038344220, 3803, 1038342536, 4332, 1021084848, 4324, 1021081727, 4316, 1021074186, 3804, 1021073943, 3812, 1021081391, 4317, 1021993109, 4333, 1021976000, 3813, 1021979004, 4325, 1021975793, 4318, 1022063546, 3805, 1021996407, 4326, 1022014975, 3821, 1021979161, 3806, 1022060378, 4335, 1021144048, 4319, 1021100839, 3822, 1022012037, 4327, 1021143463, 3807, 1021101080, 3810, 1038788602, 3819, 1038341510, 3823, 1021144401]
[INFO] (lattice_cell.c: 455): on tick 21 of 50
[INFO] (lattice_cell.c: 172): the unmatched_packets is 56
[4072, 1037875996, 4056, 1037883713, 3800, 1037883725, 4328, 1037876008, 4320, 1037876944, 4312, 1037883705, 4073, 1038302336, 4057, 1038300957, 4074, 1038778356, 4058, 1038769875, 4329, 1038302078, 4059, 1038352306, 3816, 1037875994, 4076, 1021083004, 4060, 1021114788, 4331, 1038351073, 4323, 1038352068, 4315, 1038352636, 4324, 1021077742, 4075, 1038350832, 4077, 1021975106, 3812, 1021079132, 4061, 1021939683, 4078, 1022006952, 4062, 1022016416, 4079, 1021140494, 4063, 1021134065, 3821, 1021976261, 3807, 1021132848, 3823, 1021139346, 3817, 1038303453, 3810, 1038777638, 3803, 1038351146, 3819, 1038349739, 3804, 1021115876, 4321, 1038304165, 4313, 1038300619, 3820, 1021084113, 4330, 1038778347, 4322, 1038777608, 4314, 1038769849, 3806, 1022015165, 4332, 1021082711, 3808, 1037876925, 4316, 1021114503, 4333, 1021974761, 3802, 1038769894, 4325, 1021968428, 4334, 1022007315, 4317, 1021939304, 4335, 1021140809, 4326, 1022046879, 4318, 1022016837, 4319, 1021134470, 4327, 1021101885, 3801, 1038302148, 3811, 1038350669, 3809, 1038305598, 3813, 1021969944, 3805, 1021940876, 3822, 1022005752, 3814, 1022045315, 3815, 1021100379, 3818, 1038778366]
[INFO] (lattice_cell.c: 455): on tick 22 of 50
[INFO] (lattice_cell.c: 172): the unmatched_packets is 56
[4072, 1037884617, 3800, 1037904872, 4056, 1037904883, 4312, 1037904879, 3808, 1037899843, 4320, 1037899834, 4328, 1037884615, 4073, 1038294759, 3801, 1038296732, 4057, 1038295606, 4321, 1038296406, 3816, 1037884618, 4313, 1038295304, 4329, 1038294494, 3817, 1038295863, 4074, 1038780218, 3802, 1038758588, 4058, 1038758536, 4314, 1038758510, 4330, 1038780198, 4075, 1038342165, 3818, 1038780249, 4059, 1038344588, 4076, 1021081626, 4060, 1021023234, 4077, 1021987439, 3810, 1038763929, 4324, 1021060012, 4079, 1021127537, 4063, 1021182840, 4325, 1021996662, 4061, 1022031564, 4078, 1022033168, 4062, 1021979153, 4319, 1021182306, 4327, 1021129536, 3821, 1021989434, 3814, 1022027762, 3815, 1021129813, 3809, 1038297779, 3812, 1021059834, 3805, 1022033633, 3813, 1021999827, 3806, 1021977161, 3822, 1022031224, 3807, 1021182491, 3823, 1021127281, 3803, 1038343399, 4322, 1038763861, 3804, 1021023689, 4315, 1038344949, 3811, 1038342632, 4331, 1038342474, 4323, 1038344122, 4316, 1021023690, 4332, 1021082201, 4333, 1021986349, 4317, 1022030344, 4334, 1022034212, 4318, 1021980268, 4326, 1022030780, 4335, 1021126930, 3820, 1021081899, 3819, 1038341028]
[INFO] (lattice_cell.c: 455): on tick 23 of 50
[INFO] (lattice_cell.c: 172): the unmatched_packets is 56
[4072, 1037876127, 3800, 1037844777, 4056, 1037844752, 4312, 1037844729, 4328, 1037876140, 3816, 1037876128, 3808, 1037864324, 4320, 1037864294, 4073, 1038302114, 3801, 1038300084, 4057, 1038298866, 4321, 1038300804, 4074, 1038778253, 4058, 1038810762, 4075, 1038350920, 4322, 1038790121, 4076, 1021100609, 3817, 1038303247, 4077, 1021958701, 3809, 1038302310, 4062, 1022036068, 4332, 1021100450, 4059, 1038352201, 4325, 1021918605, 4060, 1021193976, 4335, 1021110929, 4061, 1021867312, 4319, 1021114595, 4078, 1022037195, 3820, 1021101575, 4079, 1021110662, 4063, 1021114241, 3806, 1022034746, 3822, 1022035974, 4313, 1038298520, 4329, 1038301846, 3811, 1038351340, 3804, 1021194918, 3812, 1021139402, 4314, 1038810721, 3805, 1021868554, 3814, 1022014582, 4330, 1038778237, 3821, 1021959860, 3815, 1021128819, 4323, 1038352728, 3807, 1021113082, 4331, 1038351154, 4315, 1038352526, 3823, 1021109575, 3810, 1038790151, 4316, 1021193801, 4324, 1021138330, 3802, 1038810794, 4333, 1021958376, 4317, 1021866916, 4334, 1022037603, 3803, 1038351006, 4318, 1022036564, 3813, 1021920128, 4326, 1022016292, 3819, 1038349818, 4327, 1021130239, 3818, 1038778256]
[INFO] (lattice_cell.c: 455): on tick 24 of 50
[INFO] (lattice_cell.c: 172): the unmatched_packets is 56
[4072, 1037902470, 3800, 1037926571, 4056, 1037926604, 4320, 1037910886, 4328, 1037902467, 3816, 1037902461, 4312, 1037926621, 4073, 1038297595, 3801, 1038296831, 4057, 1038295710, 4321, 1038298002, 4313, 1038295402, 4329, 1038297383, 3809, 1038299317, 4074, 1038761344, 4058, 1038736574, 3802, 1038736603, 4330, 1038761318, 4314, 1038736549, 4322, 1038752852, 4075, 1038342549, 4059, 1038344231, 4331, 1038342844, 4323, 1038344369, 4076, 1021038881, 4060, 1020930307, 4077, 1022017675, 3803, 1038343046, 4078, 1022014901, 4324, 1020978999, 4079, 1021146344, 4333, 1022016570, 4062, 1022028569, 4326, 1022002352, 4063, 1021137243, 4061, 1022126484, 4327, 1021158174, 4315, 1038344584, 3815, 1021158349, 3823, 1021145990, 3812, 1020979153, 4316, 1020930660, 4332, 1021039299, 3805, 1022128477, 3806, 1022026684, 3814, 1021999500, 3810, 1038752912, 4325, 1022070005, 4317, 1022125359, 3822, 1022013059, 3807, 1021136849, 4318, 1022029561, 3819, 1038341431, 3808, 1037910846, 4334, 1022015860, 3818, 1038761372, 4319, 1021136758, 4335, 1021145776, 3804, 1020930814, 3811, 1038342913, 3820, 1021039344, 3813, 1022073104, 3821, 1022019649, 3817, 1038298633]
[INFO] (lattice_cell.c: 455): on tick 25 of 50
[INFO] (lattice_cell.c: 172): the unmatched_packets is 56
[4072, 1037851606, 3800, 1037870966, 4056, 1037870934, 4312, 1037870903, 4320, 1037843308, 4328, 1037851583, 3816, 1037851620, 3808, 1037843353, 4073, 1038299971, 3801, 1038301497, 4057, 1038300303, 4313, 1038299983, 4321, 1038300978, 4329, 1038299661, 3817, 1038301128, 3809, 1038302447, 4074, 1038803556, 3802, 1038782860, 4058, 1038782801, 4314, 1038782736, 4322, 1038811994, 3810, 1038812063, 4330, 1038803536, 4075, 1038350954, 4315, 1038353058, 4059, 1038352736, 4323, 1038352381, 4076, 1021174233, 4060, 1021208302, 3803, 1038351538, 4078, 1022027305, 4079, 1021119896, 4317, 1021845310, 4077, 1021891662, 4061, 1021845783, 4062, 1022014854, 4063, 1021134034, 4331, 1038351185, 3822, 1022025997, 3823, 1021118916, 4316, 1021208203, 4332, 1021174242, 3819, 1038349851, 4324, 1021221280, 3811, 1038350968, 3804, 1021209167, 3820, 1021174975, 4325, 1021834654, 4333, 1021891300, 4326, 1022045517, 4318, 1022015435, 4334, 1022027817, 3805, 1021847104, 3813, 1021836351, 3814, 1022043641, 3818, 1038803562, 3821, 1021892842, 4335, 1021120096, 4327, 1021101349, 4319, 1021134334, 3806, 1022013470, 3815, 1021100110, 3807, 1021132932, 3812, 1021222109]
[INFO] (lattice_cell.c: 455): on tick 26 of 50
[INFO] (lattice_cell.c: 172): the unmatched_packets is 56
[4072, 1037917421, 3800, 1037884262, 4056, 1037884278, 4312, 1037884294, 4320, 1037912921, 3816, 1037917384, 3808, 1037912882, 4328, 1037917437, 4073, 1038297335, 3801, 1038294589, 4057, 1038293470, 4313, 1038293162, 4321, 1038296244, 4329, 1038297125, 3817, 1038298358, 3809, 1038297576, 4074, 1038746322, 3802, 1038780225, 4058, 1038780210, 4314, 1038780202, 4322, 1038750899, 4330, 1038746311, 3818, 1038746348, 3810, 1038750912, 4075, 1038343539, 4059, 1038344036, 4315, 1038344395, 4076, 1020946623, 4060, 1021044679, 4077, 1022111533, 4078, 1022010291, 4316, 1021044941, 4332, 1020946926, 4079, 1021148641, 3803, 1038342864, 4061, 1022018603, 4062, 1022015286, 4327, 1021130198, 4063, 1021149870, 3823, 1021148216, 3819, 1038342443, 3820, 1020947220, 3812, 1020945879, 4323, 1038344440, 4331, 1038343811, 3805, 1022020618, 3821, 1022113398, 4324, 1020945616, 3814, 1022029513, 3815, 1021130184, 3807, 1021149364, 4317, 1022017519, 4333, 1022110555, 4325, 1022111311, 4334, 1022011101, 4318, 1022016201, 3804, 1021045296, 4326, 1022032129, 4335, 1021148168, 3811, 1038343014, 4319, 1021149487, 3813, 1022114201, 3806, 1022013478, 3822, 1022008534]
[INFO] (lattice_cell.c: 455): on tick 27 of 50
[INFO] (lattice_cell.c: 172): the unmatched_packets is 56
[4072, 1037852330, 3800, 1037893887, 4056, 1037893861, 4312, 1037893831, 3816, 1037852352, 3808, 1037881314, 4328, 1037852309, 4320, 1037881268, 4073, 1038301940, 3801, 1038301867, 4057, 1038300629, 4313, 1038300271, 3817, 1038303076, 4321, 1038302976, 4329, 1038301684, 3809, 1038304415, 4074, 1038802492, 3802, 1038760137, 4058, 1038760073, 4314, 1038760004, 4322, 1038772252, 4330, 1038802452, 3818, 1038802527, 3810, 1038772367, 4075, 1038350406, 4059, 1038353232, 4323, 1038352384, 4076, 1021223016, 4060, 1021047404, 4077, 1021834356, 4078, 1022037276, 4332, 1021223117, 4324, 1021146427, 4316, 1021047492, 4079, 1021111717, 3803, 1038352049, 4061, 1022005708, 4062, 1022006427, 4327, 1021139706, 4063, 1021143192, 3805, 1022006973, 3815, 1021138687, 3822, 1022035891, 4331, 1038350632, 3820, 1021223660, 3813, 1021901799, 4317, 1022005214, 4325, 1021899992, 4333, 1021833846, 3814, 1022007183, 3821, 1021835655, 3806, 1022004934, 3811, 1038350986, 4318, 1022007130, 4334, 1022037889, 3819, 1038349294, 3807, 1021142246, 3823, 1021110882, 3812, 1021147084, 4326, 1022009250, 4335, 1021111802, 4319, 1021143349, 4315, 1038353549, 3804, 1021048116]
[INFO] (lattice_cell.c: 455): on tick 28 of 50
[INFO] (lattice_cell.c: 172): the unmatched_packets is 56
[4072, 1037895713, 3800, 1037885690, 4056, 1037885719, 4312, 1037885739, 3816, 1037895701, 3808, 1037869994, 4320, 1037870007, 4328, 1037895727, 4073, 1038294771, 3801, 1038295846, 4057, 1038294781, 4313, 1038294518, 4321, 1038295557, 4329, 1038294550, 3817, 1038295810, 3809, 1038296835, 4074, 1038768780, 4058, 1038778148, 4075, 1038341152, 4330, 1038768787, 4059, 1038344634, 4323, 1038344501, 4062, 1022026789, 4063, 1021135807, 4076, 1021000451, 4077, 1022067491, 4319, 1021135550, 4061, 1021936171, 4078, 1022039436, 4079, 1021129421, 4060, 1021121171, 3814, 1022023908, 3821, 1022069269, 3807, 1021135155, 3823, 1021128841, 4314, 1038778133, 4322, 1038794980, 3818, 1038768784, 3810, 1038794998, 4315, 1038344998, 4331, 1038341417, 3811, 1038343067, 3819, 1038340086, 3804, 1021121973, 3812, 1021101876, 4316, 1021121223, 4332, 1021000692, 4324, 1021101321, 3802, 1038778191, 3813, 1021958992, 3820, 1021001098, 4317, 1021935151, 4333, 1022066643, 4325, 1021956169, 3815, 1021133008, 3803, 1038343466, 3806, 1022025120, 4334, 1022040166, 4318, 1022027566, 3822, 1022037794, 4326, 1022026313, 4335, 1021129077, 3805, 1021938123, 4327, 1021133312]
[INFO] (lattice_cell.c: 455): on tick 29 of 50
[INFO] (lattice_cell.c: 172): the unmatched_packets is 56
[4072, 1037890465, 3800, 1037878799, 4056, 1037878775, 4312, 1037878738, 3816, 1037890480, 3808, 1037885653, 4073, 1038302370, 3801, 1038301035, 4057, 1038299794, 4313, 1038299432, 4321, 1038301393, 4329, 1038302106, 3817, 1038303496, 3809, 1038302905, 4074, 1038763213, 4058, 1038775597, 4075, 1038351048, 3802, 1038775668, 4330, 1038763171, 4060, 1021087743, 4077, 1021971831, 4315, 1038352763, 4316, 1021087978, 4332, 1021083391, 4059, 1038352443, 4325, 1022022563, 3805, 1021970670, 3814, 1022018796, 3806, 1022023867, 4061, 1021969246, 4078, 1022003579, 4062, 1022025480, 4079, 1021145763, 4063, 1021126467, 4076, 1021083136, 3822, 1022002144, 3823, 1021145121, 3810, 1038768877, 3804, 1021088285, 4320, 1037885623, 3812, 1021031770, 3813, 1022024455, 4328, 1037890459, 3821, 1021973145, 3815, 1021119753, 3807, 1021125634, 4314, 1038775524, 4322, 1038768786, 4331, 1038351296, 3818, 1038763262, 4323, 1038354721, 3820, 1021083683, 4324, 1021031552, 4317, 1021968613, 4333, 1021971283, 4334, 1022004226, 4318, 1022026310, 3811, 1038353314, 4326, 1022021062, 4335, 1021145637, 3803, 1038351247, 4319, 1021126494, 4327, 1021120434, 3819, 1038349930]
[INFO] (lattice_cell.c: 455): on tick 30 of 50
[INFO] (lattice_cell.c: 172): the unmatched_packets is 56
[4072, 1037876011, 3800, 1037895610, 4056, 1037895618, 4312, 1037895622, 3816, 1037875997, 3808, 1037894738, 4320, 1037894765, 4073, 1038296376, 3801, 1038294796, 4057, 1038293707, 4313, 1038293430, 3809, 1038297821, 3817, 1038297375, 4074, 1038788591, 4058, 1038768278, 4075, 1038344019, 4322, 1038768942, 4060, 1021056912, 4077, 1021925741, 4078, 1022034637, 4059, 1038343041, 4076, 1021133936, 3818, 1038788607, 3811, 1038343629, 4061, 1022003238, 3814, 1022028568, 4062, 1022021322, 4079, 1021120856, 4063, 1021150190, 3823, 1021120050, 3819, 1038342998, 3804, 1021057799, 4328, 1037876032, 3820, 1021134747, 3813, 1021965435, 4321, 1038296594, 4329, 1038296199, 4314, 1038768254, 3815, 1021128243, 4330, 1038788587, 3802, 1038768301, 3806, 1022019749, 4315, 1038343384, 3822, 1022033006, 4331, 1038344213, 4323, 1038344985, 3810, 1038768986, 4316, 1021056881, 3803, 1038341881, 4332, 1021133962, 4324, 1021089622, 4317, 1022002370, 4333, 1021924947, 4325, 1021962894, 4318, 1022021984, 3812, 1021090504, 4334, 1022035327, 3805, 1022005030, 4326, 1022030795, 3821, 1021927482, 4335, 1021120774, 4319, 1021150088, 4327, 1021128916, 3807, 1021149362]
[INFO] (lattice_cell.c: 455): on tick 31 of 50
[INFO] (lattice_cell.c: 172): the unmatched_packets is 56
[4072, 1037864506, 3800, 1037887928, 4056, 1037887916, 4312, 1037887904, 3816, 1037864524, 4320, 1037871496, 4073, 1038300963, 4328, 1037864496, 4057, 1038300443, 4313, 1038300091, 4329, 1038300697, 3801, 1038301681, 4074, 1038790733, 4058, 1038765880, 4075, 1038348693, 4314, 1038765820, 4059, 1038352503, 4060, 1021082215, 4077, 1022012514, 4078, 1022003441, 4331, 1038348996, 4062, 1022001667, 4315, 1038352847, 4316, 1021082537, 4324, 1021106442, 4334, 1022004111, 4061, 1021971091, 3813, 1021945688, 4079, 1021155274, 4327, 1021139424, 4063, 1021150564, 4076, 1021049106, 3821, 1022013948, 3807, 1021149931, 3810, 1038782897, 3819, 1038347530, 3804, 1021082671, 3820, 1021049450, 3805, 1021972611, 3815, 1021139203, 3806, 1022000005, 4321, 1038302279, 3817, 1038302108, 3808, 1037871519, 4330, 1038790698, 4322, 1038782793, 3802, 1038765960, 3809, 1038303737, 3818, 1038790767, 4323, 1038351389, 4332, 1021049541, 3811, 1038349881, 3803, 1038351285, 4317, 1021970332, 4333, 1022011854, 4325, 1021943449, 4318, 1022002546, 4335, 1021154887, 4326, 1022013704, 4319, 1021150407, 3823, 1021154878, 3812, 1021106489, 3814, 1022011431, 3822, 1022001996]
[INFO] (lattice_cell.c: 455): on tick 32 of 50
[INFO] (lattice_cell.c: 172): the unmatched_packets is 56
[4072, 1037917573, 3800, 1037886207, 4056, 1037886227, 4312, 1037886221, 4328, 1037917575, 3816, 1037917561, 4320, 1037890823, 3808, 1037890830, 4073, 1038295535, 3801, 1038295424, 4057, 1038294354, 4313, 1038294081, 4321, 1038295419, 4329, 1038295362, 3817, 1038296537, 3809, 1038296677, 4074, 1038745713, 4058, 1038777871, 4075, 1038344505, 4059, 1038345932, 4076, 1021074400, 4077, 1021988778, 4323, 1038347259, 4332, 1021074366, 4316, 1021106759, 4079, 1021060663, 4335, 1021060729, 4319, 1021130332, 4061, 1021950929, 4078, 1022096442, 4062, 1022028271, 4063, 1021130210, 4060, 1021106924, 3814, 1022047575, 3821, 1021990306, 4314, 1038777838, 4322, 1038773547, 3818, 1038745734, 3810, 1038773594, 3803, 1038344811, 3811, 1038346003, 3802, 1038777927, 3812, 1021077896, 3813, 1021981911, 3820, 1021075312, 3805, 1021952636, 3815, 1021100458, 3806, 1022026691, 3822, 1022094903, 3807, 1021129165, 3823, 1021059682, 4330, 1038745711, 4315, 1038346243, 4331, 1038344661, 4324, 1021076893, 3819, 1038343524, 4333, 1021988164, 4317, 1021950183, 3804, 1021107936, 4325, 1021979611, 4334, 1022097058, 4318, 1022028907, 4326, 1022049799, 4327, 1021101589]
[INFO] (lattice_cell.c: 455): on tick 33 of 50
[INFO] (lattice_cell.c: 172): the unmatched_packets is 56
[4072, 1037852125, 3800, 1037872916, 4056, 1037872905, 4312, 1037872885, 4328, 1037852129, 3816, 1037852115, 4320, 1037866992, 3808, 1037866996, 4073, 1038301996, 3801, 1038300861, 4057, 1038299632, 4313, 1038299284, 4321, 1038301445, 4329, 1038301746, 3817, 1038303108, 4074, 1038802593, 4058, 1038781835, 4075, 1038350994, 4314, 1038781773, 4322, 1038787710, 4059, 1038350092, 4076, 1021090634, 4077, 1021964782, 4061, 1021984012, 4331, 1038351270, 4063, 1021153955, 4325, 1022004504, 4318, 1022009243, 4335, 1021243565, 4078, 1021904181, 3805, 1021985671, 4062, 1022008357, 4079, 1021244067, 4060, 1021072408, 3806, 1022006709, 3807, 1021153522, 3810, 1038787807, 3809, 1038302900, 3811, 1038350141, 3819, 1038349847, 3804, 1021072758, 3812, 1021047490, 3813, 1022006904, 3820, 1021090966, 4330, 1038802561, 3814, 1021959761, 4323, 1038351666, 3815, 1021191690, 3821, 1021966357, 4315, 1038350481, 3818, 1038802645, 4332, 1021091150, 4316, 1021072872, 3822, 1021902595, 4324, 1021047648, 4317, 1021983131, 4333, 1021963957, 3823, 1021243777, 4334, 1021904975, 4326, 1021962156, 4319, 1021153589, 4327, 1021191515, 3802, 1038781908, 3803, 1038348835]
[INFO] (lattice_cell.c: 455): on tick 34 of 50
[INFO] (lattice_cell.c: 172): the unmatched_packets is 56
[4072, 1037908170, 3800, 1037911009, 4056, 1037911009, 4312, 1037911004, 4320, 1037916170, 4328, 1037908158, 3816, 1037908189, 3808, 1037916178, 4073, 1038295966, 4057, 1038294600, 3801, 1038295703, 4321, 1038296574, 4329, 1038295795, 4074, 1038755923, 4058, 1038752278, 4314, 1038752234, 4075, 1038340831, 4076, 1021111673, 4330, 1038755897, 4331, 1038341038, 4078, 1022168146, 4063, 1021088110, 4059, 1038346542, 4325, 1021945471, 3802, 1038752330, 4060, 1021076892, 3812, 1021108801, 4077, 1021949964, 4327, 1021033681, 4061, 1021979564, 4062, 1022070583, 4079, 1021003089, 3822, 1022166820, 3809, 1038297809, 3811, 1038343806, 3819, 1038339799, 4313, 1038294327, 4322, 1038746974, 4315, 1038346814, 4323, 1038345081, 3820, 1021112611, 4316, 1021076659, 3814, 1022124896, 4324, 1021107611, 3815, 1021032354, 3821, 1021951414, 3806, 1022069085, 4332, 1021111564, 3817, 1038296961, 3807, 1021086953, 4317, 1021978956, 3823, 1021002070, 4333, 1021949473, 4318, 1022071199, 4334, 1022168565, 4326, 1022126849, 4335, 1021003212, 4319, 1021088424, 3804, 1021077937, 3813, 1021947494, 3805, 1021981107, 3818, 1038755949, 3810, 1038747039, 3803, 1038345423]
[INFO] (lattice_cell.c: 455): on tick 35 of 50
[INFO] (lattice_cell.c: 172): the unmatched_packets is 56
[4072, 1037859884, 3800, 1037863210, 4056, 1037863224, 4312, 1037863222, 3816, 1037859875, 3808, 1037844579, 4320, 1037844601, 4328, 1037859885, 4073, 1038301007, 3801, 1038300670, 4057, 1038299462, 4313, 1038299122, 4321, 1038301010, 4329, 1038300757, 3817, 1038302112, 3809, 1038302432, 4074, 1038794919, 3802, 1038791374, 4058, 1038791298, 4314, 1038791232, 4322, 1038810558, 4330, 1038794903, 3818, 1038794937, 3810, 1038810652, 4075, 1038352999, 4315, 1038352745, 4323, 1038354899, 4059, 1038352367, 4331, 1038353193, 4076, 1021057956, 4060, 1021069068, 4077, 1022001122, 4061, 1021986631, 4079, 1021238107, 3803, 1038351124, 4078, 1021903228, 4327, 1021251834, 4062, 1021915441, 4063, 1021237201, 3813, 1021974752, 3814, 1021884374, 3807, 1021236850, 4316, 1021069569, 4324, 1021080643, 4332, 1021058553, 3819, 1038351937, 4317, 1021985624, 4333, 1022000224, 3811, 1038353455, 4325, 1021972037, 4318, 1021916432, 3820, 1021058186, 3812, 1021080363, 4334, 1021904223, 3805, 1021988424, 4326, 1021887108, 3821, 1022002798, 4319, 1021236727, 4335, 1021237604, 3822, 1021901460, 3823, 1021237781, 3804, 1021069386, 3806, 1021913676, 3815, 1021252021]
[INFO] (lattice_cell.c: 455): on tick 36 of 50
[INFO] (lattice_cell.c: 172): the unmatched_packets is 56
[4072, 1037889198, 3800, 1037917329, 4056, 1037917326, 4312, 1037917312, 3816, 1037889194, 3808, 1037907288, 4320, 1037907247, 4328, 1037889184, 4073, 1038295845, 3801, 1038294022, 4057, 1038292914, 3817, 1038296856, 4321, 1038296026, 4313, 1038292632, 4329, 1038295666, 3809, 1038297279, 4074, 1038775318, 3802, 1038746077, 4058, 1038746009, 4314, 1038745958, 4322, 1038756861, 4330, 1038775289, 3818, 1038775372, 3810, 1038756958, 4075, 1038342691, 4059, 1038342857, 4323, 1038343377, 4315, 1038343180, 4076, 1021067177, 4060, 1021116426, 4077, 1021993614, 3803, 1038341704, 4332, 1021067001, 4079, 1021086479, 4317, 1021946895, 4333, 1021993238, 4061, 1021947390, 4078, 1022078890, 4319, 1021024595, 4327, 1021008731, 4062, 1022148479, 4063, 1021024284, 3821, 1021994926, 3822, 1022077675, 3819, 1038341605, 3811, 1038341959, 3804, 1021117520, 3820, 1021068141, 3812, 1021080463, 3805, 1021948823, 4331, 1038342936, 3814, 1022159121, 3806, 1022147140, 3815, 1021007507, 4324, 1021079258, 4316, 1021116182, 3807, 1021023063, 3823, 1021085528, 4325, 1021975280, 3813, 1021977058, 4318, 1022148920, 4334, 1022079152, 4326, 1022160655, 4335, 1021086593]
[INFO] (lattice_cell.c: 455): on tick 37 of 50
[INFO] (lattice_cell.c: 172): the unmatched_packets is 56
[4072, 1037896071, 3800, 1037853444, 4056, 1037853462, 4312, 1037853471, 3816, 1037896061, 3808, 1037881459, 4320, 1037881467, 4328, 1037896077, 4073, 1038301992, 3801, 1038300276, 4057, 1038299099, 4313, 1038298779, 4074, 1038757397, 4058, 1038801553, 4075, 1038350071, 4059, 1038354364, 4076, 1021103823, 4060, 1021072750, 4077, 1021953635, 3809, 1038304602, 4078, 1022050040, 4316, 1021073266, 4079, 1021102952, 4324, 1021069006, 3818, 1038757424, 4061, 1021983686, 3821, 1021955412, 4327, 1021196692, 4062, 1021885758, 4063, 1021258622, 3806, 1021883774, 3823, 1021102632, 3810, 1038772321, 3811, 1038352435, 4321, 1038303220, 3820, 1021104059, 4329, 1038301784, 3814, 1021945165, 3815, 1021196777, 3807, 1021258204, 4314, 1038801494, 4330, 1038757375, 4322, 1038772270, 3802, 1038801618, 4315, 1038354682, 4331, 1038350256, 4323, 1038353718, 3817, 1038303057, 4332, 1021104455, 4317, 1021982548, 4333, 1021952627, 4325, 1021975468, 4334, 1022051058, 4318, 1021886923, 3803, 1038353194, 4326, 1021948195, 4335, 1021102408, 3819, 1038349027, 4319, 1021258205, 3805, 1021985642, 3822, 1022048270, 3804, 1021073073, 3812, 1021068687, 3813, 1021978336]
[INFO] (lattice_cell.c: 455): on tick 38 of 50
[INFO] (lattice_cell.c: 172): the unmatched_packets is 56
[4072, 1037873608, 3800, 1037900031, 4056, 1037900042, 4312, 1037900020, 4320, 1037874226, 4328, 1037873598, 3816, 1037873621, 3808, 1037874229, 4073, 1038293558, 4057, 1038294959, 3801, 1038296103, 4313, 1038294649, 4321, 1038295903, 4329, 1038293368, 3817, 1038294594, 3809, 1038297224, 4074, 1038790979, 3802, 1038764198, 4058, 1038764109, 4314, 1038764033, 4322, 1038790400, 4330, 1038790948, 3818, 1038791029, 4075, 1038343462, 4059, 1038344290, 4076, 1021099238, 4315, 1038344673, 4060, 1021069265, 4332, 1021099082, 3803, 1038343058, 4063, 1021052838, 4077, 1021968307, 4061, 1021985606, 4078, 1021979073, 4062, 1022116386, 4079, 1021181444, 3806, 1022115238, 3815, 1021146435, 3819, 1038342398, 3804, 1021070295, 4331, 1038343695, 4323, 1038346135, 3820, 1021100193, 3812, 1021080431, 3805, 1021986881, 3813, 1021975201, 3810, 1038790525, 4316, 1021069028, 3821, 1021969525, 4324, 1021079229, 3814, 1022007990, 4317, 1021985231, 4333, 1021968016, 3822, 1021977894, 4325, 1021973637, 3807, 1021051756, 3823, 1021180441, 4318, 1022116688, 4334, 1021979346, 3811, 1038344680, 4326, 1022009437, 4335, 1021181625, 4319, 1021053073, 4327, 1021147626]
[INFO] (lattice_cell.c: 455): on tick 39 of 50
[INFO] (lattice_cell.c: 172): the unmatched_packets is 56
[4072, 1037872284, 3800, 1037902413, 4056, 1037902401, 4312, 1037902388, 3816, 1037872276, 3808, 1037888776, 4320, 1037888774, 4328, 1037872293, 4073, 1038301047, 4057, 1038297924, 4313, 1038297638, 4321, 1038301112, 4329, 1038300867, 3801, 1038299072, 4074, 1038782708, 4058, 1038750731, 4075, 1038351179, 4059, 1038351861, 4322, 1038765439, 4060, 1021085764, 4331, 1038351372, 4078, 1022030315, 4062, 1022003755, 4076, 1021063968, 3817, 1038302072, 4077, 1021995500, 4061, 1021977132, 4335, 1021119725, 4319, 1021151105, 4079, 1021120305, 4063, 1021151483, 3820, 1021064199, 3814, 1022071384, 3805, 1021979182, 3815, 1021076110, 3823, 1021120012, 3809, 1038302400, 3802, 1038750781, 3818, 1038782739, 3810, 1038765523, 4314, 1038750677, 4330, 1038782693, 3803, 1038350737, 3811, 1038351171, 3812, 1021090364, 4323, 1038352496, 4315, 1038352162, 3813, 1021967010, 4316, 1021086274, 4332, 1021064579, 4324, 1021090647, 4317, 1021975932, 4333, 1021994430, 3821, 1021997373, 4325, 1021963918, 3806, 1022001742, 4334, 1022031380, 4318, 1022004976, 4326, 1022074344, 3822, 1022028437, 3807, 1021150956, 4327, 1021075979, 3804, 1021086079, 3819, 1038350163]
[INFO] (lattice_cell.c: 455): on tick 40 of 50
[INFO] (lattice_cell.c: 172): the unmatched_packets is 56
[4072, 1037896749, 3800, 1037870150, 4056, 1037870186, 4312, 1037870188, 3816, 1037896744, 3808, 1037885740, 4328, 1037896745, 4073, 1038296348, 4320, 1037885730, 3801, 1038295750, 4057, 1038294579, 4313, 1038294260, 4321, 1038297506, 4329, 1038296148, 3817, 1038297400, 4074, 1038767239, 4058, 1038794256, 4314, 1038794199, 4322, 1038778313, 4075, 1038343245, 4059, 1038345428, 4060, 1021105061, 4076, 1021077194, 4315, 1038345787, 4078, 1022059393, 4316, 1021104789, 4079, 1021103124, 4324, 1021084957, 4317, 1021948172, 4077, 1021981594, 4326, 1022010201, 4061, 1021948542, 4062, 1021969884, 4063, 1021192467, 3821, 1021982688, 3806, 1021968684, 3807, 1021191402, 3818, 1038767286, 3804, 1021106129, 3802, 1038794352, 3813, 1021962755, 3810, 1038778413, 3805, 1021949775, 3815, 1021147975, 4330, 1038767205, 3822, 1022058330, 3803, 1038344196, 3823, 1021102199, 4323, 1038345588, 4331, 1038343500, 4332, 1021077076, 3809, 1038298848, 4333, 1021981386, 4325, 1021961324, 3819, 1038342141, 4334, 1022059547, 4318, 1021970207, 4335, 1021103231, 4319, 1021192720, 4327, 1021149185, 3811, 1038344164, 3812, 1021086116, 3820, 1021078100, 3814, 1022008839]
[INFO] (lattice_cell.c: 455): on tick 41 of 50
[INFO] (lattice_cell.c: 172): the unmatched_packets is 56
[4072, 1037885005, 3800, 1037892610, 4056, 1037892595, 4312, 1037892573, 4320, 1037878498, 3816, 1037885012, 3808, 1037878520, 4328, 1037885000, 4073, 1038299752, 3801, 1038301591, 4057, 1038300468, 4321, 1038300639, 4313, 1038300188, 4329, 1038299582, 3817, 1038300755, 4074, 1038768722, 4322, 1038775786, 4058, 1038761874, 4314, 1038761791, 4075, 1038350285, 4059, 1038352215, 4076, 1021094182, 4060, 1021041999, 4077, 1021970313, 4078, 1022002369, 4332, 1021094779, 4063, 1021110432, 4325, 1021998551, 4061, 1022010637, 4062, 1022044535, 4079, 1021150803, 3806, 1022042523, 3823, 1021150392, 3809, 1038301931, 3802, 1038761957, 3818, 1038768746, 3810, 1038775873, 3803, 1038351061, 4330, 1038768697, 3819, 1038349303, 3812, 1021055194, 4315, 1038352537, 4323, 1038353115, 4331, 1038350435, 3813, 1022001645, 3805, 1022012708, 4324, 1021055485, 4316, 1021042505, 3814, 1021990094, 3821, 1021972227, 3815, 1021156001, 3811, 1038351854, 4317, 1022009422, 4333, 1021969239, 3822, 1022000444, 3807, 1021109902, 4318, 1022045720, 4334, 1022003459, 3804, 1021042314, 4326, 1021993280, 4335, 1021150317, 4319, 1021110066, 3820, 1021094440, 4327, 1021156007]
[INFO] (lattice_cell.c: 455): on tick 42 of 50
[INFO] (lattice_cell.c: 172): the unmatched_packets is 56
[4072, 1037871546, 3800, 1037877077, 4056, 1037877108, 4312, 1037877107, 3816, 1037871516, 3808, 1037879348, 4073, 1038295904, 4313, 1038290026, 4057, 1038290355, 4329, 1038295709, 4074, 1038793340, 4058, 1038787205, 4075, 1038344642, 4059, 1038345046, 4314, 1038787157, 3801, 1038291529, 4322, 1038785155, 4076, 1021099496, 4060, 1021159850, 4078, 1022013432, 4332, 1021099380, 4316, 1021159651, 4063, 1021109613, 4325, 1021945155, 4077, 1021958750, 4061, 1021912350, 4062, 1022054653, 4079, 1021143337, 3806, 1022053566, 3822, 1022012362, 3823, 1021142502, 3812, 1021113407, 3820, 1021100389, 3815, 1021101006, 3807, 1021108599, 4320, 1037879405, 4328, 1037871545, 3802, 1038787268, 4321, 1038294924, 3818, 1038793391, 3817, 1038296959, 3809, 1038296269, 4330, 1038793305, 4315, 1038345419, 4323, 1038346116, 4331, 1038344881, 3814, 1022053790, 3803, 1038343814, 4324, 1021112283, 4333, 1021958473, 4317, 1021911960, 3811, 1038344641, 4334, 1022013621, 4318, 1022054940, 3810, 1038785266, 4335, 1021143380, 4326, 1022055045, 4319, 1021109771, 4327, 1021101945, 3819, 1038343527, 3804, 1021160841, 3813, 1021946620, 3805, 1021913600, 3821, 1021959865]
[INFO] (lattice_cell.c: 455): on tick 43 of 50
[INFO] (lattice_cell.c: 172): the unmatched_packets is 56
[4072, 1037888007, 3800, 1037913796, 4056, 1037913781, 4312, 1037913740, 3816, 1037888023, 3808, 1037905378, 4320, 1037905321, 4328, 1037887981, 4073, 1038302281, 3801, 1038304188, 4057, 1038303078, 3809, 1038306783, 4074, 1038766430, 4329, 1038302118, 3802, 1038739426, 4076, 1021044624, 4077, 1022010017, 4061, 1022080556, 4062, 1021970540, 4332, 1021045232, 4079, 1021117397, 4063, 1021185867, 4333, 1022009026, 4317, 1022079446, 4325, 1022014175, 4059, 1038352225, 4319, 1021185641, 4060, 1020960727, 3814, 1022014787, 4078, 1022038847, 4058, 1038739324, 3806, 1021968490, 4075, 1038349826, 3817, 1038303268, 3822, 1022036966, 3823, 1021116918, 3819, 1038348838, 3811, 1038350596, 3812, 1021021316, 3820, 1021044894, 3818, 1038766471, 3813, 1022017178, 4313, 1038302790, 4321, 1038305548, 3821, 1022011904, 3803, 1038351116, 3810, 1038748145, 4314, 1038739229, 3815, 1021135869, 3804, 1020961136, 4330, 1038766389, 3807, 1021185202, 4322, 1038748021, 3805, 1022082544, 4331, 1038349987, 4315, 1038352519, 4323, 1038351846, 4316, 1020961193, 4324, 1021021500, 4334, 1022039896, 4318, 1021971771, 4335, 1021116966, 4326, 1022017830, 4327, 1021136093]
[INFO] (lattice_cell.c: 455): on tick 44 of 50
[INFO] (lattice_cell.c: 172): the unmatched_packets is 56
[4072, 1037877313, 3800, 1037857027, 4056, 1037857076, 4312, 1037857089, 3816, 1037877288, 3808, 1037851933, 4320, 1037851979, 4328, 1037877329, 4073, 1038291500, 3801, 1038292120, 4313, 1038290650, 4057, 1038290955, 4321, 1038291820, 4329, 1038291311, 3817, 1038292564, 3809, 1038293196, 4074, 1038787027, 4058, 1038807734, 4075, 1038342634, 4314, 1038807686, 4060, 1021219702, 4061, 1021848327, 4062, 1022028220, 4079, 1021116029, 4063, 1021130917, 4317, 1021847766, 4077, 1021934682, 4078, 1022049010, 4059, 1038346007, 4076, 1021142207, 3822, 1022047971, 3810, 1038813223, 3819, 1038341526, 3811, 1038345229, 3804, 1021220630, 3812, 1021193439, 3805, 1021849767, 3814, 1022017939, 3815, 1021134197, 3821, 1021935828, 3806, 1022027049, 3807, 1021130074, 3823, 1021115290, 3802, 1038807807, 4322, 1038813157, 4330, 1038787002, 4315, 1038346408, 4331, 1038342866, 3818, 1038787062, 4323, 1038346692, 3803, 1038344736, 4316, 1021219481, 4332, 1021142185, 4324, 1021192505, 4333, 1021934347, 3813, 1021876758, 4325, 1021875081, 4334, 1022049229, 4318, 1022028557, 3820, 1021143016, 4326, 1022019334, 4335, 1021115952, 4319, 1021130991, 4327, 1021134987]
[INFO] (lattice_cell.c: 455): on tick 45 of 50
[INFO] (lattice_cell.c: 172): the unmatched_packets is 56
[3800, 1037905475, 4072, 1037906931, 3816, 1037906943, 3808, 1037906577, 4056, 1037905464, 4312, 1037905435, 4073, 1038305086, 3801, 1038302046, 4057, 1038300901, 4074, 1038746399, 4058, 1038748701, 4075, 1038349754, 4077, 1022053476, 4078, 1021991125, 4079, 1021165943, 4063, 1021124031, 4316, 1020977776, 4333, 1022052594, 4317, 1022073128, 4076, 1020989146, 4060, 1020977300, 3820, 1020989544, 4061, 1022074029, 4062, 1022035793, 3814, 1022007032, 4059, 1038351225, 3806, 1022033827, 3822, 1021989257, 4320, 1037906541, 3807, 1021123258, 3811, 1038352777, 3819, 1038348797, 3813, 1022107958, 3817, 1038306058, 3805, 1022075842, 3809, 1038305574, 3815, 1021137135, 3821, 1022055253, 4328, 1037906904, 3823, 1021165329, 4313, 1038300581, 4321, 1038304320, 4329, 1038304940, 3802, 1038748807, 4322, 1038747349, 4330, 1038746345, 4314, 1038748599, 3810, 1038747507, 4331, 1038349892, 4315, 1038351526, 4323, 1038354013, 4332, 1020989632, 4324, 1020935260, 3812, 1020935199, 3804, 1020977711, 4325, 1022105282, 4334, 1021992137, 4318, 1022036885, 3818, 1038746464, 4335, 1021165639, 4326, 1022009964, 3803, 1038350113, 4319, 1021123883, 4327, 1021137528]
[INFO] (lattice_cell.c: 455): on tick 46 of 50
[INFO] (lattice_cell.c: 172): the unmatched_packets is 56
[4072, 1037847213, 3800, 1037891481, 4056, 1037891514, 4312, 1037891529, 4328, 1037847235, 4320, 1037871660, 4073, 1038292360, 4057, 1038292366, 4074, 1038818236, 3808, 1037871627, 4058, 1038771929, 4076, 1021216991, 4060, 1021133581, 4314, 1038771896, 4330, 1038818226, 4062, 1022009912, 4331, 1038345671, 4063, 1021156142, 4324, 1021197017, 4075, 1038345444, 4077, 1021854880, 4061, 1021928856, 4327, 1021107236, 4078, 1022030950, 4079, 1021121353, 4059, 1038344774, 3821, 1021856192, 3816, 1037847199, 3822, 1022029780, 3807, 1021155336, 3823, 1021120730, 3802, 1038772009, 3810, 1038792630, 3803, 1038343508, 3811, 1038345512, 3812, 1021197857, 3804, 1021134493, 3820, 1021217658, 3814, 1022044106, 3806, 1022008700, 3817, 1038293427, 4313, 1038292107, 4329, 1038292179, 4321, 1038294678, 4322, 1038792558, 3818, 1038818254, 4315, 1038345170, 4323, 1038347014, 3819, 1038344334, 4316, 1021133416, 4332, 1021217049, 4333, 1021854382, 4317, 1021928128, 4325, 1021860169, 4334, 1022031260, 3805, 1021930427, 4318, 1022010342, 4335, 1021121185, 4326, 1022045553, 4319, 1021156123, 3813, 1021862252, 3815, 1021106705, 3809, 1038295955, 3801, 1038293494]
[INFO] (lattice_cell.c: 455): on tick 47 of 50
[INFO] (lattice_cell.c: 172): the unmatched_packets is 56
[4072, 1037904327, 3800, 1037866660, 4056, 1037866646, 4312, 1037866603, 4320, 1037889546, 4328, 1037904317, 3816, 1037904327, 4073, 1038302304, 3801, 1038301619, 4057, 1038300470, 4313, 1038300125, 4329, 1038302126, 3809, 1038304138, 4074, 1038749849, 4321, 1038302803, 3802, 1038788436, 4058, 1038788323, 4314, 1038788230, 4322, 1038764575, 4330, 1038749795, 4075, 1038347554, 4059, 1038350671, 3818, 1038749926, 4315, 1038350971, 4331, 1038347728, 4076, 1020952174, 4060, 1021098911, 4077, 1022102967, 4062, 1022013650, 4324, 1021024087, 4079, 1021125296, 4325, 1022022094, 4078, 1022041775, 4063, 1021147190, 4061, 1021952116, 3813, 1022024393, 4323, 1038350757, 3808, 1037889588, 3817, 1038303287, 3811, 1038349542, 3804, 1021099428, 3810, 1038764723, 3820, 1020952639, 3803, 1038349563, 3812, 1021024105, 3814, 1022021515, 3821, 1022104536, 3806, 1022011706, 3815, 1021134089, 3822, 1022040085, 3807, 1021146313, 4316, 1021099278, 4332, 1020952621, 3823, 1021124657, 4333, 1022102294, 4317, 1021951272, 3819, 1038346574, 4318, 1022014685, 4334, 1022042582, 4326, 1022024226, 4319, 1021147175, 4335, 1021124984, 4327, 1021134679, 3805, 1021953836]
[INFO] (lattice_cell.c: 455): on tick 48 of 50
[INFO] (lattice_cell.c: 172): the unmatched_packets is 56
[4072, 1037883047, 3800, 1037900980, 4056, 1037901024, 4312, 1037901034, 3816, 1037883041, 3808, 1037891129, 4320, 1037891174, 4073, 1038294177, 4074, 1038780709, 4075, 1038345875, 3801, 1038293070, 4322, 1038772699, 4077, 1021903687, 4062, 1022026069, 4316, 1021029863, 4058, 1038762818, 3814, 1021991390, 4059, 1038347636, 4326, 1021993248, 4076, 1021161174, 4319, 1021129653, 4060, 1021029847, 4061, 1022036333, 4078, 1022024250, 4079, 1021127900, 4063, 1021129778, 4057, 1038291906, 3822, 1022022938, 3823, 1021127290, 3817, 1038295185, 3809, 1038295927, 4328, 1037883049, 4313, 1038291613, 3818, 1038780745, 3811, 1038348251, 4321, 1038294675, 4329, 1038294064, 3812, 1021078346, 3819, 1038344813, 3804, 1021030578, 4314, 1038762766, 4330, 1038780690, 3805, 1022037909, 3815, 1021150356, 4315, 1038348029, 4331, 1038346074, 3821, 1021905189, 3802, 1038762905, 4323, 1038349673, 3806, 1022024755, 4332, 1021161292, 4324, 1021077669, 3803, 1038346380, 3807, 1021129138, 4333, 1021903008, 4317, 1022035559, 3810, 1038772799, 4325, 1021978585, 4334, 1022024760, 3813, 1021980840, 3820, 1021161789, 4318, 1022026635, 4335, 1021127697, 4327, 1021150834]
[INFO] (lattice_cell.c: 455): on tick 49 of 50
[INFO] (lattice_cell.c: 172): the unmatched_packets is 56
[4072, 1037876486, 3800, 1037895722, 4056, 1037895734, 4312, 1037895708, 4328, 1037876466, 3816, 1037876489, 3808, 1037863552, 4320, 1037863526, 4073, 1038301913, 3801, 1038302375, 4057, 1038301264, 4313, 1038300965, 4321, 1038303320, 4329, 1038301704, 3809, 1038304599, 4074, 1038778018, 3802, 1038757998, 4058, 1038757876, 4314, 1038757759, 4330, 1038777974, 3810, 1038791611, 4075, 1038349924, 3818, 1038778081, 4059, 1038348773, 4315, 1038349105, 4076, 1021079451, 4060, 1021104071, 4077, 1021975455, 4078, 1022025556, 4324, 1021121105, 4062, 1022026387, 4317, 1021942557, 4061, 1021943282, 4326, 1022037608, 4079, 1021130135, 4319, 1021142402, 4327, 1021121627, 4063, 1021142382, 4322, 1038791458, 3823, 1021129480, 4331, 1038350110, 4323, 1038350445, 4316, 1021104230, 3819, 1038348925, 3811, 1038349116, 4332, 1021079799, 4333, 1021974914, 3804, 1021104788, 4325, 1021921886, 3803, 1038347621, 4334, 1022026189, 4318, 1022027214, 4335, 1021129920, 3805, 1021944937, 3821, 1021976894, 3806, 1022024701, 3813, 1021924133, 3817, 1038302928, 3822, 1022024016, 3820, 1021080000, 3812, 1021121457, 3814, 1022035296, 3815, 1021120990, 3807, 1021141425]
[INFO] (lattice_cell.c: 455): on tick 50 of 50
[INFO] (lattice_cell.c: 466): updating recording regions
[INFO] (recording.c: 507): 	Finalising channel 0 - state info stored in SDRAM
[INFO] (recording.c: 512): closed channel 0.
[INFO] (lattice_cell.c: 470): Simulation complete.

