[INFO] (lattice_cell.c: 604): starting lattice cell
[INFO] (lattice_cell.c: 526): Initialise: started
[INFO] (data_specification.c: 78): magic = ad130ad6, version = 1.0
[INFO] (lattice_cell.c: 555): my key is 3104
[INFO] (lattice_cell.c: 562): I'm in position ( 12, 4)
[INFO] (lattice_cell.c: 568): my n key is 2848
[INFO] (lattice_cell.c: 574): my U_X = -0.009988944046199322
[INFO] (lattice_cell.c: 575): my U_Y = -0.00035355339059606194
[INFO] (lattice_cell.c: 583): input_buffer initialised
[INFO] (recording.c: 563): Recording 1 regions, using output tag 0, size before trigger 7686388, time between triggers 50
[INFO] (recording.c: 665): Recording channel 0 configured to use 7686132 byte memory block starting at 0x63593738
[INFO] (lattice_cell.c: 588): Recording flags = 0x00000001
[INFO] (lattice_cell.c: 619): setting timer to execute every 200000 microseconds
[INFO] (lattice_cell.c: 627): Starting

[INFO] (simulation.c: 159): Setting the runtime of this model to 50 starting at 0
[INFO] (simulation.c: 161): Setting the flag of infinite run for this model to 0
[INFO] (simulation.c: 175): Resuming
[INFO] (lattice_cell.c: 455): on tick 0 of 50
[3112, 1037887887, 3096, 1037884873, 3368, 1037887885, 3352, 1037884871, 3360, 1037885270, 3097, 1038302982, 3113, 1038303044, 3369, 1038300266, 3353, 1038300204, 3361, 1038300210, 3098, 1038779505, 3114, 1038776241, 3099, 1038334616, 3115, 1038334680, 2840, 1037884879, 2856, 1037887893, 3370, 1038776239, 3354, 1038779503, 3117, 1021982282, 3102, 1022019073, 3118, 1022015802, 3363, 1038337410, 3100, 1021092803, 3116, 1021095812, 3101, 1021985542, 3359, 1021125162, 3375, 1021128186, 3103, 1021122542, 3119, 1021125564, 2842, 1038779511, 2860, 1021098999, 2854, 1022015040, 2863, 1021122376, 2855, 1021119755, 3362, 1038779066, 2847, 1021119356, 2841, 1038306370, 3355, 1038337402, 3371, 1038337466, 2857, 1038306432, 3356, 1021090191, 3364, 1021090592, 3372, 1021093200, 3357, 1021982596, 3365, 1021982161, 3373, 1021979340, 3358, 1022022027, 2858, 1038776247, 3366, 1022021588, 2851, 1038331230, 2843, 1038331226, 3374, 1022018754, 3367, 1021125563, 2853, 1021988695, 2845, 1021989134, 2861, 1021985874, 2848, 1037885276, 2862, 1022012209, 2849, 1038306374, 2859, 1038331288, 2850, 1038779072, 2846, 1022015480, 2852, 1021096388, 2844, 1021095990]
[INFO] (lattice_cell.c: 455): on tick 1 of 50
[INFO] (lattice_cell.c: 172): the unmatched_packets is 56
[3096, 1037880043, 3112, 1037887801, 3368, 1037887799, 3360, 1037881093, 3352, 1037880043, 2848, 1037881089, 3097, 1038311491, 3113, 1038311539, 3369, 1038308817, 3361, 1038308777, 3353, 1038308771, 2840, 1037880039, 2849, 1038314816, 2857, 1038314859, 2841, 1038314812, 2856, 1037887795, 3098, 1038774441, 3114, 1038766387, 3370, 1038766383, 3362, 1038773354, 3354, 1038774443, 3099, 1038342958, 3115, 1038342622, 3100, 1021083972, 3116, 1021094272, 2858, 1038766389, 3356, 1021081824, 3103, 1021121356, 3119, 1021112842, 3365, 1021979430, 3102, 1022010447, 3118, 1022019983, 3359, 1021123503, 3101, 1021984357, 3117, 1021973560, 2855, 1021117308, 2847, 1021118468, 3371, 1038345340, 3363, 1038345630, 3355, 1038345678, 3364, 1021083212, 3372, 1021092114, 2842, 1038774439, 2850, 1038773350, 2851, 1038339580, 3357, 1021980887, 3373, 1021970086, 3366, 1022015229, 3358, 1022013926, 3367, 1021122342, 3374, 1022023461, 3375, 1021114989, 2852, 1021088234, 2860, 1021097140, 2853, 1021986867, 2861, 1021977523, 2859, 1038339290, 2854, 1022007784, 2846, 1022006476, 2862, 1022016018, 2863, 1021109969, 2843, 1038339628, 2844, 1021086849, 2845, 1021988324]
[INFO] (lattice_cell.c: 455): on tick 2 of 50
[INFO] (lattice_cell.c: 172): the unmatched_packets is 56
[3096, 1037884831, 3112, 1037871659, 3368, 1037871653, 3360, 1037882682, 3352, 1037884831, 2848, 1037882688, 2840, 1037884833, 2856, 1037871665, 3113, 1038303329, 3097, 1038303237, 3369, 1038300517, 3353, 1038300429, 3361, 1038300435, 3098, 1038780430, 3114, 1038793750, 3362, 1038782609, 3099, 1038335310, 3115, 1038336454, 2849, 1038306674, 3100, 1021093024, 3116, 1021086333, 3371, 1038339274, 3363, 1038338339, 2841, 1038306668, 2857, 1038306760, 3102, 1022017931, 3357, 1021983793, 3101, 1021986649, 3117, 1021993939, 3118, 1021971200, 3359, 1021126437, 3103, 1021123941, 3119, 1021165030, 2845, 1021990131, 2846, 1022014441, 2863, 1021161935, 3370, 1038793750, 2855, 1021127061, 2847, 1021120879, 3354, 1038780430, 2842, 1038780430, 3355, 1038338132, 2858, 1038793744, 2859, 1038333025, 3364, 1021089274, 3356, 1021090541, 3372, 1021083845, 3365, 1021985160, 2860, 1021089390, 2844, 1021096086, 3373, 1021991095, 2861, 1021997421, 3366, 1022013611, 2862, 1021967718, 3358, 1022020781, 3374, 1021974052, 3367, 1021132629, 2852, 1021094814, 3375, 1021167546, 2853, 1021991496, 2851, 1038332086, 2854, 1022007273, 2850, 1038782613, 2843, 1038331878]
[INFO] (lattice_cell.c: 455): on tick 3 of 50
[INFO] (lattice_cell.c: 172): the unmatched_packets is 56
[3096, 1037882345, 3112, 1037925552, 3368, 1037925568, 3352, 1037882343, 2848, 1037893692, 3360, 1037893702, 2856, 1037925528, 3097, 1038311639, 3113, 1038312638, 3369, 1038309968, 3361, 1038309184, 3353, 1038308976, 3098, 1038772160, 3114, 1038727025, 3099, 1038342670, 3115, 1038340756, 3116, 1021118226, 3117, 1021949619, 3101, 1021981991, 3358, 1022020688, 3102, 1022017156, 3118, 1022136253, 2860, 1021121202, 3103, 1021116415, 3375, 1021005326, 3119, 1021003143, 3100, 1021085771, 2854, 1022042759, 2862, 1022132200, 2846, 1022013107, 2863, 1021000224, 2855, 1021087680, 2847, 1021113431, 2840, 1037882339, 3370, 1038727013, 2857, 1038315903, 3362, 1038760306, 3354, 1038772158, 3363, 1038344296, 3371, 1038343440, 3355, 1038345334, 2850, 1038760306, 3364, 1021093082, 3372, 1021115966, 3356, 1021083513, 2842, 1038772158, 3365, 1021968738, 3373, 1021946077, 3357, 1021978458, 2853, 1021976307, 2861, 1021953666, 3366, 1022050336, 2845, 1021986023, 3374, 1022139777, 3367, 1021092897, 2858, 1038727037, 3359, 1021118667, 2851, 1038338351, 2849, 1038315108, 2841, 1038314900, 2859, 1038337468, 2852, 1021098312, 2843, 1038339404, 2844, 1021088746]
[INFO] (lattice_cell.c: 455): on tick 4 of 50
[INFO] (lattice_cell.c: 172): the unmatched_packets is 56
[3096, 1037875178, 3112, 1037847980, 3360, 1037850515, 3352, 1037875181, 3368, 1037847948, 3097, 1038303008, 3113, 1038303414, 3369, 1038300575, 3098, 1038790412, 2848, 1037850537, 3371, 1038337553, 3118, 1021837827, 3099, 1038336602, 3115, 1038334750, 3116, 1021091064, 3114, 1038817372, 3101, 1021995118, 3117, 1021989806, 3359, 1021148596, 3102, 1021990652, 3103, 1021146219, 3119, 1021301117, 3100, 1021085268, 2853, 1022014070, 2847, 1021143281, 2849, 1038306379, 2857, 1038306872, 2850, 1038815733, 2842, 1038790406, 2843, 1038333143, 2859, 1038331311, 2852, 1021073376, 2860, 1021093996, 2840, 1037875182, 2845, 1021998520, 2856, 1037848014, 3361, 1038300077, 3353, 1038300169, 2862, 1021834448, 2841, 1038306470, 2846, 1021987244, 3370, 1038817380, 2855, 1021216959, 3362, 1038815743, 3354, 1038790410, 3363, 1038339705, 2858, 1038817344, 3355, 1038339450, 2851, 1038333429, 3364, 1021068105, 3372, 1021088700, 3356, 1021082926, 3365, 1022007887, 3373, 1021987030, 3357, 1021992336, 3366, 1021917395, 3374, 1021840631, 3358, 1021993460, 3367, 1021222371, 2861, 1021993180, 3375, 1021303635, 2854, 1021911152, 2863, 1021298018, 2844, 1021088197]
[INFO] (lattice_cell.c: 455): on tick 5 of 50
[INFO] (lattice_cell.c: 172): the unmatched_packets is 56
[3096, 1037908956, 3112, 1037893851, 3368, 1037893893, 3360, 1037924478, 3352, 1037908962, 2848, 1037924430, 2856, 1037893808, 2840, 1037908948, 3097, 1038312079, 3113, 1038313076, 3369, 1038310453, 3361, 1038310065, 3353, 1038309466, 2849, 1038315897, 2841, 1038315289, 2857, 1038316309, 3098, 1038744541, 3114, 1038760282, 3370, 1038760270, 3362, 1038728552, 3354, 1038744543, 3099, 1038341394, 3115, 1038340892, 3371, 1038343576, 3100, 1021104436, 3116, 1021085355, 3117, 1021984765, 2850, 1038728586, 3372, 1021082980, 3102, 1022095460, 3118, 1022139402, 3359, 1021045881, 3103, 1021043560, 3119, 1020997381, 3101, 1021962453, 2863, 1020994510, 2855, 1020949839, 2847, 1021040501, 3363, 1038345303, 3355, 1038344040, 3356, 1021102075, 3364, 1021100135, 3373, 1021981212, 2851, 1038339381, 2858, 1038760308, 3357, 1021958914, 3365, 1021962191, 2859, 1038337628, 2843, 1038338161, 3374, 1022142947, 3366, 1022184202, 3358, 1022098974, 2844, 1021107527, 3375, 1020999528, 3367, 1020955031, 2842, 1038744543, 2853, 1021969861, 2861, 1021988888, 2854, 1022176629, 2846, 1022091400, 2860, 1021088446, 2852, 1021105572, 2845, 1021966530, 2862, 1022135293]
[INFO] (lattice_cell.c: 455): on tick 6 of 50
[INFO] (lattice_cell.c: 172): the unmatched_packets is 56
[3096, 1037841542, 3112, 1037897423, 3368, 1037897398, 3352, 1037841540, 3360, 1037865128, 2856, 1037897451, 2848, 1037865185, 2840, 1037841562, 3097, 1038302546, 3113, 1038304559, 3369, 1038301717, 3361, 1038300305, 3353, 1038299699, 2857, 1038308035, 2841, 1038306033, 3098, 1038824881, 3114, 1038766247, 3370, 1038766253, 3362, 1038799719, 3354, 1038824889, 3099, 1038335326, 3115, 1038334439, 3100, 1021072064, 3116, 1021103054, 3117, 1021980017, 3356, 1021069853, 3119, 1021142084, 3101, 1022008726, 3102, 1021863930, 3118, 1021995689, 2858, 1038766239, 3359, 1021279148, 3103, 1021276806, 2845, 1022012067, 2846, 1021860506, 2847, 1021273894, 2855, 1021267528, 2849, 1038306630, 2850, 1038799673, 3371, 1038337253, 3363, 1038339225, 3355, 1038338142, 3372, 1021100837, 3364, 1021095249, 2851, 1038332988, 2859, 1038330996, 2843, 1038331877, 2844, 1021074875, 2842, 1038824871, 2853, 1021986343, 2861, 1021983356, 3365, 1021980260, 3357, 1022005960, 3373, 1021977268, 2854, 1021859747, 2862, 1021992331, 2852, 1021100263, 3366, 1021865939, 2863, 1021139045, 2860, 1021105859, 3358, 1021866782, 3374, 1021998501, 3367, 1021272989, 3375, 1021144546]
[INFO] (lattice_cell.c: 455): on tick 7 of 50
[INFO] (lattice_cell.c: 172): the unmatched_packets is 56
[3096, 1037909428, 3112, 1037884649, 3368, 1037884679, 3360, 1037873260, 3352, 1037909452, 2848, 1037873203, 2856, 1037884627, 3097, 1038312417, 3113, 1038313244, 3369, 1038310637, 3361, 1038309791, 3353, 1038309835, 2840, 1037909406, 2849, 1038315576, 2857, 1038316440, 3098, 1038744561, 3114, 1038768463, 2841, 1038315598, 3362, 1038781611, 3370, 1038768483, 3354, 1038744549, 3099, 1038341187, 3115, 1038341180, 3363, 1038344571, 3100, 1021087549, 3116, 1021099124, 2850, 1038781619, 3118, 1021991994, 3372, 1021096622, 3103, 1020959622, 3117, 1021970050, 3367, 1021077026, 3102, 1022180983, 3119, 1021140294, 3101, 1021980697, 2860, 1021102337, 2853, 1021993394, 2861, 1021974158, 2862, 1021987951, 2846, 1022176935, 3371, 1038343830, 2863, 1021137276, 2855, 1021071808, 3355, 1038343833, 2847, 1020956608, 3364, 1021076894, 3356, 1021085073, 2851, 1038338680, 3365, 1021985744, 3373, 1021966496, 3357, 1021977156, 3366, 1022063490, 3374, 1021995426, 2843, 1038337940, 2859, 1038337949, 3358, 1022184424, 2858, 1038768457, 2842, 1038744577, 2852, 1021082559, 3375, 1021142587, 3359, 1020961897, 2844, 1021090725, 2845, 1021984805, 2854, 1022055925]
[INFO] (lattice_cell.c: 455): on tick 8 of 50
[INFO] (lattice_cell.c: 172): the unmatched_packets is 56
[3096, 1037886484, 3112, 1037883804, 3368, 1037883790, 3360, 1037890222, 3352, 1037886460, 2840, 1037886500, 2856, 1037883826, 3097, 1038303204, 2848, 1037890250, 3113, 1038304650, 3369, 1038301793, 3361, 1038301124, 3353, 1038300349, 2849, 1038307462, 3098, 1038777873, 3114, 1038780850, 3370, 1038780844, 3362, 1038774568, 3354, 1038777881, 3099, 1038336052, 3115, 1038334008, 3371, 1038336828, 3100, 1021101586, 2857, 1038308132, 3116, 1021103709, 3102, 1021936827, 3118, 1022008013, 3356, 1021099516, 3103, 1021199930, 3101, 1021978857, 3117, 1021979751, 3374, 1022010949, 3375, 1021131786, 3359, 1021202246, 3119, 1021129501, 2853, 1021997056, 3363, 1038337970, 3355, 1038338839, 2863, 1021126651, 3372, 1021101613, 3364, 1021087149, 2855, 1021098009, 3365, 1021990941, 2858, 1038780865, 3373, 1021976985, 3357, 1021976073, 2851, 1038331726, 2859, 1038330555, 2852, 1021091914, 2860, 1021106406, 2844, 1021104274, 3366, 1022040088, 3358, 1021939708, 2861, 1021983076, 3367, 1021103149, 2845, 1021982195, 2841, 1038306686, 2854, 1022033758, 2862, 1022004538, 2846, 1021933439, 2847, 1021197027, 2843, 1038332609, 2850, 1038774594, 2842, 1038777861]
[INFO] (lattice_cell.c: 455): on tick 9 of 50
[INFO] (lattice_cell.c: 172): the unmatched_packets is 56
[3096, 1037870850, 3112, 1037881000, 3368, 1037881020, 3360, 1037886623, 3352, 1037870852, 2848, 1037886601, 2840, 1037870840, 2856, 1037880982, 3097, 1038311717, 3113, 1038313813, 3369, 1038311220, 3353, 1038309156, 2849, 1038315933, 2841, 1038314880, 2857, 1038316993, 3098, 1038783741, 3114, 1038772816, 3355, 1038344805, 3101, 1021982513, 3102, 1021999601, 3103, 1021135426, 3099, 1038342178, 3115, 1038340183, 3100, 1021085385, 3116, 1021091284, 3374, 1022025603, 3359, 1021137824, 3375, 1021113624, 3117, 1021979414, 3118, 1022022303, 3119, 1021111205, 2844, 1021088669, 2861, 1021983495, 2845, 1021986568, 2862, 1022018353, 2863, 1021108052, 2847, 1021132328, 2842, 1038783731, 2851, 1038338901, 3361, 1038310195, 2852, 1021092253, 2843, 1038338956, 2860, 1021094584, 3370, 1038772848, 3354, 1038783752, 3362, 1038766772, 2850, 1038766732, 3363, 1038344738, 3371, 1038342811, 2858, 1038772792, 3364, 1021086410, 3356, 1021082818, 3372, 1021088684, 3365, 1021976361, 3357, 1021979051, 3373, 1021975910, 2859, 1038336956, 3366, 1022010256, 3358, 1022002944, 2853, 1021983911, 3367, 1021127405, 2854, 1022002985, 2855, 1021121816, 2846, 1021995612]
[INFO] (lattice_cell.c: 455): on tick 10 of 50
[INFO] (lattice_cell.c: 172): the unmatched_packets is 56
[3096, 1037879369, 3112, 1037891388, 3368, 1037891382, 3352, 1037879375, 3360, 1037884283, 2840, 1037879372, 2848, 1037884303, 2856, 1037891398, 3097, 1038304349, 3113, 1038305155, 3369, 1038302297, 3353, 1038301521, 2857, 1038308645, 2841, 1038307829, 3361, 1038301266, 3098, 1038786218, 3114, 1038772640, 3370, 1038772622, 3354, 1038786196, 3362, 1038780300, 2849, 1038307600, 3099, 1038334977, 3115, 1038333798, 3371, 1038336599, 3100, 1021089834, 3116, 1021098666, 3101, 1021988543, 3117, 1021986010, 3118, 1022022127, 3358, 1022040105, 3102, 1022037073, 3375, 1021117287, 3359, 1021106015, 3103, 1021103910, 3119, 1021115148, 2844, 1021092449, 2853, 1021986150, 3355, 1038337771, 3363, 1038338378, 2855, 1021134771, 3372, 1021096674, 3356, 1021087872, 3364, 1021096752, 3373, 1021983169, 3365, 1021979958, 3357, 1021985693, 3374, 1022025149, 3366, 1022000988, 2843, 1038331539, 2852, 1021101347, 2860, 1021101284, 3367, 1021139583, 2861, 1021989383, 2845, 1021991932, 2850, 1038780342, 2858, 1038772664, 2854, 1021994406, 2862, 1022018581, 2846, 1022033556, 2842, 1038786227, 2863, 1021112416, 2847, 1021101211, 2851, 1038332154, 2859, 1038330340]
[INFO] (lattice_cell.c: 455): on tick 11 of 50
[INFO] (lattice_cell.c: 172): the unmatched_packets is 56
[3112, 1037887099, 3096, 1037892374, 3368, 1037887101, 3360, 1037876813, 3352, 1037892381, 2840, 1037892368, 3097, 1038311761, 3113, 1038313750, 2856, 1037887103, 3369, 1038311154, 3098, 1038761335, 3114, 1038766103, 3099, 1038341592, 3115, 1038340236, 3370, 1038766146, 3101, 1022005552, 3355, 1038344208, 3102, 1022023753, 3118, 1022008434, 3103, 1021112416, 3119, 1021123746, 3117, 1021975765, 3359, 1021114954, 3100, 1021065465, 3116, 1021095791, 2859, 1038337014, 2854, 1022004790, 2863, 1021120485, 2846, 1022019949, 2855, 1021119659, 2847, 1021109159, 2848, 1037876809, 2849, 1038315207, 2841, 1038314920, 2850, 1038777440, 2858, 1038766063, 3361, 1038309461, 2842, 1038761329, 3353, 1038309191, 2851, 1038338450, 3354, 1038761349, 3362, 1038777498, 2843, 1038338379, 3371, 1038342870, 2857, 1038316925, 2852, 1021088933, 2860, 1021099139, 3363, 1038344281, 2844, 1021068776, 3356, 1021062837, 3364, 1021082971, 3372, 1021093105, 2845, 1022009513, 3357, 1022002239, 2862, 1022004611, 3365, 1021983866, 3373, 1021972367, 2853, 1021991227, 2861, 1021979790, 3358, 1022026931, 3366, 1022011813, 3374, 1022011625, 3367, 1021125438, 3375, 1021126306]
[INFO] (lattice_cell.c: 455): on tick 12 of 50
[INFO] (lattice_cell.c: 172): the unmatched_packets is 56
[3096, 1037869941, 3112, 1037887950, 3368, 1037887956, 3360, 1037878290, 3352, 1037869927, 2848, 1037878282, 2856, 1037887946, 2840, 1037869949, 3097, 1038302180, 3113, 1038306263, 3369, 1038303426, 3361, 1038302224, 3353, 1038299382, 2841, 1038305604, 3098, 1038795161, 3114, 1038776232, 3370, 1038776206, 3362, 1038786690, 3354, 1038795151, 3099, 1038335029, 3115, 1038333542, 3100, 1021154499, 3116, 1021105153, 3117, 1021975950, 3372, 1021103216, 3103, 1021118040, 3357, 1021929371, 3101, 1021932423, 3102, 1022021969, 3118, 1022007067, 3367, 1021110476, 3375, 1021130999, 3119, 1021128997, 2854, 1022024550, 3371, 1038336335, 3363, 1038337670, 3355, 1038337804, 2863, 1021126369, 3356, 1021152595, 3364, 1021101687, 2855, 1021105910, 2847, 1021115456, 2857, 1038309735, 3365, 1021974557, 2850, 1038786723, 3373, 1021973006, 2842, 1038795161, 2858, 1038776251, 3358, 1022025100, 2843, 1038331613, 2859, 1038330112, 2849, 1038308493, 2852, 1021106133, 3366, 1022031366, 2844, 1021157035, 3374, 1022010247, 3359, 1021120008, 2853, 1021981023, 2845, 1021936001, 2851, 1038331472, 2862, 1022003393, 2860, 1021107727, 2846, 1022018301, 2861, 1021979412]
[INFO] (lattice_cell.c: 455): on tick 13 of 50
[INFO] (lattice_cell.c: 172): the unmatched_packets is 56
[3096, 1037912634, 3112, 1037885710, 3368, 1037885708, 3360, 1037899132, 3352, 1037912646, 2840, 1037912632, 2856, 1037885722, 2848, 1037899112, 3097, 1038311752, 3113, 1038313533, 3369, 1038310931, 3361, 1038311974, 3353, 1038309140, 2849, 1038317775, 2841, 1038314969, 2857, 1038316741, 3098, 1038740533, 3114, 1038767912, 3370, 1038767964, 3362, 1038754045, 3354, 1038740545, 2850, 1038754014, 2858, 1038767876, 3099, 1038342228, 3115, 1038339940, 3100, 1020976306, 3116, 1021086736, 3372, 1021084008, 3357, 1022091317, 3117, 1021987133, 2859, 1038336702, 3374, 1022009802, 3102, 1021981662, 3118, 1022006764, 3375, 1021127251, 3359, 1021154864, 3103, 1021152204, 3119, 1021124597, 3101, 1022094332, 2863, 1021121242, 2855, 1021121689, 2847, 1021148865, 3371, 1038342580, 3363, 1038344399, 3355, 1038344846, 3356, 1020973623, 3364, 1021034953, 2851, 1038338550, 3373, 1021983908, 3365, 1022023533, 2843, 1038339022, 2852, 1021040999, 2844, 1020979657, 2860, 1021090102, 2853, 1022030470, 2845, 1022098015, 2842, 1038740523, 2861, 1021991024, 3366, 1022009223, 3358, 1021984685, 2854, 1022002522, 2846, 1021977993, 3367, 1021127688, 2862, 1022003073]
[INFO] (lattice_cell.c: 455): on tick 14 of 50
[INFO] (lattice_cell.c: 172): the unmatched_packets is 56
[3096, 1037843247, 3112, 1037874656, 3368, 1037874660, 3360, 1037856834, 3352, 1037843251, 2848, 1037856852, 2856, 1037874663, 2840, 1037843255, 3097, 1038304640, 3113, 1038304258, 3369, 1038301466, 3361, 1038302279, 3353, 1038301912, 3098, 1038822832, 3114, 1038789925, 3099, 1038334268, 3115, 1038332980, 3362, 1038808486, 3116, 1021138900, 3117, 1021952418, 3102, 1022030770, 3100, 1021247546, 3101, 1021830175, 3358, 1022034049, 3375, 1021111452, 3118, 1022027574, 3103, 1021108895, 3119, 1021109558, 2853, 1021891090, 2854, 1022024205, 2855, 1021105696, 2847, 1021106399, 3370, 1038789925, 2842, 1038822848, 3354, 1038822828, 2858, 1038789929, 3363, 1038337206, 3371, 1038335751, 3355, 1038337021, 3372, 1021136999, 3364, 1021191886, 2851, 1038331062, 3356, 1021245659, 2849, 1038308422, 2850, 1038808473, 2859, 1038329574, 2843, 1038330876, 2852, 1021196249, 2860, 1021141453, 2844, 1021250069, 2861, 1021956058, 3365, 1021884079, 3373, 1021949267, 3357, 1021826912, 2845, 1021833962, 2841, 1038308014, 3366, 1022031292, 3374, 1022030876, 2862, 1022023756, 2863, 1021107031, 3367, 1021110070, 3359, 1021110763, 2857, 1038307695, 2846, 1022027008]
[INFO] (lattice_cell.c: 455): on tick 15 of 50
[INFO] (lattice_cell.c: 172): the unmatched_packets is 56
[3096, 1037897589, 3112, 1037912472, 3368, 1037912475, 3360, 1037917739, 2848, 1037917731, 2856, 1037912468, 2840, 1037897602, 3352, 1037897583, 3097, 1038311493, 3113, 1038313846, 3369, 1038311192, 3361, 1038309722, 3353, 1038308850, 3098, 1038756631, 3114, 1038740165, 3099, 1038341884, 3115, 1038340241, 3100, 1020955034, 2849, 1038315624, 3363, 1038344758, 3102, 1022024983, 2841, 1038314734, 3365, 1022129342, 3373, 1022060675, 3116, 1021010422, 3357, 1022116717, 3101, 1022119629, 3366, 1021991265, 3374, 1022000497, 3117, 1022063621, 3118, 1021997594, 3359, 1021112866, 3103, 1021110179, 3119, 1021132905, 2846, 1022021431, 2863, 1021129499, 2855, 1021137968, 2847, 1021106827, 3370, 1038740192, 2857, 1038317099, 3362, 1038735288, 3354, 1038756670, 2850, 1038735251, 3371, 1038342892, 3355, 1038344512, 3364, 1020939489, 3372, 1021007656, 2851, 1038338895, 3356, 1020952395, 2843, 1038338662, 2844, 1020958332, 2861, 1022067220, 2845, 1022123188, 2854, 1021984797, 2862, 1021994049, 3358, 1022027886, 3367, 1021144048, 3375, 1021135620, 2842, 1038756609, 2858, 1038740151, 2860, 1021013830, 2859, 1038336989, 2852, 1020945586, 2853, 1022135766]
[INFO] (lattice_cell.c: 455): on tick 16 of 50
[INFO] (lattice_cell.c: 172): the unmatched_packets is 56
[3096, 1037895805, 3112, 1037852998, 3368, 1037852988, 3360, 1037858055, 2848, 1037858023, 2840, 1037895785, 2856, 1037853004, 3097, 1038303756, 3113, 1038306802, 3098, 1038767955, 3114, 1038811955, 3369, 1038304058, 3353, 1038301058, 3099, 1038334661, 3102, 1022010123, 3364, 1021233390, 3356, 1021126581, 3115, 1038332374, 2843, 1038331299, 3100, 1021128474, 3116, 1021239702, 3359, 1021132272, 3101, 1021953891, 3117, 1021841601, 3118, 1022029636, 3103, 1021130456, 3119, 1021107017, 2844, 1021131046, 2861, 1021845508, 2854, 1022012610, 2863, 1021104512, 2846, 1022006231, 2855, 1021116814, 3352, 1037895822, 2849, 1038309456, 2857, 1038310170, 2841, 1038307091, 2850, 1038806939, 3361, 1038303416, 2851, 1038330660, 3370, 1038811973, 3362, 1038806906, 3354, 1038767929, 3363, 1038336747, 3371, 1038335123, 3355, 1038337372, 2852, 1021237815, 2860, 1021242218, 2853, 1021846051, 3372, 1021237836, 2858, 1038811942, 3365, 1021838816, 3373, 1021838187, 2845, 1021957661, 2859, 1038328992, 3357, 1021950597, 3366, 1022019881, 2847, 1021127999, 3374, 1022033060, 3358, 1022013493, 3367, 1021121120, 3375, 1021108855, 2842, 1038767966, 2862, 1022025697]
[INFO] (lattice_cell.c: 455): on tick 17 of 50
[INFO] (lattice_cell.c: 172): the unmatched_packets is 56
[3096, 1037870510, 3112, 1037913927, 3368, 1037913921, 3360, 1037877788, 3352, 1037870502, 2856, 1037913938, 2840, 1037870510, 3113, 1038312946, 3097, 1038312465, 3369, 1038310251, 3353, 1038309837, 3361, 1038310655, 2849, 1038316594, 3114, 1038739227, 3098, 1038783825, 3099, 1038341522, 3115, 1038340175, 3363, 1038344160, 3102, 1022008240, 2857, 1038316239, 3116, 1020949097, 3373, 1022127435, 3117, 1022130220, 3101, 1021944129, 3118, 1022000287, 3375, 1021132852, 3359, 1021126745, 3103, 1021124012, 3119, 1021130112, 3100, 1021125144, 2861, 1022133654, 2846, 1022004834, 2863, 1021126739, 3370, 1038739271, 3362, 1038776871, 2855, 1021101055, 3354, 1038783835, 3371, 1038342849, 2847, 1021120631, 3355, 1038344165, 3364, 1021020299, 3372, 1020946363, 3356, 1021122441, 2850, 1038776792, 2848, 1037877822, 2851, 1038338239, 2843, 1038338270, 3365, 1022046498, 2844, 1021128464, 3357, 1021941280, 2845, 1021947627, 2854, 1022022082, 3366, 1022028334, 2862, 1021996829, 3374, 1022003119, 3358, 1022011024, 2841, 1038315708, 3367, 1021107153, 2858, 1038739185, 2842, 1038783809, 2860, 1020952472, 2853, 1022052851, 2852, 1021026228, 2859, 1038336892]
[INFO] (lattice_cell.c: 455): on tick 18 of 50
[INFO] (lattice_cell.c: 172): the unmatched_packets is 56
[3096, 1037879541, 3112, 1037882608, 3368, 1037882631, 3360, 1037900497, 3352, 1037879543, 2848, 1037900467, 2856, 1037882586, 2840, 1037879551, 3097, 1038303868, 3113, 1038306562, 3369, 1038303848, 3353, 1038301177, 3361, 1038302581, 2849, 1038308603, 3098, 1038785712, 3114, 1038781059, 3099, 1038334285, 3115, 1038333233, 3100, 1021071983, 3116, 1021190378, 3101, 1022011715, 3117, 1021892684, 2841, 1038307190, 3119, 1021128853, 3365, 1022011658, 3366, 1022015386, 3102, 1022017552, 3118, 1022004260, 3359, 1021125292, 2845, 1022015660, 3103, 1021123496, 2861, 1021896592, 2862, 1022000249, 2863, 1021126337, 2855, 1021122344, 2847, 1021121028, 3370, 1038781057, 3362, 1038763259, 2858, 1038781061, 2842, 1038785698, 2851, 1038331224, 3354, 1038785733, 3371, 1038335949, 3355, 1038336972, 3363, 1038337233, 3364, 1021065971, 3372, 1021188438, 3356, 1021070222, 3373, 1021889251, 2844, 1021074455, 3357, 1022008284, 2853, 1022018908, 2854, 1022007901, 2846, 1022013569, 3374, 1022007752, 3358, 1022021009, 3367, 1021126629, 2857, 1038309879, 3375, 1021130702, 2859, 1038329896, 2852, 1021070401, 2843, 1038330979, 2850, 1038763243, 2860, 1021193011]
[INFO] (lattice_cell.c: 455): on tick 19 of 50
[INFO] (lattice_cell.c: 172): the unmatched_packets is 56
[3096, 1037885357, 3112, 1037869228, 3368, 1037869216, 3360, 1037880482, 2848, 1037880480, 2840, 1037885370, 2856, 1037869245, 3352, 1037885347, 3097, 1038311831, 3113, 1038314052, 3361, 1038311101, 3369, 1038311350, 3353, 1038309184, 2857, 1038317360, 2841, 1038315095, 2849, 1038317040, 3098, 1038768742, 3114, 1038785244, 3362, 1038773142, 3370, 1038785284, 3354, 1038768754, 2850, 1038773127, 3099, 1038341823, 3115, 1038339044, 3363, 1038343329, 3371, 1038341744, 3100, 1021067809, 3116, 1021101809, 3364, 1021121999, 3101, 1022004606, 3117, 1021973527, 2842, 1038768721, 3103, 1021117344, 3102, 1022015654, 3118, 1022019357, 3359, 1021120030, 3119, 1021111640, 3375, 1021114358, 3355, 1038344467, 3372, 1021099131, 3356, 1021065102, 3365, 1021942034, 3357, 1022001900, 3373, 1021970726, 3366, 1022005919, 2843, 1038338544, 2859, 1038335728, 2852, 1021128063, 2844, 1021071158, 2860, 1021105101, 3358, 1022018358, 2861, 1021976984, 2853, 1021948150, 3374, 1022022119, 2862, 1022015976, 2854, 1021999853, 2858, 1038785210, 3367, 1021130194, 2845, 1022007930, 2851, 1038337364, 2846, 1022012304, 2863, 1021108324, 2855, 1021124148, 2847, 1021114026]
[INFO] (lattice_cell.c: 455): on tick 20 of 50
[INFO] (lattice_cell.c: 172): the unmatched_packets is 56
[3096, 1037888626, 3112, 1037899306, 3368, 1037899299, 3360, 1037876221, 3352, 1037888644, 2856, 1037899334, 2840, 1037888614, 3097, 1038304698, 3113, 1038306090, 3369, 1038303375, 3361, 1038303384, 3353, 1038302047, 2849, 1038309357, 2857, 1038309410, 3098, 1038775441, 3370, 1038764546, 3114, 1038764500, 3354, 1038775445, 3099, 1038334756, 3115, 1038330961, 3371, 1038333648, 3355, 1038337400, 2841, 1038307981, 3102, 1022014161, 3373, 1022022962, 3116, 1021060873, 3100, 1021104311, 3117, 1022026423, 3367, 1021122684, 3118, 1022030675, 3103, 1021123990, 3119, 1021113419, 3101, 1021977485, 2859, 1038327663, 2854, 1022009730, 2846, 1022010116, 2863, 1021110836, 2855, 1021118280, 2847, 1021121454, 2842, 1038775437, 2850, 1038788589, 2851, 1038330982, 3362, 1038788642, 2843, 1038331487, 2852, 1021106778, 2860, 1021063501, 2844, 1021106858, 2848, 1037876225, 2853, 1021980956, 3363, 1038336920, 3372, 1021058966, 2861, 1022030397, 2845, 1021981470, 3364, 1021102400, 3356, 1021102461, 2862, 1022026604, 3357, 1021974031, 2858, 1038764452, 3365, 1021973419, 3374, 1022034196, 3358, 1022017647, 3366, 1022017282, 3375, 1021115311, 3359, 1021125811]
[INFO] (lattice_cell.c: 455): on tick 21 of 50
[INFO] (lattice_cell.c: 172): the unmatched_packets is 56
[3112, 1037883740, 3096, 1037875930, 3360, 1037876757, 3368, 1037883752, 3352, 1037875918, 3113, 1038313717, 3097, 1038311914, 3114, 1038769688, 3098, 1038778429, 3371, 1038342162, 3364, 1021061768, 3119, 1021151378, 3099, 1038341153, 3100, 1021103298, 3374, 1021980869, 3367, 1021117676, 3117, 1021979602, 3101, 1021969209, 3118, 1021978117, 3102, 1022012682, 3103, 1021120560, 3115, 1038339438, 3116, 1021096608, 2861, 1021982906, 2863, 1021148219, 2846, 1022009402, 2840, 1037875940, 2841, 1038315199, 2850, 1038777734, 2858, 1038769690, 2851, 1038339814, 2852, 1021067634, 2860, 1021099919, 3369, 1038311004, 3361, 1038310341, 3353, 1038309264, 3362, 1038777766, 3370, 1038769702, 3354, 1038778437, 3363, 1038345829, 3355, 1038343827, 3372, 1021093883, 2849, 1038316329, 3356, 1021100673, 3365, 1022006145, 3373, 1021976907, 3357, 1021966511, 2848, 1037876776, 3366, 1022009560, 2842, 1038778419, 3358, 1022015352, 3375, 1021153946, 3359, 1021123186, 2857, 1038317057, 2853, 1022012160, 2845, 1021972521, 2843, 1038337849, 2859, 1038336070, 2862, 1021974756, 2854, 1022003500, 2844, 1021106518, 2847, 1021117325, 2855, 1021111866, 2856, 1037883726]
[INFO] (lattice_cell.c: 455): on tick 22 of 50
[INFO] (lattice_cell.c: 172): the unmatched_packets is 56
[3096, 1037884328, 3112, 1037904304, 3368, 1037904276, 3352, 1037884320, 2848, 1037899525, 2856, 1037904350, 3360, 1037899508, 2840, 1037884346, 3097, 1038304701, 3113, 1038307352, 3369, 1038304683, 3353, 1038302067, 3361, 1038303780, 2849, 1038309683, 2841, 1038307944, 3098, 1038780401, 2857, 1038310627, 3114, 1038758986, 3362, 1038764124, 3354, 1038780431, 3115, 1038333088, 3099, 1038332386, 3100, 1021086397, 3372, 1021139369, 3119, 1021065001, 2850, 1038764045, 3357, 1021991673, 3373, 1021938631, 3117, 1021942104, 3102, 1022025246, 3118, 1022067425, 3103, 1021122600, 2853, 1021996374, 3116, 1021141355, 3101, 1021995152, 2844, 1021089021, 2854, 1022030954, 2845, 1021999199, 3370, 1038759044, 2863, 1021062153, 2847, 1021119951, 2858, 1038758922, 2842, 1038780374, 2843, 1038329164, 2859, 1038329843, 2852, 1021091208, 3371, 1038335713, 3363, 1038336890, 3355, 1038334995, 2860, 1021144084, 3356, 1021084516, 3364, 1021086557, 3365, 1021988948, 3358, 1022028722, 3366, 1022038532, 3374, 1022070917, 2862, 1022063394, 3367, 1021102555, 3359, 1021124514, 3375, 1021067101, 2846, 1022021182, 2851, 1038331068, 2861, 1021946132, 2855, 1021097857]
[INFO] (lattice_cell.c: 455): on tick 23 of 50
[INFO] (lattice_cell.c: 172): the unmatched_packets is 56
[3096, 1037876102, 3112, 1037844736, 3368, 1037844758, 3360, 1037864536, 2840, 1037876104, 2856, 1037844709, 2848, 1037864476, 3352, 1037876108, 3097, 1038311512, 3113, 1038313227, 3369, 1038310475, 3353, 1038308840, 2849, 1038316539, 2857, 1038316596, 3098, 1038778251, 3114, 1038810490, 3099, 1038341337, 3115, 1038337708, 3116, 1021078434, 3371, 1038340472, 3101, 1022000749, 2841, 1038314821, 3373, 1021996875, 3100, 1021074038, 2852, 1021096875, 3117, 1021999636, 3375, 1021231036, 3359, 1021139260, 3102, 1021996258, 3118, 1021906086, 3103, 1021136847, 3119, 1021228704, 2845, 1022003997, 2863, 1021225788, 2846, 1021992975, 2855, 1021171205, 2847, 1021133821, 2858, 1038810486, 2851, 1038336740, 2859, 1038334303, 2860, 1021081590, 2844, 1021077159, 2861, 1022003001, 2854, 1021953840, 2862, 1021902659, 3361, 1038310509, 3370, 1038810511, 3354, 1038778247, 3362, 1038789790, 2842, 1038778245, 2853, 1021982676, 3355, 1038344045, 3363, 1038342872, 3372, 1021075854, 3364, 1021091197, 3356, 1021071497, 2843, 1038337989, 3365, 1021976646, 3357, 1021998090, 3374, 1021908892, 2850, 1038789815, 3366, 1021959877, 3358, 1021998933, 3367, 1021176537]
[INFO] (lattice_cell.c: 455): on tick 24 of 50
[INFO] (lattice_cell.c: 172): the unmatched_packets is 56
[3096, 1037902104, 3112, 1037925949, 3368, 1037925900, 3360, 1037910237, 3352, 1037902092, 2848, 1037910326, 2840, 1037902115, 2856, 1037926013, 3097, 1038305427, 3113, 1038307364, 3369, 1038304723, 3361, 1038304419, 3353, 1038302825, 2849, 1038310253, 2841, 1038308625, 2857, 1038310610, 3098, 1038761626, 3114, 1038737247, 3370, 1038737307, 3362, 1038753502, 3354, 1038761656, 2850, 1038753388, 2842, 1038761588, 2858, 1038737174, 3099, 1038335055, 3115, 1038332762, 3371, 1038335371, 3100, 1021103963, 3116, 1021094751, 3363, 1038338140, 3355, 1038337592, 3101, 1021976236, 3102, 1022055470, 3357, 1021972823, 3117, 1021990433, 3366, 1022111377, 3367, 1021023528, 3118, 1022163127, 3103, 1021080934, 3119, 1020973062, 2843, 1038331900, 3372, 1021092666, 2855, 1021018330, 3364, 1021114587, 2847, 1021078044, 2859, 1038329534, 3356, 1021101937, 2851, 1038332404, 2844, 1021106730, 2853, 1021966575, 2861, 1021994418, 3373, 1021987021, 3365, 1021959137, 3358, 1022058969, 3374, 1022166581, 2845, 1021980230, 2860, 1021097583, 3359, 1021083079, 3375, 1020975301, 2863, 1020970079, 2846, 1022051422, 2862, 1022159130, 2854, 1022103930, 2852, 1021119386]
[INFO] (lattice_cell.c: 455): on tick 25 of 50
[INFO] (lattice_cell.c: 172): the unmatched_packets is 56
[3096, 1037851836, 3112, 1037870506, 3368, 1037870520, 3360, 1037843328, 3352, 1037851859, 2848, 1037843271, 2856, 1037870501, 2840, 1037851799, 3097, 1038311193, 3113, 1038313400, 3369, 1038310628, 3361, 1038309824, 3353, 1038308514, 2849, 1038315927, 2841, 1038314534, 2857, 1038316796, 3098, 1038803188, 3114, 1038782794, 3370, 1038782850, 3362, 1038811809, 3354, 1038803178, 2850, 1038811781, 2858, 1038782740, 2842, 1038803206, 3099, 1038339401, 3115, 1038339629, 3363, 1038343439, 3371, 1038342387, 3355, 1038342147, 2851, 1038337296, 3100, 1021084166, 3116, 1021097988, 3101, 1021991663, 3117, 1021980395, 3102, 1021929421, 3103, 1021209437, 3119, 1021243315, 3359, 1021211621, 3118, 1021882738, 2846, 1021926105, 2863, 1021240459, 3364, 1021063130, 3356, 1021081758, 2843, 1038336015, 2859, 1038336220, 2852, 1021068564, 3365, 1022006722, 3373, 1021977644, 3357, 1021988920, 3374, 1021885519, 3366, 1021875943, 2853, 1022012810, 2861, 1021983699, 2854, 1021869734, 3358, 1021932121, 2845, 1021994962, 3367, 1021257933, 3375, 1021245602, 2862, 1021879361, 2855, 1021252998, 2847, 1021206691, 3372, 1021095457, 2844, 1021087154, 2860, 1021101105]
[INFO] (lattice_cell.c: 455): on tick 26 of 50
[INFO] (lattice_cell.c: 172): the unmatched_packets is 56
[3096, 1037916921, 3112, 1037884204, 3368, 1037884199, 3360, 1037912638, 3352, 1037916890, 2840, 1037916969, 2856, 1037884224, 3097, 1038306600, 3113, 1038307490, 3369, 1038304862, 3361, 1038304769, 3353, 1038304043, 3098, 1038746877, 3114, 1038780322, 3370, 1038780342, 3362, 1038751246, 3099, 1038334539, 3115, 1038330237, 2841, 1038309767, 3100, 1021106014, 3116, 1021107242, 3371, 1038332831, 2857, 1038310709, 3101, 1021970293, 3117, 1021976064, 3102, 1022149421, 3118, 1022057863, 3356, 1021103900, 3103, 1020989798, 3119, 1021085793, 3373, 1021972673, 3367, 1020990032, 2853, 1021995492, 2855, 1020984722, 2847, 1020986719, 2848, 1037912691, 2849, 1038310533, 2850, 1038751196, 2842, 1038746833, 2851, 1038330305, 2852, 1021090877, 2860, 1021110202, 3354, 1038746912, 2844, 1021108884, 2859, 1038327037, 2843, 1038331403, 3363, 1038336026, 2861, 1021980056, 3355, 1038337060, 2858, 1038780310, 2845, 1021974252, 3372, 1021105034, 3364, 1021085829, 2854, 1022146929, 2862, 1022053692, 2846, 1022145471, 3357, 1021966957, 3365, 1021988200, 2863, 1021082811, 3374, 1022061432, 3358, 1022152803, 3366, 1022154354, 3375, 1021088052, 3359, 1020992146]
[INFO] (lattice_cell.c: 455): on tick 27 of 50
[INFO] (lattice_cell.c: 172): the unmatched_packets is 56
[3096, 1037852095, 3112, 1037893173, 3368, 1037893167, 3360, 1037880780, 3352, 1037852109, 2848, 1037880784, 2840, 1037852088, 2856, 1037893197, 3097, 1038310456, 3113, 1038313645, 3361, 1038309561, 3369, 1038310870, 3353, 1038307750, 2857, 1038317054, 2841, 1038313817, 2849, 1038315666, 3098, 1038802475, 3114, 1038760327, 3370, 1038760416, 3362, 1038772536, 3354, 1038802507, 2858, 1038760251, 2842, 1038802442, 3099, 1038341768, 3115, 1038340013, 3371, 1038342818, 3355, 1038344495, 3363, 1038345719, 3100, 1021075939, 3116, 1021107820, 2851, 1038339579, 3364, 1021101463, 2843, 1038338393, 3101, 1022002706, 3117, 1021972294, 3373, 1021969459, 3374, 1022043371, 2859, 1038336563, 3102, 1021871038, 3118, 1022040685, 3103, 1021258078, 3119, 1021084023, 2845, 1022006016, 2863, 1021081237, 2855, 1021179705, 2846, 1021867655, 2847, 1021255413, 3372, 1021105472, 3356, 1021073672, 2852, 1021106709, 2844, 1021078799, 2860, 1021110747, 2853, 1021977737, 2850, 1038772416, 3365, 1021971626, 3357, 1021999922, 2861, 1021975676, 2854, 1021932651, 3366, 1021938639, 3358, 1021873822, 3367, 1021184673, 3375, 1021086221, 3359, 1021260132, 2862, 1022037460]
[INFO] (lattice_cell.c: 455): on tick 28 of 50
[INFO] (lattice_cell.c: 172): the unmatched_packets is 56
[3096, 1037895768, 3112, 1037885193, 3368, 1037885147, 3360, 1037870032, 2848, 1037870039, 3352, 1037895771, 2840, 1037895776, 2856, 1037885243, 3113, 1038308249, 3097, 1038304292, 3369, 1038305618, 3361, 1038304988, 3353, 1038301750, 2849, 1038310747, 2841, 1038307431, 3114, 1038778710, 3098, 1038768805, 3370, 1038778762, 3362, 1038795011, 3354, 1038768797, 3115, 1038331602, 3099, 1038331760, 3363, 1038335236, 3116, 1021092770, 3100, 1021086794, 2857, 1038311459, 3117, 1021987096, 3118, 1021975883, 3365, 1021981773, 3101, 1021998833, 3366, 1022001517, 3102, 1022108039, 3375, 1021164475, 3367, 1021143975, 3359, 1021044344, 3103, 1021042037, 3119, 1021162011, 2862, 1021971732, 3371, 1038334154, 3355, 1038334284, 2863, 1021158891, 2846, 1022104015, 2847, 1021039004, 3372, 1021090410, 3364, 1021088773, 2851, 1038329582, 3356, 1021084533, 2859, 1038328457, 2843, 1038328633, 3373, 1021983839, 2852, 1021094089, 3357, 1021995562, 3374, 1021979425, 2844, 1021089791, 2853, 1021988965, 2861, 1021990960, 3358, 1022111438, 2845, 1022002742, 2854, 1021993853, 2850, 1038795005, 2858, 1038778655, 2860, 1021095876, 2842, 1038768815, 2855, 1021138594]
[INFO] (lattice_cell.c: 455): on tick 29 of 50
[INFO] (lattice_cell.c: 172): the unmatched_packets is 56
[3096, 1037889944, 3112, 1037878136, 3368, 1037878142, 3360, 1037885190, 3352, 1037889932, 2848, 1037885200, 2840, 1037889968, 2856, 1037878152, 3097, 1038311098, 3113, 1038312832, 3369, 1038310050, 3361, 1038311840, 3353, 1038308373, 3098, 1038763489, 3114, 1038775774, 3370, 1038775861, 3362, 1038769033, 3354, 1038763543, 3099, 1038342264, 3115, 1038339195, 3371, 1038342024, 3100, 1021109248, 3116, 1021090498, 3363, 1038344100, 3101, 1021969458, 2841, 1038314474, 2857, 1038316255, 3366, 1022060631, 3117, 1021992455, 3367, 1021070233, 3359, 1021122672, 3102, 1022005940, 3118, 1022004605, 3103, 1021120630, 3119, 1021123634, 2861, 1021995889, 2846, 1022002716, 3355, 1038345001, 3372, 1021088248, 3356, 1021107151, 3364, 1021082679, 3373, 1021989550, 3357, 1021966667, 3365, 1021983235, 2863, 1021121050, 3374, 1022007436, 3358, 1022008609, 3375, 1021125609, 2851, 1038337904, 2850, 1038768921, 2843, 1038338879, 2852, 1021087543, 2860, 1021093362, 2845, 1021972787, 2854, 1022054647, 2862, 1022001204, 2849, 1038317965, 2842, 1038763431, 2859, 1038335740, 2858, 1038775710, 2844, 1021111948, 2855, 1021065594, 2847, 1021117937, 2853, 1021989560]
[INFO] (lattice_cell.c: 455): on tick 30 of 50
[INFO] (lattice_cell.c: 172): the unmatched_packets is 56
[3096, 1037875883, 3112, 1037895465, 3368, 1037895463, 3360, 1037894346, 3352, 1037875861, 2840, 1037875905, 2856, 1037895489, 2848, 1037894409, 3097, 1038306904, 3113, 1038306572, 3369, 1038303958, 3361, 1038305343, 3353, 1038304407, 2849, 1038311041, 2841, 1038310010, 3114, 1038768383, 3098, 1038788764, 2857, 1038309775, 3115, 1038330506, 3099, 1038333567, 3116, 1021107714, 3117, 1021981183, 3355, 1038336048, 3102, 1021967391, 3118, 1022043926, 3100, 1021079247, 3366, 1022007763, 3358, 1021970790, 3101, 1021993830, 3359, 1021176464, 3103, 1021174039, 3119, 1021097244, 2860, 1021110931, 2845, 1021997747, 2854, 1022000360, 3370, 1038768406, 2863, 1021094030, 2855, 1021127144, 2847, 1021170936, 3362, 1038769391, 3354, 1038788777, 3371, 1038333057, 2850, 1038769311, 2858, 1038768360, 3363, 1038336384, 3364, 1021084505, 3372, 1021105199, 3356, 1021076795, 2859, 1038327334, 3373, 1021977983, 3365, 1021986229, 3357, 1021990582, 2843, 1038330468, 2852, 1021090144, 2842, 1038788750, 2844, 1021082408, 2853, 1021993288, 2861, 1021984990, 3374, 1022047353, 2862, 1022039865, 2851, 1038330764, 2846, 1021963326, 3367, 1021132877, 3375, 1021099761]
[INFO] (lattice_cell.c: 455): on tick 31 of 50
[INFO] (lattice_cell.c: 172): the unmatched_packets is 56
[3096, 1037864242, 3112, 1037886998, 3368, 1037886968, 3360, 1037870965, 3352, 1037864250, 2848, 1037870987, 3097, 1038309065, 3113, 1038313068, 2856, 1037887041, 3353, 1038306314, 3098, 1038790787, 3114, 1038766434, 3370, 1038766539, 3101, 1021969244, 3102, 1022047131, 3119, 1021120019, 3103, 1021086601, 3365, 1021976697, 3115, 1038339801, 3357, 1021966436, 3100, 1021117671, 2843, 1038337293, 3116, 1021113786, 3117, 1021968629, 3118, 1022004507, 3099, 1038340688, 2863, 1021117392, 2855, 1021140643, 2847, 1021084086, 2857, 1038316497, 2850, 1038783026, 2842, 1038790750, 2859, 1038336348, 2852, 1021104852, 2844, 1021120221, 2860, 1021116481, 2853, 1021982938, 2845, 1021972592, 2861, 1021972105, 2854, 1021975293, 2862, 1022001137, 2846, 1022043776, 2840, 1037864248, 3369, 1038310279, 3361, 1038308750, 2849, 1038314932, 3354, 1038790819, 3362, 1038783149, 2841, 1038312466, 3371, 1038342598, 2858, 1038766339, 3363, 1038344928, 3355, 1038343421, 3364, 1021100189, 3372, 1021111686, 3356, 1021115783, 3373, 1021965667, 2851, 1038338775, 3366, 1021981613, 3374, 1022007372, 3358, 1022049965, 3367, 1021145061, 3375, 1021122007, 3359, 1021088455]
[INFO] (lattice_cell.c: 455): on tick 32 of 50
[INFO] (lattice_cell.c: 172): the unmatched_packets is 56
[3096, 1037917457, 3112, 1037885636, 3368, 1037885601, 3360, 1037890766, 3352, 1037917459, 2848, 1037890767, 2840, 1037917468, 2856, 1037885678, 3097, 1038307026, 3113, 1038309146, 3369, 1038306558, 3361, 1038307327, 3353, 1038304549, 2857, 1038312336, 2841, 1038310122, 3098, 1038745814, 3114, 1038778364, 3370, 1038778426, 3362, 1038773579, 3354, 1038745829, 3099, 1038332916, 3115, 1038331335, 3100, 1021019981, 3371, 1038333898, 3116, 1021089176, 3364, 1021058540, 3117, 1021988062, 3102, 1022030184, 3118, 1021992638, 3103, 1021114663, 3119, 1021145730, 3101, 1022055591, 2860, 1021092529, 2854, 1022018582, 3363, 1038335324, 3355, 1038335413, 2855, 1021112848, 2847, 1021111454, 3372, 1021086523, 2850, 1038773551, 2842, 1038745808, 2849, 1038312992, 3356, 1021017411, 3373, 1021984895, 2851, 1038329659, 3357, 1022052424, 3365, 1022004986, 2843, 1038329804, 2852, 1021064409, 3374, 1021996012, 2844, 1021023257, 2853, 1022012059, 3366, 1022025874, 3358, 1022033376, 2861, 1021991855, 3375, 1021148292, 3367, 1021118488, 3359, 1021117186, 2845, 1022059417, 2862, 1021988594, 2859, 1038328168, 2846, 1022026335, 2858, 1038778297, 2863, 1021142519]
[INFO] (lattice_cell.c: 455): on tick 33 of 50
[INFO] (lattice_cell.c: 172): the unmatched_packets is 56
[3096, 1037851309, 3112, 1037872162, 3368, 1037872148, 3352, 1037851260, 2848, 1037866395, 2840, 1037851359, 2856, 1037872208, 3360, 1037866345, 3097, 1038311541, 3113, 1038311113, 3361, 1038309313, 3369, 1038308304, 3098, 1038803285, 3114, 1038782217, 3362, 1038788221, 3370, 1038782305, 3354, 1038803359, 3099, 1038341605, 3115, 1038338756, 2841, 1038314896, 2857, 1038314555, 3100, 1021205701, 3355, 1038344303, 3116, 1021115036, 3101, 1021869937, 3103, 1021129327, 3373, 1021972904, 3102, 1021998483, 3118, 1022017876, 3375, 1021112336, 3359, 1021131183, 3119, 1021110456, 3117, 1021975844, 2844, 1021208205, 2853, 1021930981, 2861, 1021979314, 3353, 1038308818, 2854, 1022035337, 2847, 1021126776, 2858, 1038782135, 2850, 1038788085, 2851, 1038337749, 3371, 1038341547, 3363, 1038343874, 3372, 1021113048, 3356, 1021203882, 2859, 1038335337, 3364, 1021151602, 2852, 1021155989, 2860, 1021117714, 2843, 1038338250, 3365, 1021924574, 3357, 1021866993, 3374, 1022020897, 2845, 1021873413, 3366, 1022041693, 2849, 1038315486, 3358, 1022001417, 3367, 1021087980, 2862, 1022014329, 2846, 1021995029, 2842, 1038803202, 2863, 1021107939, 2855, 1021083518]
[INFO] (lattice_cell.c: 455): on tick 34 of 50
[INFO] (lattice_cell.c: 172): the unmatched_packets is 56
[3096, 1037908257, 3112, 1037910543, 3368, 1037910539, 3360, 1037915884, 3352, 1037908283, 2848, 1037915905, 2856, 1037910583, 2840, 1037908239, 3097, 1038303288, 3113, 1038309318, 3369, 1038306725, 3353, 1038300765, 2849, 1038310509, 2841, 1038306440, 3098, 1038755686, 3114, 1038752534, 3099, 1038333657, 2857, 1038312510, 3115, 1038331841, 3100, 1020962384, 3116, 1021048623, 3102, 1021992809, 3355, 1038336160, 3366, 1021991099, 3101, 1022127703, 3117, 1022030469, 3118, 1022021297, 3103, 1021149797, 3119, 1021114997, 2861, 1022034220, 2855, 1021143049, 2847, 1021146690, 2858, 1038752484, 2842, 1038755690, 2850, 1038747122, 3361, 1038304807, 2851, 1038331156, 3370, 1038752605, 3362, 1038747198, 3354, 1038755690, 2859, 1038328642, 2843, 1038330529, 2852, 1020996924, 3363, 1038336839, 3371, 1038334440, 2860, 1021051991, 3364, 1020990902, 2853, 1022089564, 3372, 1021045862, 3356, 1020959755, 2845, 1022131295, 2854, 1021984116, 3365, 1022082853, 2862, 1022017415, 3373, 1022027350, 3357, 1022124739, 2863, 1021111770, 2846, 1021988967, 2844, 1020965690, 3374, 1022024513, 3358, 1021995976, 3367, 1021148811, 3375, 1021117584, 3359, 1021152277]
[INFO] (lattice_cell.c: 455): on tick 35 of 50
[INFO] (lattice_cell.c: 172): the unmatched_packets is 56
[3096, 1037859600, 3112, 1037862166, 3368, 1037862120, 2848, 1037843790, 3360, 1037843688, 2840, 1037859619, 3352, 1037859578, 2856, 1037862247, 3097, 1038313514, 3113, 1038313727, 3369, 1038310946, 3353, 1038310879, 2849, 1038318900, 2857, 1038317130, 2841, 1038316806, 3361, 1038312840, 3098, 1038795148, 3370, 1038792186, 3114, 1038792079, 3362, 1038811401, 2850, 1038811230, 2842, 1038795120, 2858, 1038791968, 3354, 1038795181, 3099, 1038340242, 3371, 1038341028, 3115, 1038338273, 3355, 1038342918, 3363, 1038343057, 3100, 1021199064, 3116, 1021197462, 3117, 1021882389, 3101, 1021869419, 3118, 1022019982, 3364, 1021211563, 3102, 1022034698, 3367, 1021121100, 3103, 1021098046, 3119, 1021108552, 3359, 1021099890, 2855, 1021116728, 2863, 1021105943, 2847, 1021095494, 3372, 1021195511, 2852, 1021215959, 3356, 1021197204, 3373, 1021879311, 3365, 1021848992, 3357, 1021866299, 3374, 1022023105, 3366, 1022010253, 2845, 1021873044, 2861, 1021885961, 2859, 1038334882, 3358, 1022037727, 2854, 1022003489, 2846, 1022031179, 2851, 1038337004, 3375, 1021110444, 2843, 1038336922, 2862, 1022016369, 2860, 1021200098, 2844, 1021201623, 2853, 1021855762]
[INFO] (lattice_cell.c: 455): on tick 36 of 50
[INFO] (lattice_cell.c: 172): the unmatched_packets is 56
[3096, 1037888541, 3112, 1037916759, 3368, 1037916748, 3360, 1037907015, 3352, 1037888510, 2848, 1037906994, 2840, 1037888576, 3097, 1038304936, 2856, 1037916786, 3113, 1038305433, 3369, 1038302780, 3361, 1038302891, 3353, 1038302354, 2849, 1038308750, 2857, 1038308688, 2841, 1038308140, 3098, 1038775802, 3114, 1038746299, 3370, 1038746378, 2850, 1038756859, 3362, 1038756939, 3354, 1038775861, 2842, 1038775735, 2858, 1038746230, 3099, 1038333917, 3115, 1038330527, 3371, 1038333140, 2851, 1038330957, 3363, 1038336705, 3355, 1038336454, 2859, 1038327293, 3100, 1021048257, 3116, 1020984761, 2843, 1038330749, 3101, 1022036592, 3117, 1022109290, 3102, 1022035749, 3103, 1021104769, 3119, 1021153526, 3357, 1022033679, 3375, 1021156075, 3118, 1021989040, 2846, 1022032079, 2863, 1021150332, 2860, 1020988176, 2844, 1021051353, 2853, 1022123340, 2861, 1022112806, 3372, 1020981994, 3364, 1020966483, 3356, 1021045805, 2854, 1022014490, 2845, 1022040178, 2862, 1021985274, 2855, 1021113252, 3373, 1022106384, 2847, 1021101656, 2852, 1020972369, 3365, 1022117006, 3358, 1022038743, 3366, 1022021302, 3374, 1021992120, 3359, 1021107261, 3367, 1021118826]
[INFO] (lattice_cell.c: 455): on tick 37 of 50
[INFO] (lattice_cell.c: 172): the unmatched_packets is 56
[3096, 1037895738, 3112, 1037852531, 3368, 1037852476, 3360, 1037881159, 2840, 1037895761, 2856, 1037852599, 2848, 1037881200, 3352, 1037895715, 3097, 1038310998, 3113, 1038315880, 3369, 1038313167, 3361, 1038311905, 3353, 1038308393, 2849, 1038317809, 2857, 1038319208, 3098, 1038757699, 3114, 1038802261, 2841, 1038314245, 3099, 1038340979, 3115, 1038337572, 2842, 1038757656, 3362, 1038772532, 2858, 1038802162, 3371, 1038340287, 3118, 1022017912, 3372, 1021216686, 3119, 1021112310, 3364, 1021154435, 3100, 1021060739, 3116, 1021218702, 3101, 1022017649, 2843, 1038337714, 3117, 1021852423, 3375, 1021114227, 3102, 1021987704, 3103, 1021144778, 2863, 1021109719, 2855, 1021106656, 2850, 1038772467, 2852, 1021159156, 2844, 1021063476, 2861, 1021856200, 2845, 1022021199, 2854, 1022006615, 2846, 1021984027, 2847, 1021142183, 2853, 1021917745, 3370, 1038802355, 2851, 1038338904, 2859, 1038334223, 3354, 1038757723, 3355, 1038343600, 3363, 1038344873, 2860, 1021221406, 3356, 1021058714, 3373, 1021849121, 3357, 1022014595, 3365, 1021910826, 3374, 1022021234, 3358, 1021990846, 3366, 1022013480, 2862, 1022014085, 3367, 1021111177, 3359, 1021146648]
[INFO] (lattice_cell.c: 455): on tick 38 of 50
[INFO] (lattice_cell.c: 172): the unmatched_packets is 56
[3096, 1037873278, 3112, 1037898909, 3368, 1037898873, 2856, 1037898979, 2840, 1037873279, 3360, 1037873196, 2848, 1037873307, 3352, 1037873283, 3097, 1038305157, 3113, 1038306693, 3361, 1038305209, 2849, 1038311149, 2841, 1038308384, 2857, 1038310025, 3353, 1038302557, 3369, 1038303973, 3098, 1038791109, 3114, 1038764888, 3362, 1038791313, 3370, 1038765014, 3354, 1038791143, 2850, 1038791099, 2858, 1038764766, 2842, 1038791067, 3099, 1038332000, 3115, 1038332897, 3363, 1038336966, 3371, 1038335569, 3355, 1038334575, 2851, 1038331121, 3100, 1021144371, 3116, 1021014465, 3356, 1021141903, 3101, 1021937817, 3103, 1021135592, 3117, 1022076745, 3102, 1022010328, 3118, 1022026666, 3367, 1021118499, 3359, 1021138010, 3119, 1021105847, 3364, 1021108320, 3372, 1021011839, 2862, 1022023080, 2846, 1022006747, 2863, 1021102743, 2855, 1021112942, 2847, 1021132592, 3357, 1021934985, 2859, 1038329606, 3373, 1022073991, 3365, 1021964584, 3374, 1022029603, 3366, 1022018331, 3358, 1022013221, 2852, 1021113849, 2860, 1021017714, 3375, 1021108368, 2844, 1021147445, 2853, 1021970995, 2861, 1022080155, 2845, 1021941350, 2843, 1038328786, 2854, 1022011863]
[INFO] (lattice_cell.c: 455): on tick 39 of 50
[INFO] (lattice_cell.c: 172): the unmatched_packets is 56
[3096, 1037871864, 3112, 1037902043, 3368, 1037902035, 3360, 1037888290, 3352, 1037871839, 2848, 1037888341, 2840, 1037871893, 2856, 1037902053, 3097, 1038312568, 3113, 1038313741, 3369, 1038311078, 3361, 1038311272, 3353, 1038310004, 3098, 1038783077, 3114, 1038750811, 3099, 1038339648, 3115, 1038336049, 3100, 1021078644, 3355, 1038342220, 3371, 1038338711, 3102, 1022030654, 3364, 1021031755, 3119, 1021125825, 3372, 1021106749, 3116, 1021108967, 3101, 1021995599, 3117, 1021971605, 3358, 1022033950, 3374, 1022015953, 3118, 1022012486, 3103, 1021105248, 2860, 1021111921, 2853, 1022043694, 2862, 1022008505, 2847, 1021102632, 3370, 1038750868, 3362, 1038765848, 3354, 1038783115, 2841, 1038315775, 2857, 1038317009, 3363, 1038342370, 3356, 1021076705, 2850, 1038765746, 3365, 1022036790, 3357, 1021992339, 2858, 1038750767, 3373, 1021968324, 2849, 1038317137, 2851, 1038336533, 2859, 1038332756, 3366, 1022004123, 2843, 1038336435, 2852, 1021036653, 3367, 1021132353, 2842, 1038783035, 2844, 1021081309, 3359, 1021107151, 3375, 1021127757, 2861, 1021975347, 2845, 1021999376, 2854, 1021996789, 2863, 1021123204, 2846, 1022026841, 2855, 1021127825]
[INFO] (lattice_cell.c: 455): on tick 40 of 50
[INFO] (lattice_cell.c: 172): the unmatched_packets is 56
[3096, 1037896096, 3112, 1037868745, 3368, 1037868661, 3360, 1037885046, 3352, 1037896079, 2848, 1037885098, 2856, 1037868863, 2840, 1037896136, 3097, 1038304540, 3113, 1038307269, 3369, 1038304527, 3353, 1038301909, 2849, 1038310071, 2841, 1038307825, 2857, 1038310622, 3098, 1038767715, 3361, 1038304099, 3114, 1038795500, 3362, 1038778895, 3354, 1038767785, 3099, 1038335237, 3115, 1038332922, 3116, 1021156093, 3100, 1021065744, 3102, 1022022027, 3117, 1021930316, 3373, 1021927522, 2851, 1038333136, 3118, 1021987424, 3367, 1021124000, 3119, 1021141777, 3103, 1021113814, 2861, 1021933736, 3101, 1022019486, 2862, 1021983998, 2846, 1022018649, 2847, 1021110816, 2842, 1038767647, 3370, 1038795640, 2852, 1021114967, 2843, 1038331978, 2860, 1021159187, 2853, 1021973916, 2844, 1021068771, 3355, 1038337853, 3363, 1038339063, 3371, 1038335629, 2854, 1021998263, 2845, 1022022789, 2850, 1038778731, 3356, 1021063341, 3364, 1021109368, 3372, 1021153574, 2858, 1038795345, 3357, 1022016836, 3365, 1021967886, 2859, 1038329585, 3358, 1022024723, 3366, 1022004423, 3374, 1021990194, 3359, 1021116183, 3375, 1021144321, 2855, 1021118512, 2863, 1021138630]
[INFO] (lattice_cell.c: 455): on tick 41 of 50
[INFO] (lattice_cell.c: 172): the unmatched_packets is 56
[3096, 1037884873, 3112, 1037891673, 3368, 1037891651, 3360, 1037878141, 3352, 1037884883, 2848, 1037878147, 2856, 1037891718, 2840, 1037884871, 3097, 1038311998, 3113, 1038314728, 3369, 1038312071, 3361, 1038312355, 2857, 1038317983, 2841, 1038315140, 3098, 1038768740, 3114, 1038762342, 3370, 1038762452, 3362, 1038775990, 3353, 1038309483, 3354, 1038768755, 2849, 1038318121, 2850, 1038775898, 3099, 1038337958, 3115, 1038338158, 3100, 1021107837, 3371, 1038340780, 3355, 1038340492, 3101, 1021967639, 3102, 1022007047, 3356, 1021105733, 3116, 1021067705, 3117, 1022010661, 3366, 1022040564, 3118, 1022048285, 3103, 1021135741, 3119, 1021081708, 2860, 1021070667, 3363, 1038341365, 2847, 1021133048, 2859, 1038334912, 2843, 1038334791, 3372, 1021065460, 2852, 1021117498, 2844, 1021110710, 3364, 1021112586, 3373, 1022007312, 2853, 1021960649, 3357, 1021964331, 2858, 1038762236, 3365, 1021953301, 2845, 1021971461, 2851, 1038335580, 3374, 1022051884, 2854, 1022033025, 3358, 1022010417, 2862, 1022044143, 3375, 1021083619, 3367, 1021097465, 3359, 1021137665, 2863, 1021079086, 2842, 1038768718, 2846, 1022003077, 2855, 1021092933, 2861, 1022014520]
[INFO] (lattice_cell.c: 455): on tick 42 of 50
[INFO] (lattice_cell.c: 172): the unmatched_packets is 56
[3096, 1037870618, 3112, 1037876124, 3368, 1037876071, 3360, 1037878151, 3352, 1037870558, 3097, 1038305491, 3113, 1038306464, 3369, 1038303692, 3098, 1038794195, 3114, 1038788072, 3099, 1038335260, 3116, 1021072179, 3355, 1038337892, 3103, 1021135730, 3119, 1021195533, 3356, 1021105090, 3115, 1038329128, 3373, 1022014934, 3100, 1021107339, 3358, 1022000041, 3101, 1021973849, 3117, 1022017542, 3102, 1021997385, 3118, 1021950519, 2860, 1021075289, 2853, 1022019187, 2846, 1021994081, 2863, 1021192530, 2855, 1021145750, 2847, 1021132764, 2856, 1037876210, 2849, 1038310288, 2857, 1038309863, 2848, 1037878325, 2850, 1038786183, 2858, 1038787962, 2851, 1038330977, 2859, 1038325751, 2843, 1038331977, 2852, 1021068253, 2844, 1021110195, 2861, 1022020735, 2845, 1021977152, 2854, 1021980319, 2862, 1021947125, 2840, 1037870675, 3361, 1038304207, 3353, 1038302823, 3370, 1038788173, 3362, 1038786414, 3354, 1038794275, 3371, 1038331865, 3363, 1038336971, 3372, 1021069695, 3364, 1021063009, 2842, 1038794105, 3365, 1022013325, 3357, 1021971200, 3374, 1021953286, 3366, 1021986293, 3367, 1021151175, 3375, 1021197946, 3359, 1021138088, 2841, 1038308799]
[INFO] (lattice_cell.c: 455): on tick 43 of 50
[INFO] (lattice_cell.c: 172): the unmatched_packets is 56
[3096, 1037887704, 3112, 1037912662, 3368, 1037912636, 3360, 1037904853, 3352, 1037887711, 2840, 1037887698, 2848, 1037904854, 2856, 1037912714, 3097, 1038312000, 3113, 1038314998, 3369, 1038312399, 3361, 1038311496, 3353, 1038309504, 2849, 1038317203, 2857, 1038318204, 2841, 1038315126, 3098, 1038766458, 3114, 1038739890, 3370, 1038740020, 3362, 1038748241, 3354, 1038766494, 2850, 1038748117, 3099, 1038340079, 3115, 1038340334, 3355, 1038342587, 3100, 1021074155, 3116, 1021143000, 3101, 1022002694, 3364, 1021090556, 2842, 1038766414, 3119, 1021002467, 3103, 1021085834, 3365, 1021978323, 3117, 1021935779, 3102, 1022049235, 3118, 1022118153, 3367, 1021064060, 3359, 1021087777, 2859, 1038337117, 2854, 1022049959, 3371, 1038342933, 3363, 1038345922, 2863, 1020999648, 2847, 1021083180, 3372, 1021140603, 3356, 1021071970, 3373, 1021932327, 3357, 1021999335, 2858, 1038739771, 2851, 1038340238, 2852, 1021095923, 3366, 1022057533, 3374, 1022121632, 3358, 1022052686, 2860, 1021146106, 2844, 1021077081, 2861, 1021939732, 2845, 1022006550, 2862, 1022114096, 3375, 1021004561, 2855, 1021059328, 2846, 1022045169, 2843, 1038336960, 2853, 1021985530]
[INFO] (lattice_cell.c: 455): on tick 44 of 50
[INFO] (lattice_cell.c: 172): the unmatched_packets is 56
[3096, 1037876728, 3112, 1037855956, 3368, 1037855884, 3360, 1037851306, 3352, 1037876690, 2848, 1037851406, 2856, 1037856060, 2840, 1037876790, 3097, 1038303066, 3113, 1038307205, 3369, 1038304387, 3353, 1038300387, 3098, 1038787660, 3114, 1038808807, 3099, 1038331222, 3115, 1038330182, 3363, 1038334214, 3118, 1021886209, 3355, 1038333883, 3119, 1021253248, 3103, 1021178439, 3100, 1021079256, 3116, 1021094764, 3357, 1022008800, 3101, 1022011361, 3117, 1021991161, 3358, 1021974484, 3367, 1021229722, 3102, 1021971867, 2861, 1021994396, 2845, 1022014530, 2862, 1021882654, 2863, 1021250393, 2855, 1021224653, 2847, 1021175566, 2850, 1038813739, 2858, 1038808671, 2859, 1038326791, 3361, 1038304388, 2843, 1038327915, 3370, 1038808904, 3362, 1038813859, 3354, 1038787709, 3371, 1038332920, 2860, 1021097667, 2844, 1021082047, 2853, 1021984432, 3364, 1021096854, 2854, 1021909975, 2846, 1021968611, 3372, 1021092456, 3356, 1021077069, 3365, 1021978559, 2857, 1038310646, 3373, 1021988503, 3366, 1021916143, 3374, 1021889156, 2842, 1038787600, 2841, 1038306401, 3375, 1021255542, 3359, 1021180691, 2851, 1038328162, 2852, 1021101902, 2849, 1038310494]
[INFO] (lattice_cell.c: 455): on tick 45 of 50
[INFO] (lattice_cell.c: 172): the unmatched_packets is 56
[3096, 1037906295, 3112, 1037904083, 3368, 1037904037, 3360, 1037905370, 3352, 1037906301, 3097, 1038312158, 3113, 1038314320, 3098, 1038746657, 3114, 1038749516, 3361, 1038313979, 3099, 1038342658, 3362, 1038748257, 3101, 1021953881, 3371, 1038340274, 3118, 1022112946, 3119, 1021020131, 3115, 1038337665, 3373, 1021996994, 3116, 1021080305, 3375, 1021022258, 3117, 1022000342, 3102, 1022092763, 3103, 1021031649, 3100, 1021122763, 2860, 1021083573, 2854, 1022141223, 2846, 1022088805, 2863, 1021017236, 2855, 1020974749, 2849, 1038319627, 2841, 1038315246, 2850, 1038748020, 2842, 1038746588, 2848, 1037905454, 3369, 1038311734, 2843, 1038339565, 3353, 1038309698, 2852, 1021098066, 3370, 1038749669, 2840, 1037906321, 2844, 1021125838, 3354, 1038746738, 2853, 1021975726, 2856, 1037904153, 3355, 1038345128, 2861, 1022004263, 3363, 1038344285, 2845, 1021957807, 2862, 1022109001, 3372, 1021077790, 3364, 1021092612, 3356, 1021120438, 2858, 1038749367, 3365, 1021968382, 3357, 1021950526, 3374, 1022116305, 3366, 1022148505, 3358, 1022096106, 3367, 1020979776, 3359, 1021033756, 2851, 1038338614, 2859, 1038334456, 2847, 1021028782, 2857, 1038317505]
[INFO] (lattice_cell.c: 455): on tick 46 of 50
[INFO] (lattice_cell.c: 172): the unmatched_packets is 56
[3096, 1037846821, 3112, 1037890412, 3368, 1037890338, 3360, 1037871011, 3352, 1037846785, 2848, 1037871106, 2840, 1037846861, 2856, 1037890505, 3097, 1038305626, 3113, 1038305702, 3098, 1038818707, 3114, 1038772947, 3117, 1021975221, 3118, 1021964920, 3363, 1038337490, 3103, 1021251435, 3100, 1021085145, 3116, 1021118832, 3101, 1021994017, 3375, 1021169463, 2844, 1021087833, 3359, 1021253496, 3102, 1021892228, 3119, 1021167211, 3099, 1038332380, 3115, 1038332048, 2863, 1021164391, 2846, 1021888806, 2855, 1021227723, 2849, 1038310648, 2857, 1038309153, 2841, 1038308974, 2850, 1038793112, 2858, 1038772824, 2843, 1038329055, 2852, 1021073286, 2861, 1021978379, 2853, 1022012330, 3369, 1038302870, 2845, 1021997236, 2862, 1021961331, 3361, 1038304486, 2854, 1021894700, 3353, 1038302927, 3370, 1038773056, 3362, 1038793240, 3354, 1038818739, 3371, 1038334766, 3355, 1038335044, 2842, 1038818674, 3364, 1021068399, 3372, 1021116560, 2851, 1038331474, 2859, 1038328662, 3356, 1021083085, 3365, 1022006586, 3373, 1021972624, 3357, 1021991406, 2860, 1021121735, 3366, 1021901188, 3374, 1021967919, 3358, 1021895050, 3367, 1021232526, 2847, 1021248791]
[INFO] (lattice_cell.c: 455): on tick 47 of 50
[INFO] (lattice_cell.c: 172): the unmatched_packets is 56
[3096, 1037903220, 3112, 1037865400, 3368, 1037865369, 3360, 1037888652, 2848, 1037888705, 2856, 1037865447, 2840, 1037903280, 3352, 1037903176, 3097, 1038310266, 3113, 1038313985, 3369, 1038311399, 3353, 1038307785, 3361, 1038310927, 2841, 1038313353, 2857, 1038317147, 3098, 1038750641, 3114, 1038788980, 2849, 1038316544, 3370, 1038789118, 3354, 1038750756, 2850, 1038765020, 2858, 1038788831, 2842, 1038750527, 3099, 1038339541, 3115, 1038336990, 3355, 1038342031, 3363, 1038342484, 3116, 1021104814, 3100, 1021082035, 3117, 1021976265, 3372, 1021102226, 3101, 1022002848, 3356, 1021079697, 3102, 1022142886, 3103, 1020995773, 3357, 1021999601, 3118, 1021993091, 3374, 1021996493, 3119, 1021140374, 3359, 1020997990, 3375, 1021142557, 2843, 1038336446, 2846, 1022139085, 2855, 1021063781, 2847, 1020992804, 3362, 1038765213, 3371, 1038339603, 2844, 1021085127, 2853, 1021989175, 2861, 1021980235, 3364, 1021089418, 2845, 1022006699, 2851, 1038336780, 3373, 1021972830, 3365, 1021981945, 3358, 1022146056, 2854, 1022059324, 3366, 1022066409, 2862, 1021989060, 3367, 1021068912, 2859, 1038333783, 2863, 1021137488, 2852, 1021095099, 2860, 1021108105]
[INFO] (lattice_cell.c: 455): on tick 48 of 50
[INFO] (lattice_cell.c: 172): the unmatched_packets is 56
[3096, 1037882712, 3112, 1037899757, 3368, 1037899666, 3360, 1037890200, 3352, 1037882706, 2848, 1037890340, 2840, 1037882749, 2856, 1037899858, 3097, 1038305750, 3113, 1038308406, 3369, 1038305577, 3361, 1038306912, 3353, 1038303090, 3098, 1038780995, 3114, 1038764033, 3099, 1038334578, 3115, 1038331543, 2841, 1038309089, 3116, 1021092467, 3100, 1021090623, 3371, 1038334304, 3363, 1038337637, 3355, 1038337202, 3357, 1021987181, 3373, 1021989381, 3101, 1021989859, 3117, 1021992077, 3375, 1021066520, 3102, 1021940262, 3118, 1022071379, 3103, 1021195234, 3119, 1021064388, 3370, 1038764152, 3362, 1038773672, 3354, 1038781032, 2846, 1021936715, 2855, 1021109647, 2847, 1021192676, 2849, 1038313021, 2857, 1038311858, 2858, 1038763895, 3372, 1021090331, 3364, 1021112054, 3356, 1021088531, 2859, 1038328135, 3365, 1021955318, 2851, 1038331635, 2843, 1038331278, 3366, 1022017641, 2860, 1021095260, 3358, 1021943235, 2844, 1021093340, 3374, 1022074369, 2853, 1021961274, 2861, 1021995289, 3367, 1021114456, 3359, 1021197230, 2845, 1021993067, 2842, 1038780962, 2854, 1022011179, 2862, 1022067854, 2863, 1021061689, 2852, 1021116880, 2850, 1038773486]
[INFO] (lattice_cell.c: 455): on tick 49 of 50
[INFO] (lattice_cell.c: 172): the unmatched_packets is 56
[3096, 1037875838, 3112, 1037893863, 3368, 1037893782, 3360, 1037862337, 3352, 1037875833, 2840, 1037875873, 2856, 1037893967, 2848, 1037862441, 3097, 1038312782, 3113, 1038312278, 3369, 1038309672, 3361, 1038310820, 3353, 1038310299, 3098, 1038778410, 3114, 1038759176, 3370, 1038759362, 3362, 1038792409, 2841, 1038315876, 3099, 1038338995, 2857, 1038315469, 3115, 1038337904, 3100, 1021087472, 3116, 1021099044, 3371, 1038340473, 3101, 1021985164, 3102, 1022016768, 3103, 1021122173, 3119, 1021145983, 3357, 1021982010, 3117, 1021988780, 3358, 1022019894, 3118, 1021983819, 3359, 1021124432, 2862, 1021979911, 2863, 1021142874, 2855, 1021159167, 2842, 1038778337, 2858, 1038758977, 2851, 1038337334, 2859, 1038334720, 2843, 1038335882, 2860, 1021102461, 2844, 1021090582, 2861, 1021992556, 2854, 1021960586, 2846, 1022013014, 2847, 1021119176, 2849, 1038316515, 3354, 1038778474, 3363, 1038342987, 3355, 1038341494, 3372, 1021096381, 2850, 1038792163, 3364, 1021076830, 3356, 1021085061, 3373, 1021985581, 3365, 1021993919, 3374, 1021987088, 2853, 1022000936, 3366, 1021967793, 2852, 1021082495, 3375, 1021148400, 3367, 1021164433, 2845, 1021988956]
[INFO] (lattice_cell.c: 455): on tick 50 of 50
[INFO] (lattice_cell.c: 466): updating recording regions
[INFO] (recording.c: 507): 	Finalising channel 0 - state info stored in SDRAM
[INFO] (recording.c: 512): closed channel 0.
[INFO] (lattice_cell.c: 470): Simulation complete.

