[INFO] (lattice_cell.c: 604): starting lattice cell
[INFO] (lattice_cell.c: 526): Initialise: started
[INFO] (data_specification.c: 78): magic = ad130ad6, version = 1.0
[INFO] (lattice_cell.c: 555): my key is 8024
[INFO] (lattice_cell.c: 562): I'm in position ( 31, 11)
[INFO] (lattice_cell.c: 568): my n key is 7768
[INFO] (lattice_cell.c: 574): my U_X = 0.009928127750754356
[INFO] (lattice_cell.c: 575): my U_Y = 0.0004903926164843142
[INFO] (lattice_cell.c: 583): input_buffer initialised
[INFO] (recording.c: 563): Recording 1 regions, using output tag 0, size before trigger 7686388, time between triggers 50
[INFO] (recording.c: 665): Recording channel 0 configured to use 7686132 byte memory block starting at 0x65a39f9c
[INFO] (lattice_cell.c: 588): Recording flags = 0x00000001
[INFO] (lattice_cell.c: 619): setting timer to execute every 200000 microseconds
[INFO] (lattice_cell.c: 627): Starting

[INFO] (simulation.c: 159): Setting the runtime of this model to 50 starting at 0
[INFO] (simulation.c: 161): Setting the flag of infinite run for this model to 0
[INFO] (simulation.c: 175): Resuming
[INFO] (lattice_cell.c: 455): on tick 0 of 50
[8032, 1038779070, 8016, 1038758220, 96, 1038779062, 7760, 1038758216, 7776, 1038779066, 7768, 1038776235, 88, 1038776233, 80, 1038758216, 8033, 1038340762, 8017, 1038341152, 7761, 1038339871, 7777, 1038339483, 7769, 1038339535, 8034, 1037885272, 8018, 1037904556, 7762, 1037904552, 8035, 1038296882, 7778, 1037885270, 7770, 1037887881, 8019, 1038297274, 7763, 1038298539, 8036, 1022025139, 8020, 1022004232, 7771, 1038298201, 8037, 1021128715, 8021, 1021148057, 7780, 1022023784, 97, 1038341186, 7765, 1021146848, 81, 1038341578, 89, 1038341240, 7774, 1021091257, 98, 1037885268, 8038, 1021087463, 8022, 1021106686, 7783, 1021979974, 8023, 1021957843, 8039, 1021978631, 82, 1037904550, 99, 1038296448, 7779, 1038298149, 7764, 1022002879, 7772, 1022020945, 7773, 1021130131, 7781, 1021127512, 7766, 1021107879, 7782, 1021088654, 7767, 1021959180, 7775, 1021977151, 95, 1021975350, 83, 1038296838, 90, 1037887879, 100, 1022025590, 93, 1021131736, 87, 1021957383, 91, 1038296500, 92, 1022022752, 84, 1022004682, 101, 1021129115, 85, 1021148457, 102, 1021087054, 86, 1021106276, 94, 1021089658, 103, 1021978171]
[INFO] (lattice_cell.c: 455): on tick 1 of 50
[INFO] (lattice_cell.c: 172): the unmatched_packets is 56
[8032, 1038773354, 8016, 1038726103, 7760, 1038726107, 96, 1038773350, 7768, 1038766381, 7776, 1038773350, 8033, 1038348800, 8017, 1038347100, 7761, 1038345821, 7769, 1038347227, 7777, 1038347515, 80, 1038726097, 88, 1038766383, 8034, 1037881099, 8018, 1037926667, 7762, 1037926659, 8035, 1038305611, 7778, 1037881099, 8019, 1038305835, 7763, 1038307126, 8036, 1022021942, 7771, 1038306942, 7779, 1038306902, 8020, 1022073663, 7764, 1022073205, 7772, 1022029712, 8037, 1021122499, 8021, 1021075475, 89, 1038348972, 8038, 1021083052, 8022, 1021144774, 98, 1037881093, 7773, 1021113048, 8039, 1021972743, 90, 1037887809, 7767, 1021908466, 8023, 1021908022, 7775, 1021963849, 99, 1038305157, 7783, 1021973193, 91, 1038305197, 7770, 1037887809, 84, 1022073242, 7780, 1022021484, 7765, 1021073399, 101, 1021123758, 7781, 1021120412, 7766, 1021146840, 7774, 1021094034, 7782, 1021085130, 85, 1021076752, 93, 1021116397, 102, 1021081785, 97, 1038349264, 87, 1021908448, 95, 1021963826, 100, 1022021501, 83, 1038305385, 92, 1022029732, 94, 1021090693, 86, 1021143505, 81, 1038347556, 82, 1037926663, 103, 1021973175]
[INFO] (lattice_cell.c: 455): on tick 2 of 50
[INFO] (lattice_cell.c: 172): the unmatched_packets is 56
[8032, 1038782607, 8016, 1038804107, 7760, 1038804099, 96, 1038782613, 7768, 1038793756, 7776, 1038782613, 8033, 1038341719, 8017, 1038342591, 7761, 1038341280, 7769, 1038341338, 7777, 1038340430, 88, 1038793758, 8034, 1037882676, 8018, 1037859938, 7762, 1037859942, 7770, 1037871647, 8035, 1038297064, 8019, 1038297993, 80, 1038804111, 7778, 1037882678, 7763, 1038299284, 8036, 1022016958, 8020, 1021864862, 7771, 1038298440, 7779, 1038298351, 8037, 1021135422, 8021, 1021278478, 7780, 1022015624, 81, 1038343047, 8038, 1021086500, 7773, 1021169171, 89, 1038343077, 98, 1037882680, 8023, 1021968723, 7774, 1021082317, 8022, 1021100611, 7775, 1021989095, 90, 1037871647, 7783, 1021983153, 8039, 1021981822, 7764, 1021863593, 7772, 1021976108, 7765, 1021277265, 7781, 1021134198, 7766, 1021101860, 7782, 1021087740, 7767, 1021970078, 94, 1021080612, 84, 1021865280, 82, 1037859944, 99, 1038296632, 92, 1021977895, 93, 1021170854, 102, 1021086042, 97, 1038342161, 83, 1038297561, 91, 1038296717, 100, 1022017438, 101, 1021135898, 86, 1021100151, 103, 1021981351, 87, 1021968265, 85, 1021278909, 95, 1021987290]
[INFO] (lattice_cell.c: 455): on tick 3 of 50
[INFO] (lattice_cell.c: 172): the unmatched_packets is 56
[8032, 1038760296, 8016, 1038716434, 7760, 1038716462, 96, 1038760302, 7768, 1038727017, 7776, 1038760296, 8033, 1038347329, 8017, 1038347570, 88, 1038727003, 7761, 1038346312, 80, 1038716412, 97, 1038347805, 7769, 1038345281, 7777, 1038346026, 8034, 1037893714, 8018, 1037936124, 89, 1038347016, 7762, 1037936116, 81, 1038348002, 7770, 1037925610, 7778, 1037893712, 8035, 1038306175, 8019, 1038307677, 7763, 1038308956, 8036, 1022056972, 8020, 1022190423, 7771, 1038308247, 7779, 1038307480, 7764, 1022189765, 8037, 1021093290, 8021, 1020952207, 8038, 1021092610, 7765, 1020950104, 7773, 1021003449, 8022, 1021121237, 7781, 1021091223, 98, 1037893718, 8039, 1021962068, 8023, 1021934795, 7774, 1021117542, 82, 1037936110, 7767, 1021935306, 7783, 1021962580, 7772, 1022145724, 7780, 1022056452, 7766, 1021123244, 7782, 1021094653, 7775, 1021939890, 100, 1022056596, 90, 1037925606, 99, 1038305695, 83, 1038307211, 91, 1038306466, 101, 1021094524, 93, 1021006792, 94, 1021114296, 103, 1021962464, 95, 1021939780, 84, 1022190127, 92, 1022145966, 85, 1020953485, 102, 1021091404, 86, 1021120056, 87, 1021935208]
[INFO] (lattice_cell.c: 455): on tick 4 of 50
[INFO] (lattice_cell.c: 172): the unmatched_packets is 56
[8032, 1038815747, 8016, 1038755438, 7760, 1038755422, 7768, 1038817372, 7776, 1038815743, 8033, 1038342993, 8017, 1038340425, 7761, 1038339070, 7769, 1038339397, 7777, 1038341664, 8034, 1037850497, 8018, 1037906203, 7762, 1037906197, 8035, 1038296684, 8019, 1038299162, 96, 1038815749, 7770, 1037847896, 7778, 1037850507, 80, 1038755458, 8036, 1021920919, 8020, 1021917932, 8037, 1021224938, 8021, 1021227838, 88, 1038817400, 8038, 1021065828, 8022, 1021134760, 8039, 1022004561, 97, 1038343469, 81, 1038340923, 7766, 1021136097, 7782, 1021067147, 89, 1038341253, 7767, 1021937927, 82, 1037906213, 8023, 1021936644, 7783, 1022005861, 99, 1038296242, 7763, 1038300477, 7771, 1038298507, 7779, 1038297989, 7764, 1021916847, 7772, 1021843148, 7780, 1021919692, 7765, 1021226615, 7773, 1021305242, 7781, 1021223665, 7774, 1021087756, 94, 1021085845, 7775, 1021985022, 93, 1021306955, 98, 1037850503, 103, 1022004125, 87, 1021936189, 83, 1038298712, 100, 1021921307, 84, 1021918212, 101, 1021225437, 85, 1021228270, 102, 1021065256, 86, 1021134180, 91, 1038296752, 95, 1021983292, 90, 1037847902, 92, 1021844607]
[INFO] (lattice_cell.c: 455): on tick 5 of 50
[INFO] (lattice_cell.c: 172): the unmatched_packets is 56
[8032, 1038728536, 8016, 1038755528, 7760, 1038755570, 7768, 1038760326, 7776, 1038728558, 96, 1038728540, 8033, 1038348417, 8017, 1038346744, 7761, 1038345505, 80, 1038755490, 7769, 1038345511, 7777, 1038347157, 88, 1038760272, 8034, 1037924526, 97, 1038348865, 8018, 1037897738, 7762, 1037897753, 8035, 1038307174, 8019, 1038307914, 7778, 1037924530, 7770, 1037894009, 7763, 1038309187, 8036, 1022190269, 8020, 1022012362, 7771, 1038308795, 7779, 1038308489, 89, 1038347178, 7764, 1022011559, 81, 1038347173, 8037, 1020955347, 8021, 1021128108, 98, 1037924528, 7765, 1021126035, 7774, 1021083990, 90, 1037893983, 8038, 1021099252, 8022, 1021124673, 8039, 1021955671, 99, 1038306674, 8023, 1021930276, 7783, 1021956289, 83, 1038307448, 7772, 1022148153, 7780, 1022189520, 84, 1022012215, 7781, 1020953259, 7773, 1020997569, 7766, 1021126589, 101, 1020956592, 7782, 1021101217, 102, 1021098133, 7767, 1021930855, 7775, 1021975213, 95, 1021974948, 100, 1022190096, 92, 1022148835, 103, 1021955989, 86, 1021123593, 87, 1021930601, 85, 1021129379, 91, 1038307008, 82, 1037897718, 93, 1021000921, 94, 1021080948]
[INFO] (lattice_cell.c: 455): on tick 6 of 50
[INFO] (lattice_cell.c: 172): the unmatched_packets is 56
[8032, 1038799701, 8016, 1038759797, 7760, 1038759779, 7768, 1038766180, 7776, 1038799691, 96, 1038799719, 8033, 1038342303, 8017, 1038339560, 7761, 1038338189, 7769, 1038338986, 7777, 1038340891, 80, 1038759823, 88, 1038766221, 8034, 1037865068, 8018, 1037903114, 7762, 1037903086, 8035, 1038296943, 8019, 1038299690, 7778, 1037865074, 97, 1038342839, 7763, 1038301015, 8036, 1021869975, 8020, 1022022507, 7771, 1038299690, 7779, 1038298270, 8037, 1021275524, 8021, 1021123742, 7780, 1021868991, 89, 1038340906, 81, 1038340064, 8022, 1021127928, 7765, 1021122471, 98, 1037865076, 7781, 1021274225, 8039, 1021976857, 8023, 1021946033, 7766, 1021129357, 82, 1037903136, 99, 1038296478, 7767, 1021947252, 8038, 1021093553, 7775, 1021975049, 7783, 1021978046, 91, 1038297893, 100, 1021870159, 7770, 1037897304, 7764, 1022021546, 7772, 1022001580, 101, 1021276055, 7773, 1021145820, 103, 1021976468, 87, 1021945669, 7774, 1021100595, 7782, 1021095009, 95, 1021973459, 84, 1022022670, 92, 1022002733, 83, 1038299236, 85, 1021124243, 94, 1021098432, 93, 1021147647, 102, 1021092852, 90, 1037897330, 86, 1021127229]
[INFO] (lattice_cell.c: 455): on tick 7 of 50
[INFO] (lattice_cell.c: 172): the unmatched_packets is 56
[8032, 1038781647, 8016, 1038748654, 7760, 1038748703, 7768, 1038768618, 7776, 1038781665, 96, 1038781629, 8033, 1038347679, 8017, 1038345991, 7761, 1038344758, 7769, 1038345683, 7777, 1038346428, 80, 1038748606, 8034, 1037873350, 8018, 1037904489, 7762, 1037904519, 88, 1038768551, 8035, 1038306963, 8019, 1038308787, 7770, 1037884838, 7778, 1037873358, 7763, 1038310060, 97, 1038348118, 8036, 1022068996, 8020, 1022021881, 8037, 1021077523, 8021, 1021118161, 7772, 1021999974, 89, 1038347368, 8022, 1021117104, 7780, 1022068002, 7765, 1021116119, 81, 1038346421, 98, 1037873334, 7773, 1021141123, 8023, 1021939119, 90, 1037884776, 8038, 1021075496, 99, 1038306453, 8039, 1021979510, 91, 1038307268, 7771, 1038309058, 7779, 1038308272, 7764, 1022020928, 100, 1022068999, 7781, 1021075492, 7766, 1021118907, 7774, 1021097030, 7782, 1021077350, 7767, 1021939820, 7775, 1021960941, 85, 1021119346, 7783, 1021980251, 84, 1022021879, 95, 1021960440, 93, 1021144361, 87, 1021939352, 102, 1021074505, 94, 1021094206, 82, 1037904451, 92, 1022000936, 101, 1021078729, 83, 1038308319, 86, 1021116154, 103, 1021979723]
[INFO] (lattice_cell.c: 455): on tick 8 of 50
[INFO] (lattice_cell.c: 172): the unmatched_packets is 56
[8032, 1038774503, 8016, 1038751185, 7760, 1038751167, 7768, 1038780725, 7776, 1038774485, 8033, 1038341037, 8017, 1038339747, 7761, 1038338369, 7769, 1038338549, 96, 1038774516, 7777, 1038339624, 8034, 1037890179, 8018, 1037910886, 7762, 1037910846, 7770, 1037883689, 7778, 1037890157, 8035, 1038297795, 8019, 1038299901, 80, 1038751210, 7763, 1038301234, 8036, 1022044554, 8020, 1022010496, 7771, 1038299771, 7779, 1038299136, 97, 1038341580, 8037, 1021105099, 8021, 1021133750, 7772, 1022014651, 8038, 1021086065, 8022, 1021129681, 7765, 1021132405, 7773, 1021132428, 7781, 1021103708, 7766, 1021131242, 81, 1038340253, 8039, 1021987226, 98, 1037890181, 8023, 1021945383, 7783, 1021988336, 82, 1037910920, 7764, 1022009671, 7780, 1022043689, 7774, 1021102064, 7782, 1021087652, 7767, 1021946485, 101, 1021105752, 7775, 1021974328, 92, 1022015562, 103, 1021986950, 88, 1038780773, 89, 1038340490, 90, 1037883731, 99, 1038297315, 91, 1038297966, 93, 1021134428, 102, 1021085215, 87, 1021945116, 100, 1022044626, 85, 1021134345, 94, 1021099629, 86, 1021128834, 95, 1021972975, 83, 1038299448, 84, 1022010516]
[INFO] (lattice_cell.c: 455): on tick 9 of 50
[INFO] (lattice_cell.c: 172): the unmatched_packets is 56
[8032, 1038766865, 8016, 1038749402, 7760, 1038749464, 7768, 1038773017, 7776, 1038766876, 96, 1038766839, 8033, 1038347766, 8017, 1038345624, 7761, 1038344393, 7769, 1038344626, 7777, 1038346493, 80, 1038749356, 88, 1038772941, 97, 1038348222, 8034, 1037886712, 8018, 1037903759, 7762, 1037903795, 7770, 1037881195, 7778, 1037886734, 8035, 1038307445, 8019, 1038309006, 8036, 1022015143, 8020, 1022002593, 7763, 1038310285, 7771, 1038309698, 7779, 1038308770, 7764, 1022001507, 8037, 1021128455, 8021, 1021136563, 7772, 1022029422, 81, 1038346050, 8038, 1021084544, 89, 1038346318, 8039, 1021970606, 7773, 1021112720, 8023, 1021932496, 7781, 1021126513, 7766, 1021125088, 7774, 1021088455, 8022, 1021123417, 90, 1037881117, 82, 1037903724, 7783, 1021971487, 99, 1038306913, 7780, 1022014027, 7765, 1021134629, 7782, 1021086279, 7767, 1021933343, 7775, 1021970926, 85, 1021137628, 100, 1022015298, 98, 1037886686, 84, 1022002744, 92, 1022030673, 101, 1021129551, 91, 1038307887, 83, 1038308538, 102, 1021083666, 103, 1021970669, 93, 1021115761, 94, 1021085897, 87, 1021932601, 95, 1021970167, 86, 1021122603]
[INFO] (lattice_cell.c: 455): on tick 10 of 50
[INFO] (lattice_cell.c: 172): the unmatched_packets is 56
[8032, 1038780226, 8016, 1038756990, 7760, 1038756979, 7768, 1038772518, 7776, 1038780214, 96, 1038780241, 8033, 1038341403, 8017, 1038339188, 7761, 1038337797, 7769, 1038338276, 7777, 1038339968, 80, 1038757010, 8034, 1037884250, 8018, 1037905667, 7762, 1037905626, 7770, 1037891307, 7778, 1037884236, 8035, 1038297970, 8019, 1038300253, 7763, 1038301576, 8036, 1022005976, 8020, 1022009675, 97, 1038341963, 7771, 1038300308, 7779, 1038299323, 8037, 1021140956, 8021, 1021133743, 89, 1038340230, 7772, 1022029477, 81, 1038339703, 8038, 1021096210, 8022, 1021132871, 8039, 1021975818, 8023, 1021942850, 7774, 1021097808, 90, 1037891348, 7775, 1021979979, 99, 1038297492, 7783, 1021976771, 91, 1038298495, 7764, 1022008964, 7780, 1022005217, 7765, 1021132284, 7773, 1021117220, 7766, 1021134551, 7781, 1021139445, 7767, 1021943811, 7782, 1021097944, 87, 1021942707, 85, 1021134483, 86, 1021131903, 95, 1021978872, 100, 1022005940, 83, 1038299797, 84, 1022009558, 101, 1021141732, 93, 1021119493, 103, 1021975668, 102, 1021095212, 94, 1021095084, 88, 1038772549, 98, 1037884266, 82, 1037905698, 92, 1022030146]
[INFO] (lattice_cell.c: 455): on tick 11 of 50
[INFO] (lattice_cell.c: 172): the unmatched_packets is 56
[8032, 1038777594, 8016, 1038752163, 7760, 1038752204, 7768, 1038766307, 7776, 1038777609, 8033, 1038347273, 8017, 1038345238, 7761, 1038344006, 7769, 1038344648, 7777, 1038345996, 96, 1038777578, 8034, 1037876886, 8018, 1037901287, 7762, 1037901326, 7770, 1037887244, 7778, 1037876920, 8035, 1038306738, 8019, 1038309306, 7763, 1038310590, 8036, 1022016157, 8020, 1022013487, 80, 1038752120, 7771, 1038309669, 7779, 1038308073, 8037, 1021126997, 8021, 1021125682, 7772, 1022014749, 88, 1038766264, 8038, 1021080690, 8022, 1021120884, 7781, 1021125184, 97, 1038347742, 8039, 1021978678, 7766, 1021122402, 7774, 1021092313, 81, 1038345666, 8023, 1021936049, 7775, 1021968068, 7783, 1021979722, 82, 1037901249, 90, 1037887173, 7764, 1022012302, 7780, 1022014928, 7765, 1021123861, 7773, 1021126067, 7782, 1021082305, 7767, 1021937045, 83, 1038308829, 84, 1022013761, 101, 1021127965, 85, 1021126606, 100, 1022016440, 99, 1038306205, 91, 1038307840, 92, 1022016268, 93, 1021128855, 89, 1038346364, 102, 1021079918, 98, 1037876867, 94, 1021089999, 86, 1021120200, 103, 1021978593, 95, 1021967023, 87, 1021936014]
[INFO] (lattice_cell.c: 455): on tick 12 of 50
[INFO] (lattice_cell.c: 172): the unmatched_packets is 56
[8032, 1038786628, 8016, 1038754250, 7760, 1038754259, 7768, 1038776141, 7776, 1038786628, 96, 1038786641, 8033, 1038340631, 8017, 1038338992, 7761, 1038337609, 7769, 1038337957, 7777, 1038339196, 88, 1038776155, 80, 1038754261, 8034, 1037878290, 8018, 1037908218, 7762, 1037908180, 7770, 1037887940, 7778, 1037878283, 97, 1038341204, 8035, 1038299036, 8019, 1038300752, 7763, 1038302071, 7771, 1038301466, 8036, 1022036830, 8020, 1022016665, 7779, 1038300407, 8037, 1021111209, 8021, 1021126709, 8038, 1021101491, 8022, 1021129255, 81, 1038339509, 7765, 1021125109, 98, 1037878296, 8039, 1021969773, 8023, 1021946123, 7782, 1021103326, 7767, 1021946957, 7775, 1021969127, 7783, 1021970595, 99, 1038298532, 7764, 1022016050, 7772, 1022015135, 7780, 1022036135, 7773, 1021130195, 91, 1038299638, 7781, 1021109552, 100, 1022036669, 7766, 1021131080, 7774, 1021104893, 93, 1021132743, 102, 1021100388, 89, 1038339920, 83, 1038300302, 84, 1022016437, 92, 1022015603, 101, 1021112141, 94, 1021101929, 103, 1021969774, 95, 1021968316, 85, 1021127565, 82, 1037908238, 90, 1037887958, 86, 1021128159, 87, 1021946132]
[INFO] (lattice_cell.c: 455): on tick 13 of 50
[INFO] (lattice_cell.c: 172): the unmatched_packets is 56
[8032, 1038754109, 8016, 1038747724, 7760, 1038747764, 7768, 1038768095, 7776, 1038754125, 96, 1038754097, 8033, 1038347339, 8017, 1038345250, 7761, 1038344005, 7769, 1038344344, 7777, 1038346041, 88, 1038768059, 80, 1038747687, 8034, 1037899184, 8018, 1037905494, 7762, 1037905518, 7770, 1037885820, 7778, 1037899208, 97, 1038347826, 8035, 1038309149, 8019, 1038308453, 7763, 1038309740, 8036, 1022012989, 8020, 1022007466, 7771, 1038309396, 7779, 1038310465, 81, 1038345679, 7764, 1022006185, 89, 1038346074, 8037, 1021129765, 8021, 1021130615, 8038, 1021032555, 8022, 1021121076, 7780, 1022011669, 98, 1037899178, 8039, 1022019279, 8023, 1021940051, 90, 1037885758, 99, 1038308637, 91, 1038307573, 83, 1038307970, 7783, 1022020520, 7772, 1022012352, 7765, 1021128945, 7773, 1021127646, 100, 1022013405, 7781, 1021128049, 7766, 1021122493, 7774, 1021082871, 7782, 1021034173, 84, 1022007841, 7767, 1021941190, 101, 1021130596, 7775, 1021980475, 102, 1021031832, 103, 1022018980, 87, 1021939863, 85, 1021131414, 93, 1021130188, 86, 1021120504, 95, 1021979098, 94, 1021080714, 92, 1022014049, 82, 1037905466]
[INFO] (lattice_cell.c: 455): on tick 14 of 50
[INFO] (lattice_cell.c: 172): the unmatched_packets is 56
[8032, 1038808465, 8016, 1038757690, 7760, 1038757718, 7768, 1038789930, 7776, 1038808464, 8033, 1038340157, 8017, 1038338583, 7761, 1038337198, 7769, 1038337340, 7777, 1038338722, 8034, 1037856823, 8018, 1037904994, 7762, 1037904972, 96, 1038808477, 7770, 1037874693, 7778, 1037856831, 8035, 1038299313, 8019, 1038301526, 7763, 1038302847, 8036, 1022037185, 8020, 1022012006, 7771, 1038299671, 7764, 1022011459, 8037, 1021110289, 8021, 1021131040, 8038, 1021191819, 8022, 1021139978, 8039, 1021878347, 8023, 1021933237, 7765, 1021129325, 7774, 1021138885, 81, 1038339102, 89, 1038339304, 7783, 1021878996, 82, 1037905007, 7779, 1038300721, 99, 1038298757, 7772, 1022036251, 7780, 1022036566, 7773, 1021109989, 7781, 1021108508, 100, 1022036954, 7766, 1021141865, 7782, 1021193631, 7775, 1021944393, 7767, 1021933914, 102, 1021190717, 90, 1037874688, 91, 1038297797, 101, 1021111373, 95, 1021943929, 97, 1038340722, 80, 1038757688, 93, 1021112814, 94, 1021135834, 103, 1021878551, 83, 1038301072, 84, 1022011697, 92, 1022036580, 85, 1021132049, 86, 1021138824, 87, 1021933405, 88, 1038789920, 98, 1037856823]
[INFO] (lattice_cell.c: 455): on tick 15 of 50
[INFO] (lattice_cell.c: 172): the unmatched_packets is 56
[8032, 1038735348, 8016, 1038740461, 7760, 1038740485, 7768, 1038740278, 7776, 1038735358, 8033, 1038347640, 8017, 1038345227, 7761, 1038343967, 7769, 1038344600, 7777, 1038346305, 96, 1038735339, 88, 1038740254, 80, 1038740437, 8034, 1037917798, 8018, 1037912659, 7762, 1037912668, 7770, 1037912570, 7778, 1037917814, 97, 1038348153, 8035, 1038306730, 8019, 1038310815, 7763, 1038312091, 7771, 1038309514, 7779, 1038308027, 8036, 1021994599, 8020, 1021998775, 8037, 1021146502, 7764, 1021997443, 8021, 1021138302, 7772, 1022002551, 7765, 1021136749, 8038, 1020937068, 8022, 1021091526, 89, 1038346378, 81, 1038345658, 8023, 1021961330, 7781, 1021144908, 7774, 1021006463, 7782, 1020938680, 8039, 1022126035, 98, 1037917781, 7783, 1022127414, 7780, 1021993212, 90, 1037912535, 7773, 1021136568, 82, 1037912643, 7766, 1021092901, 7767, 1021962623, 7775, 1022058312, 99, 1038306250, 83, 1038310351, 102, 1020936338, 103, 1022125521, 91, 1038307722, 101, 1021147232, 92, 1022004390, 95, 1022056600, 85, 1021138962, 93, 1021138867, 86, 1021090978, 94, 1021004283, 87, 1021960976, 84, 1021999216, 100, 1021995101]
[INFO] (lattice_cell.c: 455): on tick 16 of 50
[INFO] (lattice_cell.c: 172): the unmatched_packets is 56
[8032, 1038806897, 8016, 1038780228, 7760, 1038780256, 7768, 1038812011, 7776, 1038806901, 96, 1038806889, 8033, 1038339652, 8017, 1038338133, 7761, 1038336768, 7769, 1038336733, 7777, 1038338233, 8034, 1037858087, 8018, 1037883242, 7762, 1037883228, 7770, 1037853021, 7778, 1037858090, 80, 1038780210, 8035, 1038300597, 8019, 1038301723, 8036, 1022026039, 8020, 1022030438, 7763, 1038303047, 88, 1038812007, 7771, 1038302459, 7779, 1038302027, 7764, 1022029924, 8037, 1021120925, 8021, 1021112809, 97, 1038340215, 8038, 1021233441, 8022, 1021202127, 7780, 1022025433, 8023, 1021871198, 8039, 1021832552, 7766, 1021203991, 81, 1038338639, 98, 1037858085, 7783, 1021833099, 82, 1037883232, 90, 1037853001, 99, 1038300017, 7772, 1022038802, 7765, 1021110967, 7781, 1021118993, 7773, 1021106896, 100, 1022025760, 84, 1022030080, 7774, 1021239764, 7782, 1021235350, 7767, 1021871781, 101, 1021122125, 7775, 1021832392, 86, 1021200946, 103, 1021832879, 92, 1022039044, 89, 1038338659, 85, 1021113924, 93, 1021109956, 102, 1021232267, 87, 1021871507, 95, 1021832185, 83, 1038301253, 91, 1038300532, 94, 1021236723]
[INFO] (lattice_cell.c: 455): on tick 17 of 50
[INFO] (lattice_cell.c: 172): the unmatched_packets is 56
[8032, 1038776930, 8016, 1038713168, 7760, 1038713208, 7768, 1038739361, 7776, 1038776916, 96, 1038776926, 8033, 1038347039, 8017, 1038344771, 7761, 1038343481, 7769, 1038344498, 7777, 1038345682, 80, 1038713148, 88, 1038739349, 97, 1038347564, 8034, 1037877812, 8018, 1037939245, 7762, 1037939235, 7770, 1037914006, 7778, 1037877836, 81, 1038345228, 8035, 1038307725, 8019, 1038308356, 7763, 1038309621, 7771, 1038308446, 7779, 1038309060, 8036, 1022031420, 8020, 1021991888, 7764, 1021990533, 89, 1038346319, 7772, 1022004862, 8037, 1021109912, 7780, 1022030025, 8021, 1021147772, 8038, 1021017674, 8022, 1020995766, 7765, 1021146349, 7773, 1021134167, 8039, 1022043381, 98, 1037877790, 8023, 1022068519, 7782, 1021019121, 7767, 1022069862, 7775, 1022125757, 82, 1037939229, 90, 1037913950, 7783, 1022044817, 7781, 1021108423, 7766, 1020997151, 99, 1038307209, 7774, 1020945096, 83, 1038307910, 85, 1021148349, 92, 1022006780, 86, 1020995232, 91, 1038306678, 100, 1022031969, 103, 1022042819, 87, 1022068046, 95, 1022123820, 84, 1021992362, 93, 1021136258, 102, 1021017044, 94, 1020942990, 101, 1021110517]
[INFO] (lattice_cell.c: 455): on tick 18 of 50
[INFO] (lattice_cell.c: 172): the unmatched_packets is 56
[8032, 1038763296, 8016, 1038787067, 7760, 1038787102, 7768, 1038781127, 7776, 1038763314, 96, 1038763280, 8033, 1038340069, 8017, 1038338096, 7761, 1038336780, 7769, 1038337532, 7777, 1038338660, 80, 1038787039, 88, 1038781091, 97, 1038340633, 8034, 1037900559, 8018, 1037876205, 7762, 1037876195, 7770, 1037882708, 7778, 1037900557, 8035, 1038299649, 8019, 1038303267, 81, 1038338574, 7763, 1038304607, 8036, 1022021673, 8020, 1022025904, 7771, 1038302265, 89, 1038339442, 8037, 1021126124, 7764, 1022025378, 8021, 1021115208, 8038, 1021066488, 98, 1037900531, 7765, 1021113249, 8039, 1022005493, 7773, 1021128333, 8023, 1021783854, 7781, 1021124096, 7766, 1021285061, 82, 1037876195, 8022, 1021283159, 7782, 1021068573, 7775, 1021883289, 90, 1037882690, 7783, 1022006070, 7779, 1038301024, 7772, 1022013565, 100, 1022021400, 7780, 1022021041, 101, 1021127425, 7774, 1021190609, 7767, 1021784395, 103, 1022005783, 86, 1021281986, 99, 1038299114, 85, 1021116433, 95, 1021883158, 93, 1021131629, 102, 1021065149, 94, 1021187325, 87, 1021784260, 83, 1038302777, 91, 1038300364, 84, 1022025518, 92, 1022013837]
[INFO] (lattice_cell.c: 455): on tick 19 of 50
[INFO] (lattice_cell.c: 172): the unmatched_packets is 56
[8032, 1038773146, 8016, 1038741985, 7760, 1038742021, 7768, 1038785348, 7776, 1038773152, 8033, 1038346164, 8017, 1038346881, 7761, 1038345579, 7769, 1038343373, 7777, 1038344778, 96, 1038773150, 80, 1038741960, 88, 1038785342, 8034, 1037880512, 8018, 1037911800, 7762, 1037911820, 7770, 1037869270, 7778, 1037880518, 8035, 1038308340, 8019, 1038308478, 7763, 1038309761, 8036, 1022008873, 97, 1038346720, 8020, 1021994832, 7771, 1038309735, 8037, 1021133054, 8021, 1021135151, 81, 1038347353, 8038, 1021118979, 8022, 1021011000, 7765, 1021133839, 89, 1038345243, 7773, 1021115989, 98, 1037880500, 7774, 1021097404, 8039, 1021938943, 90, 1037869227, 8023, 1022053670, 7775, 1021968832, 99, 1038307766, 7783, 1021940300, 7779, 1038309748, 7764, 1021993497, 7772, 1022023872, 100, 1022009401, 7780, 1022007474, 84, 1021995294, 7781, 1021131670, 7766, 1021012283, 101, 1021133624, 7782, 1021120367, 7767, 1022055063, 87, 1022053168, 83, 1038308040, 91, 1038307861, 102, 1021118462, 103, 1021938436, 95, 1021966997, 92, 1022025734, 93, 1021117876, 94, 1021095618, 82, 1037911795, 86, 1021010538, 85, 1021135619]
[INFO] (lattice_cell.c: 455): on tick 20 of 50
[INFO] (lattice_cell.c: 172): the unmatched_packets is 56
[8032, 1038788716, 8016, 1038732700, 7760, 1038732751, 7768, 1038764678, 7776, 1038788720, 8033, 1038339761, 96, 1038788690, 8017, 1038338213, 7761, 1038336897, 7769, 1038335225, 7777, 1038338379, 80, 1038732686, 88, 1038764648, 8034, 1037876285, 8018, 1037929002, 7762, 1037928999, 7770, 1037899383, 7778, 1037876305, 8035, 1038300439, 8019, 1038302654, 97, 1038340301, 7763, 1038303937, 7771, 1038301582, 7779, 1038301783, 8036, 1022023554, 8020, 1022035190, 8037, 1021122103, 8021, 1021107101, 7764, 1022034659, 7772, 1022039978, 8038, 1021103071, 8022, 1021156140, 81, 1038338699, 7773, 1021112812, 8039, 1021967191, 98, 1037876267, 8023, 1021914969, 7775, 1022017331, 7783, 1021967871, 82, 1037928990, 99, 1038299921, 7780, 1022022885, 7765, 1021105052, 7781, 1021119990, 7766, 1021158193, 7774, 1021061613, 7782, 1021105209, 7767, 1021915544, 84, 1022034805, 91, 1038299796, 101, 1021123466, 102, 1021101684, 86, 1021154866, 103, 1021967423, 95, 1022016969, 94, 1021058105, 87, 1021915304, 93, 1021116224, 89, 1038337103, 90, 1037899334, 83, 1038302199, 92, 1022040295, 100, 1022023293, 85, 1021108359]
[INFO] (lattice_cell.c: 455): on tick 21 of 50
[INFO] (lattice_cell.c: 172): the unmatched_packets is 56
[8032, 1038777786, 8016, 1038785862, 7760, 1038785926, 7768, 1038769776, 7776, 1038777784, 8033, 1038348646, 7761, 1038342657, 7769, 1038343802, 7777, 1038347224, 8017, 1038343961, 8034, 1037876769, 7762, 1037868628, 7770, 1037883846, 7778, 1037876789, 8018, 1037868636, 8035, 1038307581, 8019, 1038309403, 96, 1038777788, 7763, 1038310733, 7771, 1038309489, 8036, 1022012545, 7779, 1038309017, 8020, 1021936157, 8037, 1021120431, 8021, 1021201757, 8038, 1021058862, 80, 1038785821, 8023, 1021909915, 7775, 1021974862, 8022, 1021149994, 8039, 1022003062, 7783, 1022004375, 98, 1037876763, 82, 1037868628, 7764, 1021934802, 7772, 1021982581, 7780, 1022011196, 7765, 1021200516, 99, 1038306999, 7773, 1021155332, 7781, 1021119086, 7766, 1021151137, 7774, 1021092021, 100, 1022013076, 7782, 1021060179, 84, 1021936608, 7767, 1021911170, 93, 1021157208, 87, 1021909515, 86, 1021149637, 103, 1022002585, 88, 1038769742, 97, 1038349222, 81, 1038344419, 89, 1038345700, 101, 1021120964, 85, 1021202242, 94, 1021090263, 90, 1037883814, 83, 1038308913, 91, 1038307545, 92, 1021984455, 102, 1021058337, 95, 1021973220]
[INFO] (lattice_cell.c: 455): on tick 22 of 50
[INFO] (lattice_cell.c: 172): the unmatched_packets is 56
[8032, 1038764208, 8016, 1038724817, 7760, 1038724821, 7768, 1038759166, 7776, 1038764220, 8033, 1038339594, 8017, 1038339268, 96, 1038764192, 7761, 1038337967, 7769, 1038337165, 7777, 1038338196, 80, 1038724801, 88, 1038759156, 8034, 1037899561, 8018, 1037937465, 97, 1038340160, 7762, 1037937471, 7770, 1037904326, 7778, 1037899581, 8035, 1038300852, 8019, 1038302947, 7763, 1038304197, 81, 1038339728, 7771, 1038302940, 7779, 1038302177, 8036, 1022044731, 8020, 1022142389, 8037, 1021102266, 8021, 1020996134, 7764, 1022141858, 89, 1038339071, 8038, 1021087126, 7772, 1022076739, 8039, 1021982993, 8023, 1021945209, 82, 1037937470, 7774, 1021141888, 90, 1037904271, 8022, 1021127221, 7782, 1021089340, 7767, 1021945953, 7783, 1021983737, 7780, 1022044021, 7765, 1020994072, 7773, 1021065048, 7781, 1021100127, 7766, 1021129284, 84, 1022142020, 101, 1021103611, 7775, 1021933205, 102, 1021085721, 99, 1038300344, 98, 1037899540, 83, 1038302519, 91, 1038301159, 100, 1022044509, 85, 1020997352, 103, 1021983159, 87, 1021945413, 95, 1021932722, 93, 1021068440, 86, 1021125889, 94, 1021138366, 92, 1022076997]
[INFO] (lattice_cell.c: 455): on tick 23 of 50
[INFO] (lattice_cell.c: 172): the unmatched_packets is 56
[8032, 1038789818, 8016, 1038773999, 7760, 1038774073, 7768, 1038810648, 7776, 1038789838, 8033, 1038345813, 8017, 1038344652, 96, 1038789802, 7761, 1038343301, 7769, 1038342198, 7777, 1038344399, 80, 1038773945, 88, 1038810583, 8034, 1037864609, 8018, 1037879914, 97, 1038346361, 7762, 1037879939, 7770, 1037844918, 7778, 1037864618, 8035, 1038307773, 8019, 1038308407, 7763, 1038309733, 7771, 1038308910, 7779, 1038309240, 8036, 1021962828, 8020, 1021859697, 7764, 1021858417, 8037, 1021178697, 8021, 1021276050, 8038, 1021088422, 8022, 1021089396, 81, 1038345146, 8039, 1021973261, 8023, 1021973964, 7781, 1021177295, 89, 1038344091, 7782, 1021089735, 98, 1037864599, 7783, 1021974471, 82, 1037879882, 7772, 1021910746, 90, 1037844857, 7780, 1021961443, 7765, 1021274798, 7773, 1021231919, 7774, 1021074150, 7767, 1021975111, 7775, 1021994439, 86, 1021089019, 103, 1021972891, 7766, 1021090560, 85, 1021276539, 99, 1038307161, 83, 1038307924, 91, 1038306961, 95, 1021992957, 100, 1021963355, 84, 1021860110, 92, 1021912595, 101, 1021179318, 93, 1021233844, 102, 1021087924, 94, 1021072465, 87, 1021973678]
[INFO] (lattice_cell.c: 455): on tick 24 of 50
[INFO] (lattice_cell.c: 172): the unmatched_packets is 56
[8032, 1038753580, 8016, 1038737517, 7760, 1038737540, 7768, 1038737357, 7776, 1038753568, 8033, 1038340717, 8017, 1038337479, 96, 1038753578, 7761, 1038336217, 7769, 1038336862, 7777, 1038339320, 8034, 1037910206, 8018, 1037924887, 80, 1038737511, 88, 1038737384, 7762, 1037924849, 97, 1038341303, 7770, 1037925883, 7778, 1037910240, 8035, 1038301566, 8019, 1038303452, 7763, 1038304683, 7771, 1038302995, 7779, 1038302886, 8036, 1022117455, 8020, 1022115788, 7764, 1022115130, 8037, 1021023859, 8021, 1021028919, 81, 1038337916, 7780, 1022116761, 7765, 1021026918, 8038, 1021114950, 8022, 1021143830, 8039, 1021953510, 8023, 1021926719, 82, 1037924895, 7783, 1021954413, 99, 1038301045, 7772, 1022171971, 7781, 1021021763, 7773, 1020973556, 7766, 1021145909, 7774, 1021095041, 7782, 1021117134, 7767, 1021927551, 7775, 1021982172, 102, 1021113562, 94, 1021091483, 103, 1021953555, 101, 1021025108, 85, 1021030080, 87, 1021926851, 90, 1037925852, 91, 1038301234, 83, 1038303026, 100, 1022117254, 84, 1022115492, 89, 1038338721, 98, 1037910202, 95, 1021981403, 93, 1020976900, 86, 1021142564, 92, 1022172453]
[INFO] (lattice_cell.c: 455): on tick 25 of 50
[INFO] (lattice_cell.c: 172): the unmatched_packets is 56
[8032, 1038811903, 8016, 1038747712, 7760, 1038747780, 7768, 1038783099, 7776, 1038811939, 8033, 1038346331, 8017, 1038346369, 96, 1038811877, 7761, 1038345034, 7769, 1038343951, 7777, 1038344888, 8034, 1037843451, 8018, 1037905682, 80, 1038747639, 88, 1038783017, 7762, 1037905712, 7770, 1037870731, 7778, 1037843481, 8035, 1038307053, 8019, 1038309218, 7763, 1038310585, 97, 1038346913, 7771, 1038309075, 7779, 1038308517, 8036, 1021879248, 8020, 1021980321, 8037, 1021259611, 8021, 1021146487, 7772, 1021887765, 89, 1038345932, 8038, 1021060712, 8022, 1021150094, 98, 1037843421, 7773, 1021246172, 8023, 1021912232, 82, 1037905647, 7766, 1021151253, 7781, 1021258181, 8039, 1022003011, 7767, 1021913242, 7782, 1021062048, 91, 1038307098, 83, 1038308724, 7783, 1022004097, 7764, 1021979156, 84, 1021980673, 7780, 1021877951, 7765, 1021145108, 92, 1021889362, 7774, 1021094086, 7775, 1021974732, 100, 1021879683, 86, 1021149658, 103, 1022002743, 81, 1038346849, 90, 1037870626, 99, 1038306439, 101, 1021260311, 85, 1021147139, 93, 1021248216, 102, 1021060156, 94, 1021092237, 87, 1021912043, 95, 1021973557]
[INFO] (lattice_cell.c: 455): on tick 26 of 50
[INFO] (lattice_cell.c: 172): the unmatched_packets is 56
[8032, 1038751240, 8016, 1038771879, 7760, 1038771885, 7768, 1038780353, 7776, 1038751220, 8033, 1038338668, 8017, 1038336598, 7761, 1038335308, 7769, 1038334322, 7777, 1038337300, 96, 1038751246, 8034, 1037912608, 8018, 1037891426, 88, 1038780346, 80, 1038771871, 7762, 1037891407, 7770, 1037884188, 7778, 1037912618, 8035, 1038301965, 8019, 1038303019, 97, 1038339227, 81, 1038337076, 7763, 1038304225, 7771, 1038303123, 7779, 1038303284, 8036, 1022159986, 8020, 1021977841, 7764, 1021977133, 7772, 1022066643, 7780, 1022159113, 8037, 1020990588, 8021, 1021169927, 8038, 1021085829, 8022, 1021116129, 7765, 1021168118, 89, 1038336165, 7773, 1021086847, 8039, 1021983054, 7774, 1021106883, 8023, 1021954246, 98, 1037912603, 7782, 1021087991, 7775, 1021968271, 90, 1037884188, 7781, 1020988540, 7766, 1021118105, 7767, 1021955238, 7783, 1021984069, 83, 1038302627, 100, 1022159936, 85, 1021170902, 103, 1021982945, 94, 1021103512, 95, 1021967288, 99, 1038301443, 91, 1038301393, 82, 1037891445, 84, 1021977586, 93, 1021089901, 102, 1021084521, 86, 1021114930, 87, 1021954235, 92, 1022067342, 101, 1020991788]
[INFO] (lattice_cell.c: 455): on tick 27 of 50
[INFO] (lattice_cell.c: 172): the unmatched_packets is 56
[8032, 1038772727, 8016, 1038747352, 7760, 1038747430, 7768, 1038760666, 7776, 1038772749, 8033, 1038348547, 8017, 1038345729, 7761, 1038344411, 7769, 1038344559, 7777, 1038347072, 8034, 1037880887, 8018, 1037906571, 96, 1038772694, 80, 1038747278, 88, 1038760598, 7762, 1037906600, 7770, 1037893357, 7778, 1037880934, 8035, 1038306808, 8019, 1038308760, 7763, 1038310126, 7771, 1038309359, 7779, 1038308296, 97, 1038349153, 8036, 1021942125, 8020, 1022038640, 8037, 1021185993, 8021, 1021092576, 7764, 1022037517, 7772, 1022045645, 8038, 1021099499, 8022, 1021105522, 7765, 1021091035, 98, 1037880849, 7773, 1021085904, 8039, 1021967501, 8023, 1021959905, 90, 1037893246, 7774, 1021104685, 82, 1037906530, 7775, 1021965983, 7783, 1021968449, 7780, 1021940987, 83, 1038308266, 7781, 1021184431, 7766, 1021106764, 7782, 1021100933, 100, 1021942460, 7767, 1021960787, 86, 1021104999, 101, 1021186832, 85, 1021093354, 92, 1022047114, 102, 1021098834, 94, 1021102685, 87, 1021959855, 95, 1021965004, 89, 1038346473, 99, 1038306189, 81, 1038346181, 91, 1038307354, 103, 1021967365, 84, 1022038923, 93, 1021088361]
[INFO] (lattice_cell.c: 455): on tick 28 of 50
[INFO] (lattice_cell.c: 172): the unmatched_packets is 56
[8032, 1038794988, 8016, 1038740186, 7760, 1038740207, 7768, 1038778810, 7776, 1038794989, 8033, 1038337759, 8017, 1038337006, 7761, 1038335728, 7769, 1038335430, 7777, 1038336383, 8034, 1037870029, 8018, 1037921840, 96, 1038794992, 7762, 1037921809, 7770, 1037885133, 7778, 1037870023, 8035, 1038302187, 8019, 1038303883, 7763, 1038305088, 80, 1038740178, 7771, 1038303865, 8036, 1022007101, 8020, 1022027461, 8037, 1021145099, 8021, 1021117210, 97, 1038338355, 7772, 1021984341, 7780, 1022006090, 8038, 1021088222, 8022, 1021137554, 8039, 1021977036, 8023, 1021931609, 81, 1038337483, 89, 1038337350, 98, 1037870030, 7783, 1021978202, 82, 1037921859, 7779, 1038303491, 7764, 1022026636, 7765, 1021115493, 7773, 1021164227, 7781, 1021143271, 7774, 1021091687, 7766, 1021139453, 7782, 1021090267, 99, 1038301671, 7767, 1021932695, 7775, 1021980111, 91, 1038302150, 103, 1021976866, 85, 1021118093, 87, 1021931456, 100, 1022007114, 93, 1021166944, 102, 1021087027, 94, 1021088497, 95, 1021978864, 83, 1038303491, 86, 1021136454, 101, 1021146100, 90, 1037885109, 88, 1038778830, 92, 1021985183, 84, 1022027339]
[INFO] (lattice_cell.c: 455): on tick 29 of 50
[INFO] (lattice_cell.c: 172): the unmatched_packets is 56
[8032, 1038769181, 8016, 1038753415, 7760, 1038753479, 7768, 1038776127, 7776, 1038769207, 8033, 1038347080, 8017, 1038346258, 7761, 1038344937, 96, 1038769154, 7769, 1038343778, 7777, 1038345640, 8034, 1037885300, 8018, 1037900172, 88, 1038776042, 80, 1038753352, 7762, 1037900203, 7770, 1037878339, 7778, 1037885345, 8035, 1038309083, 8019, 1038308003, 7763, 1038309365, 7779, 1038310564, 97, 1038347648, 8036, 1022064296, 7771, 1038308497, 8020, 1021975530, 8037, 1021070726, 8021, 1021151750, 7772, 1022010408, 7780, 1022063232, 8038, 1021081409, 8022, 1021144538, 7765, 1021150113, 89, 1038345693, 7773, 1021124566, 81, 1038346713, 7781, 1021068973, 8039, 1021978739, 7766, 1021145888, 8023, 1021922639, 98, 1037885266, 7775, 1021985467, 7783, 1021979609, 90, 1037878235, 7764, 1021974602, 99, 1038308453, 7774, 1021088068, 7782, 1021082964, 7767, 1021923401, 95, 1021984788, 91, 1038306495, 83, 1038307506, 100, 1022064566, 82, 1037900131, 101, 1021071776, 93, 1021127223, 102, 1021080575, 103, 1021978684, 84, 1021975664, 85, 1021152637, 86, 1021143917, 87, 1021922728, 92, 1022011645, 94, 1021085836]
[INFO] (lattice_cell.c: 455): on tick 30 of 50
[INFO] (lattice_cell.c: 172): the unmatched_packets is 56
[8032, 1038769429, 8016, 1038767009, 7760, 1038767047, 7768, 1038768466, 7776, 1038769417, 8033, 1038338809, 8017, 1038336401, 7761, 1038335121, 7769, 1038334397, 7777, 1038337389, 8034, 1037894321, 8018, 1037896396, 7762, 1037896371, 7770, 1037895495, 7778, 1037894341, 96, 1038769437, 8035, 1038302690, 8019, 1038304115, 7763, 1038305313, 7771, 1038302280, 7779, 1038304041, 8036, 1022012734, 8020, 1022007219, 8037, 1021134643, 8021, 1021140135, 7764, 1022006235, 7772, 1022051477, 7780, 1022011626, 8022, 1021122358, 8038, 1021083219, 7765, 1021138584, 7773, 1021099930, 8039, 1021981821, 8023, 1021944744, 7781, 1021132918, 97, 1038339422, 7766, 1021124116, 7767, 1021945965, 7783, 1021983038, 98, 1037894311, 7775, 1021974711, 82, 1037896409, 7774, 1021105696, 7782, 1021085094, 99, 1038302142, 84, 1022007216, 94, 1021102813, 95, 1021973285, 100, 1022012905, 83, 1038303739, 91, 1038300527, 102, 1021082203, 86, 1021121426, 103, 1021981522, 87, 1021944480, 85, 1021140836, 90, 1037895467, 81, 1038336887, 80, 1038766983, 88, 1038768454, 89, 1038336293, 92, 1022052653, 101, 1021135517, 93, 1021102458]
[INFO] (lattice_cell.c: 455): on tick 31 of 50
[INFO] (lattice_cell.c: 172): the unmatched_packets is 56
[8032, 1038783332, 8016, 1038749099, 7760, 1038749163, 7768, 1038766792, 7776, 1038783343, 8033, 1038347815, 8017, 1038345632, 7761, 1038344318, 7769, 1038344338, 7777, 1038346354, 8034, 1037871063, 8018, 1037904847, 96, 1038783294, 7762, 1037904881, 7770, 1037887106, 7778, 1037871103, 8035, 1038305796, 8019, 1038310224, 7763, 1038311575, 7771, 1038308619, 7779, 1038307221, 8036, 1021985929, 8020, 1022028366, 80, 1038749041, 7764, 1022027555, 8037, 1021145193, 8021, 1021101742, 7772, 1022010932, 7780, 1021985005, 88, 1038766746, 8038, 1021099790, 8022, 1021109876, 7765, 1021099974, 7781, 1021143352, 8039, 1021972187, 8023, 1021950849, 97, 1038348398, 7767, 1021951550, 7775, 1021961356, 89, 1038346254, 7783, 1021973019, 7773, 1021120460, 7766, 1021111379, 7774, 1021112501, 7782, 1021101593, 101, 1021146317, 95, 1021960729, 98, 1037871027, 81, 1038346065, 90, 1037887005, 82, 1037904811, 91, 1038306671, 102, 1021098719, 94, 1021109873, 86, 1021109087, 103, 1021972144, 99, 1038305224, 100, 1021986049, 92, 1022011829, 84, 1022028363, 93, 1021123434, 87, 1021951013, 83, 1038309740, 85, 1021102788]
[INFO] (lattice_cell.c: 455): on tick 32 of 50
[INFO] (lattice_cell.c: 172): the unmatched_packets is 56
[8032, 1038773618, 8016, 1038743246, 7760, 1038743293, 7768, 1038778561, 7776, 1038773626, 8033, 1038337816, 8017, 1038337111, 7761, 1038335832, 7769, 1038335173, 7777, 1038336398, 8034, 1037890800, 8018, 1037918898, 7762, 1037918874, 96, 1038773603, 7770, 1037885646, 7778, 1037890816, 8035, 1038304855, 8019, 1038304505, 7763, 1038305723, 80, 1038743220, 7779, 1038306263, 7771, 1038305045, 8036, 1022030347, 8020, 1022018906, 8037, 1021120488, 7764, 1022017798, 88, 1038778540, 7772, 1021999643, 8021, 1021125528, 8038, 1021056388, 8022, 1021125699, 8039, 1022000591, 8023, 1021940984, 7766, 1021127256, 7782, 1021058008, 81, 1038337604, 7775, 1021981717, 7783, 1022001815, 7780, 1022029075, 7765, 1021124076, 7773, 1021149104, 7781, 1021118901, 7774, 1021085883, 7767, 1021942239, 99, 1038304257, 101, 1021121261, 86, 1021124965, 95, 1021980255, 85, 1021126130, 87, 1021940690, 83, 1038304089, 91, 1038303214, 82, 1037918898, 100, 1022030680, 84, 1022019022, 93, 1021151311, 92, 1022001047, 102, 1021055602, 97, 1038338416, 94, 1021083485, 103, 1022000313, 89, 1038337102, 98, 1037890794, 90, 1037885591]
[INFO] (lattice_cell.c: 455): on tick 33 of 50
[INFO] (lattice_cell.c: 172): the unmatched_packets is 56
[8032, 1038788369, 8016, 1038752100, 7760, 1038752164, 7768, 1038782532, 7776, 1038788371, 8033, 1038346741, 8017, 1038344952, 7761, 1038343640, 7769, 1038343264, 7777, 1038345287, 8034, 1037866403, 8018, 1037901509, 7762, 1037901519, 7770, 1037872306, 7778, 1037866445, 96, 1038788347, 8035, 1038306327, 8019, 1038307229, 7763, 1038308534, 7771, 1038306427, 7779, 1038307742, 8036, 1022046375, 8020, 1021989721, 8037, 1021087704, 8021, 1021141963, 80, 1038752049, 88, 1038782486, 8038, 1021151911, 8022, 1021148233, 8039, 1021919859, 8023, 1021923126, 7774, 1021114865, 7767, 1021923781, 98, 1037866373, 7783, 1021920677, 7764, 1021989054, 7772, 1022025123, 7780, 1022045580, 7765, 1021140104, 7773, 1021110186, 7781, 1021085661, 7766, 1021149958, 7782, 1021153914, 7775, 1021968559, 100, 1022046373, 92, 1022025821, 89, 1038345172, 99, 1038305775, 83, 1038306795, 91, 1038304573, 82, 1037901490, 90, 1037872201, 93, 1021113361, 87, 1021923317, 101, 1021088965, 85, 1021143095, 102, 1021150662, 94, 1021111743, 86, 1021147212, 84, 1021989573, 95, 1021967980, 97, 1038347314, 81, 1038345389, 103, 1021919876]
[INFO] (lattice_cell.c: 455): on tick 34 of 50
[INFO] (lattice_cell.c: 172): the unmatched_packets is 56
[8032, 1038747295, 8016, 1038757102, 7760, 1038757147, 7768, 1038752768, 7776, 1038747303, 8033, 1038339283, 8017, 1038337435, 7761, 1038336140, 7769, 1038335766, 7777, 1038337848, 8034, 1037915929, 8018, 1037905963, 7762, 1037905954, 7770, 1037910626, 7778, 1037915945, 8035, 1038302314, 8019, 1038306470, 96, 1038747269, 7763, 1038307728, 7771, 1038305340, 7779, 1038303723, 8036, 1021995044, 8020, 1022000211, 8037, 1021151238, 8021, 1021142359, 7764, 1021998984, 7772, 1022027381, 8038, 1020988350, 7780, 1021993663, 97, 1038339914, 8022, 1021107592, 7765, 1021141035, 8039, 1022078967, 7781, 1021149738, 8023, 1021950621, 7767, 1021951903, 89, 1038337693, 7775, 1022024385, 82, 1037905965, 7783, 1022080283, 90, 1037910565, 7773, 1021118731, 7766, 1021108889, 7774, 1021044474, 7782, 1020989881, 99, 1038301716, 91, 1038303445, 84, 1022000471, 94, 1021042425, 103, 1022078585, 100, 1021995473, 101, 1021151892, 86, 1021107077, 95, 1022022854, 85, 1021142853, 102, 1020987694, 87, 1021950298, 93, 1021120789, 81, 1038337911, 88, 1038752721, 80, 1038757064, 98, 1037915915, 83, 1038306026, 92, 1022029071]
[INFO] (lattice_cell.c: 455): on tick 35 of 50
[INFO] (lattice_cell.c: 172): the unmatched_packets is 56
[8032, 1038811534, 8016, 1038767099, 7760, 1038767155, 7768, 1038792406, 7776, 1038811528, 8033, 1038345869, 8017, 1038346271, 7761, 1038344975, 7769, 1038342709, 7777, 1038344425, 8034, 1037843696, 8018, 1037887435, 7762, 1037887441, 96, 1038811530, 7770, 1037862213, 7778, 1037843740, 88, 1038792381, 80, 1038767046, 8035, 1038310013, 8019, 1038307418, 97, 1038346452, 7763, 1038308677, 7771, 1038309105, 7779, 1038311441, 81, 1038346719, 8036, 1022015568, 8020, 1022026489, 7764, 1022025911, 89, 1038344610, 7780, 1022014833, 8037, 1021120569, 8021, 1021099609, 8038, 1021211949, 8022, 1021162593, 7765, 1021097634, 7773, 1021108059, 7781, 1021118488, 98, 1037843666, 8039, 1021843590, 8023, 1021909657, 7782, 1021213984, 82, 1037887409, 99, 1038309434, 7775, 1021874488, 7772, 1022027901, 7766, 1021164484, 7774, 1021197823, 7767, 1021910307, 7783, 1021844281, 91, 1038307260, 92, 1022028389, 95, 1021874082, 93, 1021111415, 102, 1021210642, 103, 1021843746, 86, 1021161413, 84, 1022026213, 90, 1037862119, 94, 1021194483, 83, 1038307016, 100, 1022015434, 101, 1021121898, 85, 1021100786, 87, 1021909887]
[INFO] (lattice_cell.c: 455): on tick 36 of 50
[INFO] (lattice_cell.c: 172): the unmatched_packets is 56
[8032, 1038757094, 8016, 1038723656, 7760, 1038723722, 7768, 1038746605, 7776, 1038757123, 8033, 1038339182, 8017, 1038338316, 7761, 1038337040, 7769, 1038334505, 7777, 1038337733, 8034, 1037907135, 8018, 1037938076, 96, 1038757066, 7762, 1037938066, 80, 1038723612, 7770, 1037916874, 88, 1038746547, 7778, 1037907175, 8035, 1038300130, 8019, 1038304097, 7763, 1038305376, 7771, 1038301203, 7779, 1038301493, 97, 1038339810, 8020, 1022005402, 8036, 1022024775, 7764, 1022004077, 7772, 1021994470, 7780, 1022023294, 8037, 1021121243, 8021, 1021135040, 8038, 1020964112, 8022, 1021043011, 7765, 1021133752, 7773, 1021157439, 98, 1037907099, 8039, 1022113935, 8023, 1022026090, 82, 1037938067, 90, 1037916800, 7767, 1022027396, 99, 1038299580, 7781, 1021119853, 7766, 1021044242, 7774, 1020980457, 7782, 1020965637, 7775, 1022104153, 7783, 1022115395, 84, 1022005787, 92, 1021996314, 85, 1021135500, 102, 1020963409, 86, 1021042599, 95, 1022102429, 93, 1021159359, 94, 1020978474, 91, 1038299358, 89, 1038336441, 81, 1038338771, 101, 1021121866, 100, 1022025325, 103, 1022113353, 87, 1022025701, 83, 1038303647]
[INFO] (lattice_cell.c: 455): on tick 37 of 50
[INFO] (lattice_cell.c: 172): the unmatched_packets is 56
[8032, 1038772593, 8016, 1038777219, 7760, 1038777270, 7768, 1038802539, 7776, 1038772599, 8033, 1038347592, 8017, 1038343057, 7761, 1038341742, 7769, 1038341856, 7777, 1038346152, 8034, 1037881177, 8018, 1037877026, 7762, 1037877035, 96, 1038772592, 7770, 1037852562, 7778, 1037881203, 88, 1038802522, 80, 1038777177, 8035, 1038309375, 8019, 1038311398, 7763, 1038312652, 7771, 1038311625, 7779, 1038310864, 8036, 1022019095, 8020, 1022017821, 7764, 1022017330, 7772, 1022026749, 7780, 1022018450, 8037, 1021110618, 8021, 1021119510, 7765, 1021117586, 97, 1038348184, 8038, 1021154619, 8022, 1021248095, 7773, 1021111808, 8039, 1021904895, 8023, 1021806819, 89, 1038343773, 7766, 1021249994, 81, 1038343516, 7782, 1021156710, 98, 1037881164, 7783, 1021905431, 7781, 1021108446, 7774, 1021218710, 7767, 1021807382, 7775, 1021843450, 82, 1037877006, 94, 1021215469, 92, 1022027047, 86, 1021246930, 103, 1021905202, 90, 1037852469, 99, 1038308733, 91, 1038309694, 83, 1038310989, 101, 1021112017, 95, 1021843287, 100, 1022018898, 84, 1022017423, 93, 1021115190, 85, 1021120702, 87, 1021807119, 102, 1021153326]
[INFO] (lattice_cell.c: 455): on tick 38 of 50
[INFO] (lattice_cell.c: 172): the unmatched_packets is 56
[8032, 1038791528, 8016, 1038732884, 7760, 1038732931, 7768, 1038765304, 7776, 1038791530, 8033, 1038339585, 8017, 1038340535, 7761, 1038339260, 7769, 1038337060, 7777, 1038338147, 8034, 1037873238, 8018, 1037929670, 7762, 1037929672, 96, 1038791500, 7770, 1037899019, 7778, 1037873305, 88, 1038765251, 80, 1038732829, 8035, 1038302353, 8019, 1038301393, 7763, 1038302638, 7771, 1038302083, 7779, 1038303716, 97, 1038340192, 8036, 1022021361, 8020, 1021977688, 81, 1038340989, 7764, 1021976345, 7772, 1022031314, 7780, 1022019842, 89, 1038338975, 8037, 1021120908, 8021, 1021153434, 7765, 1021152154, 7773, 1021109572, 8038, 1021106051, 7781, 1021119531, 8022, 1021003334, 98, 1037873203, 8039, 1021961672, 8023, 1022076437, 82, 1037929662, 7766, 1021004597, 7775, 1022072510, 7783, 1021963231, 83, 1038300991, 7774, 1021010712, 7782, 1021107476, 7767, 1022077861, 100, 1022021971, 102, 1021105435, 94, 1021008650, 93, 1021111503, 103, 1021961026, 91, 1038300327, 90, 1037898899, 99, 1038301810, 85, 1021153888, 86, 1021002872, 95, 1022070490, 87, 1022075937, 92, 1022033349, 84, 1021978140, 101, 1021121521]
[INFO] (lattice_cell.c: 455): on tick 39 of 50
[INFO] (lattice_cell.c: 172): the unmatched_packets is 56
[8032, 1038765952, 8016, 1038761537, 7760, 1038761616, 7768, 1038751042, 7776, 1038765964, 8033, 1038344900, 8017, 1038342653, 7761, 1038341360, 7769, 1038340157, 7777, 1038343435, 8034, 1037888335, 8018, 1037892419, 7762, 1037892411, 7770, 1037902159, 7778, 1037888374, 96, 1038765946, 8035, 1038308670, 8019, 1038311048, 7763, 1038312333, 7771, 1038309673, 7779, 1038310120, 88, 1038750995, 8036, 1022010208, 8020, 1022036463, 80, 1038761478, 8037, 1021131829, 7764, 1022035945, 8021, 1021102603, 7772, 1022021692, 8038, 1021032042, 8022, 1021225072, 97, 1038345526, 7773, 1021125350, 8039, 1022030935, 8023, 1021832053, 7781, 1021129684, 7774, 1021108585, 81, 1038343111, 89, 1038342096, 7775, 1021962322, 98, 1037888309, 7783, 1022031510, 7780, 1022009540, 7765, 1021100637, 7766, 1021226912, 90, 1037902091, 7782, 1021034239, 7767, 1021832513, 91, 1038307717, 103, 1022031228, 87, 1021832509, 101, 1021133199, 82, 1037892404, 84, 1022036073, 92, 1022021972, 86, 1021223982, 93, 1021128773, 94, 1021105241, 95, 1021962355, 85, 1021103789, 102, 1021030657, 99, 1038308061, 83, 1038310589, 100, 1022009948]
[INFO] (lattice_cell.c: 455): on tick 40 of 50
[INFO] (lattice_cell.c: 172): the unmatched_packets is 56
[8032, 1038779058, 8016, 1038774512, 7760, 1038774532, 7768, 1038795892, 7776, 1038779072, 8033, 1038341724, 8017, 1038337934, 7761, 1038336662, 7769, 1038337207, 7777, 1038340269, 96, 1038779032, 80, 1038774485, 88, 1038795881, 8034, 1037885109, 8018, 1037889192, 7762, 1037889193, 7770, 1037868711, 7778, 1037885143, 97, 1038342330, 81, 1038338376, 8035, 1038301301, 8019, 1038303300, 89, 1038339116, 7763, 1038304517, 7771, 1038302722, 7779, 1038302711, 8036, 1022007217, 8020, 1021983676, 7764, 1021982377, 7780, 1022005728, 8037, 1021126305, 8021, 1021156731, 7765, 1021155482, 8038, 1021107024, 8022, 1021088564, 98, 1037885073, 8039, 1021965164, 8023, 1021983975, 7781, 1021124912, 7783, 1021966632, 7772, 1021991914, 7773, 1021145642, 7766, 1021089797, 7774, 1021152374, 7782, 1021108460, 7767, 1021985475, 7775, 1021925941, 87, 1021983368, 100, 1022007847, 84, 1021984096, 92, 1021993814, 91, 1038300912, 101, 1021126926, 85, 1021157172, 102, 1021106396, 86, 1021088075, 103, 1021964539, 95, 1021923955, 93, 1021147554, 94, 1021150460, 82, 1037889176, 90, 1037868608, 99, 1038300725, 83, 1038302931]
[INFO] (lattice_cell.c: 455): on tick 41 of 50
[INFO] (lattice_cell.c: 172): the unmatched_packets is 56
[8032, 1038776116, 8016, 1038705373, 7760, 1038705469, 7768, 1038762758, 7776, 1038776147, 8033, 1038343912, 8017, 1038347056, 7761, 1038345778, 7769, 1038342164, 7777, 1038342479, 8034, 1037878224, 8018, 1037947044, 7762, 1037947062, 7770, 1037891847, 7778, 1037878262, 96, 1038776100, 88, 1038762688, 80, 1038705293, 8035, 1038309848, 8019, 1038310427, 7763, 1038311687, 7771, 1038310487, 7779, 1038311286, 8036, 1022046610, 8020, 1022077710, 7764, 1022077131, 7772, 1022057652, 8037, 1021096953, 8021, 1021046379, 8038, 1021112617, 7765, 1021044404, 97, 1038344526, 7773, 1021081247, 8022, 1021097469, 7781, 1021094814, 8039, 1021947073, 89, 1038344096, 8023, 1021963582, 7774, 1021067279, 7767, 1021964035, 98, 1037878195, 7775, 1022001449, 7783, 1021947669, 7780, 1022045855, 7766, 1021099377, 7782, 1021114738, 81, 1038347531, 85, 1021047590, 90, 1037891725, 82, 1037947017, 99, 1038309221, 91, 1038308631, 83, 1038309985, 92, 1022058081, 84, 1022077369, 103, 1021947376, 95, 1022001306, 101, 1021098341, 93, 1021084618, 102, 1021111316, 94, 1021063912, 86, 1021096366, 87, 1021964036, 100, 1022046427]
[INFO] (lattice_cell.c: 455): on tick 42 of 50
[INFO] (lattice_cell.c: 172): the unmatched_packets is 56
[8032, 1038786573, 8016, 1038790799, 7760, 1038790831, 7768, 1038788337, 7776, 1038786544, 8033, 1038339639, 8017, 1038335512, 7761, 1038334214, 7769, 1038333457, 7777, 1038338163, 8034, 1037878107, 8018, 1037872542, 96, 1038786566, 7762, 1037872523, 7770, 1037876106, 7778, 1037878164, 8035, 1038301304, 8019, 1038302614, 7763, 1038303876, 7771, 1038301877, 7779, 1038302703, 8036, 1021989165, 8020, 1021883781, 7764, 1021882605, 8037, 1021153407, 8021, 1021263831, 7772, 1021955188, 8038, 1021061183, 7765, 1021262669, 7773, 1021199008, 8022, 1021167674, 8039, 1022010840, 8023, 1021905191, 88, 1038788325, 7766, 1021168854, 80, 1038790765, 7782, 1021062691, 7767, 1021906576, 97, 1038340257, 7783, 1022012343, 7780, 1021987777, 7781, 1021151992, 7774, 1021068827, 7775, 1022013480, 102, 1021060470, 100, 1021989698, 92, 1021956979, 85, 1021264234, 82, 1037872558, 90, 1037876039, 89, 1038335398, 81, 1038335950, 98, 1037878085, 99, 1038300747, 91, 1038300046, 101, 1021154057, 94, 1021066724, 103, 1022010187, 87, 1021904696, 95, 1022011611, 83, 1038302218, 84, 1021884099, 93, 1021200931, 86, 1021167179]
[INFO] (lattice_cell.c: 455): on tick 43 of 50
[INFO] (lattice_cell.c: 172): the unmatched_packets is 56
[8032, 1038748465, 8016, 1038735769, 7760, 1038735850, 7768, 1038740395, 7776, 1038748500, 8033, 1038348341, 8017, 1038345524, 7761, 1038344293, 7769, 1038344356, 7777, 1038346895, 8034, 1037904996, 8018, 1037918407, 7762, 1037918451, 7770, 1037912857, 7778, 1037905054, 8035, 1038309027, 8019, 1038311061, 96, 1038748426, 88, 1038740301, 7763, 1038312303, 80, 1038735687, 7771, 1038310983, 7779, 1038310461, 8036, 1022063387, 8020, 1022139647, 7764, 1022138934, 8037, 1021063782, 8021, 1020989337, 7772, 1022126859, 7780, 1022062525, 8038, 1021090131, 8022, 1021136247, 97, 1038348964, 8039, 1021972284, 8023, 1021923159, 7766, 1021138044, 98, 1037904952, 7782, 1021092230, 90, 1037912713, 7775, 1021926300, 7783, 1021972917, 99, 1038308416, 7765, 1020987262, 7773, 1021002398, 7781, 1021061654, 7774, 1021141789, 7767, 1021923743, 85, 1020990589, 81, 1038345921, 103, 1021972554, 93, 1021005819, 87, 1021923519, 101, 1021065125, 83, 1038310650, 92, 1022127462, 82, 1037918359, 91, 1038309083, 100, 1022063304, 84, 1022139430, 102, 1021088862, 89, 1038346246, 95, 1021926177, 94, 1021138653, 86, 1021135210]
[INFO] (lattice_cell.c: 455): on tick 44 of 50
[INFO] (lattice_cell.c: 172): the unmatched_packets is 56
[8032, 1038813940, 8016, 1038761842, 7760, 1038761874, 7768, 1038809070, 7776, 1038813922, 8033, 1038336927, 8017, 1038338332, 7761, 1038336967, 7769, 1038334425, 7777, 1038335445, 8034, 1037851279, 8018, 1037900926, 7762, 1037900902, 7770, 1037855887, 7778, 1037851307, 96, 1038813939, 8035, 1038301513, 80, 1038761809, 8019, 1038302661, 88, 1038809077, 7763, 1038303896, 7771, 1038302437, 7779, 1038302942, 8036, 1021919440, 8020, 1021920529, 7764, 1021919515, 7772, 1021891892, 7780, 1021918158, 8037, 1021231610, 8021, 1021217651, 7765, 1021216565, 7773, 1021256592, 8038, 1021095321, 8022, 1021092794, 8039, 1021975749, 8023, 1021981574, 97, 1038337551, 89, 1038336418, 7782, 1021096843, 81, 1038338850, 7775, 1021986829, 7783, 1021977127, 7781, 1021230196, 7766, 1021094138, 7774, 1021092147, 7767, 1021982867, 100, 1021919885, 93, 1021258365, 84, 1021920661, 103, 1021975202, 87, 1021981085, 85, 1021217980, 98, 1037851265, 90, 1037855803, 82, 1037900936, 91, 1038300630, 92, 1021893358, 86, 1021092185, 95, 1021985044, 99, 1038300936, 83, 1038302288, 101, 1021232271, 102, 1021094547, 94, 1021089957]
[INFO] (lattice_cell.c: 455): on tick 45 of 50
[INFO] (lattice_cell.c: 172): the unmatched_packets is 56
[8032, 1038748558, 8016, 1038748954, 7760, 1038749055, 7768, 1038750067, 7776, 1038748570, 8033, 1038346765, 8017, 1038344062, 7761, 1038342880, 7769, 1038341875, 7777, 1038345351, 8034, 1037905479, 8018, 1037904873, 7762, 1037904893, 7770, 1037904266, 7778, 1037905563, 8035, 1038311541, 8019, 1038310208, 7763, 1038311442, 7771, 1038310296, 7779, 1038312959, 8036, 1022153693, 8020, 1022033722, 7764, 1022032813, 8037, 1020979773, 8021, 1021101242, 7780, 1022152709, 8038, 1021091863, 8022, 1021127574, 96, 1038748514, 8039, 1021962562, 8023, 1021933788, 7782, 1021093885, 7767, 1021934436, 81, 1038344439, 7783, 1021963312, 7772, 1022120610, 98, 1037905411, 7765, 1021099194, 7773, 1021020029, 7774, 1021078596, 7781, 1020977593, 7766, 1021129301, 7775, 1021991552, 99, 1038310924, 101, 1020981103, 88, 1038749985, 80, 1038748874, 97, 1038347368, 89, 1038343672, 102, 1021090696, 95, 1021991179, 91, 1038308428, 83, 1038309769, 100, 1022153749, 82, 1037904838, 90, 1037904104, 84, 1022033680, 92, 1022121619, 94, 1021075512, 103, 1021962697, 93, 1021023564, 86, 1021126671, 87, 1021934128, 85, 1021102465]
[INFO] (lattice_cell.c: 455): on tick 46 of 50
[INFO] (lattice_cell.c: 172): the unmatched_packets is 56
[8032, 1038793326, 8016, 1038744796, 7760, 1038744820, 7768, 1038773243, 7776, 1038793311, 8033, 1038340014, 8017, 1038338475, 7761, 1038337125, 7769, 1038336047, 7777, 1038338464, 8034, 1037870993, 8018, 1037917606, 7762, 1037917593, 7770, 1037890351, 7778, 1037871027, 8035, 1038301524, 8019, 1038303495, 7763, 1038304752, 7771, 1038300950, 7779, 1038302956, 8036, 1021905247, 8020, 1022044194, 96, 1038793322, 7764, 1022043336, 8037, 1021234218, 8021, 1021092345, 8038, 1021067347, 8022, 1021159406, 80, 1038744779, 8039, 1022003645, 8023, 1021912980, 7781, 1021232866, 97, 1038340696, 7783, 1022004905, 7772, 1021971426, 7780, 1021904132, 7765, 1021091136, 7773, 1021170369, 7766, 1021160760, 7774, 1021116642, 7782, 1021069023, 7767, 1021914205, 7775, 1021970474, 84, 1022044210, 85, 1021092804, 87, 1021912630, 95, 1021969003, 93, 1021172231, 99, 1038300965, 83, 1038303124, 89, 1038338144, 81, 1038338968, 91, 1038299121, 100, 1021905510, 101, 1021234886, 92, 1021972539, 86, 1021158718, 102, 1021066438, 94, 1021114231, 88, 1038773241, 103, 1022003193, 98, 1037870978, 82, 1037917622, 90, 1037890276]
[INFO] (lattice_cell.c: 455): on tick 47 of 50
[INFO] (lattice_cell.c: 172): the unmatched_packets is 56
[8032, 1038765476, 8016, 1038759836, 7760, 1038759930, 7768, 1038789518, 7776, 1038765500, 8033, 1038345103, 8017, 1038344135, 7761, 1038342927, 7769, 1038341266, 7777, 1038343741, 8034, 1037888776, 8018, 1037894380, 96, 1038765441, 80, 1038759747, 88, 1038789421, 7762, 1037894440, 7770, 1037865620, 7778, 1037888841, 8035, 1038308502, 8019, 1038311903, 97, 1038345662, 81, 1038344530, 89, 1038343023, 7763, 1038313111, 7771, 1038309957, 7779, 1038309912, 8036, 1022070878, 8020, 1021957634, 7764, 1021956664, 7772, 1022000414, 7780, 1022069691, 8037, 1021069004, 8021, 1021175890, 98, 1037888718, 7765, 1021174035, 8038, 1021088256, 8022, 1021109507, 7773, 1021140854, 7781, 1021066846, 8039, 1021976574, 8023, 1021943988, 7766, 1021111126, 99, 1038307891, 7775, 1021967708, 83, 1038311503, 7774, 1021102370, 91, 1038308104, 7782, 1021090204, 7767, 1021944778, 7783, 1021977477, 84, 1021957635, 101, 1021070324, 82, 1037894330, 94, 1021099597, 93, 1021144098, 85, 1021176945, 92, 1022001675, 102, 1021087177, 95, 1021967091, 86, 1021108712, 87, 1021944156, 90, 1037865457, 100, 1022071135, 103, 1021976607]
[INFO] (lattice_cell.c: 455): on tick 48 of 50
[INFO] (lattice_cell.c: 172): the unmatched_packets is 56
[8032, 1038773818, 8016, 1038758859, 7760, 1038758917, 7768, 1038764331, 7776, 1038773799, 8033, 1038340104, 8017, 1038338356, 7761, 1038337021, 7769, 1038335741, 7777, 1038338534, 8034, 1037890179, 8018, 1037904224, 7762, 1037904198, 7770, 1037899665, 7778, 1037890217, 8035, 1038304121, 8019, 1038303363, 7763, 1038304615, 7771, 1038303703, 7779, 1038305589, 96, 1038773808, 8036, 1022022065, 8020, 1022015226, 7764, 1022014395, 80, 1038758823, 7772, 1022078092, 88, 1038764334, 8037, 1021115840, 8021, 1021123238, 8038, 1021111154, 8022, 1021111228, 7773, 1021066542, 8039, 1021951652, 8023, 1021961379, 7774, 1021090988, 97, 1038340799, 7783, 1021952694, 89, 1038337783, 7780, 1022021120, 7765, 1021121956, 7781, 1021114342, 7766, 1021112733, 7782, 1021112862, 98, 1037890151, 7775, 1021986644, 7767, 1021962433, 84, 1022015151, 92, 1022079031, 85, 1021123838, 82, 1037904242, 90, 1037899587, 99, 1038303507, 83, 1038302986, 91, 1038301846, 100, 1022022178, 102, 1021110220, 81, 1038338835, 103, 1021951398, 101, 1021116608, 93, 1021068750, 86, 1021110430, 94, 1021088379, 87, 1021961166, 95, 1021985425]
[INFO] (lattice_cell.c: 455): on tick 49 of 50
[INFO] (lattice_cell.c: 172): the unmatched_packets is 56
[8032, 1038792690, 8016, 1038741193, 7760, 1038741281, 7768, 1038759818, 7776, 1038792693, 8033, 1038345518, 8017, 1038343447, 7761, 1038342267, 7769, 1038341951, 7777, 1038344135, 8034, 1037862436, 8018, 1037912482, 7762, 1037912526, 7770, 1037893981, 7778, 1037862520, 8035, 1038308188, 8019, 1038309765, 96, 1038792650, 88, 1038759751, 80, 1038741107, 7763, 1038310977, 7771, 1038308047, 7779, 1038309551, 8036, 1021972165, 8020, 1022044030, 7764, 1022042926, 7772, 1021990585, 7780, 1021970862, 97, 1038346107, 8037, 1021165166, 8021, 1021092021, 7765, 1021090187, 7773, 1021147637, 7781, 1021163220, 8038, 1021075554, 8022, 1021140423, 81, 1038343809, 7766, 1021141937, 8039, 1021989353, 8023, 1021923668, 7782, 1021077464, 7767, 1021924625, 89, 1038343791, 7783, 1021990503, 7774, 1021096309, 7775, 1021981513, 82, 1037912441, 83, 1038309360, 91, 1038306265, 102, 1021074532, 94, 1021093558, 87, 1021923687, 98, 1037862377, 100, 1021972498, 101, 1021166284, 95, 1021980528, 90, 1037893791, 99, 1038307635, 92, 1021991964, 85, 1021093007, 93, 1021150584, 86, 1021139743, 103, 1021989152, 84, 1022044174]
[INFO] (lattice_cell.c: 455): on tick 50 of 50
[INFO] (lattice_cell.c: 466): updating recording regions
[INFO] (recording.c: 507): 	Finalising channel 0 - state info stored in SDRAM
[INFO] (recording.c: 512): closed channel 0.
[INFO] (lattice_cell.c: 470): Simulation complete.

