[INFO] (lattice_cell.c: 604): starting lattice cell
[INFO] (lattice_cell.c: 526): Initialise: started
[INFO] (data_specification.c: 78): magic = ad130ad6, version = 1.0
[INFO] (lattice_cell.c: 555): my key is 4672
[INFO] (lattice_cell.c: 562): I'm in position ( 18, 8)
[INFO] (lattice_cell.c: 568): my n key is 4416
[INFO] (lattice_cell.c: 574): my U_X = 0.0
[INFO] (lattice_cell.c: 575): my U_Y = -0.0004619397805072367
[INFO] (lattice_cell.c: 583): input_buffer initialised
[INFO] (recording.c: 563): Recording 1 regions, using output tag 0, size before trigger 7686388, time between triggers 50
[INFO] (recording.c: 665): Recording channel 0 configured to use 7686132 byte memory block starting at 0x610ece18
[INFO] (lattice_cell.c: 588): Recording flags = 0x00000001
[INFO] (lattice_cell.c: 619): setting timer to execute every 200000 microseconds
[INFO] (lattice_cell.c: 627): Starting

[INFO] (simulation.c: 159): Setting the runtime of this model to 50 starting at 0
[INFO] (simulation.c: 161): Setting the flag of infinite run for this model to 0
[INFO] (simulation.c: 175): Resuming
[INFO] (lattice_cell.c: 455): on tick 0 of 50
[4928, 1038323253, 4416, 1038323247, 4936, 1038656485, 4680, 1038656487, 4664, 1037999647, 4424, 1038656483, 4920, 1037999647, 4408, 1037999643, 4929, 1038304677, 4417, 1038301339, 4937, 1038302263, 4681, 1038300204, 4665, 1038300200, 4921, 1038302261, 4425, 1038298929, 4930, 1038323253, 4409, 1038298927, 4682, 1037999651, 4418, 1038323247, 4922, 1038656483, 4427, 1038342809, 4924, 1021204673, 4925, 1021859872, 4942, 1021240238, 4422, 1021568003, 4670, 1021900872, 4671, 1021242217, 4931, 1038341877, 4939, 1038339463, 4923, 1038339461, 4933, 1021527461, 4934, 1021564661, 4935, 1021564661, 4941, 1021204675, 4926, 1021898709, 4943, 1021898711, 4426, 1037999645, 4410, 1038656481, 4419, 1038345219, 4938, 1037999649, 4428, 1021856394, 4411, 1038342807, 4683, 1038341538, 4429, 1021201489, 4932, 1021527461, 4420, 1021524123, 4430, 1021243436, 4684, 1021857723, 4412, 1021201487, 4431, 1021902205, 4685, 1021202706, 4666, 1038656483, 4421, 1021524123, 4686, 1021242221, 4413, 1021856392, 4414, 1021902203, 4415, 1021243434, 4687, 1021900876, 4667, 1038341534, 4940, 1021859874, 4927, 1021240236, 4668, 1021202702, 4423, 1021568003, 4669, 1021857719]
[INFO] (lattice_cell.c: 455): on tick 1 of 50
[INFO] (lattice_cell.c: 172): the unmatched_packets is 56
[4936, 1038576532, 4680, 1038576566, 4928, 1038323827, 4664, 1038072941, 4424, 1038576584, 4416, 1038323904, 4920, 1038072907, 4408, 1038072955, 4425, 1038301855, 4937, 1038305131, 4921, 1038309287, 4665, 1038307230, 4409, 1038305949, 4418, 1038322641, 4683, 1038348031, 4429, 1020949732, 4430, 1021413166, 4421, 1021190685, 4667, 1038343910, 4686, 1021412669, 4422, 1021892372, 4415, 1020992997, 4668, 1021371107, 4670, 1022154524, 4671, 1020990918, 4926, 1022153151, 4943, 1021713613, 4927, 1020988116, 4426, 1038072147, 4932, 1021852503, 4942, 1021411315, 4929, 1038307333, 4922, 1038575825, 4939, 1038346008, 4412, 1021369044, 4930, 1038322749, 4940, 1022114975, 4924, 1021373915, 4933, 1021192369, 4413, 1021674383, 4414, 1022155020, 4923, 1038341857, 4427, 1038349268, 4419, 1038347342, 4941, 1020951438, 4417, 1038304021, 4428, 1022109995, 4925, 1021676123, 4681, 1038303102, 4420, 1021847573, 4682, 1038072173, 4938, 1038072211, 4431, 1021718606, 4410, 1038575753, 4931, 1038344059, 4666, 1038575785, 4684, 1022112111, 4685, 1020950158, 4934, 1021890477, 4935, 1021229274, 4687, 1021716471, 4423, 1021234210, 4669, 1021674821, 4411, 1038345173]
[INFO] (lattice_cell.c: 455): on tick 2 of 50
[INFO] (lattice_cell.c: 172): the unmatched_packets is 56
[4936, 1038648229, 4680, 1038648245, 4928, 1038324838, 4664, 1038006854, 4424, 1038648251, 4416, 1038324897, 4920, 1038006842, 4408, 1038006864, 4937, 1038298232, 4425, 1038294898, 4681, 1038296161, 4682, 1038006747, 4410, 1038648133, 4683, 1038343492, 4419, 1038342599, 4684, 1021777111, 4429, 1021286709, 4942, 1021379612, 4421, 1021374238, 4686, 1021381450, 4431, 1021765507, 4687, 1021764218, 4940, 1021779181, 4924, 1021345449, 4925, 1021723726, 4669, 1021721579, 4927, 1021326018, 4670, 1021817567, 4935, 1021415260, 4943, 1021762111, 4671, 1021328010, 4929, 1038301537, 4426, 1038006751, 4921, 1038303725, 4922, 1038648128, 4411, 1038339316, 4412, 1021342238, 4427, 1038344773, 4931, 1038339203, 4413, 1021720239, 4941, 1021289949, 4428, 1021775818, 4939, 1038341391, 4934, 1021720652, 4420, 1021682502, 4414, 1021818770, 4430, 1021382551, 4415, 1021329243, 4926, 1021815586, 4938, 1038006743, 4930, 1038324430, 4409, 1038300343, 4923, 1038335891, 4665, 1038301636, 4932, 1021685761, 4418, 1038324420, 4666, 1038648131, 4685, 1021287942, 4668, 1021343483, 4667, 1038338003, 4422, 1021723670, 4423, 1021418595, 4933, 1021377651, 4417, 1038298167]
[INFO] (lattice_cell.c: 455): on tick 3 of 50
[INFO] (lattice_cell.c: 172): the unmatched_packets is 56
[4936, 1038629202, 4680, 1038629240, 4928, 1038324407, 4664, 1038022968, 4424, 1038629254, 4920, 1038022924, 4416, 1038324486, 4408, 1038022978, 4937, 1038305956, 4681, 1038303933, 4929, 1038307650, 4665, 1038308107, 4921, 1038310146, 4425, 1038302684, 4417, 1038304360, 4682, 1038021731, 4409, 1038306844, 4683, 1038348422, 4410, 1038627911, 4684, 1021996345, 4428, 1021994270, 4685, 1021054499, 4429, 1021054075, 4934, 1021752572, 4926, 1022039105, 4431, 1021755426, 4687, 1021753241, 4413, 1021709254, 4414, 1022041331, 4669, 1021709759, 4671, 1021095355, 4927, 1021092524, 4943, 1021750292, 4940, 1021999212, 4941, 1021055758, 4925, 1021711148, 4939, 1038346431, 4931, 1038343949, 4923, 1038342241, 4932, 1021714124, 4942, 1021376714, 4938, 1038021805, 4935, 1021367944, 4924, 1021339112, 4922, 1038628049, 4930, 1038322937, 4426, 1038021672, 4666, 1038627969, 4418, 1038322767, 4427, 1038349643, 4419, 1038347173, 4411, 1038345491, 4420, 1021709322, 4667, 1038344254, 4412, 1021334387, 4421, 1021327891, 4430, 1021378734, 4686, 1021378154, 4422, 1021754671, 4415, 1021097460, 4668, 1021336374, 4933, 1021329695, 4423, 1021373012, 4670, 1022040676]
[INFO] (lattice_cell.c: 455): on tick 4 of 50
[INFO] (lattice_cell.c: 172): the unmatched_packets is 56
[4680, 1038628527, 4928, 1038325354, 4936, 1038628479, 4416, 1038325509, 4664, 1038027860, 4424, 1038628571, 4920, 1038027808, 4408, 1038027910, 4929, 1038301301, 4682, 1038027237, 4665, 1038302439, 4409, 1038301140, 4418, 1038324272, 4683, 1038344745, 4419, 1038342802, 4939, 1038342637, 4684, 1021946254, 4687, 1021770545, 4940, 1021948357, 4413, 1021727038, 4942, 1021374702, 4415, 1021160027, 4669, 1021728339, 4670, 1021985451, 4935, 1021379642, 4943, 1021768431, 4932, 1021721562, 4937, 1038297134, 4921, 1038304560, 4930, 1038324300, 4922, 1038627903, 4938, 1038027245, 4925, 1021730447, 4933, 1021342679, 4417, 1038297891, 4934, 1021755386, 4681, 1038295043, 4927, 1021156818, 4923, 1038335190, 4924, 1021341810, 4425, 1038293768, 4926, 1021983630, 4410, 1038627899, 4411, 1038338660, 4412, 1021338530, 4414, 1021986504, 4426, 1038027239, 4931, 1038339374, 4427, 1038346042, 4428, 1021944896, 4685, 1021119381, 4429, 1021118197, 4420, 1021718212, 4430, 1021377328, 4686, 1021376374, 4666, 1038627897, 4431, 1021771827, 4941, 1021121347, 4421, 1021339387, 4422, 1021758124, 4423, 1021382965, 4667, 1038337329, 4668, 1021339827, 4671, 1021158798]
[INFO] (lattice_cell.c: 455): on tick 5 of 50
[INFO] (lattice_cell.c: 172): the unmatched_packets is 56
[4936, 1038622943, 4680, 1038622979, 4664, 1038028957, 4424, 1038622978, 4920, 1038028927, 4416, 1038325319, 4408, 1038028969, 4937, 1038305720, 4681, 1038303725, 4929, 1038307602, 4425, 1038302483, 4665, 1038308789, 4921, 1038310818, 4682, 1038027557, 4427, 1038349914, 4683, 1038348718, 4939, 1038346747, 4419, 1038346745, 4429, 1021113993, 4685, 1021114498, 4430, 1021372887, 4686, 1021372203, 4415, 1021158949, 4687, 1021761652, 4925, 1021717988, 4669, 1021716461, 4671, 1021156851, 4933, 1021323251, 4412, 1021328485, 4413, 1021715872, 4922, 1038621638, 4940, 1021936364, 4932, 1021719122, 4414, 1021978946, 4409, 1038307530, 4410, 1038621444, 4931, 1038343562, 4428, 1021931630, 4420, 1021714557, 4928, 1038325227, 4941, 1021115876, 4426, 1038027481, 4934, 1021757588, 4923, 1038341664, 4417, 1038304332, 4431, 1021763846, 4935, 1021363048, 4938, 1038027655, 4418, 1038323051, 4930, 1038323295, 4924, 1021333004, 4666, 1038621524, 4926, 1021976477, 4684, 1021933591, 4942, 1021370655, 4943, 1021758649, 4927, 1021153984, 4667, 1038343655, 4668, 1021330372, 4421, 1021321244, 4670, 1021978155, 4422, 1021759909, 4423, 1021368175, 4411, 1038344874]
[INFO] (lattice_cell.c: 455): on tick 6 of 50
[INFO] (lattice_cell.c: 172): the unmatched_packets is 56
[4936, 1038627126, 4680, 1038627215, 4928, 1038325747, 4424, 1038627279, 4920, 1038029435, 4425, 1038293466, 4416, 1038325978, 4930, 1038324027, 4427, 1038346286, 4419, 1038343151, 4429, 1021131561, 4685, 1021132649, 4431, 1021767771, 4943, 1021764294, 4927, 1021169020, 4687, 1021766426, 4924, 1021346304, 4422, 1021764040, 4413, 1021723506, 4926, 1021970293, 4669, 1021724738, 4670, 1021971981, 4921, 1038304469, 4417, 1038297877, 4410, 1038626108, 4938, 1038028449, 4664, 1038029519, 4931, 1038339706, 4939, 1038342845, 4922, 1038626129, 4940, 1021935466, 4409, 1038301023, 4411, 1038338701, 4925, 1021726757, 4934, 1021761631, 4426, 1038028436, 4935, 1021372433, 4412, 1021342873, 4923, 1038335208, 4418, 1038323962, 4932, 1021728792, 4941, 1021134481, 4414, 1021972905, 4428, 1021931800, 4937, 1038296860, 4929, 1038301325, 4408, 1038029598, 4681, 1038294753, 4682, 1038028430, 4430, 1021380649, 4420, 1021725312, 4683, 1038344975, 4665, 1038302342, 4684, 1021933263, 4415, 1021172286, 4933, 1021335859, 4666, 1038626105, 4686, 1021379849, 4667, 1038337368, 4421, 1021332724, 4942, 1021378338, 4423, 1021375880, 4668, 1021344260, 4671, 1021171030]
[INFO] (lattice_cell.c: 455): on tick 7 of 50
[INFO] (lattice_cell.c: 172): the unmatched_packets is 56
[4680, 1038627857, 4936, 1038627823, 4928, 1038325373, 4664, 1038024988, 4424, 1038627862, 4920, 1038024947, 4408, 1038024984, 4681, 1038303217, 4937, 1038305204, 4425, 1038301978, 4416, 1038325485, 4418, 1038322843, 4426, 1038023274, 4683, 1038348833, 4939, 1038346883, 4427, 1038350022, 4428, 1021927489, 4411, 1038344096, 4685, 1021117609, 4667, 1038342888, 4431, 1021759623, 4686, 1021377174, 4687, 1021757475, 4668, 1021335557, 4409, 1038307908, 4942, 1021375523, 4669, 1021710814, 4927, 1021158145, 4943, 1021754496, 4940, 1021931997, 4924, 1021338053, 4926, 1021972308, 4929, 1038307742, 4921, 1038311176, 4410, 1038626087, 4938, 1038023490, 4931, 1038343481, 4412, 1021333812, 4413, 1021710084, 4419, 1038346624, 4941, 1021119108, 4934, 1021753416, 4429, 1021116984, 4414, 1021975039, 4420, 1021710944, 4415, 1021163031, 4430, 1021378010, 4922, 1038626311, 4935, 1021367786, 4923, 1038340909, 4932, 1021715245, 4933, 1021326573, 4682, 1038023375, 4930, 1038323120, 4417, 1038304474, 4665, 1038309163, 4684, 1021929329, 4666, 1038626185, 4925, 1021712494, 4670, 1021974134, 4671, 1021160985, 4421, 1021324288, 4422, 1021755984, 4423, 1021372883]
[INFO] (lattice_cell.c: 455): on tick 8 of 50
[INFO] (lattice_cell.c: 172): the unmatched_packets is 56
[4936, 1038630595, 4680, 1038630710, 4928, 1038326189, 4424, 1038630794, 4920, 1038026839, 4416, 1038326492, 4408, 1038027058, 4425, 1038292957, 4682, 1038025309, 4426, 1038025310, 4938, 1038025348, 4683, 1038345507, 4410, 1038629025, 4428, 1021942858, 4411, 1038338394, 4430, 1021381619, 4943, 1021763312, 4421, 1021337976, 4687, 1021765547, 4670, 1021982920, 4671, 1021158989, 4922, 1038629083, 4412, 1021344607, 4664, 1038026964, 4923, 1038334886, 4932, 1021724254, 4409, 1038301355, 4937, 1038296367, 4681, 1038294244, 4665, 1038302678, 4929, 1038301136, 4413, 1021722949, 4418, 1038323733, 4934, 1021756509, 4427, 1038346817, 4931, 1038339687, 4927, 1021156940, 4429, 1021120361, 4414, 1021983697, 4415, 1021160331, 4420, 1021720568, 4431, 1021766978, 4921, 1038304819, 4941, 1021123036, 4933, 1021340870, 4925, 1021725988, 4422, 1021758621, 4930, 1038323846, 4935, 1021377193, 4939, 1038343366, 4940, 1021946763, 4684, 1021944463, 4942, 1021379613, 4685, 1021121331, 4666, 1038629035, 4419, 1038343141, 4686, 1021380961, 4924, 1021348231, 4667, 1038337045, 4926, 1021981372, 4423, 1021380799, 4417, 1038297666, 4668, 1021346082, 4669, 1021724065]
[INFO] (lattice_cell.c: 455): on tick 9 of 50
[INFO] (lattice_cell.c: 172): the unmatched_packets is 56
[4936, 1038626769, 4680, 1038626819, 4928, 1038325724, 4664, 1038026163, 4424, 1038626823, 4920, 1038026117, 4416, 1038325866, 4408, 1038026180, 4937, 1038305151, 4681, 1038303154, 4929, 1038307699, 4425, 1038301925, 4921, 1038311454, 4665, 1038309440, 4409, 1038308179, 4682, 1038024401, 4426, 1038024310, 4419, 1038346481, 4932, 1021714207, 4429, 1021109365, 4411, 1038343934, 4430, 1021374741, 4686, 1021373799, 4422, 1021754688, 4423, 1021374519, 4415, 1021156346, 4417, 1038304431, 4669, 1021713773, 4670, 1021980645, 4671, 1021154383, 4943, 1021758784, 4925, 1021715616, 4942, 1021372040, 4926, 1021978723, 4938, 1038024531, 4930, 1038323136, 4922, 1038625110, 4931, 1038343360, 4940, 1021938648, 4933, 1021327269, 4935, 1021369543, 4927, 1021151618, 4939, 1038347062, 4924, 1021335123, 4941, 1021111770, 4410, 1038624866, 4418, 1038322815, 4427, 1038350191, 4428, 1021934408, 4666, 1038624970, 4683, 1038349007, 4412, 1021331191, 4420, 1021710205, 4923, 1038340768, 4431, 1021763819, 4684, 1021936106, 4413, 1021712908, 4421, 1021324676, 4667, 1038342731, 4685, 1021110127, 4934, 1021751908, 4414, 1021981687, 4687, 1021761734, 4668, 1021332775]
[INFO] (lattice_cell.c: 455): on tick 10 of 50
[INFO] (lattice_cell.c: 172): the unmatched_packets is 56
[4680, 1038628130, 4936, 1038627994, 4928, 1038326584, 4424, 1038628230, 4664, 1038029965, 4920, 1038029824, 4416, 1038326955, 4408, 1038030075, 4681, 1038294193, 4929, 1038301158, 4417, 1038297681, 4427, 1038346885, 4666, 1038625977, 4942, 1021377493, 4927, 1021159179, 4667, 1038337019, 4931, 1038339736, 4412, 1021342579, 4932, 1021727834, 4933, 1021337350, 4422, 1021761613, 4925, 1021728165, 4934, 1021759766, 4670, 1021979949, 4671, 1021161347, 4923, 1038334853, 4921, 1038304857, 4410, 1038625953, 4938, 1038027897, 4411, 1038338359, 4930, 1038323566, 4937, 1038296314, 4425, 1038292904, 4409, 1038301398, 4924, 1021346402, 4426, 1038027818, 4418, 1038323395, 4922, 1038626048, 4682, 1038027832, 4941, 1021125620, 4926, 1021978526, 4428, 1021939735, 4683, 1038345564, 4665, 1038302717, 4429, 1021123225, 4684, 1021941453, 4939, 1038343427, 4413, 1021725359, 4685, 1021124059, 4414, 1021980590, 4415, 1021162799, 4430, 1021379221, 4419, 1038343192, 4943, 1021765554, 4686, 1021378710, 4935, 1021373670, 4940, 1021943881, 4420, 1021723918, 4687, 1021767889, 4431, 1021769458, 4669, 1021726354, 4421, 1021334712, 4423, 1021377550, 4668, 1021344183]
[INFO] (lattice_cell.c: 455): on tick 11 of 50
[INFO] (lattice_cell.c: 172): the unmatched_packets is 56
[4680, 1038626092, 4936, 1038626048, 4928, 1038325890, 4424, 1038626113, 4920, 1038027087, 4664, 1038027153, 4416, 1038326087, 4425, 1038301670, 4938, 1038025379, 4922, 1038624253, 4684, 1021929118, 4924, 1021336026, 4429, 1021115771, 4685, 1021116685, 4431, 1021763722, 4931, 1038343439, 4423, 1021372654, 4414, 1021974373, 4415, 1021163226, 4669, 1021712965, 4934, 1021753544, 4671, 1021161380, 4943, 1021758880, 4935, 1021367852, 4929, 1038307719, 4921, 1038311507, 4930, 1038322956, 4940, 1021931536, 4408, 1038027176, 4941, 1021118484, 4933, 1021324743, 4942, 1021372198, 4681, 1038302911, 4926, 1021971208, 4927, 1021158728, 4939, 1038347181, 4923, 1038340593, 4937, 1038304911, 4426, 1038025162, 4409, 1038308221, 4417, 1038304424, 4410, 1038624005, 4665, 1038309486, 4427, 1038350295, 4666, 1038624105, 4428, 1021927553, 4682, 1038025251, 4418, 1038322635, 4411, 1038343758, 4683, 1038349121, 4430, 1021375088, 4932, 1021716669, 4412, 1021332415, 4419, 1038346557, 4667, 1038342557, 4413, 1021711927, 4422, 1021756482, 4686, 1021374037, 4687, 1021761763, 4668, 1021333845, 4925, 1021714973, 4420, 1021712986, 4421, 1021321833, 4670, 1021973228]
[INFO] (lattice_cell.c: 455): on tick 12 of 50
[INFO] (lattice_cell.c: 172): the unmatched_packets is 56
[4680, 1038630094, 4936, 1038629943, 4928, 1038326957, 4424, 1038630192, 4920, 1038028578, 4416, 1038327362, 4408, 1038028859, 4681, 1038294024, 4937, 1038296138, 4425, 1038292733, 4665, 1038302992, 4923, 1038334552, 4410, 1038627382, 4684, 1021939592, 4429, 1021124688, 4686, 1021381408, 4924, 1021349226, 4420, 1021723240, 4422, 1021760842, 4413, 1021722662, 4668, 1021346892, 4669, 1021723512, 4671, 1021162577, 4664, 1038028739, 4921, 1038305127, 4930, 1038323327, 4938, 1038026208, 4932, 1021727355, 4922, 1038627540, 4941, 1021126819, 4943, 1021762926, 4927, 1021160298, 4940, 1021942138, 4409, 1038301680, 4935, 1021374181, 4925, 1021725222, 4426, 1038026078, 4417, 1038297755, 4929, 1038301215, 4427, 1038347018, 4411, 1038338036, 4428, 1021937735, 4682, 1038026112, 4418, 1038323097, 4683, 1038345700, 4430, 1021381816, 4412, 1021345165, 4939, 1038343569, 4431, 1021767145, 4933, 1021337490, 4414, 1021979045, 4415, 1021164183, 4685, 1021125386, 4666, 1038627433, 4687, 1021765430, 4419, 1038343113, 4942, 1021380292, 4667, 1038336703, 4421, 1021335079, 4423, 1021378351, 4934, 1021759230, 4926, 1021977153, 4931, 1038339675, 4670, 1021978497]
[INFO] (lattice_cell.c: 455): on tick 13 of 50
[INFO] (lattice_cell.c: 172): the unmatched_packets is 56
[4680, 1038627682, 4936, 1038627602, 4928, 1038326091, 4424, 1038627715, 4664, 1038025849, 4920, 1038025777, 4416, 1038326341, 4408, 1038025897, 4425, 1038301374, 4937, 1038304664, 4417, 1038304220, 4426, 1038023674, 4921, 1038311382, 4409, 1038308070, 4938, 1038023879, 4930, 1038322831, 4410, 1038625381, 4427, 1038350383, 4429, 1021112026, 4685, 1021113058, 4430, 1021375355, 4423, 1021375525, 4415, 1021159536, 4668, 1021335169, 4669, 1021713035, 4939, 1038347254, 4943, 1021759551, 4670, 1021976383, 4926, 1021974320, 4929, 1038307549, 4931, 1038343483, 4940, 1021935294, 4411, 1038343705, 4924, 1021337204, 4412, 1021333867, 4942, 1021372363, 4935, 1021370943, 4927, 1021155289, 4413, 1021711852, 4923, 1038340544, 4932, 1021714514, 4414, 1021977621, 4941, 1021114981, 4933, 1021327429, 4419, 1038346600, 4681, 1038302635, 4428, 1021931567, 4420, 1021711112, 4682, 1038023756, 4665, 1038309347, 4683, 1038349204, 4418, 1038322503, 4431, 1021764153, 4422, 1021753428, 4684, 1021933017, 4666, 1038625476, 4922, 1038625624, 4925, 1021715194, 4667, 1038342512, 4421, 1021324215, 4686, 1021374239, 4687, 1021762308, 4934, 1021750386, 4671, 1021157828]
[INFO] (lattice_cell.c: 455): on tick 14 of 50
[INFO] (lattice_cell.c: 172): the unmatched_packets is 56
[4936, 1038630506, 4424, 1038630775, 4664, 1038028673, 4928, 1038327336, 4416, 1038327762, 4425, 1038292859, 4408, 1038028789, 4417, 1038298074, 4938, 1038025760, 4426, 1038025577, 4930, 1038323134, 4923, 1038334386, 4418, 1038322830, 4428, 1021941529, 4684, 1021943502, 4429, 1021120049, 4940, 1021946156, 4925, 1021722591, 4421, 1021334646, 4942, 1021379112, 4422, 1021760209, 4934, 1021758752, 4926, 1021981707, 4670, 1021982983, 4671, 1021158176, 4943, 1021761095, 4937, 1038296242, 4929, 1038301524, 4921, 1038306222, 4939, 1038344398, 4932, 1021726672, 4927, 1021155750, 4922, 1038627737, 4924, 1021347942, 4933, 1021336848, 4427, 1038347835, 4409, 1038302803, 4680, 1038630671, 4410, 1038627516, 4411, 1038337847, 4920, 1038028501, 4412, 1021343739, 4430, 1021380513, 4681, 1038294145, 4419, 1038343127, 4413, 1021720228, 4414, 1021983448, 4682, 1038025642, 4665, 1038304107, 4431, 1021765645, 4415, 1021159919, 4683, 1038346525, 4420, 1021722361, 4666, 1038627592, 4941, 1021121934, 4685, 1021120610, 4935, 1021374202, 4686, 1021380176, 4667, 1038336531, 4931, 1038339710, 4687, 1021763768, 4668, 1021345528, 4423, 1021378690, 4669, 1021720980]
[INFO] (lattice_cell.c: 455): on tick 15 of 50
[INFO] (lattice_cell.c: 172): the unmatched_packets is 56
[4680, 1038623862, 4936, 1038623756, 4928, 1038326289, 4424, 1038623911, 4664, 1038029870, 4920, 1038029754, 4416, 1038326611, 4408, 1038029939, 4681, 1038302225, 4937, 1038304266, 4665, 1038308786, 4425, 1038300944, 4921, 1038310827, 4417, 1038303153, 4409, 1038307503, 4929, 1038306524, 4938, 1038027604, 4682, 1038027489, 4666, 1038621358, 4684, 1021930469, 4420, 1021713257, 4685, 1021116795, 4421, 1021326227, 4668, 1021328513, 4687, 1021771507, 4924, 1021330456, 4415, 1021162901, 4426, 1038027413, 4670, 1021972814, 4671, 1021161327, 4930, 1038322596, 4939, 1038347015, 4931, 1038342791, 4923, 1038340483, 4940, 1021932623, 4932, 1021716427, 4942, 1021364659, 4927, 1021158907, 4933, 1021329692, 4925, 1021724655, 4427, 1038350189, 4410, 1038621267, 4934, 1021751149, 4428, 1021929106, 4411, 1038343655, 4922, 1038621495, 4429, 1021115647, 4683, 1038348999, 4418, 1038322266, 4412, 1021327324, 4430, 1021367689, 4419, 1038345922, 4667, 1038342460, 4431, 1021773200, 4413, 1021721033, 4422, 1021754227, 4941, 1021118835, 4686, 1021366532, 4935, 1021373226, 4423, 1021377579, 4926, 1021970743, 4943, 1021768883, 4414, 1021974090, 4669, 1021722368]
[INFO] (lattice_cell.c: 455): on tick 16 of 50
[INFO] (lattice_cell.c: 172): the unmatched_packets is 56
[4680, 1038637838, 4936, 1038637681, 4664, 1038021885, 4424, 1038637922, 4920, 1038021724, 4416, 1038328026, 4408, 1038021992, 4937, 1038297145, 4683, 1038344027, 4666, 1038634667, 4924, 1021374944, 4429, 1021114556, 4685, 1021115029, 4411, 1038338336, 4934, 1021766041, 4932, 1021733824, 4925, 1021704208, 4668, 1021372504, 4933, 1021326970, 4422, 1021767448, 4423, 1021370347, 4669, 1021702641, 4415, 1021155026, 4670, 1021984953, 4671, 1021153155, 4927, 1021150603, 4931, 1038340002, 4929, 1038302168, 4921, 1038304121, 4938, 1038018891, 4930, 1038323006, 4939, 1038341942, 4923, 1038334921, 4940, 1021947313, 4922, 1038634837, 4941, 1021116277, 4926, 1021983676, 4942, 1021405819, 4943, 1021744321, 4935, 1021365487, 4928, 1038327578, 4425, 1038293780, 4409, 1038300713, 4665, 1038302019, 4681, 1038295060, 4417, 1038298736, 4426, 1038018672, 4410, 1038634574, 4427, 1038345314, 4682, 1038018755, 4418, 1038322649, 4428, 1021942492, 4430, 1021407158, 4419, 1038343360, 4684, 1021944557, 4667, 1038337038, 4431, 1021749289, 4412, 1021370705, 4686, 1021406849, 4420, 1021729425, 4421, 1021324929, 4413, 1021702023, 4414, 1021985387, 4687, 1021747210]
[INFO] (lattice_cell.c: 455): on tick 17 of 50
[INFO] (lattice_cell.c: 172): the unmatched_packets is 56
[4680, 1038608660, 4936, 1038608505, 4664, 1038045494, 4424, 1038608738, 4920, 1038045331, 4416, 1038327101, 4408, 1038045602, 4928, 1038326675, 4681, 1038301542, 4937, 1038303599, 4929, 1038308674, 4425, 1038300255, 4665, 1038308879, 4417, 1038305277, 4921, 1038310929, 4409, 1038307596, 4682, 1038042401, 4938, 1038042536, 4930, 1038322175, 4922, 1038605588, 4426, 1038042317, 4418, 1038321803, 4428, 1021913892, 4942, 1021311431, 4412, 1021274254, 4927, 1021176093, 4668, 1021275437, 4687, 1021823367, 4933, 1021347520, 4926, 1021954482, 4414, 1021957792, 4415, 1021179822, 4943, 1021820936, 4669, 1021775759, 4935, 1021390440, 4670, 1021956537, 4671, 1021178370, 4934, 1021723985, 4939, 1038347527, 4931, 1038345349, 4923, 1038340230, 4932, 1021690120, 4924, 1021277347, 4925, 1021778071, 4683, 1038349534, 4684, 1021915184, 4940, 1021917267, 4685, 1021134528, 4941, 1021136624, 4666, 1038605420, 4410, 1038605316, 4686, 1021313313, 4427, 1038350766, 4411, 1038343462, 4419, 1038348530, 4667, 1038342234, 4420, 1021687046, 4429, 1021133270, 4430, 1021314462, 4421, 1021343904, 4431, 1021824885, 4413, 1021774342, 4422, 1021727009, 4423, 1021394488]
[INFO] (lattice_cell.c: 455): on tick 18 of 50
[INFO] (lattice_cell.c: 172): the unmatched_packets is 56
[4936, 1038658937, 4680, 1038659079, 4920, 1038000772, 4424, 1038659155, 4416, 1038327960, 4928, 1038327541, 4408, 1038001026, 4681, 1038292706, 4929, 1038302174, 4937, 1038294799, 4665, 1038304747, 4417, 1038298747, 4921, 1038306835, 4425, 1038291414, 4409, 1038303444, 4682, 1037997994, 4426, 1037997921, 4683, 1038346262, 4666, 1038656109, 4428, 1021974468, 4411, 1038335448, 4421, 1021271362, 4430, 1021496733, 4686, 1021496452, 4431, 1021651055, 4423, 1021319325, 4414, 1022017817, 4415, 1021132669, 4942, 1021495458, 4669, 1021601372, 4670, 1022017368, 4926, 1022016100, 4671, 1021130683, 4935, 1021314096, 4943, 1021645653, 4930, 1038323168, 4922, 1038656265, 4939, 1038344210, 4931, 1038339573, 4923, 1038332133, 4933, 1021273427, 4934, 1021818960, 4938, 1037998119, 4940, 1021979371, 4924, 1021465420, 4925, 1021602954, 4684, 1021976574, 4412, 1021461270, 4932, 1021787234, 4427, 1038347518, 4685, 1021091161, 4418, 1038322822, 4420, 1021782846, 4413, 1021600730, 4410, 1038656015, 4429, 1021090735, 4419, 1038342852, 4687, 1021648780, 4667, 1038334202, 4422, 1021820292, 4927, 1021127978, 4941, 1021092409, 4668, 1021463067, 4664, 1038000924]
[INFO] (lattice_cell.c: 455): on tick 19 of 50
[INFO] (lattice_cell.c: 172): the unmatched_packets is 56
[4680, 1038605746, 4936, 1038605570, 4928, 1038327234, 4664, 1038049249, 4424, 1038605840, 4920, 1038049065, 4408, 1038049367, 4681, 1038301505, 4937, 1038303583, 4425, 1038300212, 4921, 1038309335, 4426, 1038045416, 4418, 1038321151, 4683, 1038348458, 4666, 1038601845, 4940, 1021882171, 4667, 1038342711, 4939, 1038346395, 4429, 1021169159, 4934, 1021634023, 4421, 1021444514, 4431, 1021928710, 4413, 1021879364, 4687, 1021927280, 4923, 1038340668, 4415, 1021213491, 4941, 1021172442, 4669, 1021880794, 4671, 1021212151, 4416, 1038327742, 4926, 1021919501, 4927, 1021210023, 4924, 1021179196, 4410, 1038601721, 4929, 1038306004, 4931, 1038343143, 4933, 1021448078, 4411, 1038343957, 4942, 1021212494, 4412, 1021176179, 4935, 1021489229, 4943, 1021924970, 4932, 1021600188, 4925, 1021883117, 4427, 1038349717, 4414, 1021922863, 4682, 1038045525, 4428, 1021878821, 4938, 1038045691, 4930, 1038321625, 4420, 1021597194, 4922, 1038602058, 4430, 1021215479, 4422, 1021637064, 4423, 1021493061, 4684, 1021880105, 4665, 1038307275, 4417, 1038302585, 4409, 1038306011, 4685, 1021170400, 4686, 1021214333, 4419, 1038346387, 4668, 1021177334, 4670, 1021921577]
[INFO] (lattice_cell.c: 455): on tick 20 of 50
[INFO] (lattice_cell.c: 172): the unmatched_packets is 56
[4936, 1038620994, 4680, 1038621154, 4928, 1038327680, 4664, 1038037982, 4424, 1038621243, 4920, 1038037796, 4408, 1038038108, 4416, 1038328170, 4425, 1038294321, 4682, 1038034797, 4418, 1038322728, 4683, 1038346162, 4427, 1038347383, 4684, 1022025361, 4429, 1021029980, 4685, 1021030477, 4667, 1038336566, 4943, 1021619609, 4687, 1021622786, 4421, 1021165791, 4670, 1022065282, 4671, 1021072960, 4929, 1038303869, 4921, 1038307249, 4410, 1038617847, 4411, 1038337796, 4938, 1038034925, 4930, 1038323056, 4417, 1038300417, 4409, 1038303854, 4426, 1038034737, 4922, 1038618098, 4412, 1021486960, 4931, 1038340793, 4413, 1021573990, 4924, 1021491227, 4933, 1021168005, 4414, 1022065658, 4937, 1038297668, 4926, 1022064062, 4681, 1038295592, 4942, 1021522485, 4927, 1021070107, 4935, 1021211100, 4665, 1038305166, 4939, 1038344154, 4419, 1038343967, 4923, 1038334534, 4428, 1022023288, 4932, 1021885956, 4666, 1038617940, 4940, 1022028153, 4430, 1021523842, 4420, 1021881628, 4431, 1021625101, 4941, 1021031863, 4686, 1021523521, 4415, 1021075050, 4422, 1021918402, 4423, 1021216583, 4668, 1021488779, 4925, 1021576256, 4669, 1021574633, 4934, 1021917114]
[INFO] (lattice_cell.c: 455): on tick 21 of 50
[INFO] (lattice_cell.c: 172): the unmatched_packets is 56
[4424, 1038670619, 4936, 1038670358, 4680, 1038670533, 4920, 1037985928, 4416, 1038327731, 4928, 1038327259, 4408, 1037986224, 4681, 1038299247, 4930, 1038321731, 4666, 1038666499, 4922, 1038666717, 4427, 1038350797, 4931, 1038343297, 4428, 1021806814, 4431, 1021825613, 4687, 1021824084, 4935, 1021515388, 4421, 1021471178, 4412, 1021277296, 4413, 1021775184, 4414, 1021851153, 4934, 1021607117, 4669, 1021776564, 4671, 1021288344, 4938, 1037982469, 4939, 1038347427, 4923, 1038338910, 4940, 1021810266, 4933, 1021474692, 4942, 1021310558, 4943, 1021821645, 4932, 1021574711, 4941, 1021250895, 4925, 1021778885, 4409, 1038306563, 4410, 1038666349, 4664, 1037986108, 4425, 1038297929, 4411, 1038342242, 4665, 1038307852, 4417, 1038302265, 4426, 1037982159, 4418, 1038321225, 4937, 1038301357, 4929, 1038305678, 4429, 1021247804, 4921, 1038309924, 4419, 1038346624, 4430, 1021313397, 4682, 1037982273, 4415, 1021289606, 4683, 1038349510, 4420, 1021571781, 4684, 1021808124, 4422, 1021610013, 4667, 1038340973, 4685, 1021248967, 4686, 1021312313, 4668, 1021278308, 4423, 1021519176, 4926, 1021847840, 4670, 1021849898, 4927, 1021286340, 4924, 1021279948]
[INFO] (lattice_cell.c: 455): on tick 22 of 50
[INFO] (lattice_cell.c: 172): the unmatched_packets is 56
[4936, 1038586607, 4680, 1038586795, 4664, 1038072508, 4424, 1038586918, 4920, 1038072290, 4416, 1038328789, 4408, 1038072652, 4928, 1038328166, 4937, 1038298236, 4681, 1038296183, 4425, 1038294891, 4665, 1038304078, 4921, 1038306113, 4929, 1038303201, 4426, 1038068886, 4938, 1038069073, 4682, 1038068941, 4939, 1038342591, 4667, 1038336640, 4931, 1038339693, 4428, 1022079118, 4684, 1022081194, 4420, 1021781134, 4685, 1020975148, 4412, 1021319389, 4430, 1021357336, 4421, 1021269120, 4687, 1021797224, 4422, 1021819855, 4423, 1021320046, 4933, 1021271435, 4671, 1021018518, 4926, 1022120889, 4943, 1021794128, 4935, 1021314631, 4927, 1021015623, 4924, 1021323878, 4922, 1038583371, 4923, 1038334654, 4940, 1022083978, 4932, 1021785616, 4925, 1021749854, 4942, 1021356031, 4934, 1021818434, 4941, 1020976566, 4409, 1038302824, 4417, 1038299780, 4427, 1038345847, 4666, 1038583199, 4419, 1038342831, 4683, 1038344610, 4429, 1020974600, 4413, 1021747256, 4418, 1038321907, 4410, 1038583107, 4414, 1022122674, 4431, 1021799422, 4411, 1038337837, 4415, 1021020629, 4686, 1021357067, 4668, 1021321328, 4930, 1038322309, 4669, 1021748047, 4670, 1022122195]
[INFO] (lattice_cell.c: 455): on tick 23 of 50
[INFO] (lattice_cell.c: 172): the unmatched_packets is 56
[4680, 1038634699, 4928, 1038327635, 4424, 1038634776, 4664, 1038020710, 4920, 1038020512, 4416, 1038328132, 4408, 1038020819, 4936, 1038634542, 4681, 1038300094, 4937, 1038302222, 4665, 1038308584, 4425, 1038298783, 4921, 1038310727, 4417, 1038303452, 4409, 1038307248, 4929, 1038306996, 4683, 1038350724, 4939, 1038348644, 4427, 1038351976, 4684, 1021838068, 4924, 1021378219, 4410, 1038630305, 4419, 1038348299, 4941, 1021215620, 4685, 1021213701, 4430, 1021411406, 4412, 1021375641, 4687, 1021721661, 4422, 1021775456, 4423, 1021346267, 4943, 1021719192, 4669, 1021675808, 4413, 1021674569, 4670, 1021877231, 4671, 1021253817, 4938, 1038016878, 4931, 1038345021, 4923, 1038340185, 4940, 1021840090, 4682, 1038016673, 4926, 1021875328, 4930, 1038321803, 4932, 1021742852, 4922, 1038630724, 4426, 1038016547, 4418, 1038321270, 4933, 1021300609, 4925, 1021677905, 4666, 1038630477, 4942, 1021408528, 4927, 1021251730, 4411, 1038343560, 4935, 1021342149, 4428, 1021836788, 4686, 1021410286, 4667, 1038342280, 4429, 1021212582, 4934, 1021772723, 4668, 1021376603, 4420, 1021740204, 4431, 1021723258, 4414, 1021878378, 4415, 1021255171, 4421, 1021297291]
[INFO] (lattice_cell.c: 455): on tick 24 of 50
[INFO] (lattice_cell.c: 172): the unmatched_packets is 56
[4680, 1038653352, 4936, 1038653135, 4928, 1038327976, 4664, 1038007929, 4424, 1038653494, 4920, 1038007682, 4416, 1038328581, 4408, 1038008102, 4681, 1038294329, 4937, 1038296366, 4425, 1038293066, 4665, 1038304433, 4921, 1038306431, 4417, 1038299222, 4929, 1038302527, 4409, 1038303215, 4426, 1038003813, 4418, 1038321948, 4428, 1021941578, 4420, 1021683102, 4941, 1021119855, 4421, 1021369801, 4430, 1021387356, 4412, 1021349943, 4413, 1021713418, 4422, 1021722152, 4686, 1021387032, 4423, 1021422334, 4926, 1021985619, 4669, 1021714386, 4670, 1021987022, 4671, 1021161141, 4943, 1021762745, 4935, 1021417113, 4427, 1038345771, 4938, 1038004022, 4930, 1038322324, 4922, 1038649422, 4939, 1038342513, 4414, 1021987532, 4429, 1021117648, 4925, 1021716363, 4431, 1021768090, 4942, 1021385970, 4934, 1021720726, 4940, 1021946663, 4927, 1021158400, 4932, 1021687646, 4933, 1021372569, 4682, 1038003880, 4410, 1038649137, 4666, 1038649234, 4931, 1038338648, 4923, 1038332435, 4683, 1038344531, 4419, 1038341820, 4684, 1021943744, 4924, 1021354252, 4685, 1021118307, 4667, 1038334404, 4668, 1021351784, 4687, 1021765891, 4415, 1021163094, 4411, 1038335595]
[INFO] (lattice_cell.c: 455): on tick 25 of 50
[INFO] (lattice_cell.c: 172): the unmatched_packets is 56
[4936, 1038617613, 4680, 1038617783, 4928, 1038327892, 4424, 1038617862, 4664, 1038038281, 4920, 1038038090, 4416, 1038328448, 4408, 1038038399, 4937, 1038303041, 4681, 1038300858, 4929, 1038306479, 4425, 1038299484, 4921, 1038310281, 4417, 1038302883, 4409, 1038306779, 4426, 1038033977, 4418, 1038320696, 4420, 1021709806, 4685, 1021065379, 4421, 1021330393, 4431, 1021790914, 4422, 1021744949, 4415, 1021106260, 4687, 1021789221, 4933, 1021333340, 4669, 1021742861, 4670, 1022023757, 4671, 1021104786, 4934, 1021742307, 4943, 1021786664, 4927, 1021102547, 4935, 1021373462, 4411, 1038344650, 4412, 1021312163, 4922, 1038613657, 4413, 1021741714, 4939, 1038348520, 4931, 1038344837, 4414, 1022024858, 4932, 1021712535, 4427, 1038351889, 4938, 1038034323, 4428, 1021984284, 4925, 1021744915, 4942, 1021343198, 4926, 1022021905, 4429, 1021064480, 4923, 1038341338, 4430, 1021345759, 4924, 1021314737, 4423, 1021377686, 4930, 1038321293, 4682, 1038034111, 4665, 1038308132, 4683, 1038350617, 4410, 1038613224, 4940, 1021987509, 4684, 1021985528, 4666, 1038613402, 4941, 1021067092, 4419, 1038348119, 4686, 1021344778, 4667, 1038343406, 4668, 1021313146]
[INFO] (lattice_cell.c: 455): on tick 26 of 50
[INFO] (lattice_cell.c: 172): the unmatched_packets is 56
[4680, 1038616213, 4936, 1038615992, 4424, 1038616356, 4664, 1038043701, 4920, 1038043445, 4416, 1038329433, 4928, 1038328721, 4408, 1038043889, 4937, 1038297122, 4681, 1038295128, 4929, 1038303117, 4425, 1038293898, 4921, 1038306475, 4417, 1038299796, 4409, 1038303283, 4665, 1038304500, 4938, 1038039687, 4930, 1038322071, 4922, 1038612193, 4666, 1038612000, 4426, 1038039473, 4418, 1038321616, 4410, 1038611903, 4682, 1038039537, 4939, 1038342314, 4427, 1038345546, 4668, 1021344756, 4685, 1021138260, 4429, 1021137394, 4933, 1021304943, 4686, 1021381393, 4431, 1021775864, 4420, 1021747664, 4927, 1021180159, 4687, 1021773788, 4943, 1021770765, 4421, 1021301930, 4422, 1021786717, 4670, 1021962752, 4926, 1021961302, 4671, 1021182862, 4423, 1021355903, 4415, 1021184723, 4923, 1038332910, 4931, 1038338969, 4932, 1021752019, 4924, 1021347224, 4941, 1021140017, 4925, 1021724434, 4683, 1038344307, 4935, 1021350724, 4940, 1021922667, 4684, 1021919787, 4942, 1021380198, 4934, 1021785097, 4411, 1038336096, 4412, 1021342932, 4413, 1021721257, 4667, 1038334886, 4419, 1038342093, 4428, 1021917719, 4430, 1021381832, 4414, 1021963317, 4669, 1021722323]
[INFO] (lattice_cell.c: 455): on tick 27 of 50
[INFO] (lattice_cell.c: 172): the unmatched_packets is 56
[4680, 1038636914, 4936, 1038636745, 4928, 1038327790, 4424, 1038637004, 4920, 1038019244, 4664, 1038019458, 4408, 1038019586, 4425, 1038298741, 4921, 1038310264, 4409, 1038306744, 4426, 1038014880, 4418, 1038320740, 4429, 1021148788, 4430, 1021389210, 4431, 1021744619, 4668, 1021357579, 4415, 1021189732, 4687, 1021742780, 4410, 1038632071, 4924, 1021359168, 4427, 1038352073, 4670, 1021941293, 4926, 1021939577, 4923, 1038340830, 4943, 1021740097, 4927, 1021185895, 4922, 1038632543, 4931, 1038345290, 4939, 1038348692, 4412, 1021356538, 4413, 1021695653, 4932, 1021720276, 4681, 1038300126, 4937, 1038302332, 4929, 1038306735, 4416, 1038328358, 4665, 1038308098, 4417, 1038303101, 4934, 1021748043, 4428, 1021901992, 4942, 1021386846, 4938, 1038015243, 4930, 1038321326, 4935, 1021366257, 4421, 1021322238, 4682, 1038015018, 4940, 1021905453, 4666, 1038632264, 4683, 1038350801, 4422, 1021750296, 4419, 1038348576, 4941, 1021151188, 4925, 1021698561, 4420, 1021717532, 4684, 1021903356, 4411, 1038344147, 4667, 1038342904, 4933, 1021325057, 4685, 1021149598, 4686, 1021388322, 4423, 1021370796, 4414, 1021942274, 4669, 1021696668, 4671, 1021188176]
[INFO] (lattice_cell.c: 455): on tick 28 of 50
[INFO] (lattice_cell.c: 172): the unmatched_packets is 56
[4680, 1038641255, 4936, 1038641001, 4928, 1038328610, 4424, 1038641411, 4664, 1038020631, 4920, 1038020341, 4416, 1038329343, 4408, 1038020838, 4937, 1038296577, 4425, 1038293329, 4683, 1038344482, 4410, 1038636233, 4428, 1021954023, 4684, 1021956029, 4429, 1021102733, 4412, 1021345816, 4421, 1021347752, 4413, 1021716974, 4686, 1021383588, 4422, 1021742990, 4414, 1022000937, 4417, 1038299578, 4942, 1021382302, 4943, 1021768104, 4670, 1022000217, 4927, 1021145210, 4935, 1021396910, 4929, 1038302858, 4938, 1038015990, 4930, 1038321762, 4922, 1038636575, 4939, 1038342491, 4411, 1038335378, 4923, 1038332240, 4426, 1038015735, 4924, 1021349813, 4418, 1038321300, 4427, 1038345729, 4681, 1038294574, 4925, 1021720482, 4933, 1021351063, 4926, 1021998614, 4934, 1021741128, 4419, 1038341707, 4921, 1038306810, 4682, 1038015811, 4931, 1038338576, 4665, 1038304846, 4932, 1021707414, 4941, 1021105541, 4940, 1021958828, 4666, 1038636352, 4430, 1021384132, 4420, 1021703215, 4685, 1021103701, 4431, 1021773128, 4667, 1038334201, 4423, 1021401827, 4415, 1021149525, 4687, 1021771108, 4668, 1021347494, 4409, 1038303646, 4669, 1021718215, 4671, 1021147779]
[INFO] (lattice_cell.c: 455): on tick 29 of 50
[INFO] (lattice_cell.c: 172): the unmatched_packets is 56
[4680, 1038622474, 4936, 1038622290, 4424, 1038622567, 4664, 1038033722, 4920, 1038033509, 4425, 1038299102, 4408, 1038033857, 4682, 1038029316, 4938, 1038029526, 4410, 1038617644, 4923, 1038341282, 4428, 1021956608, 4430, 1021357958, 4420, 1021715004, 4687, 1021776194, 4421, 1021325826, 4422, 1021747489, 4423, 1021374043, 4668, 1021327770, 4933, 1021328359, 4416, 1038328873, 4925, 1021731133, 4426, 1038029181, 4942, 1021355945, 4934, 1021745485, 4926, 1021993197, 4669, 1021729275, 4417, 1038302725, 4670, 1021994765, 4671, 1021133231, 4927, 1021130781, 4941, 1021095438, 4929, 1038306382, 4921, 1038310143, 4409, 1038306613, 4922, 1038618093, 4930, 1038321123, 4931, 1038345005, 4411, 1038344579, 4932, 1021717954, 4412, 1021326652, 4928, 1038328252, 4427, 1038352017, 4937, 1038302726, 4418, 1038320491, 4681, 1038300504, 4939, 1038348639, 4943, 1021773372, 4419, 1038348279, 4665, 1038307970, 4413, 1021728374, 4429, 1021093268, 4414, 1021995589, 4415, 1021134937, 4924, 1021329436, 4683, 1038350740, 4431, 1021778166, 4935, 1021369255, 4666, 1038617821, 4684, 1021958035, 4940, 1021960170, 4685, 1021093946, 4686, 1021357252, 4667, 1038343341]
[INFO] (lattice_cell.c: 455): on tick 30 of 50
[INFO] (lattice_cell.c: 172): the unmatched_packets is 56
[4680, 1038622341, 4936, 1038622094, 4928, 1038329182, 4424, 1038622497, 4664, 1038038635, 4920, 1038038330, 4416, 1038329987, 4425, 1038293874, 4665, 1038305496, 4409, 1038304302, 4418, 1038320985, 4939, 1038343157, 4666, 1038617350, 4685, 1021132591, 4927, 1021174546, 4686, 1021377066, 4421, 1021314593, 4422, 1021773512, 4423, 1021369441, 4687, 1021774750, 4932, 1021738215, 4925, 1021724455, 4669, 1021722073, 4943, 1021771873, 4935, 1021364658, 4670, 1021969487, 4671, 1021177002, 4931, 1038339010, 4921, 1038307455, 4938, 1038033879, 4923, 1038332762, 4408, 1038038847, 4940, 1021928087, 4924, 1021342813, 4410, 1038617217, 4922, 1038617593, 4941, 1021134577, 4933, 1021318125, 4681, 1038295116, 4937, 1038297109, 4426, 1038033611, 4929, 1038303284, 4417, 1038299970, 4427, 1038346403, 4682, 1038033697, 4930, 1038321535, 4419, 1038342127, 4428, 1021923481, 4412, 1021339037, 4683, 1038345162, 4934, 1021771438, 4684, 1021925376, 4926, 1021967766, 4429, 1021131484, 4411, 1038335922, 4942, 1021375645, 4430, 1021377775, 4413, 1021720736, 4420, 1021734313, 4431, 1021776617, 4414, 1021970324, 4667, 1038334729, 4415, 1021178616, 4668, 1021340575]
[INFO] (lattice_cell.c: 455): on tick 31 of 50
[INFO] (lattice_cell.c: 172): the unmatched_packets is 56
[4680, 1038631860, 4936, 1038631658, 4424, 1038631958, 4664, 1038024772, 4920, 1038024532, 4416, 1038328790, 4928, 1038328123, 4408, 1038024929, 4425, 1038298619, 4417, 1038302154, 4426, 1038019962, 4418, 1038320302, 4419, 1038347602, 4940, 1021919971, 4421, 1021321545, 4412, 1021350634, 4923, 1038340723, 4687, 1021753229, 4422, 1021753481, 4668, 1021351880, 4942, 1021379961, 4415, 1021176506, 4669, 1021705993, 4670, 1021954717, 4935, 1021366074, 4671, 1021174689, 4927, 1021172169, 4924, 1021353634, 4929, 1038305824, 4938, 1038020316, 4930, 1038320918, 4922, 1038627204, 4939, 1038347992, 4932, 1021725378, 4933, 1021323973, 4934, 1021751845, 4926, 1021953288, 4943, 1021750277, 4931, 1038344366, 4681, 1038300024, 4925, 1021707738, 4937, 1038302241, 4409, 1038306079, 4410, 1038626731, 4921, 1038309597, 4427, 1038351376, 4411, 1038344000, 4428, 1021916080, 4682, 1038020092, 4420, 1021722251, 4429, 1021135043, 4683, 1038350097, 4665, 1038307435, 4430, 1021381731, 4684, 1021917678, 4431, 1021755352, 4666, 1038626922, 4685, 1021135631, 4413, 1021705184, 4423, 1021371177, 4686, 1021381138, 4414, 1021955407, 4941, 1021137020, 4667, 1038342779]
[INFO] (lattice_cell.c: 455): on tick 32 of 50
[INFO] (lattice_cell.c: 172): the unmatched_packets is 56
[4936, 1038638073, 4680, 1038638349, 4928, 1038329207, 4424, 1038638507, 4664, 1038024082, 4920, 1038023771, 4416, 1038330017, 4408, 1038024298, 4684, 1021943175, 4429, 1021111240, 4935, 1021387528, 4686, 1021387535, 4421, 1021337406, 4423, 1021392091, 4414, 1021988416, 4415, 1021157629, 4932, 1021714036, 4687, 1021771986, 4941, 1021114447, 4669, 1021718781, 4670, 1021987456, 4409, 1038302368, 4671, 1021156140, 4927, 1021153799, 4933, 1021341163, 4921, 1038305546, 4938, 1038018823, 4923, 1038333255, 4922, 1038633058, 4939, 1038341389, 4425, 1038294166, 4925, 1021721262, 4942, 1021385983, 4934, 1021746976, 4943, 1021769172, 4940, 1021945771, 4924, 1021353982, 4426, 1038018495, 4410, 1038632614, 4937, 1038297428, 4427, 1038344637, 4929, 1038303566, 4411, 1038336403, 4419, 1038342577, 4428, 1021941407, 4681, 1038295413, 4420, 1021710409, 4665, 1038303583, 4417, 1038300253, 4412, 1021350622, 4682, 1038018603, 4430, 1021388365, 4930, 1038321351, 4418, 1038320778, 4431, 1021773803, 4683, 1038343394, 4666, 1038632784, 4413, 1021717350, 4422, 1021749287, 4685, 1021112427, 4926, 1021985625, 4931, 1038339439, 4667, 1038335214, 4668, 1021351962]
[INFO] (lattice_cell.c: 455): on tick 33 of 50
[INFO] (lattice_cell.c: 172): the unmatched_packets is 56
[4936, 1038627823, 4680, 1038628041, 4928, 1038328498, 4664, 1038028741, 4424, 1038628170, 4920, 1038028477, 4416, 1038329228, 4408, 1038028917, 4425, 1038298396, 4682, 1038023841, 4938, 1038024061, 4428, 1021951819, 4419, 1038349357, 4684, 1021953548, 4429, 1021100722, 4926, 1021989024, 4943, 1021766596, 4422, 1021742586, 4423, 1021374505, 4687, 1021769631, 4414, 1021990870, 4924, 1021340133, 4668, 1021338202, 4942, 1021366160, 4669, 1021721278, 4927, 1021138631, 4930, 1038320740, 4933, 1021326758, 4921, 1038309583, 4922, 1038623158, 4411, 1038343522, 4426, 1038023723, 4412, 1021336812, 4931, 1038346121, 4427, 1038351154, 4413, 1021720501, 4430, 1021367525, 4420, 1021710995, 4431, 1021771803, 4940, 1021955944, 4421, 1021324478, 4932, 1021714454, 4925, 1021723056, 4934, 1021741228, 4935, 1021369199, 4923, 1038340282, 4937, 1038302029, 4681, 1038299805, 4929, 1038307804, 4417, 1038304163, 4409, 1038306126, 4665, 1038307446, 4683, 1038349862, 4939, 1038347749, 4418, 1038320097, 4410, 1038622698, 4666, 1038622872, 4941, 1021102561, 4685, 1021101223, 4686, 1021367139, 4667, 1038342313, 4670, 1021990327, 4671, 1021141290, 4415, 1021143245]
[INFO] (lattice_cell.c: 455): on tick 34 of 50
[INFO] (lattice_cell.c: 172): the unmatched_packets is 56
[4936, 1038622903, 4680, 1038623154, 4664, 1038038418, 4424, 1038623305, 4920, 1038038112, 4416, 1038330428, 4928, 1038329586, 4681, 1038293594, 4408, 1038038630, 4682, 1038033104, 4418, 1038320570, 4428, 1021934014, 4419, 1038343058, 4940, 1021938055, 4430, 1021367066, 4421, 1021321711, 4667, 1038333691, 4423, 1021376500, 4934, 1021760316, 4670, 1021979203, 4941, 1021130090, 4671, 1021171371, 4938, 1038033318, 4930, 1038321216, 4931, 1038339961, 4409, 1038305157, 4923, 1038331722, 4411, 1038334872, 4924, 1021333540, 4922, 1038618048, 4937, 1038295633, 4933, 1021325492, 4425, 1038292322, 4942, 1021364409, 4412, 1021330644, 4926, 1021977272, 4929, 1038303805, 4426, 1038032990, 4943, 1021777867, 4417, 1038300408, 4921, 1038308414, 4935, 1021371974, 4665, 1038306403, 4427, 1038347750, 4932, 1021728458, 4410, 1038617602, 4420, 1021725249, 4683, 1038346533, 4429, 1021126742, 4413, 1021725795, 4939, 1038344530, 4927, 1021169135, 4684, 1021935630, 4666, 1038617766, 4431, 1021782485, 4685, 1021128011, 4422, 1021762887, 4686, 1021366069, 4414, 1021980294, 4415, 1021172780, 4687, 1021780696, 4668, 1021331764, 4669, 1021727270, 4925, 1021729770]
[INFO] (lattice_cell.c: 455): on tick 35 of 50
[INFO] (lattice_cell.c: 172): the unmatched_packets is 56
[4936, 1038632930, 4680, 1038633183, 4928, 1038328736, 4664, 1038024207, 4424, 1038633318, 4416, 1038329559, 4408, 1038024404, 4937, 1038301761, 4681, 1038299588, 4425, 1038298212, 4665, 1038305296, 4921, 1038307374, 4417, 1038301444, 4426, 1038018629, 4409, 1038304020, 4682, 1038018757, 4930, 1038320267, 4666, 1038627443, 4427, 1038348643, 4419, 1038346239, 4684, 1021928817, 4430, 1021396608, 4431, 1021751635, 4423, 1021366536, 4414, 1021967013, 4415, 1021168665, 4932, 1021735282, 4687, 1021749458, 4410, 1038627249, 4669, 1021701174, 4671, 1021166675, 4934, 1021762255, 4926, 1021965419, 4943, 1021746392, 4935, 1021361110, 4411, 1038342944, 4938, 1038018990, 4922, 1038627757, 4920, 1038023907, 4929, 1038305005, 4939, 1038345199, 4940, 1021931424, 4925, 1021702942, 4942, 1021395425, 4428, 1021926908, 4683, 1038347326, 4927, 1021163976, 4418, 1038319599, 4923, 1038339693, 4429, 1021125842, 4931, 1038342993, 4421, 1021315360, 4924, 1021368166, 4941, 1021127681, 4422, 1021763302, 4933, 1021317719, 4685, 1021126347, 4686, 1021396338, 4667, 1038341724, 4420, 1021731488, 4413, 1021700392, 4412, 1021364413, 4668, 1021366035, 4670, 1021966610]
[INFO] (lattice_cell.c: 455): on tick 36 of 50
[INFO] (lattice_cell.c: 172): the unmatched_packets is 56
[4680, 1038625186, 4936, 1038624929, 4424, 1038625336, 4920, 1038036568, 4408, 1038037098, 4928, 1038329371, 4664, 1038036878, 4416, 1038330195, 4681, 1038296239, 4937, 1038298336, 4929, 1038305843, 4425, 1038294911, 4665, 1038306499, 4417, 1038302343, 4409, 1038305217, 4921, 1038308545, 4426, 1038031321, 4930, 1038321258, 4666, 1038619655, 4410, 1038619475, 4684, 1021922134, 4940, 1021924392, 4429, 1021128892, 4685, 1021130131, 4686, 1021343960, 4422, 1021733345, 4669, 1021747361, 4670, 1021964540, 4934, 1021730712, 4926, 1021962544, 4935, 1021392196, 4927, 1021170908, 4924, 1021313106, 4941, 1021132207, 4939, 1038345041, 4931, 1038342367, 4923, 1038334805, 4427, 1038348249, 4428, 1021920696, 4411, 1038337907, 4925, 1021749901, 4682, 1038031436, 4412, 1021310616, 4942, 1021342249, 4938, 1038031650, 4430, 1021345036, 4943, 1021798332, 4421, 1021341358, 4932, 1021700720, 4431, 1021802928, 4413, 1021745859, 4415, 1021174512, 4922, 1038619939, 4414, 1021965713, 4418, 1038320652, 4683, 1038347038, 4667, 1038336752, 4419, 1038345435, 4933, 1021345239, 4420, 1021697944, 4668, 1021311543, 4687, 1021801144, 4423, 1021396730, 4671, 1021173125]
[INFO] (lattice_cell.c: 455): on tick 37 of 50
[INFO] (lattice_cell.c: 172): the unmatched_packets is 56
[4936, 1038649204, 4680, 1038649473, 4664, 1038008836, 4424, 1038649621, 4920, 1038008522, 4408, 1038009055, 4928, 1038329162, 4681, 1038297492, 4937, 1038299624, 4929, 1038304888, 4665, 1038307926, 4921, 1038309966, 4417, 1038301412, 4425, 1038296144, 4409, 1038306679, 4682, 1038002962, 4426, 1038002810, 4922, 1038643591, 4430, 1021444418, 4420, 1021751589, 4943, 1021690518, 4923, 1038337139, 4687, 1021693704, 4925, 1021645504, 4668, 1021413841, 4421, 1021295106, 4413, 1021642940, 4927, 1021126615, 4671, 1021129337, 4941, 1021090339, 4934, 1021784119, 4930, 1038320055, 4939, 1038347353, 4933, 1021297386, 4942, 1021443344, 4926, 1022012523, 4932, 1021755684, 4940, 1021976959, 4935, 1021340869, 4410, 1038643059, 4411, 1038340391, 4938, 1038003210, 4418, 1038319308, 4427, 1038350792, 4416, 1038330018, 4683, 1038349479, 4428, 1021972092, 4419, 1038345721, 4931, 1038342461, 4429, 1021088558, 4412, 1021412172, 4684, 1021974192, 4666, 1038643269, 4685, 1021089026, 4431, 1021696009, 4414, 1022014052, 4686, 1021444202, 4415, 1021131328, 4924, 1021416022, 4667, 1038339176, 4422, 1021785133, 4423, 1021346349, 4669, 1021643707, 4670, 1022013679]
[INFO] (lattice_cell.c: 455): on tick 38 of 50
[INFO] (lattice_cell.c: 172): the unmatched_packets is 56
[4936, 1038605591, 4680, 1038605867, 4928, 1038329729, 4424, 1038606022, 4920, 1038055426, 4664, 1038055761, 4416, 1038330642, 4408, 1038055997, 4937, 1038298643, 4681, 1038296495, 4929, 1038303403, 4425, 1038295139, 4665, 1038302371, 4921, 1038304435, 4417, 1038299820, 4409, 1038301082, 4426, 1038050052, 4427, 1038344631, 4419, 1038343434, 4684, 1021899202, 4429, 1021152276, 4685, 1021153556, 4430, 1021262316, 4431, 1021900582, 4686, 1021261254, 4422, 1021684929, 4423, 1021453137, 4415, 1021198384, 4668, 1021229532, 4934, 1021682305, 4670, 1021939226, 4943, 1021896265, 4927, 1021194783, 4938, 1038050370, 4930, 1038320927, 4922, 1038600468, 4410, 1038600012, 4939, 1038341364, 4932, 1021653793, 4682, 1038050154, 4428, 1021897895, 4942, 1021259609, 4683, 1038343392, 4926, 1021937303, 4418, 1038320290, 4420, 1021651235, 4931, 1038340374, 4666, 1038600178, 4940, 1021901270, 4413, 1021844764, 4923, 1038335530, 4941, 1021155671, 4924, 1021231053, 4925, 1021848884, 4933, 1021402003, 4411, 1038338638, 4667, 1038337487, 4935, 1021448682, 4421, 1021398104, 4412, 1021228614, 4687, 1021898920, 4414, 1021940400, 4669, 1021846307, 4671, 1021197022]
[INFO] (lattice_cell.c: 455): on tick 39 of 50
[INFO] (lattice_cell.c: 172): the unmatched_packets is 56
[4680, 1038640344, 4936, 1038640089, 4424, 1038640488, 4920, 1038017145, 4937, 1038302194, 4425, 1038298751, 4416, 1038330061, 4682, 1038011646, 4426, 1038011494, 4683, 1038351737, 4427, 1038353006, 4684, 1021992521, 4429, 1021059238, 4686, 1021511131, 4422, 1021867335, 4940, 1021995426, 4414, 1022033848, 4668, 1021480872, 4669, 1021564778, 4670, 1022033507, 4671, 1021100578, 4925, 1021566561, 4934, 1021866304, 4942, 1021510203, 4935, 1021243681, 4943, 1021613377, 4929, 1038309089, 4928, 1038329197, 4921, 1038312725, 4930, 1038320061, 4938, 1038011896, 4922, 1038634557, 4931, 1038346204, 4681, 1038300080, 4924, 1021482995, 4933, 1021198282, 4926, 1022032301, 4939, 1038349675, 4927, 1021097838, 4923, 1038339247, 4932, 1021838033, 4941, 1021061079, 4409, 1038309423, 4410, 1038633996, 4411, 1038342451, 4418, 1038319296, 4664, 1038017463, 4408, 1038017662, 4419, 1038349397, 4428, 1021990344, 4412, 1021479300, 4417, 1038305619, 4665, 1038310691, 4420, 1021833969, 4685, 1021059740, 4430, 1021511435, 4413, 1021564072, 4431, 1021619266, 4666, 1038634206, 4421, 1021195950, 4687, 1021616778, 4423, 1021249450, 4667, 1038341246, 4415, 1021102593]
[INFO] (lattice_cell.c: 455): on tick 40 of 50
[INFO] (lattice_cell.c: 172): the unmatched_packets is 56
[4680, 1038641699, 4936, 1038641413, 4928, 1038329995, 4424, 1038641874, 4664, 1038021397, 4920, 1038021032, 4408, 1038021648, 4425, 1038290593, 4929, 1038300566, 4426, 1038015273, 4665, 1038302563, 4930, 1038320439, 4427, 1038345388, 4683, 1038344071, 4666, 1038635578, 4923, 1038331483, 4429, 1021225105, 4420, 1021584518, 4685, 1021226360, 4413, 1021846120, 4686, 1021257367, 4927, 1021265770, 4669, 1021847776, 4670, 1021883471, 4935, 1021525790, 4943, 1021897116, 4921, 1038304602, 4939, 1038341962, 4940, 1021845622, 4924, 1021228455, 4931, 1038337968, 4941, 1021228404, 4933, 1021480329, 4942, 1021255877, 4926, 1021881559, 4932, 1021587168, 4410, 1038635403, 4416, 1038330988, 4409, 1038301319, 4925, 1021850400, 4411, 1038334618, 4412, 1021225926, 4681, 1038291969, 4937, 1038294136, 4419, 1038341137, 4682, 1038015379, 4414, 1021884599, 4938, 1038015609, 4428, 1021842192, 4415, 1021269176, 4417, 1038297019, 4922, 1038635889, 4418, 1038319752, 4430, 1021258289, 4684, 1021843528, 4421, 1021476392, 4431, 1021901166, 4422, 1021617559, 4423, 1021529983, 4668, 1021226881, 4687, 1021899651, 4934, 1021615155, 4667, 1038333457, 4671, 1021267872]
[INFO] (lattice_cell.c: 455): on tick 41 of 50
[INFO] (lattice_cell.c: 172): the unmatched_packets is 56
[4680, 1038598629, 4936, 1038598348, 4928, 1038329322, 4424, 1038598775, 4920, 1038058666, 4416, 1038330212, 4408, 1038059241, 4937, 1038305306, 4425, 1038301837, 4681, 1038303188, 4427, 1038350915, 4419, 1038348554, 4429, 1020987310, 4430, 1021435517, 4935, 1021243391, 4687, 1021702372, 4924, 1021405169, 4670, 1022093634, 4671, 1021031072, 4926, 1022092375, 4943, 1021698893, 4932, 1021841119, 4921, 1038311228, 4930, 1038319909, 4938, 1038052961, 4410, 1038591728, 4426, 1038052530, 4922, 1038592346, 4939, 1038347719, 4411, 1038345044, 4940, 1022055971, 4428, 1022051116, 4412, 1021401524, 4942, 1021433963, 4420, 1021837289, 4931, 1038345531, 4927, 1021028158, 4923, 1038341933, 4941, 1020989227, 4925, 1021651808, 4421, 1021193812, 4422, 1021870530, 4431, 1021704923, 4929, 1038308849, 4664, 1038059009, 4682, 1038052687, 4417, 1038305306, 4409, 1038307864, 4665, 1038309163, 4683, 1038349707, 4418, 1038319136, 4684, 1022053186, 4666, 1038591967, 4934, 1021869263, 4685, 1020987817, 4686, 1021435072, 4667, 1038343879, 4668, 1021403060, 4669, 1021650078, 4933, 1021196140, 4423, 1021249530, 4413, 1021649425, 4414, 1022094078, 4415, 1021033220]
[INFO] (lattice_cell.c: 455): on tick 42 of 50
[INFO] (lattice_cell.c: 172): the unmatched_packets is 56
[4680, 1038671445, 4936, 1038671135, 4928, 1038330027, 4424, 1038671624, 4920, 1037991459, 4416, 1038330998, 4937, 1038294228, 4681, 1038292061, 4929, 1038302233, 4921, 1038305495, 4665, 1038303448, 4417, 1038298737, 4425, 1038290703, 4938, 1037986029, 4666, 1038665306, 4428, 1021826657, 4686, 1021393725, 4687, 1021757449, 4924, 1021367857, 4668, 1021366437, 4422, 1021693605, 4942, 1021392412, 4926, 1021866127, 4423, 1021444539, 4413, 1021702622, 4415, 1021280683, 4669, 1021704272, 4670, 1021867860, 4927, 1021277600, 4671, 1021279535, 4930, 1038320711, 4922, 1038665620, 4939, 1038343259, 4923, 1038331981, 4940, 1021830376, 4941, 1021241777, 4934, 1021691598, 4943, 1021754833, 4935, 1021440489, 4932, 1021665057, 4933, 1021395382, 4682, 1037985813, 4683, 1038345401, 4931, 1038340061, 4684, 1021828140, 4667, 1038334012, 4685, 1021239735, 4408, 1037992095, 4409, 1038302195, 4664, 1037991827, 4426, 1037985710, 4418, 1038320036, 4925, 1021706945, 4427, 1038346741, 4410, 1038665135, 4419, 1038343361, 4429, 1021238458, 4411, 1038335216, 4430, 1021394505, 4420, 1021662262, 4431, 1021759053, 4412, 1021365536, 4421, 1021391351, 4414, 1021868824]
[INFO] (lattice_cell.c: 455): on tick 43 of 50
[INFO] (lattice_cell.c: 172): the unmatched_packets is 56
[4680, 1038609572, 4936, 1038609297, 4928, 1038329845, 4424, 1038609724, 4664, 1038048815, 4920, 1038048475, 4416, 1038330836, 4929, 1038307987, 4665, 1038309063, 4921, 1038311071, 4682, 1038042416, 4426, 1038042248, 4409, 1038307808, 4683, 1038349190, 4410, 1038602568, 4431, 1021825153, 4686, 1021316572, 4412, 1021282548, 4420, 1021698481, 4668, 1021284079, 4422, 1021733816, 4425, 1038300076, 4423, 1021392013, 4414, 1022058877, 4926, 1022056788, 4922, 1038603199, 4417, 1038304447, 4938, 1038042701, 4939, 1038347185, 4931, 1038344264, 4940, 1022019210, 4932, 1021702309, 4408, 1038049040, 4924, 1021286199, 4941, 1021034594, 4681, 1038301455, 4937, 1038303594, 4427, 1038350414, 4418, 1038318277, 4428, 1022014533, 4943, 1021819212, 4927, 1021074009, 4930, 1038319184, 4923, 1038339819, 4933, 1021338832, 4942, 1021315418, 4934, 1021732244, 4666, 1038602814, 4429, 1021032750, 4684, 1022016494, 4430, 1021317056, 4411, 1038342783, 4419, 1038347243, 4685, 1021033228, 4667, 1038341699, 4935, 1021385906, 4421, 1021336508, 4687, 1021822662, 4413, 1021768310, 4925, 1021771000, 4415, 1021079206, 4669, 1021769112, 4670, 1022058258, 4671, 1021076991]
[INFO] (lattice_cell.c: 455): on tick 44 of 50
[INFO] (lattice_cell.c: 172): the unmatched_packets is 56
[4680, 1038614878, 4936, 1038614560, 4928, 1038330288, 4424, 1038615071, 4664, 1038047305, 4920, 1038046906, 4416, 1038331354, 4408, 1038047588, 4937, 1038295525, 4681, 1038293368, 4921, 1038305583, 4425, 1038292023, 4665, 1038303494, 4417, 1038298765, 4683, 1038345832, 4666, 1038608447, 4939, 1038343682, 4427, 1038347155, 4684, 1021921086, 4430, 1021401917, 4431, 1021750852, 4686, 1021401165, 4687, 1021749249, 4668, 1021373104, 4421, 1021271422, 4422, 1021810766, 4423, 1021325570, 4943, 1021746642, 4935, 1021321201, 4927, 1021180481, 4669, 1021698479, 4924, 1021374631, 4670, 1021958454, 4671, 1021182478, 4930, 1038320389, 4922, 1038608769, 4409, 1038302210, 4931, 1038340516, 4923, 1038333612, 4932, 1021784725, 4933, 1021275305, 4925, 1021700955, 4942, 1021399850, 4926, 1021956927, 4934, 1021809027, 4929, 1038302368, 4682, 1038040960, 4426, 1038040865, 4410, 1038608264, 4938, 1038041176, 4411, 1038336919, 4428, 1021919556, 4419, 1038343761, 4429, 1021140732, 4418, 1038319716, 4420, 1021782088, 4685, 1021142005, 4412, 1021372134, 4940, 1021923300, 4413, 1021696990, 4414, 1021959233, 4941, 1021144054, 4415, 1021183689, 4667, 1038335682]
[INFO] (lattice_cell.c: 455): on tick 45 of 50
[INFO] (lattice_cell.c: 172): the unmatched_packets is 56
[4680, 1038655968, 4936, 1038655671, 4928, 1038329575, 4664, 1038003366, 4416, 1038330490, 4408, 1038003601, 4922, 1038649316, 4426, 1037996530, 4427, 1038350066, 4428, 1021884559, 4932, 1021695682, 4418, 1038318786, 4666, 1038648912, 4430, 1021401053, 4934, 1021724989, 4411, 1038342006, 4685, 1021162216, 4686, 1021400441, 4420, 1021691976, 4421, 1021342448, 4422, 1021726599, 4423, 1021400198, 4942, 1021399187, 4424, 1038656116, 4935, 1021394174, 4669, 1021682593, 4670, 1021930118, 4671, 1021205544, 4923, 1038339049, 4937, 1038303095, 4921, 1038311095, 4938, 1037997007, 4930, 1038319622, 4939, 1038346874, 4924, 1021370901, 4920, 1038003009, 4941, 1021163697, 4940, 1021889312, 4681, 1038300969, 4926, 1021928537, 4409, 1038307853, 4929, 1038307977, 4927, 1021202717, 4410, 1038648638, 4665, 1038309100, 4425, 1038299602, 4682, 1037996706, 4417, 1038304510, 4683, 1038348850, 4429, 1021161642, 4684, 1021886546, 4412, 1021367628, 4419, 1038346963, 4431, 1021741274, 4667, 1038340916, 4931, 1038343970, 4413, 1021681698, 4687, 1021738734, 4414, 1021930825, 4415, 1021207628, 4933, 1021345184, 4925, 1021684627, 4668, 1021368978, 4943, 1021735172]
[INFO] (lattice_cell.c: 455): on tick 46 of 50
[INFO] (lattice_cell.c: 172): the unmatched_packets is 56
[4680, 1038631767, 4936, 1038631425, 4928, 1038330571, 4664, 1038031901, 4424, 1038631987, 4920, 1038031474, 4416, 1038331714, 4408, 1038032205, 4929, 1038302266, 4426, 1038025068, 4427, 1038347767, 4409, 1038302552, 4428, 1021989365, 4410, 1038624733, 4430, 1021347678, 4411, 1038337033, 4431, 1021803052, 4687, 1021801389, 4932, 1021699982, 4930, 1038319767, 4422, 1021726754, 4941, 1021076449, 4423, 1021409247, 4933, 1021361158, 4413, 1021748577, 4414, 1022029208, 4415, 1021114952, 4669, 1021750042, 4670, 1022028476, 4671, 1021113646, 4942, 1021346030, 4926, 1022027010, 4935, 1021404932, 4937, 1038295463, 4921, 1038305890, 4938, 1038025406, 4939, 1038344223, 4923, 1038333774, 4924, 1021322406, 4925, 1021752498, 4934, 1021725157, 4943, 1021798720, 4927, 1021111565, 4931, 1038340657, 4940, 1021993231, 4922, 1038625246, 4681, 1038293244, 4682, 1038025173, 4683, 1038346405, 4684, 1021990958, 4685, 1021074616, 4665, 1038303821, 4425, 1038291854, 4686, 1021347121, 4417, 1038298656, 4666, 1038624923, 4418, 1038319010, 4429, 1021073549, 4667, 1038335820, 4419, 1038343945, 4668, 1021320870, 4412, 1021319803, 4420, 1021697010, 4421, 1021357633]
[INFO] (lattice_cell.c: 455): on tick 47 of 50
[INFO] (lattice_cell.c: 172): the unmatched_packets is 56
[4936, 1038609852, 4680, 1038610122, 4928, 1038330178, 4664, 1038047899, 4424, 1038610270, 4920, 1038047541, 4416, 1038331193, 4408, 1038048128, 4937, 1038303535, 4681, 1038301434, 4929, 1038307661, 4665, 1038308915, 4921, 1038310909, 4417, 1038304143, 4425, 1038300085, 4409, 1038307671, 4426, 1038041177, 4410, 1038602930, 4683, 1038348500, 4411, 1038342240, 4412, 1021330453, 4421, 1021289861, 4686, 1021364363, 4422, 1021779517, 4669, 1021722140, 4671, 1021151071, 4927, 1021148193, 4924, 1021333637, 4938, 1038041632, 4930, 1038319278, 4939, 1038346536, 4931, 1038343482, 4923, 1038339296, 4940, 1021944961, 4941, 1021106844, 4933, 1021292801, 4934, 1021777632, 4926, 1021982809, 4943, 1021774562, 4935, 1021343081, 4932, 1021748739, 4925, 1021724295, 4682, 1038041340, 4427, 1038349704, 4428, 1021940566, 4420, 1021745410, 4429, 1021104372, 4413, 1021721138, 4684, 1021942388, 4430, 1021365114, 4418, 1038318385, 4685, 1021105149, 4666, 1038603193, 4431, 1021780410, 4414, 1021985211, 4423, 1021349146, 4419, 1038346388, 4667, 1038341148, 4942, 1021362978, 4687, 1021777999, 4922, 1038603601, 4668, 1021331746, 4415, 1021153126, 4670, 1021984420]
[INFO] (lattice_cell.c: 455): on tick 48 of 50
[INFO] (lattice_cell.c: 172): the unmatched_packets is 56
[4680, 1038638824, 4936, 1038638472, 4928, 1038330583, 4424, 1038639039, 4664, 1038024670, 4920, 1038024223, 4416, 1038331729, 4929, 1038302761, 4425, 1038292254, 4665, 1038302011, 4933, 1021321380, 4685, 1021163970, 4923, 1038334259, 4687, 1021751597, 4420, 1021734793, 4941, 1021165712, 4421, 1021317970, 4925, 1021702865, 4423, 1021370974, 4414, 1021937548, 4935, 1021366363, 4669, 1021700582, 4670, 1021936982, 4671, 1021201943, 4940, 1021901564, 4926, 1021935662, 4927, 1021199889, 4937, 1038295846, 4408, 1038024989, 4938, 1038017838, 4931, 1038341224, 4417, 1038299132, 4409, 1038300738, 4426, 1038017472, 4681, 1038293639, 4410, 1038631417, 4942, 1021400952, 4934, 1021761311, 4427, 1038346047, 4921, 1038304098, 4682, 1038017578, 4943, 1021748811, 4428, 1021897340, 4922, 1038631984, 4939, 1038342507, 4683, 1038344683, 4411, 1038337545, 4932, 1021737868, 4924, 1021377623, 4684, 1021899110, 4418, 1038319172, 4429, 1021162985, 4666, 1038631621, 4430, 1021402421, 4930, 1038319907, 4412, 1021374906, 4431, 1021753424, 4686, 1021401949, 4413, 1021699283, 4419, 1038344516, 4667, 1038336319, 4422, 1021762513, 4415, 1021203300, 4668, 1021376032]
[INFO] (lattice_cell.c: 455): on tick 49 of 50
[INFO] (lattice_cell.c: 172): the unmatched_packets is 56
[4680, 1038641757, 4936, 1038641470, 4928, 1038329954, 4664, 1038017757, 4424, 1038641913, 4920, 1038017388, 4408, 1038018012, 4681, 1038300627, 4937, 1038302765, 4929, 1038309274, 4425, 1038299238, 4921, 1038310497, 4417, 1038305784, 4409, 1038307298, 4665, 1038308524, 4682, 1038010951, 4930, 1038319047, 4938, 1038011254, 4416, 1038330985, 4426, 1038010791, 4922, 1038634954, 4418, 1038318143, 4410, 1038634271, 4666, 1038634542, 4419, 1038347990, 4684, 1021943369, 4941, 1021108823, 4430, 1021374219, 4686, 1021373432, 4413, 1021710860, 4925, 1021714419, 4431, 1021772314, 4687, 1021769951, 4927, 1021149295, 4423, 1021398345, 4934, 1021722649, 4926, 1021984810, 4935, 1021392597, 4414, 1021987540, 4943, 1021766543, 4671, 1021152042, 4415, 1021153951, 4939, 1038346055, 4683, 1038348032, 4923, 1038338510, 4931, 1038345051, 4940, 1021945896, 4932, 1021693430, 4924, 1021344099, 4933, 1021342368, 4667, 1038340344, 4411, 1038341396, 4685, 1021107069, 4668, 1021342402, 4412, 1021341293, 4421, 1021339134, 4942, 1021371995, 4427, 1038349253, 4669, 1021712072, 4670, 1021986596, 4428, 1021941625, 4420, 1021690209, 4429, 1021106220, 4422, 1021724713]
[INFO] (lattice_cell.c: 455): on tick 50 of 50
[INFO] (lattice_cell.c: 466): updating recording regions
[INFO] (recording.c: 507): 	Finalising channel 0 - state info stored in SDRAM
[INFO] (recording.c: 512): closed channel 0.
[INFO] (lattice_cell.c: 470): Simulation complete.

