[INFO] (lattice_cell.c: 604): starting lattice cell
[INFO] (lattice_cell.c: 526): Initialise: started
[INFO] (data_specification.c: 78): magic = ad130ad6, version = 1.0
[INFO] (lattice_cell.c: 555): my key is 2368
[INFO] (lattice_cell.c: 562): I'm in position ( 9, 8)
[INFO] (lattice_cell.c: 568): my n key is 2112
[INFO] (lattice_cell.c: 574): my U_X = 0.0
[INFO] (lattice_cell.c: 575): my U_Y = -9.754516213433817e-05
[INFO] (lattice_cell.c: 583): input_buffer initialised
[INFO] (recording.c: 563): Recording 1 regions, using output tag 0, size before trigger 7686388, time between triggers 50
[INFO] (recording.c: 665): Recording channel 0 configured to use 7686132 byte memory block starting at 0x60243eac
[INFO] (lattice_cell.c: 588): Recording flags = 0x00000001
[INFO] (lattice_cell.c: 619): setting timer to execute every 200000 microseconds
[INFO] (lattice_cell.c: 627): Starting

[INFO] (simulation.c: 159): Setting the runtime of this model to 50 starting at 0
[INFO] (simulation.c: 161): Setting the flag of infinite run for this model to 0
[INFO] (simulation.c: 175): Resuming
[INFO] (lattice_cell.c: 455): on tick 0 of 50
[2112, 1038323257, 2104, 1037999657, 2624, 1038323253, 2376, 1038656493, 2120, 1038656493, 2360, 1037999655, 2616, 1037999651, 2113, 1038323257, 2632, 1038656489, 2105, 1038320849, 2626, 1038323253, 2380, 1021874721, 2108, 1021222441, 2366, 1021883833, 2124, 1021879277, 2109, 1021879277, 2119, 1021546041, 2125, 1021222441, 2126, 1021222441, 2121, 1038320849, 2114, 1038323257, 2107, 1038320849, 2118, 1021546041, 2117, 1021546041, 2361, 1038316483, 2377, 1038316485, 2625, 1038314699, 2617, 1038312287, 2362, 1038656491, 2633, 1038312289, 2378, 1037999657, 2618, 1038656487, 2634, 1037999653, 2363, 1038325211, 2627, 1038331819, 2619, 1038329409, 2379, 1038325213, 2364, 1021218267, 2635, 1038329411, 2620, 1021214258, 2628, 1021537483, 2365, 1021874719, 2636, 1021870342, 2629, 1021537483, 2381, 1021218269, 2622, 1021888214, 2367, 1021226611, 2637, 1021214260, 2621, 1021870340, 2382, 1021226613, 2630, 1021554603, 2623, 1021230624, 2383, 1021883833, 2638, 1021230626, 2123, 1038320849, 2110, 1021879277, 2631, 1021554603, 2111, 1021222441, 2639, 1021888216, 2127, 1021879277, 2106, 1038656493, 2122, 1037999657, 2115, 1038323257, 2116, 1021546041]
[INFO] (lattice_cell.c: 455): on tick 1 of 50
[INFO] (lattice_cell.c: 172): the unmatched_packets is 56
[2112, 1038323217, 2360, 1038072593, 2104, 1038072509, 2616, 1038072669, 2376, 1038576213, 2120, 1038576125, 2632, 1038576289, 2624, 1038323465, 2113, 1038325619, 2361, 1038323164, 2105, 1038327470, 2617, 1038319032, 2377, 1038319263, 2633, 1038315115, 2121, 1038323571, 2114, 1038323217, 2362, 1038576049, 2106, 1038576127, 2618, 1038575971, 2378, 1038072431, 2122, 1038072507, 2634, 1038072353, 2626, 1038322975, 2115, 1038325621, 2625, 1038317175, 2107, 1038323571, 2363, 1038327881, 2379, 1038331780, 2123, 1038327470, 2619, 1038332021, 2116, 1021864939, 2380, 1022122968, 2365, 1021697368, 2381, 1020972235, 2366, 1022131918, 2117, 1021217825, 2111, 1020976625, 2622, 1022136467, 2126, 1021386046, 2119, 1021217825, 2127, 1021701847, 2639, 1021710142, 2109, 1021701849, 2125, 1020976627, 2118, 1021864939, 2364, 1021381755, 2635, 1038335930, 2620, 1021377767, 2382, 1021390521, 2367, 1020980849, 2383, 1021706173, 2110, 1022127360, 2108, 1021386046, 2124, 1022127360, 2627, 1038334079, 2636, 1022118906, 2621, 1021692877, 2628, 1021856523, 2637, 1020967844, 2629, 1021208985, 2623, 1020984735, 2638, 1021394971, 2630, 1021873995, 2631, 1021225980]
[INFO] (lattice_cell.c: 455): on tick 2 of 50
[INFO] (lattice_cell.c: 172): the unmatched_packets is 56
[2112, 1038324758, 2360, 1038006885, 2616, 1038006895, 2104, 1038006875, 2376, 1038648268, 2120, 1038648254, 2632, 1038648278, 2624, 1038324844, 2113, 1038320383, 2361, 1038318099, 2105, 1038322518, 2617, 1038313853, 2121, 1038317195, 2106, 1038648256, 2379, 1038326934, 2115, 1038320381, 2364, 1021357920, 2365, 1021738177, 2626, 1038324654, 2124, 1021796945, 2117, 1021396279, 2125, 1021307911, 2383, 1021747175, 2118, 1021702653, 2110, 1021796947, 2108, 1021361921, 2638, 1021369816, 2639, 1021751520, 2123, 1038322516, 2122, 1038006873, 2116, 1021702653, 2109, 1021742673, 2633, 1038308530, 2625, 1038311720, 2618, 1038648229, 2127, 1021742671, 2377, 1038312782, 2114, 1038324758, 2362, 1038648246, 2378, 1038006861, 2363, 1038321621, 2634, 1038006851, 2619, 1038325861, 2635, 1038331190, 2380, 1021792674, 2627, 1038329051, 2381, 1021303686, 2366, 1021801229, 2628, 1021694649, 2382, 1021365933, 2367, 1021312143, 2622, 1021805356, 2620, 1021354086, 2637, 1021299624, 2629, 1021387643, 2623, 1021316216, 2636, 1021788590, 2630, 1021710718, 2621, 1021733859, 2126, 1021361921, 2119, 1021396279, 2111, 1021307919, 2631, 1021404932, 2107, 1038317199]
[INFO] (lattice_cell.c: 455): on tick 3 of 50
[INFO] (lattice_cell.c: 172): the unmatched_packets is 56
[2360, 1038022311, 2104, 1038022183, 2616, 1038022449, 2376, 1038628567, 2112, 1038323467, 2632, 1038628707, 2120, 1038628441, 2624, 1038323807, 2361, 1038323823, 2105, 1038328075, 2617, 1038319737, 2377, 1038319783, 2113, 1038325650, 2121, 1038324044, 2625, 1038317304, 2362, 1038628304, 2106, 1038628433, 2378, 1038022063, 2114, 1038323463, 2122, 1038022187, 2107, 1038324042, 2108, 1021352044, 2366, 1022018034, 2110, 1022013281, 2621, 1021728336, 2111, 1021081117, 2116, 1021727525, 2124, 1022013281, 2637, 1021072316, 2125, 1021081119, 2118, 1021727519, 2631, 1021364319, 2127, 1021737697, 2117, 1021355851, 2123, 1038328075, 2109, 1021737695, 2115, 1038325648, 2633, 1038315691, 2618, 1038628188, 2363, 1038328296, 2634, 1038021945, 2626, 1038323145, 2619, 1038332394, 2379, 1038332339, 2364, 1021347712, 2635, 1038336435, 2380, 1022008674, 2627, 1038334012, 2620, 1021343692, 2365, 1021733008, 2381, 1021076722, 2628, 1021718957, 2636, 1022004395, 2382, 1021356528, 2367, 1021085346, 2629, 1021346708, 2622, 1022022745, 2383, 1021742196, 2623, 1021089243, 2630, 1021736647, 2638, 1021360981, 2639, 1021746372, 2126, 1021352050, 2119, 1021355853]
[INFO] (lattice_cell.c: 455): on tick 4 of 50
[INFO] (lattice_cell.c: 172): the unmatched_packets is 56
[2360, 1038027807, 2104, 1038027747, 2376, 1038628457, 2616, 1038027861, 2112, 1038325096, 2120, 1038628394, 2624, 1038325322, 2361, 1038319061, 2105, 1038323521, 2378, 1038027677, 2106, 1038628394, 2114, 1038325090, 2365, 1021744929, 2380, 1021960598, 2621, 1021740649, 2122, 1038027747, 2629, 1021352728, 2123, 1038323523, 2108, 1021356826, 2109, 1021749389, 2125, 1021139214, 2638, 1021364475, 2126, 1021356828, 2127, 1021749385, 2121, 1038316349, 2631, 1021369728, 2116, 1021737140, 2117, 1021361228, 2632, 1038628515, 2118, 1021737132, 2119, 1021361232, 2124, 1021964727, 2377, 1038311887, 2362, 1038628326, 2363, 1038320813, 2379, 1038327993, 2364, 1021352975, 2617, 1038314764, 2107, 1038316347, 2625, 1038311565, 2633, 1038307585, 2366, 1021968887, 2381, 1021135047, 2618, 1038628254, 2367, 1021143358, 2634, 1038027605, 2382, 1021360700, 2626, 1038324844, 2619, 1038325095, 2383, 1021753841, 2635, 1038332289, 2115, 1038320321, 2627, 1038329085, 2620, 1021349314, 2636, 1021956661, 2110, 1021964727, 2111, 1021139210, 2637, 1021131061, 2113, 1038320317, 2628, 1021729415, 2622, 1021972922, 2623, 1021147352, 2630, 1021744993, 2639, 1021758122]
[INFO] (lattice_cell.c: 455): on tick 5 of 50
[INFO] (lattice_cell.c: 172): the unmatched_packets is 56
[2360, 1038028143, 2104, 1038027991, 2616, 1038028293, 2112, 1038323931, 2376, 1038622123, 2632, 1038622280, 2120, 1038621965, 2624, 1038324383, 2361, 1038324292, 2105, 1038328509, 2617, 1038320248, 2113, 1038325372, 2377, 1038319420, 2121, 1038323636, 2633, 1038315372, 2625, 1038317108, 2362, 1038621819, 2106, 1038621971, 2618, 1038621686, 2114, 1038323933, 2378, 1038027851, 2634, 1038027728, 2363, 1038327855, 2379, 1038332727, 2107, 1038323626, 2626, 1038323509, 2115, 1038325374, 2366, 1021956237, 2620, 1021338448, 2383, 1021749584, 2126, 1021346864, 2124, 1021951461, 2117, 1021349836, 2623, 1021149977, 2638, 1021355773, 2125, 1021141524, 2630, 1021742566, 2110, 1021951455, 2118, 1021733480, 2631, 1021358668, 2123, 1038328511, 2108, 1021346860, 2635, 1038336790, 2627, 1038333662, 2111, 1021141524, 2122, 1038027997, 2636, 1021942484, 2628, 1021724865, 2619, 1038331909, 2364, 1021342519, 2380, 1021946819, 2365, 1021740032, 2381, 1021136972, 2382, 1021351351, 2367, 1021145921, 2621, 1021735194, 2119, 1021349840, 2127, 1021744884, 2109, 1021744888, 2116, 1021733482, 2637, 1021132437, 2622, 1021960932, 2629, 1021340350, 2639, 1021753926]
[INFO] (lattice_cell.c: 455): on tick 6 of 50
[INFO] (lattice_cell.c: 172): the unmatched_packets is 56
[2360, 1038029376, 2104, 1038029262, 2112, 1038325256, 2616, 1038029472, 2376, 1038627027, 2632, 1038627129, 2120, 1038626917, 2624, 1038325632, 2361, 1038319089, 2105, 1038323591, 2617, 1038314765, 2113, 1038320471, 2121, 1038316213, 2633, 1038307379, 2625, 1038311645, 2377, 1038311714, 2362, 1038626804, 2106, 1038626919, 2114, 1038325260, 2378, 1038029141, 2618, 1038626684, 2122, 1038029266, 2363, 1038320707, 2379, 1038328093, 2107, 1038316205, 2115, 1038320469, 2123, 1038323593, 2116, 1021742892, 2109, 1021746028, 2125, 1021152445, 2110, 1021950585, 2118, 1021742892, 2111, 1021152451, 2623, 1021160365, 2126, 1021359910, 2108, 1021359898, 2124, 1021950599, 2117, 1021354808, 2626, 1038324842, 2634, 1038029025, 2364, 1021356173, 2380, 1021946522, 2365, 1021741615, 2381, 1021148405, 2366, 1021954715, 2382, 1021363694, 2367, 1021156492, 2383, 1021750411, 2619, 1038325035, 2635, 1038332433, 2627, 1038329314, 2620, 1021352655, 2119, 1021354814, 2127, 1021746024, 2636, 1021942678, 2621, 1021737376, 2628, 1021735439, 2637, 1021144478, 2622, 1021958728, 2629, 1021346362, 2638, 1021367387, 2630, 1021750577, 2639, 1021754635, 2631, 1021363185]
[INFO] (lattice_cell.c: 455): on tick 7 of 50
[INFO] (lattice_cell.c: 172): the unmatched_packets is 56
[2360, 1038024020, 2104, 1038023851, 2616, 1038024204, 2376, 1038626839, 2112, 1038323875, 2632, 1038627027, 2120, 1038626671, 2361, 1038324535, 2105, 1038328725, 2617, 1038320527, 2377, 1038318768, 2633, 1038314747, 2113, 1038325334, 2121, 1038322957, 2362, 1038626492, 2106, 1038626666, 2618, 1038626348, 2114, 1038323873, 2378, 1038023691, 2624, 1038324411, 2634, 1038023545, 2122, 1038023853, 2626, 1038323385, 2363, 1038327147, 2364, 1021348567, 2365, 1021734354, 2116, 1021730522, 2124, 1021948268, 2110, 1021948258, 2630, 1021739511, 2118, 1021730520, 2126, 1021352933, 2119, 1021353177, 2123, 1038328725, 2631, 1021362379, 2109, 1021739369, 2625, 1038317129, 2127, 1021739361, 2107, 1038322955, 2627, 1038333576, 2115, 1038325336, 2619, 1038331179, 2620, 1021344501, 2379, 1038332918, 2635, 1038336956, 2621, 1021729401, 2380, 1021943576, 2637, 1021135275, 2628, 1021721924, 2636, 1021939177, 2366, 1021953044, 2381, 1021139875, 2367, 1021149024, 2382, 1021357373, 2622, 1021957737, 2383, 1021744212, 2629, 1021343411, 2111, 1021144523, 2623, 1021153224, 2117, 1021353175, 2125, 1021144521, 2639, 1021748737, 2638, 1021361734, 2108, 1021352931]
[INFO] (lattice_cell.c: 455): on tick 8 of 50
[INFO] (lattice_cell.c: 172): the unmatched_packets is 56
[2360, 1038026629, 2112, 1038325448, 2104, 1038026465, 2616, 1038026788, 2376, 1038630332, 2120, 1038630161, 2632, 1038630486, 2624, 1038325954, 2361, 1038319508, 2113, 1038320353, 2105, 1038324033, 2617, 1038315167, 2377, 1038311279, 2121, 1038315795, 2633, 1038306927, 2625, 1038311484, 2362, 1038629987, 2378, 1038026289, 2122, 1038026459, 2115, 1038320351, 2123, 1038324031, 2365, 1021741610, 2109, 1021745995, 2621, 1021737352, 2116, 1021736966, 2124, 1021960692, 2629, 1021352133, 2110, 1021960686, 2111, 1021141558, 2127, 1021745999, 2630, 1021744567, 2631, 1021368840, 2118, 1021736976, 2126, 1021360418, 2119, 1021360565, 2107, 1038315795, 2106, 1038630167, 2114, 1038325446, 2618, 1038629813, 2363, 1038320313, 2634, 1038026111, 2626, 1038324896, 2379, 1038328555, 2364, 1021356769, 2380, 1021956686, 2627, 1038329228, 2620, 1021353362, 2366, 1021964796, 2381, 1021137561, 2636, 1021952879, 2367, 1021145504, 2628, 1021729730, 2382, 1021364148, 2383, 1021750359, 2637, 1021133689, 2619, 1038324655, 2622, 1021968833, 2117, 1021360575, 2125, 1021141554, 2623, 1021149270, 2635, 1038332903, 2108, 1021360426, 2638, 1021367821, 2639, 1021754520]
[INFO] (lattice_cell.c: 455): on tick 9 of 50
[INFO] (lattice_cell.c: 172): the unmatched_packets is 56
[2360, 1038025148, 2104, 1038024958, 2616, 1038025340, 2376, 1038625722, 2112, 1038324063, 2632, 1038625921, 2120, 1038625530, 2624, 1038324665, 2361, 1038324739, 2105, 1038328912, 2617, 1038320732, 2377, 1038318626, 2113, 1038325196, 2633, 1038314624, 2121, 1038322809, 2625, 1038317014, 2106, 1038625532, 2362, 1038625338, 2378, 1038024780, 2114, 1038324059, 2122, 1038024964, 2618, 1038625170, 2634, 1038024622, 2363, 1038326988, 2107, 1038322811, 2379, 1038333094, 2364, 1021346542, 2115, 1038325192, 2125, 1021136643, 2110, 1021955884, 2383, 1021747112, 2639, 1021751812, 2127, 1021742109, 2119, 1021353484, 2631, 1021362960, 2117, 1021353480, 2123, 1038328914, 2126, 1021350840, 2118, 1021730357, 2109, 1021742111, 2380, 1021951213, 2626, 1038323493, 2365, 1021737004, 2619, 1038331011, 2635, 1038337124, 2381, 1021131910, 2627, 1038333419, 2366, 1021960631, 2620, 1021342482, 2636, 1021946801, 2367, 1021141247, 2628, 1021721831, 2382, 1021355217, 2621, 1021731967, 2637, 1021127243, 2630, 1021739182, 2629, 1021343511, 2111, 1021136635, 2622, 1021965259, 2108, 1021350850, 2116, 1021730365, 2638, 1021359502, 2124, 1021955884, 2623, 1021145561]
[INFO] (lattice_cell.c: 455): on tick 10 of 50
[INFO] (lattice_cell.c: 172): the unmatched_packets is 56
[2360, 1038029441, 2104, 1038029235, 2616, 1038029647, 2112, 1038325508, 2376, 1038627546, 2120, 1038627336, 2632, 1038627748, 2624, 1038326160, 2105, 1038324099, 2361, 1038319580, 2617, 1038315231, 2113, 1038320365, 2377, 1038311227, 2633, 1038306868, 2121, 1038315747, 2362, 1038627103, 2106, 1038627324, 2114, 1038325508, 2378, 1038029007, 2625, 1038311489, 2618, 1038626877, 2122, 1038029235, 2626, 1038324796, 2634, 1038028787, 2107, 1038315745, 2363, 1038320261, 2379, 1038328633, 2364, 1021353800, 2116, 1021739326, 2381, 1021141056, 2366, 1021960846, 2110, 1021956719, 2383, 1021753613, 2118, 1021739324, 2126, 1021357393, 2628, 1021732180, 2622, 1021964920, 2108, 1021357387, 2638, 1021364770, 2124, 1021956719, 2639, 1021757728, 2117, 1021358123, 2125, 1021145015, 2127, 1021749254, 2115, 1038320363, 2380, 1021952716, 2365, 1021744831, 2382, 1021361096, 2367, 1021148907, 2111, 1021145007, 2119, 1021358133, 2109, 1021749260, 2619, 1038324610, 2123, 1038324105, 2635, 1038332980, 2627, 1038329242, 2636, 1021948976, 2620, 1021350458, 2621, 1021740541, 2637, 1021137162, 2629, 1021349650, 2623, 1021152605, 2630, 1021746907, 2631, 1021366348]
[INFO] (lattice_cell.c: 455): on tick 11 of 50
[INFO] (lattice_cell.c: 172): the unmatched_packets is 56
[2360, 1038026127, 2104, 1038025929, 2616, 1038026331, 2376, 1038624978, 2112, 1038324123, 2120, 1038624769, 2632, 1038625186, 2624, 1038324805, 2361, 1038324790, 2105, 1038328972, 2377, 1038318370, 2113, 1038325164, 2121, 1038322551, 2617, 1038320784, 2362, 1038624567, 2106, 1038624767, 2363, 1038326739, 2633, 1038314353, 2379, 1038333165, 2122, 1038025921, 2364, 1021348238, 2618, 1038624381, 2107, 1038322541, 2365, 1021735571, 2116, 1021733452, 2110, 1021949580, 2126, 1021352459, 2119, 1021350308, 2123, 1038328966, 2623, 1021151487, 2109, 1021740766, 2125, 1021142431, 2639, 1021750672, 2111, 1021142431, 2631, 1021360001, 2108, 1021352461, 2124, 1021949578, 2117, 1021350300, 2625, 1038316966, 2378, 1038025735, 2634, 1038025554, 2380, 1021944940, 2619, 1038330769, 2381, 1021137675, 2635, 1038337194, 2366, 1021954252, 2620, 1021344199, 2627, 1038333410, 2367, 1021147095, 2382, 1021356731, 2636, 1021940526, 2621, 1021730493, 2383, 1021745871, 2628, 1021725033, 2622, 1021958810, 2626, 1038323469, 2118, 1021733458, 2629, 1021340216, 2127, 1021740764, 2115, 1038325170, 2114, 1038324117, 2638, 1021360883, 2630, 1021742049, 2637, 1021132997]
[INFO] (lattice_cell.c: 455): on tick 12 of 50
[INFO] (lattice_cell.c: 172): the unmatched_packets is 56
[2360, 1038027975, 2104, 1038027705, 2112, 1038325530, 2616, 1038028219, 2376, 1038629230, 2120, 1038628964, 2632, 1038629493, 2624, 1038326330, 2105, 1038324339, 2361, 1038319830, 2113, 1038320355, 2617, 1038315495, 2377, 1038310989, 2633, 1038306654, 2106, 1038628964, 2362, 1038628688, 2114, 1038325530, 2625, 1038311507, 2378, 1038027429, 2618, 1038628415, 2363, 1038320001, 2634, 1038027157, 2365, 1021743162, 2123, 1038324341, 2108, 1021359273, 2124, 1021954181, 2109, 1021747617, 2125, 1021147305, 2118, 1021737856, 2117, 1021359606, 2110, 1021954194, 2127, 1021747621, 2115, 1038320353, 2116, 1021737866, 2626, 1038324682, 2121, 1038315493, 2635, 1038333191, 2379, 1038328849, 2627, 1038329202, 2364, 1021355698, 2619, 1038324329, 2380, 1021950152, 2621, 1021738766, 2628, 1021730782, 2637, 1021139415, 2381, 1021143311, 2366, 1021958357, 2622, 1021962531, 2629, 1021350976, 2382, 1021362985, 2638, 1021366696, 2620, 1021352391, 2636, 1021946391, 2367, 1021151175, 2623, 1021154811, 2383, 1021751995, 2111, 1021147301, 2119, 1021359600, 2630, 1021745455, 2639, 1021756124, 2126, 1021359271, 2122, 1038027705, 2107, 1038315497, 2631, 1021367841]
[INFO] (lattice_cell.c: 455): on tick 13 of 50
[INFO] (lattice_cell.c: 172): the unmatched_packets is 56
[2360, 1038024851, 2112, 1038324273, 2104, 1038024633, 2616, 1038025061, 2376, 1038626554, 2120, 1038626322, 2632, 1038626782, 2624, 1038325025, 2361, 1038324711, 2113, 1038325038, 2617, 1038320684, 2105, 1038328915, 2377, 1038318121, 2121, 1038322323, 2633, 1038314083, 2625, 1038316798, 2362, 1038626093, 2114, 1038324273, 2106, 1038626326, 2618, 1038625887, 2378, 1038024413, 2122, 1038024627, 2634, 1038024213, 2626, 1038323545, 2363, 1038326536, 2115, 1038325040, 2107, 1038322325, 2379, 1038333127, 2123, 1038328915, 2619, 1038330597, 2364, 1021349888, 2108, 1021354015, 2124, 1021953866, 2381, 1021133097, 2117, 1021352082, 2109, 1021740088, 2366, 1021958459, 2118, 1021731682, 2383, 1021745248, 2126, 1021354003, 2119, 1021352084, 2110, 1021953860, 2623, 1021146968, 2638, 1021362169, 2630, 1021739990, 2639, 1021750142, 2125, 1021137854, 2631, 1021361961, 2116, 1021731680, 2380, 1021949280, 2365, 1021734854, 2367, 1021142535, 2382, 1021358148, 2111, 1021137848, 2127, 1021740086, 2627, 1038333331, 2635, 1038337188, 2620, 1021345946, 2636, 1021944908, 2628, 1021723444, 2621, 1021729756, 2637, 1021128463, 2629, 1021341956, 2622, 1021962894]
[INFO] (lattice_cell.c: 455): on tick 14 of 50
[INFO] (lattice_cell.c: 172): the unmatched_packets is 56
[2360, 1038027661, 2112, 1038325518, 2104, 1038027359, 2616, 1038027953, 2376, 1038629548, 2120, 1038629235, 2632, 1038629845, 2624, 1038326452, 2113, 1038320509, 2361, 1038320829, 2105, 1038325308, 2617, 1038316525, 2121, 1038315447, 2362, 1038628917, 2378, 1038027033, 2106, 1038629233, 2625, 1038311727, 2379, 1038329785, 2380, 1021953590, 2365, 1021741972, 2108, 1021357391, 2109, 1021746539, 2110, 1021957686, 2383, 1021751003, 2111, 1021143669, 2127, 1021746551, 2124, 1021957692, 2623, 1021151203, 2117, 1021360418, 2119, 1021360420, 2123, 1038325314, 2115, 1038320505, 2639, 1021755168, 2122, 1038027357, 2107, 1038315443, 2125, 1021143675, 2633, 1038306676, 2116, 1021736541, 2619, 1038324224, 2377, 1038310977, 2627, 1038329308, 2620, 1021350514, 2114, 1038325518, 2618, 1038628604, 2636, 1021949809, 2621, 1021737465, 2363, 1038319922, 2628, 1021729458, 2634, 1038026735, 2626, 1038324552, 2364, 1021353809, 2637, 1021135667, 2635, 1038334095, 2622, 1021966184, 2629, 1021351596, 2381, 1021139649, 2366, 1021961932, 2638, 1021364866, 2630, 1021744226, 2382, 1021361129, 2367, 1021147589, 2631, 1021368767, 2118, 1021736543, 2126, 1021357389]
[INFO] (lattice_cell.c: 455): on tick 15 of 50
[INFO] (lattice_cell.c: 172): the unmatched_packets is 56
[2360, 1038028880, 2104, 1038028632, 2616, 1038029120, 2376, 1038622714, 2112, 1038324408, 2120, 1038622458, 2632, 1038622973, 2624, 1038325253, 2361, 1038324341, 2617, 1038320275, 2105, 1038328591, 2377, 1038317803, 2113, 1038324129, 2121, 1038322042, 2362, 1038622199, 2625, 1038315810, 2378, 1038028386, 2122, 1038028630, 2107, 1038322040, 2123, 1038328583, 2108, 1021347262, 2116, 1021733589, 2124, 1021951321, 2367, 1021145227, 2382, 1021351290, 2383, 1021753443, 2110, 1021951323, 2126, 1021347261, 2631, 1021363251, 2115, 1038324131, 2633, 1038313721, 2618, 1038621969, 2118, 1021733593, 2111, 1021140540, 2626, 1038323569, 2106, 1038622466, 2634, 1038028146, 2620, 1021339403, 2363, 1038326292, 2619, 1038330387, 2636, 1021942549, 2379, 1038332836, 2364, 1021343256, 2635, 1038336932, 2628, 1021725598, 2380, 1021946840, 2627, 1038332502, 2637, 1021131256, 2622, 1021960123, 2365, 1021743079, 2629, 1021343233, 2621, 1021738040, 2381, 1021135840, 2366, 1021955804, 2623, 1021149671, 2638, 1021355163, 2630, 1021741594, 2639, 1021758365, 2117, 1021353326, 2109, 1021748292, 2125, 1021140534, 2114, 1038324404, 2119, 1021353340, 2127, 1021748292]
[INFO] (lattice_cell.c: 455): on tick 16 of 50
[INFO] (lattice_cell.c: 172): the unmatched_packets is 56
[2360, 1038020752, 2104, 1038020430, 2616, 1038021054, 2376, 1038636571, 2112, 1038325477, 2120, 1038636234, 2632, 1038636883, 2624, 1038326508, 2361, 1038318494, 2105, 1038322924, 2377, 1038311670, 2617, 1038314227, 2113, 1038320879, 2121, 1038316101, 2625, 1038312193, 2362, 1038635910, 2106, 1038636242, 2378, 1038020102, 2122, 1038020426, 2363, 1038320536, 2107, 1038316103, 2634, 1038019785, 2114, 1038325483, 2365, 1021725459, 2381, 1021135113, 2620, 1021377289, 2382, 1021387791, 2367, 1021143147, 2109, 1021730217, 2383, 1021734847, 2628, 1021736330, 2110, 1021958754, 2119, 1021352245, 2630, 1021751190, 2125, 1021139206, 2117, 1021352257, 2127, 1021730235, 2123, 1038322918, 2108, 1021384090, 2124, 1021958756, 2126, 1021384092, 2111, 1021139202, 2116, 1021743443, 2379, 1038327362, 2364, 1021380539, 2380, 1021954577, 2366, 1021963132, 2626, 1038324430, 2633, 1038307412, 2618, 1038635598, 2118, 1021743433, 2115, 1038320875, 2619, 1038324794, 2629, 1021343104, 2635, 1038331640, 2627, 1038329598, 2631, 1021360813, 2636, 1021950703, 2621, 1021720706, 2637, 1021131042, 2622, 1021967475, 2638, 1021391525, 2623, 1021146819, 2639, 1021739137]
[INFO] (lattice_cell.c: 455): on tick 17 of 50
[INFO] (lattice_cell.c: 172): the unmatched_packets is 56
[2360, 1038044310, 2104, 1038043986, 2616, 1038044618, 2376, 1038607292, 2112, 1038324522, 2120, 1038606960, 2632, 1038607617, 2624, 1038325541, 2361, 1038324727, 2105, 1038329011, 2617, 1038320604, 2377, 1038317366, 2633, 1038313246, 2113, 1038326547, 2625, 1038318124, 2121, 1038321656, 2106, 1038606958, 2362, 1038606626, 2114, 1038324522, 2122, 1038043986, 2107, 1038321658, 2618, 1038606304, 2364, 1021290209, 2380, 1021931369, 2367, 1021161771, 2111, 1021157134, 2127, 1021799960, 2621, 1021790081, 2119, 1021369849, 2124, 1021935745, 2125, 1021157144, 2638, 1021302075, 2118, 1021706996, 2116, 1021707000, 2117, 1021369858, 2123, 1038329011, 2108, 1021294220, 2631, 1021379698, 2126, 1021294228, 2109, 1021799956, 2378, 1038043671, 2363, 1038325958, 2634, 1038043358, 2379, 1038333308, 2365, 1021794921, 2620, 1021286379, 2626, 1038323498, 2381, 1021152518, 2636, 1021927183, 2366, 1021940123, 2619, 1038330092, 2382, 1021298217, 2635, 1038337443, 2628, 1021699194, 2637, 1021148045, 2627, 1038335003, 2383, 1021804972, 2629, 1021359936, 2622, 1021944322, 2110, 1021935739, 2623, 1021166181, 2115, 1038326543, 2630, 1021714792, 2639, 1021809791]
[INFO] (lattice_cell.c: 455): on tick 18 of 50
[INFO] (lattice_cell.c: 172): the unmatched_packets is 56
[2112, 1038325517, 2360, 1037999860, 2616, 1038000150, 2104, 1037999563, 2376, 1038657871, 2120, 1038657561, 2632, 1038658167, 2624, 1038326496, 2361, 1038320921, 2113, 1038320510, 2617, 1038316718, 2105, 1038325312, 2377, 1038308929, 2121, 1038313311, 2633, 1038304720, 2362, 1038657253, 2114, 1038325515, 2106, 1038657563, 2115, 1038320512, 2381, 1021112428, 2620, 1021467546, 2629, 1021290868, 2108, 1021474152, 2623, 1021124532, 2638, 1021481397, 2123, 1038325302, 2639, 1021640559, 2118, 1021796482, 2110, 1021990829, 2631, 1021309550, 2122, 1037999563, 2107, 1038313301, 2116, 1021796482, 2117, 1021300539, 2109, 1021631082, 2625, 1038311929, 2119, 1021300537, 2127, 1021631080, 2634, 1037998952, 2626, 1038324515, 2618, 1038656960, 2378, 1037999252, 2619, 1038321909, 2363, 1038317685, 2627, 1038329137, 2379, 1038329701, 2636, 1021982694, 2364, 1021470703, 2635, 1038333920, 2621, 1021620948, 2628, 1021789498, 2380, 1021986587, 2365, 1021626004, 2637, 1021108184, 2366, 1021995237, 2622, 1021999636, 2367, 1021120758, 2382, 1021477760, 2630, 1021804123, 2383, 1021636008, 2124, 1021990835, 2125, 1021116674, 2126, 1021474162, 2111, 1021116664]
[INFO] (lattice_cell.c: 455): on tick 19 of 50
[INFO] (lattice_cell.c: 172): the unmatched_packets is 56
[2360, 1038047790, 2104, 1038047399, 2616, 1038048165, 2376, 1038604082, 2112, 1038324499, 2120, 1038603672, 2632, 1038604466, 2624, 1038325769, 2361, 1038323506, 2105, 1038327854, 2617, 1038319324, 2377, 1038317587, 2113, 1038324201, 2121, 1038321933, 2633, 1038313408, 2625, 1038315669, 2362, 1038603265, 2106, 1038603674, 2618, 1038602887, 2378, 1038047021, 2114, 1038324485, 2122, 1038047409, 2634, 1038046641, 2107, 1038321927, 2363, 1038326283, 2115, 1038324195, 2123, 1038327858, 2619, 1038330468, 2381, 1021187182, 2110, 1021900809, 2118, 1021617187, 2111, 1021191591, 2126, 1021195715, 2630, 1021624979, 2639, 1021913622, 2124, 1021900807, 2109, 1021903994, 2125, 1021191581, 2631, 1021478631, 2626, 1038323214, 2379, 1038332201, 2364, 1021191810, 2380, 1021896435, 2365, 1021899098, 2627, 1038332767, 2620, 1021188059, 2366, 1021905189, 2621, 1021894381, 2628, 1021609404, 2367, 1021195995, 2382, 1021199627, 2635, 1038336378, 2383, 1021908905, 2637, 1021182931, 2119, 1021469178, 2622, 1021909403, 2629, 1021459699, 2127, 1021903988, 2108, 1021195713, 2623, 1021200215, 2116, 1021617201, 2638, 1021203389, 2117, 1021469188, 2636, 1021892213]
[INFO] (lattice_cell.c: 455): on tick 20 of 50
[INFO] (lattice_cell.c: 172): the unmatched_packets is 56
[2360, 1038036929, 2104, 1038036607, 2616, 1038037248, 2376, 1038619922, 2112, 1038325709, 2632, 1038620236, 2120, 1038619586, 2624, 1038326744, 2361, 1038320966, 2105, 1038325289, 2617, 1038316820, 2377, 1038311574, 2113, 1038321707, 2121, 1038315891, 2633, 1038307423, 2625, 1038313247, 2362, 1038619256, 2106, 1038619584, 2378, 1038036271, 2114, 1038325713, 2122, 1038036607, 2363, 1038320212, 2107, 1038315893, 2115, 1038321707, 2123, 1038325291, 2634, 1038035944, 2619, 1038324391, 2380, 1022034946, 2108, 1021500522, 2116, 1021894960, 2366, 1022043396, 2636, 1022031152, 2110, 1022039067, 2638, 1021508051, 2630, 1021902469, 2126, 1021500524, 2119, 1021196572, 2125, 1021057576, 2118, 1021894971, 2124, 1022039076, 2109, 1021604844, 2111, 1021057560, 2127, 1021604844, 2379, 1038329629, 2364, 1021496924, 2365, 1021599688, 2381, 1021053005, 2382, 1021504274, 2367, 1021061961, 2383, 1021609838, 2620, 1021493616, 2117, 1021196570, 2618, 1038618923, 2628, 1021888091, 2622, 1022047716, 2626, 1038324641, 2635, 1038333810, 2627, 1038330239, 2621, 1021594563, 2637, 1021048454, 2629, 1021186329, 2623, 1021066022, 2639, 1021614462, 2631, 1021206121]
[INFO] (lattice_cell.c: 455): on tick 21 of 50
[INFO] (lattice_cell.c: 172): the unmatched_packets is 56
[2360, 1037984529, 2112, 1038324417, 2104, 1037984135, 2616, 1037984921, 2376, 1038668726, 2120, 1038668302, 2632, 1038669128, 2377, 1038315508, 2624, 1038325686, 2121, 1038319908, 2364, 1021292033, 2379, 1038333074, 2123, 1038328673, 2116, 1021590818, 2619, 1038328562, 2366, 1021833164, 2117, 1021495544, 2381, 1021264763, 2383, 1021805800, 2623, 1021277051, 2109, 1021800798, 2631, 1021504895, 2118, 1021590814, 2126, 1021295620, 2119, 1021495556, 2111, 1021268904, 2115, 1038324296, 2113, 1038324298, 2114, 1038324418, 2107, 1038319910, 2125, 1021268925, 2361, 1038324269, 2106, 1038668296, 2122, 1037984131, 2362, 1038667881, 2617, 1038320043, 2633, 1038311287, 2378, 1037983732, 2363, 1038324315, 2625, 1038315647, 2618, 1038667498, 2634, 1037983354, 2365, 1021795769, 2635, 1038337298, 2380, 1021824348, 2626, 1038323166, 2620, 1021288562, 2636, 1021820118, 2367, 1021273071, 2621, 1021790935, 2627, 1038332959, 2382, 1021299219, 2622, 1021837429, 2628, 1021583356, 2637, 1021260760, 2108, 1021295612, 2124, 1021828749, 2110, 1021828757, 2629, 1021486166, 2638, 1021302644, 2127, 1021800796, 2105, 1038328671, 2639, 1021810603, 2630, 1021598286]
[INFO] (lattice_cell.c: 455): on tick 22 of 50
[INFO] (lattice_cell.c: 172): the unmatched_packets is 56
[2360, 1038071398, 2104, 1038071037, 2616, 1038071738, 2376, 1038585500, 2112, 1038325695, 2120, 1038585127, 2632, 1038585844, 2624, 1038327007, 2361, 1038319959, 2105, 1038324241, 2617, 1038315855, 2377, 1038311783, 2113, 1038320811, 2121, 1038316048, 2633, 1038307691, 2625, 1038312453, 2362, 1038584750, 2106, 1038585127, 2618, 1038584386, 2114, 1038325695, 2122, 1038071033, 2634, 1038070288, 2626, 1038324339, 2107, 1038316048, 2363, 1038320330, 2364, 1021329378, 2366, 1022100251, 2124, 1022095826, 2116, 1021795446, 2110, 1022095816, 2111, 1021002610, 2109, 1021777821, 2630, 1021803346, 2126, 1021333064, 2118, 1021795452, 2119, 1021299652, 2115, 1038320815, 2108, 1021333066, 2125, 1021002622, 2635, 1038332637, 2378, 1038070655, 2620, 1021325987, 2379, 1038328518, 2636, 1022087638, 2380, 1022091565, 2365, 1021772585, 2628, 1021788202, 2637, 1020993309, 2381, 1020997969, 2622, 1022104654, 2629, 1021289411, 2619, 1038324450, 2638, 1021340816, 2382, 1021336935, 2367, 1021007111, 2627, 1038329240, 2623, 1021011264, 2383, 1021782945, 2639, 1021787720, 2117, 1021299658, 2631, 1021309243, 2127, 1021777837, 2621, 1021767372, 2123, 1038324239]
[INFO] (lattice_cell.c: 455): on tick 23 of 50
[INFO] (lattice_cell.c: 172): the unmatched_packets is 56
[2360, 1038019019, 2104, 1038018591, 2616, 1038019420, 2376, 1038632716, 2112, 1038324659, 2632, 1038633157, 2120, 1038632280, 2624, 1038325988, 2361, 1038324925, 2105, 1038329364, 2617, 1038320658, 2377, 1038316605, 2113, 1038325428, 2633, 1038312337, 2121, 1038321055, 2625, 1038316708, 2362, 1038631850, 2106, 1038632287, 2618, 1038631439, 2114, 1038324655, 2378, 1038018176, 2634, 1038017786, 2363, 1038325510, 2107, 1038321057, 2626, 1038323331, 2380, 1021853014, 2365, 1021695253, 2108, 1021393946, 2124, 1021857135, 2109, 1021700102, 2630, 1021764848, 2125, 1021234482, 2631, 1021332473, 2110, 1021857139, 2126, 1021393932, 2111, 1021234492, 2117, 1021322994, 2127, 1021700104, 2122, 1038018589, 2379, 1038333816, 2364, 1021390382, 2381, 1021230238, 2366, 1021861286, 2619, 1038329798, 2382, 1021397501, 2367, 1021238711, 2620, 1021386928, 2627, 1038334204, 2635, 1038338108, 2383, 1021704930, 2628, 1021751088, 2636, 1021849061, 2118, 1021757974, 2621, 1021690548, 2119, 1021322996, 2115, 1038325426, 2123, 1038329360, 2629, 1021313383, 2116, 1021757980, 2638, 1021400907, 2637, 1021226158, 2623, 1021242743, 2622, 1021865287, 2639, 1021709534]
[INFO] (lattice_cell.c: 455): on tick 24 of 50
[INFO] (lattice_cell.c: 172): the unmatched_packets is 56
[2360, 1038006688, 2104, 1038006271, 2616, 1038007078, 2376, 1038651881, 2112, 1038325642, 2120, 1038651461, 2632, 1038652289, 2624, 1038326904, 2361, 1038320285, 2105, 1038324518, 2617, 1038316218, 2377, 1038309851, 2121, 1038314069, 2633, 1038305786, 2625, 1038311977, 2113, 1038320267, 2362, 1038651036, 2106, 1038651457, 2618, 1038650621, 2634, 1038005425, 2114, 1038325642, 2122, 1038006277, 2378, 1038005845, 2363, 1038318304, 2107, 1038314071, 2123, 1038324511, 2108, 1021363769, 2366, 1021964009, 2116, 1021697469, 2124, 1021959337, 2109, 1021744765, 2637, 1021135336, 2127, 1021744759, 2629, 1021389665, 2119, 1021400169, 2110, 1021959331, 2630, 1021705419, 2126, 1021363771, 2118, 1021697451, 2117, 1021400162, 2115, 1038320267, 2631, 1021410142, 2125, 1021144442, 2626, 1038324335, 2635, 1038332823, 2627, 1038328591, 2620, 1021356778, 2636, 1021950683, 2628, 1021690166, 2379, 1038328749, 2621, 1021733850, 2364, 1021360115, 2380, 1021954837, 2365, 1021739265, 2619, 1038322387, 2381, 1021139858, 2622, 1021968651, 2638, 1021371384, 2382, 1021367579, 2367, 1021148890, 2623, 1021153039, 2639, 1021755139, 2383, 1021750121, 2111, 1021144446]
[INFO] (lattice_cell.c: 455): on tick 25 of 50
[INFO] (lattice_cell.c: 172): the unmatched_packets is 56
[2360, 1038036524, 2112, 1038324496, 2104, 1038036090, 2616, 1038036949, 2376, 1038615746, 2120, 1038615285, 2632, 1038616198, 2361, 1038324628, 2113, 1038324966, 2617, 1038320329, 2105, 1038329112, 2377, 1038317159, 2121, 1038321640, 2633, 1038312856, 2625, 1038316174, 2624, 1038326008, 2362, 1038614830, 2114, 1038324496, 2106, 1038615283, 2618, 1038614405, 2378, 1038035652, 2634, 1038035238, 2122, 1038036090, 2363, 1038326140, 2115, 1038324971, 2619, 1038330474, 2107, 1038321638, 2626, 1038323002, 2379, 1038333592, 2123, 1038329110, 2635, 1038337927, 2627, 1038333820, 2364, 1021325546, 2116, 1021727209, 2108, 1021328896, 2380, 1022000103, 2124, 1022004134, 2365, 1021763133, 2117, 1021356079, 2109, 1021768046, 2381, 1021082897, 2366, 1022008188, 2125, 1021087061, 2110, 1022004140, 2126, 1021328890, 2638, 1021335454, 2119, 1021356069, 2630, 1021734088, 2127, 1021768045, 2118, 1021727193, 2639, 1021777501, 2631, 1021365177, 2382, 1021332244, 2367, 1021091186, 2383, 1021772898, 2111, 1021087070, 2620, 1021322341, 2636, 1021996226, 2628, 1021720354, 2621, 1021758343, 2637, 1021078832, 2622, 1022012092, 2629, 1021346743, 2623, 1021095092]
[INFO] (lattice_cell.c: 455): on tick 26 of 50
[INFO] (lattice_cell.c: 172): the unmatched_packets is 56
[2360, 1038042465, 2104, 1038042047, 2616, 1038042863, 2112, 1038325959, 2376, 1038614719, 2120, 1038614288, 2632, 1038615128, 2361, 1038320243, 2105, 1038324444, 2617, 1038316204, 2377, 1038310716, 2113, 1038320595, 2624, 1038327438, 2625, 1038312361, 2121, 1038314910, 2362, 1038613849, 2114, 1038325963, 2378, 1038041607, 2363, 1038319106, 2618, 1038613419, 2379, 1038328650, 2115, 1038320589, 2116, 1021762688, 2383, 1021757135, 2111, 1021164230, 2119, 1021332466, 2124, 1021935683, 2117, 1021332470, 2125, 1021164222, 2110, 1021935673, 2118, 1021762691, 2126, 1021357936, 2639, 1021762205, 2109, 1021751754, 2107, 1038314905, 2123, 1038324442, 2106, 1038614286, 2633, 1038306689, 2634, 1038041178, 2364, 1021354141, 2127, 1021751764, 2635, 1038332692, 2365, 1021746285, 2626, 1038324422, 2380, 1021931214, 2108, 1021357942, 2619, 1038323142, 2366, 1021940288, 2381, 1021159473, 2620, 1021350629, 2627, 1038328866, 2367, 1021168889, 2382, 1021361864, 2636, 1021927083, 2628, 1021755350, 2621, 1021740909, 2622, 1021944892, 2637, 1021154792, 2629, 1021321723, 2122, 1038042041, 2623, 1021173244, 2638, 1021365819, 2630, 1021770594, 2631, 1021342764]
[INFO] (lattice_cell.c: 455): on tick 27 of 50
[INFO] (lattice_cell.c: 172): the unmatched_packets is 56
[2360, 1038017604, 2104, 1038017138, 2616, 1038018056, 2376, 1038634722, 2112, 1038324505, 2120, 1038634236, 2632, 1038635197, 2624, 1038325987, 2361, 1038324660, 2105, 1038329163, 2617, 1038320335, 2377, 1038316488, 2113, 1038325239, 2121, 1038320997, 2633, 1038312177, 2625, 1038316408, 2362, 1038633751, 2106, 1038634235, 2618, 1038633308, 2378, 1038016679, 2114, 1038324497, 2122, 1038017140, 2634, 1038016238, 2626, 1038323035, 2363, 1038325522, 2107, 1038320999, 2619, 1038329873, 2379, 1038333677, 2115, 1038325229, 2123, 1038329156, 2635, 1038338021, 2627, 1038334145, 2364, 1021369144, 2108, 1021372391, 2116, 1021733092, 2124, 1021920889, 2365, 1021717915, 2109, 1021722820, 2117, 1021349262, 2110, 1021920891, 2367, 1021175618, 2638, 1021378805, 2119, 1021349278, 2630, 1021739553, 2118, 1021733081, 2126, 1021372391, 2111, 1021171589, 2380, 1021916888, 2381, 1021167485, 2366, 1021924917, 2382, 1021375646, 2383, 1021727636, 2127, 1021722818, 2125, 1021171591, 2620, 1021366034, 2636, 1021913094, 2628, 1021726735, 2621, 1021713122, 2637, 1021163469, 2622, 1021928837, 2629, 1021339650, 2623, 1021179425, 2639, 1021732182, 2631, 1021358563]
[INFO] (lattice_cell.c: 455): on tick 28 of 50
[INFO] (lattice_cell.c: 172): the unmatched_packets is 56
[2360, 1038019144, 2104, 1038018653, 2616, 1038019610, 2376, 1038639482, 2112, 1038325771, 2120, 1038638977, 2632, 1038639962, 2624, 1038327298, 2361, 1038320594, 2105, 1038324786, 2617, 1038316567, 2377, 1038309973, 2113, 1038320372, 2121, 1038314138, 2633, 1038305958, 2625, 1038312171, 2362, 1038638466, 2106, 1038638979, 2378, 1038018151, 2114, 1038325765, 2122, 1038018659, 2618, 1038637971, 2107, 1038314138, 2379, 1038328972, 2115, 1038320367, 2123, 1038324784, 2108, 1021361346, 2366, 1021978076, 2109, 1021747504, 2118, 1021719172, 2127, 1021747510, 2124, 1021973342, 2117, 1021377438, 2110, 1021973330, 2126, 1021361352, 2111, 1021128572, 2639, 1021758282, 2116, 1021719181, 2631, 1021387817, 2119, 1021377430, 2363, 1038318332, 2634, 1038017652, 2364, 1021357584, 2380, 1021968737, 2365, 1021741889, 2381, 1021123896, 2626, 1038324187, 2382, 1021365208, 2620, 1021354094, 2619, 1038322360, 2367, 1021133188, 2635, 1038332992, 2627, 1038328608, 2383, 1021753040, 2125, 1021128582, 2621, 1021736406, 2636, 1021964448, 2622, 1021982760, 2628, 1021711661, 2637, 1021119314, 2629, 1021366734, 2623, 1021137545, 2638, 1021369058, 2630, 1021727195]
[INFO] (lattice_cell.c: 455): on tick 29 of 50
[INFO] (lattice_cell.c: 172): the unmatched_packets is 56
[2360, 1038031931, 2104, 1038031475, 2616, 1038032380, 2376, 1038620329, 2112, 1038324652, 2632, 1038620812, 2120, 1038619848, 2624, 1038326279, 2361, 1038324527, 2105, 1038329038, 2617, 1038320197, 2377, 1038316787, 2113, 1038324842, 2633, 1038312463, 2362, 1038619369, 2625, 1038315989, 2106, 1038619848, 2363, 1038325829, 2122, 1038031475, 2618, 1038618913, 2115, 1038324838, 2619, 1038330199, 2116, 1021729708, 2110, 1021974168, 2383, 1021761512, 2126, 1021340967, 2111, 1021117320, 2108, 1021340967, 2629, 1021343984, 2124, 1021974178, 2109, 1021756629, 2125, 1021117330, 2118, 1021729700, 2638, 1021347175, 2107, 1038321300, 2117, 1021353603, 2123, 1038329042, 2121, 1038321301, 2626, 1038323031, 2634, 1038030570, 2378, 1038031010, 2627, 1038333771, 2379, 1038333548, 2364, 1021337868, 2621, 1021746720, 2636, 1021966679, 2380, 1021970318, 2365, 1021751626, 2635, 1038337910, 2620, 1021334922, 2622, 1021981922, 2381, 1021113135, 2637, 1021109012, 2366, 1021978094, 2623, 1021125225, 2367, 1021121413, 2382, 1021344114, 2628, 1021723435, 2630, 1021736145, 2639, 1021766112, 2631, 1021362772, 2119, 1021353605, 2127, 1021756623, 2114, 1038324650]
[INFO] (lattice_cell.c: 455): on tick 30 of 50
[INFO] (lattice_cell.c: 172): the unmatched_packets is 56
[2360, 1038037097, 2104, 1038036592, 2616, 1038037571, 2376, 1038620486, 2112, 1038325915, 2120, 1038619973, 2632, 1038620977, 2624, 1038327625, 2361, 1038321299, 2105, 1038325486, 2617, 1038317267, 2113, 1038320708, 2377, 1038310585, 2121, 1038314754, 2633, 1038306570, 2625, 1038312517, 2362, 1038619449, 2106, 1038619969, 2114, 1038325919, 2378, 1038036064, 2122, 1038036586, 2618, 1038618943, 2363, 1038318946, 2107, 1038314760, 2115, 1038320710, 2626, 1038324150, 2634, 1038035562, 2123, 1038325486, 2380, 1021938885, 2108, 1021355580, 2627, 1038328959, 2109, 1021750364, 2367, 1021161261, 2117, 1021343995, 2383, 1021755877, 2118, 1021750888, 2116, 1021750887, 2110, 1021943493, 2126, 1021355585, 2119, 1021344004, 2379, 1038329671, 2364, 1021351783, 2365, 1021744775, 2381, 1021151884, 2366, 1021948220, 2382, 1021359482, 2111, 1021156580, 2127, 1021750346, 2125, 1021156602, 2124, 1021943495, 2620, 1021348202, 2629, 1021333177, 2623, 1021165681, 2619, 1038322967, 2635, 1038333693, 2636, 1021934570, 2621, 1021739356, 2628, 1021743425, 2637, 1021147303, 2622, 1021952871, 2638, 1021363344, 2630, 1021758734, 2639, 1021761146, 2631, 1021354562]
[INFO] (lattice_cell.c: 455): on tick 31 of 50
[INFO] (lattice_cell.c: 172): the unmatched_packets is 56
[2360, 1038022952, 2104, 1038022456, 2616, 1038023422, 2376, 1038629618, 2112, 1038324625, 2120, 1038629103, 2632, 1038630123, 2624, 1038326264, 2361, 1038323978, 2105, 1038328481, 2377, 1038316217, 2113, 1038324161, 2617, 1038319661, 2121, 1038320718, 2633, 1038311909, 2362, 1038628588, 2625, 1038315336, 2114, 1038324619, 2363, 1038325241, 2107, 1038320714, 2619, 1038329601, 2118, 1021735433, 2636, 1021925354, 2637, 1021151347, 2629, 1021340793, 2126, 1021364077, 2623, 1021167498, 2630, 1021741681, 2122, 1038022468, 2639, 1021743948, 2115, 1038324155, 2123, 1038328483, 2116, 1021735435, 2111, 1021159654, 2106, 1038629106, 2378, 1038021974, 2379, 1038332985, 2364, 1021361023, 2380, 1021928986, 2365, 1021729392, 2381, 1021155491, 2618, 1038628116, 2366, 1021936815, 2382, 1021367213, 2634, 1038021504, 2367, 1021163714, 2383, 1021739363, 2124, 1021932849, 2626, 1038322979, 2109, 1021734435, 2117, 1021350736, 2635, 1038337328, 2125, 1021159656, 2110, 1021932861, 2119, 1021350744, 2627, 1038333067, 2620, 1021358145, 2628, 1021729475, 2127, 1021734447, 2108, 1021364075, 2621, 1021724410, 2622, 1021940712, 2638, 1021370279, 2631, 1021360137]
[INFO] (lattice_cell.c: 455): on tick 32 of 50
[INFO] (lattice_cell.c: 172): the unmatched_packets is 56
[2360, 1038022274, 2104, 1038021710, 2616, 1038022806, 2376, 1038636186, 2112, 1038325788, 2120, 1038635609, 2632, 1038636741, 2624, 1038327551, 2105, 1038323602, 2361, 1038319389, 2617, 1038315343, 2377, 1038310867, 2113, 1038321095, 2633, 1038306835, 2625, 1038312868, 2121, 1038315062, 2106, 1038635609, 2362, 1038635027, 2114, 1038325786, 2378, 1038021128, 2122, 1038021706, 2634, 1038020565, 2107, 1038315058, 2115, 1038321097, 2364, 1021364035, 2123, 1038323590, 2108, 1021367787, 2366, 1021967094, 2124, 1021962362, 2109, 1021746748, 2637, 1021126261, 2638, 1021375258, 2116, 1021727638, 2631, 1021376584, 2111, 1021135368, 2127, 1021746754, 2119, 1021366017, 2363, 1038319261, 2379, 1038327797, 2618, 1038634469, 2626, 1038323973, 2380, 1021957714, 2365, 1021741125, 2619, 1038323318, 2635, 1038331840, 2381, 1021130730, 2627, 1038329376, 2367, 1021139938, 2382, 1021371558, 2621, 1021735676, 2636, 1021953327, 2628, 1021720191, 2383, 1021752330, 2117, 1021366029, 2125, 1021135348, 2110, 1021962346, 2118, 1021727656, 2126, 1021367781, 2620, 1021360516, 2622, 1021971694, 2629, 1021355297, 2623, 1021144335, 2630, 1021735394, 2639, 1021757674]
[INFO] (lattice_cell.c: 455): on tick 33 of 50
[INFO] (lattice_cell.c: 172): the unmatched_packets is 56
[2360, 1038026930, 2104, 1038026430, 2616, 1038027422, 2376, 1038625823, 2112, 1038324806, 2120, 1038625286, 2632, 1038626348, 2361, 1038324058, 2105, 1038328535, 2617, 1038319762, 2377, 1038315832, 2113, 1038326076, 2121, 1038320304, 2633, 1038311557, 2625, 1038317294, 2362, 1038624752, 2114, 1038324800, 2122, 1038026428, 2366, 1021971583, 2126, 1021348880, 2111, 1021126497, 2124, 1021967627, 2637, 1021117937, 2622, 1021975491, 2109, 1021750550, 2119, 1021354412, 2127, 1021750546, 2123, 1038328537, 2125, 1021126499, 2638, 1021355090, 2107, 1038320310, 2115, 1038326070, 2108, 1021348888, 2117, 1021354412, 2618, 1038624244, 2634, 1038025429, 2626, 1038323031, 2624, 1038326561, 2106, 1038625288, 2619, 1038329148, 2378, 1038025921, 2635, 1038337328, 2363, 1038324805, 2620, 1021343085, 2627, 1038334934, 2379, 1038333020, 2364, 1021345875, 2628, 1021717444, 2380, 1021963821, 2365, 1021745375, 2381, 1021122200, 2623, 1021134508, 2382, 1021351995, 2367, 1021130658, 2630, 1021729793, 2383, 1021755572, 2639, 1021760266, 2636, 1021960245, 2621, 1021740264, 2631, 1021363860, 2118, 1021723392, 2110, 1021967633, 2629, 1021344354, 2116, 1021723422]
[INFO] (lattice_cell.c: 455): on tick 34 of 50
[INFO] (lattice_cell.c: 172): the unmatched_packets is 56
[2360, 1038036636, 2104, 1038036089, 2616, 1038037160, 2376, 1038621003, 2112, 1038325836, 2120, 1038620437, 2632, 1038621536, 2624, 1038327720, 2361, 1038322110, 2105, 1038326357, 2617, 1038318050, 2377, 1038309079, 2113, 1038321203, 2121, 1038313300, 2633, 1038305019, 2362, 1038619879, 2106, 1038620445, 2378, 1038035525, 2122, 1038036091, 2114, 1038325834, 2618, 1038619342, 2363, 1038317531, 2107, 1038313300, 2379, 1038330587, 2626, 1038323900, 2364, 1021344783, 2108, 1021348394, 2635, 1038334677, 2124, 1021955430, 2109, 1021755243, 2111, 1021150163, 2117, 1021350224, 2126, 1021348402, 2118, 1021743007, 2119, 1021350234, 2630, 1021750436, 2639, 1021766208, 2116, 1021743015, 2125, 1021150174, 2110, 1021955434, 2123, 1038326345, 2115, 1038321207, 2380, 1021950845, 2365, 1021749597, 2381, 1021145595, 2366, 1021960076, 2382, 1021352028, 2367, 1021154727, 2383, 1021760836, 2627, 1038329556, 2127, 1021755239, 2622, 1021964600, 2625, 1038312921, 2634, 1038034982, 2619, 1038321620, 2620, 1021341296, 2621, 1021744127, 2636, 1021946494, 2628, 1021735724, 2637, 1021141166, 2629, 1021339486, 2623, 1021159104, 2638, 1021355552, 2631, 1021360833]
[INFO] (lattice_cell.c: 455): on tick 35 of 50
[INFO] (lattice_cell.c: 172): the unmatched_packets is 56
[2360, 1038022248, 2104, 1038021681, 2616, 1038022787, 2376, 1038630747, 2112, 1038324810, 2120, 1038630147, 2632, 1038631323, 2624, 1038326720, 2361, 1038322032, 2105, 1038326474, 2617, 1038317759, 2377, 1038315650, 2113, 1038323313, 2121, 1038320084, 2633, 1038311400, 2625, 1038314603, 2362, 1038629550, 2106, 1038630153, 2618, 1038628997, 2378, 1038021109, 2114, 1038324806, 2122, 1038021682, 2634, 1038020559, 2626, 1038322864, 2363, 1038324543, 2107, 1038320084, 2619, 1038328841, 2379, 1038330906, 2115, 1038323311, 2635, 1038335170, 2108, 1021376180, 2364, 1021373048, 2123, 1038326466, 2380, 1021938261, 2116, 1021742912, 2109, 1021730545, 2367, 1021156087, 2117, 1021345945, 2125, 1021151904, 2110, 1021942183, 2119, 1021345937, 2623, 1021159947, 2118, 1021742888, 2124, 1021942170, 2631, 1021355619, 2126, 1021376182, 2111, 1021151908, 2365, 1021725395, 2381, 1021147579, 2620, 1021370197, 2627, 1038332075, 2366, 1021946252, 2382, 1021379460, 2636, 1021934670, 2383, 1021735561, 2127, 1021730559, 2628, 1021736956, 2621, 1021720280, 2637, 1021143273, 2622, 1021950313, 2629, 1021335650, 2638, 1021382743, 2630, 1021749397, 2639, 1021740253]
[INFO] (lattice_cell.c: 455): on tick 36 of 50
[INFO] (lattice_cell.c: 172): the unmatched_packets is 56
[2360, 1038035053, 2104, 1038034497, 2616, 1038035590, 2376, 1038622945, 2112, 1038325788, 2120, 1038622372, 2632, 1038623497, 2624, 1038327615, 2361, 1038322223, 2105, 1038326507, 2377, 1038311564, 2617, 1038318129, 2113, 1038323147, 2121, 1038315821, 2633, 1038307478, 2625, 1038314791, 2362, 1038621795, 2106, 1038622370, 2618, 1038621236, 2378, 1038033917, 2114, 1038325792, 2122, 1038034489, 2634, 1038033358, 2626, 1038323922, 2363, 1038320109, 2107, 1038315823, 2619, 1038324249, 2379, 1038330787, 2115, 1038323141, 2123, 1038326503, 2635, 1038334916, 2364, 1021324811, 2108, 1021328242, 2380, 1021937900, 2116, 1021715470, 2124, 1021942388, 2620, 1021321492, 2636, 1021933638, 2365, 1021769680, 2109, 1021775342, 2381, 1021147554, 2117, 1021370066, 2125, 1021152080, 2628, 1021708558, 2110, 1021942387, 2383, 1021781000, 2119, 1021370060, 2630, 1021722410, 2111, 1021152084, 2366, 1021946901, 2382, 1021331656, 2631, 1021380791, 2367, 1021156612, 2127, 1021775346, 2118, 1021715456, 2126, 1021328244, 2637, 1021143168, 2627, 1038331593, 2621, 1021764178, 2622, 1021951226, 2629, 1021359214, 2638, 1021334948, 2623, 1021160933, 2639, 1021786411]
[INFO] (lattice_cell.c: 455): on tick 37 of 50
[INFO] (lattice_cell.c: 172): the unmatched_packets is 56
[2360, 1038006696, 2104, 1038006084, 2616, 1038007280, 2376, 1038646839, 2112, 1038324846, 2120, 1038646200, 2632, 1038647470, 2624, 1038326915, 2361, 1038324559, 2105, 1038328949, 2617, 1038320336, 2377, 1038313482, 2113, 1038323194, 2633, 1038309275, 2625, 1038314568, 2121, 1038317867, 2362, 1038645551, 2106, 1038646196, 2618, 1038644936, 2378, 1038005467, 2114, 1038324848, 2122, 1038006086, 2626, 1038322767, 2363, 1038322273, 2107, 1038317865, 2379, 1038333333, 2115, 1038323182, 2619, 1038326515, 2364, 1021420449, 2380, 1021983480, 2108, 1021423596, 2366, 1021991817, 2382, 1021426870, 2110, 1021987567, 2118, 1021763259, 2637, 1021106030, 2111, 1021114653, 2638, 1021430193, 2125, 1021114667, 2119, 1021325933, 2127, 1021674317, 2639, 1021684359, 2631, 1021335598, 2116, 1021763270, 2124, 1021987565, 2109, 1021674327, 2117, 1021325923, 2123, 1038328955, 2620, 1021417587, 2365, 1021668961, 2381, 1021110339, 2628, 1021757029, 2634, 1038004880, 2635, 1038337539, 2367, 1021118849, 2627, 1038331860, 2383, 1021679519, 2636, 1021979728, 2126, 1021423576, 2621, 1021663667, 2629, 1021315627, 2622, 1021996105, 2630, 1021770126, 2623, 1021122698]
[INFO] (lattice_cell.c: 455): on tick 38 of 50
[INFO] (lattice_cell.c: 172): the unmatched_packets is 56
[2360, 1038053969, 2104, 1038053388, 2616, 1038054511, 2376, 1038603629, 2112, 1038325912, 2632, 1038604194, 2120, 1038603040, 2624, 1038327888, 2361, 1038318333, 2105, 1038322670, 2617, 1038314181, 2377, 1038311897, 2113, 1038320749, 2633, 1038307763, 2121, 1038316203, 2625, 1038312298, 2362, 1038602447, 2106, 1038603038, 2618, 1038601885, 2378, 1038052795, 2122, 1038053388, 2634, 1038052216, 2114, 1038325904, 2363, 1038320530, 2107, 1038316205, 2619, 1038324735, 2379, 1038326999, 2115, 1038320757, 2123, 1038322664, 2635, 1038331178, 2364, 1021242507, 2108, 1021245853, 2380, 1021914520, 2116, 1021668205, 2124, 1021918763, 2365, 1021867528, 2109, 1021873080, 2636, 1021910462, 2382, 1021249216, 2117, 1021426483, 2125, 1021175576, 2621, 1021862174, 2118, 1021668217, 2111, 1021175572, 2126, 1021245857, 2127, 1021873082, 2119, 1021426481, 2110, 1021918741, 2631, 1021437143, 2381, 1021170990, 2366, 1021922997, 2367, 1021180147, 2383, 1021878605, 2628, 1021661616, 2626, 1038323874, 2622, 1021927083, 2627, 1038329315, 2638, 1021252436, 2620, 1021239250, 2637, 1021166585, 2629, 1021415708, 2623, 1021184547, 2630, 1021674773, 2639, 1021883921]
[INFO] (lattice_cell.c: 455): on tick 39 of 50
[INFO] (lattice_cell.c: 172): the unmatched_packets is 56
[2360, 1038015323, 2104, 1038014716, 2616, 1038015902, 2376, 1038637669, 2112, 1038324839, 2120, 1038637032, 2632, 1038638284, 2624, 1038326908, 2361, 1038326924, 2105, 1038331252, 2617, 1038322750, 2377, 1038315861, 2113, 1038327043, 2121, 1038320201, 2633, 1038311706, 2362, 1038636392, 2106, 1038637034, 2378, 1038014109, 2114, 1038324831, 2122, 1038014714, 2618, 1038635789, 2363, 1038324547, 2107, 1038320193, 2364, 1021488048, 2380, 1022002099, 2365, 1021591745, 2619, 1038328743, 2116, 1021845610, 2366, 1022010773, 2126, 1021491186, 2124, 1022006335, 2629, 1021217472, 2110, 1022006337, 2111, 1021085654, 2638, 1021497720, 2630, 1021852446, 2127, 1021597307, 2115, 1038327045, 2117, 1021228243, 2119, 1021228229, 2379, 1038335588, 2625, 1038318532, 2381, 1021081277, 2382, 1021494437, 2367, 1021089884, 2383, 1021602694, 2125, 1021085639, 2109, 1021597308, 2123, 1038331256, 2108, 1021491177, 2634, 1038013517, 2118, 1021845604, 2621, 1021586205, 2626, 1038322740, 2635, 1038339754, 2620, 1021485188, 2627, 1038335615, 2636, 1021998209, 2628, 1021839397, 2622, 1022015201, 2637, 1021076912, 2623, 1021093799, 2639, 1021607712, 2631, 1021238333]
[INFO] (lattice_cell.c: 455): on tick 40 of 50
[INFO] (lattice_cell.c: 172): the unmatched_packets is 56
[2360, 1038019476, 2104, 1038018857, 2616, 1038020063, 2376, 1038639302, 2112, 1038325868, 2120, 1038638674, 2632, 1038639913, 2624, 1038328014, 2361, 1038319171, 2105, 1038323562, 2617, 1038314958, 2377, 1038307548, 2113, 1038318400, 2121, 1038311911, 2633, 1038303368, 2625, 1038309836, 2362, 1038638041, 2106, 1038638672, 2378, 1038018223, 2114, 1038325866, 2122, 1038018847, 2618, 1038637422, 2634, 1038017599, 2626, 1038323660, 2363, 1038316294, 2107, 1038311907, 2379, 1038327939, 2115, 1038318390, 2364, 1021238620, 2108, 1021241833, 2380, 1021858608, 2365, 1021867834, 2620, 1021235518, 2109, 1021873285, 2117, 1021503531, 2628, 1021594242, 2126, 1021241846, 2111, 1021247238, 2623, 1021255822, 2630, 1021607162, 2127, 1021873285, 2110, 1021862821, 2118, 1021600683, 2639, 1021884035, 2619, 1038320545, 2635, 1038332148, 2381, 1021242866, 2366, 1021867071, 2382, 1021245053, 2367, 1021251637, 2627, 1038327044, 2383, 1021878771, 2125, 1021247240, 2119, 1021503545, 2621, 1021862600, 2123, 1038323562, 2116, 1021600675, 2636, 1021854562, 2124, 1021862829, 2622, 1021871140, 2629, 1021493078, 2637, 1021238654, 2638, 1021248176, 2631, 1021513964]
[INFO] (lattice_cell.c: 455): on tick 41 of 50
[INFO] (lattice_cell.c: 172): the unmatched_packets is 56
[2360, 1038056678, 2104, 1038056018, 2616, 1038057311, 2376, 1038595719, 2112, 1038324880, 2120, 1038595022, 2632, 1038596391, 2624, 1038327017, 2105, 1038329122, 2361, 1038324847, 2617, 1038320739, 2377, 1038318584, 2113, 1038326064, 2121, 1038322867, 2633, 1038314478, 2625, 1038317680, 2106, 1038595020, 2362, 1038594327, 2618, 1038593673, 2114, 1038324870, 2378, 1038055350, 2634, 1038054709, 2122, 1038056018, 2626, 1038322717, 2107, 1038322865, 2379, 1038333401, 2115, 1038326058, 2364, 1021411671, 2365, 1021677646, 2381, 1021010728, 2383, 1021688668, 2621, 1021672063, 2119, 1021227850, 2127, 1021683270, 2125, 1021015380, 2118, 1021849665, 2126, 1021414996, 2111, 1021015352, 2123, 1038329118, 2108, 1021415003, 2116, 1021849663, 2124, 1022067370, 2631, 1021238315, 2109, 1021683264, 2619, 1038331325, 2363, 1038327175, 2627, 1038334558, 2620, 1021408585, 2380, 1022063190, 2366, 1022071733, 2637, 1021006110, 2635, 1038337521, 2622, 1022076086, 2629, 1021216627, 2382, 1021418460, 2367, 1021019850, 2623, 1021023997, 2638, 1021421871, 2636, 1022059300, 2630, 1021856438, 2110, 1022067374, 2628, 1021843436, 2639, 1021693681, 2117, 1021227848]
[INFO] (lattice_cell.c: 455): on tick 42 of 50
[INFO] (lattice_cell.c: 172): the unmatched_packets is 56
[2360, 1037989987, 2104, 1037989371, 2616, 1037990565, 2376, 1038669099, 2112, 1038326022, 2120, 1038668462, 2632, 1038669700, 2361, 1038320319, 2105, 1038324756, 2113, 1038320684, 2617, 1038316045, 2114, 1038326018, 2618, 1038667214, 2381, 1021254918, 2123, 1038324752, 2119, 1021417913, 2127, 1021730738, 2629, 1021407564, 2124, 1021846149, 2117, 1021417917, 2126, 1021379588, 2639, 1021741732, 2631, 1021428262, 2121, 1038312432, 2106, 1038668466, 2122, 1037989367, 2107, 1038312440, 2108, 1021379605, 2116, 1021676716, 2110, 1021846133, 2111, 1021259120, 2377, 1038308024, 2362, 1038667830, 2624, 1038328100, 2378, 1037988736, 2363, 1038316875, 2379, 1038329183, 2633, 1038303789, 2625, 1038312010, 2364, 1021376730, 2380, 1021841975, 2365, 1021725137, 2634, 1037988110, 2619, 1038321158, 2626, 1038323865, 2366, 1021850363, 2620, 1021373966, 2382, 1021382477, 2635, 1038333427, 2627, 1038329413, 2367, 1021263327, 2383, 1021736319, 2621, 1021719735, 2636, 1021838003, 2628, 1021670670, 2109, 1021730732, 2125, 1021259124, 2118, 1021676704, 2622, 1021854484, 2637, 1021250916, 2115, 1038320686, 2623, 1021267388, 2638, 1021385286, 2630, 1021682917]
[INFO] (lattice_cell.c: 455): on tick 43 of 50
[INFO] (lattice_cell.c: 172): the unmatched_packets is 56
[2360, 1038046415, 2104, 1038045746, 2616, 1038047053, 2376, 1038606574, 2112, 1038324721, 2120, 1038605866, 2632, 1038607268, 2624, 1038327146, 2361, 1038324806, 2105, 1038329045, 2617, 1038320734, 2377, 1038316294, 2113, 1038324902, 2121, 1038320522, 2633, 1038312258, 2625, 1038316605, 2362, 1038605168, 2106, 1038605868, 2618, 1038604497, 2378, 1038045084, 2114, 1038324717, 2634, 1038044428, 2122, 1038045746, 2626, 1038322268, 2363, 1038324787, 2107, 1038320524, 2379, 1038333279, 2115, 1038324892, 2123, 1038329043, 2619, 1038328911, 2364, 1021292984, 2108, 1021296362, 2380, 1022028152, 2365, 1021796435, 2116, 1021712490, 2381, 1021056723, 2367, 1021065953, 2125, 1021061416, 2111, 1021061430, 2639, 1021812891, 2124, 1022032508, 2109, 1021802166, 2117, 1021370351, 2366, 1022037003, 2383, 1021807720, 2110, 1022032510, 2118, 1021712472, 2126, 1021296366, 2119, 1021370367, 2127, 1021802150, 2382, 1021299853, 2636, 1022024103, 2635, 1038337357, 2627, 1038333301, 2620, 1021289836, 2637, 1021052053, 2628, 1021705787, 2621, 1021790764, 2622, 1022041452, 2629, 1021359176, 2638, 1021303326, 2623, 1021070129, 2630, 1021719604, 2631, 1021380806]
[INFO] (lattice_cell.c: 455): on tick 44 of 50
[INFO] (lattice_cell.c: 172): the unmatched_packets is 56
[2360, 1038045414, 2112, 1038326179, 2104, 1038044752, 2616, 1038046021, 2376, 1038612439, 2632, 1038613063, 2120, 1038611773, 2361, 1038320344, 2113, 1038320613, 2105, 1038324817, 2617, 1038316046, 2121, 1038314122, 2114, 1038326175, 2362, 1038611100, 2625, 1038311881, 2363, 1038318589, 2122, 1038044758, 2115, 1038320611, 2365, 1021718975, 2620, 1021380431, 2125, 1021161928, 2118, 1021794981, 2110, 1021937058, 2126, 1021386210, 2638, 1021392067, 2639, 1021734785, 2109, 1021724318, 2123, 1038324819, 2119, 1021299161, 2124, 1021937064, 2631, 1021309682, 2107, 1038314120, 2117, 1021299165, 2116, 1021794979, 2108, 1021386195, 2624, 1038328388, 2633, 1038305386, 2618, 1038610450, 2377, 1038309667, 2634, 1038043431, 2626, 1038323879, 2106, 1038611769, 2619, 1038322899, 2378, 1038044088, 2635, 1038333582, 2636, 1021929443, 2379, 1038329292, 2364, 1021383256, 2621, 1021713809, 2628, 1021789467, 2637, 1021153548, 2380, 1021933131, 2627, 1038329439, 2622, 1021944957, 2629, 1021288566, 2366, 1021941058, 2381, 1021157647, 2623, 1021170303, 2630, 1021800664, 2367, 1021166192, 2382, 1021389165, 2383, 1021729660, 2111, 1021161900, 2127, 1021724332]
[INFO] (lattice_cell.c: 455): on tick 45 of 50
[INFO] (lattice_cell.c: 172): the unmatched_packets is 56
[2360, 1038000834, 2104, 1038000144, 2616, 1038001510, 2376, 1038652794, 2112, 1038324758, 2120, 1038652051, 2365, 1021710786, 2634, 1037998769, 2626, 1038322484, 2366, 1021908387, 2635, 1038337131, 2126, 1021381907, 2114, 1038324752, 2108, 1021381906, 2125, 1021189262, 2105, 1038328897, 2113, 1038324959, 2121, 1038319892, 2106, 1038652047, 2122, 1038000140, 2107, 1038319888, 2115, 1038324955, 2632, 1038653511, 2116, 1021705923, 2361, 1038324692, 2109, 1021716802, 2377, 1038315697, 2362, 1038651311, 2119, 1021376632, 2127, 1021716788, 2624, 1038327025, 2633, 1038311685, 2378, 1037999437, 2617, 1038320657, 2363, 1038324118, 2625, 1038316723, 2618, 1038650623, 2379, 1038333095, 2364, 1021378617, 2380, 1021899177, 2619, 1038328218, 2381, 1021184626, 2622, 1021913004, 2367, 1021193742, 2620, 1021375541, 2637, 1021180009, 2382, 1021385289, 2627, 1038333280, 2629, 1021365047, 2623, 1021197924, 2383, 1021722605, 2636, 1021894922, 2621, 1021704851, 2628, 1021699359, 2124, 1021903696, 2117, 1021376626, 2110, 1021903701, 2118, 1021705928, 2111, 1021189262, 2123, 1038328893, 2638, 1021388596, 2630, 1021712899, 2639, 1021728061, 2631, 1021387557]
[INFO] (lattice_cell.c: 455): on tick 46 of 50
[INFO] (lattice_cell.c: 172): the unmatched_packets is 56
[2360, 1038029909, 2112, 1038326015, 2616, 1038030557, 2104, 1038029214, 2376, 1038629221, 2632, 1038629898, 2120, 1038628519, 2624, 1038328421, 2361, 1038320957, 2113, 1038320725, 2105, 1038325462, 2377, 1038309335, 2121, 1038313812, 2617, 1038316621, 2362, 1038627801, 2106, 1038628513, 2114, 1038326015, 2122, 1038029216, 2363, 1038318308, 2634, 1038027796, 2380, 1022002691, 2626, 1038323510, 2365, 1021771078, 2123, 1038325459, 2124, 1022006621, 2125, 1021094912, 2118, 1021709650, 2623, 1021102922, 2109, 1021776486, 2110, 1022006595, 2107, 1038313812, 2630, 1021715617, 2111, 1021094914, 2639, 1021787066, 2117, 1021384648, 2108, 1021332004, 2631, 1021394631, 2126, 1021331996, 2127, 1021776499, 2378, 1038028498, 2115, 1038320733, 2379, 1038329951, 2364, 1021329266, 2381, 1021090784, 2366, 1022010626, 2382, 1021334798, 2367, 1021099015, 2383, 1021781893, 2119, 1021384636, 2116, 1021709659, 2619, 1038322666, 2633, 1038305044, 2625, 1038311940, 2635, 1038334270, 2618, 1038627106, 2620, 1021326662, 2627, 1038329599, 2636, 1021998992, 2628, 1021703977, 2621, 1021765844, 2637, 1021086790, 2629, 1021374507, 2622, 1022014549, 2638, 1021337555]
[INFO] (lattice_cell.c: 455): on tick 47 of 50
[INFO] (lattice_cell.c: 172): the unmatched_packets is 56
[2360, 1038045438, 2112, 1038324940, 2104, 1038044758, 2616, 1038046099, 2376, 1038606992, 2120, 1038606260, 2632, 1038607698, 2624, 1038327426, 2361, 1038324357, 2113, 1038324229, 2105, 1038328541, 2617, 1038320357, 2377, 1038316140, 2121, 1038320315, 2633, 1038312158, 2625, 1038316053, 2362, 1038605545, 2114, 1038324936, 2618, 1038604866, 2106, 1038606272, 2378, 1038044066, 2122, 1038044752, 2634, 1038043415, 2626, 1038322452, 2115, 1038324232, 2363, 1038324522, 2107, 1038320319, 2619, 1038328586, 2123, 1038328538, 2116, 1021760139, 2108, 1021345968, 2635, 1038336752, 2365, 1021749353, 2627, 1038332541, 2124, 1021959665, 2117, 1021324517, 2109, 1021755310, 2629, 1021312660, 2623, 1021141939, 2110, 1021959669, 2638, 1021352851, 2631, 1021335774, 2118, 1021760127, 2379, 1038332725, 2364, 1021342545, 2380, 1021955274, 2620, 1021339318, 2381, 1021127792, 2366, 1021964162, 2382, 1021349447, 2367, 1021137488, 2628, 1021753592, 2383, 1021761123, 2126, 1021345967, 2119, 1021324517, 2111, 1021132707, 2125, 1021132693, 2127, 1021755300, 2621, 1021743473, 2636, 1021951157, 2622, 1021968594, 2637, 1021122968, 2630, 1021766936, 2639, 1021766554]
[INFO] (lattice_cell.c: 455): on tick 48 of 50
[INFO] (lattice_cell.c: 172): the unmatched_packets is 56
[2360, 1038022551, 2104, 1038021815, 2616, 1038023233, 2376, 1038636091, 2112, 1038326122, 2120, 1038635341, 2632, 1038636797, 2624, 1038328509, 2361, 1038319156, 2105, 1038323672, 2617, 1038314819, 2377, 1038309882, 2113, 1038321265, 2121, 1038314367, 2633, 1038305577, 2625, 1038312445, 2106, 1038635344, 2362, 1038634591, 2378, 1038021064, 2114, 1038326118, 2618, 1038633868, 2122, 1038021819, 2363, 1038318875, 2107, 1038314370, 2364, 1021383839, 2365, 1021722705, 2117, 1021346320, 2638, 1021392057, 2623, 1021191938, 2118, 1021745605, 2119, 1021346324, 2115, 1038321260, 2639, 1021738515, 2631, 1021356536, 2108, 1021386545, 2116, 1021745609, 2125, 1021184147, 2110, 1021913609, 2124, 1021913625, 2109, 1021728088, 2379, 1038328171, 2634, 1038020319, 2619, 1038323236, 2635, 1038332501, 2380, 1021909660, 2620, 1021381286, 2381, 1021180144, 2636, 1021905989, 2366, 1021917682, 2626, 1038323645, 2382, 1021389317, 2367, 1021188146, 2628, 1021740387, 2621, 1021717433, 2383, 1021733430, 2622, 1021921720, 2629, 1021335896, 2126, 1021386544, 2111, 1021184153, 2127, 1021728105, 2123, 1038323673, 2630, 1021751229, 2627, 1038330153, 2637, 1021176240]
[INFO] (lattice_cell.c: 455): on tick 49 of 50
[INFO] (lattice_cell.c: 172): the unmatched_packets is 56
[2360, 1038015254, 2104, 1038014547, 2616, 1038015936, 2376, 1038638547, 2112, 1038324764, 2120, 1038637789, 2632, 1038639287, 2624, 1038327238, 2361, 1038324077, 2105, 1038328246, 2617, 1038320060, 2113, 1038325956, 2377, 1038315086, 2121, 1038319257, 2633, 1038311112, 2625, 1038317781, 2362, 1038637050, 2106, 1038637801, 2114, 1038324760, 2363, 1038323462, 2122, 1038014549, 2115, 1038325961, 2123, 1038328246, 2108, 1021356706, 2629, 1021360985, 2124, 1021962147, 2631, 1021384072, 2127, 1021745301, 2107, 1038319260, 2109, 1021745303, 2110, 1021962147, 2111, 1021133379, 2119, 1021372755, 2116, 1021705640, 2117, 1021372758, 2125, 1021133381, 2118, 1021705640, 2378, 1038013836, 2618, 1038636334, 2379, 1038332411, 2364, 1021353436, 2626, 1038322266, 2634, 1038013144, 2619, 1038327543, 2380, 1021957624, 2635, 1038336434, 2365, 1021739132, 2620, 1021350345, 2627, 1038334246, 2381, 1021128573, 2366, 1021966757, 2636, 1021953355, 2628, 1021699001, 2382, 1021360007, 2367, 1021138066, 2621, 1021733081, 2637, 1021123876, 2383, 1021751333, 2622, 1021971264, 2623, 1021142483, 2638, 1021363227, 2630, 1021712493, 2639, 1021757040, 2126, 1021356686]
[INFO] (lattice_cell.c: 455): on tick 50 of 50
[INFO] (lattice_cell.c: 466): updating recording regions
[INFO] (recording.c: 507): 	Finalising channel 0 - state info stored in SDRAM
[INFO] (recording.c: 512): closed channel 0.
[INFO] (lattice_cell.c: 470): Simulation complete.

