[INFO] (lattice_cell.c: 604): starting lattice cell
[INFO] (lattice_cell.c: 526): Initialise: started
[INFO] (data_specification.c: 78): magic = ad130ad6, version = 1.0
[INFO] (lattice_cell.c: 555): my key is 6280
[INFO] (lattice_cell.c: 562): I'm in position ( 24, 17)
[INFO] (lattice_cell.c: 568): my n key is 6024
[INFO] (lattice_cell.c: 574): my U_X = 0.009999959729611874
[INFO] (lattice_cell.c: 575): my U_Y = -1.2246468422454102e-19
[INFO] (lattice_cell.c: 583): input_buffer initialised
[INFO] (recording.c: 563): Recording 1 regions, using output tag 0, size before trigger 7686388, time between triggers 50
[INFO] (recording.c: 665): Recording channel 0 configured to use 7686132 byte memory block starting at 0x60243eac
[INFO] (lattice_cell.c: 588): Recording flags = 0x00000001
[INFO] (lattice_cell.c: 619): setting timer to execute every 200000 microseconds
[INFO] (lattice_cell.c: 627): Starting

[INFO] (simulation.c: 159): Setting the runtime of this model to 50 starting at 0
[INFO] (simulation.c: 161): Setting the flag of infinite run for this model to 0
[INFO] (simulation.c: 175): Resuming
[INFO] (lattice_cell.c: 455): on tick 0 of 50
[6272, 1038779590, 6288, 1038779577, 6536, 1038779589, 6032, 1038779579, 6544, 1038779581, 6024, 1038779589, 6528, 1038779590, 6273, 1038318786, 6289, 1038318784, 6537, 1038323150, 6025, 1038314422, 6033, 1038314424, 6545, 1038323154, 6529, 1038323150, 6017, 1038314422, 6290, 1037884815, 6274, 1037884806, 6275, 1038318786, 6538, 1037884807, 6293, 1021107599, 6034, 1037884815, 6541, 1021111693, 6532, 1022007000, 6279, 1022002374, 6542, 1021103489, 6533, 1021111692, 6534, 1021103488, 6037, 1021103499, 6030, 1021111693, 6535, 1021997748, 6023, 1022007000, 6291, 1038318784, 6292, 1022002361, 6276, 1022002374, 6019, 1038323150, 6277, 1021107590, 6294, 1021107599, 6016, 1038779590, 6038, 1021111703, 6278, 1021107590, 6295, 1022002361, 6020, 1021997748, 6546, 1037884819, 6021, 1021103488, 6530, 1037884806, 6026, 1037884807, 6539, 1038314422, 6022, 1021111692, 6547, 1038314426, 6540, 1022006999, 6031, 1022006999, 6531, 1038314422, 6018, 1037884806, 6036, 1021997737, 6039, 1022006989, 6548, 1022006993, 6027, 1038323150, 6549, 1021111707, 6035, 1038323152, 6543, 1021997747, 6550, 1021103503, 6028, 1021997747, 6551, 1021997741, 6029, 1021103489]
[INFO] (lattice_cell.c: 455): on tick 1 of 50
[INFO] (lattice_cell.c: 172): the unmatched_packets is 56
[6536, 1038774627, 6288, 1038774599, 6272, 1038774630, 6544, 1038774605, 6528, 1038774634, 6032, 1038774607, 6024, 1038774631, 6289, 1038327046, 6537, 1038331356, 6273, 1038327046, 6538, 1037879853, 6542, 1021102419, 6549, 1021102875, 6278, 1021106894, 6295, 1021993010, 6279, 1021992976, 6550, 1021102397, 6039, 1021997496, 6031, 1021997464, 6290, 1037879873, 6274, 1037879846, 6291, 1038327393, 6275, 1038327393, 6292, 1022001812, 6276, 1022001854, 6293, 1021098405, 6023, 1021997456, 6277, 1021098365, 6294, 1021106860, 6016, 1038774636, 6033, 1038322746, 6025, 1038322744, 6034, 1037879879, 6035, 1038331701, 6026, 1037879855, 6037, 1021094099, 6021, 1021094065, 6038, 1021111172, 6022, 1021111206, 6545, 1038331358, 6017, 1038322746, 6019, 1038331703, 6529, 1038331362, 6546, 1037879881, 6028, 1021997366, 6036, 1021997334, 6020, 1021997372, 6530, 1037879852, 6539, 1038323081, 6547, 1038323085, 6029, 1021094068, 6540, 1022006157, 6531, 1038323087, 6030, 1021111204, 6548, 1022006124, 6541, 1021102835, 6532, 1022006170, 6018, 1037879852, 6533, 1021102837, 6543, 1021988678, 6027, 1038331703, 6534, 1021102427, 6551, 1021988709, 6535, 1021988672]
[INFO] (lattice_cell.c: 455): on tick 2 of 50
[INFO] (lattice_cell.c: 172): the unmatched_packets is 56
[6536, 1038780033, 6288, 1038780089, 6272, 1038780024, 6544, 1038780083, 6528, 1038780026, 6032, 1038780089, 6024, 1038780037, 6537, 1038323658, 6289, 1038319238, 6273, 1038319238, 6545, 1038323656, 6290, 1037885177, 6529, 1038323658, 6291, 1038319257, 6275, 1038319247, 6541, 1021111664, 6033, 1038314824, 6295, 1022002754, 6533, 1021111668, 6279, 1022002948, 6274, 1037885232, 6037, 1021103620, 6292, 1022002712, 6276, 1022002668, 6023, 1022007465, 6293, 1021107615, 6277, 1021107649, 6294, 1021108583, 6016, 1038780034, 6278, 1021108406, 6025, 1038314822, 6034, 1037885175, 6027, 1038323665, 6035, 1038323671, 6019, 1038323667, 6020, 1021998169, 6029, 1021103651, 6021, 1021103659, 6038, 1021112563, 6022, 1021112402, 6031, 1022007434, 6538, 1037885233, 6546, 1037885175, 6036, 1021998214, 6530, 1037885236, 6539, 1038314829, 6547, 1038314833, 6030, 1021112420, 6540, 1022007182, 6531, 1038314829, 6548, 1022007211, 6039, 1022007256, 6026, 1037885229, 6532, 1022007178, 6549, 1021111623, 6542, 1021104432, 6543, 1021998410, 6550, 1021104578, 6028, 1021998181, 6551, 1021998234, 6534, 1021104400, 6018, 1037885234, 6535, 1021998434, 6017, 1038314822]
[INFO] (lattice_cell.c: 455): on tick 3 of 50
[INFO] (lattice_cell.c: 172): the unmatched_packets is 56
[6536, 1038774625, 6288, 1038774297, 6544, 1038774293, 6528, 1038774672, 6032, 1038774299, 6024, 1038774633, 6272, 1038774672, 6016, 1038774674, 6537, 1038331186, 6289, 1038326926, 6545, 1038331192, 6529, 1038331184, 6025, 1038322670, 6033, 1038322676, 6273, 1038326914, 6538, 1037879969, 6290, 1037880293, 6017, 1038322670, 6274, 1037879924, 6546, 1037880293, 6530, 1037879930, 6034, 1037880287, 6291, 1038327555, 6275, 1038327597, 6293, 1021099050, 6540, 1022006145, 6549, 1021103610, 6279, 1021993203, 6542, 1021101956, 6292, 1022001419, 6276, 1022001776, 6277, 1021098708, 6022, 1021111030, 6023, 1021997806, 6031, 1021997938, 6294, 1021105812, 6029, 1021094381, 6278, 1021106626, 6018, 1037879922, 6295, 1021994177, 6035, 1038331810, 6539, 1038323334, 6547, 1038323297, 6019, 1038331849, 6028, 1021997103, 6020, 1021997175, 6531, 1038323338, 6548, 1022005858, 6026, 1037879965, 6037, 1021094657, 6541, 1021103328, 6038, 1021110212, 6532, 1022006203, 6027, 1038331847, 6533, 1021103274, 6550, 1021101262, 6543, 1021988897, 6021, 1021094305, 6534, 1021102078, 6551, 1021989743, 6036, 1021996814, 6030, 1021110921, 6535, 1021988761, 6039, 1021998783]
[INFO] (lattice_cell.c: 455): on tick 4 of 50
[INFO] (lattice_cell.c: 172): the unmatched_packets is 56
[6536, 1038780313, 6288, 1038781839, 6272, 1038780106, 6528, 1038780110, 6032, 1038781845, 6024, 1038780319, 6544, 1038781839, 6273, 1038319246, 6289, 1038319226, 6537, 1038323704, 6274, 1037885150, 6276, 1022002679, 6539, 1038314851, 6294, 1021112881, 6279, 1022002782, 6551, 1021993567, 6290, 1037883471, 6291, 1038319520, 6275, 1038319287, 6292, 1022004240, 6033, 1038314770, 6293, 1021105662, 6277, 1021107144, 6025, 1038314776, 6278, 1021109041, 6035, 1038323992, 6036, 1021999852, 6295, 1021997962, 6545, 1038323694, 6022, 1021112928, 6026, 1037884951, 6018, 1037885154, 6529, 1038323708, 6039, 1022002359, 6538, 1037884955, 6023, 1022007183, 6031, 1022006503, 6546, 1037883473, 6530, 1037885150, 6547, 1038315060, 6016, 1038780108, 6020, 1021998295, 6531, 1038314821, 6548, 1022008633, 6541, 1021110811, 6037, 1021101770, 6017, 1038314784, 6038, 1021116780, 6540, 1022007356, 6532, 1022007061, 6549, 1021109608, 6030, 1021113478, 6542, 1021105641, 6543, 1021997714, 6533, 1021111082, 6550, 1021108948, 6029, 1021102977, 6019, 1038323751, 6021, 1021103233, 6535, 1021998393, 6534, 1021105103, 6034, 1037883475, 6027, 1038323788, 6028, 1021998595]
[INFO] (lattice_cell.c: 455): on tick 5 of 50
[INFO] (lattice_cell.c: 172): the unmatched_packets is 56
[6536, 1038773272, 6288, 1038766657, 6272, 1038774274, 6544, 1038766651, 6528, 1038774266, 6032, 1038766661, 6024, 1038773288, 6537, 1038330992, 6289, 1038326866, 6273, 1038326726, 6545, 1038331086, 6016, 1038774274, 6538, 1037881286, 6025, 1038322564, 6294, 1021088852, 6543, 1021992764, 6290, 1037887658, 6274, 1037880336, 6291, 1038326610, 6275, 1038327707, 6292, 1021994990, 6021, 1021094460, 6276, 1022001797, 6023, 1021998694, 6293, 1021105445, 6277, 1021098936, 6031, 1022002047, 6017, 1038322520, 6278, 1021105907, 6035, 1038330814, 6027, 1038331706, 6295, 1022015383, 6018, 1037880334, 6028, 1021995628, 6279, 1021993979, 6037, 1021100976, 6033, 1038322656, 6019, 1038331906, 6036, 1021990271, 6529, 1038330952, 6029, 1021095763, 6546, 1037887668, 6030, 1021107821, 6530, 1037880342, 6022, 1021110381, 6539, 1038323280, 6547, 1038322386, 6026, 1037881282, 6531, 1038323480, 6020, 1021997086, 6540, 1022004893, 6038, 1021093332, 6548, 1021999550, 6541, 1021104848, 6532, 1022006360, 6542, 1021098746, 6549, 1021110046, 6533, 1021103542, 6034, 1037887654, 6550, 1021084259, 6534, 1021101289, 6551, 1022010818, 6039, 1022020085, 6535, 1021989422]
[INFO] (lattice_cell.c: 455): on tick 6 of 50
[INFO] (lattice_cell.c: 172): the unmatched_packets is 56
[6536, 1038786282, 6288, 1038804408, 6272, 1038782100, 6544, 1038804408, 6528, 1038782098, 6032, 1038804404, 6024, 1038786288, 6537, 1038323690, 6289, 1038318994, 6273, 1038319422, 6545, 1038323490, 6016, 1038782098, 6033, 1038314496, 6278, 1021110903, 6535, 1021996192, 6031, 1021989934, 6290, 1037861644, 6274, 1037883214, 6291, 1038320611, 6028, 1022003222, 6275, 1038319548, 6292, 1022020475, 6021, 1021103783, 6022, 1021114733, 6293, 1021089512, 6019, 1038324046, 6034, 1037861640, 6277, 1021107615, 6026, 1037879172, 6018, 1037883210, 6035, 1038325100, 6294, 1021171640, 6295, 1021935038, 6279, 1022000466, 6276, 1022000974, 6020, 1021996697, 6037, 1021085673, 6038, 1021175457, 6529, 1038323925, 6039, 1021939344, 6538, 1037879168, 6546, 1037861642, 6027, 1038324891, 6539, 1038315889, 6036, 1022016183, 6025, 1038314698, 6547, 1038316108, 6530, 1037883212, 6029, 1021098121, 6540, 1022011765, 6548, 1022024738, 6030, 1021126105, 6531, 1038315044, 6541, 1021105861, 6023, 1022004748, 6549, 1021093405, 6542, 1021118374, 6532, 1022005250, 6543, 1021981353, 6550, 1021167751, 6533, 1021111526, 6534, 1021107007, 6551, 1021930773, 6017, 1038314920]
[INFO] (lattice_cell.c: 455): on tick 7 of 50
[INFO] (lattice_cell.c: 172): the unmatched_packets is 56
[6536, 1038754281, 6288, 1038732289, 6272, 1038765393, 6544, 1038732283, 6528, 1038765393, 6032, 1038732285, 6024, 1038754295, 6537, 1038330846, 6289, 1038327192, 6273, 1038325706, 6545, 1038331396, 6290, 1037920984, 6275, 1038326872, 6546, 1037920980, 6540, 1021993480, 6295, 1022129849, 6543, 1022042657, 6030, 1021061826, 6274, 1037888904, 6291, 1038327996, 6292, 1021978623, 6276, 1022010335, 6022, 1021104508, 6293, 1021122009, 6277, 1021094034, 6019, 1038331048, 6294, 1020969786, 6278, 1021099988, 6017, 1038321538, 6034, 1037920980, 6279, 1022003803, 6026, 1037899612, 6018, 1037888900, 6037, 1021117491, 6038, 1020974292, 6035, 1038332178, 6028, 1021984023, 6033, 1038323020, 6020, 1022005544, 6529, 1038329912, 6025, 1038322468, 6016, 1038765397, 6029, 1021107749, 6021, 1021089515, 6538, 1037899634, 6530, 1037888910, 6539, 1038322473, 6031, 1022052091, 6547, 1038323806, 6023, 1022008596, 6548, 1021983299, 6531, 1038322680, 6541, 1021116911, 6036, 1021973831, 6549, 1021126635, 6532, 1022015012, 6542, 1021052655, 6533, 1021098658, 6550, 1020965145, 6551, 1022125170, 6534, 1021095342, 6535, 1021999125, 6027, 1038330856, 6039, 1022134643]
[INFO] (lattice_cell.c: 455): on tick 8 of 50
[INFO] (lattice_cell.c: 172): the unmatched_packets is 56
[6536, 1038821721, 6288, 1038817246, 6272, 1038811290, 6544, 1038817222, 6528, 1038811292, 6032, 1038817264, 6024, 1038821721, 6537, 1038324202, 6289, 1038318968, 6273, 1038319780, 6545, 1038323492, 6529, 1038324300, 6016, 1038811306, 6290, 1037848652, 6540, 1022019468, 6541, 1021094423, 6532, 1021977214, 6549, 1021101483, 6279, 1021970997, 6543, 1021883798, 6274, 1037855014, 6036, 1022006208, 6291, 1038320982, 6275, 1038320287, 6292, 1022010395, 6276, 1021972999, 6293, 1021097566, 6277, 1021133189, 6294, 1021275633, 6278, 1021137438, 6034, 1037848628, 6295, 1021828489, 6035, 1038325493, 6027, 1038323481, 6019, 1038324801, 6020, 1021968753, 6033, 1038314450, 6039, 1021832684, 6031, 1021892260, 6028, 1022011064, 6037, 1021093759, 6021, 1021129409, 6030, 1021229155, 6022, 1021141224, 6018, 1037855018, 6538, 1037844804, 6023, 1021975259, 6546, 1037848670, 6038, 1021279496, 6539, 1038314445, 6025, 1038315171, 6530, 1037855024, 6547, 1038316455, 6531, 1038315764, 6548, 1022014573, 6550, 1021271729, 6542, 1021221527, 6533, 1021137044, 6026, 1037844806, 6534, 1021133586, 6551, 1021824361, 6535, 1021966779, 6017, 1038315266, 6029, 1021086746]
[INFO] (lattice_cell.c: 455): on tick 9 of 50
[INFO] (lattice_cell.c: 172): the unmatched_packets is 56
[6536, 1038721606, 6288, 1038765602, 6272, 1038707608, 6544, 1038765622, 6528, 1038707602, 6032, 1038765586, 6024, 1038721582, 6537, 1038330603, 6289, 1038325978, 6273, 1038328091, 6545, 1038330163, 6016, 1038707614, 6033, 1038321818, 6025, 1038322249, 6538, 1037931581, 6529, 1038332272, 6290, 1037889257, 6274, 1037944859, 6546, 1037889235, 6017, 1038323925, 6275, 1038328893, 6539, 1038322181, 6293, 1021088655, 6548, 1022021614, 6294, 1021002088, 6278, 1021024982, 6542, 1020946453, 6533, 1021023777, 6279, 1022072891, 6038, 1021006519, 6039, 1022108043, 6023, 1022077666, 6292, 1022016846, 6276, 1022076824, 6030, 1020955631, 6277, 1021019082, 6022, 1021029549, 6036, 1022012008, 6037, 1021084131, 6035, 1038330927, 6027, 1038330523, 6019, 1038333066, 6295, 1022103121, 6530, 1037944865, 6020, 1022072052, 6291, 1038326749, 6547, 1038322575, 6029, 1021079918, 6531, 1038324707, 6540, 1022024158, 6034, 1037889275, 6532, 1022081514, 6541, 1021089118, 6018, 1037944863, 6026, 1037931603, 6549, 1021093262, 6021, 1021014487, 6550, 1020997536, 6543, 1022151709, 6534, 1021020299, 6028, 1022014600, 6031, 1022161289, 6551, 1022098259, 6535, 1022068172]
[INFO] (lattice_cell.c: 455): on tick 10 of 50
[INFO] (lattice_cell.c: 172): the unmatched_packets is 56
[6536, 1038824341, 6288, 1038777877, 6272, 1038864152, 6544, 1038777863, 6528, 1038864152, 6032, 1038777885, 6024, 1038824421, 6537, 1038322128, 6289, 1038320190, 6273, 1038319170, 6545, 1038324718, 6529, 1038323702, 6016, 1038864154, 6290, 1037886947, 6275, 1038320550, 6292, 1021974331, 6533, 1021247240, 6027, 1038324896, 6543, 1021880420, 6534, 1021243932, 6274, 1037803270, 6291, 1038319775, 6037, 1021128694, 6039, 1022006955, 6276, 1021861896, 6019, 1038325057, 6293, 1021132465, 6025, 1038313081, 6277, 1021243384, 6538, 1037841642, 6034, 1037886933, 6546, 1037886961, 6026, 1037841568, 6294, 1021106493, 6539, 1038315862, 6530, 1037803276, 6278, 1021247770, 6547, 1038315243, 6028, 1021914684, 6540, 1021923100, 6295, 1022002779, 6279, 1021857310, 6018, 1037803272, 6531, 1038316020, 6548, 1021978473, 6541, 1021197920, 6030, 1021225532, 6532, 1021866056, 6022, 1021251530, 6549, 1021136350, 6031, 1021888675, 6542, 1021217782, 6550, 1021102569, 6035, 1038324284, 6033, 1038315682, 6036, 1021970121, 6551, 1021998707, 6020, 1021857641, 6029, 1021190318, 6535, 1021853158, 6017, 1038314662, 6021, 1021239628, 6038, 1021110348, 6023, 1021861550]
[INFO] (lattice_cell.c: 455): on tick 11 of 50
[INFO] (lattice_cell.c: 172): the unmatched_packets is 56
[6536, 1038743369, 6288, 1038751040, 6272, 1038726454, 6544, 1038751042, 6528, 1038726456, 6032, 1038751040, 6289, 1038328033, 6273, 1038326459, 6537, 1038330087, 6545, 1038332224, 6529, 1038330654, 6024, 1038743341, 6016, 1038726464, 6290, 1037902231, 6274, 1037927758, 6538, 1037910697, 6275, 1038326915, 6546, 1037902234, 6292, 1022058923, 6033, 1038323863, 6025, 1038321727, 6541, 1020954517, 6532, 1022154500, 6279, 1022148216, 6543, 1022002711, 6291, 1038328328, 6276, 1022149682, 6293, 1021036266, 6021, 1020950006, 6277, 1020954490, 6294, 1021148598, 6034, 1037902229, 6278, 1020960072, 6295, 1021949806, 6026, 1037910731, 6035, 1038332503, 6020, 1022144845, 6029, 1020945241, 6038, 1021153146, 6530, 1037927764, 6027, 1038331830, 6539, 1038323457, 6547, 1038324141, 6018, 1037927752, 6531, 1038322733, 6540, 1022158912, 6037, 1021031669, 6548, 1022063647, 6017, 1038322288, 6030, 1021101033, 6549, 1021040931, 6022, 1020964559, 6542, 1021091975, 6039, 1021954605, 6031, 1022012429, 6023, 1022153056, 6533, 1020959107, 6550, 1021143934, 6019, 1038331093, 6036, 1022054141, 6551, 1021945052, 6028, 1022149455, 6534, 1020955475, 6535, 1022143398]
[INFO] (lattice_cell.c: 455): on tick 12 of 50
[INFO] (lattice_cell.c: 172): the unmatched_packets is 56
[6536, 1038804310, 6288, 1038827140, 6544, 1038827122, 6528, 1038769805, 6272, 1038769813, 6024, 1038804274, 6032, 1038827154, 6016, 1038769819, 6289, 1038319758, 6537, 1038324361, 6273, 1038319096, 6545, 1038324273, 6529, 1038323620, 6290, 1037839590, 6538, 1037861347, 6274, 1037893958, 6033, 1038315268, 6547, 1038315064, 6541, 1021261821, 6534, 1021172364, 6291, 1038319579, 6275, 1038320744, 6292, 1021874334, 6276, 1021936426, 6035, 1038324071, 6293, 1021232400, 6277, 1021170355, 6038, 1021099489, 6294, 1021095760, 6278, 1021176328, 6018, 1037893958, 6295, 1022013014, 6279, 1021930680, 6036, 1021870022, 6020, 1021932230, 6027, 1038323152, 6019, 1038325235, 6546, 1037839602, 6023, 1021934884, 6530, 1037893966, 6539, 1038314145, 6017, 1038314602, 6540, 1021852440, 6037, 1021228678, 6021, 1021166511, 6531, 1038316229, 6548, 1021878545, 6034, 1037839581, 6030, 1021077824, 6026, 1037861383, 6025, 1038315351, 6532, 1021940491, 6549, 1021236226, 6031, 1022043177, 6542, 1021070136, 6533, 1021174321, 6550, 1021091922, 6543, 1022034793, 6029, 1021254170, 6551, 1022008809, 6535, 1021926605, 6022, 1021180172, 6039, 1022017333, 6028, 1021843994]
[INFO] (lattice_cell.c: 455): on tick 13 of 50
[INFO] (lattice_cell.c: 172): the unmatched_packets is 56
[6288, 1038740081, 6536, 1038764908, 6272, 1038797130, 6544, 1038740077, 6528, 1038797130, 6032, 1038740096, 6024, 1038764984, 6289, 1038326387, 6537, 1038330493, 6273, 1038327275, 6545, 1038330602, 6529, 1038331495, 6016, 1038797136, 6290, 1037913781, 6538, 1037889511, 6274, 1037858070, 6291, 1038327904, 6539, 1038323132, 6033, 1038322190, 6025, 1038322086, 6540, 1022086397, 6295, 1022002983, 6535, 1021965838, 6275, 1038328162, 6292, 1022168195, 6019, 1038332359, 6276, 1021971169, 6293, 1020937156, 6277, 1021124618, 6294, 1021098037, 6023, 1021975368, 6278, 1021128503, 6279, 1021970595, 6017, 1038323083, 6546, 1037913791, 6026, 1037889439, 6530, 1037858074, 6035, 1038332099, 6547, 1038323694, 6036, 1022163477, 6021, 1021120094, 6022, 1021133013, 6531, 1038323947, 6548, 1022172894, 6031, 1022002938, 6541, 1021026017, 6532, 1021975903, 6549, 1020941811, 6020, 1021966423, 6542, 1021100574, 6533, 1021129211, 6029, 1021016977, 6550, 1021093424, 6543, 1021993537, 6534, 1021123924, 6551, 1021998259, 6034, 1037913769, 6028, 1022076814, 6037, 1020932622, 6038, 1021102569, 6039, 1022007716, 6018, 1037858070, 6030, 1021109797, 6027, 1038331549]
[INFO] (lattice_cell.c: 455): on tick 14 of 50
[INFO] (lattice_cell.c: 172): the unmatched_packets is 56
[6288, 1038784646, 6272, 1038788011, 6536, 1038770052, 6544, 1038784669, 6528, 1038788007, 6289, 1038320093, 6273, 1038318741, 6032, 1038784618, 6537, 1038322512, 6545, 1038324582, 6529, 1038323234, 6290, 1037879725, 6274, 1037878129, 6275, 1038320224, 6294, 1021107846, 6542, 1021133444, 6027, 1038324521, 6535, 1022024724, 6291, 1038319659, 6019, 1038324684, 6292, 1021893463, 6276, 1022035350, 6020, 1022030951, 6293, 1021212702, 6277, 1021074713, 6278, 1021082402, 6295, 1022001258, 6279, 1022029000, 6023, 1022033404, 6033, 1038315639, 6017, 1038314285, 6035, 1038324125, 6034, 1037879749, 6037, 1021208870, 6538, 1037894411, 6038, 1021111619, 6546, 1037879699, 6039, 1022005629, 6539, 1038315578, 6031, 1021978682, 6530, 1037878137, 6547, 1038315174, 6026, 1037894397, 6024, 1038770058, 6016, 1038788017, 6540, 1022016946, 6531, 1038315738, 6548, 1021897626, 6541, 1021102992, 6036, 1021889172, 6028, 1022008505, 6532, 1022039614, 6025, 1038313562, 6549, 1021216689, 6021, 1021070972, 6543, 1021970026, 6022, 1021086139, 6533, 1021078592, 6550, 1021103934, 6018, 1037878135, 6534, 1021078519, 6551, 1021997030, 6029, 1021095153, 6030, 1021141070]
[INFO] (lattice_cell.c: 455): on tick 15 of 50
[INFO] (lattice_cell.c: 172): the unmatched_packets is 56
[6536, 1038782271, 6288, 1038783485, 6272, 1038759957, 6544, 1038783455, 6528, 1038759953, 6032, 1038783513, 6024, 1038782251, 6289, 1038327637, 6537, 1038331084, 6273, 1038326897, 6545, 1038331883, 6529, 1038331156, 6016, 1038759961, 6033, 1038323404, 6025, 1038322599, 6538, 1037872376, 6290, 1037871285, 6274, 1037893963, 6546, 1037871309, 6530, 1037893965, 6291, 1038327479, 6292, 1022005136, 6017, 1038322676, 6275, 1038328144, 6276, 1022015687, 6029, 1021128568, 6021, 1021078217, 6030, 1021113524, 6031, 1021997548, 6026, 1037872394, 6277, 1021082762, 6294, 1021104258, 6278, 1021085635, 6035, 1038331710, 6027, 1038331367, 6295, 1021995226, 6279, 1022016255, 6036, 1022000410, 6028, 1021961754, 6293, 1021093529, 6020, 1022011100, 6037, 1021089092, 6038, 1021108813, 6039, 1021999846, 6539, 1038322882, 6547, 1038323221, 6022, 1021090162, 6540, 1021970981, 6531, 1038323894, 6548, 1022009857, 6023, 1022020860, 6034, 1037871258, 6541, 1021137701, 6532, 1022020292, 6549, 1021098009, 6542, 1021104415, 6018, 1037893957, 6533, 1021087359, 6543, 1021988286, 6550, 1021099669, 6534, 1021081043, 6551, 1021990630, 6019, 1038332373, 6535, 1022011623]
[INFO] (lattice_cell.c: 455): on tick 16 of 50
[INFO] (lattice_cell.c: 172): the unmatched_packets is 56
[6536, 1038788400, 6288, 1038775813, 6272, 1038771418, 6544, 1038775807, 6528, 1038771412, 6032, 1038775826, 6289, 1038319163, 6273, 1038318975, 6537, 1038323188, 6545, 1038323600, 6024, 1038788408, 6274, 1037892704, 6290, 1037889231, 6033, 1038314755, 6279, 1021980845, 6542, 1021092014, 6543, 1022012599, 6275, 1038320522, 6291, 1038320105, 6292, 1022042664, 6276, 1021987741, 6293, 1021068092, 6277, 1021120140, 6294, 1021116979, 6278, 1021129146, 6295, 1021992379, 6017, 1038314553, 6034, 1037889221, 6018, 1037892702, 6529, 1038323417, 6035, 1038324521, 6029, 1021103408, 6021, 1021116343, 6538, 1037877146, 6022, 1021132944, 6546, 1037889243, 6039, 1021996894, 6023, 1021985307, 6530, 1037892712, 6016, 1038771418, 6539, 1038314837, 6547, 1038315670, 6531, 1038316077, 6025, 1038314334, 6036, 1022038220, 6028, 1022000072, 6540, 1022008940, 6548, 1022046983, 6532, 1021992073, 6541, 1021111126, 6037, 1021064269, 6549, 1021072105, 6533, 1021124150, 6038, 1021120744, 6026, 1037877150, 6550, 1021113046, 6534, 1021125149, 6027, 1038323696, 6031, 1022021456, 6019, 1038324932, 6551, 1021987989, 6535, 1021976524, 6030, 1021099765, 6020, 1021983282]
[INFO] (lattice_cell.c: 455): on tick 17 of 50
[INFO] (lattice_cell.c: 172): the unmatched_packets is 56
[6536, 1038769542, 6288, 1038770250, 6272, 1038783517, 6544, 1038770245, 6528, 1038783501, 6032, 1038770252, 6289, 1038327570, 6273, 1038326741, 6537, 1038330581, 6545, 1038331871, 6529, 1038331047, 6024, 1038769580, 6016, 1038783519, 6290, 1037883807, 6274, 1037871350, 6538, 1037884812, 6546, 1037883811, 6033, 1038323297, 6034, 1037883811, 6530, 1037871354, 6025, 1038322001, 6291, 1038327619, 6275, 1038328278, 6539, 1038323192, 6547, 1038323325, 6276, 1021979579, 6026, 1037884770, 6018, 1037871344, 6541, 1021086744, 6295, 1021994173, 6279, 1021980655, 6542, 1021091105, 6535, 1021976122, 6292, 1021991513, 6293, 1021107431, 6277, 1021117148, 6294, 1021104948, 6278, 1021119055, 6017, 1038322468, 6027, 1038331771, 6531, 1038323974, 6036, 1021987042, 6037, 1021102945, 6540, 1022023536, 6038, 1021109405, 6028, 1022014471, 6022, 1021123497, 6548, 1021996006, 6031, 1022012316, 6029, 1021077816, 6532, 1021984120, 6035, 1038331898, 6549, 1021111970, 6543, 1022003325, 6039, 1021998673, 6533, 1021121640, 6550, 1021100441, 6023, 1021985154, 6534, 1021114542, 6551, 1021989646, 6019, 1038332549, 6020, 1021975094, 6030, 1021100104, 6021, 1021112689]
[INFO] (lattice_cell.c: 455): on tick 18 of 50
[INFO] (lattice_cell.c: 172): the unmatched_packets is 56
[6536, 1038771554, 6288, 1038783582, 6272, 1038789109, 6544, 1038783602, 6528, 1038789105, 6032, 1038783574, 6289, 1038319986, 6273, 1038318873, 6537, 1038322983, 6545, 1038324392, 6024, 1038771560, 6016, 1038789115, 6529, 1038323262, 6290, 1037881141, 6274, 1037876628, 6538, 1037892742, 6033, 1038315636, 6275, 1038320386, 6530, 1037876630, 6017, 1038314509, 6539, 1038315289, 6532, 1022018867, 6533, 1021097983, 6535, 1022002968, 6291, 1038319549, 6292, 1021985249, 6276, 1022014392, 6293, 1021124013, 6277, 1021093919, 6026, 1037892734, 6294, 1021106830, 6018, 1037876626, 6035, 1038323916, 6278, 1021103911, 6546, 1037881136, 6295, 1022002514, 6027, 1038324042, 6025, 1038314236, 6029, 1021096638, 6279, 1022007454, 6038, 1021110694, 6022, 1021107762, 6547, 1038315165, 6019, 1038324746, 6031, 1021993665, 6540, 1022015016, 6531, 1038315996, 6548, 1021989688, 6020, 1022009787, 6541, 1021104634, 6549, 1021128077, 6021, 1021090078, 6542, 1021119594, 6030, 1021127473, 6550, 1021102779, 6543, 1021984584, 6023, 1022012071, 6534, 1021099867, 6551, 1021998051, 6036, 1021980661, 6028, 1022006018, 6037, 1021120133, 6039, 1022007117, 6034, 1037881153]
[INFO] (lattice_cell.c: 455): on tick 19 of 50
[INFO] (lattice_cell.c: 172): the unmatched_packets is 56
[6288, 1038777619, 6536, 1038776356, 6272, 1038770547, 6544, 1038777607, 6528, 1038770537, 6032, 1038777651, 6289, 1038327328, 6273, 1038326621, 6537, 1038330796, 6545, 1038331682, 6529, 1038330980, 6024, 1038776355, 6016, 1038770559, 6033, 1038323007, 6538, 1037878059, 6290, 1037877011, 6274, 1037883763, 6546, 1037877039, 6025, 1038322103, 6547, 1038323163, 6548, 1022005073, 6279, 1022013306, 6549, 1021103331, 6543, 1021982809, 6291, 1038327522, 6275, 1038328486, 6292, 1022000626, 6276, 1022011947, 6277, 1021086583, 6294, 1021097228, 6278, 1021088060, 6039, 1022006660, 6031, 1021991628, 6295, 1022002277, 6293, 1021098972, 6018, 1037883749, 6035, 1038331850, 6027, 1038331696, 6530, 1037883761, 6037, 1021094633, 6539, 1038323015, 6021, 1021082208, 6036, 1021996202, 6020, 1022007560, 6029, 1021113186, 6028, 1021978527, 6531, 1038324122, 6540, 1021987289, 6017, 1038322296, 6030, 1021118713, 6541, 1021121984, 6532, 1022016352, 6542, 1021109956, 6034, 1037877000, 6026, 1037878043, 6533, 1021090981, 6023, 1022017681, 6550, 1021092812, 6534, 1021083673, 6019, 1038332811, 6551, 1021997905, 6535, 1022008891, 6022, 1021092455, 6038, 1021101615]
[INFO] (lattice_cell.c: 455): on tick 20 of 50
[INFO] (lattice_cell.c: 172): the unmatched_packets is 56
[6536, 1038787429, 6288, 1038776320, 6272, 1038770901, 6544, 1038776310, 6528, 1038770889, 6032, 1038776334, 6289, 1038319722, 6273, 1038318991, 6537, 1038323134, 6545, 1038324049, 6529, 1038323324, 6024, 1038787432, 6290, 1037888274, 6274, 1037893314, 6538, 1037877865, 6291, 1038320021, 6292, 1022020890, 6531, 1038316194, 6279, 1021997122, 6535, 1021992562, 6275, 1038320536, 6276, 1022003772, 6293, 1021088849, 6277, 1021103789, 6037, 1021084843, 6294, 1021113669, 6278, 1021114317, 6295, 1021995391, 6018, 1037893310, 6546, 1037888282, 6027, 1038323714, 6036, 1022016212, 6020, 1021999082, 6033, 1038315414, 6530, 1037893320, 6539, 1038315075, 6547, 1038315691, 6540, 1022005604, 6548, 1022025431, 6016, 1038770899, 6025, 1038314492, 6541, 1021113937, 6017, 1038314690, 6549, 1021093057, 6532, 1022008319, 6542, 1021105234, 6543, 1021998916, 6029, 1021105796, 6550, 1021109521, 6034, 1037888264, 6533, 1021107966, 6026, 1037877873, 6038, 1021117618, 6030, 1021113360, 6551, 1021990771, 6534, 1021110153, 6039, 1022000103, 6023, 1022001817, 6021, 1021099815, 6019, 1038324839, 6028, 1021996331, 6022, 1021118299, 6031, 1022008209, 6035, 1038324331]
[INFO] (lattice_cell.c: 455): on tick 21 of 50
[INFO] (lattice_cell.c: 172): the unmatched_packets is 56
[6288, 1038771194, 6536, 1038775835, 6272, 1038774318, 6544, 1038771174, 6528, 1038774310, 6289, 1038327436, 6273, 1038326408, 6537, 1038330572, 6545, 1038331851, 6032, 1038771200, 6024, 1038775861, 6016, 1038774322, 6529, 1038330825, 6290, 1037882914, 6274, 1037880012, 6538, 1037878764, 6291, 1038326720, 6548, 1022001143, 6279, 1021984491, 6018, 1037880006, 6039, 1021996280, 6275, 1038328537, 6292, 1021996871, 6036, 1021992589, 6276, 1021983406, 6293, 1021102935, 6277, 1021113997, 6294, 1021110042, 6038, 1021114284, 6278, 1021115432, 6295, 1021991985, 6017, 1038322032, 6034, 1037882900, 6546, 1037882920, 6530, 1037880018, 6539, 1038322945, 6029, 1021088898, 6031, 1022014157, 6547, 1038322301, 6035, 1038331095, 6027, 1038331731, 6531, 1038324124, 6540, 1022012913, 6028, 1022004305, 6541, 1021097409, 6037, 1021098656, 6021, 1021109725, 6532, 1021987700, 6549, 1021107242, 6033, 1038323059, 6030, 1021098019, 6025, 1038321781, 6022, 1021119675, 6533, 1021118294, 6543, 1022005571, 6550, 1021105781, 6534, 1021111132, 6551, 1021987671, 6026, 1037878734, 6535, 1021980194, 6542, 1021089476, 6020, 1021979129, 6023, 1021988774, 6019, 1038332917]
[INFO] (lattice_cell.c: 455): on tick 22 of 50
[INFO] (lattice_cell.c: 172): the unmatched_packets is 56
[6536, 1038773569, 6288, 1038781594, 6272, 1038787146, 6544, 1038781592, 6528, 1038787144, 6289, 1038320162, 6273, 1038319111, 6537, 1038323115, 6545, 1038324449, 6529, 1038323390, 6032, 1038781589, 6024, 1038773595, 6016, 1038787150, 6290, 1037883032, 6274, 1037878185, 6538, 1037890765, 6546, 1037883032, 6277, 1021105458, 6294, 1021110210, 6017, 1038314865, 6541, 1021100189, 6295, 1021996517, 6279, 1021994770, 6019, 1038324928, 6535, 1021990078, 6291, 1038320204, 6292, 1021994401, 6276, 1022000704, 6293, 1021114406, 6038, 1021114293, 6278, 1021116030, 6031, 1022004542, 6026, 1037890747, 6018, 1037878185, 6035, 1038324454, 6033, 1038315918, 6025, 1038314582, 6275, 1038320668, 6037, 1021110294, 6530, 1037878191, 6539, 1038316198, 6547, 1038315924, 6540, 1022019504, 6531, 1038316392, 6034, 1037883030, 6039, 1022001308, 6023, 1021999570, 6548, 1021999050, 6532, 1022005398, 6036, 1021989632, 6028, 1022010076, 6020, 1021995915, 6027, 1038324730, 6549, 1021118715, 6542, 1021105990, 6029, 1021091780, 6533, 1021109758, 6543, 1021995053, 6550, 1021105938, 6022, 1021120107, 6534, 1021111755, 6551, 1021991843, 6021, 1021101381, 6030, 1021114355]
[INFO] (lattice_cell.c: 455): on tick 23 of 50
[INFO] (lattice_cell.c: 172): the unmatched_packets is 56
[6536, 1038771115, 6288, 1038779992, 6272, 1038778083, 6544, 1038779989, 6528, 1038778073, 6289, 1038327272, 6273, 1038325403, 6537, 1038330455, 6545, 1038331734, 6529, 1038329869, 6032, 1038780000, 6024, 1038771128, 6016, 1038778083, 6290, 1037874694, 6538, 1037883011, 6274, 1037876594, 6546, 1037874692, 6033, 1038322848, 6025, 1038321574, 6017, 1038320986, 6530, 1037876608, 6291, 1038328786, 6539, 1038322419, 6275, 1038327775, 6292, 1021997178, 6547, 1038324325, 6293, 1021103187, 6034, 1037874692, 6277, 1021094390, 6548, 1022001422, 6279, 1022008301, 6534, 1021092135, 6276, 1022007761, 6294, 1021098678, 6278, 1021096299, 6295, 1021995075, 6029, 1021104487, 6021, 1021090258, 6038, 1021102787, 6030, 1021118472, 6023, 1022012530, 6022, 1021100418, 6035, 1038333212, 6027, 1038331301, 6531, 1038323317, 6028, 1021989167, 6540, 1021997544, 6026, 1037882989, 6037, 1021099083, 6541, 1021112796, 6018, 1037876586, 6532, 1022011979, 6549, 1021107332, 6542, 1021110201, 6533, 1021098557, 6550, 1021094537, 6019, 1038332196, 6543, 1021985775, 6036, 1021992956, 6551, 1021990832, 6020, 1022003543, 6535, 1022004084, 6031, 1021994222, 6039, 1021999315]
[INFO] (lattice_cell.c: 455): on tick 24 of 50
[INFO] (lattice_cell.c: 172): the unmatched_packets is 56
[6536, 1038782055, 6288, 1038773609, 6272, 1038774588, 6544, 1038773573, 6528, 1038774582, 6289, 1038320252, 6273, 1038319669, 6537, 1038324069, 6032, 1038773641, 6545, 1038324494, 6024, 1038782076, 6016, 1038774598, 6529, 1038323903, 6290, 1037890776, 6274, 1037889858, 6538, 1037882787, 6546, 1037890820, 6033, 1038316046, 6025, 1038315618, 6291, 1038320577, 6017, 1038315458, 6548, 1022014823, 6541, 1021116356, 6535, 1022001292, 6027, 1038322414, 6292, 1022010087, 6276, 1022010939, 6277, 1021093559, 6293, 1021098355, 6278, 1021103756, 6294, 1021092632, 6021, 1021089333, 6279, 1022006031, 6295, 1022013942, 6030, 1021121872, 6028, 1021989488, 6275, 1038321295, 6530, 1037889856, 6035, 1038324781, 6019, 1038325501, 6539, 1038313967, 6547, 1038316340, 6540, 1021999058, 6531, 1038317059, 6037, 1021094146, 6022, 1021107963, 6532, 1022015676, 6549, 1021102772, 6542, 1021113257, 6034, 1037890750, 6026, 1037882767, 6533, 1021097954, 6543, 1021995619, 6550, 1021088207, 6018, 1037889854, 6534, 1021099356, 6551, 1022009232, 6038, 1021096898, 6020, 1022006106, 6039, 1022018761, 6023, 1022010880, 6029, 1021107720, 6031, 1022005203, 6036, 1022005260]
[INFO] (lattice_cell.c: 455): on tick 25 of 50
[INFO] (lattice_cell.c: 172): the unmatched_packets is 56
[6288, 1038783284, 6536, 1038783759, 6272, 1038771255, 6544, 1038783304, 6528, 1038771257, 6289, 1038326278, 6273, 1038327514, 6537, 1038329848, 6545, 1038330780, 6529, 1038332028, 6032, 1038783283, 6024, 1038783760, 6290, 1037871163, 6274, 1037882829, 6538, 1037871108, 6275, 1038329981, 6016, 1038771267, 6547, 1038321256, 6278, 1021107042, 6541, 1021104484, 6551, 1021955906, 6535, 1021984228, 6029, 1021096427, 6038, 1021149428, 6291, 1038325745, 6023, 1021992565, 6292, 1022013158, 6276, 1021988555, 6293, 1021091353, 6277, 1021104105, 6294, 1021145545, 6295, 1021960150, 6279, 1021988400, 6030, 1021116252, 6022, 1021111050, 6017, 1038323070, 6034, 1037871173, 6033, 1038321819, 6546, 1037871163, 6018, 1037882827, 6530, 1037882835, 6539, 1038322114, 6540, 1022008335, 6531, 1038325478, 6036, 1022009000, 6548, 1022017312, 6037, 1021087342, 6532, 1021992706, 6549, 1021095439, 6542, 1021108280, 6031, 1021997994, 6533, 1021108169, 6027, 1038331078, 6543, 1021989585, 6550, 1021141564, 6021, 1021100110, 6534, 1021103004, 6039, 1021964409, 6025, 1038320896, 6019, 1038334445, 6028, 1022000030, 6026, 1037871110, 6020, 1021984391, 6035, 1038330201]
[INFO] (lattice_cell.c: 455): on tick 26 of 50
[INFO] (lattice_cell.c: 172): the unmatched_packets is 56
[6536, 1038767390, 6288, 1038754165, 6272, 1038774720, 6544, 1038754118, 6528, 1038774708, 6289, 1038321172, 6537, 1038321870, 6273, 1038319592, 6545, 1038325377, 6529, 1038323793, 6032, 1038754215, 6024, 1038767441, 6016, 1038774734, 6290, 1037909552, 6538, 1037896840, 6274, 1037889866, 6546, 1037909597, 6530, 1037889868, 6033, 1038316991, 6017, 1038315422, 6025, 1038313489, 6291, 1038322428, 6539, 1038317317, 6275, 1038321682, 6547, 1038318219, 6531, 1038317460, 6034, 1037909516, 6292, 1021983347, 6276, 1022000086, 6532, 1022004861, 6278, 1021112049, 6026, 1037896788, 6549, 1021126716, 6295, 1022064369, 6279, 1021995750, 6542, 1021068483, 6534, 1021107550, 6037, 1021117793, 6293, 1021122162, 6277, 1021103354, 6294, 1021033964, 6029, 1021099998, 6030, 1021077377, 6023, 1022000623, 6031, 1022038192, 6028, 1022006379, 6540, 1022016022, 6548, 1021988115, 6035, 1038326597, 6019, 1038325848, 6036, 1021978543, 6541, 1021108832, 6018, 1037889858, 6551, 1022059681, 6550, 1021029382, 6022, 1021116402, 6533, 1021107863, 6039, 1022069147, 6543, 1022028617, 6021, 1021099012, 6535, 1021990960, 6027, 1038325702, 6020, 1021995218, 6038, 1021038410]
[INFO] (lattice_cell.c: 455): on tick 27 of 50
[INFO] (lattice_cell.c: 172): the unmatched_packets is 56
[6288, 1038812450, 6536, 1038793661, 6272, 1038797401, 6544, 1038812488, 6528, 1038797397, 6289, 1038328310, 6273, 1038324646, 6537, 1038329688, 6545, 1038332832, 6529, 1038329174, 6032, 1038812423, 6024, 1038793634, 6016, 1038797405, 6290, 1037842886, 6274, 1037857907, 6538, 1037861101, 6546, 1037842870, 6291, 1038325933, 6275, 1038326668, 6276, 1021981965, 6033, 1038323823, 6548, 1022010235, 6025, 1038320684, 6549, 1021093325, 6279, 1021981847, 6551, 1021871514, 6535, 1021977663, 6292, 1022006109, 6293, 1021089381, 6039, 1021880103, 6277, 1021121654, 6294, 1021227960, 6278, 1021126930, 6295, 1021875810, 6022, 1021130779, 6036, 1022001947, 6530, 1037857913, 6017, 1038320170, 6539, 1038320078, 6034, 1037842917, 6026, 1037861127, 6547, 1038321414, 6018, 1037857905, 6531, 1038322157, 6540, 1022014393, 6035, 1038330424, 6027, 1038329081, 6541, 1021098509, 6020, 1021977809, 6532, 1021986113, 6542, 1021171209, 6037, 1021085486, 6533, 1021125629, 6550, 1021224152, 6543, 1021934573, 6023, 1021986016, 6534, 1021122984, 6019, 1038331160, 6028, 1022006143, 6021, 1021117795, 6029, 1021090648, 6030, 1021178895, 6038, 1021231675, 6031, 1021943018]
[INFO] (lattice_cell.c: 455): on tick 28 of 50
[INFO] (lattice_cell.c: 172): the unmatched_packets is 56
[6288, 1038748044, 6536, 1038738479, 6272, 1038743880, 6544, 1038748007, 6528, 1038743884, 6289, 1038321183, 6273, 1038321340, 6537, 1038324851, 6545, 1038325379, 6529, 1038325543, 6032, 1038748090, 6024, 1038738567, 6290, 1037916030, 6274, 1037919686, 6538, 1037924916, 6016, 1038743890, 6546, 1037916074, 6291, 1038320107, 6292, 1022000110, 6539, 1038317157, 6548, 1022004950, 6549, 1021110806, 6275, 1038324120, 6276, 1022049992, 6293, 1021106255, 6277, 1021047733, 6020, 1022045166, 6294, 1020963334, 6278, 1021054327, 6295, 1022145810, 6279, 1022046083, 6038, 1020967857, 6025, 1038316501, 6530, 1037919696, 6017, 1038317198, 6034, 1037916004, 6026, 1037924834, 6547, 1038315908, 6035, 1038324267, 6027, 1038325502, 6531, 1038319920, 6540, 1022003618, 6532, 1022054749, 6541, 1021109613, 6029, 1021100584, 6037, 1021101839, 6021, 1021043263, 6542, 1021003929, 6533, 1021052364, 6030, 1021013117, 6033, 1038317035, 6022, 1021058799, 6550, 1020958687, 6543, 1022093717, 6534, 1021049733, 6551, 1022141122, 6535, 1022041328, 6036, 1021995253, 6018, 1037919682, 6031, 1022103214, 6028, 1021993986, 6039, 1022150580, 6019, 1038328264, 6023, 1022050934]
[INFO] (lattice_cell.c: 455): on tick 29 of 50
[INFO] (lattice_cell.c: 172): the unmatched_packets is 56
[6288, 1038791810, 6536, 1038827524, 6272, 1038830274, 6544, 1038791780, 6528, 1038830274, 6289, 1038325735, 6273, 1038324737, 6537, 1038327869, 6545, 1038330259, 6529, 1038329269, 6032, 1038791857, 6024, 1038827513, 6290, 1037862321, 6274, 1037825600, 6538, 1037828201, 6016, 1038830276, 6530, 1037825610, 6291, 1038328976, 6293, 1021114557, 6532, 1021924240, 6550, 1021197204, 6543, 1021858279, 6275, 1038326617, 6292, 1021991786, 6035, 1038333468, 6276, 1021920026, 6277, 1021181844, 6294, 1021201134, 6278, 1021188925, 6295, 1021890686, 6279, 1021919069, 6029, 1021141297, 6038, 1021204942, 6546, 1037862357, 6017, 1038320254, 6539, 1038322321, 6026, 1037828210, 6034, 1037862295, 6547, 1038324454, 6027, 1038331336, 6540, 1021969578, 6531, 1038322093, 6033, 1038321243, 6019, 1038331100, 6548, 1021995833, 6036, 1021987673, 6020, 1021915804, 6025, 1038318845, 6018, 1037825598, 6541, 1021149035, 6549, 1021118558, 6021, 1021178125, 6542, 1021236987, 6030, 1021244520, 6022, 1021192627, 6533, 1021185705, 6535, 1021914840, 6031, 1021866814, 6023, 1021923306, 6534, 1021185070, 6551, 1021886557, 6028, 1021961310, 6039, 1021894884, 6037, 1021110681]
[INFO] (lattice_cell.c: 455): on tick 30 of 50
[INFO] (lattice_cell.c: 172): the unmatched_packets is 56
[6288, 1038771263, 6536, 1038736565, 6272, 1038707468, 6544, 1038771284, 6528, 1038707468, 6289, 1038322465, 6273, 1038319220, 6537, 1038324323, 6545, 1038326658, 6529, 1038323425, 6032, 1038771247, 6024, 1038736523, 6290, 1037893277, 6274, 1037955210, 6538, 1037927355, 6546, 1037893258, 6530, 1037955224, 6291, 1038319384, 6539, 1038314194, 6540, 1022097112, 6551, 1022008398, 6275, 1038321998, 6292, 1022047414, 6276, 1022120786, 6293, 1021052375, 6277, 1020986294, 6294, 1021098034, 6278, 1020992099, 6295, 1022013390, 6279, 1022118767, 6038, 1021102357, 6022, 1020996652, 6019, 1038326142, 6036, 1022042537, 6031, 1022120665, 6025, 1038315983, 6017, 1038315060, 6034, 1037893295, 6018, 1037955210, 6547, 1038315189, 6028, 1022087508, 6531, 1038317792, 6016, 1038707474, 6029, 1021009940, 6548, 1022052246, 6030, 1021009843, 6541, 1021019037, 6532, 1022125495, 6549, 1021056920, 6033, 1038318317, 6542, 1021000802, 6533, 1020990970, 6035, 1038323544, 6550, 1021093619, 6543, 1022111017, 6534, 1020987424, 6027, 1038322550, 6021, 1020981729, 6535, 1022114068, 6023, 1022123518, 6039, 1022018388, 6026, 1037927394, 6020, 1022116049, 6037, 1021047936]
[INFO] (lattice_cell.c: 455): on tick 31 of 50
[INFO] (lattice_cell.c: 172): the unmatched_packets is 56
[6288, 1038784899, 6536, 1038803665, 6272, 1038824334, 6544, 1038784849, 6528, 1038824320, 6289, 1038326512, 6273, 1038327718, 6537, 1038330562, 6545, 1038331018, 6529, 1038332251, 6032, 1038784960, 6024, 1038803817, 6290, 1037869622, 6274, 1037830840, 6538, 1037850920, 6546, 1037869674, 6291, 1038326641, 6275, 1038330149, 6016, 1038824336, 6540, 1021873240, 6278, 1021232890, 6295, 1022047145, 6279, 1021859478, 6535, 1021855336, 6292, 1021914978, 6276, 1021862446, 6293, 1021189856, 6277, 1021225221, 6294, 1021053496, 6029, 1021227874, 6019, 1038334619, 6039, 1022051190, 6023, 1021863689, 6530, 1037830844, 6033, 1038322022, 6539, 1038323255, 6025, 1038321565, 6547, 1038322129, 6531, 1038325623, 6548, 1021919095, 6017, 1038323249, 6549, 1021193808, 6034, 1037869577, 6541, 1021235565, 6532, 1021866587, 6542, 1021126924, 6026, 1037850770, 6027, 1038332239, 6533, 1021229159, 6036, 1021910818, 6037, 1021186059, 6021, 1021221425, 6550, 1021049420, 6543, 1021964482, 6534, 1021228960, 6018, 1037830828, 6551, 1022043143, 6035, 1038331140, 6028, 1021864820, 6020, 1021858262, 6038, 1021057401, 6030, 1021134886, 6022, 1021236657, 6031, 1021972591]
[INFO] (lattice_cell.c: 455): on tick 32 of 50
[INFO] (lattice_cell.c: 172): the unmatched_packets is 56
[6288, 1038750207, 6536, 1038762804, 6272, 1038779377, 6544, 1038750218, 6528, 1038779371, 6289, 1038320188, 6273, 1038317713, 6537, 1038320724, 6545, 1038324413, 6529, 1038321918, 6032, 1038750211, 6024, 1038762770, 6290, 1037913227, 6274, 1037886213, 6538, 1037901439, 6546, 1037913224, 6291, 1038321477, 6275, 1038320176, 6547, 1038317255, 6548, 1022120468, 6279, 1022079113, 6550, 1021154200, 6037, 1020988666, 6292, 1022115759, 6276, 1022079281, 6293, 1020993183, 6277, 1021033118, 6028, 1022147363, 6294, 1021158646, 6278, 1021038196, 6295, 1021944767, 6016, 1038779375, 6025, 1038312339, 6034, 1037913225, 6530, 1037886217, 6036, 1022111011, 6020, 1022074358, 6539, 1038316327, 6026, 1037901489, 6021, 1021028806, 6531, 1038315967, 6540, 1022156888, 6033, 1038316027, 6541, 1020972188, 6532, 1022084213, 6031, 1021967581, 6017, 1038313547, 6549, 1020997801, 6542, 1021145592, 6035, 1038325644, 6027, 1038324709, 6551, 1021939900, 6533, 1021037539, 6019, 1038324347, 6018, 1037886213, 6543, 1021957528, 6534, 1021033800, 6029, 1020963098, 6535, 1022074199, 6022, 1021042512, 6030, 1021154193, 6023, 1022084073, 6038, 1021163028, 6039, 1021949667]
[INFO] (lattice_cell.c: 455): on tick 33 of 50
[INFO] (lattice_cell.c: 172): the unmatched_packets is 56
[6288, 1038816806, 6536, 1038776053, 6272, 1038747238, 6544, 1038816772, 6528, 1038747228, 6289, 1038329371, 6273, 1038326298, 6537, 1038331858, 6545, 1038333862, 6529, 1038330801, 6032, 1038816853, 6290, 1037838661, 6274, 1037905968, 6538, 1037878188, 6546, 1037838707, 6291, 1038327340, 6275, 1038328942, 6024, 1038776026, 6539, 1038321454, 6294, 1021102477, 6550, 1021098458, 6543, 1022031826, 6038, 1021106327, 6292, 1021865753, 6276, 1022011052, 6023, 1022011365, 6277, 1021085455, 6278, 1021094843, 6295, 1021995128, 6279, 1022007330, 6293, 1021225262, 6031, 1022039959, 6530, 1037905978, 6028, 1021904811, 6547, 1038322853, 6033, 1038324925, 6025, 1038322912, 6531, 1038324443, 6540, 1021913025, 6548, 1021869917, 6017, 1038321857, 6532, 1022015017, 6541, 1021190456, 6018, 1037905958, 6549, 1021229231, 6542, 1021068058, 6533, 1021089666, 6035, 1038331786, 6027, 1038330392, 6534, 1021090633, 6029, 1021182491, 6022, 1021098856, 6026, 1037878213, 6551, 1021991003, 6535, 1022003383, 6016, 1038747248, 6036, 1021861465, 6020, 1022007038, 6037, 1021221457, 6030, 1021076139, 6039, 1021999354, 6021, 1021081442, 6019, 1038333392, 6034, 1037838618]
[INFO] (lattice_cell.c: 455): on tick 34 of 50
[INFO] (lattice_cell.c: 172): the unmatched_packets is 56
[6536, 1038784973, 6288, 1038760131, 6272, 1038795847, 6544, 1038760124, 6528, 1038795843, 6289, 1038318960, 6273, 1038319534, 6537, 1038322919, 6545, 1038323201, 6529, 1038323781, 6032, 1038760138, 6290, 1037904189, 6274, 1037868655, 6538, 1037879732, 6546, 1037904203, 6530, 1037868661, 6291, 1038319701, 6275, 1038322345, 6547, 1038315460, 6024, 1038785101, 6293, 1020998659, 6548, 1022122819, 6278, 1021154500, 6532, 1021955845, 6550, 1021071698, 6551, 1022029954, 6292, 1022118017, 6276, 1021950947, 6277, 1021151043, 6294, 1021076017, 6295, 1022034877, 6279, 1021951411, 6020, 1021946036, 6027, 1038323580, 6539, 1038315131, 6025, 1038314471, 6017, 1038315343, 6531, 1038318091, 6540, 1022003654, 6541, 1021117194, 6018, 1037868653, 6549, 1021003090, 6542, 1021101438, 6036, 1022113245, 6533, 1021155360, 6037, 1020994277, 6543, 1022003354, 6016, 1038795857, 6029, 1021108683, 6022, 1021158741, 6534, 1021150182, 6033, 1038314756, 6026, 1037879616, 6535, 1021946492, 6031, 1022012998, 6023, 1021956311, 6019, 1038326533, 6028, 1021993772, 6021, 1021146796, 6034, 1037904185, 6038, 1021080273, 6030, 1021110135, 6039, 1022039776, 6035, 1038323904]
[INFO] (lattice_cell.c: 455): on tick 35 of 50
[INFO] (lattice_cell.c: 172): the unmatched_packets is 56
[6536, 1038771150, 6288, 1038756857, 6272, 1038783403, 6544, 1038756840, 6528, 1038783395, 6289, 1038327793, 6273, 1038326392, 6537, 1038329195, 6545, 1038332254, 6529, 1038330843, 6290, 1037896293, 6274, 1037871743, 6538, 1037883125, 6032, 1038756885, 6546, 1037896308, 6530, 1037871753, 6016, 1038783415, 6291, 1038327616, 6275, 1038328959, 6033, 1038323394, 6539, 1038323692, 6292, 1021968883, 6293, 1021128929, 6025, 1038320333, 6017, 1038321998, 6278, 1021087157, 6279, 1022014595, 6550, 1021111131, 6026, 1037883094, 6535, 1022010417, 6276, 1022019156, 6277, 1021076703, 6031, 1021968183, 6294, 1021115386, 6295, 1021982683, 6547, 1038323157, 6531, 1038324510, 6540, 1022057835, 6548, 1021972892, 6034, 1037896273, 6541, 1021055684, 6532, 1022023306, 6549, 1021133198, 6542, 1021134257, 6533, 1021080859, 6027, 1038332559, 6028, 1022049779, 6036, 1021964777, 6543, 1021959809, 6024, 1038771192, 6534, 1021083008, 6018, 1037871735, 6037, 1021124839, 6038, 1021119456, 6030, 1021142354, 6551, 1021978657, 6035, 1038332021, 6039, 1021986814, 6023, 1022018845, 6020, 1022014922, 6029, 1021047293, 6021, 1021072754, 6022, 1021091097, 6019, 1038333366]
[INFO] (lattice_cell.c: 455): on tick 36 of 50
[INFO] (lattice_cell.c: 172): the unmatched_packets is 56
[6288, 1038798557, 6536, 1038781860, 6272, 1038761678, 6544, 1038798511, 6528, 1038761680, 6289, 1038321249, 6273, 1038318307, 6537, 1038322719, 6545, 1038325540, 6529, 1038322603, 6032, 1038798599, 6290, 1037866165, 6274, 1037902359, 6538, 1037882546, 6546, 1037866211, 6024, 1038781810, 6530, 1037902367, 6016, 1038761688, 6033, 1038317008, 6291, 1038320538, 6275, 1038321066, 6539, 1038315255, 6547, 1038316244, 6025, 1038314178, 6017, 1038314068, 6292, 1021951850, 6276, 1022023191, 6293, 1021152743, 6295, 1021977423, 6549, 1021156954, 6026, 1037882607, 6551, 1021972545, 6277, 1021084738, 6021, 1021080494, 6038, 1021131185, 6294, 1021127025, 6278, 1021088154, 6279, 1022025249, 6540, 1021987272, 6548, 1021956708, 6018, 1037902363, 6541, 1021133526, 6532, 1022027959, 6034, 1037866134, 6542, 1021097106, 6035, 1038324782, 6533, 1021089057, 6550, 1021122832, 6543, 1022008097, 6534, 1021083853, 6036, 1021947026, 6037, 1021148595, 6535, 1022020469, 6022, 1021092396, 6019, 1038325315, 6039, 1021982267, 6028, 1021977771, 6020, 1022018475, 6029, 1021125022, 6531, 1038316779, 6030, 1021105432, 6023, 1022029989, 6031, 1022017816, 6027, 1038323793]
[INFO] (lattice_cell.c: 455): on tick 37 of 50
[INFO] (lattice_cell.c: 172): the unmatched_packets is 56
[6536, 1038775167, 6288, 1038779927, 6272, 1038774258, 6544, 1038779885, 6528, 1038774256, 6289, 1038327523, 6273, 1038326324, 6537, 1038330867, 6545, 1038331924, 6529, 1038330740, 6290, 1037875156, 6274, 1037879584, 6538, 1037879203, 6546, 1037875200, 6032, 1038779955, 6530, 1037879586, 6024, 1038775243, 6016, 1038774270, 6291, 1038326850, 6275, 1038329356, 6539, 1038321988, 6547, 1038322444, 6033, 1038323153, 6292, 1022046414, 6276, 1021972308, 6540, 1021987257, 6025, 1038322106, 6277, 1021122485, 6533, 1021126821, 6542, 1021081160, 6535, 1021962541, 6293, 1021053625, 6030, 1021089668, 6294, 1021101140, 6278, 1021133148, 6295, 1022000680, 6279, 1021966695, 6021, 1021118343, 6038, 1021105168, 6017, 1038321975, 6531, 1038324934, 6548, 1022050563, 6018, 1037879572, 6532, 1021976428, 6534, 1021128810, 6541, 1021121378, 6549, 1021057958, 6035, 1038331213, 6027, 1038330753, 6550, 1021096906, 6028, 1021978677, 6543, 1022017268, 6551, 1021996466, 6029, 1021113126, 6022, 1021137279, 6031, 1022025625, 6019, 1038333703, 6037, 1021049505, 6034, 1037875136, 6026, 1037879132, 6020, 1021968084, 6036, 1022042174, 6039, 1022005038, 6023, 1021970933]
[INFO] (lattice_cell.c: 455): on tick 38 of 50
[INFO] (lattice_cell.c: 172): the unmatched_packets is 56
[6288, 1038767045, 6536, 1038772925, 6272, 1038796403, 6544, 1038767039, 6528, 1038796405, 6289, 1038320068, 6273, 1038319275, 6537, 1038322546, 6545, 1038324406, 6529, 1038323625, 6032, 1038767049, 6024, 1038773031, 6290, 1037896711, 6274, 1037868818, 6538, 1037891201, 6546, 1037896710, 6016, 1038796407, 6530, 1037868827, 6033, 1038315769, 6291, 1038320573, 6275, 1038321949, 6539, 1038316375, 6547, 1038316228, 6531, 1038317613, 6025, 1038313911, 6292, 1022014128, 6276, 1021990889, 6293, 1021096393, 6540, 1022028795, 6017, 1038314988, 6542, 1021116369, 6551, 1022011785, 6277, 1021112393, 6294, 1021090398, 6278, 1021115406, 6295, 1022016515, 6279, 1021993452, 6031, 1021995037, 6021, 1021108359, 6028, 1022019445, 6038, 1021094469, 6026, 1037891120, 6548, 1022018767, 6541, 1021091864, 6532, 1021995656, 6018, 1037868824, 6549, 1021100625, 6027, 1038325010, 6533, 1021116503, 6019, 1038326250, 6034, 1037896719, 6036, 1022009540, 6550, 1021086232, 6543, 1021985580, 6037, 1021092198, 6534, 1021111334, 6029, 1021083539, 6535, 1021988658, 6030, 1021124570, 6023, 1021998209, 6035, 1038324863, 6020, 1021986149, 6022, 1021119441, 6039, 1022021202]
[INFO] (lattice_cell.c: 455): on tick 39 of 50
[INFO] (lattice_cell.c: 172): the unmatched_packets is 56
[6536, 1038774862, 6288, 1038773400, 6272, 1038771954, 6544, 1038773362, 6528, 1038771936, 6289, 1038327935, 6273, 1038325241, 6537, 1038329409, 6545, 1038332281, 6529, 1038329604, 6032, 1038773438, 6290, 1037880452, 6274, 1037882668, 6538, 1037879391, 6024, 1038774859, 6546, 1037880482, 6016, 1038771960, 6291, 1038328713, 6275, 1038328345, 6547, 1038324362, 6277, 1021072500, 6295, 1021987569, 6036, 1021962591, 6292, 1021967001, 6276, 1022027563, 6293, 1021131186, 6294, 1021105268, 6278, 1021083622, 6279, 1022021926, 6027, 1038331392, 6530, 1037882674, 6539, 1038322729, 6034, 1037880422, 6018, 1037882653, 6035, 1038333016, 6531, 1038323985, 6540, 1022009751, 6548, 1021971264, 6028, 1022001303, 6549, 1021135581, 6541, 1021102565, 6037, 1021127007, 6532, 1022031829, 6542, 1021127126, 6033, 1038323626, 6550, 1021100828, 6038, 1021109483, 6025, 1038320748, 6533, 1021076912, 6017, 1038320947, 6543, 1021969681, 6039, 1021991947, 6023, 1022026324, 6551, 1021983314, 6534, 1021079220, 6026, 1037879397, 6019, 1038332640, 6535, 1022017640, 6029, 1021093777, 6021, 1021068310, 6030, 1021135633, 6031, 1021978430, 6020, 1022023192, 6022, 1021087803]
[INFO] (lattice_cell.c: 455): on tick 40 of 50
[INFO] (lattice_cell.c: 172): the unmatched_packets is 56
[6288, 1038786062, 6536, 1038787826, 6272, 1038763672, 6544, 1038785990, 6528, 1038763670, 6289, 1038320854, 6273, 1038319314, 6537, 1038323874, 6545, 1038325244, 6529, 1038323705, 6290, 1037878490, 6274, 1037899941, 6538, 1037876887, 6546, 1037878557, 6530, 1037899948, 6032, 1038786135, 6024, 1038787825, 6291, 1038321098, 6275, 1038322092, 6292, 1022004033, 6276, 1022002751, 6293, 1021102219, 6531, 1038317703, 6033, 1038316503, 6025, 1038315141, 6541, 1021127871, 6279, 1022005749, 6017, 1038314966, 6533, 1021104604, 6543, 1022012788, 6019, 1038326434, 6535, 1022001165, 6277, 1021100513, 6294, 1021117121, 6278, 1021103922, 6295, 1021986636, 6023, 1022010293, 6539, 1038313802, 6022, 1021107951, 6547, 1038316716, 6540, 1021988623, 6548, 1022008648, 6026, 1037876904, 6532, 1022007331, 6018, 1037899941, 6549, 1021106287, 6542, 1021098042, 6027, 1038322546, 6550, 1021113103, 6534, 1021099837, 6551, 1021981983, 6020, 1021998206, 6029, 1021119884, 6030, 1021106031, 6028, 1021979395, 6038, 1021121103, 6031, 1022022039, 6016, 1038763672, 6035, 1038325457, 6036, 1021999476, 6034, 1037878420, 6037, 1021098241, 6021, 1021096468, 6039, 1021991239]
[INFO] (lattice_cell.c: 455): on tick 41 of 50
[INFO] (lattice_cell.c: 172): the unmatched_packets is 56
[6288, 1038772927, 6536, 1038774323, 6272, 1038776180, 6544, 1038772926, 6528, 1038776168, 6289, 1038326614, 6273, 1038327267, 6537, 1038329473, 6545, 1038330919, 6529, 1038331585, 6290, 1037881533, 6274, 1037877893, 6538, 1037880136, 6546, 1037881537, 6530, 1037877899, 6032, 1038772937, 6024, 1038774379, 6291, 1038326198, 6275, 1038330653, 6531, 1038326334, 6033, 1038322367, 6540, 1022012426, 6551, 1021989618, 6292, 1022025284, 6276, 1021972431, 6293, 1021077915, 6277, 1021117749, 6294, 1021110194, 6278, 1021128269, 6295, 1021994129, 6279, 1021966554, 6023, 1021971074, 6031, 1022022482, 6539, 1038321960, 6547, 1038321891, 6026, 1037880093, 6025, 1038320919, 6017, 1038323028, 6018, 1037877884, 6548, 1022029583, 6035, 1038330452, 6036, 1022020875, 6532, 1021976803, 6541, 1021101011, 6549, 1021082475, 6542, 1021086396, 6037, 1021073549, 6533, 1021122254, 6543, 1022013585, 6550, 1021105840, 6021, 1021113452, 6534, 1021123765, 6038, 1021114362, 6039, 1021998751, 6535, 1021962179, 6019, 1038334899, 6029, 1021092307, 6022, 1021132554, 6030, 1021095186, 6028, 1022003482, 6016, 1038776184, 6034, 1037881534, 6027, 1038330511, 6020, 1021967954]
[INFO] (lattice_cell.c: 455): on tick 42 of 50
[INFO] (lattice_cell.c: 172): the unmatched_packets is 56
[6288, 1038777110, 6536, 1038770692, 6272, 1038794122, 6544, 1038777078, 6528, 1038794112, 6289, 1038321175, 6273, 1038319799, 6537, 1038321541, 6545, 1038325614, 6529, 1038324242, 6290, 1037886909, 6274, 1037871148, 6538, 1037893178, 6546, 1037886949, 6530, 1037871153, 6032, 1038777152, 6024, 1038770818, 6016, 1038794124, 6291, 1038322747, 6275, 1038322477, 6033, 1038316776, 6025, 1038312702, 6531, 1038318035, 6540, 1022025420, 6541, 1021099010, 6551, 1021996644, 6027, 1038325917, 6292, 1021992542, 6276, 1021993505, 6293, 1021113372, 6277, 1021106977, 6294, 1021096238, 6278, 1021111069, 6295, 1022001065, 6279, 1021996480, 6022, 1021114948, 6539, 1038317085, 6034, 1037886881, 6547, 1038318302, 6026, 1037893073, 6018, 1037871148, 6035, 1038327138, 6548, 1021996962, 6017, 1038315407, 6028, 1022016574, 6532, 1021998014, 6549, 1021117400, 6542, 1021110617, 6543, 1021989199, 6533, 1021110947, 6550, 1021092180, 6039, 1022005437, 6534, 1021107097, 6019, 1038326868, 6535, 1021991970, 6036, 1021988146, 6020, 1021989049, 6029, 1021091020, 6021, 1021103096, 6030, 1021118580, 6037, 1021109390, 6038, 1021100243, 6031, 1021998083, 6023, 1022000937]
[INFO] (lattice_cell.c: 455): on tick 43 of 50
[INFO] (lattice_cell.c: 172): the unmatched_packets is 56
[6288, 1038773073, 6536, 1038771833, 6272, 1038774361, 6544, 1038773067, 6528, 1038774357, 6289, 1038328978, 6273, 1038324278, 6537, 1038328795, 6545, 1038333240, 6529, 1038328545, 6290, 1037880942, 6274, 1037880256, 6538, 1037882159, 6546, 1037880951, 6530, 1037880259, 6032, 1038773094, 6024, 1038771813, 6291, 1038325811, 6275, 1038327699, 6548, 1021984119, 6294, 1021095664, 6278, 1021089413, 6026, 1037882176, 6535, 1022014579, 6292, 1021979596, 6276, 1022024252, 6293, 1021114764, 6277, 1021079258, 6295, 1022009310, 6279, 1022019159, 6037, 1021110425, 6030, 1021134451, 6539, 1038320456, 6025, 1038320327, 6547, 1038321557, 6531, 1038323440, 6540, 1022001992, 6018, 1037880243, 6035, 1038330016, 6019, 1038331900, 6549, 1021119299, 6541, 1021113052, 6016, 1038774367, 6532, 1022028819, 6028, 1021992976, 6020, 1022019597, 6542, 1021125802, 6033, 1038324777, 6533, 1021083782, 6029, 1021104023, 6017, 1038320086, 6550, 1021091239, 6543, 1021979753, 6034, 1037880944, 6534, 1021084925, 6551, 1022004659, 6039, 1022014072, 6031, 1021989144, 6036, 1021974943, 6038, 1021099909, 6023, 1022023841, 6022, 1021093719, 6027, 1038328921, 6021, 1021074948]
[INFO] (lattice_cell.c: 455): on tick 44 of 50
[INFO] (lattice_cell.c: 172): the unmatched_packets is 56
[6288, 1038789082, 6536, 1038790459, 6272, 1038768162, 6544, 1038788983, 6528, 1038768158, 6289, 1038321236, 6273, 1038321459, 6537, 1038324644, 6545, 1038325709, 6529, 1038325955, 6290, 1037875673, 6274, 1037895537, 6538, 1037874431, 6546, 1037875770, 6530, 1037895545, 6032, 1038789186, 6016, 1038768174, 6291, 1038320610, 6275, 1038324537, 6539, 1038316819, 6547, 1038316121, 6531, 1038320058, 6033, 1038316800, 6025, 1038315723, 6017, 1038317033, 6292, 1022014783, 6276, 1022000139, 6293, 1021089174, 6532, 1022004409, 6034, 1037875572, 6542, 1021108185, 6533, 1021098053, 6534, 1021094662, 6028, 1021982627, 6277, 1021094019, 6038, 1021138394, 6294, 1021134440, 6278, 1021098675, 6295, 1021971900, 6279, 1022002206, 6022, 1021102624, 6023, 1022006428, 6018, 1037895528, 6540, 1021991271, 6548, 1022019105, 6541, 1021120995, 6035, 1038325042, 6027, 1038325725, 6019, 1038328973, 6549, 1021093156, 6024, 1038790508, 6020, 1021995904, 6543, 1021990940, 6550, 1021130423, 6029, 1021113170, 6551, 1021967636, 6031, 1021999481, 6535, 1021997925, 6037, 1021085301, 6021, 1021090071, 6030, 1021116104, 6039, 1021976135, 6026, 1037874388, 6036, 1022010484]
[INFO] (lattice_cell.c: 455): on tick 45 of 50
[INFO] (lattice_cell.c: 172): the unmatched_packets is 56
[6288, 1038755991, 6536, 1038770410, 6272, 1038767121, 6544, 1038755983, 6528, 1038767113, 6289, 1038326108, 6273, 1038324529, 6537, 1038327222, 6545, 1038330330, 6529, 1038328760, 6290, 1037897489, 6274, 1037886656, 6538, 1037883872, 6032, 1038756018, 6530, 1037886668, 6024, 1038770439, 6016, 1038767129, 6291, 1038330420, 6275, 1038327681, 6294, 1021058231, 6531, 1038323452, 6540, 1022013701, 6025, 1038318830, 6532, 1021992954, 6543, 1022027106, 6292, 1022008287, 6276, 1021988245, 6293, 1021098069, 6277, 1021112819, 6278, 1021122600, 6295, 1022029630, 6279, 1021984612, 6039, 1022034554, 6021, 1021108476, 6017, 1038320374, 6034, 1037897476, 6546, 1037897519, 6026, 1037883846, 6018, 1037886646, 6539, 1038322684, 6547, 1038326197, 6027, 1038331069, 6019, 1038331846, 6033, 1038321938, 6028, 1022004208, 6029, 1021099984, 6037, 1021093596, 6548, 1022012846, 6541, 1021108844, 6030, 1021079250, 6022, 1021126928, 6549, 1021102723, 6542, 1021070487, 6533, 1021117346, 6550, 1021053819, 6534, 1021118101, 6551, 1022024791, 6020, 1021983482, 6535, 1021979894, 6038, 1021062435, 6031, 1022036739, 6036, 1022003632, 6023, 1021989397, 6035, 1038334589]
[INFO] (lattice_cell.c: 455): on tick 46 of 50
[INFO] (lattice_cell.c: 172): the unmatched_packets is 56
[6288, 1038802618, 6536, 1038787776, 6272, 1038800625, 6544, 1038802601, 6528, 1038800617, 6289, 1038322946, 6273, 1038318656, 6537, 1038324028, 6545, 1038327458, 6529, 1038323174, 6290, 1037862326, 6274, 1037864719, 6538, 1037876759, 6546, 1037862341, 6530, 1037864725, 6032, 1038802636, 6024, 1038787885, 6016, 1038800629, 6291, 1038317603, 6275, 1038322101, 6539, 1038312811, 6292, 1022000301, 6547, 1038313086, 6277, 1021124324, 6033, 1038318480, 6295, 1021924409, 6535, 1021975837, 6036, 1021996143, 6276, 1021979481, 6293, 1021096801, 6294, 1021192516, 6278, 1021129562, 6279, 1021980009, 6025, 1038315058, 6017, 1038314206, 6034, 1037862314, 6026, 1037876672, 6531, 1038317578, 6540, 1022022611, 6548, 1022004477, 6541, 1021091031, 6532, 1021983641, 6549, 1021100777, 6020, 1021975319, 6037, 1021092915, 6029, 1021083144, 6542, 1021150050, 6038, 1021196347, 6533, 1021128290, 6550, 1021188586, 6543, 1021967100, 6534, 1021125573, 6551, 1021920171, 6027, 1038321781, 6021, 1021120430, 6030, 1021157934, 6022, 1021133419, 6018, 1037864717, 6039, 1021928643, 6031, 1021975412, 6035, 1038322060, 6028, 1022014298, 6023, 1021984165, 6019, 1038326550]
[INFO] (lattice_cell.c: 455): on tick 47 of 50
[INFO] (lattice_cell.c: 172): the unmatched_packets is 56
[6288, 1038744960, 6536, 1038742841, 6272, 1038756251, 6544, 1038744884, 6528, 1038756247, 6289, 1038326723, 6273, 1038328960, 6537, 1038330031, 6545, 1038330921, 6529, 1038333168, 6290, 1037908340, 6274, 1037897796, 6538, 1037910123, 6546, 1037908419, 6530, 1037897802, 6032, 1038745032, 6024, 1038742918, 6016, 1038756261, 6291, 1038329069, 6275, 1038332081, 6539, 1038325804, 6547, 1038324865, 6531, 1038327873, 6033, 1038322562, 6025, 1038321674, 6292, 1021979193, 6276, 1022032387, 6540, 1022004072, 6277, 1021052330, 6017, 1038324814, 6278, 1021061252, 6295, 1022111872, 6550, 1020976837, 6019, 1038336228, 6294, 1020981488, 6279, 1022030272, 6293, 1021125550, 6020, 1022027517, 6023, 1022035165, 6021, 1021048005, 6548, 1021983937, 6541, 1021107251, 6035, 1038333204, 6532, 1022037220, 6549, 1021130153, 6542, 1021040957, 6028, 1021994578, 6533, 1021056860, 6543, 1022044343, 6038, 1020985953, 6534, 1021056748, 6030, 1021049818, 6551, 1022107169, 6022, 1021065588, 6034, 1037908267, 6039, 1022116626, 6535, 1022025431, 6018, 1037897788, 6027, 1038334151, 6036, 1021974392, 6037, 1021121127, 6031, 1022054040, 6029, 1021098182, 6026, 1037910054]
[INFO] (lattice_cell.c: 455): on tick 48 of 50
[INFO] (lattice_cell.c: 172): the unmatched_packets is 56
[6288, 1038812220, 6536, 1038823350, 6272, 1038812036, 6544, 1038812198, 6528, 1038812034, 6289, 1038319955, 6273, 1038315709, 6537, 1038319566, 6545, 1038324479, 6529, 1038320234, 6290, 1037852908, 6274, 1037853126, 6538, 1037842329, 6546, 1037852926, 6530, 1037853132, 6032, 1038812235, 6024, 1038823290, 6016, 1038812038, 6291, 1038321029, 6275, 1038319149, 6539, 1038313576, 6547, 1038316501, 6293, 1021099603, 6532, 1021967911, 6541, 1021143513, 6533, 1021155792, 6279, 1021963416, 6534, 1021154733, 6535, 1021959275, 6292, 1022008277, 6276, 1021963793, 6277, 1021151824, 6294, 1021230741, 6278, 1021158687, 6295, 1021872876, 6030, 1021226186, 6022, 1021162500, 6025, 1038310575, 6017, 1038311248, 6531, 1038314629, 6543, 1021892792, 6034, 1037852893, 6540, 1021986870, 6548, 1022012411, 6026, 1037842381, 6018, 1037853120, 6035, 1038325497, 6549, 1021103562, 6033, 1038315489, 6020, 1021959641, 6542, 1021218679, 6550, 1021226996, 6038, 1021234354, 6551, 1021868545, 6039, 1021877256, 6027, 1038322568, 6036, 1022004141, 6028, 1021978618, 6037, 1021095761, 6021, 1021148000, 6029, 1021135702, 6031, 1021901321, 6023, 1021967572, 6019, 1038323613]
[INFO] (lattice_cell.c: 455): on tick 49 of 50
[INFO] (lattice_cell.c: 172): the unmatched_packets is 56
[6288, 1038750936, 6536, 1038732572, 6272, 1038712105, 6544, 1038750849, 6528, 1038712095, 6289, 1038330733, 6273, 1038328008, 6537, 1038332880, 6545, 1038334932, 6529, 1038332209, 6290, 1037902850, 6274, 1037940179, 6538, 1037920897, 6546, 1037902947, 6032, 1038751038, 6024, 1038732718, 6016, 1038712109, 6530, 1037940183, 6291, 1038327040, 6275, 1038331415, 6539, 1038322524, 6547, 1038322844, 6531, 1038327208, 6033, 1038326585, 6025, 1038324524, 6017, 1038323876, 6292, 1022030039, 6276, 1022072595, 6540, 1022044797, 6548, 1022034787, 6532, 1022077311, 6034, 1037902764, 6018, 1037940169, 6026, 1037920751, 6293, 1021057939, 6277, 1021016195, 6541, 1021055995, 6549, 1021062560, 6533, 1021020861, 6035, 1038331190, 6027, 1038330869, 6294, 1021022617, 6278, 1021023677, 6019, 1038335552, 6295, 1022080101, 6279, 1022071636, 6543, 1022121067, 6551, 1022075419, 6036, 1022025252, 6542, 1020978866, 6550, 1021017943, 6038, 1021027138, 6534, 1021019010, 6023, 1022076386, 6028, 1022035170, 6020, 1022067881, 6535, 1022066911, 6037, 1021053457, 6021, 1021011665, 6039, 1022084847, 6029, 1021047006, 6031, 1022130394, 6030, 1020988167, 6022, 1021028183]
[INFO] (lattice_cell.c: 455): on tick 50 of 50
[INFO] (lattice_cell.c: 466): updating recording regions
[INFO] (recording.c: 507): 	Finalising channel 0 - state info stored in SDRAM
[INFO] (recording.c: 512): closed channel 0.
[INFO] (lattice_cell.c: 470): Simulation complete.

