[INFO] (lattice_cell.c: 604): starting lattice cell
[INFO] (lattice_cell.c: 526): Initialise: started
[INFO] (data_specification.c: 78): magic = ad130ad6, version = 1.0
[INFO] (lattice_cell.c: 555): my key is 4216
[INFO] (lattice_cell.c: 562): I'm in position ( 16, 15)
[INFO] (lattice_cell.c: 568): my n key is 3960
[INFO] (lattice_cell.c: 574): my U_X = 0.009999959729611874
[INFO] (lattice_cell.c: 575): my U_Y = -0.0005000000237487257
[INFO] (lattice_cell.c: 583): input_buffer initialised
[INFO] (recording.c: 563): Recording 1 regions, using output tag 0, size before trigger 7686388, time between triggers 50
[INFO] (recording.c: 665): Recording channel 0 configured to use 7686132 byte memory block starting at 0x63593738
[INFO] (lattice_cell.c: 588): Recording flags = 0x00000001
[INFO] (lattice_cell.c: 619): setting timer to execute every 200000 microseconds
[INFO] (lattice_cell.c: 627): Starting

[INFO] (simulation.c: 159): Setting the runtime of this model to 50 starting at 0
[INFO] (simulation.c: 161): Setting the flag of infinite run for this model to 0
[INFO] (simulation.c: 175): Resuming
[INFO] (lattice_cell.c: 455): on tick 0 of 50
[4472, 1038779577, 4480, 1038779578, 4208, 1038779565, 4224, 1038779580, 3960, 1038779577, 4464, 1038779571, 3968, 1038779578, 3952, 1038779571, 4473, 1038296868, 4481, 1038296868, 4209, 1038296438, 4225, 1038296438, 3961, 1038296868, 4465, 1038296872, 4210, 1037884803, 3953, 1038296872, 4227, 1038341178, 3969, 1038296868, 4482, 1037884796, 4466, 1037884809, 4475, 1038340748, 4467, 1038340752, 4484, 1021979139, 4231, 1022026107, 4469, 1021087000, 4487, 1022025651, 4226, 1037884794, 4211, 1038341176, 4228, 1021978684, 4212, 1021978672, 3964, 1021979140, 3967, 1022025649, 3972, 1021979139, 3958, 1021128250, 4213, 1021086591, 4229, 1021086583, 4214, 1021128650, 4230, 1021128642, 4215, 1022026095, 3954, 1037884809, 3963, 1038340748, 3971, 1038340748, 3955, 1038340752, 3970, 1037884796, 3973, 1021086987, 3966, 1021128236, 3974, 1021128237, 4474, 1037884797, 3975, 1022025651, 3965, 1021086987, 3957, 1021087000, 4483, 1038340748, 3962, 1037884797, 4476, 1021979140, 4468, 1021979132, 4477, 1021086987, 3959, 1022025642, 4485, 1021086987, 4478, 1021128236, 3956, 1021979132, 4470, 1021128250, 4486, 1021128237, 4479, 1022025649, 4471, 1022025642]
[INFO] (lattice_cell.c: 455): on tick 1 of 50
[INFO] (lattice_cell.c: 172): the unmatched_packets is 56
[4208, 1038774611, 4472, 1038774639, 4480, 1038774640, 4224, 1038774640, 4464, 1038774615, 3960, 1038774639, 3952, 1038774613, 3968, 1038774640, 4209, 1038305151, 4473, 1038305537, 4481, 1038305539, 4465, 1038305533, 3961, 1038305605, 4225, 1038305147, 3953, 1038305601, 4210, 1037879885, 3969, 1038305605, 4482, 1037879860, 4474, 1037879863, 4226, 1037879858, 4475, 1038348926, 4213, 1021080116, 4467, 1038348922, 4229, 1021080150, 4476, 1021976200, 4468, 1021976230, 4477, 1021079753, 4478, 1021125543, 4470, 1021125570, 4211, 1038349318, 4227, 1038349314, 4212, 1021974931, 4228, 1021974891, 4214, 1021125176, 4230, 1021125136, 3966, 1021123872, 3967, 1022020389, 4215, 1022019921, 3975, 1022020391, 4231, 1022019957, 3962, 1037879863, 3963, 1038348858, 3971, 1038348856, 3955, 1038348854, 3956, 1021974504, 3958, 1021123904, 3964, 1021974480, 3965, 1021081409, 3973, 1021081405, 4486, 1021125540, 3974, 1021123866, 3959, 1022020347, 4466, 1037879887, 4483, 1038348926, 3957, 1021081381, 4484, 1021976192, 3954, 1037879887, 4485, 1021079750, 4469, 1021079723, 3970, 1037879856, 4479, 1022018651, 3972, 1021974464, 4487, 1022018657, 4471, 1022018613]
[INFO] (lattice_cell.c: 455): on tick 2 of 50
[INFO] (lattice_cell.c: 172): the unmatched_packets is 56
[4208, 1038780081, 4472, 1038780027, 4480, 1038780020, 4224, 1038780020, 3960, 1038780027, 3952, 1038780081, 3968, 1038780020, 4464, 1038780083, 4209, 1038296622, 4473, 1038297052, 4481, 1038297052, 4225, 1038296618, 3961, 1038297058, 4465, 1038297060, 3953, 1038297060, 4210, 1037885171, 3969, 1038297056, 4482, 1037885230, 4474, 1037885221, 4466, 1037885171, 4211, 1038341912, 4227, 1038341912, 4467, 1038341480, 4229, 1021087547, 3962, 1037885225, 4214, 1021128509, 4231, 1022025930, 4470, 1021128186, 4486, 1021128226, 4479, 1022025537, 4487, 1022025520, 3959, 1022025509, 4226, 1037885230, 4212, 1021979526, 4228, 1021979708, 4213, 1021087731, 4230, 1021128542, 3963, 1038341482, 4215, 1022025981, 3955, 1038341480, 3956, 1021979980, 3954, 1037885173, 3966, 1021128080, 4483, 1038341478, 3974, 1021128080, 3964, 1021980162, 3965, 1021088046, 3973, 1021088021, 4475, 1038341480, 4477, 1021087891, 3972, 1021980192, 3975, 1022025457, 3957, 1021088187, 4468, 1021979932, 4476, 1021980107, 4484, 1021980137, 4469, 1021088036, 3971, 1038341478, 4485, 1021087869, 3967, 1022025471, 3958, 1021128045, 4478, 1021128216, 3970, 1037885230, 4471, 1022025569]
[INFO] (lattice_cell.c: 455): on tick 3 of 50
[INFO] (lattice_cell.c: 172): the unmatched_packets is 56
[4208, 1038774301, 4472, 1038774639, 4480, 1038774682, 4224, 1038774682, 4464, 1038774305, 3952, 1038774301, 3960, 1038774635, 3968, 1038774680, 4209, 1038305402, 4473, 1038305793, 4225, 1038305447, 4481, 1038305797, 4465, 1038305756, 3953, 1038305894, 3961, 1038305925, 4210, 1037880295, 3969, 1038305931, 4226, 1037879934, 4482, 1037879926, 4474, 1037879971, 4466, 1037880295, 4227, 1038349086, 4212, 1021975319, 4483, 1038348734, 4475, 1038348734, 4213, 1021078927, 4476, 1021975749, 4230, 1021125650, 4215, 1022020315, 4477, 1021079300, 4231, 1022020673, 4211, 1038349094, 4228, 1021974344, 4229, 1021079745, 4214, 1021125986, 3965, 1021080828, 3970, 1037879938, 3955, 1038348607, 3954, 1037880297, 3972, 1021973951, 3957, 1021080130, 3973, 1021080950, 3971, 1038348605, 3966, 1021124497, 3974, 1021124429, 3959, 1022020722, 3975, 1022021055, 3956, 1021974921, 3958, 1021124775, 4467, 1038348742, 4484, 1021975615, 4468, 1021976595, 3962, 1037879977, 4485, 1021079401, 4469, 1021078587, 4478, 1021126035, 4470, 1021126319, 4486, 1021125965, 3964, 1021974084, 4479, 1022019323, 4471, 1022019040, 4487, 1022019378, 3967, 1022020988, 3963, 1038348603]
[INFO] (lattice_cell.c: 455): on tick 4 of 50
[INFO] (lattice_cell.c: 172): the unmatched_packets is 56
[4208, 1038781837, 4224, 1038780106, 4472, 1038780313, 4480, 1038780102, 3960, 1038780311, 3952, 1038781835, 3968, 1038780104, 4209, 1038296635, 4225, 1038296408, 4473, 1038296873, 4481, 1038296836, 4465, 1038297067, 4210, 1037883475, 4212, 1021975441, 4228, 1021980255, 4482, 1037885142, 4475, 1038341737, 4467, 1038341721, 4230, 1021128179, 4468, 1021975866, 4485, 1021088213, 4478, 1021127707, 4470, 1021126498, 4479, 1022025116, 3955, 1038341714, 3964, 1021980010, 4226, 1037885148, 3972, 1021980685, 4211, 1038342161, 3974, 1021127623, 4227, 1038342178, 3959, 1022026350, 3975, 1022024789, 3966, 1021127349, 3953, 1038297075, 3969, 1038296846, 4213, 1021091877, 4229, 1021088007, 3970, 1037885148, 3962, 1037884955, 4214, 1021126712, 4215, 1022026814, 4231, 1022025238, 3965, 1021089135, 3957, 1021092447, 3958, 1021126138, 4464, 1038781841, 3967, 1022025093, 3971, 1038341732, 3956, 1021975880, 3961, 1038296881, 3963, 1038341726, 4474, 1037884951, 4466, 1037883469, 4483, 1038341735, 4476, 1021979989, 3954, 1037883477, 4484, 1021980669, 4477, 1021088762, 4469, 1021092075, 4486, 1021127979, 3973, 1021088585, 4487, 1022024825, 4471, 1022026379]
[INFO] (lattice_cell.c: 455): on tick 5 of 50
[INFO] (lattice_cell.c: 172): the unmatched_packets is 56
[4208, 1038766661, 4472, 1038773288, 4480, 1038774272, 4224, 1038774274, 4464, 1038766665, 3960, 1038773284, 3952, 1038766655, 3968, 1038774272, 4209, 1038304564, 4473, 1038305744, 4481, 1038305938, 4225, 1038305616, 4465, 1038304888, 3961, 1038305930, 3953, 1038305060, 3969, 1038306128, 4210, 1037887666, 4482, 1037880340, 4474, 1037881290, 4226, 1037880342, 4466, 1037887666, 3962, 1037881298, 4211, 1038348972, 4212, 1021995480, 3954, 1037887664, 4229, 1021079167, 4476, 1021978695, 4484, 1021975358, 4214, 1021132238, 4468, 1021996681, 4230, 1021125713, 4215, 1022014863, 4478, 1021127256, 4479, 1022019005, 3964, 1021977181, 4471, 1022013653, 4487, 1022020465, 4227, 1038348831, 4228, 1021974143, 3974, 1021124589, 4213, 1021062043, 4231, 1022021690, 3975, 1022021985, 3972, 1021973838, 3958, 1021131107, 4469, 1021061802, 3965, 1021077732, 3966, 1021125901, 3967, 1022020543, 3959, 1022015176, 4467, 1038348652, 4475, 1038348556, 4483, 1038348514, 3957, 1021063195, 3973, 1021080305, 3956, 1021995179, 4477, 1021076377, 4485, 1021078947, 3970, 1037880340, 3963, 1038348365, 3955, 1038348459, 4470, 1021132477, 4486, 1021125948, 3971, 1038348319]
[INFO] (lattice_cell.c: 455): on tick 6 of 50
[INFO] (lattice_cell.c: 172): the unmatched_packets is 56
[4208, 1038804416, 4472, 1038786298, 4480, 1038782102, 4224, 1038782094, 4464, 1038804418, 3960, 1038786298, 3952, 1038804412, 3968, 1038782094, 4481, 1038296873, 4473, 1038297682, 4209, 1038297356, 4225, 1038296447, 4465, 1038297750, 3961, 1038297720, 4210, 1037861628, 4466, 1037861630, 3953, 1038297840, 4227, 1038342569, 4213, 1021150527, 4229, 1021089439, 4214, 1021110953, 4468, 1021914152, 4486, 1021129029, 4471, 1022041743, 4487, 1022022199, 3974, 1021128391, 4226, 1037883210, 3972, 1021979162, 4211, 1038342132, 4212, 1021913612, 4228, 1021978780, 3967, 1022028823, 3959, 1022041831, 4230, 1021129082, 3954, 1037861632, 4215, 1022042192, 4231, 1022022664, 3964, 1021964351, 3956, 1021913928, 3955, 1038341674, 3973, 1021090145, 3958, 1021110257, 3975, 1022022283, 3965, 1021101587, 3957, 1021151168, 4476, 1021964484, 4482, 1037883216, 4474, 1037879168, 3969, 1038296897, 3970, 1037883212, 3963, 1038341880, 3971, 1038342115, 3966, 1021122733, 4475, 1038341901, 4467, 1038341703, 4483, 1038342141, 3962, 1037879168, 4484, 1021979260, 4477, 1021100963, 4469, 1021150637, 4485, 1021089503, 4478, 1021123366, 4470, 1021110887, 4479, 1022028739]
[INFO] (lattice_cell.c: 455): on tick 7 of 50
[INFO] (lattice_cell.c: 172): the unmatched_packets is 56
[4208, 1038732301, 4472, 1038754259, 4224, 1038765389, 4480, 1038765395, 4464, 1038732309, 3960, 1038754261, 3952, 1038732297, 3968, 1038765391, 4209, 1038306283, 4473, 1038305066, 4225, 1038304834, 4481, 1038305132, 4465, 1038306641, 3953, 1038306741, 4210, 1037920970, 4211, 1038349283, 3969, 1038305358, 4474, 1037899656, 4483, 1038347459, 4467, 1038348986, 3971, 1038347237, 4470, 1021148481, 3965, 1021031680, 4487, 1022030252, 4471, 1021998473, 4226, 1037888908, 3959, 1021999796, 4227, 1038347767, 4482, 1037888904, 4466, 1037920966, 4212, 1022108250, 4228, 1021982857, 4213, 1020942767, 4229, 1021073588, 3972, 1021982669, 4214, 1021148371, 4230, 1021120513, 4215, 1021999601, 4231, 1022031347, 3967, 1022009941, 3970, 1037888912, 3961, 1038305250, 3955, 1038348747, 3957, 1020943920, 3966, 1021137679, 3958, 1021147346, 3974, 1021119469, 3975, 1022031522, 3956, 1022108210, 3964, 1022026068, 3973, 1021074602, 4475, 1038348442, 3962, 1037899662, 4476, 1022027245, 3954, 1037920970, 4469, 1020942521, 4484, 1021983946, 4468, 1022109241, 4477, 1021030420, 3963, 1038348202, 4485, 1021073443, 4478, 1021138808, 4486, 1021120633, 4479, 1022008649]
[INFO] (lattice_cell.c: 455): on tick 8 of 50
[INFO] (lattice_cell.c: 172): the unmatched_packets is 56
[4208, 1038817158, 4472, 1038821753, 4480, 1038811296, 3960, 1038821751, 4224, 1038811302, 3952, 1038817152, 3968, 1038811292, 4209, 1038297212, 4473, 1038295725, 4464, 1038817162, 4225, 1038296902, 4481, 1038297298, 4465, 1038297532, 3961, 1038295907, 4210, 1037848737, 4226, 1037855022, 3969, 1038297394, 3954, 1037848735, 4467, 1038341865, 4476, 1021868404, 4477, 1021204137, 4470, 1021119902, 4479, 1022035498, 3972, 1021950548, 4471, 1022030613, 4487, 1021993070, 3967, 1022035808, 4211, 1038342283, 4227, 1038343217, 4212, 1021808892, 4228, 1021950320, 3975, 1021993461, 4213, 1021254330, 4229, 1021115760, 3959, 1022030886, 4214, 1021119795, 3970, 1037855028, 4230, 1021154889, 4215, 1022031169, 4231, 1021993694, 3953, 1038297778, 3955, 1038341807, 3965, 1021204812, 3957, 1021254986, 3973, 1021116543, 3956, 1021808962, 3958, 1021118943, 3974, 1021154098, 3966, 1021111728, 4468, 1021809645, 4482, 1037855020, 3963, 1038342535, 4474, 1037844786, 4466, 1037848727, 3971, 1038342725, 3962, 1037844796, 4475, 1038342589, 4478, 1021112647, 4483, 1038342823, 3964, 1021867847, 4484, 1021950924, 4469, 1021254438, 4485, 1021115714, 4486, 1021154922]
[INFO] (lattice_cell.c: 455): on tick 9 of 50
[INFO] (lattice_cell.c: 172): the unmatched_packets is 56
[4208, 1038765737, 4472, 1038721672, 4480, 1038707604, 4464, 1038765743, 3960, 1038721664, 4224, 1038707598, 3952, 1038765729, 3968, 1038707602, 4209, 1038305193, 4473, 1038305128, 4481, 1038307428, 4465, 1038305585, 4225, 1038307092, 3961, 1038305208, 4210, 1037889174, 4211, 1038348039, 4466, 1037889184, 4228, 1022050579, 4475, 1038348129, 4215, 1022038920, 4477, 1020924087, 4469, 1020975468, 4485, 1020998175, 3970, 1037944867, 4487, 1022098352, 3966, 1021109646, 4226, 1037944871, 4227, 1038349900, 4212, 1022079664, 4213, 1020975696, 4229, 1020998305, 4214, 1021114388, 3972, 1022050652, 4230, 1021045826, 3965, 1020925385, 4231, 1022099194, 3957, 1020976798, 3954, 1037889178, 3953, 1038305641, 3969, 1038307578, 3963, 1038347895, 3955, 1038347505, 3964, 1022133724, 4474, 1037931513, 4482, 1037944867, 3967, 1022041612, 3962, 1037931523, 3959, 1022038951, 4483, 1038349576, 4467, 1038347759, 4476, 1022134358, 3956, 1022079834, 4468, 1022080451, 4484, 1022051424, 3971, 1038349416, 3973, 1020999333, 3958, 1021113498, 3974, 1021044795, 4478, 1021110641, 4470, 1021114383, 4479, 1022040674, 4471, 1022037938, 4486, 1021045931, 3975, 1022099104]
[INFO] (lattice_cell.c: 455): on tick 10 of 50
[INFO] (lattice_cell.c: 172): the unmatched_packets is 56
[4208, 1038777810, 4480, 1038864152, 4224, 1038864144, 4472, 1038824193, 4464, 1038777802, 3960, 1038824181, 3952, 1038777817, 3968, 1038864144, 4209, 1038295939, 4481, 1038297026, 4473, 1038296782, 4225, 1038296716, 4465, 1038296245, 3961, 1038297078, 4210, 1037886950, 4482, 1037803270, 4474, 1037841766, 4466, 1037886938, 4212, 1021983985, 4228, 1021838027, 4213, 1021084381, 4483, 1038342737, 4484, 1021838893, 4469, 1021084338, 4477, 1021199725, 4470, 1021155304, 3972, 1021838000, 4486, 1021265131, 4471, 1021993603, 3967, 1021938595, 4226, 1037803272, 4211, 1038343743, 4227, 1038343055, 3957, 1021085195, 4229, 1021226093, 4214, 1021155087, 3975, 1021881199, 3964, 1021865697, 3959, 1021994177, 3954, 1037886964, 3970, 1037803272, 4230, 1021265081, 3955, 1038343217, 4215, 1021994290, 4231, 1021881166, 3971, 1038342469, 3969, 1038297292, 3973, 1021226908, 3966, 1021215284, 3956, 1021983948, 3953, 1038296517, 3965, 1021200525, 4467, 1038343357, 3962, 1037841774, 4475, 1038340953, 4468, 1021984832, 4476, 1021866650, 3963, 1038340747, 3958, 1021154131, 4485, 1021226034, 3974, 1021264290, 4478, 1021216317, 4479, 1021937860, 4487, 1021880295]
[INFO] (lattice_cell.c: 455): on tick 11 of 50
[INFO] (lattice_cell.c: 172): the unmatched_packets is 56
[4208, 1038751088, 4480, 1038726458, 4472, 1038743489, 4464, 1038751095, 4224, 1038726454, 4209, 1038306535, 4473, 1038306259, 4465, 1038306879, 4211, 1038349966, 4482, 1037927758, 4467, 1038349652, 4483, 1038347758, 4476, 1021984137, 4230, 1020980620, 4485, 1020933900, 4486, 1020980712, 4479, 1022176903, 4487, 1022173117, 3963, 1038347167, 4225, 1038305261, 3959, 1022081735, 3975, 1022173408, 4210, 1037902272, 4226, 1037927764, 4227, 1038348128, 3965, 1021071665, 3967, 1022177261, 4212, 1021926307, 3961, 1038306377, 4481, 1038305623, 4228, 1022124204, 4213, 1021122356, 3969, 1038305715, 3960, 1038743473, 4229, 1020933997, 3952, 1038751076, 3954, 1037902268, 4214, 1021062183, 3962, 1037910669, 4215, 1022081957, 4231, 1022173740, 3970, 1037927764, 3971, 1038347673, 3964, 1021983822, 3966, 1020975278, 3968, 1038726458, 3953, 1038307023, 3956, 1021926587, 3972, 1022124530, 3973, 1020934997, 3958, 1021061303, 4474, 1037910677, 3974, 1020979634, 4466, 1037902279, 4475, 1038347284, 4468, 1021926948, 4484, 1022124823, 4477, 1021070606, 4469, 1021122300, 3955, 1038349456, 4478, 1020976280, 4470, 1021062164, 3957, 1021123330, 4471, 1022081239]
[INFO] (lattice_cell.c: 455): on tick 12 of 50
[INFO] (lattice_cell.c: 172): the unmatched_packets is 56
[4208, 1038827052, 4472, 1038804378, 4480, 1038769805, 4224, 1038769809, 4464, 1038827048, 4209, 1038295831, 3960, 1038804380, 3952, 1038827058, 4225, 1038296846, 4210, 1037839585, 4473, 1038295200, 4465, 1038296135, 4228, 1021912355, 4474, 1037861195, 4213, 1021073409, 4229, 1021153340, 4484, 1021913336, 4231, 1021954774, 4477, 1021051065, 4471, 1021892502, 4487, 1021953790, 3973, 1021154312, 3975, 1021954919, 4226, 1037893958, 4211, 1038343586, 4227, 1038343031, 4212, 1021994045, 3962, 1037861223, 3970, 1037893964, 3955, 1038343002, 3969, 1038297454, 4214, 1021254840, 3971, 1038342435, 3972, 1021912215, 4230, 1021193359, 3966, 1021279488, 3958, 1021253864, 4215, 1021893451, 3965, 1021052268, 3956, 1021993911, 3974, 1021192397, 3967, 1021867102, 3959, 1021893571, 3963, 1038343210, 3968, 1038769797, 4481, 1038297128, 3961, 1038295468, 3953, 1038296403, 4466, 1037839573, 4482, 1037893962, 3954, 1037839602, 4475, 1038343553, 4467, 1038343285, 4483, 1038342751, 4476, 1022021180, 4468, 1021995015, 4469, 1021073209, 4485, 1021153143, 3964, 1022020098, 4478, 1021280597, 4470, 1021255070, 4486, 1021193555, 4479, 1021865950, 3957, 1021074366]
[INFO] (lattice_cell.c: 455): on tick 13 of 50
[INFO] (lattice_cell.c: 172): the unmatched_packets is 56
[4208, 1038740115, 4472, 1038764814, 4224, 1038797134, 4480, 1038797138, 4464, 1038740129, 3960, 1038764800, 3952, 1038740095, 3968, 1038797136, 4209, 1038305881, 4473, 1038305656, 4481, 1038306501, 4225, 1038306175, 4465, 1038306198, 3961, 1038305834, 3953, 1038306381, 3969, 1038306675, 4210, 1037913884, 4482, 1037858082, 4211, 1038348256, 4212, 1021978998, 4483, 1038348951, 4214, 1020962907, 4229, 1021103237, 4215, 1022192268, 4230, 1021149938, 4231, 1021995253, 3963, 1038347707, 4486, 1021149850, 4226, 1037858084, 4227, 1038349269, 3967, 1022105673, 4466, 1037913888, 3975, 1021994855, 4474, 1037889669, 4228, 1021946519, 4213, 1021072507, 3972, 1021946926, 3959, 1022191806, 3954, 1037913874, 3970, 1037858090, 3955, 1038347784, 3964, 1021974853, 4468, 1021979506, 4484, 1021947049, 3965, 1021080466, 3957, 1021073359, 4477, 1021079682, 3971, 1038348781, 3958, 1020962030, 3962, 1037889665, 3973, 1021104056, 3966, 1021045858, 3974, 1021149096, 3956, 1021979422, 4467, 1038347906, 4475, 1038347853, 4476, 1021974976, 4485, 1021103296, 4469, 1021072570, 4470, 1020962863, 4478, 1021046663, 4479, 1022105634, 4471, 1022191788, 4487, 1021994746]
[INFO] (lattice_cell.c: 455): on tick 14 of 50
[INFO] (lattice_cell.c: 172): the unmatched_packets is 56
[4208, 1038784777, 4472, 1038770044, 4480, 1038788007, 4464, 1038784775, 3960, 1038770044, 4224, 1038788001, 3952, 1038784767, 4209, 1038296014, 3968, 1038787995, 4210, 1037879534, 4481, 1038296869, 4482, 1037878121, 4474, 1037894375, 4475, 1038341461, 4467, 1038343658, 4230, 1021098112, 4215, 1021911802, 4477, 1021113605, 3972, 1022009787, 4487, 1022053348, 3969, 1038297165, 3974, 1021096998, 3967, 1022031476, 3959, 1021912042, 3966, 1021121780, 3958, 1021235269, 4225, 1038296575, 3955, 1038343310, 3971, 1038341845, 4226, 1037878129, 3964, 1021955141, 4211, 1038343930, 4227, 1038342429, 3965, 1021115102, 3957, 1021085486, 4212, 1021982489, 3956, 1021982273, 3975, 1022054591, 4228, 1022009994, 4213, 1021084363, 4473, 1038296671, 4465, 1038296309, 4229, 1021059062, 3961, 1038296974, 3953, 1038296600, 4214, 1021236367, 4466, 1037879524, 3962, 1037894395, 3954, 1037879548, 4231, 1022054403, 3970, 1037878135, 4483, 1038342133, 4476, 1021956417, 4468, 1021983537, 4484, 1022011016, 4469, 1021083984, 4485, 1021058676, 4478, 1021123264, 4470, 1021236683, 4479, 1022030232, 4486, 1021098478, 4471, 1021910737, 3963, 1038341167, 3973, 1021060177]
[INFO] (lattice_cell.c: 455): on tick 15 of 50
[INFO] (lattice_cell.c: 172): the unmatched_packets is 56
[4208, 1038783382, 4472, 1038782349, 4480, 1038759971, 4224, 1038759963, 4464, 1038783382, 3960, 1038782333, 3952, 1038783378, 3968, 1038759965, 4209, 1038305171, 4473, 1038305094, 4481, 1038306080, 4225, 1038305779, 4465, 1038305485, 3961, 1038305325, 3953, 1038305705, 3969, 1038306323, 4210, 1037871440, 4474, 1037872356, 4482, 1037893975, 4466, 1037871440, 4226, 1037893977, 4483, 1038348983, 4467, 1038349597, 4215, 1022029593, 3955, 1038349391, 4479, 1021989809, 4487, 1022039207, 4211, 1038349909, 4227, 1038349275, 4212, 1021971445, 4228, 1021992366, 4213, 1021079418, 4229, 1021060806, 4214, 1021117820, 4230, 1021107621, 3967, 1021989725, 3958, 1021117121, 4231, 1022039594, 3956, 1021971950, 3972, 1021992853, 3965, 1021084995, 3973, 1021061538, 3959, 1022029094, 3975, 1022039072, 3966, 1021157127, 3974, 1021106897, 3954, 1037871444, 4475, 1038348908, 4484, 1021992755, 4476, 1021969363, 3962, 1037872356, 3957, 1021080147, 4477, 1021084434, 4469, 1021079598, 4485, 1021060973, 4478, 1021157643, 4470, 1021117659, 3963, 1038348660, 4486, 1021107458, 4468, 1021971872, 4471, 1022029205, 3964, 1021969461, 3970, 1037893975, 3971, 1038348736]
[INFO] (lattice_cell.c: 455): on tick 16 of 50
[INFO] (lattice_cell.c: 172): the unmatched_packets is 56
[4208, 1038775770, 4472, 1038788438, 4480, 1038771408, 4224, 1038771402, 4464, 1038775780, 4209, 1038296665, 4473, 1038296142, 4211, 1038342591, 4482, 1037892696, 4466, 1037889266, 4228, 1021961777, 4475, 1038341926, 4476, 1021998918, 4231, 1022006863, 4470, 1021093217, 3969, 1038297653, 4486, 1021145150, 4487, 1022005755, 4225, 1038297073, 4210, 1037889270, 4226, 1037892698, 4227, 1038342473, 4212, 1021973103, 4213, 1021092813, 4229, 1021104678, 3959, 1022061928, 4214, 1021092737, 4230, 1021144668, 3960, 1038788432, 3952, 1038775766, 4215, 1022061704, 3953, 1038297247, 3970, 1037892702, 3958, 1021091473, 3974, 1021143411, 3967, 1022024145, 3975, 1022007093, 3955, 1038342017, 3963, 1038341625, 3971, 1038341883, 3964, 1021997547, 3972, 1021961536, 3954, 1037889274, 3957, 1021094061, 3965, 1021072895, 3973, 1021105935, 4481, 1038297356, 4465, 1038296938, 3961, 1038296434, 4474, 1037877114, 4467, 1038342293, 4468, 1021974219, 4484, 1021962886, 4483, 1038342177, 4477, 1021071130, 4469, 1021092329, 4485, 1021104183, 4479, 1022022811, 4478, 1021131953, 4471, 1022060610, 3968, 1038771396, 3962, 1037877126, 3956, 1021972849, 3966, 1021130202]
[INFO] (lattice_cell.c: 455): on tick 17 of 50
[INFO] (lattice_cell.c: 172): the unmatched_packets is 56
[4208, 1038770284, 4472, 1038769497, 4480, 1038783517, 4464, 1038770292, 3960, 1038769489, 3952, 1038770278, 4224, 1038783519, 3968, 1038783505, 4209, 1038304907, 4473, 1038305030, 4481, 1038305799, 4465, 1038305185, 3953, 1038305478, 4225, 1038305529, 3969, 1038306099, 4210, 1037883820, 4226, 1037871372, 4474, 1037884872, 4482, 1037871356, 4211, 1038350328, 4227, 1038349505, 4212, 1021970477, 4483, 1038349232, 4229, 1021095158, 4476, 1021984566, 4231, 1022003290, 4485, 1021095411, 4487, 1022002946, 3964, 1021984779, 4228, 1021956980, 4213, 1021080963, 4214, 1021131483, 4230, 1021141080, 4215, 1022015004, 3959, 1022014445, 3961, 1038305311, 3955, 1038349755, 3956, 1021971039, 3971, 1038348926, 3975, 1022002726, 3972, 1021957516, 3965, 1021072223, 3973, 1021095777, 3962, 1037884878, 3963, 1038348470, 4466, 1037883818, 4475, 1038348774, 4467, 1038350048, 4484, 1021957329, 4468, 1021970821, 3957, 1021081603, 3954, 1037883822, 4477, 1021071828, 4469, 1021081208, 4478, 1021105917, 4470, 1021131219, 4486, 1021140817, 3974, 1021140442, 3967, 1022042218, 4471, 1022014651, 3958, 1021130868, 3970, 1037871366, 4479, 1022042448, 3966, 1021105534]
[INFO] (lattice_cell.c: 455): on tick 18 of 50
[INFO] (lattice_cell.c: 172): the unmatched_packets is 56
[4208, 1038783684, 4480, 1038789101, 4472, 1038771559, 4224, 1038789097, 4464, 1038783702, 3952, 1038783680, 3968, 1038789081, 4209, 1038296389, 4481, 1038297506, 4473, 1038296757, 4465, 1038296666, 4225, 1038297219, 3953, 1038296963, 3961, 1038297068, 3969, 1038297795, 3960, 1038771541, 4210, 1037881086, 4482, 1037876624, 4474, 1037892748, 4226, 1037876628, 4466, 1037881090, 4211, 1038343155, 4212, 1021982853, 4483, 1038341794, 4467, 1038342871, 4476, 1021970467, 4469, 1021081050, 4479, 1022029050, 4487, 1022033098, 4227, 1038342077, 4228, 1021987651, 4213, 1021081633, 4229, 1021078697, 4214, 1021149302, 4230, 1021119198, 3975, 1022034450, 3973, 1021080051, 4215, 1022004901, 3958, 1021147960, 4231, 1022034222, 3962, 1037892760, 3955, 1038342589, 3972, 1021987410, 3966, 1021124671, 3959, 1022005136, 3956, 1021982591, 3965, 1021099763, 3974, 1021117856, 3967, 1022030384, 3954, 1037881090, 4475, 1038341500, 4484, 1021988779, 4468, 1021983995, 3970, 1037876626, 4485, 1021078101, 4477, 1021097811, 4470, 1021149872, 4478, 1021126626, 4486, 1021119766, 4471, 1022003772, 3957, 1021082992, 3964, 1021969085, 3963, 1038341208, 3971, 1038341502]
[INFO] (lattice_cell.c: 455): on tick 19 of 50
[INFO] (lattice_cell.c: 172): the unmatched_packets is 56
[4208, 1038777545, 4472, 1038776379, 4480, 1038770551, 4464, 1038777551, 4224, 1038770553, 3960, 1038776371, 3952, 1038777539, 3968, 1038770545, 4209, 1038304439, 4473, 1038304462, 4481, 1038305542, 4465, 1038304692, 4225, 1038305300, 3961, 1038304819, 3953, 1038305020, 3969, 1038305907, 4210, 1037877097, 4474, 1037878051, 4482, 1037883761, 4226, 1037883781, 4211, 1038350490, 4227, 1038349820, 4483, 1038349579, 4476, 1021964321, 3963, 1038349026, 4486, 1021109556, 4487, 1022034881, 3973, 1021065446, 3967, 1022005465, 4212, 1021979193, 4228, 1021990087, 4213, 1021073946, 4229, 1021064886, 4214, 1021121938, 4230, 1021109835, 4215, 1022024009, 4231, 1022035171, 3954, 1037877097, 3955, 1038349889, 3964, 1021964585, 3972, 1021990652, 4466, 1037877081, 3971, 1038349214, 3966, 1021140246, 3974, 1021109259, 3959, 1022023442, 3956, 1021979742, 3965, 1021091717, 3957, 1021074530, 3958, 1021121382, 4475, 1038349388, 3975, 1022034621, 4467, 1038350245, 4470, 1021121660, 3962, 1037878063, 4484, 1021990388, 4468, 1021979495, 4477, 1021091424, 3970, 1037883773, 4485, 1021065152, 4469, 1021074231, 4478, 1021140505, 4479, 1022005698, 4471, 1022023686]
[INFO] (lattice_cell.c: 455): on tick 20 of 50
[INFO] (lattice_cell.c: 172): the unmatched_packets is 56
[4208, 1038776312, 4472, 1038787490, 4480, 1038770897, 4464, 1038776324, 3960, 1038787474, 3952, 1038776300, 4224, 1038770889, 3968, 1038770881, 4209, 1038297111, 4473, 1038296780, 4481, 1038297921, 4225, 1038297638, 4465, 1038297381, 4210, 1037888354, 4226, 1037893316, 4482, 1037893312, 4466, 1037888356, 3953, 1038297695, 4467, 1038342261, 4475, 1038341421, 4486, 1021130593, 3974, 1021128561, 4211, 1038342556, 4227, 1038341931, 4212, 1021974959, 3971, 1038341356, 4228, 1021976724, 4213, 1021087725, 4229, 1021088172, 4214, 1021115091, 3967, 1022021709, 4230, 1021129974, 4215, 1022041242, 4231, 1022024179, 3962, 1037877861, 3954, 1037888352, 3970, 1037893318, 3963, 1038341128, 3955, 1038342001, 4474, 1037877855, 3972, 1021976522, 3969, 1038298212, 3957, 1021089145, 4477, 1021082740, 3966, 1021134446, 3975, 1022024366, 3956, 1021974744, 3965, 1021084782, 3958, 1021113665, 3959, 1022041431, 3961, 1038297082, 4483, 1038341653, 4468, 1021976090, 4484, 1021977826, 4476, 1021984165, 4469, 1021087116, 4485, 1021087542, 3973, 1021089615, 4470, 1021115700, 4478, 1021136482, 4479, 1022020444, 3964, 1021982838, 4471, 1022040150, 4487, 1022023083]
[INFO] (lattice_cell.c: 455): on tick 21 of 50
[INFO] (lattice_cell.c: 172): the unmatched_packets is 56
[4208, 1038771168, 4480, 1038774326, 4472, 1038775805, 4224, 1038774316, 4464, 1038771170, 3952, 1038771160, 4209, 1038303213, 4210, 1037882936, 4226, 1037880022, 4465, 1038303458, 3968, 1038774308, 4211, 1038351027, 4466, 1037882936, 4475, 1038349553, 4229, 1021092832, 4467, 1038350802, 4468, 1021969697, 4469, 1021087763, 4485, 1021093112, 4470, 1021125281, 4486, 1021136363, 3958, 1021125028, 3974, 1021136094, 4225, 1038304955, 3971, 1038349367, 3959, 1022018770, 3967, 1022030727, 3956, 1021969921, 3954, 1037882942, 3962, 1037878792, 3970, 1037880018, 4473, 1038304032, 4227, 1038350010, 4481, 1038305178, 4212, 1021969372, 3955, 1038350383, 4228, 1021961980, 3964, 1021987883, 3957, 1021088054, 4213, 1021087485, 3966, 1021115137, 4214, 1021125576, 4230, 1021136662, 4215, 1022019289, 4231, 1022005966, 3963, 1038349132, 3975, 1022005432, 3972, 1021962501, 3965, 1021071699, 3961, 1038304428, 3953, 1038303842, 3960, 1038775797, 4482, 1037880016, 4474, 1037878776, 3969, 1038305583, 4483, 1038349788, 4476, 1021987659, 4484, 1021962281, 4477, 1021071395, 4478, 1021115396, 4479, 1022030956, 3973, 1021093382, 4471, 1022018965, 4487, 1022005661]
[INFO] (lattice_cell.c: 455): on tick 22 of 50
[INFO] (lattice_cell.c: 172): the unmatched_packets is 56
[4208, 1038781668, 4480, 1038787144, 4472, 1038773585, 4224, 1038787140, 4464, 1038781692, 3960, 1038773566, 3952, 1038781655, 3968, 1038787130, 4209, 1038297561, 4481, 1038298306, 4473, 1038298078, 4465, 1038297823, 3961, 1038298392, 4225, 1038298036, 3969, 1038298604, 4210, 1037883064, 4482, 1037878185, 4226, 1037878191, 4474, 1037890821, 4466, 1037883064, 4211, 1038342744, 4212, 1021975338, 3954, 1037883060, 4475, 1038341187, 4484, 1021974504, 4215, 1022015549, 4231, 1022022039, 4477, 1021082957, 3955, 1038342191, 4470, 1021141828, 4471, 1022014508, 4227, 1038341786, 4228, 1021973438, 4213, 1021083562, 4229, 1021089335, 4214, 1021141232, 4230, 1021132177, 3965, 1021085025, 3973, 1021090773, 3966, 1021121264, 3959, 1022015658, 3971, 1038341216, 3956, 1021975180, 3953, 1038298130, 3972, 1021973323, 3964, 1021978364, 3958, 1021139799, 3975, 1022022150, 3957, 1021084971, 3974, 1021130742, 3970, 1037878189, 4483, 1038341521, 4467, 1038342452, 4476, 1021979554, 4469, 1021082936, 4468, 1021976402, 4485, 1021088703, 3967, 1022036185, 4478, 1021123334, 4486, 1021132794, 4479, 1022035052, 4487, 1022020985, 3963, 1038340902, 3962, 1037890815]
[INFO] (lattice_cell.c: 455): on tick 23 of 50
[INFO] (lattice_cell.c: 172): the unmatched_packets is 56
[4208, 1038779996, 4472, 1038771127, 4480, 1038778077, 4224, 1038778077, 4464, 1038779995, 3968, 1038778069, 4209, 1038304986, 4473, 1038303169, 4225, 1038303822, 4481, 1038304025, 3961, 1038303626, 4210, 1037874662, 4212, 1021973076, 4482, 1037876596, 4467, 1038351011, 4231, 1022029672, 4470, 1021124944, 4487, 1022029332, 4226, 1037876604, 4211, 1038351216, 4227, 1038349366, 4228, 1021986430, 4213, 1021076532, 4229, 1021074148, 4214, 1021125175, 4230, 1021116608, 3964, 1021968582, 3959, 1022018632, 3962, 1037883017, 3954, 1037874680, 4215, 1022019086, 3957, 1021077137, 3973, 1021074745, 4465, 1038305219, 3958, 1021124636, 3966, 1021130310, 3960, 1038771116, 4474, 1037882997, 4466, 1037874660, 3952, 1038779997, 3953, 1038305626, 3975, 1022029226, 3956, 1021973555, 3972, 1021986893, 3965, 1021092793, 4475, 1038349761, 4483, 1038349165, 3963, 1038349296, 3969, 1038304493, 3970, 1037876608, 4476, 1021968481, 4468, 1021973423, 4484, 1021986808, 4477, 1021092411, 4469, 1021076727, 4485, 1021074370, 4478, 1021130647, 3971, 1038348698, 3967, 1022014658, 4486, 1021116373, 4479, 1022014753, 4471, 1022018705, 3974, 1021116017, 3955, 1038350559]
[INFO] (lattice_cell.c: 455): on tick 24 of 50
[INFO] (lattice_cell.c: 172): the unmatched_packets is 56
[4208, 1038773508, 4472, 1038782084, 4224, 1038774592, 4480, 1038774588, 4464, 1038773527, 3960, 1038782062, 3952, 1038773501, 3968, 1038774578, 4209, 1038297979, 4473, 1038295948, 4481, 1038299110, 4225, 1038298848, 3961, 1038296289, 3953, 1038298585, 3969, 1038299425, 4210, 1037890953, 4474, 1037882828, 4226, 1037889860, 4466, 1037890956, 4482, 1037889850, 3954, 1037890957, 4211, 1038342624, 4227, 1038342151, 3962, 1037882827, 4475, 1038342001, 4483, 1038341883, 4467, 1038342351, 4212, 1021992419, 4476, 1021979379, 4229, 1021076575, 4468, 1021993451, 4484, 1021984858, 3955, 1038342076, 4485, 1021075992, 4231, 1022033066, 4471, 1022031267, 4228, 1021983910, 4213, 1021065640, 3967, 1022016426, 4214, 1021125583, 3972, 1021983904, 3975, 1022033062, 4465, 1038298209, 4230, 1021120753, 4215, 1022032209, 3971, 1038341566, 3970, 1037889866, 3964, 1021978366, 3973, 1021077996, 3958, 1021124160, 3966, 1021137724, 3974, 1021119330, 3959, 1022032215, 3965, 1021091972, 3957, 1021066998, 3963, 1038341697, 4477, 1021090034, 4469, 1021065165, 4478, 1021139704, 4470, 1021126153, 4486, 1021121311, 4479, 1022015495, 3956, 1021992321, 4487, 1022032118]
[INFO] (lattice_cell.c: 455): on tick 25 of 50
[INFO] (lattice_cell.c: 172): the unmatched_packets is 56
[4208, 1038783377, 4472, 1038783797, 4224, 1038771261, 4480, 1038771263, 4464, 1038783384, 3960, 1038783787, 3952, 1038783366, 3968, 1038771259, 4209, 1038301900, 4473, 1038302815, 4225, 1038305795, 4481, 1038305998, 4465, 1038302171, 3961, 1038303223, 3969, 1038306475, 4210, 1037871133, 4474, 1037871079, 4482, 1037882827, 4226, 1037882841, 4466, 1037871137, 3962, 1037871086, 3954, 1037871132, 3970, 1037882841, 4211, 1038350473, 4227, 1038351716, 4483, 1038351516, 4475, 1038349403, 4476, 1021972574, 4229, 1021084976, 4214, 1021113320, 3963, 1038348908, 4231, 1022009846, 4478, 1021122245, 4470, 1021113165, 4212, 1021938001, 4213, 1021123408, 4230, 1021126241, 4215, 1022034188, 4228, 1021967147, 3955, 1038349793, 3971, 1038351042, 3956, 1021938492, 3964, 1021972614, 4477, 1021090155, 3965, 1021090855, 3966, 1021121736, 3958, 1021112672, 3953, 1038302514, 4486, 1021126129, 3959, 1022033820, 3972, 1021967523, 3957, 1021124178, 4467, 1038350269, 3974, 1021125566, 3967, 1022024996, 4484, 1021967569, 4468, 1021938348, 3975, 1022009452, 3973, 1021085664, 4485, 1021085087, 4469, 1021123401, 4479, 1022024924, 4471, 1022033707, 4487, 1022009447]
[INFO] (lattice_cell.c: 455): on tick 26 of 50
[INFO] (lattice_cell.c: 172): the unmatched_packets is 56
[4208, 1038753981, 4480, 1038774720, 4472, 1038767334, 4464, 1038754002, 4224, 1038774710, 3968, 1038774708, 4209, 1038299741, 3960, 1038767318, 4473, 1038299055, 4481, 1038299382, 4225, 1038299172, 4465, 1038299915, 3952, 1038753979, 3961, 1038299522, 3969, 1038299792, 3953, 1038300387, 4210, 1037909749, 4466, 1037909743, 4474, 1037896913, 4226, 1037889862, 4482, 1037889860, 3962, 1037896923, 3954, 1037909751, 4211, 1038343464, 4212, 1022042826, 4228, 1021973192, 4230, 1021130398, 4476, 1022012260, 4215, 1022006148, 4485, 1021084616, 4478, 1021132082, 3957, 1021008152, 4471, 1022005327, 4487, 1022021740, 3974, 1021129133, 4227, 1038342128, 3973, 1021086311, 3966, 1021130294, 3959, 1022006017, 4213, 1021006977, 3955, 1038342903, 4229, 1021085019, 4214, 1021149700, 3964, 1022011274, 3956, 1022042739, 4231, 1022022665, 3958, 1021148338, 3965, 1021047370, 3967, 1022033976, 3975, 1022022587, 4467, 1038343206, 3963, 1038339463, 3971, 1038341518, 3972, 1021973233, 4483, 1038341928, 4475, 1038339809, 3970, 1037889868, 4468, 1022043809, 4484, 1021974107, 4477, 1021045801, 4469, 1021006658, 4470, 1021150161, 4486, 1021130816, 4479, 1022033240]
[INFO] (lattice_cell.c: 455): on tick 27 of 50
[INFO] (lattice_cell.c: 172): the unmatched_packets is 56
[4208, 1038812712, 4480, 1038797409, 4224, 1038797405, 4472, 1038793784, 4464, 1038812724, 3960, 1038793752, 3952, 1038812680, 3968, 1038797407, 4209, 1038301949, 4481, 1038302824, 4473, 1038300866, 4465, 1038302217, 3961, 1038301226, 3953, 1038302571, 4225, 1038302579, 3969, 1038303221, 4210, 1037842802, 4482, 1037857911, 4474, 1037861065, 4226, 1037857921, 4466, 1037842815, 3954, 1037842794, 3962, 1037861061, 4211, 1038352571, 4227, 1038348744, 4483, 1038348504, 4467, 1038352361, 4228, 1021960571, 4476, 1021917478, 4215, 1022026574, 4477, 1021152371, 4231, 1022003263, 4485, 1021104186, 4487, 1022002845, 4475, 1038349174, 4212, 1021853835, 4213, 1021205930, 4229, 1021104312, 4214, 1021111392, 4230, 1021144338, 3967, 1022030761, 3975, 1022002861, 3963, 1038348722, 3955, 1038351893, 4484, 1021960977, 4468, 1021854278, 3972, 1021960950, 3956, 1021854260, 3957, 1021206832, 3970, 1037857925, 3966, 1021116145, 3958, 1021110627, 3971, 1038348110, 3964, 1021917504, 4469, 1021205774, 3965, 1021153490, 4470, 1021111363, 3959, 1022026315, 4478, 1021117002, 4486, 1021144455, 4471, 1022025995, 4479, 1022030593, 3973, 1021105207, 3974, 1021143440]
[INFO] (lattice_cell.c: 455): on tick 28 of 50
[INFO] (lattice_cell.c: 172): the unmatched_packets is 56
[4208, 1038747838, 4472, 1038738313, 4480, 1038743884, 4464, 1038747838, 3960, 1038738310, 3952, 1038747834, 3968, 1038743862, 4224, 1038743874, 4209, 1038297595, 4473, 1038298796, 4481, 1038301500, 4225, 1038301355, 4465, 1038297788, 4210, 1037916137, 3961, 1038299317, 4482, 1037919678, 4466, 1037916108, 4227, 1038344153, 4228, 1022023457, 4213, 1020936330, 4467, 1038343480, 4475, 1038343184, 4229, 1021027799, 4214, 1021133076, 4476, 1022076968, 4468, 1022124157, 4230, 1021074299, 4231, 1022072669, 4479, 1022021025, 3957, 1020937462, 4487, 1022071810, 4226, 1037919682, 3967, 1022021708, 4211, 1038343680, 4212, 1022123354, 4215, 1022023626, 3973, 1021028889, 3954, 1037916144, 3970, 1037919692, 3963, 1038342686, 3955, 1038343054, 3964, 1022076202, 3953, 1038298221, 3969, 1038302035, 3965, 1020982837, 4474, 1037925010, 3958, 1021131872, 4483, 1038344008, 3962, 1037925038, 3959, 1022023417, 4484, 1022024295, 3971, 1038343463, 4477, 1020981546, 3956, 1022123469, 4469, 1020936099, 3974, 1021073219, 3966, 1021130575, 3975, 1022072566, 3972, 1022023544, 4485, 1021027597, 4478, 1021131957, 4470, 1021133374, 4486, 1021074492, 4471, 1022022892]
[INFO] (lattice_cell.c: 455): on tick 29 of 50
[INFO] (lattice_cell.c: 172): the unmatched_packets is 56
[4208, 1038791784, 4472, 1038827692, 4480, 1038830274, 4224, 1038830278, 4464, 1038791812, 3960, 1038827644, 3952, 1038791759, 3968, 1038830276, 4209, 1038304704, 4225, 1038302573, 4473, 1038302886, 3961, 1038303313, 4210, 1037862603, 4226, 1037825622, 4211, 1038349799, 4474, 1037828237, 3969, 1038303194, 4227, 1038348781, 4212, 1021870331, 3954, 1037862576, 4467, 1038349531, 4229, 1021166002, 4214, 1021137874, 4484, 1021898382, 4230, 1021204806, 4231, 1021941247, 4482, 1037825614, 3959, 1022011645, 3967, 1021985840, 3965, 1021219251, 3966, 1021167388, 3953, 1038305381, 3962, 1037828224, 3971, 1038348167, 3964, 1021841666, 3972, 1021898196, 3957, 1021179143, 3958, 1021136881, 3975, 1021940929, 4228, 1021897875, 4213, 1021178127, 4481, 1038302829, 3956, 1021870563, 4465, 1038304927, 3973, 1021167058, 3970, 1037825624, 4215, 1022011892, 3963, 1038346724, 4466, 1037862613, 4475, 1038347062, 4483, 1038348531, 4476, 1021841968, 4468, 1021870914, 4477, 1021217933, 3955, 1038349171, 4469, 1021177898, 4485, 1021165674, 4478, 1021168734, 4470, 1021138089, 4486, 1021205119, 4479, 1021985646, 4471, 1022011346, 3974, 1021203751, 4487, 1021940754]
[INFO] (lattice_cell.c: 455): on tick 30 of 50
[INFO] (lattice_cell.c: 172): the unmatched_packets is 56
[4208, 1038771349, 4472, 1038736619, 4480, 1038707458, 4464, 1038771356, 3952, 1038771357, 3968, 1038707448, 4209, 1038296861, 4224, 1038707454, 4225, 1038299218, 4481, 1038299359, 4473, 1038296000, 4465, 1038297044, 4210, 1037893106, 4211, 1038345237, 3961, 1038296456, 4466, 1037893094, 4212, 1021988953, 4228, 1022095549, 4476, 1022092680, 4484, 1022096222, 4471, 1022070289, 4226, 1037955210, 4227, 1038342043, 3959, 1022070776, 3967, 1022115537, 4213, 1021072818, 3975, 1022143778, 3964, 1022092334, 3973, 1020966609, 4229, 1020965581, 4214, 1021078068, 3962, 1037927206, 4230, 1021012872, 3970, 1037955216, 4215, 1022071013, 4231, 1022144063, 3963, 1038342339, 3971, 1038341356, 3965, 1020980143, 3955, 1038344562, 3958, 1021077122, 3953, 1038297493, 3956, 1021989208, 3960, 1038736626, 3972, 1022095806, 3957, 1021073808, 4482, 1037955206, 4474, 1037927171, 3966, 1021039423, 3954, 1037893114, 4467, 1038345094, 4475, 1038342921, 3969, 1038299896, 4483, 1038341895, 4468, 1021989651, 4469, 1021072693, 3974, 1021011845, 4477, 1020978947, 4485, 1020965459, 4478, 1021040451, 4470, 1021078126, 4486, 1021012968, 4479, 1022115076, 4487, 1022143387]
[INFO] (lattice_cell.c: 455): on tick 31 of 50
[INFO] (lattice_cell.c: 172): the unmatched_packets is 56
[4208, 1038784763, 4472, 1038803445, 4480, 1038824342, 4224, 1038824338, 4464, 1038784787, 3960, 1038803408, 3968, 1038824332, 3952, 1038784741, 4209, 1038302546, 4473, 1038303677, 4225, 1038305889, 4481, 1038306092, 4465, 1038302783, 4210, 1037869940, 4226, 1037830859, 4474, 1037851261, 4482, 1037830851, 3961, 1038304152, 4212, 1022027714, 4475, 1038349911, 4484, 1021840272, 4477, 1021106311, 4485, 1021208921, 4478, 1021255803, 3956, 1022027866, 4486, 1021249214, 4471, 1021934512, 3973, 1021210415, 3964, 1021949339, 4211, 1038350465, 3972, 1021839675, 3966, 1021254219, 4227, 1038351993, 3959, 1021934955, 3967, 1021889214, 4228, 1021839576, 4213, 1021028813, 3954, 1037869920, 3970, 1037830857, 3955, 1038349847, 4229, 1021209288, 3971, 1038351319, 4214, 1021213994, 4230, 1021248846, 4215, 1021935142, 4231, 1021882361, 3965, 1021107851, 3957, 1021030027, 3974, 1021247727, 4466, 1037869944, 4467, 1038350197, 3953, 1038303200, 4476, 1021949911, 4468, 1022028342, 3963, 1038349504, 3962, 1037851259, 4483, 1038351790, 4469, 1021028389, 4470, 1021214443, 4479, 1021888743, 4487, 1021881679, 3975, 1021882251, 3969, 1038306562, 3958, 1021212796]
[INFO] (lattice_cell.c: 455): on tick 32 of 50
[INFO] (lattice_cell.c: 172): the unmatched_packets is 56
[4208, 1038750277, 4472, 1038762970, 4224, 1038779361, 4480, 1038779369, 4464, 1038750289, 3960, 1038762944, 3952, 1038750261, 3968, 1038779349, 4209, 1038298607, 4473, 1038297841, 4481, 1038297664, 4225, 1038297481, 4465, 1038298739, 4210, 1037913175, 3961, 1038298380, 3953, 1038299290, 4466, 1037913174, 4475, 1038339078, 4468, 1021920918, 4231, 1022104556, 4470, 1021018656, 4479, 1022175866, 4487, 1022104064, 4226, 1037886204, 4482, 1037886201, 4474, 1037901335, 4211, 1038343062, 3956, 1021920670, 4227, 1038340447, 4212, 1021920305, 4228, 1022053885, 4213, 1021134010, 4229, 1021013320, 4214, 1021018715, 4230, 1021058066, 4215, 1022139526, 3959, 1022139145, 3967, 1022175926, 3975, 1022104097, 3971, 1038339797, 3962, 1037901341, 3955, 1038342391, 3957, 1021134838, 3973, 1021014252, 3958, 1021017852, 3974, 1021057151, 3972, 1022054357, 3966, 1020992421, 3969, 1038298145, 4467, 1038342914, 3970, 1037886218, 3963, 1038338593, 4483, 1038340270, 4476, 1021937827, 4484, 1022054394, 3954, 1037913187, 4469, 1021134033, 4477, 1021125644, 4478, 1020993370, 4486, 1021058120, 4485, 1021013249, 4471, 1022138965, 3965, 1021126542, 3964, 1021937677]
[INFO] (lattice_cell.c: 455): on tick 33 of 50
[INFO] (lattice_cell.c: 172): the unmatched_packets is 56
[4208, 1038816680, 4472, 1038776145, 4480, 1038747246, 4224, 1038747242, 4464, 1038816690, 3960, 1038776137, 3952, 1038816669, 3968, 1038747236, 4209, 1038303364, 4473, 1038302126, 4481, 1038304882, 4465, 1038303601, 4225, 1038304699, 3961, 1038302561, 4210, 1037838873, 4211, 1038353456, 3953, 1038304019, 4212, 1021975679, 4477, 1021046034, 4215, 1021885321, 3970, 1037905993, 4486, 1021111743, 4226, 1037905984, 4227, 1038350553, 3956, 1021975712, 3973, 1021070406, 4228, 1021988746, 4213, 1021077628, 4229, 1021069079, 3959, 1021885313, 3975, 1022029621, 4214, 1021249593, 3962, 1037878119, 3965, 1021047948, 3954, 1037838868, 3955, 1038352782, 4230, 1021111242, 3971, 1038349868, 3969, 1038305391, 3972, 1021988788, 3957, 1021078930, 4231, 1022029642, 3966, 1021210003, 3958, 1021248344, 3974, 1021109907, 3967, 1021927923, 4475, 1038351505, 4474, 1037878097, 4482, 1037905975, 4466, 1037838864, 4467, 1038353231, 4476, 1022017538, 4483, 1038350376, 3963, 1038350962, 4468, 1021976461, 4485, 1021068584, 4484, 1021989514, 4469, 1021077113, 4478, 1021211705, 4470, 1021250065, 3964, 1022016839, 4479, 1021927096, 4471, 1021884503, 4487, 1022028900]
[INFO] (lattice_cell.c: 455): on tick 34 of 50
[INFO] (lattice_cell.c: 172): the unmatched_packets is 56
[4208, 1038760156, 4472, 1038784815, 4480, 1038795841, 4224, 1038795831, 4464, 1038760181, 3960, 1038784793, 3952, 1038760132, 4209, 1038296740, 4225, 1038299302, 4481, 1038299454, 4210, 1037904290, 3968, 1038795827, 4226, 1037868648, 4227, 1038342609, 4212, 1022009492, 4467, 1038341527, 4469, 1021052242, 4478, 1021136684, 4479, 1022024174, 4486, 1021174660, 4471, 1022142865, 3955, 1038341100, 3967, 1022023963, 4211, 1038341730, 3971, 1038341922, 3964, 1021983736, 4228, 1021926039, 4213, 1021052192, 4229, 1021130843, 3966, 1021135927, 4214, 1021023248, 3975, 1021975812, 4230, 1021174753, 4215, 1022143216, 3969, 1038299993, 3962, 1037879960, 4231, 1021976356, 3963, 1038340927, 3956, 1022009995, 4473, 1038296478, 4465, 1038296898, 3957, 1021052975, 4482, 1037868649, 3965, 1021082516, 3974, 1021173991, 3970, 1037868661, 3972, 1021926549, 3961, 1038297020, 3973, 1021131607, 4466, 1037904296, 4474, 1037879956, 4475, 1038341409, 4483, 1038342466, 3953, 1038297420, 4468, 1022009908, 4476, 1021983651, 4484, 1021926475, 4477, 1021081818, 4485, 1021130916, 4470, 1021023196, 4487, 1021975911, 3959, 1022142615, 3958, 1021022419, 3954, 1037904283]
[INFO] (lattice_cell.c: 455): on tick 35 of 50
[INFO] (lattice_cell.c: 172): the unmatched_packets is 56
[4208, 1038756819, 4472, 1038771142, 4480, 1038783407, 4224, 1038783413, 4464, 1038756823, 3960, 1038771110, 3952, 1038756811, 3968, 1038783405, 4209, 1038303657, 4473, 1038304244, 4481, 1038305155, 4225, 1038304972, 4465, 1038303858, 3961, 1038304770, 3953, 1038304340, 3969, 1038305651, 4210, 1037896358, 4474, 1037883184, 4482, 1037871757, 4226, 1037871761, 3962, 1037883200, 3954, 1037896358, 4466, 1037896355, 3970, 1037871764, 4475, 1038348575, 4211, 1038351930, 4227, 1038350383, 4467, 1038351771, 4483, 1038350198, 4212, 1021964214, 4468, 1021965089, 4215, 1021987003, 4485, 1021060587, 4230, 1021102703, 4469, 1021088337, 4479, 1022071401, 4487, 1022037556, 4228, 1021995353, 4213, 1021088922, 4229, 1021061214, 4214, 1021155234, 4231, 1022038411, 3957, 1021090342, 3965, 1021113945, 3966, 1021076670, 3974, 1021101287, 3955, 1038351223, 3963, 1038348071, 3956, 1021964139, 3964, 1021944847, 3972, 1021995309, 3958, 1021153875, 3967, 1022072323, 3973, 1021062626, 3971, 1038349698, 3959, 1021987145, 4476, 1021945787, 4484, 1021996206, 4477, 1021111944, 4470, 1021155754, 4486, 1021103314, 4478, 1021078698, 4471, 1021986095, 3975, 1022038448]
[INFO] (lattice_cell.c: 455): on tick 36 of 50
[INFO] (lattice_cell.c: 172): the unmatched_packets is 56
[4208, 1038798441, 4472, 1038782056, 4480, 1038761684, 4464, 1038798467, 3960, 1038782029, 3952, 1038798420, 3968, 1038761668, 4224, 1038761676, 4209, 1038297338, 4473, 1038296510, 4481, 1038297991, 3961, 1038297034, 4465, 1038297496, 4225, 1038297835, 3969, 1038298517, 3953, 1038298024, 4210, 1037866408, 4474, 1037882436, 4482, 1037902357, 4226, 1037902360, 3962, 1037882439, 3954, 1037866397, 4466, 1037866411, 4211, 1038344311, 4475, 1038341531, 4483, 1038341433, 4212, 1021951869, 4484, 1022000149, 4468, 1021952232, 4477, 1021078331, 4231, 1022048605, 4227, 1038341588, 4228, 1021999851, 4213, 1021104286, 4229, 1021064556, 4214, 1021175638, 3972, 1022000523, 4230, 1021108395, 4215, 1021977556, 3966, 1021151817, 3964, 1021987852, 3956, 1021952473, 3973, 1021065322, 4467, 1038344120, 3958, 1021174946, 3970, 1037902367, 4476, 1021987506, 3967, 1022007128, 3963, 1038341003, 3965, 1021078994, 4485, 1021064647, 3957, 1021104958, 3955, 1038343660, 4469, 1021104430, 4478, 1021152386, 3974, 1021107641, 4470, 1021175497, 3959, 1021976911, 3971, 1038340900, 4486, 1021108268, 4479, 1022007447, 4471, 1021977241, 4487, 1022048333, 3975, 1022047914]
[INFO] (lattice_cell.c: 455): on tick 37 of 50
[INFO] (lattice_cell.c: 172): the unmatched_packets is 56
[4208, 1038779810, 4472, 1038775075, 4480, 1038774264, 4224, 1038774260, 4464, 1038779827, 3960, 1038775061, 3952, 1038779796, 3968, 1038774260, 4209, 1038303102, 4473, 1038302718, 4481, 1038305509, 4465, 1038303291, 3961, 1038303246, 4225, 1038305370, 4210, 1037875318, 4226, 1037879590, 4211, 1038351291, 4227, 1038350307, 3953, 1038303785, 4228, 1021948069, 4483, 1038350177, 4476, 1022003695, 4468, 1021982416, 4215, 1022065207, 4231, 1021990970, 4471, 1022064255, 4487, 1021990024, 3975, 1021991109, 3972, 1021947934, 3966, 1021142245, 3956, 1021981355, 3958, 1021079210, 4212, 1021981454, 3962, 1037879319, 3954, 1037875319, 3955, 1038350604, 4213, 1021074521, 3970, 1037879597, 4229, 1021106138, 3965, 1021059786, 3957, 1021075990, 4214, 1021080669, 4230, 1021149555, 3973, 1021107602, 3974, 1021148106, 3959, 1022065330, 3967, 1022002364, 4474, 1037879293, 4466, 1037875306, 4482, 1037879584, 3969, 1038306099, 3963, 1038349681, 4475, 1038350256, 4467, 1038351108, 4484, 1021949034, 4477, 1021057627, 4469, 1021073869, 4485, 1021105524, 4470, 1021081292, 4478, 1021144340, 3964, 1022002624, 4486, 1021150173, 4479, 1022001265, 3971, 1038349586]
[INFO] (lattice_cell.c: 455): on tick 38 of 50
[INFO] (lattice_cell.c: 172): the unmatched_packets is 56
[4208, 1038767166, 4472, 1038772824, 4480, 1038796401, 4464, 1038767192, 4224, 1038796393, 3960, 1038772799, 3952, 1038767143, 3968, 1038796393, 4209, 1038297105, 4473, 1038297314, 4225, 1038298509, 4481, 1038298673, 4465, 1038297266, 3961, 1038297874, 3953, 1038297788, 3969, 1038299191, 4210, 1037896756, 4474, 1037891402, 4482, 1037868824, 4226, 1037868822, 3962, 1037891395, 4466, 1037896767, 3954, 1037896744, 4211, 1038343440, 4227, 1038342770, 3970, 1037868834, 4467, 1038343247, 4468, 1021991397, 4231, 1022016638, 4478, 1021110533, 3971, 1038342087, 4212, 1021991157, 4228, 1021967719, 4213, 1021067807, 4229, 1021093114, 4214, 1021119427, 4230, 1021134708, 4215, 1022039056, 3963, 1038340931, 3955, 1038342778, 3956, 1021991856, 3965, 1021098666, 4483, 1038342604, 4475, 1038341410, 3959, 1022038343, 3975, 1022015905, 4484, 1021967939, 4476, 1021965202, 3973, 1021093806, 3958, 1021118736, 3966, 1021109889, 3964, 1021965636, 3974, 1021134032, 3967, 1022048752, 3972, 1021968414, 3957, 1021068504, 4477, 1021098098, 4485, 1021093211, 4469, 1021067939, 4470, 1021119291, 4486, 1021134594, 4479, 1022049321, 4471, 1022038845, 4487, 1022016416]
[INFO] (lattice_cell.c: 455): on tick 39 of 50
[INFO] (lattice_cell.c: 172): the unmatched_packets is 56
[4208, 1038773250, 4472, 1038774911, 4224, 1038771944, 4480, 1038771948, 4464, 1038773257, 3960, 1038774892, 3968, 1038771946, 3952, 1038773248, 4209, 1038305127, 4473, 1038303487, 4481, 1038304730, 4225, 1038304605, 4465, 1038305273, 4210, 1037880597, 4226, 1037882679, 4211, 1038351668, 4474, 1037879369, 4227, 1038348987, 4476, 1021955566, 4215, 1021986090, 4469, 1021077130, 4230, 1021100121, 3954, 1037880592, 4485, 1021055404, 4479, 1022023309, 3964, 1021954405, 3958, 1021156947, 3975, 1022047096, 3956, 1021968384, 4212, 1021968559, 4213, 1021077746, 4228, 1022002576, 4214, 1021158376, 4229, 1021056070, 4231, 1022046972, 3974, 1021098607, 3961, 1038304085, 3953, 1038305822, 3962, 1037879375, 3955, 1038350943, 3965, 1021105696, 3966, 1021124506, 4482, 1037882669, 4466, 1037880578, 3967, 1022024488, 4475, 1038348707, 3959, 1021986277, 4483, 1038348866, 4467, 1038351540, 3963, 1038348088, 4468, 1021969575, 4484, 1022003536, 3971, 1038348259, 3969, 1038305334, 3972, 1022002434, 4477, 1021103537, 3957, 1021079222, 3973, 1021057581, 4478, 1021126587, 4470, 1021158952, 4486, 1021100786, 4471, 1021985038, 4487, 1022045995, 3970, 1037882679]
[INFO] (lattice_cell.c: 455): on tick 40 of 50
[INFO] (lattice_cell.c: 172): the unmatched_packets is 56
[4208, 1038785820, 4480, 1038763674, 4224, 1038763668, 4472, 1038787931, 4464, 1038785852, 3960, 1038787899, 3952, 1038785800, 3968, 1038763662, 4481, 1038298483, 4209, 1038297424, 4473, 1038294645, 4465, 1038297606, 4225, 1038298318, 3953, 1038298115, 3969, 1038299023, 4210, 1037878887, 4474, 1037876895, 4482, 1037899942, 4475, 1038343044, 4467, 1038344149, 3954, 1037878876, 4214, 1021124505, 4476, 1021992473, 4469, 1021095149, 4231, 1022027633, 4485, 1021081487, 4226, 1037899948, 4211, 1038344376, 3959, 1022028325, 4212, 1021961608, 4228, 1021980873, 4213, 1021095070, 4229, 1021081420, 4230, 1021123037, 3966, 1021145246, 4215, 1022029076, 4227, 1038343126, 3975, 1022026880, 3962, 1037876899, 3961, 1038295170, 3956, 1021962304, 3957, 1021095767, 3973, 1021082166, 3964, 1021993049, 3967, 1022008345, 3972, 1021981606, 3965, 1021080576, 3974, 1021122307, 4477, 1021079901, 4466, 1037878897, 4483, 1038342961, 4468, 1021961790, 4484, 1021981035, 4478, 1021145876, 4470, 1021124438, 4479, 1022008887, 3958, 1021123797, 4486, 1021122947, 4471, 1022028929, 4487, 1022027471, 3963, 1038342525, 3971, 1038342426, 3970, 1037899952, 3955, 1038343731]
[INFO] (lattice_cell.c: 455): on tick 41 of 50
[INFO] (lattice_cell.c: 172): the unmatched_packets is 56
[4208, 1038772984, 4480, 1038776174, 4224, 1038776174, 4472, 1038774262, 4464, 1038772994, 3960, 1038774245, 3968, 1038776170, 4209, 1038302737, 4481, 1038307133, 4473, 1038302826, 4225, 1038307043, 4465, 1038302873, 3961, 1038303451, 3969, 1038307788, 4210, 1037881555, 3953, 1038303464, 4482, 1037877891, 4474, 1037880202, 4227, 1038350891, 4475, 1038348635, 4476, 1021999173, 4214, 1021106001, 3963, 1038347998, 4487, 1021991245, 4226, 1037877899, 4211, 1038350086, 3974, 1021144138, 3952, 1038772975, 4212, 1021973689, 4228, 1021946801, 4213, 1021083083, 4229, 1021100493, 3972, 1021946650, 4215, 1022044639, 4230, 1021145594, 4231, 1021992250, 3954, 1037881553, 3955, 1038349366, 3964, 1021998017, 4466, 1037881561, 3965, 1021064595, 4483, 1038350800, 3973, 1021101955, 3971, 1038350142, 4467, 1038349955, 3958, 1021104561, 3962, 1037880224, 4484, 1021947802, 4468, 1021974725, 3970, 1037877899, 4477, 1021062498, 3975, 1021992368, 3957, 1021084540, 4485, 1021099884, 3966, 1021122773, 3959, 1022044803, 3967, 1022028225, 3956, 1021973564, 4469, 1021082463, 4478, 1021124824, 4486, 1021146176, 4470, 1021106572, 4479, 1022027101, 4471, 1022043628]
[INFO] (lattice_cell.c: 455): on tick 42 of 50
[INFO] (lattice_cell.c: 172): the unmatched_packets is 56
[4208, 1038777020, 4472, 1038770542, 4480, 1038794114, 4224, 1038794110, 4464, 1038777043, 3960, 1038770518, 3968, 1038794094, 3952, 1038777005, 4209, 1038298765, 4225, 1038298515, 4473, 1038297641, 4210, 1037887119, 4227, 1038343803, 4474, 1037893394, 4482, 1037871153, 4466, 1037887119, 3953, 1038299451, 4229, 1021088914, 4468, 1021977551, 4477, 1021092264, 4231, 1022018036, 4478, 1021117562, 3964, 1021970293, 3966, 1021116752, 3971, 1038343104, 4226, 1037871160, 4211, 1038345079, 4212, 1021977356, 4228, 1021971961, 4213, 1021073800, 3975, 1022017300, 3958, 1021134998, 3969, 1038299210, 4214, 1021135768, 3962, 1037893400, 4230, 1021129143, 3970, 1037871166, 4215, 1022016548, 3956, 1021978010, 3957, 1021074549, 3973, 1021089704, 3959, 1022015831, 3967, 1022044423, 3965, 1021093027, 3961, 1038298194, 4481, 1038298695, 4465, 1038298929, 3954, 1037887113, 4483, 1038343623, 3955, 1038344415, 4476, 1021969782, 4484, 1021972124, 3972, 1021972686, 4475, 1038340866, 4485, 1021088902, 4469, 1021073858, 4467, 1038344890, 4486, 1021129151, 4470, 1021135730, 4479, 1022045031, 4487, 1022017875, 4471, 1022016366, 3963, 1038340364, 3974, 1021128359]
[INFO] (lattice_cell.c: 455): on tick 43 of 50
[INFO] (lattice_cell.c: 172): the unmatched_packets is 56
[4208, 1038773138, 4472, 1038771963, 4480, 1038774357, 4224, 1038774361, 4464, 1038773155, 3952, 1038773116, 4209, 1038302692, 3968, 1038774353, 4481, 1038304378, 4214, 1021142217, 4230, 1021106956, 4477, 1021102231, 3971, 1038346933, 4479, 1022016931, 4471, 1021999202, 3966, 1021135028, 4487, 1022044464, 3960, 1038771929, 4225, 1038304302, 3972, 1021997995, 4465, 1038302819, 3961, 1038302129, 3957, 1021069684, 4210, 1037881030, 3953, 1038303384, 4226, 1037880272, 4211, 1038352280, 4227, 1038347682, 4212, 1021987774, 4228, 1021998038, 3958, 1021140864, 4213, 1021068242, 4229, 1021061805, 3962, 1037882145, 3955, 1038351547, 4215, 1022000239, 4231, 1022045392, 3954, 1037881024, 3969, 1038305057, 4482, 1037880259, 3964, 1021962865, 3970, 1037880269, 3967, 1022018012, 3959, 1022000330, 4466, 1037881043, 4474, 1037882149, 4467, 1038352173, 3965, 1021104269, 4483, 1038347604, 4475, 1038347852, 3973, 1021063235, 3974, 1021105538, 3975, 1022045448, 4468, 1021988718, 4476, 1021963872, 4469, 1021067627, 4485, 1021061238, 4470, 1021142672, 3963, 1038347185, 4478, 1021136901, 4486, 1021107493, 4484, 1021998990, 3956, 1021987745, 4473, 1038301495]
[INFO] (lattice_cell.c: 455): on tick 44 of 50
[INFO] (lattice_cell.c: 172): the unmatched_packets is 56
[4208, 1038788596, 4472, 1038790417, 4480, 1038768164, 4224, 1038768152, 4464, 1038788616, 3960, 1038790396, 3952, 1038788602, 4209, 1038296284, 4481, 1038300314, 4473, 1038297059, 4225, 1038300174, 3968, 1038768148, 4210, 1037876107, 3961, 1038297666, 4474, 1037874480, 4482, 1037895527, 4228, 1021979362, 4213, 1021112063, 4229, 1021075981, 4214, 1021111864, 4484, 1021979567, 4477, 1021089697, 4479, 1022010013, 3959, 1022037494, 3964, 1021973135, 4226, 1037895545, 4211, 1038345322, 4227, 1038345877, 4212, 1021949541, 3965, 1021090535, 3974, 1021115943, 3962, 1037874499, 3954, 1037876112, 4230, 1021116773, 3953, 1038297017, 3970, 1037895544, 4215, 1022038165, 3963, 1038343725, 3955, 1038344649, 4231, 1022023015, 3971, 1038345135, 3956, 1021950068, 3957, 1021112822, 3958, 1021110973, 3975, 1022022397, 3972, 1021979962, 3973, 1021076824, 3967, 1022009551, 4465, 1038296439, 4466, 1037876089, 4475, 1038344279, 4483, 1038345731, 4467, 1038345118, 4476, 1021972823, 4468, 1021949836, 4469, 1021112076, 4485, 1021075904, 4478, 1021139650, 4470, 1021111970, 4486, 1021116836, 4471, 1022037997, 4487, 1022022793, 3969, 1038300912, 3966, 1021138712]
[INFO] (lattice_cell.c: 455): on tick 45 of 50
[INFO] (lattice_cell.c: 172): the unmatched_packets is 56
[4208, 1038756101, 4224, 1038767125, 4472, 1038770488, 4480, 1038767129, 4209, 1038307381, 4464, 1038756141, 4225, 1038304602, 3952, 1038756063, 4211, 1038349144, 4481, 1038304709, 4227, 1038347608, 3961, 1038304583, 4212, 1022006535, 4474, 1037883961, 4485, 1021094523, 3957, 1021032631, 4486, 1021140945, 4471, 1022028661, 4487, 1022009986, 3960, 1038770449, 3958, 1021124520, 3967, 1022031285, 4210, 1037897712, 4226, 1037886674, 3975, 1022010689, 3954, 1037897676, 4228, 1021962085, 3962, 1037883954, 4213, 1021031260, 4229, 1021095037, 4214, 1021125817, 4230, 1021140434, 4215, 1022029568, 4231, 1022010816, 3955, 1038348437, 3973, 1021096445, 3959, 1022029569, 3969, 1038305324, 3964, 1022009177, 3956, 1022006638, 3972, 1021962180, 3965, 1021048921, 3966, 1021130365, 3974, 1021139035, 3968, 1038767113, 4473, 1038303991, 4465, 1038307496, 3953, 1038308087, 3963, 1038345369, 4466, 1037897732, 4482, 1037886668, 4475, 1038345997, 4467, 1038349031, 4483, 1038347509, 4476, 1022009877, 4468, 1022007358, 3970, 1037886676, 4484, 1021962904, 4477, 1021046942, 4469, 1021030756, 4478, 1021132179, 3971, 1038346890, 4470, 1021126223, 4479, 1022030493]
[INFO] (lattice_cell.c: 455): on tick 46 of 50
[INFO] (lattice_cell.c: 172): the unmatched_packets is 56
[4208, 1038802559, 4472, 1038787578, 4480, 1038800605, 4224, 1038800611, 3960, 1038787574, 4209, 1038293166, 3952, 1038802547, 4226, 1037864717, 4211, 1038347430, 4474, 1037876856, 4228, 1021958356, 4213, 1021170048, 4477, 1021131010, 4485, 1021106710, 4478, 1021110149, 4486, 1021147195, 4471, 1022021825, 3955, 1038346708, 3972, 1021958822, 4225, 1038297399, 3957, 1021170951, 4210, 1037862311, 3973, 1021107736, 3967, 1022039683, 3961, 1038293464, 4464, 1038802559, 4227, 1038343391, 3953, 1038293890, 4212, 1021902571, 4229, 1021106834, 3969, 1038298178, 3962, 1037876890, 4214, 1021119733, 3970, 1037864723, 4230, 1021147098, 4215, 1022022142, 4231, 1022001145, 3971, 1038342609, 3964, 1021950240, 3975, 1022000683, 3966, 1021109086, 3958, 1021118787, 3974, 1021146195, 3959, 1022021638, 4473, 1038292819, 4481, 1038297504, 4465, 1038293321, 3954, 1037862319, 3968, 1038800593, 4482, 1037864710, 4466, 1037862299, 4475, 1038344070, 4467, 1038347274, 3956, 1021903013, 3965, 1021132057, 4483, 1038343279, 4484, 1021958728, 4476, 1021950162, 4468, 1021902963, 4469, 1021169940, 3963, 1038343429, 4470, 1021119863, 4479, 1022039838, 4487, 1022000791]
[INFO] (lattice_cell.c: 455): on tick 47 of 50
[INFO] (lattice_cell.c: 172): the unmatched_packets is 56
[4208, 1038744759, 4472, 1038742850, 4480, 1038756261, 4224, 1038756267, 4464, 1038744795, 3960, 1038742801, 3952, 1038744729, 3968, 1038756253, 4209, 1038306152, 4473, 1038307038, 4481, 1038309230, 4225, 1038309123, 3961, 1038307689, 3953, 1038306859, 3969, 1038309837, 4210, 1037908825, 4474, 1037910345, 4482, 1037897803, 4465, 1038306267, 4226, 1037897823, 3962, 1037910326, 4466, 1037908837, 4211, 1038349523, 4227, 1038351922, 4483, 1038351823, 4475, 1038348547, 4467, 1038349386, 4228, 1022006421, 3970, 1037897816, 3971, 1038351205, 4471, 1022001602, 4212, 1022088817, 3975, 1022055986, 4213, 1020953715, 4229, 1021034168, 4214, 1021152852, 4230, 1021079478, 4215, 1022002322, 4231, 1022056253, 3972, 1022006676, 3955, 1038348837, 3956, 1022089063, 3973, 1021035474, 3974, 1021078170, 3967, 1022022344, 3959, 1022002118, 3965, 1021019699, 3957, 1020955016, 3966, 1021128960, 3958, 1021151603, 3954, 1037908799, 4484, 1022007096, 4468, 1022089537, 4476, 1022026256, 4477, 1021017969, 3963, 1038347989, 4478, 1021130679, 4470, 1021153213, 4485, 1021033731, 4486, 1021079887, 4469, 1020953299, 3964, 1022025769, 4479, 1022021895, 4487, 1022055582]
[INFO] (lattice_cell.c: 455): on tick 48 of 50
[INFO] (lattice_cell.c: 172): the unmatched_packets is 56
[4208, 1038812155, 4472, 1038823488, 4224, 1038812022, 4480, 1038812036, 4464, 1038812161, 4225, 1038294405, 3968, 1038812012, 4481, 1038294516, 4211, 1038344616, 4227, 1038340499, 4473, 1038293529, 4212, 1021851352, 4228, 1021942411, 4466, 1037852930, 4482, 1037853114, 4213, 1021208978, 4483, 1038340398, 4214, 1021122663, 3962, 1037842184, 4476, 1021876048, 4230, 1021175231, 4470, 1021122867, 4486, 1021175513, 3959, 1022028711, 3957, 1021209892, 4209, 1038296330, 4210, 1037852944, 3966, 1021161793, 3967, 1022003175, 3965, 1021200915, 3961, 1038294183, 3952, 1038812148, 4226, 1037853123, 3960, 1038823479, 4465, 1038296444, 3969, 1038295181, 3954, 1037852952, 4229, 1021135339, 3963, 1038339064, 3971, 1038339721, 3970, 1037853125, 4474, 1037842165, 3964, 1021875895, 4215, 1022029039, 4231, 1021984840, 3973, 1021136411, 3953, 1038297093, 3958, 1021121677, 3956, 1021851612, 4475, 1038339742, 3972, 1021942765, 4467, 1038344478, 3974, 1021174189, 3975, 1021984463, 4468, 1021851916, 4484, 1021942847, 4485, 1021135042, 3955, 1038343862, 4477, 1021199601, 4469, 1021208782, 4478, 1021163055, 4479, 1022003052, 4471, 1022028543, 4487, 1021984411]
[INFO] (lattice_cell.c: 455): on tick 49 of 50
[INFO] (lattice_cell.c: 172): the unmatched_packets is 56
[4208, 1038750583, 4472, 1038732375, 4480, 1038712103, 4224, 1038712107, 4464, 1038750622, 3952, 1038750573, 3968, 1038712101, 4209, 1038304320, 4473, 1038303890, 4481, 1038308418, 4225, 1038308337, 4465, 1038304471, 3961, 1038304495, 3953, 1038304990, 3969, 1038309080, 4210, 1037903381, 4474, 1037921177, 4482, 1037940193, 4226, 1037940199, 4466, 1037903385, 3962, 1037921182, 3954, 1037903361, 4211, 1038353530, 3970, 1037940200, 4475, 1038351601, 4483, 1038351020, 4467, 1038353394, 4228, 1022047895, 4213, 1020994842, 4468, 1022056524, 4476, 1022102643, 4484, 1022048436, 4485, 1020996119, 4231, 1022096348, 4477, 1020955442, 3955, 1038352845, 4478, 1021078533, 4470, 1021085308, 4471, 1022053460, 4227, 1038351094, 4212, 1022056047, 3967, 1022063884, 4229, 1020996393, 4214, 1021085021, 4230, 1021043494, 3966, 1021077066, 3974, 1021042313, 4215, 1022054012, 3959, 1022053621, 3975, 1022095997, 3958, 1021083858, 3963, 1038350966, 3960, 1038732349, 3971, 1038350345, 3964, 1022102518, 3972, 1022048255, 3973, 1020997591, 3957, 1020996117, 3956, 1022056485, 4469, 1020994475, 3965, 1020957012, 4486, 1021043763, 4479, 1022063711, 4487, 1022095808]
[INFO] (lattice_cell.c: 455): on tick 50 of 50
[INFO] (lattice_cell.c: 466): updating recording regions
[INFO] (recording.c: 507): 	Finalising channel 0 - state info stored in SDRAM
[INFO] (recording.c: 512): closed channel 0.
[INFO] (lattice_cell.c: 470): Simulation complete.

