[INFO] (lattice_cell.c: 604): starting lattice cell
[INFO] (lattice_cell.c: 526): Initialise: started
[INFO] (data_specification.c: 78): magic = ad130ad6, version = 1.0
[INFO] (lattice_cell.c: 555): my key is 5008
[INFO] (lattice_cell.c: 562): I'm in position ( 19, 18)
[INFO] (lattice_cell.c: 568): my n key is 4752
[INFO] (lattice_cell.c: 574): my U_X = 0.009999739937484264
[INFO] (lattice_cell.c: 575): my U_Y = -0.0004157348012086004
[INFO] (lattice_cell.c: 583): input_buffer initialised
[INFO] (recording.c: 563): Recording 1 regions, using output tag 0, size before trigger 7686388, time between triggers 50
[INFO] (recording.c: 665): Recording channel 0 configured to use 7686132 byte memory block starting at 0x618416e8
[INFO] (lattice_cell.c: 588): Recording flags = 0x00000001
[INFO] (lattice_cell.c: 619): setting timer to execute every 200000 microseconds
[INFO] (lattice_cell.c: 627): Starting

[INFO] (simulation.c: 159): Setting the runtime of this model to 50 starting at 0
[INFO] (simulation.c: 161): Setting the flag of infinite run for this model to 0
[INFO] (simulation.c: 175): Resuming
[INFO] (lattice_cell.c: 455): on tick 0 of 50
[5000, 1038779581, 5016, 1038779503, 4752, 1038779567, 4760, 1038779501, 4744, 1038779583, 5272, 1038779505, 5264, 1038779571, 5256, 1038779583, 5001, 1038300202, 5017, 1038300202, 4761, 1038298139, 4753, 1038298137, 4745, 1038298141, 5273, 1038302980, 5002, 1037884799, 5018, 1037884869, 4754, 1037884805, 5003, 1038337402, 5019, 1038337400, 5005, 1021090121, 5021, 1021090191, 4755, 1038339471, 5022, 1021125160, 4764, 1021980407, 4756, 1021980473, 5004, 1021982674, 5020, 1021982594, 5006, 1021125092, 4766, 1021127107, 4758, 1021127045, 5267, 1038334614, 5007, 1022022103, 4767, 1022024220, 5023, 1022022025, 4751, 1022024302, 5275, 1038334614, 5276, 1021985540, 5260, 1021985618, 5268, 1021985606, 4746, 1037884801, 4762, 1037884867, 5263, 1022019151, 4763, 1038339471, 4747, 1038339475, 4748, 1021980489, 5265, 1038302978, 5257, 1038302980, 4765, 1021088250, 5258, 1037884801, 4757, 1021088189, 4749, 1021088186, 5274, 1037884871, 5259, 1038334614, 4750, 1021127041, 4759, 1022024285, 5278, 1021122542, 5262, 1021122472, 5279, 1022019071, 5277, 1021092801, 5261, 1021092731, 5269, 1021092740, 5266, 1037884809, 5270, 1021122480, 5271, 1022019138]
[INFO] (lattice_cell.c: 455): on tick 1 of 50
[INFO] (lattice_cell.c: 172): the unmatched_packets is 56
[4752, 1038774615, 4744, 1038774639, 5000, 1038774635, 5016, 1038774445, 4760, 1038774451, 5272, 1038774439, 5001, 1038308769, 5017, 1038308769, 5002, 1037879853, 5003, 1038345682, 5019, 1038345682, 4753, 1038306762, 4754, 1037879881, 5006, 1021123701, 5022, 1021123503, 4748, 1021978304, 5007, 1022013693, 5023, 1022013924, 5018, 1037880043, 5004, 1021981149, 5020, 1021980887, 4765, 1021080480, 5005, 1021081578, 5021, 1021081820, 4766, 1021124850, 4751, 1022016541, 5269, 1021083764, 5256, 1038774637, 5276, 1021984355, 5262, 1021121556, 5263, 1022010218, 4745, 1038306760, 5271, 1022010248, 4761, 1038306764, 5259, 1038342966, 4746, 1037879859, 5264, 1038774615, 4762, 1037880047, 4747, 1038347697, 4755, 1038347697, 4763, 1038347697, 5265, 1038311493, 5273, 1038311485, 4756, 1021978273, 4764, 1021978045, 4749, 1021080237, 4757, 1021080269, 4750, 1021125052, 4758, 1021125020, 5258, 1037879855, 4767, 1022016789, 4759, 1022016574, 5277, 1021083968, 5260, 1021984617, 5270, 1021121532, 5268, 1021984589, 5257, 1038311491, 5274, 1037880041, 5261, 1021083725, 5266, 1037879885, 5275, 1038342956, 5267, 1038342968, 5278, 1021121348, 5279, 1022010447]
[INFO] (lattice_cell.c: 455): on tick 2 of 50
[INFO] (lattice_cell.c: 172): the unmatched_packets is 56
[4752, 1038780087, 4744, 1038780033, 5000, 1038780025, 5016, 1038780432, 4760, 1038780426, 5272, 1038780432, 5264, 1038780083, 5001, 1038300427, 5017, 1038300433, 5256, 1038780027, 4745, 1038298340, 4753, 1038298334, 5002, 1037885225, 5018, 1037884829, 4746, 1037885223, 5004, 1021983547, 4747, 1038340191, 5006, 1021125311, 5022, 1021126433, 4755, 1038340193, 4763, 1038340225, 4764, 1021981694, 5003, 1038338094, 5258, 1037885229, 4765, 1021088715, 5020, 1021983799, 5275, 1038335312, 4750, 1021127152, 5005, 1021090775, 5021, 1021090531, 5019, 1038338134, 5007, 1022022090, 5023, 1022020793, 5267, 1038335276, 5259, 1038335268, 5276, 1021986657, 5268, 1021986425, 5278, 1021123945, 4761, 1038298336, 5261, 1021093268, 4754, 1037885173, 5265, 1038303239, 4762, 1037884827, 5257, 1038303235, 5273, 1038303239, 5274, 1037884835, 4748, 1021981440, 4756, 1021981470, 5266, 1037885175, 4749, 1021088952, 4757, 1021088910, 4766, 1021128267, 4758, 1021127300, 4767, 1022022898, 4751, 1022024211, 5277, 1021093026, 4759, 1022024037, 5260, 1021986390, 5269, 1021093240, 5279, 1022017929, 5262, 1021122822, 5263, 1022019236, 5271, 1022019058, 5270, 1021122965]
[INFO] (lattice_cell.c: 455): on tick 3 of 50
[INFO] (lattice_cell.c: 172): the unmatched_packets is 56
[5000, 1038774645, 5016, 1038772160, 4752, 1038774307, 4744, 1038774635, 4760, 1038772162, 5272, 1038772158, 5264, 1038774301, 5256, 1038774637, 5001, 1038308940, 5017, 1038308978, 4753, 1038306987, 4745, 1038306975, 4761, 1038307021, 5273, 1038311633, 5265, 1038311599, 5257, 1038311597, 5018, 1037882349, 5002, 1037879971, 4754, 1037880293, 4762, 1037882351, 4746, 1037879973, 5003, 1038345598, 5019, 1038345334, 5004, 1021980563, 5274, 1037882343, 5005, 1021081469, 5266, 1037880283, 4749, 1021080029, 5020, 1021978456, 4757, 1021080315, 5021, 1021083517, 5006, 1021123870, 5022, 1021118673, 4758, 1021124590, 5007, 1022014514, 4766, 1021120111, 5023, 1022020682, 4767, 1022023573, 4751, 1022017387, 5278, 1021116417, 5279, 1022017160, 5262, 1021121607, 5258, 1037879969, 5259, 1038342928, 5276, 1021981989, 5268, 1021983785, 5277, 1021085767, 5270, 1021120897, 5271, 1022011814, 5263, 1022010973, 5275, 1038342668, 4747, 1038347547, 5267, 1038342890, 4755, 1038347513, 4763, 1038347297, 4748, 1021977663, 4756, 1021977393, 4764, 1021975578, 4765, 1021082081, 5260, 1021984071, 4750, 1021125295, 5269, 1021083989, 5261, 1021083726, 4759, 1022018246]
[INFO] (lattice_cell.c: 455): on tick 4 of 50
[INFO] (lattice_cell.c: 172): the unmatched_packets is 56
[4752, 1038781841, 5016, 1038790416, 5000, 1038780315, 4760, 1038790406, 4744, 1038780309, 5272, 1038790412, 4753, 1038298112, 5001, 1038300235, 5017, 1038300169, 4761, 1038298060, 5002, 1037884949, 5018, 1037875177, 5003, 1038338354, 5019, 1038339452, 5004, 1021984306, 5020, 1021992332, 5021, 1021082928, 5006, 1021125861, 5022, 1021148586, 5007, 1022020788, 5023, 1021993456, 4764, 1021990261, 4748, 1021982238, 5005, 1021090601, 4766, 1021150305, 4750, 1021127563, 4767, 1021995544, 5263, 1022018004, 5271, 1022013869, 5274, 1037875175, 5266, 1037883473, 5275, 1038336602, 5267, 1038335705, 5264, 1038781843, 4745, 1038298130, 4754, 1037883471, 4746, 1037884949, 5268, 1021988357, 5278, 1021146229, 5279, 1021990646, 4762, 1037875175, 4755, 1038340664, 4763, 1038341551, 4747, 1038340472, 5273, 1038303010, 4756, 1021983489, 5265, 1038303072, 5256, 1038780311, 4757, 1021087692, 4765, 1021081235, 4749, 1021088909, 4758, 1021130870, 4759, 1022018731, 4751, 1022022869, 5258, 1037884947, 5276, 1021995124, 5259, 1038335508, 5277, 1021085260, 5260, 1021987106, 5269, 1021091745, 5261, 1021092946, 5270, 1021126817, 5262, 1021123494, 5257, 1038303076]
[INFO] (lattice_cell.c: 455): on tick 5 of 50
[INFO] (lattice_cell.c: 172): the unmatched_packets is 56
[4752, 1038766661, 4744, 1038773290, 5016, 1038744537, 5000, 1038773288, 4760, 1038744535, 5272, 1038744551, 5264, 1038766665, 5001, 1038309030, 5017, 1038309464, 4753, 1038307211, 4745, 1038307121, 4761, 1038307549, 5002, 1037881284, 5018, 1037908961, 5019, 1038344034, 4762, 1037908965, 5022, 1021045885, 4756, 1021970641, 5004, 1021978856, 4749, 1021080920, 5020, 1021958918, 4757, 1021086110, 5005, 1021082459, 5266, 1037887656, 5006, 1021121159, 4766, 1021047371, 4758, 1021108201, 5003, 1038345262, 5007, 1022018837, 4767, 1022101790, 5023, 1022098962, 5021, 1021102063, 5262, 1021118791, 5274, 1037908954, 5275, 1038341394, 5259, 1038342644, 5276, 1021962459, 5278, 1021043558, 5271, 1022033313, 4746, 1037881288, 4754, 1037887662, 5256, 1038773286, 5273, 1038312079, 4747, 1038347175, 4763, 1038345981, 4755, 1038346299, 4748, 1021975997, 4764, 1021956039, 4765, 1021100531, 5265, 1038311729, 5257, 1038311637, 4750, 1021122728, 4751, 1022021708, 4759, 1022039717, 5267, 1038341760, 5258, 1037881282, 5268, 1021977054, 5277, 1021104442, 5260, 1021982410, 5270, 1021104295, 5263, 1022015283, 5269, 1021090014, 5261, 1021084824, 5279, 1022095456]
[INFO] (lattice_cell.c: 455): on tick 6 of 50
[INFO] (lattice_cell.c: 172): the unmatched_packets is 56
[4752, 1038804402, 4744, 1038786276, 5000, 1038786282, 5016, 1038824889, 4760, 1038824895, 5272, 1038824883, 5264, 1038804402, 5001, 1038300057, 5017, 1038299699, 5002, 1037879174, 5018, 1037841532, 4745, 1038297942, 5019, 1038338135, 5256, 1038786284, 5004, 1021989146, 4762, 1037841527, 5005, 1021086211, 5006, 1021138043, 5022, 1021279154, 5265, 1038302712, 4748, 1021987079, 4764, 1022003902, 5266, 1037861646, 4757, 1021072239, 5020, 1022005962, 5021, 1021069853, 5275, 1038335330, 4767, 1021868947, 5007, 1022004060, 5023, 1021866772, 5003, 1038339542, 5257, 1038302912, 5274, 1037841548, 5258, 1037879172, 5276, 1022008724, 5277, 1021072076, 5260, 1021991915, 4753, 1038297734, 5278, 1021276802, 5261, 1021088430, 5270, 1021185228, 4761, 1038297580, 5273, 1038302550, 4746, 1037879172, 4754, 1037861654, 4747, 1038341665, 4755, 1038341802, 4763, 1038340205, 4756, 1022000034, 4749, 1021084670, 4765, 1021068315, 4750, 1021139592, 4758, 1021189093, 4766, 1021280835, 4751, 1022006137, 4759, 1021955705, 5268, 1022004872, 5262, 1021135812, 5263, 1022001267, 5267, 1038336865, 5259, 1038336686, 5269, 1021075994, 5279, 1021863930, 5271, 1021950766]
[INFO] (lattice_cell.c: 455): on tick 7 of 50
[INFO] (lattice_cell.c: 172): the unmatched_packets is 56
[4752, 1038732273, 4744, 1038754323, 5016, 1038744549, 5000, 1038754323, 4760, 1038744539, 5272, 1038744561, 5264, 1038732279, 5001, 1038309076, 5017, 1038309835, 5256, 1038754319, 4753, 1038307750, 4761, 1038307952, 5002, 1037899594, 5018, 1037909450, 5004, 1021967192, 5020, 1021977158, 4746, 1037899596, 4754, 1037921000, 5021, 1021085075, 4755, 1038347679, 5022, 1020961905, 5007, 1022068804, 4764, 1021974324, 5003, 1038344319, 5019, 1038343833, 5005, 1021094077, 4750, 1021077080, 4766, 1020963357, 5006, 1021075454, 4759, 1022153942, 5023, 1022184422, 5269, 1021106301, 5263, 1022065332, 5258, 1037899602, 5275, 1038341187, 5267, 1038343104, 5276, 1021980693, 5277, 1021087553, 5260, 1021970708, 4745, 1038307202, 5278, 1020959614, 5279, 1022180993, 4762, 1037909470, 4747, 1038346223, 4763, 1038345805, 5265, 1038312199, 4748, 1021964377, 4756, 1021954154, 5273, 1038312417, 5257, 1038311653, 4749, 1021092405, 4757, 1021102183, 4765, 1021083409, 5266, 1037920988, 4758, 1020989249, 4767, 1022187125, 4751, 1022071570, 5268, 1021960496, 5270, 1020985326, 5274, 1037909431, 5259, 1038341717, 5261, 1021096546, 5262, 1021073009, 5271, 1022147816]
[INFO] (lattice_cell.c: 455): on tick 8 of 50
[INFO] (lattice_cell.c: 172): the unmatched_packets is 56
[4752, 1038817338, 4744, 1038821709, 5016, 1038777875, 5000, 1038821713, 4760, 1038777887, 5272, 1038777871, 5264, 1038817320, 5001, 1038300506, 5017, 1038300357, 4745, 1038298396, 4753, 1038297671, 5002, 1037844820, 5018, 1037886463, 5003, 1038338043, 4746, 1037844832, 5004, 1021996998, 5020, 1021976085, 4762, 1037886444, 4747, 1038340103, 5022, 1021202238, 4763, 1038340873, 5007, 1021906654, 5019, 1038338837, 4749, 1021073811, 4765, 1021098116, 5005, 1021075232, 5021, 1021099520, 4766, 1021203889, 5268, 1021995035, 4767, 1021941952, 4751, 1021908907, 4759, 1021849259, 5023, 1021939712, 5006, 1021240868, 5279, 1021936833, 5257, 1038303360, 5274, 1037886478, 5258, 1037844816, 5275, 1038336052, 5259, 1038335224, 5277, 1021101590, 5256, 1038821717, 4761, 1038298243, 5273, 1038303206, 4754, 1037848572, 5271, 1021844081, 4755, 1038342008, 4748, 1021994876, 4756, 1021990152, 4764, 1021973983, 4757, 1021080801, 5265, 1038302640, 4750, 1021242388, 4758, 1021293179, 5260, 1021999805, 5266, 1037848586, 5267, 1038337184, 5276, 1021978851, 5269, 1021084299, 5278, 1021199930, 5261, 1021077313, 5270, 1021289320, 5262, 1021238696, 5263, 1021903754]
[INFO] (lattice_cell.c: 455): on tick 9 of 50
[INFO] (lattice_cell.c: 172): the unmatched_packets is 56
[4752, 1038765520, 5000, 1038721536, 4744, 1038721518, 5016, 1038783756, 4760, 1038783766, 5272, 1038783742, 5264, 1038765542, 5256, 1038721540, 4753, 1038306616, 4745, 1038307005, 5001, 1038308883, 5017, 1038309150, 4761, 1038307280, 5002, 1037931651, 5018, 1037870854, 5273, 1038311723, 5020, 1021979059, 4754, 1037889369, 5022, 1021137818, 5019, 1038344805, 4749, 1021064299, 5004, 1021998003, 5275, 1038342172, 5021, 1021082812, 4750, 1020970813, 4758, 1021021345, 5006, 1020969202, 4767, 1022005528, 5023, 1022002946, 5007, 1022177605, 5269, 1021072782, 5003, 1038344073, 5005, 1021066043, 5271, 1022121297, 5258, 1037931637, 5267, 1038341846, 5276, 1021982505, 5260, 1022001411, 5277, 1021085395, 5278, 1021135438, 5265, 1038311034, 5261, 1021068578, 5270, 1021017429, 5274, 1037870848, 4746, 1037931659, 5266, 1037889333, 5279, 1021999589, 4762, 1037870867, 5262, 1020966770, 5263, 1022174305, 4755, 1038346431, 4747, 1038346019, 4763, 1038346744, 5257, 1038311451, 5259, 1038341435, 4748, 1021995338, 4756, 1021992504, 4764, 1021976309, 4757, 1021068471, 4765, 1021081036, 4766, 1021139413, 4751, 1022180152, 4759, 1022127238, 5268, 1021998683]
[INFO] (lattice_cell.c: 455): on tick 10 of 50
[INFO] (lattice_cell.c: 172): the unmatched_packets is 56
[4744, 1038824545, 4752, 1038777896, 5016, 1038786196, 5000, 1038824543, 4760, 1038786182, 5272, 1038786216, 5264, 1038777902, 5001, 1038298567, 5017, 1038301511, 5002, 1037841452, 5018, 1037879371, 5019, 1038337763, 5020, 1021985689, 5004, 1021900166, 5021, 1021087866, 4755, 1038340781, 5006, 1021237298, 4756, 1021953606, 5003, 1038339345, 5023, 1022040101, 5007, 1021903174, 4764, 1021983514, 4749, 1021177700, 4750, 1021238778, 5005, 1021179044, 5267, 1038335977, 4766, 1021107438, 5022, 1021106011, 5274, 1037879371, 5258, 1037841466, 5275, 1038334978, 5259, 1038336572, 5268, 1021958735, 5260, 1021903131, 5277, 1021089836, 5269, 1021119483, 5278, 1021103918, 5279, 1022037089, 4745, 1038296516, 4753, 1038299023, 4761, 1038299418, 5271, 1022018384, 5263, 1021900184, 4746, 1037841424, 4754, 1037886883, 5256, 1038824515, 4762, 1037879377, 5265, 1038303925, 4747, 1038341355, 4763, 1038339802, 5273, 1038304355, 4748, 1021897844, 5266, 1037886905, 4757, 1021116198, 4765, 1021086597, 4758, 1021123557, 4767, 1022042482, 4751, 1021905548, 4759, 1022023712, 5257, 1038301367, 5276, 1021988547, 5270, 1021119947, 5261, 1021181067, 5262, 1021235138]
[INFO] (lattice_cell.c: 455): on tick 11 of 50
[INFO] (lattice_cell.c: 172): the unmatched_packets is 56
[4744, 1038743299, 4752, 1038751066, 5016, 1038761351, 5000, 1038743303, 4760, 1038761367, 5264, 1038751057, 5017, 1038309187, 4745, 1038306279, 5001, 1038308206, 4753, 1038308539, 5256, 1038743307, 5002, 1037910805, 5018, 1037892375, 5003, 1038345335, 5273, 1038311757, 5004, 1022133623, 4762, 1037892395, 5021, 1021062829, 5022, 1021114966, 4764, 1021999658, 5019, 1038344208, 5020, 1022002231, 4765, 1021060995, 4758, 1021168823, 5005, 1020931220, 4766, 1021116697, 4751, 1022031091, 5006, 1021114649, 4759, 1021972989, 5007, 1022028640, 5023, 1022026934, 5263, 1022025427, 5257, 1038310830, 5266, 1037902241, 5258, 1037910783, 5275, 1038341588, 5259, 1038342712, 5276, 1022005570, 5272, 1038761337, 4761, 1038307315, 5268, 1022041326, 5260, 1022136777, 4754, 1037902253, 4746, 1037910817, 5265, 1038313022, 4747, 1038347268, 4755, 1038347916, 4763, 1038346136, 5274, 1037892374, 4748, 1022131220, 4756, 1022035623, 4749, 1020929493, 4757, 1021015715, 5267, 1038343384, 4750, 1021116340, 4767, 1022029334, 5278, 1021112420, 5261, 1020933775, 5270, 1021164532, 5277, 1021065465, 5269, 1021020135, 5279, 1022023761, 5262, 1021112163, 5271, 1021967393]
[INFO] (lattice_cell.c: 455): on tick 12 of 50
[INFO] (lattice_cell.c: 172): the unmatched_packets is 56
[4752, 1038827154, 4744, 1038804162, 5016, 1038795155, 5000, 1038804186, 4760, 1038795153, 5272, 1038795161, 5264, 1038827167, 5001, 1038301047, 5017, 1038299390, 5002, 1037861435, 5018, 1037869925, 5256, 1038804206, 5003, 1038337567, 4746, 1037861437, 5004, 1021828991, 5021, 1021152589, 5023, 1022025104, 4756, 1021852446, 4757, 1021216403, 5020, 1021929377, 4765, 1021151368, 5022, 1021120012, 4766, 1021121297, 5006, 1021089086, 5007, 1022058054, 4751, 1022060522, 4759, 1022034972, 5019, 1038337802, 5005, 1021242908, 5274, 1037869935, 5259, 1038334795, 4753, 1038298891, 5277, 1021154501, 5260, 1021832124, 4745, 1038299066, 5269, 1021219606, 4761, 1038297346, 4754, 1037839529, 5265, 1038303656, 4762, 1037869916, 5273, 1038302176, 4747, 1038339582, 4755, 1038340502, 4763, 1038339816, 4748, 1021826482, 4764, 1021926961, 5258, 1037861421, 5275, 1038335029, 4749, 1021241604, 5267, 1038335713, 4750, 1021090382, 4758, 1021111840, 5268, 1021858079, 4767, 1022027614, 5276, 1021932429, 5279, 1022021963, 5266, 1037839547, 5257, 1038303783, 5278, 1021118044, 5261, 1021244917, 5270, 1021108597, 5262, 1021087092, 5263, 1022054956, 5271, 1022029306]
[INFO] (lattice_cell.c: 455): on tick 13 of 50
[INFO] (lattice_cell.c: 172): the unmatched_packets is 56
[4744, 1038765122, 4752, 1038740161, 5016, 1038740543, 5000, 1038765102, 4760, 1038740547, 5272, 1038740531, 5264, 1038740137, 5001, 1038308527, 5017, 1038309142, 4745, 1038306598, 5256, 1038765076, 4753, 1038306674, 5018, 1037912646, 5003, 1038345065, 4746, 1037889342, 5002, 1037889352, 5005, 1021003182, 4747, 1038346983, 5022, 1021154844, 5019, 1038344844, 4757, 1020916756, 5020, 1022091317, 5004, 1022061130, 4766, 1021156693, 5006, 1021124007, 5023, 1021984677, 4751, 1022020632, 4759, 1022025487, 5007, 1022018377, 5021, 1020973619, 5262, 1021121359, 5263, 1022015343, 5274, 1037912638, 5266, 1037913772, 5275, 1038342226, 5259, 1038342454, 5260, 1022064196, 5269, 1020921160, 5278, 1021152216, 4761, 1038307219, 5261, 1021005725, 5271, 1022020174, 4754, 1037913784, 4762, 1037912660, 4755, 1038347522, 5265, 1038311243, 4763, 1038346755, 5273, 1038311758, 4748, 1022058820, 5257, 1038311150, 4756, 1022145849, 4764, 1022089034, 4749, 1021001405, 4765, 1020971754, 4750, 1021125865, 4758, 1021118519, 5267, 1038343009, 4767, 1021986948, 5268, 1022151110, 5277, 1020976298, 5270, 1021114067, 5258, 1037889362, 5276, 1022094348, 5279, 1021981662]
[INFO] (lattice_cell.c: 455): on tick 14 of 50
[INFO] (lattice_cell.c: 172): the unmatched_packets is 56
[5000, 1038770058, 5016, 1038822824, 4752, 1038784489, 4760, 1038822811, 5001, 1038299317, 5017, 1038301918, 5272, 1038822832, 4753, 1038299477, 4745, 1038297338, 5264, 1038784535, 4761, 1038299939, 5019, 1038337017, 5020, 1021826904, 4754, 1037879834, 5005, 1021084041, 5021, 1021245655, 5002, 1037894390, 5006, 1021151916, 4748, 1021990803, 4756, 1021871301, 5023, 1022034035, 4764, 1021824257, 5274, 1037843249, 5018, 1037843257, 5266, 1037879808, 5003, 1038338801, 5022, 1021110777, 4751, 1021996796, 4759, 1022023615, 5007, 1021994193, 5004, 1021993374, 5263, 1021990940, 5275, 1038334268, 4744, 1038770044, 5279, 1022030778, 5270, 1021120673, 5271, 1022017800, 5256, 1038770062, 5273, 1038304638, 5265, 1038304155, 4746, 1037894388, 5257, 1038302045, 4762, 1037843249, 4747, 1038340787, 4755, 1038340400, 4763, 1038339015, 4749, 1021082857, 4757, 1021196488, 4765, 1021244464, 4750, 1021153067, 4758, 1021123724, 4766, 1021111932, 4767, 1022036683, 5269, 1021199639, 5262, 1021150055, 5258, 1037894388, 5267, 1038335661, 5276, 1021830181, 5259, 1038336060, 5277, 1021247546, 5268, 1021877113, 5260, 1021996542, 5278, 1021108891, 5261, 1021085946]
[INFO] (lattice_cell.c: 455): on tick 15 of 50
[INFO] (lattice_cell.c: 172): the unmatched_packets is 56
[4744, 1038782223, 4752, 1038783622, 5016, 1038756672, 5000, 1038782227, 4760, 1038756692, 5272, 1038756643, 5264, 1038783594, 5256, 1038782233, 4745, 1038307127, 4753, 1038307886, 5017, 1038308850, 5001, 1038309024, 4761, 1038306909, 5273, 1038311495, 5265, 1038312427, 5002, 1037872435, 5018, 1037897583, 4746, 1037872449, 4754, 1037871175, 4762, 1037897581, 5003, 1038344944, 5019, 1038344514, 5020, 1022116711, 4747, 1038346859, 5005, 1021114288, 5022, 1021112886, 5006, 1021127760, 4748, 1021944633, 4764, 1022114568, 5007, 1022012530, 5004, 1021946772, 5023, 1022027890, 4767, 1022030030, 5021, 1020952395, 4751, 1022014677, 4759, 1022016885, 5270, 1021120444, 5267, 1038342686, 5268, 1021988124, 5269, 1021077774, 4755, 1038347219, 4763, 1038346426, 5274, 1037897592, 5257, 1038311636, 4756, 1021982975, 5266, 1037871197, 4749, 1021112373, 4757, 1021073287, 4765, 1020950544, 5258, 1037872422, 4750, 1021129672, 4758, 1021125074, 4766, 1021114804, 5275, 1038341888, 5276, 1022119629, 5260, 1021949700, 5259, 1038342342, 5277, 1020955038, 5278, 1021110189, 5261, 1021116996, 5279, 1022024985, 5262, 1021125063, 5271, 1022011858, 5263, 1022009615]
[INFO] (lattice_cell.c: 455): on tick 16 of 50
[INFO] (lattice_cell.c: 172): the unmatched_packets is 56
[4752, 1038775854, 4744, 1038788376, 5016, 1038767935, 5000, 1038788382, 4760, 1038767923, 5272, 1038767951, 5264, 1038775850, 5001, 1038300222, 5017, 1038301052, 5018, 1037895825, 5002, 1037877164, 5256, 1038788388, 5273, 1038303754, 5005, 1021092737, 4755, 1038340622, 5003, 1038337841, 5019, 1038337376, 5020, 1021950596, 4749, 1021091700, 5004, 1021984118, 4765, 1021125455, 5021, 1021126585, 4750, 1021111595, 5022, 1021132268, 5006, 1021110534, 4751, 1022040036, 4759, 1022015623, 5007, 1022037343, 5023, 1022013477, 5263, 1022033995, 5257, 1038302925, 5266, 1037889194, 5267, 1038335939, 5259, 1038335124, 5276, 1021953881, 5268, 1022025829, 5277, 1021128478, 5269, 1021055211, 4753, 1038298642, 4745, 1038298258, 4761, 1038299097, 5265, 1038303326, 5274, 1037895801, 4746, 1037877165, 4754, 1037889197, 4762, 1037895832, 4747, 1038339815, 5258, 1037877156, 4763, 1038339337, 4748, 1021981424, 4756, 1022019870, 4764, 1021947936, 4757, 1021052330, 4758, 1021132499, 4766, 1021133354, 4767, 1022016186, 5270, 1021129639, 5262, 1021108731, 5275, 1038334651, 5260, 1021987474, 5278, 1021130458, 5261, 1021094520, 5279, 1022010127, 5271, 1022009548]
[INFO] (lattice_cell.c: 455): on tick 17 of 50
[INFO] (lattice_cell.c: 172): the unmatched_packets is 56
[4752, 1038770248, 4744, 1038769646, 5016, 1038783841, 5000, 1038769646, 4760, 1038783836, 5272, 1038783817, 5264, 1038770252, 5256, 1038769632, 4753, 1038307727, 4745, 1038306449, 5017, 1038309841, 5001, 1038308347, 4761, 1038307923, 5273, 1038312463, 5265, 1038312252, 5257, 1038310958, 5002, 1037884728, 5018, 1037870500, 4754, 1037883827, 4762, 1037870500, 4746, 1037884730, 5274, 1037870506, 5003, 1038345448, 5019, 1038344163, 5266, 1037883818, 5004, 1021999975, 5020, 1021941278, 5006, 1021114365, 4748, 1021997925, 5007, 1022026744, 5023, 1022011022, 4765, 1021120491, 4749, 1021061719, 5275, 1038341528, 5021, 1021122439, 4758, 1021125569, 5022, 1021126743, 4751, 1022028785, 4759, 1022015173, 5005, 1021063674, 5261, 1021066365, 5271, 1022010353, 5259, 1038342820, 5276, 1021944141, 5268, 1021975427, 5260, 1022002764, 5269, 1021091364, 4763, 1038346090, 4755, 1038347489, 4747, 1038347353, 4764, 1021939182, 4756, 1021970609, 5270, 1021120906, 5262, 1021111641, 5263, 1022023967, 4757, 1021086662, 4766, 1021128724, 4750, 1021116333, 5267, 1038342959, 5258, 1037884728, 4767, 1022013059, 5278, 1021124018, 5277, 1021125132, 5279, 1022008250]
[INFO] (lattice_cell.c: 455): on tick 18 of 50
[INFO] (lattice_cell.c: 172): the unmatched_packets is 56
[4744, 1038771579, 4752, 1038783536, 5016, 1038785727, 5000, 1038771573, 4760, 1038785743, 5272, 1038785714, 5264, 1038783548, 5256, 1038771569, 4753, 1038299730, 5001, 1038300288, 4745, 1038298349, 5017, 1038301179, 4761, 1038299212, 5273, 1038303868, 5265, 1038304355, 5002, 1037892724, 5018, 1037879547, 5003, 1038337994, 4746, 1037892730, 4754, 1037881218, 5019, 1038336970, 5020, 1022008282, 5004, 1021989905, 4762, 1037879549, 5005, 1021085732, 5021, 1021070212, 4755, 1038339817, 5022, 1021125290, 4748, 1021987170, 4757, 1021108256, 4765, 1021069190, 5006, 1021138269, 5007, 1022009985, 5023, 1022021011, 4767, 1022023808, 5261, 1021087505, 5258, 1037892720, 5276, 1022011723, 4747, 1038339939, 4763, 1038338921, 5262, 1021136503, 5279, 1022017558, 4756, 1021961647, 4764, 1022005521, 5263, 1022006547, 5271, 1022019995, 4749, 1021084711, 5266, 1037881194, 4750, 1021139301, 4758, 1021122564, 5257, 1038302962, 4766, 1021126318, 5274, 1037879541, 4751, 1022012729, 5267, 1038335201, 4759, 1022026175, 5259, 1038335319, 5275, 1038334291, 5278, 1021123502, 5270, 1021119746, 5268, 1021967816, 5260, 1021993300, 5277, 1021071993, 5269, 1021111061]
[INFO] (lattice_cell.c: 455): on tick 19 of 50
[INFO] (lattice_cell.c: 172): the unmatched_packets is 56
[4744, 1038776363, 4752, 1038777702, 5016, 1038768752, 5000, 1038776365, 4760, 1038768748, 5272, 1038768738, 5256, 1038776361, 4753, 1038307326, 5017, 1038309188, 5001, 1038308347, 4745, 1038306449, 4761, 1038307282, 5018, 1037885351, 5002, 1037878059, 5019, 1038344471, 5020, 1022001912, 5004, 1021964481, 5005, 1021099161, 4747, 1038347385, 5006, 1021132712, 5023, 1022018369, 5003, 1038345480, 4749, 1021097208, 4757, 1021078819, 5266, 1037876946, 4766, 1021121985, 5021, 1021065102, 4767, 1022020342, 4751, 1022007660, 5007, 1022005707, 5260, 1021967162, 5022, 1021120025, 5278, 1021117346, 5279, 1022015638, 5257, 1038310971, 5274, 1037885357, 5258, 1037878051, 5275, 1038341821, 5259, 1038342843, 5276, 1022004606, 4746, 1037878057, 4754, 1037876931, 4762, 1037885347, 5277, 1021067808, 4763, 1038346392, 4755, 1038347572, 4764, 1021999946, 5269, 1021083415, 5264, 1038777692, 4748, 1021962487, 5265, 1038311855, 4756, 1021980008, 4765, 1021063133, 5273, 1038311827, 4750, 1021134664, 4758, 1021117638, 4759, 1022022658, 5268, 1021984725, 5261, 1021101856, 5262, 1021130026, 5263, 1022002995, 5267, 1038343016, 5270, 1021112970, 5271, 1022017995]
[INFO] (lattice_cell.c: 455): on tick 20 of 50
[INFO] (lattice_cell.c: 172): the unmatched_packets is 56
[4752, 1038776396, 4744, 1038787426, 5000, 1038787431, 5016, 1038775449, 4760, 1038775451, 5272, 1038775437, 5001, 1038300730, 5256, 1038787427, 5017, 1038302047, 5002, 1037877889, 5018, 1037888648, 5020, 1021974025, 5005, 1021094777, 4763, 1038339321, 5022, 1021125819, 4756, 1021997002, 5023, 1022017641, 5003, 1038337491, 4765, 1021101404, 5019, 1038337402, 4749, 1021093776, 5004, 1021979778, 5275, 1038334754, 5021, 1021102464, 5006, 1021124379, 4751, 1022027576, 5007, 1022024798, 5258, 1037877883, 5267, 1038335458, 5260, 1021983248, 5278, 1021123995, 5262, 1021122579, 5263, 1022021330, 4753, 1038299682, 4745, 1038298811, 4761, 1038300110, 5265, 1038304268, 4754, 1037888254, 4762, 1037888666, 5264, 1038776383, 5273, 1038304702, 4746, 1037877901, 5274, 1037888626, 4755, 1038340009, 4747, 1038339414, 4764, 1021971266, 4748, 1021977006, 4757, 1021072717, 4766, 1021126865, 4758, 1021129688, 4750, 1021125413, 4767, 1022020453, 4759, 1022019536, 5259, 1038334846, 5276, 1021977483, 5268, 1022003205, 5277, 1021104301, 5269, 1021075541, 5279, 1022014157, 5271, 1022013253, 5270, 1021126852, 5257, 1038303366, 5266, 1037888245, 5261, 1021096567]
[INFO] (lattice_cell.c: 455): on tick 21 of 50
[INFO] (lattice_cell.c: 172): the unmatched_packets is 56
[5016, 1038778433, 5000, 1038775885, 4752, 1038771220, 4760, 1038778425, 4744, 1038775881, 5272, 1038778429, 5264, 1038771221, 5001, 1038307909, 5017, 1038309262, 4761, 1038307348, 4745, 1038306011, 5256, 1038775874, 5018, 1037875918, 5002, 1037878718, 5019, 1038343829, 5020, 1021966511, 5004, 1021990503, 5273, 1038311912, 5005, 1021075338, 5003, 1038345632, 5022, 1021123186, 4747, 1038347547, 4763, 1038345761, 5023, 1022015348, 4748, 1021988544, 5021, 1021100674, 4749, 1021073444, 5006, 1021111658, 5007, 1022027924, 4767, 1022017303, 4759, 1022012057, 5271, 1022007445, 5265, 1038311818, 5257, 1038310545, 5274, 1037875930, 5266, 1037882883, 5275, 1038341159, 5267, 1038342368, 5276, 1021969213, 5260, 1021993148, 5261, 1021077943, 5263, 1022025284, 4753, 1038307273, 4762, 1037875916, 4746, 1037878708, 4754, 1037882877, 4755, 1038346931, 4756, 1021976914, 4764, 1021964517, 5258, 1037878714, 4757, 1021083060, 4765, 1021098755, 4758, 1021129786, 4750, 1021113565, 4766, 1021125092, 4751, 1022029869, 5262, 1021109034, 5259, 1038342990, 5268, 1021981517, 5277, 1021103296, 5269, 1021087606, 5278, 1021120562, 5279, 1022012681, 5270, 1021125289]
[INFO] (lattice_cell.c: 455): on tick 22 of 50
[INFO] (lattice_cell.c: 172): the unmatched_packets is 56
[4752, 1038781627, 4744, 1038773626, 5016, 1038780429, 5000, 1038773635, 4760, 1038780455, 5272, 1038780401, 5264, 1038781610, 4745, 1038299090, 5001, 1038300975, 4753, 1038300391, 5017, 1038302071, 4761, 1038300148, 5256, 1038773623, 5273, 1038304699, 5265, 1038304907, 5002, 1037890735, 5018, 1037884332, 5019, 1038334995, 5020, 1021991679, 5003, 1038338325, 5005, 1021080346, 5022, 1021124519, 5006, 1021125763, 4763, 1038336882, 5007, 1022021256, 5004, 1021993422, 4757, 1021097727, 5267, 1038335449, 5021, 1021084510, 4750, 1021126847, 4766, 1021125624, 4767, 1022031507, 4759, 1022020823, 5023, 1022028720, 5269, 1021100679, 5257, 1038303584, 5266, 1037883049, 5258, 1037890731, 5275, 1038332380, 5259, 1038335719, 5276, 1021995152, 5270, 1021123844, 5279, 1022025230, 4746, 1037890737, 4762, 1037884332, 5262, 1021123903, 4754, 1037883073, 5271, 1022014577, 5263, 1022017787, 4747, 1038340210, 4755, 1038339945, 4748, 1021990685, 4756, 1021970225, 4764, 1021988916, 5274, 1037884328, 4749, 1021079272, 4765, 1021083423, 4758, 1021126823, 4751, 1022024016, 5260, 1021996882, 5278, 1021122592, 5261, 1021082220, 5268, 1021976444, 5277, 1021086395]
[INFO] (lattice_cell.c: 455): on tick 23 of 50
[INFO] (lattice_cell.c: 172): the unmatched_packets is 56
[4744, 1038771128, 4752, 1038779984, 5016, 1038778253, 5000, 1038771144, 4760, 1038778247, 5272, 1038778243, 5264, 1038779991, 5256, 1038771137, 4745, 1038305694, 4753, 1038306956, 5017, 1038308832, 5001, 1038307585, 4761, 1038306918, 5273, 1038311506, 5265, 1038311518, 5002, 1037882987, 5018, 1037876104, 4754, 1037874677, 5257, 1038310249, 5003, 1038345301, 5019, 1038344039, 5021, 1021071505, 4763, 1038345998, 5274, 1037876106, 5006, 1021131592, 5007, 1022007895, 5020, 1021998090, 5005, 1021091327, 4758, 1021117626, 5267, 1038344589, 5022, 1021139270, 5004, 1021975563, 4759, 1022014954, 5023, 1021998935, 5269, 1021088481, 5258, 1037882987, 5275, 1038341331, 5268, 1021981909, 5260, 1021978202, 5277, 1021074034, 4746, 1037882989, 5278, 1021136841, 5261, 1021093829, 4762, 1037876114, 5270, 1021113358, 5279, 1021996260, 5266, 1037874680, 5262, 1021129079, 4755, 1038349195, 5271, 1022010358, 4747, 1038347209, 5263, 1022005248, 4756, 1021977256, 4748, 1021973607, 4764, 1021996105, 4757, 1021084177, 4749, 1021089502, 5259, 1038342645, 4765, 1021069673, 5276, 1022000749, 4750, 1021133382, 4766, 1021141007, 4767, 1022000883, 4751, 1022009865]
[INFO] (lattice_cell.c: 455): on tick 24 of 50
[INFO] (lattice_cell.c: 172): the unmatched_packets is 56
[4744, 1038782116, 4752, 1038773772, 5016, 1038761656, 5000, 1038782106, 4760, 1038761695, 5272, 1038761622, 5264, 1038773731, 5256, 1038782112, 4753, 1038300704, 4745, 1038300321, 5001, 1038302186, 5017, 1038302828, 4761, 1038300941, 5273, 1038305429, 5002, 1037882771, 5018, 1037902090, 5003, 1038335833, 5019, 1038337592, 5004, 1021972808, 5020, 1021972825, 5005, 1021095810, 4747, 1038337682, 4763, 1038339423, 5022, 1021083069, 5266, 1037890694, 4749, 1021094659, 4765, 1021100752, 5021, 1021101945, 4758, 1021110326, 5006, 1021133820, 4750, 1021135002, 5007, 1022021935, 5023, 1022058946, 4767, 1022061739, 5271, 1022032028, 5275, 1038335055, 5276, 1021976248, 5268, 1021992036, 5260, 1021976251, 5277, 1021103973, 5269, 1021084214, 5278, 1021080932, 5261, 1021097781, 5270, 1021107018, 5262, 1021131813, 4754, 1037890689, 4746, 1037882773, 5263, 1022018497, 4762, 1037902084, 5265, 1038305157, 5257, 1038304757, 4755, 1038339991, 5274, 1037902103, 4756, 1021985907, 4748, 1021970109, 4764, 1021970144, 4757, 1021081051, 4766, 1021084406, 4759, 1022038254, 4751, 1022024659, 5279, 1022055472, 5258, 1037882757, 5267, 1038335607, 5259, 1038333274]
[INFO] (lattice_cell.c: 455): on tick 25 of 50
[INFO] (lattice_cell.c: 172): the unmatched_packets is 56
[4744, 1038783737, 4752, 1038783261, 5016, 1038803173, 5000, 1038783745, 4760, 1038803165, 5272, 1038803190, 5264, 1038783266, 5001, 1038306825, 5017, 1038308508, 4745, 1038304923, 4753, 1038305823, 4761, 1038306571, 5256, 1038783751, 5002, 1037871124, 5018, 1037851856, 4754, 1037871229, 5019, 1038342146, 5005, 1021083903, 5021, 1021081746, 5273, 1038311196, 5006, 1021128561, 5022, 1021211617, 5003, 1038345237, 5007, 1022011616, 4764, 1021986869, 5004, 1021986335, 4750, 1021130176, 5020, 1021988927, 5023, 1021932109, 5278, 1021209463, 5263, 1022008966, 5274, 1037851830, 5275, 1038339401, 5267, 1038341728, 4746, 1037871130, 5259, 1038342544, 5276, 1021991661, 5268, 1021998033, 5277, 1021084164, 4762, 1037851885, 4747, 1038347181, 4755, 1038346422, 4763, 1038344137, 5270, 1021159260, 4748, 1021984308, 4756, 1021993325, 4749, 1021082248, 4757, 1021073049, 4765, 1021080064, 5265, 1038310399, 4758, 1021163016, 4766, 1021213114, 5266, 1037871207, 4767, 1021934103, 4751, 1022013565, 4759, 1021980070, 5258, 1037871122, 5269, 1021077125, 5261, 1021086270, 5279, 1021929409, 5262, 1021126269, 5257, 1038309486, 5260, 1021989008, 5271, 1021975462]
[INFO] (lattice_cell.c: 455): on tick 26 of 50
[INFO] (lattice_cell.c: 172): the unmatched_packets is 56
[4752, 1038754375, 4744, 1038767525, 5016, 1038746910, 5000, 1038767521, 4760, 1038746940, 5272, 1038746888, 5264, 1038754331, 5256, 1038767503, 4753, 1038301813, 4745, 1038298379, 5017, 1038304045, 5001, 1038300201, 4761, 1038302184, 5273, 1038306606, 5257, 1038302737, 4754, 1037909370, 5002, 1037896728, 5018, 1037916888, 4746, 1037896726, 4762, 1037916864, 5274, 1037916923, 4755, 1038341535, 5003, 1038338881, 5019, 1038337052, 4747, 1038340658, 5004, 1021989823, 5020, 1021966937, 5021, 1021103884, 4756, 1021959531, 5022, 1020992126, 4749, 1021086248, 5005, 1021087539, 5006, 1021090227, 5007, 1022054899, 5023, 1022152777, 4759, 1022088420, 5269, 1021107394, 4763, 1038338863, 5275, 1038334537, 5259, 1038336388, 5268, 1021965455, 5276, 1021970287, 4748, 1021987226, 4764, 1021964354, 5260, 1021993210, 4757, 1021103988, 5277, 1021106002, 4765, 1021102594, 4750, 1021091642, 4758, 1021053021, 4766, 1020993630, 4751, 1022057605, 4767, 1022155466, 5263, 1022051471, 5265, 1038306215, 5266, 1037909416, 5258, 1037896740, 5267, 1038337271, 5278, 1020989800, 5279, 1022149414, 5262, 1021087991, 5261, 1021089663, 5270, 1021049220, 5271, 1022082318]
[INFO] (lattice_cell.c: 455): on tick 27 of 50
[INFO] (lattice_cell.c: 172): the unmatched_packets is 56
[4752, 1038812354, 4744, 1038793596, 5016, 1038802505, 5000, 1038793587, 4760, 1038802539, 5272, 1038802479, 5264, 1038812360, 5001, 1038306478, 4753, 1038307720, 5017, 1038307742, 4745, 1038304550, 4761, 1038305804, 5002, 1037861199, 5018, 1037852105, 5273, 1038310452, 5019, 1038344493, 4746, 1037861219, 5020, 1021999920, 4754, 1037843087, 5005, 1021078826, 5021, 1021073668, 4747, 1038345364, 5006, 1021190276, 5022, 1021260137, 5265, 1038312334, 5003, 1038343379, 5023, 1021873814, 4749, 1021077373, 5004, 1021992454, 4757, 1021071969, 4750, 1021191604, 4767, 1021875914, 4759, 1021896207, 5007, 1021956755, 5263, 1021954082, 5274, 1037852095, 5258, 1037861177, 5275, 1038341764, 5267, 1038341991, 5276, 1022002698, 5268, 1021990856, 5277, 1021075940, 5278, 1021258066, 5261, 1021080981, 5256, 1038793597, 5262, 1021188230, 5271, 1021891428, 4762, 1037852132, 4755, 1038346701, 4763, 1038346465, 4748, 1021990412, 4756, 1021985993, 4764, 1021997783, 4765, 1021072092, 5259, 1038340654, 4766, 1021261542, 4758, 1021244224, 4751, 1021958731, 5270, 1021240874, 5257, 1038309176, 5266, 1037843025, 5260, 1021995151, 5269, 1021075706, 5279, 1021871026]
[INFO] (lattice_cell.c: 455): on tick 28 of 50
[INFO] (lattice_cell.c: 172): the unmatched_packets is 56
[4744, 1038738694, 4752, 1038748178, 5016, 1038768803, 5000, 1038738678, 4760, 1038768791, 5272, 1038768807, 5264, 1038748161, 5001, 1038303440, 5017, 1038301758, 5018, 1037895769, 5002, 1037924692, 4746, 1037924682, 4762, 1037895771, 5273, 1038304290, 5006, 1021026694, 5022, 1021044339, 5007, 1022119504, 4756, 1021976272, 5019, 1038334281, 4757, 1021087399, 5004, 1021977534, 5020, 1021995560, 4749, 1021085849, 5005, 1021087343, 5021, 1021084527, 4766, 1021045862, 4751, 1022122074, 5023, 1022111426, 5003, 1038338575, 5263, 1022116184, 5266, 1037915891, 5267, 1038334919, 5259, 1038336106, 5277, 1021086796, 4745, 1038301683, 5260, 1021980855, 4753, 1038302086, 4761, 1038299916, 5269, 1021091137, 5261, 1021089706, 5270, 1020978977, 5279, 1022108035, 5265, 1038306380, 5262, 1021024273, 5271, 1022163494, 4754, 1037915851, 5256, 1038738667, 5274, 1037895776, 4755, 1038339201, 4747, 1038340334, 4763, 1038336090, 4748, 1021974948, 5258, 1037924724, 4764, 1021993056, 5257, 1038305910, 4765, 1021083098, 5268, 1021982116, 4758, 1020982948, 4750, 1021028317, 4767, 1022114064, 4759, 1022169343, 5278, 1021042037, 5275, 1038331764, 5276, 1021998841]
[INFO] (lattice_cell.c: 455): on tick 29 of 50
[INFO] (lattice_cell.c: 172): the unmatched_packets is 56
[4744, 1038827528, 4752, 1038792047, 5016, 1038763545, 5000, 1038827522, 4760, 1038763584, 5272, 1038763485, 5264, 1038791985, 5001, 1038304510, 5017, 1038308375, 5002, 1037828280, 5018, 1037889934, 4753, 1038304944, 5019, 1038344995, 5004, 1021947575, 5020, 1021966669, 4762, 1037889947, 4746, 1037828308, 5005, 1021130159, 5021, 1021107149, 5273, 1038311100, 5006, 1021255357, 5022, 1021122687, 4763, 1038346971, 5003, 1038345576, 4757, 1021097939, 4749, 1021128922, 5007, 1021881036, 5023, 1022008601, 4759, 1021910882, 4751, 1021883163, 5269, 1021101255, 5270, 1021214270, 5262, 1021253455, 5263, 1021878203, 5257, 1038307256, 5274, 1037889948, 5266, 1037862242, 5258, 1037828262, 5275, 1038342264, 5276, 1021969470, 5260, 1021950293, 5278, 1021120620, 5279, 1022005936, 4745, 1038302529, 5271, 1021906004, 5265, 1038309663, 4761, 1038306409, 5256, 1038827516, 4754, 1037862244, 4755, 1038349616, 4747, 1038347525, 4756, 1021971936, 4764, 1021964498, 4748, 1021945525, 4765, 1021105766, 5259, 1038342867, 4758, 1021217568, 4766, 1021124008, 4750, 1021256567, 4767, 1022010650, 5267, 1038344982, 5268, 1021976753, 5261, 1021132098, 5277, 1021109240]
[INFO] (lattice_cell.c: 455): on tick 30 of 50
[INFO] (lattice_cell.c: 172): the unmatched_packets is 56
[4744, 1038736380, 4752, 1038771125, 5016, 1038788769, 5000, 1038736414, 4760, 1038788789, 5272, 1038788770, 5001, 1038303010, 5017, 1038304413, 5264, 1038771170, 5002, 1037927452, 4754, 1037893364, 5004, 1022071276, 4746, 1037927458, 5021, 1021076792, 5005, 1020996280, 5022, 1021176454, 5018, 1037875877, 5007, 1022136737, 5003, 1038335686, 5019, 1038336052, 4757, 1021032664, 5020, 1021990578, 5275, 1038333567, 4750, 1021024968, 5006, 1021023335, 4758, 1021117015, 5023, 1021970776, 4751, 1022139176, 5266, 1037893346, 5258, 1037927438, 5267, 1038334184, 5259, 1038333205, 5268, 1022029464, 5278, 1021174029, 5261, 1020998775, 5279, 1021967377, 5270, 1021113061, 5271, 1022031791, 5262, 1021020915, 4745, 1038301291, 4761, 1038302622, 4753, 1038303538, 5265, 1038307740, 5256, 1038736442, 4762, 1037875865, 5273, 1038306905, 4747, 1038337455, 4755, 1038338456, 4763, 1038337830, 4748, 1022068783, 4756, 1022023643, 5274, 1037875885, 4764, 1021988075, 4749, 1020994592, 4765, 1021075126, 4766, 1021178122, 5276, 1021993858, 5260, 1022074541, 5277, 1021079246, 4767, 1021973409, 4759, 1022037678, 5269, 1021036826, 5263, 1022133541, 5257, 1038305439]
[INFO] (lattice_cell.c: 455): on tick 31 of 50
[INFO] (lattice_cell.c: 172): the unmatched_packets is 56
[4744, 1038804132, 4752, 1038785190, 5016, 1038790813, 5000, 1038804088, 4760, 1038790844, 5272, 1038790789, 4745, 1038305394, 4753, 1038305752, 5001, 1038307340, 5017, 1038306310, 4761, 1038304309, 5002, 1037850565, 5018, 1037864248, 5019, 1038343415, 4746, 1037850535, 4762, 1037864266, 4755, 1038347313, 4747, 1038348318, 4764, 1021964227, 5007, 1021986399, 5023, 1022049966, 5003, 1038346396, 4757, 1021174087, 5004, 1021850606, 5020, 1021966437, 5005, 1021217172, 4766, 1021089584, 5021, 1021115773, 5006, 1021146198, 4767, 1022052134, 4759, 1022066936, 5022, 1021088451, 4751, 1021988559, 5271, 1022062076, 5257, 1038310050, 5274, 1037864248, 5266, 1037869475, 5275, 1038340680, 5259, 1038343717, 5276, 1021969253, 5277, 1021117671, 5260, 1021853461, 5278, 1021086607, 5261, 1021218980, 5270, 1021066775, 4754, 1037869452, 5256, 1038804030, 4763, 1038345404, 5265, 1038310453, 5264, 1038785108, 4756, 1021894671, 4748, 1021848378, 5273, 1038309059, 4765, 1021114609, 4749, 1021216069, 4758, 1021069888, 4750, 1021147401, 5267, 1038342656, 5258, 1037850597, 5268, 1021899632, 5269, 1021177029, 5279, 1022047133, 5262, 1021144234, 5263, 1021983615]
[INFO] (lattice_cell.c: 455): on tick 32 of 50
[INFO] (lattice_cell.c: 172): the unmatched_packets is 56
[4744, 1038762666, 4752, 1038750195, 5016, 1038745833, 5000, 1038762692, 4760, 1038745843, 5272, 1038745818, 5001, 1038299198, 5017, 1038304556, 5264, 1038750209, 5002, 1037901576, 5018, 1037917455, 5005, 1020949357, 5021, 1021017398, 5273, 1038307032, 4747, 1038339557, 4755, 1038340482, 5006, 1021167250, 5007, 1021984086, 5023, 1022033372, 5003, 1038337807, 5019, 1038335405, 4757, 1020972872, 4765, 1021015595, 5022, 1021117200, 4751, 1021986528, 5004, 1022131798, 5020, 1022052408, 5257, 1038301685, 5266, 1037913243, 5275, 1038332904, 5259, 1038335338, 5276, 1022055587, 5277, 1021019981, 5260, 1022134857, 4745, 1038297422, 5265, 1038305396, 5278, 1021114675, 5269, 1020977260, 4753, 1038301173, 5261, 1020951879, 5279, 1022030186, 4761, 1038302794, 5256, 1038762702, 5262, 1021164857, 4746, 1037901600, 4754, 1037913260, 5263, 1021980849, 5271, 1021962681, 4762, 1037917451, 5258, 1037901564, 5267, 1038336277, 4763, 1038337189, 4748, 1022129506, 4756, 1022093035, 4764, 1022050008, 5268, 1022098464, 4749, 1020947642, 5274, 1037917457, 4750, 1021168899, 4758, 1021178322, 4766, 1021118946, 4767, 1022035780, 4759, 1021968303, 5270, 1021174052]
[INFO] (lattice_cell.c: 455): on tick 33 of 50
[INFO] (lattice_cell.c: 172): the unmatched_packets is 56
[4752, 1038817010, 4744, 1038775958, 5016, 1038803357, 5000, 1038775974, 4760, 1038803421, 5272, 1038803283, 5001, 1038308912, 5017, 1038308806, 5002, 1037878280, 4745, 1038307038, 4746, 1037878286, 5004, 1021890459, 4754, 1037838522, 5264, 1038816968, 5018, 1037851262, 4747, 1038346433, 4748, 1021888148, 5023, 1022001423, 5273, 1038311531, 5007, 1022053919, 5003, 1038344507, 5019, 1038344303, 4749, 1021170236, 5274, 1037851300, 5020, 1021867003, 5021, 1021203880, 5006, 1021087299, 5022, 1021131197, 4767, 1022003719, 4751, 1022056133, 5005, 1021171383, 5271, 1022010839, 5258, 1037878262, 5276, 1021869945, 5277, 1021205701, 5269, 1021212495, 4753, 1038308915, 4761, 1038306837, 5270, 1021115398, 4762, 1037851240, 4755, 1038347863, 4763, 1038346252, 5256, 1038775980, 4756, 1021844436, 4764, 1021864668, 4757, 1021209593, 5265, 1038313506, 4765, 1021202819, 4750, 1021088362, 4758, 1021118271, 4766, 1021132301, 5266, 1037838542, 4759, 1022016109, 5257, 1038311557, 5275, 1038341597, 5262, 1021085438, 5267, 1038343232, 5259, 1038341827, 5268, 1021849817, 5260, 1021893425, 5278, 1021129325, 5261, 1021173239, 5279, 1021998479, 5263, 1022051081]
[INFO] (lattice_cell.c: 455): on tick 34 of 50
[INFO] (lattice_cell.c: 172): the unmatched_packets is 56
[4752, 1038760214, 4744, 1038785310, 5016, 1038755688, 5000, 1038785287, 4760, 1038755699, 5272, 1038755688, 5264, 1038760194, 5001, 1038301238, 5017, 1038300765, 5018, 1037908292, 5002, 1037879459, 5019, 1038336162, 4745, 1038299450, 5020, 1022124763, 4746, 1037879443, 5021, 1020959741, 5006, 1021123620, 5022, 1021152251, 5273, 1038303292, 4763, 1038337947, 5023, 1021995954, 5003, 1038336784, 5004, 1021977876, 4765, 1020957906, 5005, 1021095641, 5007, 1022028661, 4767, 1021998307, 5261, 1021098049, 5279, 1021992801, 5271, 1022052546, 5266, 1037904180, 5275, 1038333659, 5267, 1038334642, 5259, 1038334299, 5276, 1022127703, 5268, 1022100817, 4753, 1038299650, 5270, 1021091051, 4761, 1038298943, 5262, 1021121093, 5256, 1038785255, 4754, 1037904204, 4762, 1037908314, 4747, 1038338538, 4755, 1038338910, 5265, 1038303979, 4748, 1021975623, 4756, 1022095643, 4764, 1022122570, 5257, 1038303734, 4749, 1021093992, 4757, 1020979119, 5274, 1037908257, 4750, 1021125393, 4758, 1021095247, 4766, 1021154007, 4751, 1022030901, 4759, 1022057899, 5258, 1037879484, 5269, 1020983322, 5277, 1020962402, 5260, 1021980978, 5278, 1021149797, 5263, 1022025630]
[INFO] (lattice_cell.c: 455): on tick 35 of 50
[INFO] (lattice_cell.c: 172): the unmatched_packets is 56
[4752, 1038756944, 4744, 1038771251, 5016, 1038795185, 5000, 1038771249, 4760, 1038795194, 5272, 1038795148, 5264, 1038756919, 5256, 1038771238, 4745, 1038304556, 4753, 1038307666, 5001, 1038306425, 5017, 1038310875, 4761, 1038308993, 5273, 1038313514, 5002, 1037883065, 5018, 1037859588, 5003, 1038346432, 4762, 1037859579, 5005, 1021035832, 4763, 1038344858, 4748, 1022033255, 5019, 1038342926, 5257, 1038309062, 5274, 1037859598, 5004, 1022035578, 5020, 1021866307, 4749, 1021034738, 4757, 1021112138, 4765, 1021196104, 5006, 1021153407, 5007, 1021982915, 5023, 1022037721, 4751, 1021985318, 5021, 1021197198, 5022, 1021099895, 5271, 1021998192, 5267, 1038343326, 5269, 1021115187, 5278, 1021098050, 4746, 1037883066, 4754, 1037896224, 4747, 1038348293, 5279, 1022034696, 4755, 1038347853, 5270, 1021128991, 5263, 1021979877, 4756, 1021948029, 4764, 1021863800, 5265, 1038312132, 5266, 1037896238, 4750, 1021154441, 4758, 1021131977, 5258, 1037883061, 4766, 1021100955, 5275, 1038340238, 4767, 1022040122, 4759, 1022003496, 5277, 1021199074, 5260, 1022038498, 5262, 1021151595, 5259, 1038343813, 5276, 1021869420, 5268, 1021953411, 5261, 1021037715]
[INFO] (lattice_cell.c: 455): on tick 36 of 50
[INFO] (lattice_cell.c: 172): the unmatched_packets is 56
[4744, 1038781699, 4752, 1038798792, 5016, 1038775865, 5000, 1038781713, 4760, 1038775912, 5272, 1038775798, 5264, 1038798723, 5256, 1038781725, 4745, 1038299061, 4753, 1038301762, 5001, 1038300847, 5017, 1038302355, 4761, 1038300490, 5273, 1038304948, 5002, 1037882725, 5018, 1037888518, 4746, 1037882747, 4754, 1037866045, 5257, 1038303359, 5003, 1038337157, 5019, 1038336460, 5004, 1021962511, 5020, 1022033683, 5274, 1037888542, 5006, 1021118381, 4764, 1022031575, 5023, 1022038721, 5005, 1021111776, 5021, 1021045806, 4766, 1021109049, 5022, 1021107269, 4767, 1022040895, 4751, 1022035382, 5007, 1022033253, 5277, 1021048247, 5275, 1038333915, 5267, 1038335620, 5268, 1021934528, 5269, 1021138037, 5261, 1021114257, 4762, 1037888512, 5279, 1022035757, 5270, 1021141764, 5262, 1021115969, 4747, 1038338952, 4755, 1038339938, 4763, 1038338257, 4756, 1021929381, 4748, 1021960394, 5266, 1037866051, 5265, 1038306126, 4757, 1021133881, 4749, 1021110039, 4765, 1021044082, 5258, 1037882693, 4758, 1021145976, 4750, 1021120086, 5259, 1038334635, 4759, 1022000011, 5276, 1022036604, 5260, 1021965439, 5278, 1021104775, 5263, 1022030307, 5271, 1021994832]
[INFO] (lattice_cell.c: 455): on tick 37 of 50
[INFO] (lattice_cell.c: 172): the unmatched_packets is 56
[4752, 1038780084, 4744, 1038775344, 5000, 1038775334, 5016, 1038757722, 4760, 1038757749, 5272, 1038757691, 5264, 1038780044, 5256, 1038775322, 4753, 1038307568, 4745, 1038306617, 5001, 1038308437, 5017, 1038308395, 4761, 1038306528, 5273, 1038311004, 5002, 1037879054, 5018, 1037895724, 5265, 1038312010, 4746, 1037879042, 5003, 1038344467, 5004, 1021963487, 5020, 1022014594, 5019, 1038343596, 5021, 1021058720, 4748, 1021960957, 5023, 1021990842, 4765, 1021057550, 5005, 1021101944, 5006, 1021101211, 5022, 1021146662, 4767, 1021993362, 4751, 1022042837, 5007, 1022040398, 5279, 1021987686, 5258, 1037879064, 5275, 1038340977, 5267, 1038342359, 5276, 1022017675, 5268, 1022030417, 5277, 1021060730, 5278, 1021144782, 4754, 1037875040, 4762, 1037895718, 4747, 1038346305, 4755, 1038346820, 4763, 1038345478, 4756, 1022024871, 5274, 1037895740, 5257, 1038311009, 4764, 1022012117, 4749, 1021100931, 4757, 1021036943, 4750, 1021102285, 4758, 1021117417, 5266, 1037875061, 4766, 1021147723, 4759, 1022022733, 5259, 1038341881, 5262, 1021099322, 5263, 1022037322, 5271, 1022017056, 5260, 1021966651, 5269, 1021039896, 5261, 1021103774, 5270, 1021114578]
[INFO] (lattice_cell.c: 455): on tick 38 of 50
[INFO] (lattice_cell.c: 172): the unmatched_packets is 56
[4752, 1038767081, 4744, 1038773198, 5016, 1038791157, 5000, 1038773186, 4760, 1038791187, 5272, 1038791114, 5264, 1038767056, 5256, 1038773158, 4753, 1038300362, 4745, 1038298532, 5017, 1038302573, 5001, 1038300365, 4761, 1038300693, 5273, 1038305157, 5265, 1038304770, 5257, 1038302917, 5002, 1037891005, 5018, 1037873281, 5019, 1038334577, 4746, 1037890997, 4747, 1038340303, 5022, 1021138016, 5003, 1038338514, 4749, 1021069034, 5020, 1021934982, 5021, 1021141894, 5005, 1021070710, 4766, 1021139740, 5006, 1021137353, 4751, 1022011943, 5007, 1022009905, 5023, 1022013210, 5004, 1022004783, 5275, 1038332002, 5267, 1038335831, 5276, 1021937830, 5268, 1021997763, 5269, 1021081523, 5278, 1021135602, 5270, 1021104886, 5262, 1021134956, 5271, 1022033247, 5263, 1022007083, 4754, 1037896793, 4762, 1037873299, 4755, 1038340208, 4763, 1038336420, 4748, 1022002787, 4756, 1021993006, 4764, 1021932929, 5266, 1037896752, 4757, 1021077345, 4765, 1021140144, 5258, 1037891016, 4750, 1021139069, 4758, 1021109003, 5274, 1037873274, 4767, 1022015292, 4759, 1022038087, 5259, 1038335974, 5260, 1022007560, 5277, 1021144367, 5261, 1021073102, 5279, 1022010312]
[INFO] (lattice_cell.c: 455): on tick 39 of 50
[INFO] (lattice_cell.c: 172): the unmatched_packets is 56
[4744, 1038774852, 4752, 1038773550, 5016, 1038783119, 5000, 1038774855, 4760, 1038783130, 5272, 1038783077, 5001, 1038307298, 5017, 1038309990, 5002, 1037879415, 5018, 1037871831, 5020, 1021992355, 5004, 1021986199, 5256, 1038774851, 5005, 1021081782, 5006, 1021147217, 4747, 1038346647, 5023, 1022033951, 5003, 1038344853, 5019, 1038342223, 4748, 1021983683, 5021, 1021076699, 4758, 1021122452, 5022, 1021107170, 4766, 1021108261, 4750, 1021148286, 5007, 1021993935, 5262, 1021145321, 5271, 1022004073, 5257, 1038309828, 5274, 1037871852, 5267, 1038344007, 5276, 1021995601, 5268, 1021950333, 5260, 1021989371, 5270, 1021119376, 4761, 1038308162, 4753, 1038308372, 4745, 1038305526, 5263, 1021990700, 4754, 1037880309, 5273, 1038312568, 4762, 1037871828, 4746, 1037879418, 5264, 1038773523, 4755, 1038348365, 4763, 1038344059, 4756, 1021944494, 5265, 1038312678, 5266, 1037880337, 4764, 1021989711, 5258, 1037879404, 4757, 1021114131, 4765, 1021075570, 4749, 1021080649, 5275, 1038339645, 5259, 1038342336, 4767, 1022036620, 4759, 1022009850, 4751, 1021996515, 5277, 1021078636, 5278, 1021105256, 5261, 1021083765, 5279, 1022030666, 5269, 1021117184]
[INFO] (lattice_cell.c: 455): on tick 40 of 50
[INFO] (lattice_cell.c: 172): the unmatched_packets is 56
[4744, 1038787818, 4752, 1038786450, 5016, 1038767786, 5000, 1038787824, 4760, 1038767838, 5272, 1038767715, 5264, 1038786346, 5001, 1038301448, 5017, 1038301903, 5256, 1038787825, 5002, 1037876936, 5018, 1037896079, 4754, 1037878243, 5004, 1021964920, 4756, 1021983195, 5019, 1038337843, 4749, 1021105918, 5020, 1022016842, 5003, 1038336250, 5021, 1021063333, 4758, 1021135133, 5022, 1021116187, 4766, 1021117856, 4759, 1022007691, 4767, 1022026656, 5023, 1022024713, 4751, 1022038398, 5007, 1022036456, 5277, 1021065742, 5005, 1021107517, 5006, 1021118367, 5257, 1038304030, 5274, 1037896096, 5266, 1037878278, 5267, 1038336565, 5275, 1038335231, 4753, 1038300838, 4745, 1038299612, 4761, 1038299992, 4746, 1037876959, 4762, 1037896074, 4755, 1038341017, 4747, 1038338085, 4763, 1038339707, 4748, 1021962975, 4764, 1022014958, 5279, 1022022027, 4757, 1021084202, 4765, 1021061643, 5273, 1038304550, 4750, 1021119982, 5265, 1038305333, 5258, 1037876920, 5268, 1021987830, 5260, 1021967661, 5269, 1021088133, 5262, 1021116081, 5263, 1022033746, 5259, 1038333655, 5276, 1022019482, 5278, 1021113794, 5261, 1021109826, 5270, 1021131190, 5271, 1022002995]
[INFO] (lattice_cell.c: 455): on tick 41 of 50
[INFO] (lattice_cell.c: 172): the unmatched_packets is 56
[4744, 1038774445, 5016, 1038768757, 5000, 1038774446, 4752, 1038772956, 4760, 1038768771, 5272, 1038768735, 5264, 1038772946, 5001, 1038307665, 5017, 1038309481, 4745, 1038305925, 4753, 1038307304, 5018, 1037884877, 5256, 1038774428, 5002, 1037880040, 5003, 1038343785, 5019, 1038340488, 5004, 1021987662, 5020, 1021964331, 4754, 1037881562, 4746, 1037880026, 5021, 1021105715, 4763, 1038342298, 5022, 1021137671, 5007, 1022038232, 5023, 1022010429, 5005, 1021080402, 4750, 1021108405, 4766, 1021138814, 5006, 1021107244, 4759, 1022017614, 4751, 1022040853, 5263, 1022034956, 5257, 1038310153, 5274, 1037884873, 5266, 1037881544, 5275, 1038337966, 5267, 1038341260, 5265, 1038311562, 5276, 1021967639, 4761, 1038307687, 4762, 1037884890, 5273, 1038311994, 4755, 1038345525, 4747, 1038345528, 4756, 1022002792, 4748, 1021985028, 4764, 1021961663, 4757, 1021059954, 4749, 1021079257, 4765, 1021104461, 5279, 1022007042, 4758, 1021127191, 4767, 1022013129, 5258, 1037880037, 5278, 1021135739, 5261, 1021082354, 5259, 1038341299, 5268, 1022008604, 5277, 1021107845, 5260, 1021990946, 5269, 1021063222, 5270, 1021124140, 5262, 1021105239, 5271, 1022011591]
[INFO] (lattice_cell.c: 455): on tick 42 of 50
[INFO] (lattice_cell.c: 172): the unmatched_packets is 56
[4744, 1038771026, 4752, 1038777318, 5016, 1038794279, 5000, 1038771000, 4760, 1038794339, 5272, 1038794195, 5264, 1038777265, 5256, 1038770969, 4745, 1038296970, 5017, 1038302829, 5001, 1038298845, 4753, 1038301011, 4761, 1038300905, 5002, 1037892919, 5018, 1037870558, 5019, 1038337888, 5273, 1038305495, 5004, 1022002781, 5020, 1021971194, 4762, 1037870528, 5265, 1038305521, 5022, 1021138070, 4748, 1022000947, 4756, 1021972433, 4764, 1021969295, 5266, 1037886806, 5005, 1021078913, 5021, 1021105098, 4750, 1021132302, 4766, 1021139747, 5276, 1021973854, 5007, 1022011966, 5023, 1022000035, 5269, 1021099417, 5003, 1038339741, 5006, 1021130731, 5257, 1038301464, 4754, 1037886799, 4746, 1037892914, 5258, 1037892947, 4747, 1038341606, 4755, 1038342842, 4763, 1038339772, 5275, 1038335257, 5267, 1038338366, 5259, 1038337139, 5260, 1022005392, 5277, 1021107347, 5278, 1021135726, 4749, 1021077418, 4757, 1021095596, 5270, 1021110330, 4765, 1021103526, 5271, 1022016612, 4758, 1021114229, 5274, 1037870608, 4767, 1022001979, 4751, 1022013826, 4759, 1022021100, 5279, 1021997377, 5262, 1021128477, 5263, 1022009345, 5268, 1021976920, 5261, 1021081130]
[INFO] (lattice_cell.c: 455): on tick 43 of 50
[INFO] (lattice_cell.c: 172): the unmatched_packets is 56
[4752, 1038773152, 4744, 1038771793, 5016, 1038766494, 5000, 1038771791, 4760, 1038766532, 5272, 1038766450, 5264, 1038773120, 4753, 1038309932, 5001, 1038307254, 4745, 1038305553, 5017, 1038309504, 5002, 1037882251, 5018, 1037887713, 5003, 1038342035, 5273, 1038312002, 4746, 1037882259, 5020, 1021999352, 5005, 1021091438, 4755, 1038344970, 5006, 1021146416, 5022, 1021087776, 5023, 1022052693, 4749, 1021090148, 5004, 1021977064, 4758, 1021113049, 4751, 1022008160, 5019, 1038342583, 5021, 1021071962, 5007, 1022005512, 5261, 1021093563, 5256, 1038771789, 5266, 1037880945, 5259, 1038339583, 5276, 1022002682, 5277, 1021074149, 5260, 1021980362, 5269, 1021100079, 5279, 1022049235, 5262, 1021144430, 5265, 1038314110, 4761, 1038307726, 5263, 1022002139, 4754, 1037880958, 4762, 1037887735, 4747, 1038343759, 5257, 1038309698, 4763, 1038344366, 5274, 1037887700, 4748, 1021974446, 4756, 1021956094, 4764, 1021996675, 5258, 1037882224, 4757, 1021096665, 4765, 1021070611, 5275, 1038340083, 5267, 1038340735, 4750, 1021147578, 4766, 1021088903, 4767, 1022055421, 5268, 1021962132, 4759, 1022033061, 5278, 1021085850, 5270, 1021109904, 5271, 1022027046]
[INFO] (lattice_cell.c: 455): on tick 44 of 50
[INFO] (lattice_cell.c: 172): the unmatched_packets is 56
[4744, 1038790561, 4752, 1038789534, 5016, 1038787700, 5000, 1038790571, 4760, 1038787741, 5272, 1038787658, 5264, 1038789434, 5256, 1038790559, 4745, 1038299928, 4753, 1038300869, 5001, 1038301793, 5017, 1038300386, 4761, 1038298457, 5273, 1038303070, 5265, 1038305425, 4754, 1037875254, 5002, 1037874344, 5018, 1037876690, 4746, 1037874333, 5003, 1038339641, 5019, 1038333877, 5004, 1021969028, 5020, 1022008806, 4755, 1038340823, 4747, 1038341475, 4763, 1038335778, 5257, 1038304427, 4756, 1021995110, 4748, 1021967160, 5023, 1021974480, 4764, 1022006975, 4749, 1021099995, 5021, 1021077045, 4765, 1021075596, 4750, 1021129660, 5005, 1021101418, 5006, 1021128140, 5022, 1021180680, 4767, 1021976398, 5007, 1022013070, 5258, 1037874343, 5275, 1038331226, 5267, 1038336342, 5259, 1038337018, 5276, 1022011357, 5260, 1021971591, 5277, 1021079252, 5269, 1021075700, 4762, 1037876667, 5266, 1037875337, 4757, 1021072179, 5274, 1037876728, 4758, 1021152159, 4766, 1021182245, 4759, 1021991620, 5268, 1021999513, 4751, 1022014948, 5278, 1021178427, 5279, 1021971842, 5261, 1021103529, 5262, 1021125944, 5271, 1021987109, 5270, 1021148345, 5263, 1022010472]
[INFO] (lattice_cell.c: 455): on tick 45 of 50
[INFO] (lattice_cell.c: 172): the unmatched_packets is 56
[4744, 1038770505, 4752, 1038756172, 4760, 1038746796, 5000, 1038770498, 5016, 1038746740, 5272, 1038746658, 5264, 1038756111, 4753, 1038307166, 4761, 1038307946, 5001, 1038305815, 5017, 1038309694, 5018, 1037906299, 5002, 1037883864, 5019, 1038345131, 5020, 1021950538, 4746, 1037883863, 5256, 1038770484, 5005, 1021087591, 5273, 1038312156, 5006, 1021091435, 5022, 1021033772, 5007, 1022053137, 4748, 1021985235, 5003, 1038344108, 5257, 1038308259, 5004, 1021987841, 4758, 1021075681, 5021, 1021120444, 4750, 1021092647, 5268, 1021990893, 5023, 1022096110, 5274, 1037906299, 5266, 1037897485, 5275, 1038342660, 5267, 1038345177, 5277, 1021122765, 5260, 1021991198, 5269, 1021082815, 5270, 1021072439, 5262, 1021089379, 4745, 1038304101, 5271, 1022047844, 5265, 1038311340, 4754, 1037897522, 4762, 1037906311, 5258, 1037883846, 4755, 1038349352, 4763, 1038346885, 4747, 1038345833, 4764, 1021947859, 4756, 1021985008, 5259, 1038341662, 5276, 1021953878, 4765, 1021118957, 4757, 1021079157, 4749, 1021086332, 4766, 1021035064, 5261, 1021089672, 4767, 1022098725, 4759, 1022053863, 4751, 1022055698, 5279, 1022092746, 5278, 1021031661, 5263, 1022049817]
[INFO] (lattice_cell.c: 455): on tick 46 of 50
[INFO] (lattice_cell.c: 172): the unmatched_packets is 56
[4752, 1038802644, 4744, 1038788011, 5016, 1038818739, 5000, 1038788010, 4760, 1038818759, 5272, 1038818713, 5264, 1038802650, 5001, 1038301147, 5017, 1038302933, 5018, 1037846789, 5002, 1037876518, 5019, 1038335036, 5256, 1038787985, 5273, 1038305626, 4755, 1038337960, 5006, 1021169732, 4748, 1021998990, 4764, 1021989468, 5003, 1038335721, 5004, 1022000877, 5020, 1021991395, 4758, 1021209313, 4750, 1021171165, 5005, 1021071462, 4766, 1021254915, 5021, 1021083097, 4759, 1021944339, 4751, 1021990785, 5022, 1021253495, 5277, 1021085144, 5007, 1021988859, 5023, 1021895040, 4745, 1038299308, 5257, 1038303745, 5266, 1037862286, 5265, 1038307128, 5275, 1038332377, 5267, 1038333441, 5276, 1021994029, 5259, 1038333112, 5268, 1021985307, 4761, 1038300995, 4754, 1037862271, 4746, 1037876496, 4762, 1037846769, 5269, 1021083356, 5270, 1021205837, 4747, 1038337569, 4763, 1038336943, 5271, 1021939694, 4756, 1021980781, 4757, 1021079875, 4749, 1021070100, 4765, 1021081732, 5274, 1037846815, 4767, 1021897153, 5258, 1037876539, 4753, 1038302620, 5260, 1022003490, 5278, 1021251452, 5261, 1021073544, 5279, 1021892229, 5262, 1021167591, 5263, 1021986233]
[INFO] (lattice_cell.c: 455): on tick 47 of 50
[INFO] (lattice_cell.c: 172): the unmatched_packets is 56
[4752, 1038745408, 4744, 1038743099, 5000, 1038743070, 5016, 1038750753, 4760, 1038750843, 5272, 1038750649, 5264, 1038745274, 5256, 1038743035, 4753, 1038307801, 4745, 1038306955, 5001, 1038308671, 5017, 1038307789, 4761, 1038306027, 5273, 1038310258, 5265, 1038311987, 5002, 1037910007, 5018, 1037903184, 4754, 1037908089, 4762, 1037903168, 5019, 1038342031, 5004, 1021978563, 5020, 1021999605, 4747, 1038348764, 4763, 1038343800, 5003, 1038347070, 5022, 1020998004, 5257, 1038311118, 5007, 1022070372, 4765, 1021078180, 5005, 1021085322, 4750, 1021063797, 5021, 1021079679, 5267, 1038343756, 5006, 1021062439, 4759, 1022134963, 5023, 1022146054, 4746, 1037910012, 5258, 1037910007, 5275, 1038339545, 4755, 1038347905, 5268, 1021961517, 4756, 1021955768, 5260, 1021981790, 5277, 1021082031, 4748, 1021976109, 5269, 1021110430, 5270, 1020996733, 5274, 1037903221, 5266, 1037908123, 4764, 1021997069, 4757, 1021106791, 5271, 1022129348, 4749, 1021083953, 5263, 1022067103, 5259, 1038344664, 4758, 1021000403, 5276, 1022002858, 4766, 1020999373, 4767, 1022148464, 4751, 1022072862, 5278, 1020995781, 5261, 1021087535, 5279, 1022142877, 5262, 1021060263]
[INFO] (lattice_cell.c: 455): on tick 48 of 50
[INFO] (lattice_cell.c: 172): the unmatched_packets is 56
[4744, 1038823156, 4752, 1038812280, 5016, 1038781034, 5000, 1038823178, 4760, 1038781050, 5272, 1038780992, 5001, 1038296660, 5017, 1038303096, 5264, 1038812271, 4753, 1038299629, 4761, 1038301186, 5003, 1038336552, 5256, 1038823202, 5004, 1021965007, 5273, 1038305760, 4746, 1037842503, 4754, 1037852855, 5005, 1021124359, 5021, 1021088549, 5006, 1021237096, 5002, 1037842485, 5007, 1021915374, 5023, 1021943229, 5018, 1037882709, 4748, 1021962974, 4756, 1021988417, 5019, 1038337198, 4749, 1021123075, 5020, 1021987194, 4750, 1021238322, 4758, 1021246395, 4766, 1021198559, 5259, 1038333924, 5022, 1021197218, 5268, 1021993178, 4767, 1021945498, 5278, 1021195237, 5261, 1021126342, 5257, 1038299262, 5258, 1037842462, 5275, 1038334570, 5276, 1021989865, 5277, 1021090622, 5269, 1021086403, 5270, 1021243242, 4745, 1038294842, 5271, 1021888897, 5265, 1038304119, 4762, 1037882708, 4747, 1038338400, 4755, 1038341312, 4763, 1038339041, 4764, 1021985166, 4757, 1021083104, 5274, 1037882718, 4765, 1021087161, 5267, 1038336851, 4751, 1021917452, 4759, 1021893989, 5279, 1021940256, 5266, 1037852860, 5263, 1021912605, 5262, 1021235182, 5260, 1021967698]
[INFO] (lattice_cell.c: 455): on tick 49 of 50
[INFO] (lattice_cell.c: 172): the unmatched_packets is 56
[4752, 1038751436, 4744, 1038732995, 5016, 1038778476, 5000, 1038732963, 4760, 1038778532, 5272, 1038778406, 5264, 1038751306, 5256, 1038732917, 4753, 1038311835, 4745, 1038309929, 5017, 1038310298, 5001, 1038311626, 4761, 1038308520, 5273, 1038312780, 5265, 1038316017, 5257, 1038314035, 5018, 1037875835, 4754, 1037902501, 5002, 1037920566, 4746, 1037920541, 4762, 1037875830, 5274, 1037875844, 5266, 1037902563, 5258, 1037920592, 4755, 1038345970, 5019, 1038341494, 5003, 1038343808, 4763, 1038343297, 4747, 1038345515, 5020, 1021982008, 5004, 1022019203, 5005, 1021033980, 4748, 1022016844, 5006, 1021001664, 4757, 1021038715, 5023, 1022019884, 4758, 1021041861, 5021, 1021085074, 5276, 1021985186, 5022, 1021124455, 4759, 1022102485, 4751, 1022148001, 5007, 1022145734, 5278, 1021122173, 5279, 1022016786, 4764, 1021979605, 4756, 1022007192, 5267, 1038341772, 5260, 1022022359, 5270, 1021038093, 4765, 1021083520, 4749, 1021032517, 5271, 1022097221, 4750, 1021003192, 4766, 1021125881, 5259, 1038341382, 5268, 1022012616, 4767, 1022022205, 5275, 1038338991, 5277, 1021087459, 5261, 1021036270, 5262, 1020999303, 5263, 1022142714, 5269, 1021042549]
[INFO] (lattice_cell.c: 455): on tick 50 of 50
[INFO] (lattice_cell.c: 466): updating recording regions
[INFO] (recording.c: 507): 	Finalising channel 0 - state info stored in SDRAM
[INFO] (recording.c: 512): closed channel 0.
[INFO] (lattice_cell.c: 470): Simulation complete.

