[INFO] (lattice_cell.c: 604): starting lattice cell
[INFO] (lattice_cell.c: 526): Initialise: started
[INFO] (data_specification.c: 78): magic = ad130ad6, version = 1.0
[INFO] (lattice_cell.c: 555): my key is 2096
[INFO] (lattice_cell.c: 562): I'm in position ( 8, 6)
[INFO] (lattice_cell.c: 568): my n key is 1840
[INFO] (lattice_cell.c: 574): my U_X = -0.009540452621877193
[INFO] (lattice_cell.c: 575): my U_Y = 6.123234211227051e-20
[INFO] (lattice_cell.c: 583): input_buffer initialised
[INFO] (recording.c: 563): Recording 1 regions, using output tag 0, size before trigger 7686388, time between triggers 50
[INFO] (recording.c: 665): Recording channel 0 configured to use 7686132 byte memory block starting at 0x61f95efc
[INFO] (lattice_cell.c: 588): Recording flags = 0x00000001
[INFO] (lattice_cell.c: 619): setting timer to execute every 200000 microseconds
[INFO] (lattice_cell.c: 627): Starting

[INFO] (simulation.c: 159): Setting the runtime of this model to 50 starting at 0
[INFO] (simulation.c: 161): Setting the flag of infinite run for this model to 0
[INFO] (simulation.c: 175): Resuming
[INFO] (lattice_cell.c: 455): on tick 0 of 50
[2104, 1037999657, 2088, 1037887891, 2360, 1037999655, 2352, 1037904566, 2344, 1037887895, 2105, 1038320849, 2089, 1038318848, 2106, 1038656493, 2090, 1038776245, 2107, 1038320849, 2108, 1021222441, 2109, 1021879277, 2348, 1021106577, 2366, 1021883833, 2349, 1021994411, 2093, 1021999029, 2110, 1021879277, 2094, 1021999029, 2111, 1021222441, 2095, 1021110675, 2091, 1038318848, 2092, 1021110675, 1836, 1021114785, 1854, 1021874719, 1855, 1021218267, 1833, 1038323218, 1841, 1038323556, 1840, 1037904566, 1834, 1038776249, 1842, 1038758232, 1850, 1038656491, 1832, 1037887895, 1848, 1037999655, 1851, 1038316483, 1835, 1038314490, 2361, 1038316483, 2353, 1038314828, 2345, 1038314490, 2354, 1038758232, 2362, 1038656491, 2346, 1038776249, 1852, 1021226611, 1849, 1038325211, 2363, 1038325211, 2347, 1038323218, 2355, 1038323556, 1843, 1038314828, 1853, 1021883833, 2364, 1021218267, 1845, 1021985630, 1837, 1022003659, 2356, 1021123236, 2365, 1021874719, 1844, 1021131464, 2357, 1021976402, 1846, 1021976402, 1838, 1021994411, 2367, 1021226611, 2350, 1022003659, 2358, 1021985630, 1847, 1021123236, 1839, 1021106577, 2351, 1021114785, 2359, 1021131464]
[INFO] (lattice_cell.c: 455): on tick 1 of 50
[INFO] (lattice_cell.c: 172): the unmatched_packets is 56
[2104, 1038072509, 2360, 1038072593, 2088, 1037887777, 1832, 1037887781, 2344, 1037887785, 2352, 1037926559, 1840, 1037926517, 2105, 1038327470, 2361, 1038323164, 2089, 1038327096, 1833, 1038331408, 2353, 1038322993, 2345, 1038322792, 1849, 1038331784, 1841, 1038331610, 2106, 1038576127, 2362, 1038576049, 2090, 1038766389, 2107, 1038323571, 1850, 1038576217, 2354, 1038726179, 2091, 1038327048, 2346, 1038766395, 2363, 1038327881, 1842, 1038726221, 2108, 1021386046, 2092, 1021108907, 2109, 1021701849, 2111, 1020976625, 2365, 1021697368, 2093, 1021990789, 2366, 1022131918, 2110, 1022127360, 2094, 1022002733, 2351, 1021102501, 2095, 1021098189, 1844, 1021166189, 1837, 1021995107, 1853, 1021706179, 1838, 1021998427, 1854, 1022122974, 2355, 1038329907, 2347, 1038331352, 2364, 1021381755, 2348, 1021104607, 2356, 1021157423, 2357, 1021930968, 1847, 1021054239, 2349, 1021986311, 1848, 1038072435, 1834, 1038766399, 2358, 1022050671, 2367, 1020980849, 2350, 1022007228, 2359, 1021062959, 1835, 1038322736, 1836, 1021113378, 1851, 1038319267, 1843, 1038321291, 1845, 1021939771, 1852, 1021390523, 1855, 1020972237, 1846, 1022041824, 1839, 1021093733]
[INFO] (lattice_cell.c: 455): on tick 2 of 50
[INFO] (lattice_cell.c: 172): the unmatched_packets is 56
[2104, 1038006875, 2360, 1038006885, 2088, 1037871683, 1832, 1037871695, 2352, 1037860038, 1848, 1038006863, 1840, 1037860078, 2344, 1037871679, 2105, 1038322518, 1833, 1038323750, 2089, 1038319332, 2361, 1038318099, 2353, 1038315751, 1849, 1038326936, 2106, 1038648256, 2090, 1038793724, 2107, 1038317199, 2091, 1038320439, 2109, 1021742673, 2110, 1021796947, 2094, 1021954935, 2364, 1021357920, 2365, 1021738177, 2108, 1021361921, 2093, 1022010218, 2351, 1021154548, 2111, 1021307919, 2095, 1021150541, 2092, 1021100713, 1846, 1021838074, 1839, 1021146526, 2345, 1038314914, 1847, 1021254000, 2362, 1038648246, 2354, 1038804057, 1850, 1038648268, 2346, 1038793736, 1843, 1038316063, 2363, 1038321621, 1836, 1021104729, 1851, 1038312784, 1844, 1021124279, 1834, 1038793724, 2347, 1038324861, 2355, 1038324895, 1837, 1022014731, 2348, 1021096720, 1835, 1038316025, 2356, 1021116267, 1841, 1038324589, 1845, 1021995687, 2366, 1021801229, 2349, 1022005723, 1842, 1038804021, 1853, 1021747181, 2357, 1021986680, 1838, 1021950444, 2367, 1021312143, 1854, 1021792676, 2350, 1021959432, 2358, 1021846923, 2359, 1021262156, 1855, 1021303688, 1852, 1021365937]
[INFO] (lattice_cell.c: 455): on tick 3 of 50
[INFO] (lattice_cell.c: 172): the unmatched_packets is 56
[2104, 1038022183, 2360, 1038022311, 2088, 1037925464, 1832, 1037925452, 2352, 1037935776, 1848, 1038022057, 2344, 1037925484, 1840, 1037935656, 2105, 1038328075, 2361, 1038323823, 2089, 1038327969, 1833, 1038332237, 2353, 1038324539, 2345, 1038323721, 1849, 1038332333, 2106, 1038628433, 2362, 1038628304, 2090, 1038727095, 2107, 1038324042, 2091, 1038325373, 2108, 1021352044, 2092, 1021133267, 2109, 1021737695, 2110, 1022013281, 2094, 1022118512, 2347, 1038329625, 2111, 1021081117, 2348, 1021128866, 2366, 1022018034, 2358, 1022167072, 2093, 1021967278, 1851, 1038319781, 2095, 1020988308, 1853, 1021742198, 1838, 1022114027, 1846, 1022157722, 1839, 1020983814, 1842, 1038716746, 1835, 1038321115, 1852, 1021356528, 1844, 1021143444, 1834, 1038727121, 1837, 1021971727, 1841, 1038333051, 1850, 1038628563, 1854, 1022008674, 2354, 1038716618, 1845, 1021967435, 2346, 1038727077, 2363, 1038328296, 1855, 1021076718, 2355, 1038330492, 2364, 1021347712, 1836, 1021137818, 2356, 1021134569, 2365, 1021733008, 2357, 1021958303, 1843, 1038321981, 2349, 1021962682, 2367, 1021085346, 2350, 1022123159, 2359, 1020939968, 2351, 1020992658, 1847, 1020931331]
[INFO] (lattice_cell.c: 455): on tick 4 of 50
[INFO] (lattice_cell.c: 172): the unmatched_packets is 56
[2104, 1038027747, 2360, 1038027807, 2088, 1037848123, 2105, 1038323521, 2089, 1038319570, 2106, 1038628394, 2090, 1038817240, 2361, 1038319061, 2353, 1038317064, 2107, 1038316347, 1840, 1037906442, 1832, 1037848159, 2093, 1022005591, 2347, 1038323100, 2095, 1021286576, 2365, 1021744929, 2348, 1021101132, 2349, 1022001240, 2108, 1021356826, 2092, 1021105059, 2109, 1021749389, 2110, 1021964727, 2094, 1021822187, 2111, 1021139210, 2091, 1038318644, 1847, 1021203207, 2352, 1037906393, 2344, 1037848087, 1833, 1038324038, 1849, 1038327987, 1834, 1038817198, 2345, 1038315106, 1850, 1038628459, 2362, 1038628326, 2354, 1038755432, 2346, 1038817278, 1835, 1038314169, 2363, 1038320813, 1848, 1038027675, 2355, 1038322764, 2364, 1021352975, 1843, 1038313840, 1851, 1038311879, 2356, 1021149373, 1836, 1021109016, 1844, 1021157216, 2366, 1021968887, 2357, 1021954243, 1842, 1038755384, 1837, 1022009959, 2367, 1021143358, 2358, 1021900215, 1853, 1021753831, 2350, 1021826468, 2351, 1021290602, 1854, 1021960600, 2359, 1021211431, 1838, 1021817932, 1855, 1021135051, 1846, 1021891826, 1839, 1021282533, 1852, 1021360694, 1845, 1021963027, 1841, 1038325998]
[INFO] (lattice_cell.c: 455): on tick 5 of 50
[INFO] (lattice_cell.c: 172): the unmatched_packets is 56
[2104, 1038027991, 2360, 1038028143, 2088, 1037893680, 1832, 1037893634, 2352, 1037897339, 1848, 1038027849, 1840, 1037897231, 2344, 1037893718, 2105, 1038328509, 2361, 1038324292, 2089, 1038328245, 1833, 1038332461, 2345, 1038324037, 1849, 1038332721, 2353, 1038324585, 2106, 1038621971, 1834, 1038760458, 1841, 1038333013, 2362, 1038621819, 2090, 1038760416, 2107, 1038323626, 2091, 1038325632, 1850, 1038622119, 2108, 1021346860, 2363, 1038327855, 2093, 1022002810, 2347, 1038329847, 1842, 1038755682, 2094, 1022121087, 2111, 1021141524, 2356, 1021138911, 2092, 1021100746, 2366, 1021956237, 2110, 1021951455, 2350, 1022125949, 2351, 1020987057, 2359, 1021115444, 2095, 1020982764, 2109, 1021744888, 1838, 1022116343, 1846, 1021979702, 2354, 1038755576, 2346, 1038760372, 2355, 1038329830, 2364, 1021342519, 2348, 1021096293, 1836, 1021105340, 2365, 1021740032, 1844, 1021147917, 1835, 1038321414, 1852, 1021351347, 2349, 1021998079, 2357, 1021953954, 1851, 1038319414, 1843, 1038321404, 1837, 1022007387, 2367, 1021145921, 1845, 1021963331, 2358, 1021989295, 1854, 1021946825, 1855, 1021136972, 1839, 1020978310, 1853, 1021749576, 1847, 1021106682]
[INFO] (lattice_cell.c: 455): on tick 6 of 50
[INFO] (lattice_cell.c: 172): the unmatched_packets is 56
[2104, 1038029262, 2360, 1038029376, 2088, 1037897545, 1832, 1037897567, 2352, 1037903224, 2344, 1037897519, 1848, 1038029145, 1840, 1037903206, 2105, 1038323591, 1833, 1038325329, 2361, 1038319089, 2089, 1038320824, 2345, 1038316335, 1849, 1038328095, 2353, 1038317722, 2106, 1038626919, 1841, 1038326733, 2362, 1038626804, 2090, 1038766184, 1834, 1038766156, 2354, 1038759987, 2346, 1038766207, 1850, 1038627029, 1842, 1038760003, 2107, 1038316205, 2091, 1038318246, 2363, 1038320707, 2108, 1021359898, 2092, 1021116614, 2109, 1021746028, 2347, 1038322739, 2110, 1021950585, 2111, 1021152451, 1835, 1038313742, 2093, 1021995543, 2094, 1021980374, 2095, 1021127724, 1839, 1021123708, 1847, 1021100456, 1843, 1038312779, 2355, 1038321772, 1852, 1021363692, 2364, 1021356173, 1851, 1038311714, 2356, 1021141479, 1844, 1021149165, 2348, 1021112767, 2365, 1021741615, 1837, 1021999811, 1853, 1021750427, 2357, 1021963685, 2349, 1021991258, 2366, 1021954715, 1845, 1021972301, 1836, 1021120522, 1838, 1021976283, 1854, 1021946532, 2358, 1022004167, 1846, 1021995821, 1855, 1021148395, 2367, 1021156492, 2350, 1021984519, 2359, 1021108399, 2351, 1021131741]
[INFO] (lattice_cell.c: 455): on tick 7 of 50
[INFO] (lattice_cell.c: 172): the unmatched_packets is 56
[2104, 1038023851, 2360, 1038024020, 2088, 1037884581, 1832, 1037884577, 1848, 1038023693, 1840, 1037903965, 2352, 1037904053, 2344, 1037884585, 2105, 1038328725, 2361, 1038324535, 2089, 1038328291, 1833, 1038332483, 2353, 1038325290, 1849, 1038332918, 1841, 1038333663, 2345, 1038324115, 2106, 1038626666, 2362, 1038626492, 1834, 1038768460, 2090, 1038768455, 2354, 1038748588, 2107, 1038322955, 2091, 1038326050, 2108, 1021352931, 2363, 1038327147, 2109, 1021739369, 2364, 1021348567, 2110, 1021948258, 2094, 1021973834, 2111, 1021144523, 2095, 1021125107, 2365, 1021734354, 2357, 1021962715, 2092, 1021114879, 2093, 1021988234, 1837, 1021992910, 1845, 1021972311, 1839, 1021120526, 1847, 1021095450, 1843, 1038320845, 2346, 1038768447, 1836, 1021119500, 1850, 1038626847, 1852, 1021357381, 1844, 1021141196, 2355, 1038329216, 1842, 1038748682, 1851, 1038318766, 2347, 1038330234, 1853, 1021744206, 2356, 1021132178, 2348, 1021110364, 1835, 1038321856, 2349, 1021983429, 2366, 1021953044, 1854, 1021943582, 1838, 1021969077, 1846, 1021990033, 2358, 1021999629, 2367, 1021149024, 2350, 1021978687, 1855, 1021139879, 2351, 1021129536, 2359, 1021104452]
[INFO] (lattice_cell.c: 455): on tick 8 of 50
[INFO] (lattice_cell.c: 172): the unmatched_packets is 56
[2104, 1038026465, 2360, 1038026629, 2088, 1037883864, 1832, 1037883866, 2352, 1037910946, 2344, 1037883850, 1848, 1038026289, 1840, 1037910892, 2105, 1038324033, 2361, 1038319508, 1833, 1038325507, 2089, 1038320978, 1849, 1038328559, 2345, 1038316458, 2106, 1038630167, 2090, 1038780855, 2362, 1038629987, 2107, 1038315795, 2091, 1038317760, 1841, 1038327051, 2092, 1021116995, 2346, 1038780857, 2109, 1021745995, 2093, 1021995096, 1834, 1038780853, 2365, 1021741610, 2350, 1021996564, 1836, 1021120925, 1852, 1021364156, 2351, 1021119679, 2110, 1021960686, 2094, 1021992383, 2111, 1021141558, 2095, 1021115836, 2108, 1021360426, 1837, 1021999280, 1853, 1021750359, 1854, 1021956682, 1846, 1021983097, 1855, 1021137569, 1839, 1021111931, 2353, 1038318012, 2354, 1038751472, 2363, 1038320313, 1842, 1038751518, 1835, 1038313237, 1851, 1038311275, 1844, 1021149868, 2347, 1038322267, 2364, 1021356769, 2355, 1038321925, 1845, 1021971829, 2348, 1021113182, 1850, 1038630337, 1843, 1038312887, 2356, 1021142248, 1838, 1021988259, 2349, 1021990903, 2366, 1021964796, 2357, 1021963369, 2367, 1021145504, 2358, 1021991409, 1847, 1021111612, 2359, 1021119394]
[INFO] (lattice_cell.c: 455): on tick 9 of 50
[INFO] (lattice_cell.c: 172): the unmatched_packets is 56
[2104, 1038024958, 2360, 1038025148, 2088, 1037880962, 1832, 1037880972, 2352, 1037903370, 2344, 1037880956, 1848, 1038024778, 2105, 1038328912, 2361, 1038324739, 1833, 1038332991, 2089, 1038328800, 2345, 1038324642, 1849, 1038333094, 1840, 1037903322, 2353, 1038325443, 2106, 1038625532, 1841, 1038333793, 2362, 1038625338, 2090, 1038772753, 1834, 1038772753, 2354, 1038749250, 1850, 1038625722, 2107, 1038322811, 2346, 1038772757, 2363, 1038326988, 2091, 1038325095, 2347, 1038329273, 2108, 1021350850, 2092, 1021107241, 2364, 1021346542, 2110, 1021955884, 2095, 1021095600, 2109, 1021742111, 2357, 1021955651, 2093, 1021997649, 2094, 1022004363, 2358, 1021981170, 2111, 1021136635, 2351, 1021100104, 2359, 1021121869, 1854, 1021951213, 2355, 1038328906, 2356, 1021139288, 2348, 1021102703, 1835, 1038320921, 1851, 1038318634, 1842, 1038749306, 1843, 1038320548, 2365, 1021737004, 1836, 1021111855, 1844, 1021148298, 2349, 1021992803, 1852, 1021355219, 2366, 1021960631, 1853, 1021747116, 1845, 1021965425, 2350, 1022009223, 2367, 1021141247, 1837, 1022002412, 1846, 1021971554, 1838, 1021999590, 1855, 1021131906, 1847, 1021112720, 1839, 1021090967]
[INFO] (lattice_cell.c: 455): on tick 10 of 50
[INFO] (lattice_cell.c: 172): the unmatched_packets is 56
[2104, 1038029235, 2360, 1038029441, 1832, 1037891364, 2088, 1037891378, 2352, 1037905596, 2344, 1037891388, 1848, 1038029005, 2105, 1038324099, 2361, 1038319580, 2089, 1038321483, 1833, 1038326005, 2353, 1038318389, 2345, 1038316964, 1849, 1038328635, 1841, 1038327429, 2106, 1038627324, 2362, 1038627103, 2090, 1038772711, 1840, 1037905504, 2354, 1038757358, 2346, 1038772697, 1834, 1038772709, 2107, 1038315745, 1850, 1038627548, 2363, 1038320261, 2091, 1038317548, 2355, 1038321380, 2108, 1021357387, 2092, 1021111802, 2364, 1021353800, 1842, 1038757460, 2110, 1021956719, 2348, 1021107975, 2349, 1021997215, 2366, 1021960846, 2094, 1022006279, 2111, 1021145007, 2095, 1021101852, 2109, 1021749260, 2093, 1022001376, 1844, 1021152285, 1847, 1021112850, 1835, 1038313024, 1851, 1038311227, 2347, 1038322061, 1836, 1021115734, 2356, 1021144650, 1852, 1021361098, 2365, 1021744831, 1837, 1022005485, 2357, 1021961419, 1843, 1038312347, 1853, 1021753607, 2350, 1022010498, 2358, 1021989636, 2367, 1021148907, 1838, 1022002151, 1854, 1021952728, 2351, 1021105646, 1845, 1021969820, 1846, 1021981265, 2359, 1021120483, 1855, 1021141048, 1839, 1021097966]
[INFO] (lattice_cell.c: 455): on tick 11 of 50
[INFO] (lattice_cell.c: 172): the unmatched_packets is 56
[2104, 1038025929, 2360, 1038026127, 2088, 1037887155, 1832, 1037887185, 2352, 1037900960, 2344, 1037887127, 1848, 1038025737, 1840, 1037900925, 2105, 1038328972, 2361, 1038324790, 2089, 1038328741, 1833, 1038332935, 2353, 1038325745, 2345, 1038324572, 1849, 1038333157, 2106, 1038624767, 2362, 1038624567, 2090, 1038765948, 1841, 1038334103, 2107, 1038322541, 2346, 1038765985, 2091, 1038325142, 2108, 1021352461, 2363, 1038326739, 2110, 1021949580, 2364, 1021348238, 2095, 1021107768, 2365, 1021735571, 2356, 1021137314, 2092, 1021111824, 2109, 1021740766, 2094, 1021990889, 2111, 1021142431, 2093, 1021993901, 1845, 1021968425, 1838, 1021986143, 2354, 1038751976, 2347, 1038329324, 2355, 1038328493, 2348, 1021107317, 2366, 1021954252, 2349, 1021989028, 2357, 1021958579, 1834, 1038765920, 1850, 1038624978, 2367, 1021147095, 1835, 1038320960, 1851, 1038318366, 2350, 1021995671, 1836, 1021116395, 2358, 1021993008, 2351, 1021112327, 2359, 1021110028, 1844, 1021146233, 1837, 1021998691, 1853, 1021745857, 1843, 1038320132, 1854, 1021944934, 1846, 1021983466, 1855, 1021137673, 1852, 1021356729, 1839, 1021103112, 1847, 1021100829, 1842, 1038752012]
[INFO] (lattice_cell.c: 455): on tick 12 of 50
[INFO] (lattice_cell.c: 172): the unmatched_packets is 56
[2104, 1038027705, 1832, 1037887878, 2360, 1038027975, 2088, 1037887902, 2352, 1037908021, 1848, 1038027429, 2344, 1037887918, 1833, 1038327033, 2105, 1038324339, 2361, 1038319830, 2089, 1038322522, 2353, 1038318834, 1849, 1038328849, 2345, 1038318029, 2106, 1038628964, 2362, 1038628688, 2090, 1038776309, 1841, 1038327851, 2354, 1038754640, 2107, 1038315497, 2091, 1038317371, 2108, 1021359273, 2363, 1038320001, 1834, 1038776320, 2109, 1021747617, 2355, 1038321275, 2111, 1021147301, 2365, 1021743162, 2092, 1021118286, 2093, 1021991487, 2110, 1021954194, 2351, 1021119754, 2359, 1021114361, 2094, 1021990822, 2095, 1021116005, 1853, 1021752003, 1846, 1021987217, 1842, 1038754776, 1840, 1037907880, 1850, 1038629236, 2346, 1038776293, 1851, 1038310987, 2347, 1038321864, 2364, 1021355698, 1835, 1038312852, 1836, 1021122284, 2348, 1021114426, 2356, 1021140446, 1852, 1021362983, 2366, 1021958357, 2349, 1021987325, 2357, 1021965555, 1837, 1021995544, 2367, 1021151175, 1845, 1021973950, 2350, 1021995101, 2358, 1021995704, 1854, 1021950148, 1844, 1021148149, 1838, 1021986638, 1855, 1021143317, 1843, 1038312271, 1839, 1021112149, 1847, 1021106753]
[INFO] (lattice_cell.c: 455): on tick 13 of 50
[INFO] (lattice_cell.c: 172): the unmatched_packets is 56
[2104, 1038024633, 2360, 1038024851, 1832, 1037885825, 2088, 1037885790, 2352, 1037905278, 1848, 1038024413, 2344, 1037885756, 1840, 1037905259, 2105, 1038328915, 2361, 1038324711, 1833, 1038332843, 1849, 1038333127, 2089, 1038328625, 2353, 1038324980, 2345, 1038324431, 1841, 1038333388, 2106, 1038626326, 1850, 1038626552, 2362, 1038626093, 1834, 1038767728, 2090, 1038767762, 2354, 1038747553, 2346, 1038767788, 1842, 1038747565, 1835, 1038320561, 2107, 1038322325, 1851, 1038318113, 2363, 1038326536, 2091, 1038324773, 2355, 1038328403, 2347, 1038328971, 2108, 1021354015, 2364, 1021349888, 2092, 1021102789, 2356, 1021137867, 2348, 1021098291, 2109, 1021740088, 2093, 1022004858, 2110, 1021953860, 2094, 1021989629, 2366, 1021958459, 2351, 1021113030, 2111, 1021137848, 2359, 1021114134, 2095, 1021108440, 1853, 1021745241, 1855, 1021133097, 1847, 1021104939, 2349, 1022000044, 1852, 1021358154, 2365, 1021734854, 1844, 1021146655, 2357, 1021961670, 2350, 1021994336, 1837, 1022009620, 2367, 1021142535, 2358, 1021987902, 1845, 1021971500, 1843, 1038319990, 1836, 1021107315, 1838, 1021984932, 1854, 1021949282, 1839, 1021103805, 1846, 1021978483]
[INFO] (lattice_cell.c: 455): on tick 14 of 50
[INFO] (lattice_cell.c: 172): the unmatched_packets is 56
[2104, 1038027359, 2360, 1038027661, 2088, 1037874646, 1832, 1037874640, 2352, 1037904694, 2344, 1037874651, 1848, 1038027029, 2105, 1038325308, 2361, 1038320829, 2089, 1038320364, 2345, 1038315892, 2106, 1038629233, 2090, 1038789935, 2107, 1038315443, 2362, 1038628917, 2108, 1021357391, 1840, 1037904543, 2109, 1021746539, 2347, 1038321384, 2110, 1021957686, 2111, 1021143669, 2365, 1021741972, 2091, 1038316922, 2092, 1021151944, 2093, 1021968595, 2358, 1021990091, 2094, 1022010800, 2095, 1021096777, 1846, 1021981411, 2353, 1038319445, 1833, 1038324846, 1841, 1038328396, 2346, 1038789932, 2354, 1038757993, 1842, 1038758141, 1850, 1038629548, 1851, 1038310981, 1843, 1038312062, 1835, 1038312444, 2363, 1038319922, 2355, 1038321006, 2364, 1021353809, 1852, 1021361133, 2348, 1021148096, 1844, 1021158707, 2356, 1021150914, 2349, 1021964313, 1845, 1021962417, 1837, 1021972774, 2366, 1021961932, 2357, 1021953894, 2350, 1022015211, 1854, 1021953596, 2367, 1021147589, 2351, 1021100514, 1855, 1021139641, 1838, 1022006532, 1853, 1021751001, 2359, 1021119470, 1836, 1021155930, 1847, 1021111855, 1839, 1021092904, 1834, 1038789937, 1849, 1038329783]
[INFO] (lattice_cell.c: 455): on tick 15 of 50
[INFO] (lattice_cell.c: 172): the unmatched_packets is 56
[2104, 1038028632, 2360, 1038028880, 2088, 1037912471, 1832, 1037912486, 2352, 1037912417, 2344, 1037912461, 1848, 1038028386, 1840, 1037912373, 2105, 1038328591, 2361, 1038324341, 1833, 1038333372, 2089, 1038329117, 2345, 1038324885, 2106, 1038622466, 2090, 1038740106, 2107, 1038322040, 2362, 1038622199, 2354, 1038740425, 2108, 1021347262, 2346, 1038740117, 1841, 1038336103, 2355, 1038328240, 2094, 1021981024, 2111, 1021140540, 2091, 1038324953, 2109, 1021748292, 2367, 1021145227, 2350, 1021985603, 2093, 1022080332, 2351, 1021121208, 2110, 1021951323, 2095, 1021116643, 2092, 1021026675, 1853, 1021753433, 1837, 1022084949, 1845, 1021991036, 1846, 1021970888, 1839, 1021112025, 1847, 1021112101, 1850, 1038622718, 1842, 1038740487, 1851, 1038317797, 1843, 1038319758, 1852, 1021351284, 1836, 1021031268, 1849, 1038332833, 1834, 1038740097, 2353, 1038327619, 1854, 1021946838, 1835, 1038320709, 2363, 1038326292, 1838, 1021976429, 1855, 1021135818, 2347, 1038329190, 2364, 1021343256, 2356, 1021108439, 2348, 1021022139, 2365, 1021743079, 2357, 1021981414, 2366, 1021955804, 2349, 1022075744, 2358, 1021980101, 1844, 1021117209, 2359, 1021121214]
[INFO] (lattice_cell.c: 455): on tick 16 of 50
[INFO] (lattice_cell.c: 172): the unmatched_packets is 56
[2104, 1038020430, 2360, 1038020752, 2088, 1037853052, 1832, 1037853070, 2344, 1037853033, 1848, 1038020098, 1840, 1037882901, 2352, 1037882988, 2105, 1038322924, 2361, 1038318494, 1833, 1038327135, 2089, 1038322688, 2353, 1038319325, 1849, 1038327368, 2345, 1038318271, 1841, 1038328190, 2106, 1038636242, 2362, 1038635910, 2090, 1038811874, 2346, 1038811900, 2107, 1038316103, 2091, 1038316476, 2363, 1038320536, 2108, 1021384090, 2355, 1038320688, 2347, 1038320884, 2092, 1021252591, 2109, 1021730217, 2093, 1021858743, 2110, 1021958754, 2111, 1021139202, 2095, 1021094191, 2365, 1021725459, 2367, 1021143147, 2351, 1021097979, 2094, 1022012410, 1854, 1021954577, 1846, 1021998693, 2354, 1038780345, 1839, 1021090264, 1847, 1021094061, 2364, 1021380539, 1834, 1038811859, 1835, 1038312028, 1850, 1038636573, 2348, 1021248777, 2356, 1021212760, 1851, 1038311672, 1843, 1038311834, 1842, 1038780427, 2357, 1021893750, 2349, 1021854254, 1836, 1021256551, 1852, 1021387795, 2366, 1021963132, 1844, 1021220411, 2350, 1022016924, 2358, 1022007613, 1837, 1021863084, 2359, 1021101756, 1853, 1021734855, 1838, 1022008051, 1855, 1021135105, 1845, 1021902712]
[INFO] (lattice_cell.c: 455): on tick 17 of 50
[INFO] (lattice_cell.c: 172): the unmatched_packets is 56
[2104, 1038043986, 2360, 1038044310, 1832, 1037914071, 2088, 1037914029, 1848, 1038043667, 2344, 1037913989, 1840, 1037938801, 2352, 1037938911, 2105, 1038329011, 2361, 1038324727, 1833, 1038332716, 2089, 1038328423, 2353, 1038325493, 2345, 1038324133, 1849, 1038333312, 2106, 1038606958, 2362, 1038606626, 2090, 1038739054, 2346, 1038739094, 2107, 1038321658, 2091, 1038324745, 2108, 1021294220, 2092, 1020965137, 1834, 1038739020, 2093, 1022146343, 2364, 1021290209, 2111, 1021157134, 2348, 1020960656, 2367, 1021161771, 2110, 1021935739, 2359, 1021130429, 2094, 1021984061, 2095, 1021114108, 2109, 1021799956, 1853, 1021804976, 1855, 1021152510, 1839, 1021109605, 1850, 1038607288, 2354, 1038713278, 1851, 1038317366, 1843, 1038319102, 1836, 1020969661, 1852, 1021298219, 2363, 1038325958, 1837, 1022150842, 1841, 1038334078, 1842, 1038713389, 2347, 1038329028, 2355, 1038327687, 1845, 1022096015, 2356, 1021012885, 2365, 1021794921, 1838, 1021979540, 1854, 1021931381, 2366, 1021940123, 2349, 1022141864, 2357, 1022086850, 2350, 1021988567, 1844, 1021021739, 2358, 1021973908, 1847, 1021121449, 2351, 1021118557, 1835, 1038320443, 1846, 1021964891]
[INFO] (lattice_cell.c: 455): on tick 18 of 50
[INFO] (lattice_cell.c: 172): the unmatched_packets is 56
[2104, 1037999563, 2360, 1037999860, 2088, 1037882533, 1832, 1037882515, 1848, 1037999250, 2352, 1037875940, 2344, 1037882555, 1840, 1037875837, 2105, 1038325312, 2361, 1038320921, 2089, 1038322259, 1833, 1038326651, 1849, 1038329693, 2353, 1038320552, 1841, 1038329311, 2106, 1038657563, 2090, 1038781088, 1834, 1038781108, 1850, 1038657871, 1842, 1038787257, 2362, 1038657253, 2107, 1038313301, 2109, 1021631082, 2093, 1021909777, 2094, 1021986684, 1835, 1038313127, 2091, 1038317516, 2108, 1021474152, 2359, 1021104191, 2110, 1021990829, 1837, 1021914099, 2111, 1021116664, 2095, 1021115813, 2092, 1021203962, 1847, 1021096253, 1843, 1038311984, 1836, 1021208163, 1844, 1021301686, 1845, 1021816928, 1853, 1021636002, 1838, 1021982241, 1854, 1021986593, 1846, 1021993633, 1855, 1021112424, 1839, 1021111761, 1851, 1038308932, 2345, 1038317892, 2354, 1038787171, 2346, 1038781078, 1852, 1021477782, 2363, 1038317685, 2355, 1038320740, 2347, 1038321883, 2364, 1021470703, 2356, 1021293938, 2348, 1021199947, 2365, 1021626004, 2357, 1021807660, 2366, 1021995237, 2349, 1021905305, 2358, 1022002691, 2367, 1021120758, 2350, 1021991287, 2351, 1021119685]
[INFO] (lattice_cell.c: 455): on tick 19 of 50
[INFO] (lattice_cell.c: 172): the unmatched_packets is 56
[2104, 1038047399, 2360, 1038047790, 2088, 1037869347, 1832, 1037869388, 2352, 1037911560, 1848, 1038047017, 2344, 1037869307, 1840, 1037911502, 2105, 1038327854, 2361, 1038323506, 2089, 1038329640, 1833, 1038334001, 1849, 1038332199, 1841, 1038334577, 2353, 1038325896, 2345, 1038325312, 2106, 1038603674, 2362, 1038603265, 2090, 1038785087, 1834, 1038785047, 2346, 1038785124, 1850, 1038604076, 2354, 1038741995, 2107, 1038321927, 2091, 1038323437, 2363, 1038326283, 2108, 1021195713, 2092, 1021117280, 2109, 1021903994, 2110, 1021900809, 2111, 1021191591, 1835, 1038319083, 2349, 1021985226, 2093, 1021989720, 2094, 1022003476, 2359, 1021118099, 2095, 1021095929, 1838, 1021999057, 1847, 1021109495, 2355, 1038329644, 2347, 1038327767, 2364, 1021191810, 2348, 1021112990, 2356, 1021027496, 2365, 1021899098, 1843, 1038320961, 1836, 1021121590, 1852, 1021199626, 1844, 1021035879, 1853, 1021908895, 2366, 1021905189, 1837, 1021994204, 2357, 1022071815, 2367, 1021195995, 1845, 1022081025, 2350, 1022007877, 2358, 1021976851, 1854, 1021896431, 2351, 1021100298, 1842, 1038742060, 1846, 1021967875, 1855, 1021187178, 1839, 1021091529, 1851, 1038317583]
[INFO] (lattice_cell.c: 455): on tick 20 of 50
[INFO] (lattice_cell.c: 172): the unmatched_packets is 56
[2104, 1038036607, 2360, 1038036929, 1832, 1037899481, 2088, 1037899439, 2352, 1037928749, 1848, 1038036267, 1840, 1037928665, 2344, 1037899396, 2105, 1038325289, 1833, 1038325994, 2361, 1038320966, 2089, 1038321669, 1849, 1038329635, 2353, 1038319880, 2345, 1038317355, 1841, 1038328535, 2106, 1038619584, 2362, 1038619256, 1834, 1038764249, 2090, 1038764294, 2354, 1038732739, 2346, 1038764344, 1850, 1038619920, 2107, 1038315893, 1842, 1038732815, 2363, 1038320212, 2091, 1038315436, 2355, 1038321131, 2347, 1038319750, 2108, 1021500522, 2092, 1021074554, 2109, 1021604844, 2110, 1022039067, 2348, 1021070478, 2111, 1021057560, 2095, 1021099982, 2366, 1022043396, 2093, 1022043933, 2094, 1022012839, 2359, 1021095421, 1846, 1022002837, 1847, 1021087085, 2364, 1021496924, 2356, 1021167459, 2365, 1021599688, 1835, 1038311105, 1836, 1021078826, 1852, 1021504270, 2357, 1021938218, 1844, 1021175738, 2349, 1022039338, 1843, 1038312489, 1851, 1038311564, 2350, 1022017514, 2367, 1021061961, 2358, 1022011922, 1845, 1021947389, 1853, 1021609818, 2351, 1021103981, 1854, 1022034956, 1837, 1022048414, 1838, 1022008305, 1855, 1021053009, 1839, 1021095782]
[INFO] (lattice_cell.c: 455): on tick 21 of 50
[INFO] (lattice_cell.c: 172): the unmatched_packets is 56
[2104, 1037984135, 2360, 1037984529, 2088, 1037883695, 1832, 1037883693, 1848, 1037983734, 2105, 1038328671, 2089, 1038329474, 1840, 1037867898, 2107, 1038319910, 2091, 1038323632, 2354, 1038786126, 2346, 1038769678, 2364, 1021292033, 2095, 1021136465, 2106, 1038668296, 2357, 1021928497, 2366, 1021833164, 1836, 1021116481, 2108, 1021295612, 1852, 1021299215, 2092, 1021112163, 2109, 1021800798, 2093, 1021995002, 2110, 1021828757, 2094, 1021962268, 2111, 1021268904, 2090, 1038769690, 1838, 1021957847, 1839, 1021132294, 1847, 1021177755, 1849, 1038333072, 2352, 1037868092, 2344, 1037883695, 1842, 1038786335, 2361, 1038324269, 1843, 1038317605, 1844, 1021174608, 1837, 1021999272, 1853, 1021805796, 1845, 1021937539, 1854, 1021824333, 1846, 1021909075, 1855, 1021264761, 1834, 1038769692, 1833, 1038333882, 1851, 1038315512, 2345, 1038325085, 2353, 1038326790, 2362, 1038667881, 1835, 1038319226, 1850, 1038668722, 2363, 1038324315, 2355, 1038326397, 2347, 1038328018, 2356, 1021166495, 2365, 1021795769, 2348, 1021107863, 2349, 1021990757, 2358, 1021918094, 2367, 1021273071, 2350, 1021966668, 2351, 1021140614, 2359, 1021185853, 1841, 1038335585]
[INFO] (lattice_cell.c: 455): on tick 22 of 50
[INFO] (lattice_cell.c: 172): the unmatched_packets is 56
[2104, 1038071037, 2360, 1038071398, 2088, 1037904509, 1832, 1037904567, 2352, 1037937541, 2344, 1037904447, 1848, 1038070661, 1840, 1037937584, 2105, 1038324241, 2361, 1038319959, 1833, 1038327016, 2089, 1038322731, 2353, 1038320117, 2345, 1038318469, 1849, 1038328518, 2106, 1038585127, 2362, 1038584750, 2090, 1038758708, 2354, 1038724665, 2346, 1038758780, 1834, 1038758650, 2107, 1038316048, 2091, 1038317785, 1850, 1038585498, 2108, 1021333066, 2363, 1038320330, 2347, 1038322044, 2110, 1022095816, 2364, 1021329378, 2094, 1022049759, 2111, 1021002610, 2109, 1021777821, 2366, 1022100251, 1835, 1038313508, 2351, 1021054756, 2359, 1020983183, 2092, 1021155495, 2095, 1021050477, 2093, 1021959898, 1854, 1022091557, 1846, 1022110309, 1847, 1020974354, 1841, 1038328662, 2355, 1038322357, 1843, 1038313821, 1836, 1021159872, 1852, 1021336937, 1837, 1021964485, 1845, 1021978453, 1842, 1038724609, 2356, 1021138255, 2348, 1021151292, 2365, 1021772585, 1838, 1022045281, 2357, 1021968800, 2349, 1021955213, 1855, 1020997957, 1839, 1021046051, 2358, 1022119327, 2367, 1021007111, 2350, 1022054389, 1853, 1021782949, 1851, 1038311781, 1844, 1021146472]
[INFO] (lattice_cell.c: 455): on tick 23 of 50
[INFO] (lattice_cell.c: 172): the unmatched_packets is 56
[2104, 1038018591, 2360, 1038019019, 1832, 1037844651, 2088, 1037844659, 2352, 1037879365, 2344, 1037844667, 1848, 1038018186, 1840, 1037879223, 2105, 1038329364, 2361, 1038324925, 1833, 1038333606, 2089, 1038329146, 2353, 1038326045, 2345, 1038324716, 1849, 1038333822, 1841, 1038334934, 2106, 1038632287, 2362, 1038631850, 2090, 1038810478, 1834, 1038810496, 2346, 1038810474, 1850, 1038632726, 2107, 1038321057, 2363, 1038325510, 2091, 1038321714, 2355, 1038327067, 2108, 1021393946, 2092, 1021093245, 1842, 1038774191, 2093, 1022015154, 2110, 1021857139, 2111, 1021234492, 2095, 1021214827, 2365, 1021695253, 2109, 1021700102, 2358, 1021841348, 2094, 1021889995, 1854, 1021853020, 1846, 1021832370, 2354, 1038774029, 2347, 1038326154, 2364, 1021390382, 2356, 1021105591, 2348, 1021089137, 2357, 1021992237, 2349, 1022010909, 2366, 1021861286, 2350, 1021894452, 2367, 1021238711, 1852, 1021397497, 1844, 1021113649, 1837, 1022019399, 2351, 1021218727, 2359, 1021261042, 1838, 1021885528, 1835, 1038317258, 1851, 1038316611, 1855, 1021230248, 1839, 1021210934, 1847, 1021253271, 1843, 1038318180, 1853, 1021704926, 1836, 1021097375, 1845, 1022000946]
[INFO] (lattice_cell.c: 455): on tick 24 of 50
[INFO] (lattice_cell.c: 172): the unmatched_packets is 56
[2104, 1038006271, 2360, 1038006688, 1832, 1037926314, 2088, 1037926238, 2344, 1037926162, 1848, 1038005847, 2352, 1037924690, 2105, 1038324518, 2361, 1038320285, 1833, 1038326824, 2089, 1038322588, 1840, 1037924569, 2353, 1038320435, 1849, 1038328755, 2106, 1038651457, 2362, 1038651036, 1834, 1038736839, 2090, 1038736926, 2354, 1038737765, 1850, 1038651888, 2346, 1038737014, 1842, 1038737877, 2345, 1038318375, 2107, 1038314071, 2363, 1038318304, 2091, 1038317593, 2108, 1021363769, 2092, 1021109360, 2109, 1021744765, 2094, 1022145464, 1835, 1038313356, 2111, 1021144446, 2093, 1022008265, 2366, 1021964009, 2110, 1021959331, 2095, 1020957946, 1853, 1021750132, 1854, 1021954855, 1839, 1020953358, 1841, 1038328896, 2355, 1038320612, 1836, 1021113877, 1852, 1021367567, 1851, 1038309847, 2347, 1038321815, 1843, 1038312162, 2364, 1021360115, 1837, 1022012908, 1845, 1021959759, 2348, 1021105036, 2356, 1021155809, 2365, 1021739265, 1844, 1021164322, 2349, 1022003522, 1838, 1022140922, 2357, 1021950014, 1846, 1022082866, 2367, 1021148890, 2350, 1022150112, 2358, 1022092307, 1855, 1021139859, 2351, 1020962368, 1847, 1021006962, 2359, 1021015722]
[INFO] (lattice_cell.c: 455): on tick 25 of 50
[INFO] (lattice_cell.c: 172): the unmatched_packets is 56
[2104, 1038036090, 2360, 1038036524, 1832, 1037870593, 2088, 1037870555, 1848, 1038035660, 1840, 1037905212, 2352, 1037905279, 2344, 1037870521, 2105, 1038329112, 2361, 1038324628, 1833, 1038333947, 2089, 1038329457, 1849, 1038333602, 2353, 1038326930, 1841, 1038335893, 2345, 1038324984, 2106, 1038615283, 2362, 1038614830, 1834, 1038782571, 2090, 1038782607, 1850, 1038615738, 2354, 1038747517, 1842, 1038747597, 2346, 1038782637, 2107, 1038321638, 2363, 1038326140, 1835, 1038319057, 2091, 1038323557, 1851, 1038317154, 2355, 1038328534, 2347, 1038328024, 1843, 1038319568, 2108, 1021328896, 2364, 1021325546, 2092, 1021112682, 2356, 1021165307, 1836, 1021116808, 1852, 1021332245, 2109, 1021768046, 2093, 1021995471, 2110, 1022004140, 2365, 1021763133, 2094, 1021867070, 2366, 1022008188, 2111, 1021087070, 2095, 1021229579, 2359, 1021131766, 1846, 1021954549, 1854, 1022000097, 1855, 1021082899, 2348, 1021108594, 2357, 1021931214, 2349, 1021991376, 2358, 1021962943, 2350, 1021871380, 2367, 1021091186, 1837, 1021999547, 1853, 1021772902, 1845, 1021939892, 1844, 1021173034, 2351, 1021233448, 1838, 1021862767, 1839, 1021225655, 1847, 1021123774]
[INFO] (lattice_cell.c: 455): on tick 26 of 50
[INFO] (lattice_cell.c: 172): the unmatched_packets is 56
[2104, 1038042047, 1832, 1037884281, 2360, 1038042465, 2088, 1037884280, 1848, 1038041607, 2352, 1037891365, 2344, 1037884258, 2105, 1038324444, 1833, 1038326810, 2361, 1038320243, 2089, 1038322608, 2353, 1038320014, 2345, 1038318419, 2106, 1038614286, 2090, 1038780251, 2107, 1038314905, 2362, 1038613849, 2354, 1038771997, 2091, 1038315184, 2092, 1021122258, 2363, 1038319106, 2093, 1021994005, 2111, 1021164230, 2351, 1021075254, 2110, 1021935673, 2094, 1022039326, 1852, 1021361885, 1844, 1021137503, 2095, 1021070953, 2108, 1021357942, 2109, 1021751754, 1839, 1021066489, 1840, 1037891295, 1842, 1038772046, 1841, 1038328413, 1835, 1038310977, 2346, 1038780271, 1843, 1038311712, 1849, 1038328651, 2355, 1038320097, 2347, 1038319367, 2364, 1021354141, 1836, 1021126834, 1850, 1038614717, 2356, 1021128870, 1834, 1038780233, 2348, 1021117859, 2365, 1021746285, 1853, 1021757139, 2357, 1021977059, 2366, 1021940288, 2349, 1021989189, 1845, 1021986954, 1854, 1021931218, 2367, 1021168889, 1851, 1038310715, 2358, 1021953667, 1838, 1022034527, 2350, 1022044246, 1855, 1021159457, 1846, 1021943862, 2359, 1021155643, 1847, 1021146916, 1837, 1021998742]
[INFO] (lattice_cell.c: 455): on tick 27 of 50
[INFO] (lattice_cell.c: 172): the unmatched_packets is 56
[2104, 1038017138, 2360, 1038017604, 2088, 1037893336, 1832, 1037893394, 1848, 1038016673, 2352, 1037906038, 2344, 1037893273, 1840, 1037905919, 2105, 1038329163, 2361, 1038324660, 1833, 1038334293, 2089, 1038329773, 1849, 1038333673, 2353, 1038326589, 2345, 1038325283, 1841, 1038335599, 2106, 1038634235, 1834, 1038759977, 2362, 1038633751, 2090, 1038760039, 1850, 1038634718, 2346, 1038760098, 1842, 1038747375, 2107, 1038320999, 2363, 1038325522, 2091, 1038323800, 1835, 1038319284, 1851, 1038316494, 2355, 1038327609, 2347, 1038328301, 1843, 1038318587, 2354, 1038747246, 2108, 1021372391, 2364, 1021369144, 2092, 1021121858, 2356, 1021119864, 2348, 1021117933, 2109, 1021722820, 2093, 1021987622, 2110, 1021920891, 2365, 1021717915, 1836, 1021125873, 2094, 1022025732, 2357, 1021979406, 2111, 1021171589, 2095, 1021070297, 2367, 1021175618, 2359, 1021079613, 1838, 1022021650, 2349, 1021983505, 2366, 1021924917, 2350, 1022029841, 2358, 1022020698, 2351, 1021074247, 1853, 1021727630, 1845, 1021987984, 1852, 1021375655, 1844, 1021127456, 1846, 1022012190, 1837, 1021991689, 1839, 1021066283, 1855, 1021167484, 1847, 1021071976, 1854, 1021916887]
[INFO] (lattice_cell.c: 455): on tick 28 of 50
[INFO] (lattice_cell.c: 172): the unmatched_packets is 56
[2104, 1038018653, 2360, 1038019144, 1832, 1037885502, 2088, 1037885438, 1848, 1038018147, 2352, 1037921676, 2344, 1037885374, 2105, 1038324786, 1840, 1037921565, 2361, 1038320594, 1833, 1038327499, 2089, 1038323309, 2353, 1038320790, 1849, 1038328974, 2345, 1038319139, 2106, 1038638979, 2362, 1038638466, 1834, 1038778357, 2090, 1038778438, 2354, 1038740389, 1850, 1038639487, 2346, 1038778507, 1842, 1038740487, 2107, 1038314138, 2091, 1038316694, 2108, 1021361346, 2109, 1021747504, 2347, 1038320842, 1835, 1038312498, 2357, 1021953692, 2093, 1022004748, 2366, 1021978076, 2358, 1022004267, 2110, 1021973330, 1836, 1021112986, 2359, 1021101705, 2094, 1021957367, 2111, 1021128572, 2095, 1021146611, 2092, 1021108330, 1845, 1021963606, 1855, 1021123886, 1839, 1021142104, 1847, 1021092730, 1843, 1038312219, 1851, 1038309959, 1844, 1021160146, 1852, 1021365210, 2363, 1038318332, 2355, 1038320568, 1837, 1022009477, 1853, 1021753034, 2364, 1021357584, 2356, 1021151343, 2348, 1021103814, 2365, 1021741889, 1838, 1021952529, 1854, 1021968738, 2349, 1021999964, 1846, 1021994560, 2350, 1021962306, 2367, 1021133188, 2351, 1021151025, 1841, 1038329155]
[INFO] (lattice_cell.c: 455): on tick 29 of 50
[INFO] (lattice_cell.c: 172): the unmatched_packets is 56
[2104, 1038031475, 2360, 1038031931, 1832, 1037878322, 2088, 1037878262, 1848, 1038031008, 2352, 1037899850, 2344, 1037878214, 1840, 1037899814, 2105, 1038329038, 1833, 1038333519, 2361, 1038324527, 2089, 1038328988, 2353, 1038325854, 2106, 1038619848, 2090, 1038775499, 1849, 1038333558, 2107, 1038321300, 2091, 1038322962, 2362, 1038619369, 2092, 1021104364, 2363, 1038325829, 2110, 1021974168, 2355, 1038328144, 2111, 1021117320, 2095, 1021110678, 2108, 1021340967, 2109, 1021756629, 2351, 1021114443, 2359, 1021139170, 2093, 1022007778, 2094, 1021989049, 1854, 1021970329, 1839, 1021106795, 1842, 1038753149, 1851, 1038316787, 1852, 1021344107, 1836, 1021108357, 1844, 1021165416, 1841, 1038334879, 1850, 1038620331, 1853, 1021761509, 1837, 1022011769, 1845, 1021951575, 2345, 1038324501, 1834, 1038775446, 2354, 1038753114, 1838, 1021984873, 1846, 1021948751, 1855, 1021113141, 2346, 1038775555, 2347, 1038327467, 2364, 1021337868, 1847, 1021131375, 1835, 1038318444, 2348, 1021100423, 2356, 1021157938, 2365, 1021751626, 1843, 1038319130, 2349, 1022003696, 2357, 1021942980, 2366, 1021978094, 2350, 1021993288, 2367, 1021121413, 2358, 1021957044]
[INFO] (lattice_cell.c: 455): on tick 30 of 50
[INFO] (lattice_cell.c: 172): the unmatched_packets is 56
[2104, 1038036592, 2360, 1038037097, 1832, 1037895553, 2088, 1037895535, 1848, 1038036062, 2352, 1037896161, 2344, 1037895513, 1840, 1037896025, 2105, 1038325486, 1833, 1038325799, 2361, 1038321299, 2089, 1038321617, 2353, 1038321114, 1849, 1038329675, 1841, 1038329484, 2345, 1038317442, 2106, 1038619969, 1834, 1038768251, 2362, 1038619449, 2090, 1038768273, 1850, 1038620484, 2354, 1038767211, 2346, 1038768297, 1842, 1038767332, 2107, 1038314760, 2363, 1038318946, 2091, 1038315543, 2355, 1038319964, 2108, 1021355580, 2092, 1021123576, 2109, 1021750364, 2093, 1021998675, 2356, 1021137077, 2110, 1021943493, 2348, 1021119027, 1835, 1038311350, 2349, 1021993913, 2094, 1022025563, 2367, 1021161261, 2351, 1021086133, 2359, 1021124311, 2111, 1021156580, 1836, 1021128248, 2095, 1021081759, 1845, 1021976098, 2347, 1038319710, 2364, 1021351783, 2365, 1021744775, 1847, 1021115597, 2357, 1021966175, 2366, 1021948220, 1851, 1038310581, 1843, 1038311605, 2350, 1022030496, 2358, 1021984070, 1852, 1021359494, 1844, 1021145887, 1853, 1021755875, 1837, 1022003413, 1838, 1022020689, 1846, 1021974070, 1855, 1021151870, 1854, 1021938881, 1839, 1021077264]
[INFO] (lattice_cell.c: 455): on tick 31 of 50
[INFO] (lattice_cell.c: 172): the unmatched_packets is 56
[2104, 1038022456, 2360, 1038022952, 1832, 1037887370, 2088, 1037887273, 1848, 1038021980, 2344, 1037887177, 1840, 1037904478, 2352, 1037904517, 2105, 1038328481, 2361, 1038323978, 2089, 1038329222, 2353, 1038328110, 2345, 1038324735, 2106, 1038629106, 2362, 1038628588, 2090, 1038766023, 2107, 1038320714, 2091, 1038323590, 1833, 1038333735, 2363, 1038325241, 2111, 1021159654, 2108, 1021364075, 2357, 1021971869, 2092, 1021127265, 2109, 1021734435, 2358, 1022009132, 2359, 1021090067, 2093, 1021984117, 2110, 1021932861, 2094, 1021989304, 2095, 1021106660, 2354, 1038748897, 1839, 1021102595, 2346, 1038766128, 2347, 1038328094, 2355, 1038327469, 2364, 1021361023, 2348, 1021123364, 2356, 1021122183, 2365, 1021729392, 2349, 1021980000, 2366, 1021936815, 1834, 1038765935, 1850, 1038629610, 2350, 1021993397, 1835, 1038319087, 1851, 1038316223, 1841, 1038337116, 2367, 1021163714, 2351, 1021110579, 1836, 1021131290, 1849, 1038332989, 1837, 1021988151, 1853, 1021739361, 1845, 1021980533, 1854, 1021928971, 1838, 1021985282, 1855, 1021155483, 1846, 1022000811, 1843, 1038318467, 1844, 1021129614, 1847, 1021082325, 1852, 1021367217, 1842, 1038748943]
[INFO] (lattice_cell.c: 455): on tick 32 of 50
[INFO] (lattice_cell.c: 172): the unmatched_packets is 56
[2104, 1038021710, 2360, 1038022274, 1832, 1037885932, 2088, 1037885863, 2352, 1037918619, 2344, 1037885800, 2105, 1038323602, 2361, 1038319389, 2089, 1038324192, 1833, 1038328402, 2353, 1038321398, 2345, 1038320012, 1849, 1038327805, 2106, 1038635609, 1841, 1038329798, 2362, 1038635027, 2090, 1038778065, 1834, 1038777998, 2346, 1038778137, 2107, 1038315058, 2091, 1038316353, 2108, 1021367787, 2092, 1021105270, 2355, 1038320619, 1850, 1038636191, 2109, 1021746748, 2093, 1022005517, 2364, 1021364035, 2111, 1021135368, 2348, 1021100717, 2366, 1021967094, 2110, 1021962346, 2094, 1021974221, 2359, 1021108943, 2095, 1021130366, 1838, 1021969271, 1846, 1021987003, 1847, 1021100197, 2354, 1038743341, 2363, 1038319261, 2347, 1038320530, 2356, 1021141548, 1851, 1038310865, 2365, 1021741125, 1836, 1021109867, 1844, 1021150330, 1852, 1021371566, 2357, 1021961986, 2349, 1022000756, 1840, 1037918496, 1848, 1038021130, 1837, 1022010250, 1845, 1021971850, 2358, 1021996885, 2350, 1021979216, 2367, 1021139938, 1853, 1021752339, 1842, 1038743451, 2351, 1021134687, 1854, 1021957712, 1855, 1021130716, 1839, 1021126016, 1835, 1038312132, 1843, 1038312240]
[INFO] (lattice_cell.c: 455): on tick 33 of 50
[INFO] (lattice_cell.c: 172): the unmatched_packets is 56
[2104, 1038026430, 2360, 1038026930, 1832, 1037872446, 2088, 1037872380, 2352, 1037901274, 2344, 1037872293, 1840, 1037901229, 2105, 1038328535, 2361, 1038324058, 2089, 1038327257, 1833, 1038331727, 2353, 1038325292, 2106, 1038625288, 2090, 1038781890, 1849, 1038333020, 2107, 1038320310, 2362, 1038624752, 2091, 1038322660, 2354, 1038751903, 2346, 1038781955, 2108, 1021348888, 2355, 1038326919, 2111, 1021126497, 2366, 1021971583, 2092, 1021128671, 2109, 1021750550, 2093, 1021991172, 2110, 1021967633, 2094, 1022002055, 2095, 1021097413, 1844, 1021167261, 1839, 1021093379, 1847, 1021122550, 2345, 1038322779, 1834, 1038781818, 1835, 1038318169, 1843, 1038317960, 1851, 1038315836, 1850, 1038625823, 2363, 1038324805, 1848, 1038025915, 1842, 1038751944, 1836, 1021132817, 2347, 1038327126, 1852, 1021351989, 2364, 1021345875, 2356, 1021159644, 2348, 1021124656, 2365, 1021745375, 2357, 1021944210, 1853, 1021755566, 1841, 1038334232, 1845, 1021952813, 2349, 1021987122, 2358, 1021969532, 1854, 1021963807, 1837, 1021995152, 2367, 1021130658, 2350, 1022006275, 2359, 1021130446, 1846, 1021961187, 1855, 1021122214, 2351, 1021101267, 1838, 1021997938]
[INFO] (lattice_cell.c: 455): on tick 34 of 50
[INFO] (lattice_cell.c: 172): the unmatched_packets is 56
[2104, 1038036089, 2360, 1038036636, 1832, 1037910729, 2088, 1037910691, 1848, 1038035526, 2344, 1037910643, 2352, 1037905712, 1840, 1037905610, 2105, 1038326357, 2361, 1038322110, 1833, 1038328688, 2089, 1038324432, 2353, 1038323319, 2345, 1038320227, 1849, 1038330595, 2106, 1038620445, 2362, 1038619879, 1834, 1038752249, 2090, 1038752308, 2354, 1038757067, 2346, 1038752359, 1850, 1038621003, 1842, 1038757150, 2107, 1038313300, 2363, 1038317531, 2091, 1038316716, 2355, 1038320740, 2347, 1038320936, 2108, 1021348394, 2092, 1021064644, 1835, 1038312474, 2109, 1021755243, 2364, 1021344783, 2093, 1022047740, 2110, 1021955434, 2111, 1021150163, 2357, 1021971742, 2094, 1022003358, 2350, 1022008275, 2359, 1021125756, 2095, 1021099700, 1837, 1022052456, 1855, 1021145588, 2348, 1021060176, 2356, 1021124124, 2365, 1021749597, 1841, 1038331785, 2349, 1022043018, 2366, 1021960076, 1843, 1038312295, 2367, 1021154727, 2358, 1021978754, 2351, 1021103980, 1836, 1021069153, 1851, 1038309071, 1852, 1021352028, 1853, 1021760850, 1845, 1021981683, 1854, 1021950867, 1838, 1021998488, 1846, 1021968820, 1844, 1021132635, 1839, 1021095388, 1847, 1021117305]
[INFO] (lattice_cell.c: 455): on tick 35 of 50
[INFO] (lattice_cell.c: 172): the unmatched_packets is 56
[2104, 1038021681, 2360, 1038022248, 2088, 1037862550, 1832, 1037862666, 2352, 1037887136, 2344, 1037862418, 1848, 1038021109, 1840, 1037887078, 2105, 1038326474, 2361, 1038322032, 1833, 1038334147, 2089, 1038329709, 2353, 1038325475, 2345, 1038325281, 1849, 1038330912, 1841, 1038334340, 2106, 1038630153, 2362, 1038629550, 2090, 1038791599, 1834, 1038791486, 2354, 1038766990, 2346, 1038791716, 1850, 1038630735, 1842, 1038767059, 2107, 1038320084, 2363, 1038324543, 2091, 1038322325, 2355, 1038328457, 2347, 1038326757, 1835, 1038317881, 2108, 1021376180, 2364, 1021373048, 2092, 1021211052, 2356, 1021173484, 2109, 1021730545, 2093, 1021898227, 2110, 1021942183, 2111, 1021151908, 2094, 1022003961, 2367, 1021156087, 2095, 1021095094, 1837, 1021902309, 2348, 1021207029, 2365, 1021725395, 2357, 1021931076, 1843, 1038319587, 2349, 1021894057, 1836, 1021215271, 2366, 1021946252, 1851, 1038315648, 2358, 1022005123, 1844, 1021181299, 1852, 1021379456, 2350, 1022008203, 2359, 1021088380, 1853, 1021735569, 1845, 1021939777, 2351, 1021099098, 1838, 1021999855, 1846, 1021996604, 1854, 1021938263, 1855, 1021147581, 1839, 1021090944, 1847, 1021080386]
[INFO] (lattice_cell.c: 455): on tick 36 of 50
[INFO] (lattice_cell.c: 172): the unmatched_packets is 56
[2104, 1038034497, 2360, 1038035053, 2088, 1037916920, 1832, 1037916976, 1848, 1038033917, 2352, 1037937807, 2344, 1037916864, 1840, 1037937719, 2105, 1038326507, 2361, 1038322223, 2089, 1038320770, 1833, 1038325053, 2353, 1038321114, 2345, 1038316505, 1849, 1038330791, 1841, 1038329672, 2106, 1038622370, 2362, 1038621795, 1834, 1038745960, 2090, 1038746013, 1850, 1038622943, 2346, 1038746077, 1842, 1038723660, 2354, 1038723586, 2107, 1038315823, 2363, 1038320109, 1835, 1038310954, 2091, 1038315243, 1851, 1038311558, 2355, 1038321288, 2347, 1038319498, 1843, 1038312746, 2108, 1021328242, 2364, 1021324811, 2092, 1021000909, 1836, 1021005413, 2356, 1021059856, 1852, 1021331667, 2348, 1020996406, 1844, 1021068215, 2109, 1021775342, 2365, 1021769680, 2093, 1022125717, 2357, 1022046347, 2349, 1022121167, 2110, 1021942387, 2094, 1021971523, 2111, 1021152084, 2095, 1021138503, 2351, 1021142682, 2366, 1021946901, 2350, 1021976341, 2367, 1021156612, 1855, 1021147542, 2359, 1021118362, 2358, 1021985456, 1853, 1021781006, 1845, 1022056078, 1854, 1021937920, 1846, 1021975803, 1839, 1021134274, 1837, 1022130250, 1847, 1021109925, 1838, 1021966689]
[INFO] (lattice_cell.c: 455): on tick 37 of 50
[INFO] (lattice_cell.c: 172): the unmatched_packets is 56
[2104, 1038006084, 2360, 1038006696, 1832, 1037852972, 2088, 1037852873, 2352, 1037876838, 1848, 1038005467, 2344, 1037852755, 2105, 1038328949, 1840, 1037876805, 2361, 1038324559, 1833, 1038336004, 2089, 1038331604, 1849, 1038333339, 2353, 1038329171, 2345, 1038327232, 1841, 1038337939, 2106, 1038646196, 2362, 1038645551, 2090, 1038801842, 1834, 1038801736, 1850, 1038646835, 2354, 1038777042, 2346, 1038801944, 2107, 1038317865, 2363, 1038322273, 2091, 1038321824, 2347, 1038326198, 2108, 1021423596, 2092, 1021232560, 2109, 1021674327, 2364, 1021420449, 2110, 1021987567, 2094, 1022001078, 2348, 1021228459, 2111, 1021114653, 2349, 1021864635, 2366, 1021991817, 2093, 1021868966, 2351, 1021102864, 2095, 1021098873, 1842, 1038777084, 1836, 1021236801, 1837, 1021873136, 1845, 1021838633, 1853, 1021679515, 1854, 1021983482, 1839, 1021094684, 1855, 1021110353, 1847, 1021100047, 2355, 1038325565, 1843, 1038316800, 1851, 1038313472, 1835, 1038317420, 2356, 1021259015, 2365, 1021668961, 1852, 1021426874, 1844, 1021266869, 2357, 1021829593, 2350, 1022005504, 2358, 1021994946, 2367, 1021118849, 1838, 1021996808, 2359, 1021108064, 1846, 1021986089]
[INFO] (lattice_cell.c: 455): on tick 38 of 50
[INFO] (lattice_cell.c: 172): the unmatched_packets is 56
[2104, 1038053388, 2360, 1038053969, 2088, 1037899270, 1832, 1037899384, 2352, 1037929458, 1848, 1038052793, 2344, 1037899161, 2105, 1038322670, 1840, 1037929403, 2361, 1038318333, 2089, 1038322299, 2353, 1038318938, 2345, 1038317994, 1849, 1038327005, 1841, 1038327592, 1833, 1038326636, 2106, 1038603038, 2362, 1038602447, 1834, 1038764253, 2090, 1038764373, 1850, 1038603631, 2354, 1038732676, 2346, 1038764502, 1842, 1038732711, 2107, 1038316205, 2363, 1038320530, 2091, 1038317398, 1835, 1038313061, 2355, 1038323234, 2347, 1038321716, 1851, 1038311883, 2108, 1021245853, 2364, 1021242507, 2092, 1021029894, 1836, 1021034253, 2356, 1021019803, 2348, 1021025581, 1852, 1021249218, 2109, 1021873080, 2365, 1021867528, 2093, 1022092844, 1844, 1021028171, 2110, 1021918741, 2094, 1022009781, 2111, 1021175572, 2349, 1022088349, 1853, 1021878609, 2095, 1021091108, 2358, 1021958830, 1855, 1021170987, 2357, 1022095072, 1837, 1022097363, 2366, 1021922997, 2350, 1022014466, 2367, 1021180147, 1845, 1022104423, 1843, 1038314599, 1838, 1022005087, 1846, 1021949502, 1854, 1021914513, 1839, 1021086958, 1847, 1021128510, 2351, 1021095226, 2359, 1021136892]
[INFO] (lattice_cell.c: 455): on tick 39 of 50
[INFO] (lattice_cell.c: 172): the unmatched_packets is 56
[2104, 1038014716, 2360, 1038015323, 1832, 1037902166, 2088, 1037902126, 1848, 1038014107, 2352, 1037891980, 1840, 1037891846, 2344, 1037902086, 2105, 1038331252, 1833, 1038333575, 2361, 1038326924, 2089, 1038329232, 1849, 1038335592, 2353, 1038328286, 1841, 1038336954, 2345, 1038324917, 2106, 1038637034, 2362, 1038636392, 2090, 1038750627, 1834, 1038750600, 2354, 1038761569, 1850, 1038637667, 2346, 1038750662, 2107, 1038320193, 2363, 1038324547, 2091, 1038320513, 1842, 1038761734, 2108, 1021491177, 2092, 1021123933, 2093, 1021987883, 2364, 1021488048, 2348, 1021119544, 2365, 1021591745, 2357, 1021856130, 2366, 1022010773, 2110, 1022006337, 2094, 1021995068, 1844, 1021245140, 2111, 1021085654, 2095, 1021112203, 2109, 1021597308, 1845, 1021865339, 1855, 1021081264, 2355, 1038325364, 1846, 1022003214, 1839, 1021107964, 2347, 1038324841, 1847, 1021083243, 1851, 1038315869, 1843, 1038316705, 2356, 1021237089, 1852, 1021494455, 1837, 1021991970, 1853, 1021602696, 2349, 1021983657, 1838, 1021990640, 2358, 1022012475, 1854, 1022002077, 2367, 1021089884, 2350, 1021999629, 1835, 1038316170, 2359, 1021091257, 2351, 1021116239, 1836, 1021128499]
[INFO] (lattice_cell.c: 455): on tick 40 of 50
[INFO] (lattice_cell.c: 172): the unmatched_packets is 56
[2104, 1038018857, 2360, 1038019476, 1832, 1037869451, 2088, 1037869301, 2352, 1037889272, 1848, 1038018217, 1840, 1037889347, 2344, 1037869137, 2105, 1038323562, 2361, 1038319171, 1833, 1038327409, 2089, 1038323024, 2353, 1038321260, 2345, 1038318656, 1849, 1038327945, 1841, 1038330032, 2106, 1038638672, 2362, 1038638041, 1834, 1038794657, 2090, 1038794818, 2354, 1038774131, 2346, 1038794995, 1850, 1038639302, 1842, 1038774042, 2107, 1038311907, 2363, 1038316294, 2091, 1038317208, 2108, 1021241833, 2092, 1021170802, 2109, 1021873285, 2364, 1021238620, 2356, 1021103469, 2093, 1021946465, 1835, 1038312828, 2365, 1021867834, 2111, 1021247238, 2095, 1021126903, 2349, 1021941971, 2358, 1021965373, 2094, 1021971391, 2110, 1021862821, 1845, 1022011988, 1846, 1021956363, 2355, 1038320310, 2347, 1038321585, 1855, 1021242851, 1843, 1038311572, 1852, 1021245077, 2348, 1021166683, 2357, 1022002473, 1837, 1021950967, 1853, 1021878776, 2366, 1021867071, 2350, 1021975819, 1851, 1038307538, 2367, 1021251637, 2351, 1021131031, 2359, 1021140408, 1854, 1021858598, 1844, 1021111228, 1836, 1021174939, 1847, 1021132194, 1838, 1021966911, 1839, 1021122719]
[INFO] (lattice_cell.c: 455): on tick 41 of 50
[INFO] (lattice_cell.c: 172): the unmatched_packets is 56
[2104, 1038056018, 2360, 1038056678, 2088, 1037891936, 1832, 1037892022, 2352, 1037946566, 2344, 1037891844, 2105, 1038329122, 1833, 1038334382, 2361, 1038324847, 2089, 1038330088, 1840, 1037946450, 2353, 1038327577, 1849, 1038333401, 2106, 1038595020, 2362, 1038594327, 2090, 1038761926, 2354, 1038705217, 1850, 1038595711, 2107, 1038322865, 2091, 1038322829, 2108, 1021415003, 2355, 1038330085, 2092, 1021082799, 2109, 1021683264, 2093, 1022027510, 2364, 1021411671, 1842, 1038705350, 2094, 1022029967, 2365, 1021677646, 2110, 1022067374, 2359, 1021034479, 2351, 1021072191, 1836, 1021087386, 2111, 1021015352, 2095, 1021068165, 1837, 1022031746, 1838, 1022025302, 2345, 1038325825, 2346, 1038762016, 2363, 1038327175, 1835, 1038318529, 2347, 1038327105, 2356, 1021110652, 1852, 1021418458, 1844, 1021119313, 1853, 1021688664, 2348, 1021078370, 1845, 1021996165, 1851, 1038318586, 1848, 1038055356, 2357, 1021987129, 1841, 1038336136, 2349, 1022023104, 2366, 1022071733, 1834, 1038761839, 1854, 1022063172, 1846, 1022044284, 2358, 1022053718, 2367, 1021019850, 2350, 1022034790, 1855, 1021010736, 1839, 1021063997, 1847, 1021026201, 1843, 1038321527]
[INFO] (lattice_cell.c: 455): on tick 42 of 50
[INFO] (lattice_cell.c: 172): the unmatched_packets is 56
[2104, 1037989371, 2360, 1037989987, 1832, 1037876625, 2088, 1037876514, 1848, 1037988736, 2352, 1037872442, 2344, 1037876404, 1840, 1037872373, 2105, 1038324756, 2361, 1038320319, 2089, 1038322395, 2353, 1038320621, 2106, 1038668466, 2090, 1038787596, 2107, 1038312440, 2108, 1021379605, 2346, 1038787709, 2354, 1038790763, 2110, 1021846133, 2094, 1021934639, 2356, 1021182341, 2095, 1021181240, 2349, 1022028432, 2091, 1038313248, 2092, 1021087046, 2109, 1021730732, 2093, 1022032642, 2111, 1021259120, 1854, 1021841959, 1838, 1021930256, 1846, 1021855812, 1839, 1021177186, 1847, 1021240336, 1841, 1038329476, 1834, 1038787474, 1842, 1038790814, 1835, 1038308809, 1851, 1038308020, 1843, 1038308885, 2345, 1038317984, 2362, 1038667830, 1836, 1021091274, 1852, 1021382491, 1844, 1021189962, 2363, 1038316875, 1833, 1038326821, 2355, 1038317712, 1849, 1038329181, 2347, 1038317667, 1837, 1022036892, 2364, 1021376730, 1853, 1021736343, 2348, 1021082859, 1845, 1021932999, 2365, 1021725137, 2357, 1021923725, 1850, 1038669097, 1855, 1021254936, 2366, 1021850363, 2358, 1021864848, 2350, 1021939024, 2367, 1021263327, 2351, 1021185231, 2359, 1021248167]
[INFO] (lattice_cell.c: 455): on tick 43 of 50
[INFO] (lattice_cell.c: 172): the unmatched_packets is 56
[2104, 1038045746, 2360, 1038046415, 2088, 1037912971, 1832, 1037913077, 2352, 1037918184, 1848, 1038045074, 1840, 1037918205, 2344, 1037912858, 2105, 1038329045, 2361, 1038324806, 1833, 1038334400, 2089, 1038330146, 2353, 1038328078, 1849, 1038333287, 2345, 1038325931, 1841, 1038336546, 2106, 1038605868, 2362, 1038605168, 1834, 1038739295, 2090, 1038739404, 2354, 1038735283, 1850, 1038606568, 2346, 1038739509, 1842, 1038735264, 2107, 1038320524, 2363, 1038324787, 2091, 1038325163, 2355, 1038328424, 1835, 1038320912, 1851, 1038316290, 1843, 1038319951, 2347, 1038329387, 2108, 1021296362, 2364, 1021292984, 2092, 1021158569, 2109, 1021802166, 2093, 1021953053, 2365, 1021796435, 2111, 1021061430, 2110, 1022032510, 1836, 1021163229, 2358, 1022116475, 2094, 1022100181, 2367, 1021065953, 2351, 1020992282, 2095, 1020988038, 1846, 1022107033, 2356, 1021149476, 2348, 1021154050, 1852, 1021299863, 2357, 1021947593, 1844, 1021157912, 2349, 1021948566, 2366, 1022037003, 1837, 1021957422, 2350, 1022104934, 1853, 1021807718, 1845, 1021957206, 1838, 1022095562, 1854, 1022028160, 1839, 1020983606, 1855, 1021056741, 2359, 1020976925, 1847, 1020968282]
[INFO] (lattice_cell.c: 455): on tick 44 of 50
[INFO] (lattice_cell.c: 172): the unmatched_packets is 56
[2104, 1038044752, 2360, 1038045414, 2088, 1037856432, 1832, 1037856551, 2352, 1037900873, 2344, 1037856293, 1848, 1038044086, 2105, 1038324817, 2361, 1038320344, 2089, 1038323320, 2353, 1038321041, 2345, 1038318866, 2106, 1038611769, 2090, 1038808246, 1849, 1038329290, 2107, 1038314120, 2091, 1038314191, 2362, 1038611100, 2346, 1038808398, 2093, 1022006416, 2363, 1038318589, 2110, 1021937058, 2094, 1021869864, 2095, 1021239736, 2365, 1021718975, 1842, 1038761722, 2108, 1021386195, 2092, 1021108772, 2109, 1021724318, 2358, 1021900534, 2359, 1021202384, 2111, 1021161900, 1845, 1022008123, 1839, 1021235936, 1850, 1038612431, 1835, 1038309713, 1843, 1038311829, 1851, 1038309663, 1836, 1021112812, 1852, 1021389182, 1837, 1022010663, 1853, 1021729671, 1840, 1037900849, 1833, 1038327793, 2354, 1038761711, 1854, 1021933135, 1838, 1021865431, 1841, 1038329981, 1846, 1021891534, 2347, 1038318642, 1855, 1021157641, 2364, 1021383256, 2355, 1038320750, 2348, 1021104803, 1834, 1038808107, 1847, 1021194887, 2356, 1021106787, 2349, 1022002168, 2366, 1021941058, 2357, 1021999269, 2367, 1021166192, 2350, 1021874338, 2351, 1021243521, 1844, 1021114475]
[INFO] (lattice_cell.c: 455): on tick 45 of 50
[INFO] (lattice_cell.c: 172): the unmatched_packets is 56
[1832, 1037904632, 2104, 1038000144, 1848, 1037999449, 2360, 1038000834, 2088, 1037904492, 1840, 1037904212, 2352, 1037904337, 2344, 1037904345, 2105, 1038328897, 1833, 1038333573, 1849, 1038333085, 1841, 1038335361, 2106, 1038652047, 2107, 1038319888, 2345, 1038325175, 2354, 1038748772, 1834, 1038748772, 2109, 1021716802, 2346, 1038749046, 2347, 1038326747, 2365, 1021710786, 2089, 1038329361, 1843, 1038318470, 2366, 1021908387, 1836, 1021101256, 2091, 1038322552, 1837, 1022021898, 2358, 1022010842, 2108, 1021381906, 1845, 1021967820, 2092, 1021096460, 2093, 1022017519, 2110, 1021903701, 1854, 1021899163, 2094, 1022095145, 2111, 1021189262, 2095, 1021005321, 2090, 1038748904, 1847, 1021080101, 1842, 1038748909, 1851, 1038315701, 1852, 1021385278, 1853, 1021722616, 1838, 1022090442, 1855, 1021184622, 1846, 1022001077, 2361, 1038324692, 1850, 1038652778, 2353, 1038326976, 1839, 1021000775, 2362, 1038651311, 1835, 1038318346, 2363, 1038324118, 2355, 1038326869, 2364, 1021378617, 1844, 1021150857, 2356, 1021142160, 2348, 1021091816, 2357, 1021958147, 2349, 1022012997, 2367, 1021193742, 2350, 1022099914, 2351, 1021009703, 2359, 1021088742]
[INFO] (lattice_cell.c: 455): on tick 46 of 50
[INFO] (lattice_cell.c: 172): the unmatched_packets is 56
[2104, 1038029214, 2360, 1038029909, 2088, 1037890859, 1832, 1037890989, 2352, 1037917774, 2344, 1037890737, 1848, 1038028500, 1840, 1037917830, 2105, 1038325462, 2361, 1038320957, 1833, 1038326388, 2089, 1038321889, 2353, 1038321935, 2345, 1038317410, 1849, 1038329951, 2106, 1038628513, 1841, 1038330929, 2362, 1038627801, 2090, 1038772402, 2354, 1038744538, 2107, 1038313812, 2091, 1038316030, 2363, 1038318308, 2108, 1021332004, 2092, 1021133017, 2093, 1021989874, 2347, 1038320510, 2094, 1021948730, 2365, 1021771078, 2109, 1021776486, 2110, 1022006595, 2358, 1022024544, 2359, 1021077322, 2111, 1021094914, 2095, 1021153802, 1854, 1022002682, 1855, 1021090785, 2346, 1038772543, 1846, 1022016015, 2355, 1038320679, 2364, 1021329266, 2348, 1021128970, 2356, 1021172230, 1842, 1038744464, 1834, 1038772266, 1851, 1038309327, 1835, 1038311523, 1843, 1038311712, 1852, 1021334796, 2349, 1021985846, 2357, 1021931549, 2366, 1022010626, 1836, 1021137147, 2350, 1021953098, 2367, 1021099015, 1850, 1038629225, 1844, 1021179572, 1853, 1021781895, 2351, 1021157549, 1837, 1021993900, 1845, 1021940470, 1838, 1021944439, 1839, 1021149995, 1847, 1021069623]
[INFO] (lattice_cell.c: 455): on tick 47 of 50
[INFO] (lattice_cell.c: 172): the unmatched_packets is 56
[2104, 1038044758, 2360, 1038045438, 1832, 1037865855, 2088, 1037865734, 2352, 1037894148, 2344, 1037865614, 1840, 1037894192, 1848, 1038044076, 2105, 1038328541, 2361, 1038324357, 1833, 1038333140, 2089, 1038328945, 2353, 1038328785, 1849, 1038332732, 1841, 1038337136, 2345, 1038324783, 2106, 1038606272, 1834, 1038788310, 2362, 1038605545, 2090, 1038788427, 1850, 1038606988, 2354, 1038759240, 2346, 1038788557, 2107, 1038320319, 2363, 1038324522, 2091, 1038321923, 2355, 1038327245, 2347, 1038326099, 2108, 1021345968, 2092, 1021120905, 1835, 1038317729, 2109, 1021755310, 2094, 1021974756, 2356, 1021124799, 1851, 1038316142, 2365, 1021749353, 2111, 1021132707, 2357, 1021967768, 2093, 1021993961, 2110, 1021959669, 2351, 1021130030, 2359, 1021162218, 2095, 1021125746, 1839, 1021121322, 1836, 1021125579, 1852, 1021349459, 1837, 1021998538, 2364, 1021342545, 1845, 1021977579, 1843, 1038318886, 1854, 1021955273, 1838, 1021969864, 2348, 1021116299, 1846, 1021924600, 1842, 1038759204, 1855, 1021127802, 2349, 1021989282, 1844, 1021133541, 1847, 1021153585, 2366, 1021964162, 2350, 1021979721, 2358, 1021934576, 2367, 1021137488, 1853, 1021761104]
[INFO] (lattice_cell.c: 455): on tick 48 of 50
[INFO] (lattice_cell.c: 172): the unmatched_packets is 56
[2104, 1038021815, 2360, 1038022551, 2088, 1037900277, 1832, 1037900423, 2344, 1037900132, 1848, 1038021060, 1840, 1037903890, 2352, 1037904016, 2105, 1038323672, 2361, 1038319156, 1833, 1038329139, 2089, 1038324631, 2345, 1038320134, 1841, 1038330916, 2353, 1038321901, 2106, 1038635344, 1849, 1038328177, 2362, 1038634591, 2090, 1038763424, 2354, 1038758937, 2346, 1038763581, 2107, 1038314370, 2091, 1038315431, 1834, 1038763262, 2108, 1021386545, 2363, 1038318875, 2092, 1021106236, 2364, 1021383839, 2110, 1021913609, 2348, 1021102273, 2365, 1021722705, 2109, 1021728088, 2349, 1022002816, 1844, 1021131215, 2358, 1021994264, 2094, 1022055447, 2359, 1021110204, 2111, 1021184153, 2095, 1021051238, 2093, 1022006845, 1845, 1021988661, 1839, 1021047403, 2347, 1038319927, 2355, 1038320403, 1835, 1038310918, 2356, 1021123699, 1851, 1038309876, 1843, 1038311404, 2366, 1021917682, 2357, 1021980057, 1836, 1021110338, 2367, 1021188146, 1837, 1022010846, 2350, 1022059727, 1853, 1021733456, 1838, 1022051239, 1854, 1021909666, 1846, 1021985363, 2351, 1021054982, 1842, 1038759047, 1855, 1021180130, 1847, 1021103025, 1850, 1038636087, 1852, 1021389317]
[INFO] (lattice_cell.c: 455): on tick 49 of 50
[INFO] (lattice_cell.c: 172): the unmatched_packets is 56
[2104, 1038014547, 2360, 1038015254, 2088, 1037894474, 1832, 1037894673, 2352, 1037912263, 2344, 1037894274, 1848, 1038013836, 1840, 1037912301, 2105, 1038328246, 2361, 1038324077, 2089, 1038327289, 2353, 1038326585, 2345, 1038323124, 1833, 1038331475, 1849, 1038332415, 2106, 1038637801, 2362, 1038637050, 2090, 1038758335, 2107, 1038319260, 2091, 1038322921, 2354, 1038740677, 2108, 1021356706, 2363, 1038323462, 2109, 1021745303, 2110, 1021962147, 2111, 1021133379, 2092, 1021115633, 2093, 1022005835, 2351, 1021134994, 2094, 1021965962, 2095, 1021130548, 1846, 1022012945, 1839, 1021125962, 1847, 1021067977, 1851, 1038315090, 1843, 1038318058, 1852, 1021360020, 1836, 1021120452, 1844, 1021164851, 1845, 1021956979, 1854, 1021957618, 1838, 1021961164, 2346, 1038758542, 2355, 1038326405, 2347, 1038327086, 1841, 1038334933, 2364, 1021353436, 2356, 1021156204, 2348, 1021110917, 1850, 1038638542, 1842, 1038740660, 1834, 1038758150, 2365, 1021739132, 1837, 1022010346, 2349, 1022001249, 2357, 1021946978, 2366, 1021966757, 1835, 1038318736, 2350, 1021970827, 1855, 1021128567, 2358, 1022022579, 2367, 1021138066, 2359, 1021077009, 1853, 1021751353]
[INFO] (lattice_cell.c: 455): on tick 50 of 50
[INFO] (lattice_cell.c: 466): updating recording regions
[INFO] (recording.c: 507): 	Finalising channel 0 - state info stored in SDRAM
[INFO] (recording.c: 512): closed channel 0.
[INFO] (lattice_cell.c: 470): Simulation complete.

