[INFO] (lattice_cell.c: 604): starting lattice cell
[INFO] (lattice_cell.c: 526): Initialise: started
[INFO] (data_specification.c: 78): magic = ad130ad6, version = 1.0
[INFO] (lattice_cell.c: 555): my key is 6152
[INFO] (lattice_cell.c: 562): I'm in position ( 24, 1)
[INFO] (lattice_cell.c: 568): my n key is 5896
[INFO] (lattice_cell.c: 574): my U_X = -0.009999959729611874
[INFO] (lattice_cell.c: 575): my U_Y = -1.2246468422454102e-19
[INFO] (lattice_cell.c: 583): input_buffer initialised
[INFO] (recording.c: 563): Recording 1 regions, using output tag 0, size before trigger 7686388, time between triggers 50
[INFO] (recording.c: 665): Recording channel 0 configured to use 7686132 byte memory block starting at 0x6443c954
[INFO] (lattice_cell.c: 588): Recording flags = 0x00000001
[INFO] (lattice_cell.c: 619): setting timer to execute every 200000 microseconds
[INFO] (lattice_cell.c: 627): Starting

[INFO] (simulation.c: 159): Setting the runtime of this model to 50 starting at 0
[INFO] (simulation.c: 161): Setting the flag of infinite run for this model to 0
[INFO] (simulation.c: 175): Resuming
[INFO] (lattice_cell.c: 455): on tick 0 of 50
[6144, 1037884806, 6160, 1037884815, 6408, 1037884807, 6400, 1037884806, 6416, 1037884819, 5896, 1037884807, 6145, 1038318786, 5904, 1037884819, 5888, 1037884806, 6161, 1038318784, 6409, 1038323150, 6401, 1038323150, 6417, 1038323154, 5897, 1038314422, 6146, 1038779590, 6162, 1038779577, 5905, 1038314426, 6147, 1038318786, 6163, 1038318784, 6402, 1038779590, 6165, 1022002361, 6411, 1038314422, 6151, 1021107590, 6164, 1021107599, 6149, 1022002374, 6150, 1022002374, 6166, 1022002361, 6167, 1021107599, 5893, 1021997748, 6148, 1021107590, 5903, 1021111693, 5891, 1038323150, 5900, 1021103489, 5908, 1021103503, 6410, 1038779589, 5901, 1021997747, 6418, 1038779581, 6403, 1038314422, 5909, 1021997741, 6419, 1038314426, 5889, 1038314422, 5894, 1022007000, 5902, 1022006999, 5910, 1022006993, 6412, 1021111693, 6404, 1021111692, 6420, 1021111707, 5911, 1021111707, 6413, 1022006999, 5895, 1021111692, 6405, 1022007000, 6421, 1022006993, 5890, 1038779590, 5898, 1038779589, 6414, 1021997747, 6406, 1021997748, 6422, 1021997741, 6415, 1021103489, 6407, 1021103488, 6423, 1021103503, 5907, 1038323154, 5892, 1021103488, 5906, 1038779581, 5899, 1038323150]
[INFO] (lattice_cell.c: 455): on tick 1 of 50
[INFO] (lattice_cell.c: 172): the unmatched_packets is 56
[6144, 1037879850, 6408, 1037879851, 6160, 1037879875, 6416, 1037879875, 6400, 1037879852, 6145, 1038327397, 6161, 1038327397, 6409, 1038331697, 5904, 1037879881, 6146, 1038774632, 6162, 1038774601, 6147, 1038327050, 6418, 1038774603, 6166, 1022001891, 6167, 1021098332, 6163, 1038327050, 6164, 1021106936, 5897, 1038323085, 6405, 1021997456, 6149, 1021992978, 6165, 1021992938, 6150, 1022001856, 6407, 1021094065, 6151, 1021098369, 6148, 1021106898, 5903, 1021102831, 5906, 1038774605, 5907, 1038331360, 5899, 1038331360, 5889, 1038323087, 5890, 1038774634, 5891, 1038331362, 5908, 1021102465, 5888, 1037879852, 5900, 1021102429, 6417, 1038331697, 6401, 1038331703, 5905, 1038323083, 6410, 1038774629, 5896, 1037879855, 5909, 1021988626, 5901, 1021988663, 6402, 1038774634, 6411, 1038322740, 5893, 1021988672, 5898, 1038774631, 6419, 1038322740, 5910, 1022006208, 6412, 1021111205, 6403, 1038322746, 6420, 1021111236, 5911, 1021102807, 5902, 1022006180, 6413, 1021997446, 5894, 1022006170, 6404, 1021111208, 6421, 1021997412, 6414, 1021997376, 5895, 1021102837, 6422, 1021997410, 6415, 1021094059, 5892, 1021102427, 6406, 1021997374, 6423, 1021094029]
[INFO] (lattice_cell.c: 455): on tick 2 of 50
[INFO] (lattice_cell.c: 172): the unmatched_packets is 56
[6144, 1037885238, 6408, 1037885229, 6160, 1037885177, 6416, 1037885179, 6400, 1037885232, 5904, 1037885181, 5896, 1037885233, 6145, 1038319247, 6409, 1038323665, 6161, 1038319243, 6417, 1038323665, 6146, 1038780028, 6162, 1038780085, 6148, 1021108412, 6147, 1038319238, 6163, 1038319244, 6164, 1021108364, 6149, 1022002954, 6165, 1022002990, 5908, 1021104369, 6423, 1021103835, 6150, 1022002668, 6166, 1022002470, 6151, 1021107653, 6167, 1021107836, 5894, 1022007180, 5898, 1038780035, 5907, 1038323668, 5890, 1038780024, 5900, 1021104400, 5909, 1021998485, 6401, 1038323667, 6410, 1038780033, 5888, 1037885238, 6418, 1038780089, 5901, 1021998442, 6402, 1038780026, 6411, 1038314820, 6403, 1038314824, 5911, 1021111839, 6419, 1038314832, 6412, 1021112388, 5893, 1021998438, 5905, 1038314833, 5902, 1022007145, 6413, 1022007471, 6404, 1021112398, 6420, 1021112355, 6414, 1021998133, 5895, 1021111666, 6405, 1022007459, 5903, 1021111690, 6421, 1022007502, 6415, 1021103680, 5899, 1038323658, 6406, 1021998165, 6422, 1021997962, 5891, 1038323658, 6407, 1021103663, 5892, 1021104408, 5910, 1022006974, 5897, 1038314829, 5889, 1038314831, 5906, 1038780089]
[INFO] (lattice_cell.c: 455): on tick 3 of 50
[INFO] (lattice_cell.c: 172): the unmatched_packets is 56
[6408, 1037879965, 6144, 1037879926, 6160, 1037880291, 6416, 1037880283, 5904, 1037880297, 6400, 1037879918, 5896, 1037879967, 5888, 1037879928, 6409, 1038331851, 6145, 1038327597, 6161, 1038327611, 6401, 1038331849, 5905, 1038323344, 6417, 1038331857, 5897, 1038323332, 6146, 1038774668, 6410, 1038774633, 6162, 1038774293, 6418, 1038774297, 5889, 1038323336, 6411, 1038322668, 6147, 1038326916, 6163, 1038326880, 6148, 1021106628, 6419, 1038322626, 5906, 1038774293, 6164, 1021106974, 6165, 1021992846, 6404, 1021111032, 5898, 1038774625, 6405, 1021997796, 6149, 1021993197, 6150, 1022001768, 6166, 1022002746, 6423, 1021093498, 6407, 1021094309, 6151, 1021098716, 6167, 1021097901, 5911, 1021102452, 5894, 1022006207, 5895, 1021103266, 6402, 1038774674, 5890, 1038774674, 6403, 1038322666, 6412, 1021111088, 6420, 1021111374, 5891, 1038331182, 6413, 1021997737, 5907, 1038331146, 5899, 1038331172, 6421, 1021997450, 6414, 1021997301, 5900, 1021102131, 5892, 1021102078, 5909, 1021988413, 6422, 1021998140, 6406, 1021997159, 6415, 1021094200, 5901, 1021988693, 5910, 1022007184, 5893, 1021988769, 5902, 1022006341, 5908, 1021102424, 5903, 1021103151]
[INFO] (lattice_cell.c: 455): on tick 4 of 50
[INFO] (lattice_cell.c: 172): the unmatched_packets is 56
[6144, 1037885154, 6408, 1037884951, 6160, 1037883473, 6416, 1037883471, 6400, 1037885154, 6145, 1038319291, 6161, 1038319269, 6409, 1038323745, 5904, 1037883475, 5896, 1037884957, 6417, 1038323731, 6146, 1038780114, 6162, 1038781841, 6148, 1021109045, 6402, 1038780110, 6150, 1022002677, 6166, 1021997878, 5888, 1037885156, 6419, 1038315004, 6420, 1021111450, 6163, 1038319470, 6164, 1021107563, 6149, 1022002792, 6165, 1022004350, 6423, 1021107110, 6151, 1021107144, 6167, 1021111024, 6147, 1038319246, 5909, 1021999965, 5893, 1021998393, 5911, 1021114961, 5889, 1038314825, 5907, 1038323935, 5900, 1021104831, 5891, 1038323714, 6401, 1038323751, 6410, 1038780313, 5901, 1021998687, 5892, 1021105107, 6418, 1038781839, 5910, 1022002269, 6411, 1038314816, 6403, 1038314780, 5902, 1022006383, 5905, 1038314809, 6412, 1021112661, 5897, 1038314813, 5894, 1022007061, 6413, 1022007478, 6404, 1021112930, 5906, 1038781841, 5898, 1038780313, 5895, 1021111084, 6414, 1021997618, 6405, 1022007179, 6421, 1022008739, 6415, 1021103782, 6406, 1021998299, 5890, 1038780108, 6422, 1021993489, 6407, 1021103247, 5908, 1021103620, 5903, 1021111636, 5899, 1038323744]
[INFO] (lattice_cell.c: 455): on tick 5 of 50
[INFO] (lattice_cell.c: 172): the unmatched_packets is 56
[6144, 1037880336, 6408, 1037881290, 6160, 1037887662, 6400, 1037880332, 6416, 1037887662, 6145, 1038327703, 6161, 1038327842, 6409, 1038331961, 5904, 1037887664, 5896, 1037881288, 6417, 1038332049, 6146, 1038774266, 6162, 1038766657, 6164, 1021112407, 6165, 1021987160, 6418, 1038766659, 5888, 1037880338, 6150, 1022001797, 6166, 1022023035, 6167, 1021081735, 6163, 1038325712, 6414, 1022000402, 6421, 1021991883, 6406, 1021997084, 6149, 1021993977, 6407, 1021094464, 6151, 1021098938, 6148, 1021105903, 6147, 1038326728, 5901, 1021987959, 5911, 1021086343, 5890, 1038774268, 5898, 1038773278, 5899, 1038330756, 5891, 1038330952, 5908, 1021107801, 5900, 1021102594, 5905, 1038323620, 5892, 1021101287, 6401, 1038331910, 6410, 1038773282, 5897, 1038323522, 6402, 1038774272, 6411, 1038322330, 5902, 1022009683, 5893, 1021989420, 6403, 1038322516, 6412, 1021111677, 6419, 1038321508, 5894, 1022006364, 5889, 1038323478, 5903, 1021100962, 5895, 1021103532, 6413, 1021997229, 6404, 1021110385, 6420, 1021116887, 5907, 1038329936, 6405, 1021998688, 6415, 1021091889, 6422, 1022018341, 6423, 1021077265, 5909, 1021982604, 5910, 1022027609, 5906, 1038766653]
[INFO] (lattice_cell.c: 455): on tick 6 of 50
[INFO] (lattice_cell.c: 172): the unmatched_packets is 56
[6144, 1037883214, 6408, 1037879168, 6160, 1037861642, 6400, 1037883214, 6416, 1037861640, 5904, 1037861640, 6145, 1038319550, 6409, 1038323806, 6161, 1038319100, 6417, 1038323601, 6146, 1038782100, 6162, 1038804408, 6147, 1038319416, 6163, 1038320175, 6148, 1021110903, 6164, 1021092810, 5888, 1037883214, 6151, 1021107619, 6420, 1021096637, 6404, 1021114729, 6406, 1021996687, 6149, 1022000474, 6165, 1022019996, 6407, 1021103783, 6150, 1022000976, 6166, 1021936160, 6167, 1021168982, 5910, 1021940429, 5889, 1038315044, 5890, 1038782096, 5907, 1038324680, 6401, 1038324044, 5908, 1021088910, 6410, 1038786290, 5900, 1021101366, 6418, 1038804418, 6402, 1038782102, 6411, 1038315704, 5892, 1021107011, 5901, 1022002732, 6403, 1038314924, 6419, 1038315680, 5896, 1037879182, 6412, 1021109091, 5897, 1038314811, 5893, 1021996190, 5911, 1021172877, 6413, 1022011295, 5902, 1021990556, 6421, 1022024291, 6405, 1022004758, 6414, 1021981995, 5894, 1022005244, 5905, 1038314601, 6415, 1021115291, 6422, 1021931859, 5903, 1021123028, 5895, 1021111518, 6423, 1021165146, 5906, 1038804404, 5899, 1038324706, 5909, 1022015704, 5898, 1038786284, 5891, 1038323925]
[INFO] (lattice_cell.c: 455): on tick 7 of 50
[INFO] (lattice_cell.c: 172): the unmatched_packets is 56
[6144, 1037888906, 6408, 1037899630, 6160, 1037920990, 6416, 1037920980, 6400, 1037888904, 6145, 1038326872, 6409, 1038332052, 6161, 1038328424, 5904, 1037920998, 5896, 1037899624, 5888, 1037888906, 6146, 1038765393, 6162, 1038732287, 6147, 1038325712, 6163, 1038327484, 6410, 1038754283, 6402, 1038765395, 6149, 1022003797, 6150, 1022010339, 6166, 1022135156, 6412, 1021122620, 6404, 1021104506, 6148, 1021099982, 6164, 1021127790, 6165, 1021971943, 6422, 1022130363, 6407, 1021089513, 6151, 1021094030, 6167, 1020962572, 5900, 1021113467, 5910, 1022139825, 5893, 1021999129, 5911, 1020967220, 5890, 1038765387, 5907, 1038331666, 5909, 1021967261, 5901, 1021977480, 5892, 1021095354, 6417, 1038332597, 5902, 1022058054, 6401, 1038331052, 5894, 1022015010, 6418, 1038732289, 5905, 1038324224, 6411, 1038321569, 5895, 1021098678, 5889, 1038322674, 5903, 1021055523, 6419, 1038323298, 6403, 1038321538, 5897, 1038323679, 6413, 1021986952, 6420, 1021132311, 5898, 1038754291, 6414, 1022048605, 6421, 1021976738, 6405, 1022008592, 6415, 1021046352, 5908, 1021123173, 5899, 1038329948, 6406, 1022005544, 6423, 1020958062, 5891, 1038329910, 5906, 1038732281]
[INFO] (lattice_cell.c: 455): on tick 8 of 50
[INFO] (lattice_cell.c: 172): the unmatched_packets is 56
[6144, 1037855016, 6408, 1037844814, 6160, 1037848638, 6416, 1037848652, 6400, 1037855016, 6145, 1038320291, 5904, 1037848622, 6409, 1038324485, 6161, 1038319235, 5896, 1037844826, 6417, 1038323750, 6401, 1038324799, 6146, 1038811296, 6162, 1038817238, 6410, 1038821747, 6147, 1038319776, 6163, 1038319710, 6165, 1022009013, 6412, 1021099051, 6167, 1021272848, 6413, 1022017946, 6404, 1021141218, 6414, 1021886536, 6149, 1021970993, 6415, 1021218138, 6422, 1021827749, 6150, 1021973005, 6166, 1021831935, 6423, 1021268991, 6151, 1021133185, 6148, 1021137442, 6164, 1021102463, 5902, 1021894974, 5899, 1038322581, 5908, 1021098549, 5900, 1021091377, 5889, 1038315766, 5905, 1038314712, 5909, 1022004844, 5897, 1038315446, 5901, 1022009525, 5891, 1038324302, 5910, 1021836061, 5888, 1037855026, 5892, 1021133580, 5893, 1021966781, 5911, 1021276764, 6418, 1038817222, 6402, 1038811300, 5907, 1038324242, 6411, 1038313539, 5890, 1038811286, 5894, 1021977212, 6419, 1038315208, 6403, 1038315268, 5895, 1021137048, 5903, 1021225761, 6420, 1021106263, 6421, 1022013220, 6405, 1021975257, 5898, 1038821735, 6406, 1021968747, 6407, 1021129411, 5906, 1038817254]
[INFO] (lattice_cell.c: 455): on tick 9 of 50
[INFO] (lattice_cell.c: 172): the unmatched_packets is 56
[6144, 1037944867, 6408, 1037931565, 6160, 1037889309, 6400, 1037944867, 5904, 1037889329, 6416, 1037889281, 6145, 1038328899, 6409, 1038331764, 6161, 1038327279, 5896, 1037931601, 5888, 1037944867, 6417, 1038331436, 6401, 1038333066, 6146, 1038707606, 6410, 1038721602, 6162, 1038765662, 5905, 1038323088, 6147, 1038328087, 6163, 1038326439, 6148, 1021024978, 6164, 1021093226, 5889, 1038324705, 6412, 1021094103, 6167, 1020995349, 6421, 1022016481, 6149, 1022072881, 6166, 1022106195, 6150, 1022076820, 6423, 1020990914, 6407, 1021014489, 6151, 1021019086, 6165, 1022011615, 5901, 1022009943, 5890, 1038707606, 5907, 1038330614, 5899, 1038330141, 6418, 1038765678, 6402, 1038707610, 5897, 1038323408, 5891, 1038332270, 6411, 1038321793, 5900, 1021084924, 6419, 1038322262, 6403, 1038323921, 5892, 1021020293, 6420, 1021097756, 6413, 1022019509, 6404, 1021029557, 5898, 1038721566, 5910, 1022111060, 6414, 1022154873, 5902, 1022164436, 6405, 1022077676, 5906, 1038765636, 6422, 1022101290, 6415, 1020939938, 5894, 1022081527, 6406, 1022072046, 5903, 1020949124, 5908, 1021088628, 5895, 1021023771, 5909, 1022006855, 5893, 1022068174, 5911, 1020999923]
[INFO] (lattice_cell.c: 455): on tick 10 of 50
[INFO] (lattice_cell.c: 172): the unmatched_packets is 56
[6144, 1037803268, 6408, 1037841612, 6160, 1037886885, 6416, 1037886889, 6400, 1037803264, 6145, 1038320550, 6161, 1038320898, 6409, 1038323124, 5904, 1037886881, 6417, 1038325413, 6401, 1038325059, 6146, 1038864150, 6162, 1038777809, 6147, 1038319172, 6163, 1038318409, 6164, 1021138485, 6411, 1038314366, 6149, 1021857302, 6165, 1021971364, 5888, 1037803274, 6166, 1022007381, 6412, 1021203067, 6148, 1021247772, 6404, 1021251530, 6150, 1021861886, 6415, 1021213687, 6151, 1021243384, 6167, 1021102100, 5901, 1021911015, 5893, 1021853142, 6410, 1038824325, 6418, 1038777805, 6402, 1038864154, 5889, 1038316024, 5906, 1038777815, 6419, 1038313901, 6403, 1038314660, 5890, 1038864144, 5896, 1037841556, 6420, 1021142248, 6413, 1021919435, 5899, 1038323414, 6421, 1021975586, 6414, 1021885163, 5908, 1021134604, 5891, 1038323708, 6405, 1021861562, 5900, 1021195463, 6422, 1022003225, 5909, 1021967209, 6406, 1021857637, 6423, 1021098260, 5905, 1038316369, 6407, 1021239630, 5910, 1022011472, 5897, 1038314091, 5911, 1021106038, 5902, 1021893428, 5898, 1038824383, 5894, 1021866052, 5895, 1021247246, 5903, 1021221461, 5907, 1038322944, 5892, 1021243938]
[INFO] (lattice_cell.c: 455): on tick 11 of 50
[INFO] (lattice_cell.c: 172): the unmatched_packets is 56
[6408, 1037910763, 6144, 1037927758, 6160, 1037902313, 6416, 1037902311, 6400, 1037927752, 6145, 1038326915, 6409, 1038330649, 6161, 1038329019, 5904, 1037902319, 5896, 1037910811, 6417, 1038333192, 6401, 1038331091, 5888, 1037927760, 6146, 1038726456, 6162, 1038751131, 6410, 1038743449, 6147, 1038326463, 6163, 1038327607, 6418, 1038751127, 6150, 1022149688, 6166, 1021951622, 5905, 1038324821, 6151, 1020954484, 6148, 1020960078, 6164, 1021040654, 6421, 1022061012, 6405, 1022153056, 6149, 1022148212, 6165, 1022056242, 6423, 1021138771, 6167, 1021143352, 5902, 1022014046, 5899, 1038331208, 5891, 1038330650, 5908, 1021035992, 5900, 1020950355, 6402, 1038726462, 6411, 1038322844, 5892, 1020955469, 5901, 1022147587, 6419, 1038323435, 6403, 1038322284, 6412, 1020959611, 5910, 1021956372, 5893, 1022143386, 6413, 1022157062, 6420, 1021045228, 6404, 1020964563, 5911, 1021148004, 6414, 1022004324, 5897, 1038322291, 5906, 1038751125, 5894, 1022154503, 6415, 1021086688, 5895, 1020959105, 5903, 1021095746, 6422, 1021946839, 5890, 1038726460, 6406, 1022144841, 6407, 1020949995, 5907, 1038331794, 5909, 1022051516, 5898, 1038743411, 5889, 1038322733]
[INFO] (lattice_cell.c: 455): on tick 12 of 50
[INFO] (lattice_cell.c: 172): the unmatched_packets is 56
[6144, 1037893964, 6408, 1037861261, 6160, 1037839521, 6416, 1037839519, 6400, 1037893958, 6145, 1038320750, 6161, 1038321203, 6409, 1038326075, 5904, 1037839511, 5896, 1037861321, 6401, 1038325235, 5888, 1037893966, 6417, 1038325693, 6146, 1038769811, 6162, 1038827051, 6410, 1038804252, 6147, 1038319092, 6163, 1038318211, 6402, 1038769815, 6149, 1021930684, 6166, 1022018718, 6420, 1021242243, 6164, 1021238530, 6165, 1021868819, 6423, 1021086074, 6150, 1021936428, 6151, 1021170353, 6167, 1021089795, 6148, 1021176324, 5893, 1021926599, 5894, 1021940499, 5889, 1038316227, 5890, 1038769809, 5906, 1038827053, 5898, 1038804198, 5899, 1038321778, 5892, 1021172366, 5900, 1021259804, 5901, 1021838182, 5910, 1022022930, 6418, 1038827051, 6411, 1038312771, 5902, 1022048638, 5911, 1021093635, 6419, 1038313724, 6403, 1038314602, 6412, 1021267440, 5897, 1038317067, 5903, 1021071813, 5895, 1021174321, 6413, 1021846611, 6404, 1021180168, 5905, 1038316685, 6414, 1022040248, 6421, 1021873130, 6405, 1021934874, 6415, 1021064123, 6422, 1022014419, 6406, 1021932222, 5907, 1038322726, 6407, 1021166505, 5908, 1021234679, 5891, 1038323624, 5909, 1021864612]
[INFO] (lattice_cell.c: 455): on tick 13 of 50
[INFO] (lattice_cell.c: 172): the unmatched_packets is 56
[6144, 1037858078, 6408, 1037889553, 6160, 1037913896, 6400, 1037858074, 6416, 1037913894, 6145, 1038328160, 6161, 1038327005, 6409, 1038331186, 5904, 1037913880, 5896, 1037889489, 6417, 1038331213, 6401, 1038332361, 5888, 1037858076, 6146, 1038797132, 6162, 1038740196, 6410, 1038764956, 6147, 1038327279, 6163, 1038326947, 6418, 1038740191, 6148, 1021128507, 6149, 1021970603, 6165, 1022168012, 6419, 1038322752, 6151, 1021124622, 6421, 1022172723, 6150, 1021971165, 6166, 1022003386, 6407, 1021120080, 5891, 1038331491, 6167, 1021093981, 6164, 1020941468, 5889, 1038323941, 6402, 1038797134, 6411, 1038322213, 6403, 1038323081, 6412, 1021030150, 5890, 1038797124, 6420, 1020946020, 6413, 1022086198, 6404, 1021133015, 5908, 1020936843, 5909, 1022163299, 5892, 1021123922, 6414, 1021994090, 5901, 1022076592, 6405, 1021975360, 5910, 1022008089, 6415, 1021096704, 6422, 1021998662, 5893, 1021965844, 5911, 1021098619, 6406, 1021966409, 5902, 1022003462, 6423, 1021089432, 5894, 1021975901, 5905, 1038322797, 5895, 1021129209, 5903, 1021105939, 5907, 1038331154, 5897, 1038322774, 5898, 1038765016, 5900, 1021021153, 5906, 1038740204, 5899, 1038330618]
[INFO] (lattice_cell.c: 455): on tick 14 of 50
[INFO] (lattice_cell.c: 172): the unmatched_packets is 56
[6144, 1037878133, 6408, 1037894383, 6160, 1037879670, 6400, 1037878131, 6416, 1037879632, 6145, 1038320218, 6161, 1038321865, 6409, 1038324043, 6417, 1038326324, 6401, 1038324682, 6146, 1038788013, 6162, 1038784609, 6410, 1038770046, 5896, 1037894389, 6147, 1038318751, 6163, 1038318176, 6164, 1021219950, 6402, 1038788013, 6151, 1021074711, 6167, 1021100256, 6404, 1021086136, 6414, 1021976351, 6421, 1021890957, 6415, 1021125962, 6165, 1021886649, 6407, 1021070976, 6150, 1022035344, 6166, 1022007734, 6148, 1021082408, 6149, 1022029002, 5902, 1021984998, 5889, 1038315736, 5906, 1038784574, 6418, 1038784641, 6411, 1038314047, 5890, 1038787999, 5907, 1038322671, 5908, 1021215986, 5891, 1038323230, 6419, 1038313724, 6412, 1021110503, 5900, 1021102669, 6403, 1038314293, 5909, 1021882474, 6413, 1022010642, 6420, 1021223795, 5892, 1021078517, 5904, 1037879700, 5901, 1022002183, 5888, 1037878133, 5910, 1022011945, 6405, 1022033382, 5905, 1038317378, 5893, 1022024728, 5897, 1038315098, 5911, 1021104174, 6422, 1022003368, 6406, 1022030949, 5894, 1022039618, 6423, 1021096485, 5895, 1021078596, 5903, 1021133591, 5899, 1038323002, 5898, 1038770032]
[INFO] (lattice_cell.c: 455): on tick 15 of 50
[INFO] (lattice_cell.c: 172): the unmatched_packets is 56
[6144, 1037893961, 6408, 1037872394, 6160, 1037871314, 6416, 1037871338, 6400, 1037893953, 6145, 1038328146, 6161, 1038328690, 6409, 1038332290, 5904, 1037871298, 5896, 1037872420, 6417, 1038332918, 6401, 1038332377, 5888, 1037893965, 6146, 1038759959, 6162, 1038783516, 6410, 1038782295, 6418, 1038783494, 6147, 1038326899, 6402, 1038759961, 6163, 1038326339, 5897, 1038323812, 6148, 1021085635, 6164, 1021096364, 6149, 1022016243, 6419, 1038322108, 6403, 1038322660, 6166, 1021994796, 6151, 1021082762, 5889, 1038323888, 6404, 1021090176, 6150, 1022015693, 6167, 1021101486, 6406, 1022011084, 6423, 1021096932, 6165, 1022005694, 5892, 1021081039, 6411, 1038321692, 5890, 1038759955, 6412, 1021140338, 6420, 1021100803, 5893, 1022011629, 5910, 1021999396, 5902, 1021997016, 5911, 1021106080, 6413, 1021971337, 5894, 1022020306, 5903, 1021110737, 6421, 1022010403, 6414, 1021987779, 5905, 1038324441, 5895, 1021087365, 6405, 1022020832, 6422, 1021990207, 6415, 1021101623, 6407, 1021078215, 5899, 1038330177, 5907, 1038330588, 5898, 1038782277, 5906, 1038783544, 5891, 1038331154, 5909, 1022000974, 5901, 1021962091, 5908, 1021091875, 5900, 1021131225]
[INFO] (lattice_cell.c: 455): on tick 16 of 50
[INFO] (lattice_cell.c: 172): the unmatched_packets is 56
[6144, 1037892704, 6408, 1037877146, 6160, 1037889254, 6416, 1037889260, 6400, 1037892700, 6145, 1038320518, 6161, 1038320582, 6409, 1038324671, 5896, 1037877166, 6401, 1038324940, 5888, 1037892706, 6417, 1038324994, 6146, 1038771412, 6162, 1038775834, 6410, 1038788432, 6147, 1038318965, 6163, 1038318572, 6165, 1022035823, 6166, 1021999366, 6151, 1021120152, 6413, 1022002184, 6148, 1021129132, 6421, 1022040272, 6149, 1021980839, 6422, 1021994859, 6150, 1021987753, 6167, 1021108106, 6164, 1021077137, 5902, 1022028200, 5890, 1038771402, 5906, 1038775840, 6418, 1038775835, 5891, 1038323418, 6402, 1038771420, 6411, 1038313375, 6419, 1038314163, 5900, 1021112198, 5892, 1021125159, 6412, 1021119919, 5909, 1022031503, 6403, 1038314557, 5904, 1037889249, 5897, 1038315820, 6420, 1021080951, 5901, 1021993289, 5910, 1022003742, 5893, 1021976512, 5905, 1038316134, 6404, 1021132952, 6414, 1022019388, 5911, 1021112047, 5889, 1038316075, 6405, 1021985325, 6415, 1021083200, 5894, 1021992076, 6406, 1021983292, 5895, 1021124140, 6423, 1021104350, 5903, 1021090978, 6407, 1021116340, 5907, 1038323013, 5908, 1021073128, 5898, 1038788410, 5899, 1038322228]
[INFO] (lattice_cell.c: 455): on tick 17 of 50
[INFO] (lattice_cell.c: 172): the unmatched_packets is 56
[6144, 1037871354, 6408, 1037884794, 6160, 1037883823, 6400, 1037871352, 6416, 1037883824, 6145, 1038328280, 6161, 1038329087, 6409, 1038332083, 6417, 1038333362, 6401, 1038332547, 5904, 1037883835, 5896, 1037884779, 5888, 1037871362, 6146, 1038783519, 6162, 1038770277, 6410, 1038769549, 5897, 1038323507, 5889, 1038323976, 5905, 1038324785, 6418, 1038770283, 6402, 1038783517, 6147, 1038326745, 6163, 1038326162, 6411, 1038321697, 6419, 1038321881, 6403, 1038322464, 6148, 1021119053, 6164, 1021109280, 6149, 1021980653, 6165, 1021992511, 6150, 1021979593, 6415, 1021089169, 6407, 1021112675, 6151, 1021117140, 6167, 1021102932, 6166, 1021993004, 5893, 1021976119, 5902, 1022011215, 5895, 1021121644, 6412, 1021088687, 6420, 1021113768, 5891, 1038331045, 6404, 1021123515, 6413, 1022024657, 6421, 1021996995, 6414, 1022002231, 5898, 1038769558, 6405, 1021985176, 5907, 1038330454, 5892, 1021114554, 5900, 1021079743, 5909, 1021988023, 5901, 1022015604, 5910, 1021997511, 6422, 1021988500, 5890, 1038783503, 6406, 1021975088, 5894, 1021984116, 5906, 1038770270, 6423, 1021098469, 5903, 1021098174, 5899, 1038330279, 5908, 1021104768, 5911, 1021107445]
[INFO] (lattice_cell.c: 455): on tick 18 of 50
[INFO] (lattice_cell.c: 172): the unmatched_packets is 56
[6144, 1037876632, 6160, 1037881183, 6408, 1037892760, 6400, 1037876626, 6416, 1037881167, 6145, 1038320390, 6161, 1038321423, 6409, 1038324435, 5904, 1037881207, 5896, 1037892767, 6417, 1038325786, 6401, 1038324748, 5888, 1037876630, 6146, 1038789105, 6162, 1038783663, 6410, 1038771577, 5905, 1038317044, 6147, 1038318877, 6163, 1038318039, 6402, 1038789105, 6148, 1021103925, 5897, 1038315686, 6150, 1022014388, 6151, 1021093921, 6404, 1021107755, 6420, 1021137729, 6164, 1021133859, 6414, 1021991487, 6405, 1022012071, 6165, 1021978151, 6422, 1022005025, 6166, 1022009617, 6167, 1021097004, 5891, 1038323268, 6149, 1022007450, 5903, 1021117738, 5906, 1038783635, 5898, 1038771579, 6418, 1038783674, 5908, 1021129798, 6411, 1038313747, 6419, 1038313676, 6403, 1038314517, 6412, 1021114427, 5892, 1021099865, 6413, 1022008187, 5901, 1021999191, 5910, 1022014066, 5889, 1038316004, 5893, 1022002970, 6421, 1021982748, 5911, 1021101060, 6415, 1021109817, 5902, 1022000532, 6406, 1022009779, 5894, 1022018867, 5890, 1038789099, 5895, 1021097990, 6423, 1021093125, 6407, 1021090066, 5907, 1038322433, 5899, 1038322500, 5900, 1021106460, 5909, 1021973698]
[INFO] (lattice_cell.c: 455): on tick 19 of 50
[INFO] (lattice_cell.c: 172): the unmatched_packets is 56
[6144, 1037883761, 6408, 1037878058, 6160, 1037876992, 6416, 1037877006, 6400, 1037883751, 6145, 1038328484, 6161, 1038329135, 6409, 1038332632, 6417, 1038333458, 6401, 1038332811, 5904, 1037876984, 5896, 1037878072, 5888, 1037883761, 6146, 1038770553, 6162, 1038777611, 6410, 1038776375, 6147, 1038326623, 6163, 1038325843, 6165, 1022001864, 6404, 1021092451, 6164, 1021100321, 5897, 1038323940, 6149, 1022013294, 5889, 1038324122, 6415, 1021108471, 6150, 1022011943, 6166, 1022000978, 6148, 1021088076, 6151, 1021086588, 6167, 1021095741, 5900, 1021114557, 5892, 1021083680, 5894, 1022016340, 5902, 1021990306, 5890, 1038770545, 5891, 1038330981, 6418, 1038777597, 6402, 1038770551, 6411, 1038321240, 6419, 1038321519, 6403, 1038322292, 6412, 1021123338, 6420, 1021104644, 6413, 1021988479, 5899, 1038329923, 6414, 1021981519, 6421, 1022006286, 6405, 1022017683, 5909, 1021997415, 6422, 1021996623, 6406, 1022007554, 5905, 1038324773, 5901, 1021979699, 5893, 1022008881, 5910, 1022005381, 6423, 1021091337, 6407, 1021082202, 5911, 1021100162, 5895, 1021090979, 5903, 1021117253, 5898, 1038776363, 5906, 1038777624, 5907, 1038330208, 5908, 1021095950]
[INFO] (lattice_cell.c: 455): on tick 20 of 50
[INFO] (lattice_cell.c: 172): the unmatched_packets is 56
[6144, 1037893316, 6408, 1037877890, 6160, 1037888349, 6416, 1037888355, 6400, 1037893310, 6145, 1038320532, 6161, 1038321064, 6409, 1038324575, 6417, 1038325370, 6401, 1038324837, 5904, 1037888345, 5896, 1037877918, 5888, 1037893316, 6146, 1038770899, 6162, 1038776406, 6410, 1038787496, 6147, 1038318996, 6163, 1038318445, 6418, 1038776400, 6403, 1038314689, 6149, 1021997112, 6165, 1022014253, 6150, 1022003762, 6166, 1022002208, 6407, 1021099817, 6151, 1021103787, 6167, 1021103350, 6148, 1021114319, 6164, 1021099359, 5902, 1022014793, 5894, 1022008335, 5906, 1038776410, 5898, 1038787470, 6402, 1038770897, 6411, 1038313555, 5907, 1038322782, 6419, 1038314143, 6412, 1021124232, 5908, 1021095177, 5900, 1021116115, 5891, 1038323334, 6420, 1021103344, 6413, 1021999084, 6404, 1021118299, 5909, 1022009706, 5897, 1038315936, 5892, 1021110149, 6414, 1022005501, 6421, 1022018957, 6405, 1022001813, 6415, 1021094960, 5910, 1022006800, 5889, 1038316198, 6422, 1021997484, 5893, 1021992545, 6406, 1021999088, 5911, 1021107500, 6423, 1021099369, 5905, 1038316724, 5903, 1021103097, 5899, 1038322200, 5901, 1021989782, 5895, 1021107980, 5890, 1038770885]
[INFO] (lattice_cell.c: 455): on tick 21 of 50
[INFO] (lattice_cell.c: 172): the unmatched_packets is 56
[6144, 1037880018, 6160, 1037882901, 6408, 1037878735, 6400, 1037880008, 6161, 1038329535, 6145, 1038328535, 6409, 1038332687, 5904, 1037882901, 6417, 1038333918, 6401, 1038332915, 6416, 1037882903, 5896, 1037878733, 5888, 1037880020, 6162, 1038771192, 6146, 1038774318, 6163, 1038324751, 6147, 1038326398, 6164, 1021104218, 6150, 1021983402, 6148, 1021115420, 6165, 1021997801, 6406, 1021979129, 6166, 1021990856, 6151, 1021113997, 6167, 1021108567, 6149, 1021984495, 5900, 1021090289, 5890, 1038774316, 5891, 1038330819, 5906, 1038771188, 5908, 1021099914, 5892, 1021111132, 5909, 1021993514, 6410, 1038775821, 5910, 1021995170, 5893, 1021980190, 6418, 1038771192, 6402, 1038774318, 6411, 1038320924, 5911, 1021112839, 5902, 1022013042, 5897, 1038323896, 6419, 1038320373, 5905, 1038325123, 6403, 1038322030, 5894, 1021987712, 6412, 1021098793, 5895, 1021118288, 6404, 1021119683, 5903, 1021096547, 6420, 1021108487, 6413, 1022013980, 5889, 1038324128, 6414, 1022004467, 6405, 1021988780, 6421, 1022002066, 6415, 1021087984, 6422, 1021986555, 5907, 1038329161, 6407, 1021109729, 6423, 1021104318, 5901, 1022005366, 5898, 1038775827, 5899, 1038329713]
[INFO] (lattice_cell.c: 455): on tick 22 of 50
[INFO] (lattice_cell.c: 172): the unmatched_packets is 56
[6144, 1037878189, 6408, 1037890800, 6160, 1037883133, 6416, 1037883119, 6400, 1037878177, 6145, 1038320674, 6161, 1038321525, 6409, 1038324559, 6417, 1038325784, 6401, 1038324926, 5904, 1037883133, 5896, 1037890806, 5888, 1037878189, 6146, 1038787144, 6162, 1038781720, 6410, 1038773633, 6147, 1038319113, 6163, 1038318636, 6164, 1021124914, 6411, 1038314615, 6149, 1021994762, 6166, 1022002632, 6413, 1022013695, 6148, 1021116032, 6421, 1021993142, 6165, 1021988378, 6150, 1022000710, 6151, 1021105468, 6167, 1021099785, 5909, 1021983711, 5895, 1021109752, 5898, 1038773633, 6418, 1038781728, 6402, 1038787144, 5899, 1038323146, 5891, 1038323398, 6419, 1038314378, 5908, 1021120607, 6403, 1038314861, 6412, 1021110600, 5900, 1021102217, 6420, 1021129003, 6404, 1021120091, 5905, 1038317251, 5892, 1021111773, 5889, 1038316388, 5906, 1038781708, 6414, 1022000972, 6405, 1021999562, 5901, 1022004244, 5890, 1038787140, 5910, 1022007301, 6415, 1021095645, 5893, 1021990081, 6422, 1021997864, 6406, 1021995921, 5897, 1038316018, 5911, 1021104095, 5902, 1022010407, 6423, 1021095705, 6407, 1021101383, 5894, 1022005390, 5907, 1038322908, 5903, 1021104031]
[INFO] (lattice_cell.c: 455): on tick 23 of 50
[INFO] (lattice_cell.c: 172): the unmatched_packets is 56
[6144, 1037876596, 6160, 1037874660, 6408, 1037882988, 6416, 1037874648, 6400, 1037876596, 6145, 1038327773, 6161, 1038329610, 6409, 1038332798, 6417, 1038334036, 6401, 1038332204, 5904, 1037874664, 5896, 1037882990, 5888, 1037876606, 6146, 1038778081, 6162, 1038779987, 6410, 1038771133, 5897, 1038323906, 6418, 1038779991, 6402, 1038778083, 5889, 1038323317, 6147, 1038325399, 6163, 1038326718, 6411, 1038320150, 6419, 1038322298, 6148, 1021096303, 6164, 1021104827, 6149, 1022008309, 6165, 1021997521, 6404, 1021100421, 6421, 1022001755, 6150, 1022007755, 6166, 1021994425, 6151, 1021094396, 6422, 1021990190, 6167, 1021096648, 6403, 1038320982, 6412, 1021114581, 5907, 1038331181, 5899, 1038329033, 6420, 1021108932, 6413, 1021997978, 5906, 1038779979, 5905, 1038325145, 5900, 1021106274, 6414, 1021985245, 5898, 1038771117, 5909, 1021993277, 6405, 1022012528, 5892, 1021092135, 6415, 1021108312, 5890, 1038778075, 5901, 1021989564, 6406, 1022003547, 5910, 1021998667, 6423, 1021092531, 5893, 1022004084, 6407, 1021090258, 5891, 1038329869, 5908, 1021100691, 5902, 1021993687, 5911, 1021100802, 5894, 1022011967, 5895, 1021098541, 5903, 1021116585]
[INFO] (lattice_cell.c: 455): on tick 24 of 50
[INFO] (lattice_cell.c: 172): the unmatched_packets is 56
[6144, 1037889854, 6160, 1037890864, 6408, 1037882828, 6400, 1037889848, 6416, 1037890880, 6145, 1038321301, 6161, 1038321661, 6409, 1038325579, 6417, 1038325867, 6401, 1038325499, 5888, 1037889858, 6146, 1038774588, 6162, 1038773694, 6410, 1038782127, 6147, 1038319663, 6163, 1038318634, 6418, 1038773668, 6148, 1021103752, 6164, 1021108534, 6150, 1022010937, 6412, 1021126338, 6413, 1021994237, 6149, 1022006031, 6165, 1022005194, 6414, 1022000712, 5889, 1038317057, 6151, 1021093557, 6166, 1022019690, 6423, 1021078983, 6167, 1021083251, 5892, 1021099344, 5894, 1022015690, 5895, 1021097958, 6402, 1038774596, 6411, 1038312250, 5906, 1038773710, 6403, 1038315456, 6419, 1038314432, 5890, 1038774580, 5907, 1038322880, 6404, 1021107959, 6420, 1021112770, 5904, 1037890842, 5891, 1038323903, 5896, 1037882838, 6405, 1022010891, 6421, 1022010044, 5900, 1021117727, 6415, 1021103469, 5897, 1038317136, 5905, 1038317423, 6406, 1022006102, 6422, 1022014872, 5909, 1022000457, 5901, 1021984649, 6407, 1021089335, 5898, 1038782131, 5893, 1022001276, 5910, 1022024378, 5902, 1022010275, 5911, 1021087676, 5899, 1038320703, 5903, 1021112114, 5908, 1021104120]
[INFO] (lattice_cell.c: 455): on tick 25 of 50
[INFO] (lattice_cell.c: 172): the unmatched_packets is 56
[6144, 1037882835, 6160, 1037871215, 6408, 1037871097, 6416, 1037871183, 6400, 1037882827, 6145, 1038329981, 6161, 1038328720, 6409, 1038332356, 6417, 1038333175, 6401, 1038334445, 5896, 1037871113, 5888, 1037882833, 6146, 1038771263, 6162, 1038783341, 6410, 1038783774, 6418, 1038783359, 6147, 1038327518, 6163, 1038323972, 6148, 1021107054, 6411, 1038320004, 6165, 1022012523, 6412, 1021107083, 6164, 1021093845, 6166, 1021959354, 6423, 1021137703, 6407, 1021100111, 6151, 1021104102, 6167, 1021141613, 6149, 1021988400, 6150, 1021988551, 5909, 1022008375, 5889, 1038325476, 6402, 1038771273, 6419, 1038319509, 6403, 1038323064, 6420, 1021097853, 5897, 1038323396, 6413, 1022007911, 6404, 1021111048, 6414, 1021989280, 6421, 1022016696, 6405, 1021992577, 6415, 1021104862, 6422, 1021955111, 6406, 1021984379, 5891, 1038332024, 5892, 1021102996, 5899, 1038328961, 5908, 1021089793, 5893, 1021984220, 5901, 1021999562, 5910, 1021963591, 5902, 1021997651, 5894, 1021992706, 5904, 1037871223, 5905, 1038324217, 5895, 1021108169, 5898, 1038783760, 5890, 1038771265, 5906, 1038783329, 5907, 1038328468, 5903, 1021112873, 5911, 1021145590, 5900, 1021099057]
[INFO] (lattice_cell.c: 455): on tick 26 of 50
[INFO] (lattice_cell.c: 172): the unmatched_packets is 56
[6144, 1037889858, 6160, 1037909570, 6408, 1037896843, 6416, 1037909592, 6400, 1037889856, 6145, 1038321674, 6161, 1038322742, 6409, 1038323615, 6417, 1038326922, 6401, 1038325850, 5904, 1037909539, 5888, 1037889864, 5896, 1037896820, 6146, 1038774718, 6162, 1038754219, 6410, 1038767435, 6418, 1038754169, 6402, 1038774728, 5905, 1038318536, 5897, 1038315234, 5889, 1038317470, 6147, 1038319594, 6163, 1038319973, 6411, 1038314974, 6419, 1038315805, 6403, 1038315426, 6148, 1021112063, 6164, 1021131570, 6412, 1021117908, 6149, 1021995766, 6165, 1021979755, 6150, 1022000090, 5906, 1038754257, 6421, 1021984578, 6166, 1022069734, 6151, 1021103340, 6415, 1021060551, 6167, 1021026316, 6423, 1021021870, 6407, 1021099004, 5890, 1038774706, 6420, 1021135904, 6404, 1021116403, 6413, 1022012317, 6414, 1022033521, 6405, 1022000627, 5891, 1038323795, 6422, 1022064949, 6406, 1021995222, 5909, 1021974978, 5910, 1022074410, 5902, 1022043094, 5911, 1021030920, 5894, 1022004855, 5903, 1021069474, 5895, 1021107867, 5907, 1038324198, 5898, 1038767459, 5893, 1021990968, 5892, 1021107561, 5899, 1038323364, 5908, 1021127024, 5900, 1021109064, 5901, 1022002643]
[INFO] (lattice_cell.c: 455): on tick 27 of 50
[INFO] (lattice_cell.c: 172): the unmatched_packets is 56
[6144, 1037857913, 6160, 1037843036, 6408, 1037861156, 6416, 1037842993, 6400, 1037857907, 6145, 1038326676, 6161, 1038330666, 6409, 1038331925, 6417, 1038335146, 6401, 1038331160, 5904, 1037843065, 5896, 1037861197, 5888, 1037857917, 6146, 1038797413, 6162, 1038812626, 6410, 1038793725, 6418, 1038812653, 6402, 1038797411, 6147, 1038324648, 6163, 1038324110, 6411, 1038318289, 6148, 1021126938, 6164, 1021093138, 6149, 1021981855, 6165, 1022004453, 6403, 1038320160, 6166, 1021875864, 6404, 1021130783, 6151, 1021121662, 6167, 1021222592, 6407, 1021117791, 6150, 1021981965, 5901, 1022005235, 5895, 1021125623, 5889, 1038322143, 6419, 1038319626, 6412, 1021102956, 5906, 1038812582, 5905, 1038326134, 5907, 1038328632, 6420, 1021097003, 5897, 1038322914, 6413, 1022013550, 5899, 1038327294, 6421, 1022008631, 6414, 1021934375, 6405, 1021986012, 5908, 1021089173, 5891, 1038329166, 5898, 1038793693, 5900, 1021095118, 6415, 1021165623, 6422, 1021871584, 6406, 1021977807, 6423, 1021218846, 5890, 1038797403, 5909, 1022000335, 5892, 1021122984, 5910, 1021880168, 5893, 1021977667, 5902, 1021942813, 5911, 1021226412, 5894, 1021986119, 5903, 1021173338]
[INFO] (lattice_cell.c: 455): on tick 28 of 50
[INFO] (lattice_cell.c: 172): the unmatched_packets is 56
[6144, 1037919682, 6160, 1037915929, 6408, 1037924848, 6416, 1037915948, 6400, 1037919678, 6145, 1038324118, 6161, 1038323331, 6409, 1038327361, 6417, 1038327490, 6401, 1038328275, 5904, 1037915895, 5896, 1037924792, 6146, 1038743882, 6162, 1038747963, 6410, 1038738455, 6418, 1038747937, 6147, 1038321342, 6163, 1038317853, 6148, 1021054317, 6164, 1021113916, 6149, 1022046083, 6165, 1021997304, 6150, 1022049992, 6412, 1021116532, 6151, 1021047744, 6422, 1022144603, 6167, 1020956349, 6166, 1022149370, 5902, 1022107032, 6402, 1038743890, 6411, 1038314552, 5897, 1038319021, 5889, 1038319924, 6419, 1038313709, 6403, 1038317196, 5888, 1037919684, 5898, 1038738515, 6413, 1022000224, 6420, 1021118321, 5907, 1038322062, 6404, 1021058803, 6414, 1022097549, 5890, 1038743876, 5899, 1038322892, 6421, 1022002197, 6405, 1022050934, 6415, 1020997411, 5908, 1021109353, 5905, 1038319141, 5900, 1021107507, 6406, 1022045166, 6423, 1020951833, 6407, 1021043269, 5892, 1021049724, 5901, 1021990552, 5910, 1022154058, 5906, 1038747984, 5911, 1020961029, 5893, 1022041331, 5894, 1022054751, 5895, 1021052342, 5903, 1021006619, 5891, 1038325549, 5909, 1021992483]
[INFO] (lattice_cell.c: 455): on tick 29 of 50
[INFO] (lattice_cell.c: 172): the unmatched_packets is 56
[6144, 1037825598, 6160, 1037862538, 6408, 1037828324, 6416, 1037862568, 6400, 1037825596, 6145, 1038326611, 6161, 1038327586, 6409, 1038329576, 6417, 1038332089, 6401, 1038331102, 6146, 1038830268, 6162, 1038792075, 5904, 1037862514, 5896, 1037828368, 6410, 1038827708, 6402, 1038830280, 6147, 1038324733, 6163, 1038326643, 6148, 1021188912, 6164, 1021120895, 6149, 1021919065, 6412, 1021155869, 6166, 1021892431, 5888, 1037825608, 6151, 1021181824, 6413, 1021968529, 6415, 1021230456, 6167, 1021194842, 6165, 1021990118, 6150, 1021920037, 6418, 1038792039, 5903, 1021237989, 6411, 1038320162, 5905, 1038323064, 6419, 1038322162, 6403, 1038320248, 5889, 1038322089, 5906, 1038792099, 6420, 1021124762, 6404, 1021192627, 6414, 1021859667, 6421, 1021994230, 6405, 1021923313, 5907, 1038331172, 5899, 1038329181, 6422, 1021888268, 5891, 1038329261, 6406, 1021915812, 5897, 1038320558, 6423, 1021191036, 6407, 1021178121, 5908, 1021116930, 5900, 1021148139, 5909, 1021986052, 5898, 1038827669, 5901, 1021960227, 5890, 1038830270, 5910, 1021896552, 5893, 1021914849, 5911, 1021198803, 5902, 1021868182, 5894, 1021924244, 5895, 1021185698, 5892, 1021185076]
[INFO] (lattice_cell.c: 455): on tick 30 of 50
[INFO] (lattice_cell.c: 172): the unmatched_packets is 56
[6144, 1037955220, 6160, 1037893204, 6408, 1037927244, 6416, 1037893174, 6400, 1037955212, 6145, 1038322000, 6161, 1038325171, 6409, 1038327263, 6417, 1038329320, 6401, 1038326154, 6146, 1038707468, 6162, 1038771211, 5904, 1037893235, 6410, 1038736484, 6402, 1038707474, 6147, 1038319224, 6163, 1038317079, 6418, 1038771237, 6148, 1020992098, 6164, 1021057573, 5896, 1037927314, 6165, 1022044814, 6150, 1022120802, 6412, 1021024256, 6149, 1022118778, 6414, 1022112731, 6166, 1022015583, 6167, 1021092376, 6423, 1021088052, 6151, 1020986294, 5891, 1038323423, 5908, 1021053004, 5900, 1021015176, 5902, 1022122344, 5895, 1020990960, 6411, 1038311868, 5889, 1038317796, 6419, 1038312933, 6403, 1038315072, 6413, 1022094666, 5890, 1038707464, 6420, 1021062000, 6404, 1020996642, 5906, 1038771169, 5898, 1038736412, 5888, 1037955224, 6421, 1022049697, 6405, 1022123533, 6415, 1020994750, 5892, 1020987438, 5905, 1038320966, 5897, 1038318915, 6422, 1022010592, 5901, 1022085056, 6406, 1022116031, 6407, 1020981727, 5893, 1022114057, 5911, 1021096807, 5894, 1022125488, 5903, 1021003805, 5899, 1038320226, 5909, 1022039970, 5907, 1038321282, 5910, 1022020546]
[INFO] (lattice_cell.c: 455): on tick 31 of 50
[INFO] (lattice_cell.c: 172): the unmatched_packets is 56
[6144, 1037830842, 6160, 1037869771, 6408, 1037850993, 6416, 1037869804, 6400, 1037830836, 6145, 1038330151, 6161, 1038328290, 6409, 1038332613, 6417, 1038332777, 6401, 1038334623, 6146, 1038824334, 6162, 1038785080, 6410, 1038803768, 6418, 1038785038, 6402, 1038824336, 6147, 1038327720, 6163, 1038324554, 5904, 1037869725, 6411, 1038320825, 6148, 1021232892, 6164, 1021198311, 6165, 1021912758, 6403, 1038323255, 6150, 1021862453, 6149, 1021859481, 6166, 1022049484, 6406, 1021858242, 5889, 1038325625, 6151, 1021225231, 6167, 1021045149, 5891, 1038332243, 5900, 1021235982, 5911, 1021049247, 5894, 1021866595, 6419, 1038320078, 6412, 1021243625, 6404, 1021236676, 6413, 1021870831, 6420, 1021202099, 6414, 1021967331, 6405, 1021863689, 6421, 1021916922, 6415, 1021119251, 6422, 1022045450, 6407, 1021221439, 6423, 1021041209, 5897, 1038323616, 5907, 1038329071, 5908, 1021194344, 5909, 1021908616, 5892, 1021228962, 5888, 1037830846, 5901, 1021862389, 5905, 1038323773, 5910, 1022053485, 5893, 1021855325, 5902, 1021975398, 5895, 1021229147, 5903, 1021127234, 5899, 1038329819, 5906, 1038785126, 5898, 1038803904, 5890, 1038824330, 5896, 1037850871]
[INFO] (lattice_cell.c: 455): on tick 32 of 50
[INFO] (lattice_cell.c: 172): the unmatched_packets is 56
[6144, 1037886215, 6160, 1037913242, 6408, 1037901476, 6416, 1037913226, 6400, 1037886211, 6145, 1038320178, 6161, 1038322893, 6409, 1038323138, 6417, 1038327061, 6401, 1038324353, 6146, 1038779373, 6162, 1038750293, 6410, 1038762897, 6418, 1038750298, 6402, 1038779383, 6147, 1038317715, 6163, 1038318681, 5904, 1037913262, 6411, 1038313615, 6148, 1021038202, 6164, 1020997369, 5896, 1037901546, 6403, 1038313547, 6151, 1021033126, 6405, 1022084067, 6150, 1022079287, 6422, 1021941030, 6167, 1021154586, 6149, 1022079123, 6165, 1022114734, 6166, 1021945928, 5892, 1021033793, 5910, 1021950796, 5905, 1038318670, 5889, 1038315977, 5898, 1038762827, 6419, 1038314518, 6412, 1020976987, 5907, 1038322906, 6420, 1021001895, 5890, 1038779367, 6413, 1022156527, 6404, 1021042522, 6414, 1021958285, 6421, 1022119486, 5908, 1020992757, 5888, 1037886219, 5891, 1038321927, 6415, 1021141125, 5897, 1038314753, 6406, 1022074342, 6423, 1021150208, 6407, 1021028815, 5901, 1022146990, 5906, 1038750277, 5893, 1022074183, 5911, 1021159049, 5902, 1021968290, 5899, 1038321998, 5894, 1022084225, 5895, 1021037539, 5903, 1021149734, 5900, 1020967932, 5909, 1022109993]
[INFO] (lattice_cell.c: 455): on tick 33 of 50
[INFO] (lattice_cell.c: 172): the unmatched_packets is 56
[6144, 1037905968, 6160, 1037838709, 6408, 1037878160, 6416, 1037838731, 6400, 1037905956, 6145, 1038328944, 6161, 1038331674, 6409, 1038334577, 6417, 1038336124, 6401, 1038333392, 6162, 1038816879, 6146, 1038747234, 6410, 1038776060, 6402, 1038747238, 6418, 1038816846, 6163, 1038325213, 6147, 1038326300, 6164, 1021234084, 6148, 1021094832, 6167, 1021093158, 6413, 1021908802, 6149, 1022007345, 6165, 1021861532, 6150, 1022011050, 6423, 1021089294, 6151, 1021085457, 6407, 1021081434, 6166, 1021998975, 5901, 1021900570, 5911, 1021097183, 6411, 1038319250, 6419, 1038320761, 6412, 1021199112, 6403, 1038321853, 5902, 1022043321, 6420, 1021237873, 5889, 1038324452, 6404, 1021098847, 6414, 1022035222, 5888, 1037905976, 6421, 1021865821, 6405, 1022011361, 6415, 1021058502, 6422, 1021994762, 6406, 1022007032, 5891, 1038330799, 5898, 1038776003, 5907, 1038329698, 5908, 1021230120, 5900, 1021191146, 5892, 1021090636, 5890, 1038747228, 5904, 1037838677, 5910, 1022003117, 5896, 1037878212, 5893, 1022003379, 5894, 1022015009, 5895, 1021089680, 5903, 1021066610, 5899, 1038328190, 5905, 1038327181, 5897, 1038325628, 5906, 1038816902, 5909, 1021857362]
[INFO] (lattice_cell.c: 455): on tick 34 of 50
[INFO] (lattice_cell.c: 172): the unmatched_packets is 56
[6144, 1037868657, 6160, 1037904337, 6408, 1037879783, 6416, 1037904331, 6400, 1037868649, 6145, 1038322335, 6161, 1038321149, 6409, 1038325364, 6417, 1038325354, 6401, 1038326533, 6146, 1038795849, 6162, 1038760287, 6410, 1038785067, 6418, 1038760285, 6402, 1038795849, 6147, 1038319538, 6163, 1038317044, 6411, 1038312373, 5904, 1037904330, 6148, 1021154508, 6164, 1021002755, 6166, 1022034247, 6413, 1022004618, 6149, 1021951411, 6165, 1022119144, 6422, 1022029359, 6406, 1021946033, 6167, 1021072362, 6151, 1021151055, 6150, 1021950943, 5895, 1021155368, 6419, 1038312855, 6403, 1038315339, 6412, 1021121108, 6420, 1021007107, 6404, 1021158737, 5903, 1021106682, 6414, 1022002873, 6421, 1022123945, 6405, 1021956331, 6415, 1021097950, 5889, 1038318091, 5905, 1038316901, 5897, 1038316918, 5890, 1038795843, 5906, 1038760290, 6423, 1021068079, 5898, 1038785170, 6407, 1021146796, 5907, 1038321302, 5899, 1038320817, 5891, 1038323787, 5888, 1037868659, 5908, 1020998335, 5892, 1021150195, 5909, 1022114320, 5896, 1037879693, 5901, 1021994723, 5910, 1022039135, 5893, 1021946497, 5911, 1021076675, 5902, 1022012493, 5894, 1021955831, 5900, 1021112616]
[INFO] (lattice_cell.c: 455): on tick 35 of 50
[INFO] (lattice_cell.c: 172): the unmatched_packets is 56
[6144, 1037871749, 6160, 1037896290, 6408, 1037883144, 6416, 1037896293, 6400, 1037871741, 6145, 1038328961, 6161, 1038330589, 6409, 1038331739, 6417, 1038335007, 6401, 1038333363, 6146, 1038783407, 6162, 1038756894, 6410, 1038771203, 5904, 1037896285, 5896, 1037883138, 6418, 1038756890, 6402, 1038783413, 5888, 1037871749, 6163, 1038325145, 6147, 1038326382, 6411, 1038321009, 6148, 1021087154, 6164, 1021138606, 6149, 1022014587, 6166, 1021987501, 5897, 1038322869, 5905, 1038326127, 6167, 1021105141, 6165, 1021963518, 6414, 1021964582, 6150, 1022019145, 6406, 1022014918, 6151, 1021076701, 5893, 1022010429, 6419, 1038320740, 6403, 1038321986, 6412, 1021065846, 6420, 1021142710, 6404, 1021091102, 6413, 1022053245, 5895, 1021080841, 6421, 1021967642, 6405, 1022018839, 5889, 1038324502, 6422, 1021983376, 6415, 1021124212, 5903, 1021132319, 6423, 1021101074, 6407, 1021072752, 5906, 1038756906, 5899, 1038329869, 5900, 1021057480, 5892, 1021083014, 5909, 1021959507, 5901, 1022045145, 5910, 1021991524, 5898, 1038771220, 5902, 1021972950, 5911, 1021109418, 5890, 1038783395, 5894, 1022023302, 5907, 1038329603, 5891, 1038330843, 5908, 1021134346]
[INFO] (lattice_cell.c: 455): on tick 36 of 50
[INFO] (lattice_cell.c: 172): the unmatched_packets is 56
[6144, 1037902355, 6160, 1037866292, 6408, 1037882596, 6416, 1037866319, 6400, 1037902359, 6145, 1038321071, 6161, 1038323566, 6409, 1038325403, 6417, 1038327818, 6401, 1038325315, 6162, 1038798726, 6146, 1038761688, 5904, 1037866266, 6410, 1038781962, 5896, 1037882666, 6418, 1038798694, 5888, 1037902362, 6402, 1038761688, 6163, 1038317850, 6147, 1038318311, 6411, 1038312626, 5905, 1038319280, 5897, 1038316858, 6419, 1038313615, 6403, 1038314070, 6164, 1021155683, 6148, 1021088150, 6412, 1021136424, 6149, 1022025245, 6165, 1021953482, 6414, 1022006304, 6166, 1021976067, 6415, 1021093844, 6167, 1021124320, 6151, 1021084746, 6150, 1022023191, 5891, 1038322607, 6420, 1021159818, 6404, 1021092388, 6413, 1021988818, 6421, 1021958326, 6405, 1022029975, 6422, 1021971243, 6406, 1022018469, 6423, 1021120173, 5902, 1022015979, 6407, 1021080504, 5890, 1038761676, 5903, 1021102225, 5899, 1038321159, 5908, 1021151474, 5900, 1021127945, 5892, 1021083852, 5901, 1021979260, 5889, 1038316778, 5893, 1022020461, 5911, 1021128533, 5894, 1022027969, 5898, 1038781876, 5906, 1038798760, 5895, 1021089065, 5909, 1021948597, 5910, 1021980936, 5907, 1038322153]
[INFO] (lattice_cell.c: 455): on tick 37 of 50
[INFO] (lattice_cell.c: 172): the unmatched_packets is 56
[6144, 1037879581, 6408, 1037879187, 6160, 1037875201, 6416, 1037875217, 6400, 1037879570, 6145, 1038329342, 6161, 1038330118, 6409, 1038333751, 6417, 1038334478, 6401, 1038333705, 6162, 1038779980, 6146, 1038774266, 6410, 1038775185, 5896, 1037879145, 6402, 1038774268, 5888, 1037879589, 6418, 1038779961, 6163, 1038324274, 6147, 1038326324, 6411, 1038319287, 6403, 1038321969, 6419, 1038319912, 6164, 1021064342, 6148, 1021133150, 6165, 1022040898, 5905, 1038325703, 6149, 1021966695, 6166, 1022006167, 5897, 1038324988, 6413, 1021981760, 6167, 1021090282, 6150, 1021972316, 6415, 1021070423, 6151, 1021122485, 6407, 1021118347, 5910, 1022010413, 6412, 1021131898, 5894, 1021976448, 6420, 1021068447, 6404, 1021137255, 6414, 1022022595, 6421, 1022045151, 6405, 1021970927, 6422, 1022001832, 6406, 1021968084, 6423, 1021086240, 5890, 1038774254, 5892, 1021128808, 5907, 1038328681, 5900, 1021123629, 5909, 1022036740, 5901, 1021973157, 5893, 1021962557, 5904, 1037875179, 5911, 1021094533, 5889, 1038324938, 5906, 1038780008, 5895, 1021126815, 5903, 1021078923, 5891, 1038330734, 5902, 1022030931, 5898, 1038775226, 5899, 1038328038, 5908, 1021060008]
[INFO] (lattice_cell.c: 455): on tick 38 of 50
[INFO] (lattice_cell.c: 172): the unmatched_packets is 56
[6144, 1037868823, 6408, 1037891272, 6160, 1037896862, 6416, 1037896850, 6400, 1037868815, 6145, 1038321955, 6161, 1038322482, 6409, 1038324980, 6417, 1038326782, 6401, 1038326248, 6146, 1038796403, 6162, 1038767237, 5904, 1037896872, 5896, 1037891210, 6410, 1038773031, 6418, 1038767242, 6402, 1038796409, 5888, 1037868822, 6147, 1038319279, 6163, 1038317877, 6411, 1038313569, 5905, 1038318137, 6419, 1038313587, 6403, 1038314986, 5897, 1038316345, 6148, 1021115413, 6164, 1021099306, 6412, 1021095115, 6165, 1022016583, 6149, 1021993450, 6166, 1022014103, 6167, 1021087491, 6150, 1021990887, 6151, 1021112389, 6423, 1021083385, 5909, 1022011924, 6420, 1021103493, 6404, 1021119429, 6413, 1022031585, 6421, 1022021191, 6405, 1021998221, 6414, 1021983253, 6422, 1022009415, 6415, 1021113484, 6406, 1021986155, 6407, 1021108378, 5902, 1021992665, 5895, 1021116485, 5898, 1038773105, 5907, 1038322218, 5899, 1038322210, 5889, 1038317617, 5908, 1021095076, 5891, 1038323617, 5900, 1021086834, 5890, 1038796387, 5906, 1038767226, 5892, 1021111340, 5901, 1022022190, 5910, 1022018822, 5911, 1021091642, 5894, 1021995652, 5903, 1021121728, 5893, 1021988669]
[INFO] (lattice_cell.c: 455): on tick 39 of 50
[INFO] (lattice_cell.c: 172): the unmatched_packets is 56
[6144, 1037882671, 6160, 1037880437, 6408, 1037879393, 6416, 1037880457, 6400, 1037882660, 6145, 1038328337, 6161, 1038330997, 6409, 1038332497, 6417, 1038335294, 6401, 1038332644, 6146, 1038771954, 6162, 1038773431, 6410, 1038774906, 5904, 1037880417, 5896, 1037879417, 6418, 1038773395, 6402, 1038771956, 6147, 1038325243, 6163, 1038325918, 6411, 1038319716, 6148, 1021083600, 6164, 1021141550, 6165, 1021960616, 6403, 1038320949, 6151, 1021072498, 6420, 1021145737, 6414, 1021975420, 6150, 1022027561, 6166, 1021993603, 6422, 1021989249, 6423, 1021090260, 6167, 1021094498, 6149, 1022021926, 6419, 1038321613, 6412, 1021113123, 6404, 1021087806, 6413, 1022003837, 6405, 1022026316, 6421, 1021965030, 5906, 1038773448, 5898, 1038774878, 5907, 1038330272, 5890, 1038771946, 6415, 1021116337, 5899, 1038328371, 6406, 1022023186, 5908, 1021137179, 5888, 1037882675, 5897, 1038323832, 6407, 1021068297, 5905, 1038326633, 5889, 1038323980, 5901, 1021995359, 5910, 1021997859, 5911, 1021098937, 5902, 1021984142, 5894, 1022031827, 5895, 1021076907, 5903, 1021124848, 5891, 1038329606, 5900, 1021104368, 5909, 1021956344, 5892, 1021079216, 5893, 1022017648]
[INFO] (lattice_cell.c: 455): on tick 40 of 50
[INFO] (lattice_cell.c: 172): the unmatched_packets is 56
[6144, 1037899938, 6160, 1037878646, 6408, 1037876957, 6416, 1037878700, 6400, 1037899934, 6145, 1038322100, 6161, 1038323034, 6409, 1038326457, 6417, 1038327387, 6401, 1038326432, 6162, 1038786263, 6146, 1038763670, 6410, 1038787954, 5904, 1037878582, 6418, 1038786199, 5896, 1037876995, 6402, 1038763674, 5888, 1037899943, 6163, 1038318506, 6147, 1038319314, 6411, 1038311185, 6164, 1021105547, 6148, 1021103926, 6165, 1022007013, 6149, 1022005766, 6150, 1022002731, 6151, 1021100521, 6167, 1021114041, 6415, 1021094676, 6166, 1021983926, 6407, 1021096486, 5892, 1021099848, 5910, 1021988577, 5893, 1022001155, 6419, 1038314164, 6403, 1038314972, 6412, 1021131048, 5902, 1022019127, 5895, 1021104608, 6420, 1021109535, 6404, 1021107941, 6413, 1021991369, 6414, 1022009909, 6421, 1022011589, 6405, 1022010291, 5889, 1038317703, 6422, 1021979350, 6406, 1021998204, 6423, 1021110063, 5891, 1038323711, 5906, 1038786319, 5909, 1022002392, 5894, 1022007325, 5903, 1021102695, 5905, 1038318638, 5897, 1038317721, 5898, 1038787916, 5907, 1038322911, 5911, 1021118075, 5901, 1021982111, 5899, 1038319918, 5908, 1021101480, 5900, 1021123040, 5890, 1038763664]
[INFO] (lattice_cell.c: 455): on tick 41 of 50
[INFO] (lattice_cell.c: 172): the unmatched_packets is 56
[6144, 1037877896, 6160, 1037881604, 6408, 1037880129, 6416, 1037881596, 6400, 1037877885, 6145, 1038330647, 6161, 1038329670, 6409, 1038332699, 6417, 1038333925, 6401, 1038334895, 6146, 1038776180, 6162, 1038773033, 6410, 1038774332, 5904, 1037881612, 5896, 1037880113, 6418, 1038773032, 6402, 1038776188, 5888, 1037877893, 6147, 1038327267, 6163, 1038323129, 6411, 1038318774, 6148, 1021128265, 6164, 1021088221, 6150, 1021972434, 6166, 1022000057, 6420, 1021092583, 6167, 1021099668, 6149, 1021966562, 6165, 1022019218, 5889, 1038326344, 6151, 1021117743, 6407, 1021113444, 5895, 1021122248, 6403, 1038323032, 6419, 1038318884, 6412, 1021111444, 6404, 1021132552, 6413, 1022006756, 6414, 1022019355, 6421, 1022023657, 6405, 1021971062, 6415, 1021075962, 6422, 1021995438, 6406, 1021967956, 6423, 1021095504, 5890, 1038776178, 5893, 1021962173, 5894, 1021976795, 5910, 1022004556, 5911, 1021104049, 5903, 1021084758, 5905, 1038325361, 5897, 1038324148, 5899, 1038327326, 5898, 1038774368, 5891, 1038331581, 5909, 1022014904, 5901, 1021997774, 5907, 1038327438, 5908, 1021083659, 5906, 1038773021, 5900, 1021102757, 5892, 1021123767, 5902, 1022028214]
[INFO] (lattice_cell.c: 455): on tick 42 of 50
[INFO] (lattice_cell.c: 172): the unmatched_packets is 56
[6144, 1037871152, 6160, 1037887014, 6408, 1037893219, 6416, 1037887024, 6400, 1037871151, 6145, 1038322473, 6161, 1038323629, 6409, 1038324065, 6417, 1038328035, 6401, 1038326872, 6146, 1038794120, 6162, 1038777263, 6410, 1038770779, 6418, 1038777235, 5904, 1037886981, 6402, 1038794122, 5896, 1037893139, 5888, 1037871160, 6147, 1038319805, 6163, 1038320024, 6411, 1038314310, 6148, 1021111053, 6164, 1021117176, 6419, 1038315638, 6150, 1021993509, 6413, 1022028392, 6151, 1021106967, 6165, 1021995219, 6149, 1021996488, 6405, 1022000946, 6167, 1021092658, 6166, 1021998622, 5895, 1021110941, 6403, 1038315409, 6412, 1021103164, 6420, 1021121123, 6404, 1021114944, 5890, 1038794108, 6421, 1021999625, 6414, 1021986553, 5905, 1038319194, 5897, 1038315221, 6415, 1021106741, 6422, 1021994269, 6406, 1021989039, 5889, 1038318041, 6423, 1021088650, 6407, 1021103092, 5891, 1038324242, 5892, 1021107106, 5908, 1021113140, 5893, 1021991959, 5901, 1022019533, 5910, 1022003030, 5911, 1021096728, 5894, 1021998022, 5898, 1038770871, 5906, 1038777284, 5907, 1038324465, 5899, 1038323151, 5900, 1021095195, 5909, 1021990760, 5902, 1021995383, 5903, 1021114713]
[INFO] (lattice_cell.c: 455): on tick 43 of 50
[INFO] (lattice_cell.c: 172): the unmatched_packets is 56
[6144, 1037880251, 6160, 1037881074, 6408, 1037882233, 6416, 1037881073, 6400, 1037880251, 6145, 1038327693, 6161, 1038332177, 6409, 1038332146, 6417, 1038336384, 6401, 1038331900, 6146, 1038774369, 6162, 1038773240, 6410, 1038771945, 6418, 1038773234, 6402, 1038774361, 5904, 1037881072, 5888, 1037880263, 6147, 1038324278, 6163, 1038322928, 6411, 1038317247, 6148, 1021089425, 6164, 1021124133, 6412, 1021122592, 6149, 1022019159, 6166, 1022014212, 6404, 1021093721, 6165, 1021973774, 6150, 1022024246, 6151, 1021079274, 6407, 1021074941, 6167, 1021085250, 5911, 1021089704, 6419, 1038318725, 6403, 1038320080, 5903, 1021124288, 6420, 1021128476, 6413, 1021996511, 5906, 1038773236, 6421, 1021978418, 6414, 1021984672, 5898, 1038771898, 6405, 1022023827, 5896, 1037882271, 6415, 1021115616, 5905, 1038327901, 6422, 1022009478, 6406, 1022019593, 5891, 1038328537, 5897, 1038323685, 6423, 1021081005, 5900, 1021113608, 5889, 1038323440, 5892, 1021084923, 5909, 1021969227, 5901, 1021987465, 5890, 1038774353, 5910, 1022018851, 5899, 1038325708, 5893, 1022014587, 5902, 1021994022, 5894, 1022028820, 5907, 1038327192, 5908, 1021119611, 5895, 1021083778]
[INFO] (lattice_cell.c: 455): on tick 44 of 50
[INFO] (lattice_cell.c: 172): the unmatched_packets is 56
[6144, 1037895541, 6160, 1037875662, 6408, 1037874421, 6416, 1037875738, 6400, 1037895535, 6145, 1038324545, 6161, 1038323656, 6409, 1038327421, 6417, 1038328093, 6401, 1038328967, 6146, 1038768168, 6162, 1038789088, 6410, 1038790504, 5904, 1037875581, 6418, 1038789005, 6402, 1038768168, 5896, 1037874409, 5888, 1037895541, 6147, 1038321459, 6163, 1038317639, 6411, 1038313777, 6403, 1038317039, 6419, 1038313213, 6164, 1021094265, 6148, 1021098691, 6412, 1021125789, 6149, 1022002208, 6165, 1022017283, 5889, 1038320064, 6404, 1021102616, 6151, 1021094035, 6166, 1021970659, 6167, 1021130567, 6150, 1022000134, 5911, 1021134591, 6420, 1021098144, 6413, 1021993449, 5894, 1022004415, 6421, 1022021564, 6414, 1021989390, 6405, 1022006446, 6415, 1021103970, 6422, 1021966432, 6406, 1021995901, 5890, 1038768152, 6423, 1021126605, 6407, 1021090077, 5891, 1038325954, 5893, 1021997930, 5900, 1021117964, 5910, 1021974915, 5902, 1021997909, 5903, 1021111916, 5905, 1038319170, 5897, 1038318502, 5898, 1038790518, 5907, 1038322133, 5899, 1038322691, 5906, 1038789180, 5892, 1021094662, 5908, 1021090291, 5901, 1021984793, 5895, 1021098045, 5909, 1022012937]
[INFO] (lattice_cell.c: 455): on tick 45 of 50
[INFO] (lattice_cell.c: 172): the unmatched_packets is 56
[6144, 1037886664, 6160, 1037897788, 6408, 1037883974, 6416, 1037897789, 6400, 1037886650, 6161, 1038329138, 6145, 1038327677, 6409, 1038330342, 6417, 1038333302, 6401, 1038331844, 6162, 1038756340, 6146, 1038767123, 6410, 1038770566, 6402, 1038767131, 5896, 1037883971, 5888, 1037886658, 6418, 1038756331, 6163, 1038327345, 6147, 1038324525, 6164, 1021106757, 6148, 1021122604, 6165, 1022003543, 6419, 1038323184, 6403, 1038320364, 6167, 1021048529, 6151, 1021112815, 6166, 1022033337, 6421, 1022008212, 6405, 1021989399, 6422, 1022028423, 6149, 1021984608, 6150, 1021988251, 5893, 1021979892, 5902, 1022040134, 6411, 1038319676, 5895, 1021117348, 6412, 1021118064, 5889, 1038323458, 6413, 1022009720, 6420, 1021111229, 6404, 1021126950, 6414, 1022030561, 5905, 1038324909, 5904, 1037897776, 6415, 1021060639, 5897, 1038321941, 5907, 1038331567, 6406, 1021983466, 5899, 1038328054, 5900, 1021109247, 6423, 1021044297, 6407, 1021108480, 5892, 1021118104, 5901, 1022000206, 5898, 1038770568, 5890, 1038767121, 5911, 1021052952, 5894, 1021992957, 5891, 1038328760, 5909, 1021998960, 5908, 1021102116, 5910, 1022038164, 5906, 1038756349, 5903, 1021069418]
[INFO] (lattice_cell.c: 455): on tick 46 of 50
[INFO] (lattice_cell.c: 172): the unmatched_packets is 56
[6144, 1037864719, 6160, 1037862257, 6408, 1037876680, 6416, 1037862261, 6400, 1037864711, 6145, 1038322094, 6161, 1038325888, 6409, 1038327287, 6417, 1038330348, 6401, 1038326548, 6162, 1038802579, 6146, 1038800627, 6410, 1038787733, 6402, 1038800627, 6418, 1038802579, 5896, 1037876625, 5888, 1037864725, 6163, 1038314680, 6147, 1038318658, 6411, 1038309568, 6164, 1021102292, 6148, 1021129548, 6165, 1022001133, 6149, 1021980022, 6403, 1038314208, 6150, 1021979476, 6151, 1021124312, 6404, 1021133423, 6421, 1022005309, 6166, 1021924041, 6422, 1021919826, 6167, 1021187351, 6423, 1021183519, 5890, 1038800607, 5893, 1021975821, 5894, 1021983635, 5895, 1021128293, 6419, 1038310224, 6412, 1021096424, 6420, 1021106173, 6413, 1022023347, 5906, 1038802582, 5898, 1038787804, 6414, 1021966675, 5905, 1038321377, 6405, 1021984169, 6415, 1021144813, 5904, 1037862259, 5907, 1038319197, 6406, 1021975307, 5897, 1038318320, 5899, 1038318541, 6407, 1021120447, 5892, 1021125583, 5889, 1038317586, 5900, 1021088559, 5909, 1021996925, 5901, 1022015027, 5902, 1021974942, 5903, 1021152732, 5891, 1038323178, 5908, 1021098314, 5910, 1021928265, 5911, 1021191285]
[INFO] (lattice_cell.c: 455): on tick 47 of 50
[INFO] (lattice_cell.c: 172): the unmatched_packets is 56
[6144, 1037897790, 6160, 1037908589, 6408, 1037910293, 6416, 1037908647, 6400, 1037897790, 6145, 1038332077, 6161, 1038329502, 6409, 1038332869, 6417, 1038333658, 6401, 1038336228, 6162, 1038745271, 6146, 1038756259, 6410, 1038743054, 6418, 1038745205, 6402, 1038756259, 5904, 1037908519, 5896, 1037910249, 5888, 1037897806, 6163, 1038326025, 6147, 1038328958, 6411, 1038322557, 6403, 1038324814, 6419, 1038321884, 6164, 1021133904, 6148, 1021061255, 6412, 1021115934, 6165, 1021976481, 6149, 1022030264, 6166, 1022114186, 6420, 1021138327, 5889, 1038327877, 6150, 1022032387, 6421, 1021981282, 6167, 1020972723, 6405, 1022035156, 6151, 1021052337, 6415, 1021032388, 6407, 1021047999, 6404, 1021065581, 6413, 1022001794, 6414, 1022046695, 5890, 1038756251, 6422, 1022109446, 5908, 1021129325, 6406, 1022027517, 5900, 1021106911, 6423, 1020968239, 5897, 1038324521, 5909, 1021971716, 5892, 1021056738, 5898, 1038743113, 5901, 1021992261, 5906, 1038745341, 5910, 1022118873, 5902, 1022056373, 5899, 1038330894, 5911, 1020977371, 5905, 1038325295, 5907, 1038330235, 5891, 1038333170, 5903, 1021041268, 5893, 1022025429, 5894, 1022037228, 5895, 1021056842]
[INFO] (lattice_cell.c: 455): on tick 48 of 50
[INFO] (lattice_cell.c: 172): the unmatched_packets is 56
[6144, 1037853124, 6160, 1037852908, 6408, 1037842299, 6416, 1037852906, 6400, 1037853122, 6145, 1038319155, 6161, 1038323103, 6409, 1038322978, 6417, 1038327575, 6401, 1038323616, 6162, 1038812234, 6146, 1038812036, 6410, 1038823361, 6418, 1038812228, 6402, 1038812046, 5888, 1037853124, 5904, 1037852900, 5896, 1037842395, 6163, 1038317695, 6147, 1038315703, 6411, 1038310329, 6164, 1021105768, 6148, 1021158689, 6165, 1022007342, 6412, 1021149851, 6167, 1021224944, 6149, 1021963410, 6150, 1021963793, 6415, 1021212095, 6151, 1021151835, 6166, 1021874386, 6423, 1021221310, 6407, 1021148001, 6419, 1038313233, 6403, 1038311248, 5894, 1021967909, 6413, 1021986063, 6420, 1021109611, 6404, 1021162493, 6414, 1021893437, 6421, 1022011481, 6405, 1021967576, 5895, 1021155789, 6422, 1021870025, 6406, 1021959650, 5889, 1038314631, 5906, 1038812238, 5905, 1038318576, 5890, 1038812024, 5897, 1038313990, 5899, 1038319329, 5891, 1038320238, 5900, 1021142051, 5898, 1038823285, 5892, 1021154734, 5907, 1038322229, 5901, 1021977802, 5910, 1021878708, 5893, 1021959287, 5902, 1021901937, 5908, 1021101843, 5909, 1022003192, 5911, 1021228675, 5903, 1021219657]
[INFO] (lattice_cell.c: 455): on tick 49 of 50
[INFO] (lattice_cell.c: 172): the unmatched_packets is 56
[6144, 1037940183, 6160, 1037903020, 6408, 1037920935, 6416, 1037903099, 6400, 1037940171, 6145, 1038331415, 6161, 1038333533, 6409, 1038336080, 6417, 1038337691, 6401, 1038335554, 6162, 1038751133, 6146, 1038712115, 6410, 1038732661, 6418, 1038751043, 6402, 1038712111, 5896, 1037920824, 5888, 1037940181, 6163, 1038324365, 6147, 1038328006, 6411, 1038319452, 6419, 1038320216, 6403, 1038323873, 5905, 1038329326, 5897, 1038327735, 5889, 1038327210, 5904, 1037902942, 6164, 1021065462, 6148, 1021023673, 6412, 1021063392, 6404, 1021028193, 5890, 1038712097, 5906, 1038751213, 6420, 1021069929, 6165, 1022029084, 6149, 1022071637, 6413, 1022043851, 5898, 1038732782, 6421, 1022033862, 5899, 1038327797, 6405, 1022076392, 6166, 1022080269, 6150, 1022072623, 6414, 1022121654, 6151, 1021016181, 6167, 1021014278, 5891, 1038332205, 6422, 1022075544, 6406, 1022067875, 6415, 1020971055, 6423, 1021009755, 6407, 1021011655, 5892, 1021019018, 5903, 1020980372, 5909, 1022024314, 5907, 1038328560, 5910, 1022084969, 5893, 1022066912, 5908, 1021060837, 5902, 1022130963, 5911, 1021018960, 5894, 1022077319, 5900, 1021054423, 5895, 1021020865, 5901, 1022034198]
[INFO] (lattice_cell.c: 455): on tick 50 of 50
[INFO] (lattice_cell.c: 466): updating recording regions
[INFO] (recording.c: 507): 	Finalising channel 0 - state info stored in SDRAM
[INFO] (recording.c: 512): closed channel 0.
[INFO] (lattice_cell.c: 470): Simulation complete.

