[INFO] (lattice_cell.c: 604): starting lattice cell
[INFO] (lattice_cell.c: 526): Initialise: started
[INFO] (data_specification.c: 78): magic = ad130ad6, version = 1.0
[INFO] (lattice_cell.c: 555): my key is 1728
[INFO] (lattice_cell.c: 562): I'm in position ( 6, 24)
[INFO] (lattice_cell.c: 568): my n key is 1472
[INFO] (lattice_cell.c: 574): my U_X = 0.0
[INFO] (lattice_cell.c: 575): my U_Y = 0.00019134172180201858
[INFO] (lattice_cell.c: 583): input_buffer initialised
[INFO] (recording.c: 563): Recording 1 regions, using output tag 0, size before trigger 7686388, time between triggers 50
[INFO] (recording.c: 665): Recording channel 0 configured to use 7686132 byte memory block starting at 0x60243eac
[INFO] (lattice_cell.c: 588): Recording flags = 0x00000001
[INFO] (lattice_cell.c: 619): setting timer to execute every 200000 microseconds
[INFO] (lattice_cell.c: 627): Starting

[INFO] (simulation.c: 159): Setting the runtime of this model to 50 starting at 0
[INFO] (simulation.c: 161): Setting the flag of infinite run for this model to 0
[INFO] (simulation.c: 175): Resuming
[INFO] (lattice_cell.c: 455): on tick 0 of 50
[1984, 1038323257, 1472, 1038323253, 1976, 1038656493, 1736, 1037999651, 1464, 1038656489, 1992, 1037999655, 1480, 1037999651, 1722, 1037999653, 1738, 1038656487, 1474, 1038323253, 1987, 1038318893, 1723, 1038312289, 1475, 1038310835, 1739, 1038312287, 1476, 1021558475, 1724, 1021888216, 1468, 1021892259, 1740, 1021230624, 1469, 1021234328, 1725, 1021230626, 1980, 1021883833, 1727, 1021870342, 1990, 1021541677, 1983, 1021874721, 1998, 1021874719, 1977, 1038325213, 1720, 1038656489, 1473, 1038335691, 1985, 1038327621, 1465, 1038333283, 1986, 1038323257, 1993, 1038325211, 1978, 1037999657, 1481, 1038333281, 1466, 1037999653, 1994, 1038656491, 1979, 1038316485, 1995, 1038316483, 1721, 1038329411, 1988, 1021550405, 1737, 1038329409, 1482, 1038656487, 1467, 1038308427, 1989, 1021550405, 1483, 1038308425, 1997, 1021883833, 1991, 1021541677, 1484, 1021234328, 1477, 1021558475, 1485, 1021892257, 1996, 1021226611, 1478, 1021533619, 1486, 1021866308, 1981, 1021226613, 1470, 1021210567, 1487, 1021210565, 1982, 1021218269, 1471, 1021866310, 1479, 1021533619, 1741, 1021888214, 1726, 1021214260, 1742, 1021870340, 1999, 1021218267, 1743, 1021214258]
[INFO] (lattice_cell.c: 455): on tick 1 of 50
[INFO] (lattice_cell.c: 172): the unmatched_packets is 56
[1720, 1038576345, 1976, 1038576267, 1736, 1038072721, 1464, 1038576416, 1992, 1038072649, 1480, 1038072795, 1984, 1038323423, 1472, 1038323659, 1721, 1038336136, 1977, 1038331996, 1737, 1038331917, 1465, 1038339940, 1985, 1038330011, 1473, 1038337971, 1993, 1038327773, 1738, 1038576017, 1722, 1038072405, 1978, 1038072483, 1466, 1038072329, 1474, 1038322939, 1994, 1038576105, 1739, 1038319233, 1723, 1038315015, 1467, 1038311201, 1475, 1038313433, 1724, 1021701832, 1483, 1038315405, 1982, 1020963586, 1742, 1021684578, 1470, 1020956293, 1991, 1021868811, 1988, 1021213220, 1743, 1021385552, 1727, 1022126847, 1998, 1021688565, 1983, 1022131397, 1997, 1022140363, 1482, 1038575945, 1481, 1038335741, 1986, 1038323173, 1979, 1038319153, 1484, 1020980801, 1468, 1021706150, 1476, 1021221900, 1987, 1038321393, 1995, 1038323385, 1740, 1020976576, 1981, 1021398800, 1485, 1022147991, 1469, 1021406277, 1989, 1021877728, 1486, 1021681102, 1478, 1021197249, 1990, 1021204567, 1487, 1021381282, 1477, 1021885339, 1471, 1022122482, 1980, 1021697348, 1741, 1022144419, 1725, 1021402776, 1996, 1020972192, 1479, 1021859958, 1726, 1020959702, 1999, 1021390019]
[INFO] (lattice_cell.c: 455): on tick 2 of 50
[INFO] (lattice_cell.c: 172): the unmatched_packets is 56
[1720, 1038648187, 1976, 1038648176, 1736, 1038006800, 1984, 1038324660, 1992, 1038006786, 1464, 1038648203, 1472, 1038324754, 1737, 1038325680, 1721, 1038331221, 1977, 1038326975, 1465, 1038335143, 1985, 1038324772, 1739, 1038313889, 1466, 1038006747, 1740, 1021316280, 1475, 1038307777, 1741, 1021805851, 1476, 1021409044, 1486, 1021730121, 1487, 1021351218, 1471, 1021785289, 1727, 1021789084, 1997, 1021801751, 1998, 1021738464, 1993, 1038321422, 1978, 1038006766, 1986, 1038324564, 1994, 1038648152, 1995, 1038318133, 1996, 1021312210, 1738, 1038648142, 1722, 1038006755, 1982, 1021303748, 1480, 1038006816, 1723, 1038308342, 1473, 1038332945, 1990, 1021392084, 1481, 1038329609, 1991, 1021699257, 1724, 1021751800, 1482, 1038648134, 1999, 1021358671, 1987, 1038315933, 1474, 1038324478, 1979, 1038312588, 1988, 1021400899, 1980, 1021747472, 1981, 1021366689, 1725, 1021370523, 1483, 1038309971, 1989, 1021707438, 1467, 1038304450, 1484, 1021320032, 1468, 1021755778, 1726, 1021299678, 1983, 1021793216, 1742, 1021734134, 1485, 1021809609, 1469, 1021374036, 1477, 1021714942, 1743, 1021354801, 1470, 1021295936, 1478, 1021383909, 1479, 1021691644]
[INFO] (lattice_cell.c: 455): on tick 3 of 50
[INFO] (lattice_cell.c: 172): the unmatched_packets is 56
[1720, 1038628934, 1736, 1038022664, 1976, 1038628810, 1464, 1038629046, 1992, 1038022546, 1472, 1038324192, 1984, 1038323899, 1480, 1038022772, 1977, 1038332596, 1721, 1038336678, 1737, 1038332458, 1465, 1038340449, 1473, 1038337945, 1481, 1038336226, 1993, 1038328365, 1738, 1038628403, 1466, 1038022023, 1739, 1038319981, 1723, 1038315760, 1483, 1038316198, 1724, 1021738055, 1475, 1038313690, 1468, 1021742548, 1741, 1022029724, 1476, 1021360336, 1486, 1021716395, 1726, 1021064024, 1983, 1022016065, 1487, 1021346379, 1471, 1022006863, 1727, 1022011360, 1982, 1021067917, 1978, 1038022280, 1986, 1038323557, 1994, 1038628539, 1979, 1038319848, 1987, 1038321572, 1995, 1038324079, 1989, 1021739433, 1997, 1022025431, 1985, 1038330091, 1482, 1038628269, 1474, 1038323217, 1722, 1038022152, 1467, 1038311976, 1999, 1021355084, 1484, 1021085185, 1988, 1021351366, 1996, 1021076533, 1981, 1021363911, 1740, 1021080942, 1485, 1022033523, 1469, 1021371508, 1477, 1021747218, 1990, 1021342384, 1470, 1021060619, 1998, 1021724202, 1725, 1021367941, 1478, 1021334779, 1991, 1021730409, 1479, 1021721515, 1742, 1021720038, 1743, 1021350631, 1980, 1021733382]
[INFO] (lattice_cell.c: 455): on tick 4 of 50
[INFO] (lattice_cell.c: 172): the unmatched_packets is 56
[1720, 1038628277, 1976, 1038628205, 1736, 1038027604, 1464, 1038628345, 1480, 1038027676, 1472, 1038325135, 1984, 1038324880, 1481, 1038328830, 1978, 1038027404, 1474, 1038324428, 1724, 1021758208, 1484, 1021150900, 1725, 1021366159, 1468, 1021762133, 1476, 1021373498, 1742, 1021740707, 1470, 1021127193, 1478, 1021348789, 1727, 1021958177, 1743, 1021351024, 1991, 1021734858, 1983, 1021962195, 1999, 1021354777, 1980, 1021753905, 1996, 1021143194, 1981, 1021362495, 1997, 1021970467, 1990, 1021356788, 1992, 1038027534, 1721, 1038332364, 1986, 1038324636, 1737, 1038324854, 1994, 1038628077, 1993, 1038320554, 1979, 1038311626, 1987, 1038315857, 1988, 1021365465, 1465, 1038336323, 1977, 1038328066, 1989, 1021742796, 1722, 1038027346, 1738, 1038628011, 1985, 1038324792, 1473, 1038333049, 1723, 1038307340, 1739, 1038314838, 1482, 1038627961, 1740, 1021147198, 1466, 1038027302, 1995, 1038319139, 1741, 1021974397, 1483, 1038310884, 1467, 1038303404, 1475, 1038307605, 1726, 1021130872, 1982, 1021134857, 1998, 1021744993, 1485, 1021977994, 1486, 1021736750, 1469, 1021369494, 1477, 1021750002, 1487, 1021347526, 1471, 1021954429, 1479, 1021727397]
[INFO] (lattice_cell.c: 455): on tick 5 of 50
[INFO] (lattice_cell.c: 172): the unmatched_packets is 56
[1720, 1038622665, 1976, 1038622525, 1736, 1038028651, 1464, 1038622783, 1992, 1038028521, 1480, 1038028769, 1984, 1038324579, 1472, 1038324962, 1721, 1038337114, 1977, 1038333066, 1737, 1038331974, 1465, 1038340835, 1993, 1038327912, 1985, 1038329849, 1978, 1038028221, 1722, 1038028067, 1738, 1038622056, 1466, 1038027920, 1473, 1038337626, 1994, 1038622220, 1474, 1038323669, 1482, 1038621904, 1739, 1038320570, 1724, 1021746098, 1483, 1038316822, 1987, 1038321407, 1484, 1021146480, 1981, 1021357573, 1476, 1021355236, 1982, 1021128625, 1998, 1021731728, 1743, 1021344312, 1470, 1021121005, 1999, 1021348741, 1727, 1021948351, 1988, 1021345953, 1478, 1021328651, 1997, 1021962459, 1479, 1021726354, 1983, 1021953047, 1989, 1021744173, 1481, 1038335703, 1986, 1038324116, 1979, 1038319478, 1995, 1038324635, 1467, 1038311690, 1980, 1021741270, 1475, 1038313596, 1723, 1038315432, 1468, 1021750726, 1740, 1021142108, 1996, 1021137582, 1741, 1021966814, 1991, 1021735157, 1485, 1021970679, 1725, 1021361652, 1469, 1021365278, 1486, 1021723564, 1742, 1021727388, 1477, 1021752053, 1726, 1021124586, 1487, 1021340120, 1990, 1021336628, 1471, 1021943879]
[INFO] (lattice_cell.c: 455): on tick 6 of 50
[INFO] (lattice_cell.c: 172): the unmatched_packets is 56
[1720, 1038626792, 1976, 1038626668, 1736, 1038029091, 1992, 1038028969, 1464, 1038626906, 1984, 1038324987, 1472, 1038325400, 1480, 1038029217, 1721, 1038332494, 1977, 1038328164, 1737, 1038324798, 1465, 1038336477, 1473, 1038333343, 1481, 1038328807, 1985, 1038325014, 1993, 1038320466, 1978, 1038028735, 1722, 1038028641, 1738, 1038626325, 1466, 1038028547, 1986, 1038324584, 1474, 1038324251, 1482, 1038626241, 1994, 1038626430, 1467, 1038303182, 1475, 1038307693, 1724, 1021754038, 1740, 1021159542, 1468, 1021757966, 1725, 1021370258, 1484, 1021163172, 1988, 1021358260, 1477, 1021756601, 1485, 1021964911, 1742, 1021736762, 1478, 1021341802, 1999, 1021359219, 1487, 1021352058, 1727, 1021945406, 1471, 1021941638, 1982, 1021147509, 1997, 1021957578, 1998, 1021740977, 1483, 1038310840, 1987, 1038316010, 1995, 1038319155, 1476, 1021366252, 1739, 1038314832, 1723, 1038307150, 1979, 1038311469, 1469, 1021373449, 1981, 1021366746, 1470, 1021140084, 1486, 1021732888, 1980, 1021749792, 1983, 1021949414, 1479, 1021734658, 1741, 1021961432, 1996, 1021155605, 1989, 1021749705, 1726, 1021143642, 1990, 1021349669, 1991, 1021742005, 1743, 1021355525]
[INFO] (lattice_cell.c: 455): on tick 7 of 50
[INFO] (lattice_cell.c: 172): the unmatched_packets is 56
[1720, 1038627514, 1976, 1038627350, 1736, 1038024635, 1464, 1038627640, 1992, 1038024489, 1472, 1038325071, 1984, 1038324614, 1480, 1038024773, 1721, 1038337312, 1977, 1038333294, 1737, 1038331296, 1993, 1038327268, 1465, 1038341007, 1481, 1038335002, 1985, 1038329873, 1722, 1038023971, 1978, 1038024147, 1738, 1038626808, 1466, 1038023789, 1473, 1038337598, 1482, 1038626627, 1723, 1038314861, 1474, 1038323563, 1986, 1038324086, 1467, 1038311144, 1980, 1021736788, 1484, 1021150616, 1989, 1021739837, 1726, 1021128225, 1476, 1021359868, 1485, 1021966299, 1983, 1021948475, 1486, 1021718384, 1988, 1021350350, 1470, 1021124539, 1487, 1021344938, 1479, 1021722252, 1991, 1021730871, 1996, 1021141566, 1999, 1021353424, 1979, 1038318894, 1987, 1038321487, 1995, 1038324919, 1739, 1038320877, 1994, 1038627000, 1724, 1021741741, 1740, 1021146191, 1483, 1038317149, 1982, 1021132415, 1475, 1038313720, 1468, 1021746454, 1725, 1021366313, 1741, 1021962324, 1469, 1021369968, 1981, 1021362221, 1742, 1021722407, 1477, 1021747750, 1997, 1021957927, 1990, 1021340674, 1998, 1021726933, 1471, 1021939358, 1727, 1021943777, 1743, 1021349065, 1478, 1021332337]
[INFO] (lattice_cell.c: 455): on tick 8 of 50
[INFO] (lattice_cell.c: 172): the unmatched_packets is 56
[1720, 1038630116, 1736, 1038026348, 1976, 1038629932, 1984, 1038325176, 1992, 1038026172, 1464, 1038630286, 1472, 1038325721, 1721, 1038332959, 1977, 1038328611, 1737, 1038324430, 1465, 1038336968, 1993, 1038320075, 1738, 1038629412, 1978, 1038025818, 1466, 1038025532, 1482, 1038629272, 1483, 1038311214, 1468, 1021756873, 1484, 1021151035, 1476, 1021370895, 1469, 1021375033, 1997, 1021969047, 1477, 1021751759, 1726, 1021131818, 1470, 1021128380, 1487, 1021354049, 1471, 1021953106, 1743, 1021357530, 1990, 1021354349, 1991, 1021737531, 1985, 1038324932, 1986, 1038324621, 1722, 1038025662, 1994, 1038629574, 1979, 1038311043, 1987, 1038315886, 1995, 1038319566, 1996, 1021143514, 1982, 1021135573, 1980, 1021748671, 1480, 1038026534, 1723, 1038306706, 1739, 1038315217, 1481, 1038328447, 1473, 1038333293, 1999, 1021361191, 1988, 1021362866, 1724, 1021752922, 1740, 1021147407, 1474, 1038324159, 1989, 1021745094, 1467, 1038302708, 1725, 1021371971, 1741, 1021972818, 1998, 1021739906, 1981, 1021368553, 1475, 1038307530, 1983, 1021960934, 1742, 1021735740, 1485, 1021976224, 1486, 1021731926, 1727, 1021956894, 1478, 1021346630, 1479, 1021730206]
[INFO] (lattice_cell.c: 455): on tick 9 of 50
[INFO] (lattice_cell.c: 172): the unmatched_packets is 56
[1720, 1038626419, 1976, 1038626253, 1736, 1038025777, 1992, 1038025607, 1464, 1038626568, 1984, 1038324839, 1737, 1038331189, 1721, 1038337531, 1977, 1038333531, 1465, 1038341213, 1985, 1038329800, 1993, 1038327178, 1481, 1038334882, 1473, 1038337502, 1722, 1038025043, 1738, 1038625653, 1978, 1038025229, 1466, 1038024849, 1986, 1038324227, 1482, 1038625461, 1723, 1038314796, 1483, 1038317421, 1740, 1021139677, 1475, 1038313678, 1987, 1038321437, 1741, 1021968556, 1469, 1021366387, 1726, 1021121340, 1486, 1021721897, 1980, 1021740903, 1470, 1021117489, 1487, 1021341729, 1743, 1021345718, 1727, 1021950115, 1999, 1021349980, 1991, 1021729342, 1472, 1038325359, 1480, 1038025921, 1994, 1038625861, 1739, 1038321142, 1979, 1038318818, 1474, 1038323625, 1995, 1038325169, 1724, 1021745948, 1988, 1021351954, 1467, 1038311079, 1981, 1021358641, 1725, 1021362704, 1989, 1021738188, 1468, 1021750749, 1484, 1021144125, 1998, 1021730763, 1742, 1021726074, 1990, 1021342031, 1476, 1021361613, 1485, 1021972558, 1996, 1021134987, 1477, 1021746112, 1997, 1021964135, 1982, 1021125647, 1478, 1021333365, 1479, 1021720927, 1471, 1021945778, 1983, 1021954731]
[INFO] (lattice_cell.c: 455): on tick 10 of 50
[INFO] (lattice_cell.c: 172): the unmatched_packets is 56
[1720, 1038627403, 1976, 1038627176, 1736, 1038029212, 1464, 1038627621, 1992, 1038028985, 1984, 1038325317, 1480, 1038029443, 1472, 1038326017, 1721, 1038333003, 1977, 1038328657, 1737, 1038324397, 1465, 1038337022, 1473, 1038333341, 1481, 1038328419, 1993, 1038320047, 1985, 1038324970, 1722, 1038028327, 1738, 1038626501, 1978, 1038028529, 1466, 1038028149, 1474, 1038323986, 1482, 1038626314, 1986, 1038324606, 1739, 1038315261, 1724, 1021754886, 1740, 1021149500, 1475, 1038307559, 1980, 1021750567, 1485, 1021973558, 1726, 1021134061, 1486, 1021733929, 1998, 1021741796, 1471, 1021950425, 1487, 1021352367, 1478, 1021342926, 1727, 1021954286, 1743, 1021355877, 1996, 1021145622, 1479, 1021733921, 1990, 1021350529, 1991, 1021741268, 1988, 1021359057, 1981, 1021366841, 1994, 1038626713, 1987, 1038315916, 1723, 1038306661, 1995, 1038319614, 1467, 1038302676, 1483, 1038311250, 1979, 1038311003, 1989, 1021748772, 1997, 1021966491, 1982, 1021137761, 1468, 1021758914, 1725, 1021370175, 1484, 1021153154, 1741, 1021970230, 1469, 1021373135, 1476, 1021367172, 1999, 1021359541, 1742, 1021737674, 1470, 1021130740, 1983, 1021958363, 1477, 1021755273]
[INFO] (lattice_cell.c: 455): on tick 11 of 50
[INFO] (lattice_cell.c: 172): the unmatched_packets is 56
[1720, 1038625651, 1976, 1038625458, 1736, 1038026691, 1464, 1038625812, 1480, 1038026858, 1472, 1038325459, 1984, 1038324856, 1721, 1038337641, 1737, 1038331012, 1977, 1038333625, 1465, 1038341326, 1481, 1038334710, 1473, 1038337584, 1993, 1038326992, 1992, 1038026510, 1723, 1038314591, 1466, 1038025713, 1474, 1038323490, 1739, 1038321219, 1483, 1038317484, 1724, 1021746112, 1475, 1038313712, 1994, 1038625039, 1725, 1021362826, 1476, 1021359973, 1741, 1021960911, 1469, 1021366485, 1485, 1021964938, 1998, 1021730702, 1486, 1021721557, 1726, 1021128404, 1990, 1021340119, 1470, 1021124463, 1742, 1021725896, 1478, 1021331162, 1743, 1021346183, 1988, 1021350235, 1979, 1038318622, 1983, 1021947198, 1987, 1038321497, 1980, 1021741011, 1985, 1038329874, 1995, 1038325259, 1722, 1038025905, 1981, 1021358805, 1997, 1021956497, 1482, 1038624608, 1978, 1038026107, 1982, 1021132798, 1467, 1038310870, 1999, 1021350303, 1740, 1021146941, 1996, 1021142253, 1484, 1021151356, 1468, 1021750914, 1989, 1021739862, 1991, 1021731227, 1477, 1021747697, 1727, 1021942649, 1487, 1021342319, 1471, 1021938429, 1479, 1021723071, 1738, 1038624822, 1986, 1038324158]
[INFO] (lattice_cell.c: 455): on tick 12 of 50
[INFO] (lattice_cell.c: 172): the unmatched_packets is 56
[1720, 1038629247, 1976, 1038628968, 1736, 1038027869, 1464, 1038629503, 1472, 1038326293, 1984, 1038325472, 1992, 1038027586, 1721, 1038333173, 1737, 1038324128, 1465, 1038337175, 1481, 1038328135, 1993, 1038319782, 1466, 1038026545, 1484, 1021154074, 1477, 1021754903, 1726, 1021134947, 1487, 1021355340, 1471, 1021948909, 1989, 1021748504, 1983, 1021957020, 1996, 1021146434, 1985, 1038324958, 1977, 1038328835, 1722, 1038026768, 1986, 1038324616, 1738, 1038628137, 1480, 1038028135, 1994, 1038628403, 1473, 1038333298, 1979, 1038310771, 1978, 1038027026, 1723, 1038306451, 1739, 1038315484, 1482, 1038627890, 1474, 1038323867, 1995, 1038319820, 1980, 1021747521, 1724, 1021751914, 1740, 1021150362, 1987, 1038315936, 1467, 1038302471, 1997, 1021965236, 1725, 1021373201, 1990, 1021350486, 1741, 1021968992, 1483, 1038311492, 1475, 1038307602, 1991, 1021741028, 1468, 1021756031, 1742, 1021734551, 1988, 1021359087, 1476, 1021367424, 1981, 1021369874, 1485, 1021972310, 1469, 1021376104, 1727, 1021952877, 1743, 1021358900, 1982, 1021138579, 1486, 1021730845, 1470, 1021131688, 1998, 1021738667, 1478, 1021342890, 1999, 1021362595, 1479, 1021733602]
[INFO] (lattice_cell.c: 455): on tick 13 of 50
[INFO] (lattice_cell.c: 172): the unmatched_packets is 56
[1720, 1038627135, 1976, 1038626919, 1736, 1038025299, 1464, 1038627327, 1984, 1038324886, 1992, 1038025089, 1472, 1038325582, 1480, 1038025486, 1721, 1038337663, 1737, 1038330928, 1977, 1038333631, 1465, 1038341369, 1993, 1038326887, 1985, 1038329858, 1473, 1038337609, 1481, 1038334637, 1722, 1038024426, 1738, 1038626215, 1978, 1038024643, 1994, 1038626451, 1986, 1038324119, 1466, 1038024222, 1474, 1038323405, 1723, 1038314410, 1739, 1038321155, 1979, 1038318462, 1467, 1038310654, 1475, 1038313598, 1995, 1038325214, 1740, 1021143750, 1724, 1021746928, 1476, 1021363195, 1725, 1021363051, 1485, 1021967997, 1469, 1021366657, 1486, 1021722058, 1726, 1021125199, 1470, 1021121178, 1743, 1021346873, 1487, 1021343175, 1479, 1021720603, 1727, 1021946045, 1997, 1021959629, 1982, 1021129647, 1991, 1021728442, 1999, 1021350862, 1980, 1021741824, 1482, 1038625989, 1988, 1021353462, 1483, 1038317402, 1996, 1021139100, 1989, 1021736854, 1484, 1021148117, 1468, 1021751707, 1987, 1038321427, 1477, 1021744558, 1741, 1021964010, 1478, 1021334112, 1981, 1021359093, 1742, 1021726502, 1471, 1021941930, 1998, 1021731409, 1983, 1021950478, 1990, 1021343260]
[INFO] (lattice_cell.c: 455): on tick 14 of 50
[INFO] (lattice_cell.c: 172): the unmatched_packets is 56
[1720, 1038629745, 1976, 1038629421, 1736, 1038027714, 1464, 1038630035, 1984, 1038325654, 1480, 1038028018, 1992, 1038027399, 1472, 1038326595, 1721, 1038334076, 1737, 1038324046, 1985, 1038325102, 1738, 1038628459, 1993, 1038319732, 1466, 1038026179, 1986, 1038324665, 1483, 1038312541, 1740, 1021145466, 1468, 1021753858, 1484, 1021149278, 1741, 1021973566, 1726, 1021129902, 1470, 1021126681, 1994, 1038628772, 1487, 1021354195, 1991, 1021740609, 1727, 1021957215, 1998, 1021736027, 1983, 1021961437, 1999, 1021361534, 1979, 1038310779, 1977, 1038329765, 1722, 1038026450, 1978, 1038026741, 1995, 1038320811, 1723, 1038306483, 1996, 1021141471, 1981, 1021368849, 1739, 1038316512, 1724, 1021749580, 1990, 1021349767, 1465, 1038338049, 1481, 1038328022, 1473, 1038333383, 1725, 1021372137, 1989, 1021748138, 1987, 1038316143, 1980, 1021745045, 1482, 1038628181, 1988, 1021358530, 1467, 1038302534, 1742, 1021731844, 1474, 1038323779, 1997, 1021969781, 1982, 1021133535, 1475, 1038307863, 1743, 1021357798, 1485, 1021976890, 1469, 1021375028, 1476, 1021367114, 1486, 1021728125, 1477, 1021754494, 1471, 1021953158, 1478, 1021342153, 1479, 1021733070]
[INFO] (lattice_cell.c: 455): on tick 15 of 50
[INFO] (lattice_cell.c: 172): the unmatched_packets is 56
[1720, 1038623188, 1976, 1038622934, 1736, 1038029175, 1464, 1038623405, 1472, 1038325685, 1480, 1038029400, 1984, 1038324873, 1992, 1038028933, 1721, 1038337329, 1977, 1038333254, 1465, 1038341069, 1722, 1038028190, 1739, 1038320672, 1994, 1038622396, 1724, 1021756576, 1740, 1021147696, 1996, 1021143095, 1475, 1038312639, 1725, 1021355475, 1485, 1021964470, 1476, 1021365661, 1470, 1021125176, 1477, 1021745420, 1999, 1021343613, 1487, 1021336193, 1727, 1021943005, 1743, 1021339743, 1983, 1021947295, 1995, 1038324766, 1988, 1021356040, 1985, 1038329056, 1737, 1038330780, 1993, 1038326709, 1978, 1038028424, 1986, 1038324001, 1979, 1038318213, 1987, 1038320551, 1481, 1038334528, 1473, 1038336868, 1981, 1021351651, 1997, 1021956239, 1738, 1038622131, 1982, 1021133697, 1998, 1021741159, 1990, 1021345816, 1482, 1038621898, 1466, 1038027961, 1723, 1038314110, 1467, 1038310329, 1991, 1021729776, 1483, 1038316886, 1474, 1038323198, 1980, 1021751532, 1468, 1021761279, 1484, 1021151966, 1989, 1021737908, 1741, 1021960529, 1469, 1021359035, 1486, 1021731713, 1726, 1021129242, 1742, 1021736201, 1471, 1021939006, 1478, 1021336570, 1479, 1021722219]
[INFO] (lattice_cell.c: 455): on tick 16 of 50
[INFO] (lattice_cell.c: 172): the unmatched_packets is 56
[1720, 1038636939, 1976, 1038636614, 1736, 1038020935, 1464, 1038637230, 1984, 1038325792, 1992, 1038020614, 1480, 1038021240, 1472, 1038326802, 1721, 1038331744, 1977, 1038327473, 1737, 1038324693, 1465, 1038335677, 1985, 1038325560, 1993, 1038320435, 1481, 1038328632, 1473, 1038333753, 1466, 1038019345, 1739, 1038314342, 1474, 1038323738, 1483, 1038310409, 1979, 1038311574, 1725, 1021398944, 1476, 1021358024, 1469, 1021401795, 1742, 1021713601, 1487, 1021381164, 1478, 1021332287, 1479, 1021740318, 1989, 1021755466, 1991, 1021747918, 1980, 1021727313, 1997, 1021971587, 1982, 1021127797, 1986, 1038324725, 1994, 1038635948, 1722, 1038019631, 1738, 1038635616, 1978, 1038019945, 1987, 1038316686, 1995, 1038318604, 1482, 1038635313, 1467, 1038303398, 1723, 1038307305, 1981, 1021395685, 1475, 1038308470, 1724, 1021732069, 1740, 1021139960, 1998, 1021717905, 1484, 1021143885, 1468, 1021736597, 1999, 1021388444, 1741, 1021975446, 1988, 1021349073, 1485, 1021978827, 1996, 1021135871, 1477, 1021761851, 1470, 1021120949, 1486, 1021709783, 1471, 1021954546, 1990, 1021340032, 1983, 1021963068, 1726, 1021124160, 1727, 1021958723, 1743, 1021384728]
[INFO] (lattice_cell.c: 455): on tick 17 of 50
[INFO] (lattice_cell.c: 172): the unmatched_packets is 56
[1720, 1038607741, 1976, 1038607412, 1736, 1038044560, 1464, 1038608042, 1480, 1038044862, 1472, 1038325907, 1984, 1038324908, 1992, 1038044235, 1721, 1038337692, 1977, 1038333576, 1737, 1038330405, 1993, 1038326279, 1481, 1038334187, 1473, 1038339334, 1985, 1038331432, 1465, 1038341496, 1738, 1038606385, 1466, 1038042979, 1482, 1038606071, 1994, 1038606721, 1467, 1038309719, 1468, 1021813742, 1725, 1021302259, 1741, 1021944473, 1742, 1021789525, 1486, 1021785100, 1477, 1021718373, 1727, 1021927332, 1743, 1021286578, 1990, 1021363678, 1998, 1021794339, 1991, 1021703092, 1981, 1021298411, 1978, 1038043574, 1722, 1038043261, 1986, 1038323846, 1979, 1038317685, 1995, 1038324990, 1988, 1021373746, 1987, 1038322825, 1997, 1021940264, 1723, 1038313537, 1982, 1021151483, 1474, 1038322892, 1739, 1038320857, 1983, 1021931550, 1483, 1038317037, 1724, 1021809251, 1475, 1038314832, 1999, 1021290423, 1996, 1021160752, 1484, 1021169393, 1740, 1021165242, 1469, 1021305797, 1476, 1021383149, 1989, 1021711025, 1980, 1021804386, 1485, 1021948326, 1470, 1021143024, 1487, 1021283023, 1471, 1021923457, 1726, 1021147070, 1479, 1021695750, 1478, 1021354471]
[INFO] (lattice_cell.c: 455): on tick 18 of 50
[INFO] (lattice_cell.c: 172): the unmatched_packets is 56
[1720, 1038658245, 1976, 1038657940, 1736, 1038000030, 1464, 1038658513, 1480, 1038000314, 1992, 1037999724, 1472, 1038326801, 1984, 1038325835, 1721, 1038334156, 1977, 1038329952, 1737, 1038322081, 1465, 1038338039, 1481, 1038325956, 1473, 1038333416, 1985, 1038325342, 1993, 1038317872, 1722, 1037998808, 1978, 1037999098, 1738, 1038657000, 1466, 1037998543, 1986, 1038324811, 1994, 1038657312, 1482, 1038656722, 1474, 1038323866, 1723, 1038304896, 1739, 1038316962, 1979, 1038309106, 1467, 1038301003, 1483, 1038313065, 1724, 1021632536, 1995, 1038321186, 1741, 1022007809, 1725, 1021488821, 1726, 1021100446, 1991, 1021801187, 1478, 1021278949, 1743, 1021475022, 1727, 1021990919, 1996, 1021112570, 1997, 1022003919, 1998, 1021617430, 1999, 1021478622, 1982, 1021104215, 1983, 1021995307, 1987, 1038316572, 1468, 1021637367, 1475, 1038308436, 1980, 1021627455, 1484, 1021120903, 1476, 1021306145, 1469, 1021491582, 1981, 1021485661, 1485, 1022011208, 1470, 1021097120, 1477, 1021814865, 1486, 1021608838, 1471, 1021986690, 1487, 1021471505, 1479, 1021793664, 1988, 1021296661, 1989, 1021808619, 1740, 1021116826, 1742, 1021612863, 1990, 1021287103]
[INFO] (lattice_cell.c: 455): on tick 19 of 50
[INFO] (lattice_cell.c: 172): the unmatched_packets is 56
[1720, 1038604662, 1976, 1038604274, 1736, 1038048139, 1992, 1038047753, 1464, 1038605015, 1984, 1038325072, 1480, 1038048492, 1472, 1038326300, 1721, 1038336397, 1977, 1038332208, 1737, 1038330709, 1985, 1038329029, 1481, 1038334549, 1993, 1038326531, 1465, 1038340249, 1722, 1038046586, 1738, 1038603030, 1978, 1038046958, 1473, 1038337044, 1994, 1038603443, 1986, 1038323743, 1474, 1038322535, 1987, 1038320317, 1483, 1038315483, 1475, 1038312226, 1980, 1021908952, 1725, 1021203532, 1468, 1021918028, 1484, 1021203713, 1476, 1021482298, 1981, 1021199770, 1469, 1021206984, 1726, 1021182471, 1485, 1021913311, 1742, 1021894413, 1996, 1021195520, 1727, 1021892260, 1743, 1021188206, 1487, 1021184742, 1991, 1021613112, 1979, 1038317827, 1988, 1021473304, 1989, 1021621053, 1723, 1038313631, 1997, 1021905227, 1739, 1038319336, 1466, 1038046238, 1482, 1038602658, 1990, 1021463659, 1998, 1021899124, 1724, 1021913677, 1740, 1021199763, 1995, 1038323517, 1999, 1021191970, 1741, 1021909426, 1467, 1038309769, 1982, 1021186696, 1983, 1021896464, 1477, 1021628392, 1486, 1021890062, 1470, 1021178602, 1478, 1021454790, 1471, 1021888384, 1479, 1021605795]
[INFO] (lattice_cell.c: 455): on tick 20 of 50
[INFO] (lattice_cell.c: 172): the unmatched_packets is 56
[1720, 1038620215, 1736, 1038036963, 1976, 1038619890, 1464, 1038620511, 1984, 1038325828, 1480, 1038037280, 1472, 1038326858, 1992, 1038036626, 1721, 1038334279, 1737, 1038324612, 1977, 1038330128, 1465, 1038338096, 1481, 1038328449, 1985, 1038326814, 1993, 1038320466, 1473, 1038334761, 1722, 1038035641, 1978, 1038035954, 1738, 1038618877, 1994, 1038619205, 1986, 1038324740, 1482, 1038618570, 1474, 1038323771, 1467, 1038303806, 1483, 1038313437, 1740, 1021058206, 1468, 1021611197, 1484, 1021062589, 1476, 1021202694, 1741, 1022056033, 1981, 1021512240, 1485, 1022059340, 1990, 1021182552, 1487, 1021497539, 1478, 1021173886, 1989, 1021906977, 1727, 1022039514, 1982, 1021044678, 1479, 1021892290, 1996, 1021053659, 1998, 1021590954, 1466, 1038035359, 1979, 1038311818, 1987, 1038318151, 1995, 1038321465, 1723, 1038307644, 1475, 1038310087, 1739, 1038317294, 1980, 1021601133, 1988, 1021192655, 1724, 1021606278, 1469, 1021518419, 1725, 1021515532, 1470, 1021037024, 1477, 1021913105, 1486, 1021582211, 1471, 1022035362, 1726, 1021040604, 1742, 1021586320, 1997, 1022052240, 1743, 1021501146, 1983, 1022043817, 1991, 1021899672, 1999, 1021504912]
[INFO] (lattice_cell.c: 455): on tick 21 of 50
[INFO] (lattice_cell.c: 172): the unmatched_packets is 56
[1720, 1038669443, 1976, 1038669046, 1736, 1037985004, 1464, 1038669804, 1480, 1037985360, 1472, 1038326359, 1992, 1037984617, 1984, 1038325161, 1977, 1038333069, 1721, 1038337303, 1465, 1038341208, 1722, 1037983406, 1481, 1038332711, 1473, 1038337085, 1466, 1037983039, 1482, 1038667360, 1467, 1038307621, 1979, 1038315781, 1724, 1021809962, 1741, 1021837764, 1725, 1021302193, 1476, 1021508528, 1726, 1021260362, 1477, 1021601750, 1983, 1021824709, 1471, 1021816535, 1727, 1021820457, 1990, 1021490081, 1999, 1021291534, 1980, 1021805115, 1737, 1038328827, 1993, 1038324596, 1985, 1038328951, 1738, 1038667760, 1978, 1037983794, 1986, 1038323857, 1994, 1038668179, 1987, 1038320124, 1739, 1038320045, 1988, 1021499650, 1989, 1021594735, 1997, 1021833530, 1982, 1021264333, 1998, 1021795083, 1991, 1021587144, 1723, 1038311538, 1995, 1038324274, 1996, 1021272652, 1981, 1021298719, 1740, 1021276677, 1474, 1038322652, 1483, 1038316145, 1475, 1038311956, 1468, 1021814451, 1484, 1021280381, 1485, 1021841637, 1469, 1021305398, 1742, 1021790275, 1486, 1021785880, 1470, 1021256702, 1743, 1021288110, 1487, 1021284946, 1478, 1021481327, 1479, 1021580104]
[INFO] (lattice_cell.c: 455): on tick 22 of 50
[INFO] (lattice_cell.c: 172): the unmatched_packets is 56
[1720, 1038585719, 1976, 1038585342, 1736, 1038071332, 1984, 1038325807, 1992, 1038070952, 1464, 1038586047, 1472, 1038327117, 1480, 1038071692, 1977, 1038328650, 1721, 1038332756, 1737, 1038324912, 1465, 1038336548, 1985, 1038325887, 1481, 1038328681, 1993, 1038320817, 1738, 1038584211, 1978, 1038070200, 1482, 1038583882, 1986, 1038324429, 1739, 1038315964, 1467, 1038304342, 1740, 1021003536, 1724, 1021780804, 1987, 1038317327, 1980, 1021775580, 1468, 1021785737, 1741, 1022112495, 1996, 1020998889, 1485, 1022115931, 1997, 1022108582, 1486, 1021756154, 1742, 1021760405, 1487, 1021330430, 1743, 1021334179, 1478, 1021277421, 1990, 1021286143, 1999, 1021338056, 1994, 1038584578, 1722, 1038069850, 1979, 1038312266, 1995, 1038320089, 1988, 1021296276, 1989, 1021807677, 1998, 1021765196, 1983, 1022099924, 1991, 1021799987, 1473, 1038333740, 1723, 1038308147, 1466, 1038069538, 1981, 1021345593, 1474, 1038323205, 1483, 1038312182, 1982, 1020989723, 1475, 1038309356, 1484, 1021007990, 1725, 1021348991, 1469, 1021351913, 1476, 1021306295, 1726, 1020985562, 1470, 1020981884, 1477, 1021814156, 1471, 1022091292, 1727, 1022095518, 1479, 1021792226]
[INFO] (lattice_cell.c: 455): on tick 23 of 50
[INFO] (lattice_cell.c: 172): the unmatched_packets is 56
[1720, 1038633594, 1736, 1038019554, 1976, 1038633183, 1984, 1038325418, 1992, 1038019146, 1464, 1038633972, 1721, 1038338482, 1737, 1038329979, 1977, 1038334214, 1465, 1038342407, 1985, 1038330624, 1993, 1038325697, 1473, 1038338812, 1738, 1038631834, 1722, 1038017878, 1978, 1038018289, 1472, 1038326676, 1986, 1038324042, 1994, 1038632289, 1466, 1038017490, 1739, 1038321026, 1723, 1038312497, 1482, 1038631421, 1980, 1021702945, 1476, 1021334949, 1990, 1021316020, 1486, 1021684448, 1487, 1021383132, 1471, 1021846036, 1727, 1021849728, 1981, 1021396729, 1997, 1021861990, 1979, 1038316789, 1987, 1038321698, 1995, 1038325320, 1988, 1021325763, 1996, 1021237652, 1998, 1021693242, 1999, 1021389626, 1989, 1021761239, 1480, 1038019932, 1982, 1021229163, 1481, 1038333912, 1474, 1038322772, 1740, 1021241753, 1724, 1021707652, 1983, 1021853730, 1991, 1021754228, 1467, 1038308541, 1483, 1038317077, 1741, 1021865950, 1475, 1038313405, 1725, 1021400195, 1468, 1021712054, 1484, 1021245566, 1742, 1021688643, 1726, 1021225128, 1469, 1021403384, 1485, 1021869573, 1477, 1021767709, 1470, 1021221437, 1743, 1021386234, 1478, 1021307199, 1479, 1021747766]
[INFO] (lattice_cell.c: 455): on tick 24 of 50
[INFO] (lattice_cell.c: 172): the unmatched_packets is 56
[1720, 1038652094, 1976, 1038651674, 1736, 1038006580, 1984, 1038325672, 1992, 1038006154, 1464, 1038652494, 1480, 1038006996, 1472, 1038326955, 1721, 1038332753, 1977, 1038328679, 1737, 1038322767, 1993, 1038318707, 1465, 1038336513, 1985, 1038324885, 1481, 1038326501, 1473, 1038332700, 1722, 1038004897, 1738, 1038650385, 1978, 1038005296, 1986, 1038324348, 1994, 1038650802, 1482, 1038650010, 1474, 1038323174, 1723, 1038306166, 1739, 1038316149, 1475, 1038308566, 1740, 1021146728, 1483, 1038312397, 1724, 1021748992, 1741, 1021976720, 1725, 1021378886, 1726, 1021128990, 1486, 1021723131, 1998, 1021732693, 1743, 1021364296, 1727, 1021958810, 1999, 1021368107, 1981, 1021375544, 1991, 1021702155, 1979, 1038310241, 1987, 1038316419, 1980, 1021743568, 1996, 1021142188, 1988, 1021398577, 1466, 1038004542, 1989, 1021709915, 1995, 1038320216, 1467, 1038302393, 1997, 1021972591, 1742, 1021727640, 1484, 1021151062, 1982, 1021133133, 1468, 1021754114, 1990, 1021388121, 1476, 1021408771, 1983, 1021963444, 1485, 1021980367, 1469, 1021381831, 1477, 1021716424, 1470, 1021125299, 1478, 1021379001, 1487, 1021360626, 1471, 1021954352, 1479, 1021694342]
[INFO] (lattice_cell.c: 455): on tick 25 of 50
[INFO] (lattice_cell.c: 172): the unmatched_packets is 56
[1720, 1038616638, 1976, 1038616208, 1736, 1038037093, 1464, 1038617029, 1984, 1038325393, 1992, 1038036665, 1480, 1038037479, 1472, 1038326818, 1721, 1038338267, 1977, 1038333962, 1737, 1038331137, 1465, 1038342224, 1985, 1038330342, 1481, 1038335082, 1993, 1038326832, 1473, 1038338589, 1722, 1038035349, 1978, 1038035781, 1738, 1038614812, 1466, 1038034960, 1994, 1038615273, 1482, 1038614371, 1474, 1038322399, 1986, 1038323841, 1723, 1038313504, 1979, 1038317838, 1739, 1038320670, 1467, 1038309495, 1987, 1038321343, 1995, 1038324992, 1475, 1038312959, 1483, 1038316670, 1724, 1021774847, 1740, 1021092414, 1468, 1021779324, 1476, 1021366312, 1981, 1021332282, 1469, 1021338465, 1982, 1021080002, 1470, 1021072563, 1743, 1021322412, 1486, 1021751437, 1487, 1021319443, 1471, 1021993299, 1990, 1021347926, 1988, 1021357341, 1996, 1021088317, 1484, 1021096246, 1485, 1022016277, 1477, 1021737407, 1478, 1021339484, 1980, 1021770042, 1989, 1021730972, 1997, 1022008874, 1725, 1021335500, 1741, 1022012740, 1991, 1021723996, 1742, 1021755633, 1999, 1021325610, 1726, 1021076101, 1479, 1021717512, 1998, 1021760264, 1983, 1022000814, 1727, 1021996908]
[INFO] (lattice_cell.c: 455): on tick 26 of 50
[INFO] (lattice_cell.c: 172): the unmatched_packets is 56
[1720, 1038614939, 1976, 1038614502, 1736, 1038042307, 1464, 1038615350, 1984, 1038326024, 1992, 1038041869, 1480, 1038042733, 1472, 1038327514, 1721, 1038332614, 1977, 1038328562, 1465, 1038336347, 1481, 1038326978, 1993, 1038319237, 1723, 1038306800, 1978, 1038040977, 1474, 1038323067, 1724, 1021757275, 1980, 1021751898, 1988, 1021331911, 1485, 1021956000, 1742, 1021735952, 1477, 1021780654, 1478, 1021311700, 1995, 1038320159, 1479, 1021758543, 1990, 1021321174, 1998, 1021741027, 1983, 1021939166, 1991, 1021766283, 1999, 1021361406, 1981, 1021369140, 1737, 1038323269, 1986, 1038324457, 1994, 1038613600, 1738, 1038613173, 1985, 1038325353, 1722, 1038040575, 1987, 1038316942, 1473, 1038333091, 1989, 1021774044, 1982, 1021154222, 1739, 1038316114, 1482, 1038612794, 1466, 1038040209, 1740, 1021168336, 1725, 1021372650, 1996, 1021163651, 1741, 1021952366, 1467, 1038303077, 1483, 1038312408, 1997, 1021948236, 1475, 1038309132, 1726, 1021149854, 1484, 1021172762, 1468, 1021762338, 1979, 1038310835, 1476, 1021342288, 1727, 1021934595, 1469, 1021375741, 1743, 1021357482, 1486, 1021731390, 1470, 1021145920, 1487, 1021353717, 1471, 1021930178]
[INFO] (lattice_cell.c: 455): on tick 27 of 50
[INFO] (lattice_cell.c: 172): the unmatched_packets is 56
[1720, 1038635712, 1976, 1038635261, 1736, 1038018180, 1464, 1038636122, 1472, 1038326735, 1984, 1038325331, 1992, 1038017730, 1480, 1038018593, 1721, 1038338402, 1977, 1038334070, 1737, 1038330573, 1465, 1038342375, 1985, 1038330744, 1473, 1038339027, 1481, 1038334538, 1993, 1038326248, 1722, 1038016336, 1978, 1038016784, 1738, 1038633773, 1466, 1038015914, 1986, 1038323812, 1994, 1038634266, 1474, 1038322402, 1482, 1038633310, 1723, 1038312854, 1979, 1038317222, 1739, 1038320706, 1987, 1038321704, 1467, 1038308814, 1995, 1038325057, 1475, 1038313271, 1483, 1038316696, 1468, 1021732587, 1725, 1021379492, 1476, 1021358752, 1981, 1021376404, 1469, 1021382346, 1470, 1021156374, 1727, 1021915057, 1478, 1021331223, 1998, 1021713486, 1479, 1021725083, 1999, 1021369908, 1990, 1021339789, 1983, 1021918949, 1991, 1021731201, 1996, 1021171741, 1484, 1021179590, 1989, 1021737708, 1724, 1021728066, 1740, 1021175784, 1980, 1021723245, 1988, 1021349454, 1997, 1021926956, 1485, 1021934186, 1982, 1021163592, 1477, 1021743619, 1741, 1021930740, 1486, 1021704813, 1726, 1021159786, 1471, 1021911397, 1487, 1021363862, 1742, 1021708932, 1743, 1021366776]
[INFO] (lattice_cell.c: 455): on tick 28 of 50
[INFO] (lattice_cell.c: 172): the unmatched_packets is 56
[1720, 1038639775, 1976, 1038639269, 1736, 1038019041, 1464, 1038640239, 1984, 1038325843, 1480, 1038019532, 1472, 1038327380, 1992, 1038018528, 1721, 1038332804, 1977, 1038328774, 1737, 1038322668, 1465, 1038336535, 1985, 1038324985, 1993, 1038318655, 1481, 1038326365, 1473, 1038332696, 1722, 1038017028, 1978, 1038017504, 1738, 1038637737, 1466, 1038016612, 1994, 1038638229, 1482, 1038637278, 1474, 1038322796, 1723, 1038306252, 1467, 1038302531, 1483, 1038312691, 1987, 1038316603, 1475, 1038308832, 1484, 1021138035, 1469, 1021377722, 1989, 1021729631, 1470, 1021111541, 1471, 1021966405, 1727, 1021970854, 1743, 1021359673, 1479, 1021713925, 1996, 1021129126, 1990, 1021367620, 1991, 1021721727, 1986, 1038324225, 1979, 1038310279, 1739, 1038316394, 1995, 1038320407, 1988, 1021378373, 1981, 1021371128, 1997, 1021984864, 1982, 1021119814, 1724, 1021754493, 1740, 1021133719, 1998, 1021737823, 1468, 1021759635, 1476, 1021388660, 1980, 1021748998, 1999, 1021363504, 1725, 1021374621, 1741, 1021989153, 1485, 1021992957, 1477, 1021736456, 1486, 1021727821, 1726, 1021115453, 1742, 1021732572, 1478, 1021358023, 1487, 1021356007, 1983, 1021975546]
[INFO] (lattice_cell.c: 455): on tick 29 of 50
[INFO] (lattice_cell.c: 172): the unmatched_packets is 56
[1720, 1038621246, 1976, 1038620786, 1736, 1038032422, 1464, 1038621656, 1984, 1038325524, 1480, 1038032845, 1992, 1038031977, 1472, 1038327073, 1721, 1038338332, 1977, 1038333999, 1737, 1038331039, 1465, 1038342311, 1993, 1038326714, 1978, 1038031040, 1739, 1038320617, 1474, 1038322301, 1724, 1021760938, 1740, 1021120240, 1988, 1021352252, 1725, 1021349195, 1476, 1021361607, 1726, 1021103946, 1742, 1021741479, 1478, 1021334258, 1743, 1021336995, 1479, 1021722893, 1989, 1021735506, 1996, 1021116074, 1994, 1038619800, 1979, 1038317660, 1995, 1038324969, 1980, 1021756009, 1481, 1038335008, 1473, 1038338747, 1985, 1038330453, 1982, 1021107772, 1738, 1038619310, 1722, 1038030592, 1990, 1021342661, 1466, 1038030180, 1482, 1038618856, 1723, 1038313287, 1467, 1038309236, 1986, 1038323848, 1999, 1021340039, 1483, 1038316601, 1987, 1038321394, 1468, 1021765610, 1484, 1021124153, 1475, 1038312939, 1997, 1021981250, 1981, 1021346259, 1741, 1021984887, 1998, 1021746104, 1485, 1021988168, 1983, 1021973506, 1469, 1021351840, 1991, 1021729053, 1486, 1021737363, 1470, 1021100534, 1477, 1021741269, 1487, 1021334148, 1727, 1021969681, 1471, 1021966102]
[INFO] (lattice_cell.c: 455): on tick 30 of 50
[INFO] (lattice_cell.c: 172): the unmatched_packets is 56
[1720, 1038620871, 1976, 1038620363, 1736, 1038037020, 1464, 1038621341, 1984, 1038326111, 1992, 1038036485, 1480, 1038037516, 1472, 1038327825, 1721, 1038333464, 1977, 1038329426, 1737, 1038323177, 1465, 1038337189, 1985, 1038325438, 1481, 1038326874, 1993, 1038319160, 1722, 1038034959, 1978, 1038035437, 1738, 1038618787, 1466, 1038034529, 1994, 1038619297, 1986, 1038324318, 1482, 1038618317, 1474, 1038322704, 1723, 1038306762, 1739, 1038317039, 1467, 1038303049, 1740, 1021163243, 1483, 1038313342, 1475, 1038309265, 1484, 1021167520, 1470, 1021140814, 1742, 1021736726, 1486, 1021731921, 1727, 1021939838, 1743, 1021352505, 1983, 1021944473, 1982, 1021149268, 1998, 1021742000, 1987, 1038317057, 1995, 1038321048, 1473, 1038333148, 1980, 1021753115, 1468, 1021763621, 1996, 1021158654, 1979, 1038310788, 1476, 1021356443, 1988, 1021346093, 1724, 1021758552, 1469, 1021370827, 1485, 1021961972, 1989, 1021759785, 1990, 1021335183, 1725, 1021367622, 1991, 1021751986, 1487, 1021348891, 1741, 1021958109, 1471, 1021935456, 1479, 1021744432, 1477, 1021766604, 1726, 1021144841, 1478, 1021325377, 1999, 1021356332, 1981, 1021364041, 1997, 1021953797]
[INFO] (lattice_cell.c: 455): on tick 31 of 50
[INFO] (lattice_cell.c: 172): the unmatched_packets is 56
[1720, 1038630540, 1976, 1038630044, 1736, 1038023365, 1984, 1038325326, 1464, 1038630973, 1992, 1038022881, 1472, 1038326909, 1480, 1038023817, 1977, 1038333384, 1465, 1038341677, 1481, 1038334473, 1722, 1038021418, 1473, 1038338132, 1738, 1038628476, 1978, 1038021893, 1466, 1038020978, 1482, 1038627994, 1483, 1038316024, 1988, 1021348373, 1475, 1038312385, 1468, 1021742270, 1484, 1021165409, 1485, 1021948441, 1726, 1021145265, 1478, 1021329920, 1996, 1021157313, 1982, 1021149045, 1981, 1021370608, 1999, 1021364436, 1721, 1038337695, 1737, 1038330514, 1985, 1038329864, 1993, 1038326209, 1986, 1038323627, 1994, 1038628998, 1995, 1038324378, 1980, 1021732509, 1979, 1038317175, 1997, 1021941583, 1989, 1021742586, 1723, 1038312809, 1739, 1038320032, 1467, 1038308761, 1724, 1021737525, 1983, 1021933773, 1991, 1021736392, 1740, 1021161467, 1987, 1038320826, 1474, 1038322085, 1476, 1021358064, 1469, 1021376065, 1725, 1021373486, 1486, 1021713813, 1741, 1021945203, 1477, 1021748008, 1470, 1021141916, 1998, 1021722518, 1990, 1021338471, 1471, 1021926169, 1742, 1021717927, 1479, 1021730353, 1487, 1021358477, 1727, 1021929868, 1743, 1021361379]
[INFO] (lattice_cell.c: 455): on tick 32 of 50
[INFO] (lattice_cell.c: 172): the unmatched_packets is 56
[1976, 1038636166, 1720, 1038636741, 1736, 1038022328, 1464, 1038637256, 1984, 1038326076, 1992, 1038021746, 1480, 1038022872, 1472, 1038327821, 1977, 1038327618, 1721, 1038331675, 1737, 1038323641, 1465, 1038335410, 1985, 1038325808, 1481, 1038327348, 1473, 1038333545, 1993, 1038319602, 1978, 1038020587, 1466, 1038019559, 1482, 1038633896, 1474, 1038322567, 1739, 1038315179, 1723, 1038307148, 1483, 1038311465, 1468, 1021760937, 1725, 1021377837, 1476, 1021379524, 1989, 1021735156, 1982, 1021129127, 1742, 1021733811, 1471, 1021952983, 1727, 1021957301, 1997, 1021971264, 1999, 1021366798, 1991, 1021727426, 1990, 1021358396, 1738, 1038634416, 1722, 1038020048, 1986, 1038324230, 1994, 1038634994, 1987, 1038317391, 1995, 1038319215, 1980, 1021750401, 1996, 1021138375, 1998, 1021739159, 1724, 1021755868, 1740, 1021142863, 1467, 1038303412, 1475, 1038309579, 1988, 1021369268, 1741, 1021975647, 1484, 1021147045, 1981, 1021374304, 1469, 1021381045, 1485, 1021979584, 1726, 1021124767, 1983, 1021961932, 1477, 1021742007, 1470, 1021120739, 1486, 1021728924, 1743, 1021363125, 1478, 1021348523, 1487, 1021359665, 1479, 1021720020, 1979, 1038311199]
[INFO] (lattice_cell.c: 455): on tick 33 of 50
[INFO] (lattice_cell.c: 172): the unmatched_packets is 56
[1720, 1038626622, 1976, 1038626105, 1736, 1038027229, 1464, 1038627091, 1480, 1038027702, 1984, 1038325468, 1992, 1038026709, 1472, 1038327182, 1977, 1038333175, 1721, 1038337479, 1737, 1038330161, 1465, 1038341442, 1473, 1038339917, 1985, 1038331693, 1738, 1038624462, 1722, 1038025185, 1739, 1038319910, 1994, 1038625005, 1740, 1021127468, 1474, 1038321978, 1995, 1038324216, 1484, 1021131576, 1475, 1038314315, 1476, 1021360997, 1726, 1021110864, 1479, 1021719689, 1997, 1021977703, 1989, 1021732196, 1999, 1021351240, 1987, 1038322710, 1981, 1021357340, 1998, 1021738157, 1993, 1038325866, 1986, 1038323639, 1978, 1038025671, 1996, 1021123183, 1723, 1038312542, 1979, 1038316895, 1481, 1038334087, 1724, 1021753497, 1983, 1021969948, 1741, 1021981257, 1991, 1021725926, 1466, 1038024744, 1980, 1021748372, 1482, 1038623958, 1725, 1021360125, 1988, 1021351161, 1990, 1021341204, 1742, 1021733458, 1467, 1038308518, 1483, 1038315939, 1469, 1021362586, 1982, 1021114725, 1486, 1021729256, 1743, 1021348150, 1727, 1021966027, 1468, 1021758368, 1485, 1021984406, 1470, 1021107483, 1477, 1021737565, 1487, 1021345206, 1471, 1021962308, 1478, 1021332635]
[INFO] (lattice_cell.c: 455): on tick 34 of 50
[INFO] (lattice_cell.c: 172): the unmatched_packets is 56
[1720, 1038621627, 1976, 1038621080, 1736, 1038036717, 1464, 1038622118, 1992, 1038036156, 1984, 1038326274, 1480, 1038037243, 1472, 1038328133, 1721, 1038334805, 1977, 1038330732, 1737, 1038322065, 1985, 1038326300, 1465, 1038338555, 1993, 1038318006, 1481, 1038325798, 1473, 1038334068, 1722, 1038034508, 1738, 1038619379, 1978, 1038035034, 1466, 1038034034, 1986, 1038324309, 1482, 1038618868, 1994, 1038619936, 1474, 1038322525, 1723, 1038305457, 1467, 1038301681, 1979, 1038309532, 1483, 1038314417, 1475, 1038309916, 1724, 1021764558, 1981, 1021352715, 1485, 1021971158, 1486, 1021737484, 1470, 1021136434, 1478, 1021332906, 1726, 1021140460, 1999, 1021345483, 1997, 1021962886, 1982, 1021144840, 1987, 1038317811, 1995, 1038322259, 1980, 1021759062, 1468, 1021769644, 1996, 1021154003, 1484, 1021162538, 1476, 1021363965, 1739, 1038318180, 1469, 1021359361, 1988, 1021353730, 1477, 1021755274, 1740, 1021158435, 1990, 1021342817, 1983, 1021953695, 1487, 1021338750, 1991, 1021741020, 1471, 1021944980, 1741, 1021967230, 1479, 1021733980, 1989, 1021748495, 1725, 1021356176, 1998, 1021747785, 1742, 1021742407, 1743, 1021341988, 1727, 1021949187]
[INFO] (lattice_cell.c: 455): on tick 35 of 50
[INFO] (lattice_cell.c: 172): the unmatched_packets is 56
[1720, 1038631593, 1976, 1038631022, 1736, 1038022504, 1464, 1038632118, 1992, 1038021932, 1480, 1038023037, 1472, 1038327275, 1984, 1038325409, 1977, 1038330669, 1721, 1038334946, 1737, 1038329603, 1465, 1038338888, 1993, 1038325349, 1481, 1038333512, 1985, 1038328640, 1473, 1038336802, 1722, 1038020235, 1978, 1038020775, 1738, 1038629203, 1466, 1038019745, 1986, 1038323419, 1994, 1038629798, 1474, 1038321606, 1739, 1038317537, 1723, 1038312144, 1979, 1038316446, 1467, 1038308161, 1483, 1038313611, 1995, 1038321787, 1987, 1038319731, 1468, 1021738143, 1725, 1021389372, 1996, 1021148383, 1485, 1021960881, 1997, 1021954126, 1742, 1021713251, 1486, 1021709082, 1989, 1021753547, 1727, 1021942076, 1478, 1021323715, 1743, 1021376830, 1990, 1021332483, 1991, 1021747229, 1482, 1038628644, 1740, 1021152711, 1724, 1021733250, 1988, 1021342676, 1475, 1038311427, 1980, 1021728138, 1981, 1021386492, 1484, 1021156844, 1476, 1021352743, 1741, 1021957726, 1726, 1021136006, 1469, 1021391885, 1477, 1021758819, 1470, 1021132604, 1487, 1021373679, 1982, 1021139858, 1471, 1021938167, 1998, 1021717949, 1479, 1021740804, 1983, 1021946143, 1999, 1021380097]
[INFO] (lattice_cell.c: 455): on tick 36 of 50
[INFO] (lattice_cell.c: 172): the unmatched_packets is 56
[1720, 1038623615, 1976, 1038623066, 1736, 1038035128, 1464, 1038624131, 1480, 1038035668, 1472, 1038327941, 1992, 1038034555, 1984, 1038326136, 1721, 1038335246, 1977, 1038331134, 1737, 1038325134, 1465, 1038339022, 1481, 1038328880, 1473, 1038336466, 1993, 1038321040, 1985, 1038328635, 1722, 1038032862, 1978, 1038033404, 1738, 1038621311, 1466, 1038032374, 1482, 1038620783, 1474, 1038322516, 1994, 1038621890, 1986, 1038324236, 1723, 1038308341, 1979, 1038312483, 1739, 1038318450, 1467, 1038304508, 1483, 1038314647, 1475, 1038312058, 1987, 1038320062, 1995, 1038322576, 1724, 1021784977, 1980, 1021779459, 1740, 1021160309, 1468, 1021790075, 1484, 1021164377, 1988, 1021373834, 1996, 1021155925, 1476, 1021384159, 1725, 1021334212, 1741, 1021952506, 1469, 1021337302, 1470, 1021138507, 1743, 1021320808, 1983, 1021939309, 1727, 1021934957, 1998, 1021768098, 1999, 1021324074, 1486, 1021757715, 1485, 1021956393, 1471, 1021930924, 1477, 1021725768, 1487, 1021317815, 1479, 1021705754, 1989, 1021719295, 1997, 1021948252, 1478, 1021352750, 1990, 1021362788, 1991, 1021712264, 1981, 1021330917, 1742, 1021762663, 1726, 1021142495, 1982, 1021146836]
[INFO] (lattice_cell.c: 455): on tick 37 of 50
[INFO] (lattice_cell.c: 172): the unmatched_packets is 56
[1720, 1038647759, 1976, 1038647135, 1736, 1038007018, 1464, 1038648320, 1984, 1038325604, 1992, 1038006402, 1480, 1038007590, 1721, 1038337200, 1977, 1038332963, 1737, 1038327140, 1465, 1038341104, 1985, 1038328214, 1481, 1038331012, 1993, 1038322923, 1473, 1038336306, 1472, 1038327611, 1722, 1038004566, 1978, 1038005159, 1738, 1038645164, 1986, 1038323461, 1994, 1038645817, 1466, 1038004036, 1482, 1038644569, 1987, 1038319408, 1475, 1038311214, 1484, 1021119484, 1741, 1022004628, 1476, 1021332421, 1477, 1021780587, 1479, 1021761600, 1999, 1021428114, 1991, 1021768416, 1995, 1038324192, 1988, 1021322312, 1981, 1021434522, 1997, 1022000882, 1982, 1021102474, 1990, 1021312110, 1983, 1021992534, 1989, 1021775080, 1474, 1038321504, 1739, 1038319987, 1467, 1038305941, 1998, 1021660995, 1483, 1038316117, 1723, 1038309867, 1979, 1038314115, 1468, 1021681934, 1724, 1021676864, 1740, 1021115317, 1469, 1021439868, 1980, 1021671552, 1485, 1022007879, 1486, 1021651830, 1470, 1021095233, 1725, 1021437388, 1996, 1021111003, 1487, 1021421625, 1478, 1021303374, 1471, 1021984139, 1742, 1021656141, 1726, 1021098629, 1743, 1021424811, 1727, 1021988261]
[INFO] (lattice_cell.c: 455): on tick 38 of 50
[INFO] (lattice_cell.c: 172): the unmatched_packets is 56
[1720, 1038604232, 1976, 1038603659, 1736, 1038053922, 1464, 1038604762, 1992, 1038053332, 1480, 1038054492, 1472, 1038328170, 1984, 1038326198, 1721, 1038331438, 1977, 1038327279, 1737, 1038325775, 1465, 1038335264, 1473, 1038334429, 1985, 1038326522, 1993, 1038321645, 1481, 1038329563, 1722, 1038051587, 1978, 1038052145, 1738, 1038601869, 1986, 1038324133, 1482, 1038601330, 1474, 1038322273, 1994, 1038602452, 1466, 1038051098, 1723, 1038308794, 1979, 1038312987, 1739, 1038314444, 1467, 1038304907, 1483, 1038310598, 1475, 1038309728, 1995, 1038318619, 1987, 1038317839, 1724, 1021883362, 1980, 1021877997, 1468, 1021888317, 1484, 1021188218, 1469, 1021254750, 1742, 1021861552, 1477, 1021677564, 1470, 1021162074, 1486, 1021856655, 1727, 1021911149, 1479, 1021658511, 1983, 1021915249, 1991, 1021664685, 1999, 1021241807, 1988, 1021430459, 1996, 1021179699, 1476, 1021440711, 1485, 1021931410, 1989, 1021671371, 1997, 1021923677, 1990, 1021419515, 1478, 1021409504, 1487, 1021235690, 1471, 1021907374, 1982, 1021170516, 1998, 1021866883, 1740, 1021184119, 1741, 1021927711, 1725, 1021251759, 1981, 1021248511, 1726, 1021166120, 1743, 1021238615]
[INFO] (lattice_cell.c: 455): on tick 39 of 50
[INFO] (lattice_cell.c: 172): the unmatched_packets is 56
[1720, 1038638682, 1976, 1038638076, 1736, 1038015658, 1992, 1038015050, 1464, 1038639244, 1480, 1038016226, 1472, 1038327652, 1984, 1038325644, 1721, 1038339689, 1977, 1038335514, 1737, 1038329370, 1985, 1038332153, 1465, 1038343532, 1473, 1038340156, 1993, 1038325205, 1481, 1038333196, 1722, 1038013243, 1738, 1038636128, 1978, 1038013822, 1466, 1038012707, 1986, 1038323489, 1482, 1038635531, 1739, 1038322684, 1467, 1038308425, 1724, 1021598994, 1468, 1021604292, 1995, 1038326843, 1980, 1021593445, 1476, 1021234816, 1725, 1021504101, 1477, 1021862768, 1742, 1021577435, 1743, 1021491588, 1998, 1021582450, 1987, 1038323453, 1988, 1021224258, 1996, 1021082019, 1474, 1038321530, 1483, 1038318850, 1475, 1038315350, 1983, 1022011594, 1991, 1021850667, 1999, 1021494825, 1484, 1021090597, 1469, 1021506613, 1981, 1021501220, 1485, 1022027513, 1723, 1038312315, 1989, 1021857291, 1997, 1022020246, 1994, 1038636769, 1470, 1021066039, 1982, 1021073379, 1486, 1021573006, 1990, 1021213604, 1979, 1038316516, 1478, 1021204487, 1740, 1021086403, 1471, 1022002882, 1487, 1021488435, 1479, 1021843904, 1741, 1022024132, 1726, 1021069478, 1727, 1022007163]
[INFO] (lattice_cell.c: 455): on tick 40 of 50
[INFO] (lattice_cell.c: 172): the unmatched_packets is 56
[1720, 1038639939, 1976, 1038639320, 1736, 1038019422, 1984, 1038326161, 1464, 1038640510, 1480, 1038020025, 1472, 1038328300, 1992, 1038018784, 1721, 1038331796, 1977, 1038327570, 1737, 1038321603, 1985, 1038323885, 1465, 1038335705, 1993, 1038317418, 1473, 1038331909, 1481, 1038325431, 1722, 1038016914, 1978, 1038017514, 1738, 1038637391, 1466, 1038016387, 1482, 1038636807, 1986, 1038323914, 1994, 1038638018, 1474, 1038321904, 1724, 1021884642, 1740, 1021255634, 1475, 1038306917, 1995, 1038318816, 1476, 1021518125, 1741, 1021872066, 1477, 1021610601, 1470, 1021234548, 1727, 1021855533, 1999, 1021239020, 1998, 1021868433, 1987, 1038315110, 1996, 1021251378, 1467, 1038300481, 1483, 1038310740, 1723, 1038304405, 1468, 1021889452, 1739, 1038314607, 1484, 1021259536, 1997, 1021868054, 1979, 1038308654, 1469, 1021251373, 1485, 1021875751, 1983, 1021859616, 1980, 1021879388, 1486, 1021858238, 1981, 1021245446, 1988, 1021508216, 1478, 1021487754, 1725, 1021248526, 1471, 1021851747, 1487, 1021233037, 1982, 1021242620, 1479, 1021591919, 1726, 1021238413, 1991, 1021598024, 1989, 1021604596, 1742, 1021863127, 1990, 1021497549, 1743, 1021235907]
[INFO] (lattice_cell.c: 455): on tick 41 of 50
[INFO] (lattice_cell.c: 172): the unmatched_packets is 56
[1720, 1038596826, 1976, 1038596173, 1736, 1038057057, 1464, 1038597429, 1984, 1038325647, 1992, 1038056406, 1480, 1038057672, 1472, 1038327716, 1721, 1038337952, 1977, 1038333847, 1737, 1038332219, 1985, 1038331791, 1993, 1038328120, 1465, 1038341723, 1722, 1038054426, 1738, 1038594062, 1466, 1038053854, 1986, 1038323433, 1739, 1038321166, 1994, 1038594754, 1474, 1038321410, 1724, 1021684313, 1979, 1038319517, 1483, 1038317350, 1475, 1038315137, 1995, 1038325286, 1980, 1021678714, 1468, 1021689695, 1476, 1021234088, 1742, 1021662625, 1743, 1021413988, 1727, 1022067422, 1479, 1021846776, 1996, 1021011370, 1998, 1021667648, 1983, 1022071781, 1999, 1021417379, 1991, 1021853423, 1978, 1038055064, 1981, 1021424143, 1723, 1038315366, 1982, 1021002237, 1740, 1021016021, 1990, 1021211948, 1987, 1038323195, 1481, 1038335982, 1473, 1038339640, 1482, 1038593405, 1741, 1022084170, 1725, 1021427238, 1988, 1021223024, 1467, 1038311511, 1997, 1022080317, 1989, 1021860013, 1726, 1020998095, 1484, 1021020478, 1469, 1021429968, 1485, 1022087546, 1477, 1021865574, 1470, 1020994455, 1486, 1021658201, 1478, 1021202498, 1487, 1021410735, 1471, 1022063240]
[INFO] (lattice_cell.c: 455): on tick 42 of 50
[INFO] (lattice_cell.c: 172): the unmatched_packets is 56
[1720, 1038669660, 1976, 1038669043, 1736, 1037989820, 1984, 1038326287, 1464, 1038670238, 1472, 1038328370, 1992, 1037989179, 1721, 1038332963, 1737, 1038321946, 1465, 1038336917, 1977, 1038328684, 1481, 1038325829, 1473, 1038333861, 1985, 1038325697, 1466, 1037986796, 1723, 1038304557, 1467, 1038300598, 1468, 1021746937, 1475, 1038308583, 1982, 1021255603, 1487, 1021372004, 1471, 1021836693, 1478, 1021402852, 1479, 1021669758, 1979, 1038308842, 1987, 1038316824, 1980, 1021736557, 1999, 1021377362, 1995, 1038319834, 1993, 1038317704, 1986, 1038324102, 1480, 1037990429, 1996, 1021264002, 1989, 1021681895, 1482, 1038666524, 1991, 1021675665, 1474, 1038322137, 1483, 1038311684, 1738, 1038667102, 1722, 1037987318, 1484, 1021271734, 1739, 1038315586, 1981, 1021383136, 1485, 1021860580, 1469, 1021388404, 1476, 1021432974, 1486, 1021714930, 1997, 1021853037, 1990, 1021412596, 1740, 1021268034, 1470, 1021247794, 1998, 1021725328, 1724, 1021741961, 1477, 1021687480, 1741, 1021856989, 1725, 1021385885, 1994, 1038667732, 1983, 1021844651, 1742, 1021719912, 1726, 1021251544, 1743, 1021374582, 1727, 1021840543, 1988, 1021423176, 1978, 1037987900]
[INFO] (lattice_cell.c: 455): on tick 43 of 50
[INFO] (lattice_cell.c: 172): the unmatched_packets is 56
[1720, 1038607760, 1736, 1038046846, 1976, 1038607096, 1464, 1038608364, 1472, 1038328043, 1480, 1038047473, 1984, 1038325701, 1992, 1038046177, 1721, 1038337459, 1737, 1038330316, 1977, 1038333386, 1465, 1038341208, 1985, 1038330714, 1481, 1038334023, 1473, 1038338470, 1993, 1038326277, 1722, 1038044185, 1978, 1038044825, 1738, 1038604950, 1466, 1038043605, 1482, 1038604288, 1986, 1038323194, 1474, 1038320905, 1994, 1038605664, 1723, 1038313646, 1979, 1038317773, 1739, 1038320834, 1467, 1038309808, 1987, 1038322212, 1475, 1038314222, 1740, 1021061637, 1483, 1038317078, 1468, 1021809960, 1725, 1021308541, 1988, 1021365646, 1469, 1021311328, 1989, 1021722116, 1485, 1022051535, 1982, 1021047680, 1470, 1021039832, 1990, 1021354597, 1486, 1021777722, 1727, 1022030665, 1743, 1021295107, 1487, 1021291819, 1479, 1021708153, 1999, 1021298551, 1484, 1021066176, 1476, 1021376657, 1477, 1021728128, 1980, 1021798820, 1478, 1021345184, 1996, 1021056931, 1471, 1022026426, 1995, 1038324915, 1991, 1021715118, 1724, 1021804538, 1998, 1021787507, 1983, 1022035106, 1741, 1022047950, 1981, 1021305413, 1726, 1021043497, 1742, 1021782323, 1997, 1022043921]
[INFO] (lattice_cell.c: 455): on tick 44 of 50
[INFO] (lattice_cell.c: 172): the unmatched_packets is 56
[1720, 1038613016, 1736, 1038045165, 1976, 1038612356, 1464, 1038613616, 1984, 1038326285, 1480, 1038045816, 1992, 1038044484, 1472, 1038328508, 1721, 1038333339, 1977, 1038329033, 1737, 1038323433, 1481, 1038327363, 1473, 1038334327, 1722, 1038042525, 1482, 1038609726, 1474, 1038321884, 1723, 1038305895, 1483, 1038311858, 1740, 1021170703, 1475, 1038308838, 1724, 1021734207, 1995, 1038320096, 1484, 1021174477, 1741, 1021948618, 1476, 1021313397, 1725, 1021393268, 1477, 1021805345, 1478, 1021282721, 1980, 1021729024, 1985, 1038326136, 1978, 1038043144, 1986, 1038323954, 1994, 1038610990, 1988, 1021303331, 1989, 1021800256, 1982, 1021158042, 1979, 1038310199, 1983, 1021937036, 1465, 1038337322, 1999, 1021384531, 1738, 1038610328, 1466, 1038041983, 1993, 1038319147, 1996, 1021166597, 1981, 1021390434, 1739, 1038315808, 1467, 1038301915, 1997, 1021944926, 1468, 1021738975, 1987, 1038317181, 1990, 1021292563, 1998, 1021718311, 1991, 1021794565, 1469, 1021395832, 1485, 1021951911, 1470, 1021150122, 1487, 1021378963, 1471, 1021929440, 1486, 1021708452, 1742, 1021713156, 1726, 1021153927, 1479, 1021789117, 1743, 1021381643, 1727, 1021933130]
[INFO] (lattice_cell.c: 455): on tick 45 of 50
[INFO] (lattice_cell.c: 172): the unmatched_packets is 56
[1976, 1038653397, 1720, 1038654087, 1736, 1038001322, 1464, 1038654726, 1984, 1038325718, 1992, 1038000639, 1480, 1038001966, 1472, 1038327892, 1977, 1038333208, 1721, 1038337236, 1737, 1038329625, 1985, 1038330468, 1465, 1038340955, 1993, 1038325616, 1481, 1038333296, 1473, 1038338175, 1738, 1038651157, 1466, 1037997949, 1978, 1037999225, 1482, 1038650465, 1474, 1038321235, 1467, 1038309272, 1483, 1038317051, 1475, 1038314124, 1468, 1021725581, 1980, 1021713964, 1725, 1021392252, 1741, 1021919211, 1470, 1021169070, 1726, 1021172749, 1471, 1021896770, 1989, 1021714996, 1990, 1021361970, 1998, 1021702097, 1991, 1021708134, 1994, 1038651902, 1987, 1038322027, 1995, 1038324808, 1988, 1021373478, 1996, 1021186077, 1981, 1021389180, 1997, 1021914979, 1982, 1021176914, 1983, 1021905793, 1722, 1037998556, 1484, 1021195147, 1476, 1021384805, 1999, 1021382531, 1986, 1038323376, 1723, 1038313076, 1469, 1021395022, 1739, 1038320772, 1485, 1021922969, 1477, 1021720906, 1979, 1038317173, 1486, 1021691780, 1478, 1021352043, 1724, 1021719921, 1740, 1021190709, 1487, 1021376132, 1479, 1021701334, 1742, 1021696638, 1727, 1021901161, 1743, 1021379256]
[INFO] (lattice_cell.c: 455): on tick 46 of 50
[INFO] (lattice_cell.c: 172): the unmatched_packets is 56
[1720, 1038629761, 1736, 1038029633, 1976, 1038629066, 1464, 1038630404, 1984, 1038326221, 1480, 1038030319, 1472, 1038328644, 1992, 1038028907, 1721, 1038333771, 1977, 1038329423, 1737, 1038323626, 1465, 1038337790, 1993, 1038319319, 1481, 1038327563, 1473, 1038334396, 1985, 1038326147, 1738, 1038626911, 1466, 1038026251, 1482, 1038626266, 1739, 1038316134, 1467, 1038301949, 1724, 1021786054, 1740, 1021101818, 1980, 1021780796, 1484, 1021105553, 1996, 1021097821, 1725, 1021340140, 1476, 1021397352, 1486, 1021760006, 1470, 1021082070, 1726, 1021085666, 1478, 1021368096, 1991, 1021710418, 1743, 1021329286, 1983, 1022007133, 1978, 1038027489, 1722, 1038026830, 1986, 1038323683, 1987, 1038317140, 1995, 1038320438, 1474, 1038321412, 1997, 1022015075, 1483, 1038312171, 1475, 1038308757, 1468, 1021790898, 1998, 1021769938, 1723, 1038305971, 1990, 1021377401, 1994, 1038627610, 1485, 1022022035, 1979, 1038310326, 1477, 1021721511, 1988, 1021387670, 1487, 1021326707, 1469, 1021342472, 1981, 1021337551, 1989, 1021716342, 1479, 1021704690, 1741, 1022018745, 1982, 1021089586, 1999, 1021332015, 1471, 1021999482, 1742, 1021764767, 1727, 1022003204]
[INFO] (lattice_cell.c: 455): on tick 47 of 50
[INFO] (lattice_cell.c: 172): the unmatched_packets is 56
[1720, 1038608297, 1976, 1038607614, 1736, 1038045865, 1464, 1038608911, 1992, 1038045183, 1984, 1038325947, 1480, 1038046501, 1472, 1038328326, 1721, 1038336958, 1977, 1038332944, 1737, 1038329903, 1465, 1038340662, 1985, 1038330134, 1993, 1038325911, 1481, 1038333561, 1473, 1038337766, 1722, 1038043143, 1978, 1038043796, 1738, 1038605405, 1994, 1038606141, 1986, 1038323372, 1466, 1038042548, 1482, 1038604722, 1723, 1038313443, 1467, 1038309658, 1740, 1021135759, 1475, 1038313840, 1468, 1021765195, 1980, 1021753736, 1485, 1021977293, 1469, 1021358509, 1477, 1021773403, 1470, 1021112752, 1478, 1021299936, 1471, 1021952043, 1991, 1021760681, 1479, 1021754099, 1990, 1021310192, 1996, 1021130906, 1989, 1021767442, 1987, 1038321737, 1995, 1038324590, 1981, 1021352350, 1997, 1021969506, 1988, 1021321984, 1982, 1021121187, 1998, 1021741936, 1739, 1038320564, 1979, 1038317514, 1474, 1038321042, 1999, 1021345473, 1724, 1021759631, 1483, 1038316853, 1725, 1021355595, 1741, 1021973614, 1484, 1021140365, 1476, 1021333558, 1726, 1021116741, 1742, 1021736465, 1486, 1021731590, 1727, 1021956211, 1983, 1021960638, 1743, 1021342075, 1487, 1021338898]
[INFO] (lattice_cell.c: 455): on tick 48 of 50
[INFO] (lattice_cell.c: 172): the unmatched_packets is 56
[1720, 1038636736, 1976, 1038636012, 1736, 1038022292, 1992, 1038021536, 1464, 1038637410, 1984, 1038326268, 1480, 1038023009, 1721, 1038332030, 1737, 1038324053, 1977, 1038327686, 1465, 1038336048, 1993, 1038319734, 1985, 1038326689, 1472, 1038328675, 1481, 1038328001, 1978, 1038020038, 1473, 1038334962, 1723, 1038306358, 1482, 1038633062, 1474, 1038321536, 1724, 1021735902, 1740, 1021190284, 1988, 1021348395, 1995, 1038318673, 1725, 1021395260, 1476, 1021358430, 1469, 1021397536, 1485, 1021930895, 1726, 1021174546, 1996, 1021186365, 1743, 1021384534, 1997, 1021924008, 1986, 1038323769, 1994, 1038634484, 1722, 1038019347, 1981, 1021392709, 1982, 1021178344, 1980, 1021730627, 1738, 1038633740, 1991, 1021747941, 1466, 1038018736, 1989, 1021753418, 1739, 1038314358, 1990, 1021337837, 1998, 1021719853, 1979, 1038310713, 1983, 1021916014, 1999, 1021387265, 1467, 1038302325, 1483, 1038310393, 1475, 1038309257, 1468, 1021740800, 1741, 1021927673, 1484, 1021193946, 1987, 1038317663, 1742, 1021714733, 1477, 1021758120, 1486, 1021710093, 1470, 1021171080, 1478, 1021328366, 1727, 1021911984, 1471, 1021908124, 1479, 1021742458, 1487, 1021381963]
[INFO] (lattice_cell.c: 455): on tick 49 of 50
[INFO] (lattice_cell.c: 172): the unmatched_packets is 56
[1720, 1038639834, 1976, 1038639122, 1736, 1038015637, 1984, 1038325698, 1992, 1038014926, 1464, 1038640484, 1480, 1038016299, 1472, 1038328101, 1977, 1038332454, 1985, 1038331687, 1465, 1038340166, 1473, 1038339331, 1738, 1038636824, 1739, 1038320105, 1474, 1038320790, 1740, 1021137284, 1483, 1038316400, 1477, 1021718222, 1982, 1021123086, 1726, 1021118683, 1486, 1021722222, 1998, 1021733067, 1487, 1021348937, 1471, 1021952945, 1996, 1021132575, 1981, 1021361656, 1997, 1021970835, 1983, 1021961704, 1999, 1021355105, 1987, 1038323295, 1989, 1021712151, 1978, 1038013480, 1986, 1038323131, 1994, 1038637583, 1979, 1038316814, 1980, 1021745304, 1990, 1021360069, 1995, 1038324109, 1991, 1021705292, 1988, 1021371856, 1737, 1038329190, 1721, 1038336475, 1993, 1038325206, 1722, 1038012810, 1723, 1038312730, 1481, 1038332824, 1724, 1021751364, 1466, 1038012196, 1482, 1038636112, 1725, 1021364757, 1741, 1021975106, 1467, 1038308937, 1475, 1038315425, 1742, 1021727364, 1468, 1021757068, 1484, 1021141788, 1476, 1021383279, 1727, 1021957191, 1743, 1021351926, 1485, 1021978947, 1469, 1021367595, 1470, 1021114742, 1478, 1021349729, 1479, 1021698717]
[INFO] (lattice_cell.c: 455): on tick 50 of 50
[INFO] (lattice_cell.c: 466): updating recording regions
[INFO] (recording.c: 507): 	Finalising channel 0 - state info stored in SDRAM
[INFO] (recording.c: 512): closed channel 0.
[INFO] (lattice_cell.c: 470): Simulation complete.

