[INFO] (lattice_cell.c: 604): starting lattice cell
[INFO] (lattice_cell.c: 526): Initialise: started
[INFO] (data_specification.c: 78): magic = ad130ad6, version = 1.0
[INFO] (lattice_cell.c: 555): my key is 2200
[INFO] (lattice_cell.c: 562): I'm in position ( 8, 19)
[INFO] (lattice_cell.c: 568): my n key is 1944
[INFO] (lattice_cell.c: 574): my U_X = 0.009998303838074207
[INFO] (lattice_cell.c: 575): my U_Y = 6.123234211227051e-20
[INFO] (lattice_cell.c: 583): input_buffer initialised
[INFO] (recording.c: 563): Recording 1 regions, using output tag 0, size before trigger 7686388, time between triggers 50
[INFO] (recording.c: 665): Recording channel 0 configured to use 7686132 byte memory block starting at 0x6618e7b0
[INFO] (lattice_cell.c: 588): Recording flags = 0x00000001
[INFO] (lattice_cell.c: 619): setting timer to execute every 200000 microseconds
[INFO] (lattice_cell.c: 627): Starting

[INFO] (simulation.c: 159): Setting the runtime of this model to 50 starting at 0
[INFO] (simulation.c: 161): Setting the flag of infinite run for this model to 0
[INFO] (simulation.c: 175): Resuming
[INFO] (lattice_cell.c: 455): on tick 0 of 50
[2192, 1038779577, 2208, 1038779074, 2448, 1038779579, 2464, 1038779080, 2456, 1038779511, 1944, 1038779515, 2193, 1038318784, 2209, 1038318794, 2211, 1038318794, 2449, 1038314424, 2465, 1038314436, 2466, 1037885284, 2213, 1021108062, 2451, 1038323152, 2468, 1021997240, 2460, 1021997670, 2470, 1021112170, 2455, 1022006989, 2471, 1022006490, 1943, 1021997741, 2194, 1037884815, 2210, 1037885278, 2195, 1038318784, 2212, 1022001858, 2196, 1022002361, 2197, 1021107599, 2214, 1021108062, 2198, 1021107599, 2199, 1022002361, 1957, 1021112170, 2215, 1022001858, 1954, 1037885284, 1952, 1038779080, 1953, 1038323164, 1939, 1038314426, 1955, 1038314436, 1940, 1022006993, 1937, 1038323154, 1941, 1021111707, 2457, 1038314424, 1936, 1038779581, 1938, 1037884819, 1942, 1021103503, 1950, 1021103563, 1958, 1021103966, 2450, 1037884815, 1951, 1021997674, 1959, 1021997240, 2458, 1037884877, 1947, 1038314428, 2467, 1038323164, 2459, 1038323152, 1948, 1022006927, 1956, 1022006490, 2452, 1021997737, 1945, 1038323156, 1949, 1021111768, 2453, 1021103499, 2469, 1021103966, 2461, 1021103561, 2454, 1021111703, 1946, 1037884881, 2462, 1021111764, 2463, 1022006923]
[INFO] (lattice_cell.c: 455): on tick 1 of 50
[INFO] (lattice_cell.c: 172): the unmatched_packets is 56
[2192, 1038774605, 2448, 1038774605, 2208, 1038773344, 1944, 1038774437, 2464, 1038773346, 2456, 1038774437, 1936, 1038774607, 1952, 1038773354, 2193, 1038327399, 2449, 1038323087, 2209, 1038327403, 1945, 1038331697, 2465, 1038323089, 2457, 1038323085, 1937, 1038331701, 2194, 1037879877, 2450, 1037879881, 2210, 1037881079, 2466, 1037881089, 1946, 1037880037, 2195, 1038327050, 2211, 1038326994, 2196, 1021992942, 2451, 1038331360, 2467, 1038331304, 2213, 1021108533, 2452, 1021988628, 2199, 1022001893, 2461, 1021102679, 2463, 1022006409, 2212, 1021991251, 2197, 1021106934, 2198, 1021098332, 2214, 1021096989, 2215, 1022003390, 1958, 1021092693, 2458, 1037880043, 2459, 1038331352, 2468, 1021986945, 2453, 1021102467, 2460, 1021988406, 1953, 1038331707, 1938, 1037879879, 2469, 1021104062, 2454, 1021102805, 1947, 1038322732, 1954, 1037881087, 1939, 1038322744, 1955, 1038322688, 1948, 1021997192, 1940, 1021997416, 1956, 1021995741, 2470, 1021101464, 2462, 1021102628, 2455, 1022006206, 1941, 1021111240, 1957, 1021112845, 2471, 1022007708, 1943, 1021997414, 1949, 1021111454, 1942, 1021094033, 1951, 1021997608, 1959, 1021998914, 1950, 1021093851]
[INFO] (lattice_cell.c: 455): on tick 2 of 50
[INFO] (lattice_cell.c: 172): the unmatched_packets is 56
[2192, 1038780087, 2448, 1038780089, 2208, 1038782613, 1944, 1038780436, 2464, 1038782609, 2456, 1038780436, 1936, 1038780091, 1952, 1038782613, 2193, 1038319245, 2209, 1038319261, 2449, 1038314829, 2465, 1038314839, 1945, 1038323667, 2194, 1037885177, 2195, 1038319246, 2450, 1037885173, 2211, 1038319484, 2467, 1038323897, 2452, 1021998479, 2459, 1038323694, 2468, 1022000064, 2455, 1022006978, 2471, 1021998693, 2463, 1022005850, 2196, 1022002996, 1951, 1021996839, 2212, 1022004584, 2197, 1021108372, 2213, 1021106894, 2198, 1021107826, 2214, 1021114993, 2199, 1022002472, 1956, 1022009086, 2215, 1021994196, 2210, 1037882692, 1940, 1022007508, 1950, 1021104807, 1942, 1021103841, 1959, 1021989697, 1938, 1037885181, 1954, 1037882692, 1947, 1038314860, 1948, 1022007727, 2457, 1038314831, 2466, 1037882688, 1957, 1021110881, 2458, 1037884835, 1937, 1038323671, 2451, 1038323662, 1946, 1037884837, 1943, 1021997964, 1941, 1021112363, 2453, 1021104359, 2460, 1021998702, 2469, 1021102895, 2454, 1021111835, 1958, 1021110994, 1955, 1038315064, 2461, 1021104160, 2470, 1021119005, 1949, 1021112150, 2462, 1021112802, 1939, 1038314830, 1953, 1038323675]
[INFO] (lattice_cell.c: 455): on tick 3 of 50
[INFO] (lattice_cell.c: 172): the unmatched_packets is 56
[2192, 1038774297, 2208, 1038760324, 2448, 1038774283, 2464, 1038760320, 1944, 1038772162, 1936, 1038774297, 1952, 1038760334, 2456, 1038772152, 2193, 1038327607, 2449, 1038323340, 2209, 1038327838, 1945, 1038331895, 2465, 1038323576, 2457, 1038323380, 1937, 1038331855, 2194, 1037880287, 2450, 1037880291, 2211, 1038325674, 1953, 1038332093, 2458, 1037882347, 2213, 1021118283, 1954, 1037893682, 2469, 1021113735, 2461, 1021104186, 2470, 1021072109, 2462, 1021097950, 2463, 1022012496, 2210, 1037893686, 2195, 1038326876, 1959, 1022032975, 2196, 1021992854, 2212, 1021981315, 2197, 1021106966, 1949, 1021113146, 1950, 1021089003, 2198, 1021097893, 2214, 1021067556, 2199, 1022002748, 1951, 1022003456, 2215, 1022037584, 1946, 1037882345, 1938, 1037880287, 1955, 1038321426, 1948, 1021995653, 1956, 1021985917, 1941, 1021111380, 1942, 1021093498, 1958, 1021063177, 1943, 1021998140, 2466, 1037893696, 2451, 1038331140, 2467, 1038329942, 2459, 1038330930, 1957, 1021122692, 2468, 1021976882, 2460, 1021986609, 2453, 1021102412, 1947, 1038322414, 1939, 1038322630, 2454, 1021102442, 2452, 1021988405, 2455, 1022007178, 2471, 1022042034, 1940, 1021997448]
[INFO] (lattice_cell.c: 455): on tick 4 of 50
[INFO] (lattice_cell.c: 172): the unmatched_packets is 56
[2448, 1038781845, 2192, 1038781839, 2208, 1038815689, 2464, 1038815697, 2456, 1038790404, 1944, 1038790404, 2457, 1038314755, 2465, 1038314667, 2212, 1022026669, 2459, 1038324776, 2452, 1021999961, 1939, 1038315008, 2469, 1021082352, 2462, 1021134480, 2463, 1021979171, 2193, 1038319265, 2209, 1038319134, 2194, 1037883473, 2210, 1037850547, 2195, 1038319464, 2211, 1038320391, 2196, 1022004348, 2197, 1021107553, 2213, 1021086276, 1943, 1021993495, 2198, 1021111016, 2214, 1021204579, 1959, 1021894816, 1936, 1038781845, 2199, 1021997878, 1952, 1038815684, 2215, 1021899182, 1937, 1038323733, 1946, 1037875186, 1954, 1037850561, 1940, 1022008747, 2449, 1038314807, 2450, 1037883477, 1945, 1038323681, 1941, 1021111452, 2458, 1037875187, 2466, 1037850537, 1950, 1021126635, 1958, 1021200640, 2451, 1038323937, 1953, 1038323597, 2467, 1038324860, 1951, 1021970409, 2468, 1022022283, 1938, 1037883477, 2460, 1022006717, 2453, 1021103622, 1955, 1038315936, 2461, 1021097141, 1948, 1022015505, 1956, 1022031068, 2454, 1021114963, 1949, 1021104984, 2470, 1021208547, 2455, 1022002269, 1957, 1021090178, 2471, 1021903537, 1942, 1021107118, 1947, 1038315844]
[INFO] (lattice_cell.c: 455): on tick 5 of 50
[INFO] (lattice_cell.c: 172): the unmatched_packets is 56
[2192, 1038766657, 2448, 1038766653, 2208, 1038728715, 1944, 1038744567, 2464, 1038728682, 2456, 1038744549, 1936, 1038766655, 1952, 1038728743, 2193, 1038327844, 2209, 1038328716, 2449, 1038323614, 1945, 1038332382, 2465, 1038324496, 2457, 1038323956, 1937, 1038332047, 1953, 1038332920, 2194, 1037887660, 2210, 1037924402, 2450, 1037887664, 2466, 1037924440, 2458, 1037908967, 2195, 1038325714, 2211, 1038327098, 1946, 1037908957, 2196, 1021987158, 2467, 1038331312, 2459, 1038329772, 2215, 1022169196, 2455, 1022027605, 2212, 1021975857, 1949, 1021131305, 2197, 1021112405, 1951, 1022080050, 1959, 1022164408, 2213, 1021124750, 1958, 1020925165, 1943, 1022018333, 2198, 1021081733, 2214, 1020929546, 2199, 1022023041, 2451, 1038329934, 1938, 1037887660, 2452, 1021982600, 2468, 1021971277, 2453, 1021107797, 1947, 1038321344, 1955, 1038322880, 1954, 1037924372, 1948, 1021977259, 1940, 1021991871, 1956, 1021980590, 1941, 1021116889, 1957, 1021129205, 1942, 1021077263, 1950, 1021016156, 2460, 1021967996, 2469, 1021120164, 1939, 1038321498, 2454, 1021086347, 2461, 1021122214, 2470, 1020934096, 2462, 1021025218, 2471, 1022173839, 2463, 1022089322]
[INFO] (lattice_cell.c: 455): on tick 6 of 50
[INFO] (lattice_cell.c: 172): the unmatched_packets is 56
[2192, 1038804414, 2448, 1038804406, 2208, 1038799489, 1944, 1038824791, 2464, 1038799523, 2456, 1038824817, 1936, 1038804418, 1952, 1038799461, 2193, 1038319099, 2449, 1038314609, 2209, 1038319621, 1945, 1038323460, 2465, 1038315123, 2457, 1038314453, 1937, 1038323601, 1953, 1038324116, 2194, 1037861640, 2450, 1037861648, 2210, 1037865203, 1946, 1037841601, 2466, 1037865178, 2458, 1037841575, 1938, 1037861642, 2195, 1038320175, 2197, 1021092812, 2452, 1022015710, 2468, 1021993889, 2453, 1021088914, 2454, 1021172875, 2455, 1021940433, 2211, 1038319262, 2196, 1022019984, 2212, 1021998139, 2213, 1021114430, 2198, 1021168982, 2214, 1021254847, 2199, 1021936152, 2215, 1021850061, 1943, 1021931859, 1951, 1021845866, 1957, 1021118269, 1939, 1038315680, 1948, 1022028112, 1940, 1022024283, 1956, 1022002416, 2467, 1038323769, 1954, 1037865237, 1947, 1038313833, 1955, 1038314772, 1950, 1021257162, 1958, 1021250858, 1959, 1021845897, 1941, 1021096633, 1942, 1021165156, 2451, 1038324684, 1949, 1021092792, 2459, 1038322835, 2460, 1022019533, 2469, 1021110516, 2461, 1021085054, 2470, 1021258863, 2462, 1021264972, 2471, 1021854189, 2463, 1021854330]
[INFO] (lattice_cell.c: 455): on tick 7 of 50
[INFO] (lattice_cell.c: 172): the unmatched_packets is 56
[2192, 1038732285, 2448, 1038732281, 2208, 1038781849, 2464, 1038781817, 1944, 1038744738, 2456, 1038744683, 1952, 1038781868, 2193, 1038328422, 2449, 1038324220, 2209, 1038328412, 2465, 1038324210, 1945, 1038332740, 2457, 1038324368, 1937, 1038332591, 1953, 1038332585, 1936, 1038732287, 2194, 1037920984, 2450, 1037920996, 2210, 1037873302, 2458, 1037909425, 1946, 1037909361, 2195, 1038327484, 2211, 1038326531, 2196, 1021971927, 2212, 1022000545, 2197, 1021127786, 1951, 1022162647, 2213, 1021100654, 2198, 1020962576, 2214, 1021052024, 2199, 1022135140, 2215, 1022046377, 1947, 1038321621, 1939, 1038323296, 1938, 1037920980, 2466, 1037873326, 1955, 1038322338, 2451, 1038331676, 2467, 1038330718, 1948, 1021996905, 2459, 1038329994, 1940, 1021976734, 1949, 1021113416, 1954, 1037873275, 1957, 1021105157, 2452, 1021967257, 2468, 1021995865, 1958, 1021047662, 2453, 1021123167, 2460, 1021987419, 2469, 1021096030, 2454, 1020967220, 2461, 1021104311, 1941, 1021132309, 2470, 1021056553, 2455, 1022139833, 1956, 1022005372, 1950, 1020932303, 2462, 1020941269, 1943, 1022130365, 1959, 1022041471, 1942, 1020958062, 2471, 1022051207, 2463, 1022172306]
[INFO] (lattice_cell.c: 455): on tick 8 of 50
[INFO] (lattice_cell.c: 172): the unmatched_packets is 56
[2192, 1038817236, 2448, 1038817248, 2208, 1038774436, 1944, 1038777691, 2456, 1038777725, 1936, 1038817222, 1952, 1038774446, 2193, 1038319235, 2209, 1038320618, 2449, 1038314710, 2465, 1038316106, 1945, 1038324367, 2194, 1037848642, 2210, 1037890103, 2211, 1038317876, 1937, 1038323746, 2450, 1037848624, 2212, 1022007813, 2458, 1037886473, 2198, 1021272852, 2467, 1038322406, 2199, 1021831943, 2469, 1021103503, 2461, 1021115910, 2455, 1021836063, 2471, 1022029273, 2463, 1021929093, 2195, 1038319710, 2196, 1022009015, 2197, 1021102463, 2213, 1021107389, 1949, 1021123621, 2214, 1021084354, 2215, 1022025167, 1943, 1021827755, 1942, 1021268983, 1953, 1038325140, 1938, 1037848654, 2464, 1038774441, 1954, 1037890103, 1947, 1038314086, 1955, 1038313371, 1939, 1038315204, 1948, 1021997122, 1941, 1021106263, 1957, 1021111195, 1950, 1021179344, 1946, 1037886495, 2457, 1038315329, 1951, 1021920920, 1959, 1022021010, 1940, 1022013220, 1956, 1022012030, 2466, 1037890103, 2451, 1038324246, 1958, 1021080479, 2460, 1021988732, 2459, 1038323124, 2452, 1022004836, 2468, 1022003643, 2453, 1021098547, 2454, 1021276754, 2470, 1021088297, 2462, 1021187254]
[INFO] (lattice_cell.c: 455): on tick 9 of 50
[INFO] (lattice_cell.c: 172): the unmatched_packets is 56
[2192, 1038765654, 2448, 1038765634, 2208, 1038766924, 1944, 1038783830, 2456, 1038783838, 1952, 1038766918, 2193, 1038327273, 2209, 1038328906, 2449, 1038323086, 2457, 1038323739, 1945, 1038332090, 1937, 1038331438, 1953, 1038333074, 2464, 1038766922, 2465, 1038324710, 1936, 1038765684, 2194, 1037889307, 2450, 1037889333, 2210, 1037886824, 2466, 1037886822, 2458, 1037870979, 1946, 1037870985, 1938, 1037889291, 2195, 1038326437, 2211, 1038326578, 2451, 1038330614, 2196, 1022011613, 2212, 1021992554, 2467, 1038330752, 2198, 1020995353, 2452, 1022006847, 2468, 1021987788, 2199, 1022106204, 2215, 1021992300, 2469, 1021104564, 2454, 1020999920, 2471, 1021997064, 2463, 1021989594, 1950, 1021108961, 2197, 1021093228, 2213, 1021109169, 2214, 1021102766, 1955, 1038322408, 1957, 1021113691, 1956, 1021997431, 1941, 1021097760, 2459, 1038330828, 2460, 1021990503, 1954, 1037886830, 1939, 1038322268, 1947, 1038322476, 2453, 1021088624, 2461, 1021101119, 1948, 1022000111, 1949, 1021110249, 2470, 1021107413, 2455, 1022111059, 2462, 1021118026, 1958, 1021098256, 1951, 1021979890, 1959, 1021987462, 1940, 1022016471, 1942, 1020990920, 1943, 1022101288]
[INFO] (lattice_cell.c: 455): on tick 10 of 50
[INFO] (lattice_cell.c: 172): the unmatched_packets is 56
[2192, 1038777807, 2448, 1038777815, 2208, 1038780210, 1944, 1038786190, 2456, 1038786152, 1936, 1038777811, 1952, 1038780226, 2464, 1038780198, 2193, 1038320896, 2449, 1038316373, 2209, 1038320837, 1945, 1038325658, 2457, 1038316623, 1937, 1038325411, 1953, 1038325349, 2465, 1038316309, 2194, 1037886885, 2450, 1037886881, 2210, 1037884142, 1946, 1037879225, 2458, 1037879265, 2195, 1038318403, 2211, 1038318183, 1938, 1037886887, 2467, 1038322710, 2459, 1038322039, 2453, 1021134608, 2462, 1021090173, 2455, 1022011465, 2463, 1022029969, 1941, 1021142260, 2196, 1021971360, 2212, 1021995612, 2197, 1021138485, 2213, 1021118236, 2214, 1021120016, 2199, 1022007385, 2215, 1021986897, 2198, 1021102098, 1957, 1021122032, 1959, 1021982674, 1951, 1022021624, 1947, 1038312997, 1939, 1038313893, 2466, 1037884152, 1955, 1038313674, 2451, 1038322938, 1956, 1021999782, 1940, 1021975574, 1949, 1021113061, 1954, 1037884134, 1950, 1021082520, 1942, 1021098256, 1958, 1021116228, 1943, 1022003217, 2452, 1021967197, 2468, 1021991497, 2460, 1021997218, 2469, 1021114312, 2461, 1021105345, 2454, 1021106040, 2470, 1021123883, 1948, 1022005521, 2471, 1021991031]
[INFO] (lattice_cell.c: 455): on tick 11 of 50
[INFO] (lattice_cell.c: 172): the unmatched_packets is 56
[2192, 1038751129, 2448, 1038751127, 2208, 1038777592, 2464, 1038777604, 2456, 1038761433, 1944, 1038761421, 1936, 1038751129, 1952, 1038777576, 2193, 1038329013, 2449, 1038324821, 2209, 1038328259, 2465, 1038324063, 2457, 1038323793, 1945, 1038332154, 2194, 1037902311, 1937, 1038333190, 2195, 1038327607, 1953, 1038332431, 2211, 1038326015, 2196, 1022056242, 2466, 1037877039, 2212, 1022001388, 2197, 1021040654, 2451, 1038331794, 2213, 1021104745, 2459, 1038330064, 2453, 1021035992, 2455, 1021956368, 2462, 1021095820, 2471, 1021997571, 2463, 1022012725, 1950, 1021086578, 2210, 1037877057, 1940, 1022061018, 2198, 1021143334, 2214, 1021101767, 2199, 1021951620, 2215, 1021992820, 1949, 1021089654, 1951, 1022003212, 1943, 1021946839, 1942, 1021138779, 1959, 1021988010, 1955, 1038321840, 2450, 1037902319, 1946, 1037892505, 2458, 1037892501, 2452, 1022051502, 1938, 1037902309, 1954, 1037877063, 1947, 1038321696, 1939, 1038323433, 1948, 1022024884, 1941, 1021045228, 1957, 1021109252, 2467, 1038330203, 2468, 1021996589, 2460, 1022015266, 2469, 1021100190, 2454, 1021148002, 1956, 1022006271, 2461, 1021080539, 2470, 1021106408, 1958, 1021097223]
[INFO] (lattice_cell.c: 455): on tick 12 of 50
[INFO] (lattice_cell.c: 172): the unmatched_packets is 56
[2192, 1038827049, 2448, 1038827053, 2208, 1038786711, 1944, 1038795049, 2464, 1038786691, 2456, 1038795061, 1952, 1038786741, 1936, 1038827051, 2193, 1038321205, 2209, 1038321932, 2449, 1038316681, 2465, 1038317426, 2457, 1038314871, 1945, 1038323877, 2194, 1037839513, 2210, 1037878164, 2450, 1037839513, 2466, 1037878185, 2212, 1021989004, 2458, 1037869908, 2467, 1038321966, 2459, 1038322043, 2452, 1021864608, 2460, 1021939466, 2215, 1022017817, 2461, 1021170331, 2471, 1022022008, 2195, 1038318209, 2211, 1038317457, 2196, 1021868811, 2197, 1021238530, 2213, 1021123962, 2198, 1021089791, 2214, 1021089774, 2199, 1022018724, 1956, 1021993197, 1953, 1038326428, 1937, 1038325695, 2451, 1038322734, 1946, 1037869912, 1947, 1038313031, 1939, 1038313720, 1938, 1037839525, 1954, 1037878132, 1948, 1021947916, 1940, 1021873152, 2468, 1021984877, 1950, 1021095444, 2453, 1021234687, 2469, 1021120011, 1951, 1022007245, 2454, 1021093632, 1943, 1022014401, 2470, 1021093627, 1959, 1022013516, 2455, 1022022934, 2462, 1021103058, 1955, 1038312963, 2463, 1022015714, 1941, 1021242245, 1957, 1021127773, 1942, 1021086062, 1958, 1021086048, 1949, 1021177975]
[INFO] (lattice_cell.c: 455): on tick 13 of 50
[INFO] (lattice_cell.c: 172): the unmatched_packets is 56
[2192, 1038740200, 2448, 1038740202, 2208, 1038754138, 2464, 1038754144, 1944, 1038740641, 2456, 1038740633, 1936, 1038740189, 1952, 1038754136, 2193, 1038327015, 2449, 1038322791, 2209, 1038330691, 1945, 1038331888, 2465, 1038326482, 2457, 1038323480, 1953, 1038334895, 1937, 1038331207, 2194, 1037913898, 2450, 1037913886, 2210, 1037899261, 1946, 1037912729, 2458, 1037912737, 1954, 1037899270, 1938, 1037913896, 2195, 1038326947, 2211, 1038325899, 2451, 1038331156, 2466, 1037899267, 2467, 1038330114, 2459, 1038330426, 2196, 1022168014, 1947, 1038322016, 2197, 1020941472, 2213, 1021056628, 1939, 1038322754, 2214, 1021104886, 2468, 1022037770, 2460, 1022105925, 2453, 1020936847, 2462, 1021136714, 1949, 1021000869, 2212, 1022042509, 1957, 1021061155, 2198, 1021093981, 2199, 1022003382, 2215, 1021989673, 1943, 1021998660, 1941, 1020946016, 1955, 1038321708, 1948, 1022115265, 1940, 1022172729, 1956, 1022047277, 2454, 1021098617, 1950, 1021127473, 1942, 1021089418, 1958, 1021100309, 1959, 1021984987, 2452, 1022163295, 1951, 1021960344, 2469, 1021052037, 2461, 1020991606, 2470, 1021109564, 2455, 1022008095, 2471, 1021994337, 2463, 1021969728]
[INFO] (lattice_cell.c: 455): on tick 14 of 50
[INFO] (lattice_cell.c: 172): the unmatched_packets is 56
[2192, 1038784605, 2448, 1038784570, 2208, 1038808422, 1944, 1038822834, 2464, 1038808430, 2456, 1038822800, 1936, 1038784631, 1952, 1038808424, 2193, 1038321871, 2449, 1038317376, 2465, 1038317788, 2210, 1037856864, 2457, 1038317759, 2196, 1021886645, 2212, 1021897484, 2458, 1037843202, 2459, 1038321363, 2468, 1021893231, 2460, 1021835689, 2455, 1022011947, 2471, 1022022364, 2463, 1022025002, 2209, 1038322268, 2194, 1037879670, 2195, 1038318178, 2211, 1038317133, 1949, 1021271243, 2197, 1021219960, 2213, 1021214045, 2198, 1021100242, 2214, 1021088270, 2199, 1022007714, 1942, 1021096480, 1959, 1022013686, 1955, 1038312674, 1943, 1022003366, 2215, 1022018100, 2450, 1037879698, 2466, 1037856858, 1945, 1038326704, 1937, 1038326326, 1938, 1037879632, 2451, 1038322672, 1939, 1038313726, 1954, 1037856868, 2467, 1038321612, 1953, 1038326734, 2452, 1021882477, 1957, 1021217768, 1941, 1021223795, 1947, 1038312415, 2453, 1021215988, 2469, 1021210144, 1951, 1022016339, 2461, 1021263592, 2454, 1021104166, 1948, 1021844345, 2470, 1021092141, 2462, 1021092637, 1940, 1021890959, 1956, 1021901873, 1950, 1021085027, 1958, 1021084523, 1946, 1037843178]
[INFO] (lattice_cell.c: 455): on tick 15 of 50
[INFO] (lattice_cell.c: 172): the unmatched_packets is 56
[2192, 1038783518, 2448, 1038783536, 2208, 1038735368, 1944, 1038756577, 2464, 1038735370, 2456, 1038756627, 1936, 1038783486, 1952, 1038735364, 2193, 1038328690, 2449, 1038324435, 2209, 1038328332, 2465, 1038324088, 2457, 1038323279, 1945, 1038331758, 2194, 1037871316, 2210, 1037917877, 2211, 1038325912, 2450, 1037871294, 2458, 1037897766, 2198, 1021101474, 2468, 1022144687, 2452, 1022000956, 2199, 1021994780, 2215, 1021971275, 2462, 1021095834, 2463, 1022012422, 2195, 1038326331, 2196, 1022005676, 2212, 1022149291, 1940, 1022010407, 2197, 1021096368, 2213, 1020961294, 1942, 1021096940, 1958, 1021117832, 2214, 1021122378, 1959, 1021966659, 1941, 1021100790, 1950, 1021086703, 1953, 1038332571, 1954, 1037917887, 1947, 1038321339, 1939, 1038322110, 1946, 1037897826, 1951, 1022003205, 1943, 1021990211, 2466, 1037917879, 2467, 1038330160, 1956, 1022153873, 1937, 1038332920, 2451, 1038330586, 1949, 1020978523, 2459, 1038329822, 1957, 1020965845, 2460, 1022132572, 2469, 1020956675, 2453, 1021091879, 1955, 1038321681, 1948, 1022141915, 2455, 1021999400, 2471, 1021975864, 1938, 1037871336, 2461, 1020969513, 2470, 1021126977, 2454, 1021106088]
[INFO] (lattice_cell.c: 455): on tick 16 of 50
[INFO] (lattice_cell.c: 172): the unmatched_packets is 56
[2192, 1038775834, 2448, 1038775844, 2208, 1038807041, 1944, 1038768092, 2464, 1038807015, 1936, 1038775832, 1952, 1038807073, 2456, 1038768036, 2193, 1038320578, 2449, 1038316142, 2209, 1038323452, 1945, 1038325538, 2465, 1038319018, 2457, 1038316679, 1937, 1038324996, 2194, 1037889258, 2210, 1037857973, 1953, 1038327869, 2466, 1037858003, 2195, 1038318566, 2196, 1022035808, 2451, 1038323013, 2197, 1021077125, 2467, 1038321282, 2459, 1038321772, 2460, 1021959012, 2199, 1021999360, 2453, 1021073126, 2455, 1022003737, 2463, 1022004483, 2211, 1038316841, 1950, 1021105117, 2212, 1021851400, 2213, 1021256413, 2198, 1021108107, 2214, 1021098026, 2215, 1022006730, 1959, 1022002237, 1943, 1021994855, 1946, 1037895704, 1938, 1037889254, 2450, 1037889247, 1947, 1038312910, 1939, 1038314149, 2458, 1037895763, 2452, 1022031515, 1955, 1038312422, 1948, 1021967611, 1949, 1021154244, 2468, 1021847095, 1954, 1037857949, 2469, 1021252423, 1940, 1022040266, 2461, 1021146263, 2454, 1021112059, 1941, 1021080957, 2470, 1021101981, 1957, 1021260252, 2462, 1021112872, 1942, 1021104344, 2471, 1022011073, 1951, 1021995645, 1956, 1021855851, 1958, 1021094236]
[INFO] (lattice_cell.c: 455): on tick 17 of 50
[INFO] (lattice_cell.c: 172): the unmatched_packets is 56
[2192, 1038770278, 2448, 1038770268, 2208, 1038776768, 1944, 1038783786, 2464, 1038776800, 2456, 1038783796, 1952, 1038776732, 2193, 1038329093, 1936, 1038770281, 2209, 1038329657, 2449, 1038324779, 1945, 1038333469, 2465, 1038325360, 2194, 1037883833, 2210, 1037878026, 2450, 1037883841, 2195, 1038326152, 2211, 1038325028, 1953, 1038333944, 2467, 1038329333, 2198, 1021102930, 2459, 1038329184, 2453, 1021104750, 1947, 1038320606, 2463, 1021995585, 1949, 1021147035, 2196, 1021992515, 2212, 1022067029, 1959, 1022003861, 2213, 1021040440, 2214, 1021086603, 2199, 1021993007, 2215, 1022008366, 2197, 1021109284, 1951, 1021986625, 1937, 1038333364, 1954, 1037878054, 1939, 1038321881, 1940, 1021996993, 1950, 1021101509, 2457, 1038324883, 1942, 1021098475, 2466, 1037877986, 1955, 1038320748, 2458, 1037870570, 2451, 1038330461, 1946, 1037870585, 2452, 1021988009, 1956, 1022071639, 2468, 1022062387, 1941, 1021113774, 1957, 1021044789, 2460, 1021956837, 1958, 1021082138, 2469, 1021036041, 1943, 1021988492, 2454, 1021107443, 2461, 1021138183, 1948, 1021965959, 2470, 1021091104, 2455, 1021997517, 2462, 1021110552, 2471, 1022012864, 1938, 1037883828]
[INFO] (lattice_cell.c: 455): on tick 18 of 50
[INFO] (lattice_cell.c: 172): the unmatched_packets is 56
[2192, 1038783655, 2448, 1038783634, 2208, 1038763392, 1944, 1038785735, 2464, 1038763378, 2456, 1038785752, 1936, 1038783674, 1952, 1038763404, 2193, 1038321433, 2209, 1038322086, 2449, 1038317048, 1945, 1038325144, 2465, 1038317701, 2457, 1038316383, 1953, 1038326450, 2194, 1037881195, 2466, 1037900570, 2458, 1037879658, 2214, 1021102475, 2460, 1022017566, 2215, 1022001803, 1950, 1021097127, 1943, 1022005013, 2210, 1037900555, 2195, 1038318042, 2211, 1038317500, 2196, 1021978147, 1949, 1021098654, 2197, 1021133871, 2212, 1022024754, 1957, 1021094756, 2198, 1021096992, 2213, 1021090763, 1956, 1022029259, 1941, 1021137733, 2199, 1022009615, 1955, 1038313138, 1948, 1022026650, 1940, 1021982750, 1937, 1038325790, 1942, 1021093130, 1959, 1021997187, 1958, 1021098628, 1951, 1022002671, 2450, 1037881205, 1946, 1037879679, 1954, 1037900541, 2451, 1038322429, 2467, 1038321889, 1938, 1037881169, 2459, 1038321555, 1947, 1038312806, 2452, 1021973682, 2468, 1022020392, 1939, 1038313679, 2453, 1021129796, 2461, 1021090729, 2454, 1021101062, 2462, 1021105032, 2470, 1021106519, 2455, 1022014078, 2463, 1022011755, 2469, 1021086616, 2471, 1022006284]
[INFO] (lattice_cell.c: 455): on tick 19 of 50
[INFO] (lattice_cell.c: 172): the unmatched_packets is 56
[2192, 1038777609, 2448, 1038777620, 2208, 1038773167, 1944, 1038768666, 2464, 1038773160, 1952, 1038773171, 2456, 1038768691, 2193, 1038329137, 1936, 1038777601, 2209, 1038330773, 2449, 1038324769, 1945, 1038333320, 2465, 1038326421, 2457, 1038324636, 1937, 1038333462, 2194, 1037876998, 2210, 1037880523, 2450, 1037876984, 2466, 1037880531, 2458, 1037885425, 1946, 1037885445, 1938, 1037877002, 2195, 1038325847, 2467, 1038328157, 2468, 1021956942, 2453, 1021095958, 2463, 1022002974, 2211, 1038323807, 2196, 1022001860, 2212, 1021961350, 1949, 1021089249, 2197, 1021100315, 2213, 1021141352, 2198, 1021095731, 2214, 1021110402, 2199, 1022000978, 2215, 1021986334, 1958, 1021106020, 2451, 1038330198, 1947, 1038320404, 1954, 1037880526, 1953, 1038335108, 1955, 1038319475, 1948, 1022025782, 2459, 1038329091, 1940, 1022006290, 1957, 1021145725, 2452, 1021997403, 1942, 1021091361, 2460, 1022017025, 1956, 1021965777, 1943, 1021996613, 1939, 1038321521, 2454, 1021100156, 2469, 1021136960, 1959, 1021981956, 1941, 1021104646, 2461, 1021080466, 2470, 1021114818, 1951, 1021994172, 1950, 1021095816, 2462, 1021104585, 2455, 1022005377, 2471, 1021990734]
[INFO] (lattice_cell.c: 455): on tick 20 of 50
[INFO] (lattice_cell.c: 172): the unmatched_packets is 56
[2192, 1038776404, 2448, 1038776414, 2208, 1038788731, 2464, 1038788735, 1944, 1038775626, 2456, 1038775587, 1936, 1038776394, 1952, 1038788715, 2193, 1038321066, 2449, 1038316730, 2209, 1038322528, 1945, 1038325720, 2457, 1038317081, 1937, 1038325374, 1953, 1038326837, 2465, 1038318197, 2194, 1037888353, 2450, 1037888343, 2210, 1037876404, 1946, 1037888688, 2466, 1037876394, 1938, 1037888345, 2195, 1038318449, 2451, 1038322778, 2211, 1038317513, 2196, 1022014263, 2459, 1038322150, 2197, 1021099369, 2198, 1021103330, 2199, 1022002210, 2215, 1022003191, 2470, 1021101797, 2463, 1022007845, 2212, 1021987645, 2213, 1021127568, 2214, 1021097629, 1958, 1021093627, 1957, 1021131538, 2458, 1037888718, 2467, 1038321843, 1954, 1037876408, 2452, 1022009708, 2468, 1021983075, 1939, 1038314143, 1940, 1022018951, 1956, 1021992368, 1949, 1021132063, 1941, 1021103354, 1950, 1021096593, 1942, 1021099373, 1951, 1021998566, 1943, 1021997498, 1959, 1021998499, 2460, 1021983640, 1947, 1038313510, 2469, 1021123418, 2453, 1021095177, 2461, 1021123823, 1955, 1038313205, 2454, 1021107498, 1948, 1021992840, 2462, 1021104716, 2455, 1022006784, 2471, 1022007746]
[INFO] (lattice_cell.c: 455): on tick 21 of 50
[INFO] (lattice_cell.c: 172): the unmatched_packets is 56
[2192, 1038771194, 2208, 1038777733, 2448, 1038771192, 1944, 1038778392, 2209, 1038330336, 2193, 1038329545, 2464, 1038777743, 2195, 1038324749, 1953, 1038334725, 2198, 1021108573, 2199, 1021990856, 2460, 1021981140, 2470, 1021102917, 1947, 1038319354, 1943, 1021986561, 1939, 1038320377, 1955, 1038321578, 2194, 1037882905, 2210, 1037876854, 1946, 1037875958, 1937, 1038333914, 2211, 1038325951, 2196, 1021997796, 1938, 1037882907, 2212, 1022025003, 2197, 1021104216, 2213, 1021080538, 2214, 1021098686, 1956, 1022029333, 1954, 1037876870, 2215, 1021990278, 1950, 1021099635, 1951, 1021991992, 1948, 1021989799, 1941, 1021108492, 1942, 1021104322, 1949, 1021123794, 1952, 1038777723, 2456, 1038778393, 1936, 1038771194, 1945, 1038333901, 2449, 1038325121, 2465, 1038325918, 2457, 1038325110, 2450, 1037882909, 2466, 1037876848, 2458, 1037875946, 2451, 1038329169, 2467, 1038330366, 2459, 1038328140, 2452, 1021993512, 2468, 1022020681, 2453, 1021099922, 2469, 1021076278, 2461, 1021115307, 1940, 1022002071, 2454, 1021112843, 2455, 1021995170, 2462, 1021108178, 2471, 1021994638, 1958, 1021094483, 2463, 1022000575, 1957, 1021084768, 1959, 1021985938]
[INFO] (lattice_cell.c: 455): on tick 22 of 50
[INFO] (lattice_cell.c: 172): the unmatched_packets is 56
[2192, 1038781720, 2448, 1038781710, 2208, 1038764143, 1944, 1038780396, 2456, 1038780438, 1936, 1038781728, 1952, 1038764113, 2193, 1038321529, 2209, 1038322675, 2449, 1038317241, 2465, 1038318399, 2457, 1038316871, 1945, 1038325407, 1937, 1038325782, 2194, 1037883123, 2210, 1037899752, 2466, 1037899731, 2195, 1038318630, 2211, 1038317499, 2451, 1038322916, 2467, 1038321777, 2453, 1021120609, 2215, 1022024104, 2460, 1022002360, 2454, 1021104076, 2455, 1022007299, 2471, 1022028711, 2196, 1021988364, 2212, 1022003806, 1943, 1021997850, 2197, 1021124918, 2213, 1021112717, 2198, 1021099798, 1940, 1021993152, 2214, 1021077040, 1959, 1022019384, 2199, 1022002636, 1941, 1021129015, 1938, 1037883117, 1947, 1038311320, 1939, 1038314378, 1955, 1038313243, 1948, 1022011794, 1949, 1021114678, 1950, 1021094593, 1942, 1021095709, 1958, 1021072865, 1946, 1037884567, 2464, 1038764159, 1951, 1022008952, 2450, 1037883135, 2458, 1037884522, 1956, 1022008516, 1957, 1021116890, 2459, 1038319864, 1953, 1038326942, 2452, 1021983719, 2468, 1021999204, 1954, 1037899778, 2469, 1021108363, 2461, 1021106272, 2470, 1021081395, 2462, 1021103025, 2463, 1022018344]
[INFO] (lattice_cell.c: 455): on tick 23 of 50
[INFO] (lattice_cell.c: 172): the unmatched_packets is 56
[2192, 1038779985, 2448, 1038779979, 2208, 1038790041, 1944, 1038778274, 2464, 1038790009, 2456, 1038778260, 1936, 1038779987, 1952, 1038790079, 2193, 1038329610, 2449, 1038325149, 2209, 1038330840, 2465, 1038326378, 2457, 1038324969, 1945, 1038333854, 1937, 1038334030, 1953, 1038335265, 2194, 1037874654, 2450, 1037874666, 2210, 1037864496, 2466, 1037864530, 2458, 1037876142, 1946, 1037876137, 2195, 1038326716, 2196, 1021997515, 2212, 1021994385, 2451, 1038331183, 1954, 1037864463, 2198, 1021096636, 2452, 1021993257, 2468, 1021990138, 2199, 1021994413, 2471, 1021944821, 2463, 1021984183, 2211, 1038322969, 2197, 1021104829, 2213, 1021109545, 1951, 1021975592, 1956, 1021998614, 2215, 1021940445, 2214, 1021157544, 1938, 1037874654, 1947, 1038319332, 1948, 1022020269, 2467, 1038327431, 2459, 1038328220, 1949, 1021094473, 1957, 1021113652, 1950, 1021116052, 1942, 1021092541, 2454, 1021100795, 1958, 1021153562, 2461, 1021086175, 1943, 1021990190, 1959, 1021936080, 1941, 1021108926, 2460, 1022011854, 2453, 1021100701, 2469, 1021105415, 1939, 1038322296, 1955, 1038318535, 2470, 1021161574, 2455, 1021998671, 2462, 1021124200, 1940, 1022001755]
[INFO] (lattice_cell.c: 455): on tick 24 of 50
[INFO] (lattice_cell.c: 172): the unmatched_packets is 56
[2192, 1038773688, 2448, 1038773720, 2208, 1038753269, 1944, 1038761556, 2464, 1038753339, 2456, 1038761627, 1936, 1038773670, 1952, 1038753204, 2193, 1038321663, 2209, 1038323190, 2449, 1038317431, 2465, 1038318962, 2457, 1038317551, 1937, 1038325869, 1953, 1038327413, 2194, 1037890870, 1945, 1038326002, 2210, 1037910549, 2450, 1037890840, 1946, 1037902350, 2466, 1037910495, 2458, 1037902298, 1938, 1037890882, 2195, 1038318634, 2212, 1021975342, 2451, 1038322876, 2467, 1038322991, 2214, 1020997870, 2459, 1038322225, 2461, 1021123946, 2470, 1021002456, 2471, 1022101567, 2211, 1038318748, 2196, 1022005197, 2197, 1021108542, 2213, 1021140769, 2198, 1021083239, 1957, 1021145028, 1958, 1020993448, 2199, 1022019676, 1959, 1022092361, 2215, 1022097032, 1939, 1038314430, 1955, 1038314544, 1948, 1021993851, 1940, 1022010052, 1947, 1038313779, 1949, 1021132678, 1950, 1021053166, 1942, 1021078979, 1954, 1037910611, 1951, 1022039109, 1943, 1022014864, 2452, 1022000455, 2468, 1021970639, 1941, 1021112744, 2460, 1021984367, 1956, 1021980172, 2453, 1021104120, 2469, 1021136343, 2454, 1021087696, 2462, 1021061984, 2455, 1022024378, 2463, 1022048506]
[INFO] (lattice_cell.c: 455): on tick 25 of 50
[INFO] (lattice_cell.c: 172): the unmatched_packets is 56
[2192, 1038783343, 2448, 1038783331, 2208, 1038812099, 2464, 1038812078, 1944, 1038803477, 2456, 1038803397, 1936, 1038783357, 1952, 1038812113, 2193, 1038328722, 2449, 1038324217, 2209, 1038330279, 2465, 1038325775, 1945, 1038333771, 2457, 1038324805, 1937, 1038333181, 1953, 1038334747, 2194, 1037871207, 2450, 1037871228, 2210, 1037843496, 2466, 1037843508, 1946, 1037851771, 2458, 1037851857, 1938, 1037871193, 1954, 1037843477, 2195, 1038323970, 2451, 1038328470, 2211, 1038323219, 2467, 1038327714, 1947, 1038317422, 2459, 1038326382, 1939, 1038319513, 1955, 1038318759, 2196, 1022012527, 2452, 1022008371, 2212, 1022023416, 2468, 1022019248, 2460, 1022001718, 2197, 1021093845, 2198, 1021141605, 1948, 1022010070, 2469, 1021077540, 2470, 1021242914, 2462, 1021195938, 2455, 1021963595, 2471, 1021861450, 1941, 1021097853, 2213, 1021081593, 2214, 1021239076, 2199, 1021959344, 2215, 1021857066, 1942, 1021137716, 1959, 1021852695, 1956, 1022027627, 1940, 1022016692, 1949, 1021104509, 1957, 1021085581, 1950, 1021188194, 1951, 1021908746, 1958, 1021235296, 1943, 1021955101, 2453, 1021089797, 2461, 1021096498, 2454, 1021145596, 2463, 1021917370]
[INFO] (lattice_cell.c: 455): on tick 26 of 50
[INFO] (lattice_cell.c: 172): the unmatched_packets is 56
[2192, 1038754219, 2208, 1038751070, 2448, 1038754245, 1944, 1038746578, 2464, 1038751092, 2456, 1038746684, 1936, 1038754183, 1952, 1038751043, 2193, 1038322746, 2449, 1038318538, 2209, 1038323471, 2457, 1038318801, 1945, 1038327190, 2194, 1037909567, 2195, 1038319971, 2213, 1021111890, 2459, 1038321763, 2453, 1021127019, 2215, 1022138280, 2470, 1020969389, 2462, 1020971209, 2471, 1022142982, 2463, 1022141693, 2210, 1037912729, 1948, 1021989462, 1940, 1021984586, 2465, 1038319267, 2450, 1037909533, 2211, 1038316949, 1951, 1022132387, 1943, 1022064945, 1941, 1021135914, 2196, 1021979743, 1958, 1020960371, 1953, 1038327662, 2212, 1022005589, 1946, 1037917161, 2466, 1037912703, 2458, 1037917054, 2197, 1021131570, 2451, 1038324186, 1937, 1038326925, 1954, 1037912747, 1947, 1038313377, 1955, 1038312766, 2452, 1021974984, 2198, 1021026320, 2214, 1020964806, 1949, 1021134418, 2468, 1022000817, 2199, 1022069730, 1957, 1021116247, 2460, 1021979826, 2467, 1038321158, 1942, 1021021861, 1959, 1022133487, 1938, 1037909598, 1939, 1038315807, 1956, 1022010412, 2469, 1021107357, 2461, 1021125545, 2454, 1021030912, 2455, 1022074403, 1950, 1020962041]
[INFO] (lattice_cell.c: 455): on tick 27 of 50
[INFO] (lattice_cell.c: 172): the unmatched_packets is 56
[2192, 1038812628, 2448, 1038812576, 2208, 1038772694, 1944, 1038802669, 2464, 1038772727, 1936, 1038812653, 2456, 1038802678, 1952, 1038772653, 2193, 1038330672, 2449, 1038326137, 2209, 1038330218, 2457, 1038324106, 1945, 1038333118, 1937, 1038335146, 1953, 1038334702, 2465, 1038325686, 2194, 1037843032, 2450, 1037843071, 2210, 1037881221, 1946, 1037852383, 2466, 1037881185, 2458, 1037852362, 1938, 1037843000, 1954, 1037881251, 2195, 1038324110, 2451, 1038328632, 2211, 1038325228, 2467, 1038329749, 1947, 1038319307, 2459, 1038328309, 1939, 1038319634, 2196, 1022004465, 2212, 1021987006, 2468, 1021982928, 1955, 1038320739, 2460, 1022011637, 2197, 1021093118, 2213, 1021120669, 2198, 1021222580, 2199, 1021875878, 2215, 1021921654, 2461, 1021089131, 2454, 1021226412, 1941, 1021097009, 2463, 1021860367, 2214, 1021164320, 1950, 1021236425, 1959, 1021917492, 1940, 1022008653, 1956, 1021991120, 1949, 1021097033, 2452, 1022000331, 1948, 1022019880, 2469, 1021116656, 1957, 1021124626, 2453, 1021089171, 1943, 1021871600, 1942, 1021218848, 2470, 1021168314, 1958, 1021160427, 2462, 1021244060, 1951, 1021851823, 2455, 1021880184, 2471, 1021925788]
[INFO] (lattice_cell.c: 455): on tick 28 of 50
[INFO] (lattice_cell.c: 172): the unmatched_packets is 56
[2192, 1038747953, 2448, 1038747984, 2208, 1038795002, 1944, 1038768762, 2464, 1038794991, 1936, 1038747933, 1952, 1038795014, 2193, 1038323335, 2449, 1038319145, 2209, 1038323591, 1945, 1038324942, 2465, 1038319408, 2457, 1038316592, 1937, 1038327490, 1953, 1038327768, 2194, 1037915931, 2456, 1038768745, 2450, 1037915903, 2210, 1037869990, 2466, 1037869996, 1946, 1037895693, 2195, 1038317853, 2196, 1021997310, 1954, 1037869980, 2197, 1021113914, 2214, 1021120713, 2215, 1021983987, 2462, 1021024545, 2455, 1022154067, 2471, 1021988910, 2211, 1038316033, 2212, 1022000201, 2213, 1021114006, 2198, 1020956353, 2199, 1022149362, 1943, 1022144606, 1956, 1022005082, 1957, 1021118458, 1938, 1037915952, 1947, 1038310813, 1939, 1038313701, 1955, 1038311872, 1948, 1022018963, 2458, 1037895718, 2451, 1038322060, 2467, 1038320226, 2459, 1038319171, 2452, 1021992487, 1958, 1021116406, 2468, 1021995412, 1951, 1022088608, 1959, 1021978975, 2453, 1021109351, 2460, 1022009303, 1941, 1021118306, 2454, 1020961021, 2461, 1021105353, 2469, 1021109441, 1950, 1021015630, 1942, 1020951840, 2470, 1021125144, 1940, 1022002203, 2463, 1022098362, 1949, 1021114366]
[INFO] (lattice_cell.c: 455): on tick 29 of 50
[INFO] (lattice_cell.c: 172): the unmatched_packets is 56
[2192, 1038792069, 2448, 1038792099, 2208, 1038769144, 1944, 1038763527, 2464, 1038769180, 2456, 1038763611, 1936, 1038792041, 1952, 1038769110, 2193, 1038327596, 2449, 1038323062, 2209, 1038332507, 2465, 1038327975, 2457, 1038324649, 1945, 1038333669, 2194, 1037862546, 2195, 1038326647, 1937, 1038332087, 2196, 1021990131, 2451, 1038331180, 2452, 1021986034, 2199, 1021892415, 1942, 1021191039, 2210, 1037885582, 2211, 1038323868, 1949, 1021132040, 2212, 1021998119, 2197, 1021120915, 2213, 1021102735, 2198, 1021194840, 2214, 1021048268, 2215, 1022044281, 1940, 1021994226, 1958, 1021044421, 1959, 1022040185, 1955, 1038319369, 1953, 1038337003, 1946, 1037890371, 1954, 1037885606, 1947, 1038319770, 1939, 1038322160, 1948, 1021986113, 1950, 1021096624, 1951, 1021988580, 1956, 1022002285, 2450, 1037862516, 2466, 1037885555, 2458, 1037890294, 1943, 1021888260, 2467, 1038328400, 2459, 1038328791, 2468, 1021993998, 1938, 1037862562, 2460, 1021977943, 2453, 1021116926, 2469, 1021098807, 2454, 1021198801, 2461, 1021124191, 2470, 1021052275, 2462, 1021104619, 2455, 1021896538, 2471, 1022048343, 2463, 1021996621, 1941, 1021124776, 1957, 1021106560]
[INFO] (lattice_cell.c: 455): on tick 30 of 50
[INFO] (lattice_cell.c: 172): the unmatched_packets is 56
[2192, 1038771201, 2448, 1038771169, 2208, 1038769234, 1944, 1038788696, 2464, 1038769274, 2456, 1038788723, 1952, 1038769192, 1936, 1038771237, 2193, 1038325169, 2449, 1038320965, 2209, 1038324277, 1945, 1038328032, 2465, 1038320087, 2457, 1038319675, 1937, 1038329318, 1953, 1038328447, 2194, 1037893210, 2450, 1037893233, 2210, 1037894544, 1946, 1037875935, 2466, 1037894509, 2458, 1037875913, 2195, 1038317077, 2211, 1038316947, 2451, 1038321277, 2196, 1022044814, 2212, 1022005176, 2459, 1038320598, 1954, 1037894579, 2452, 1022039968, 2460, 1022004520, 2469, 1021103854, 2215, 1021989559, 1949, 1021104753, 2197, 1021057565, 2213, 1021108463, 2198, 1021092380, 1950, 1021149654, 2214, 1021110320, 2199, 1022015597, 1958, 1021105878, 1941, 1021062014, 1947, 1038312244, 1938, 1037893172, 1955, 1038312795, 1948, 1022014222, 2467, 1038321144, 2454, 1021096805, 2462, 1021158424, 2468, 1022000389, 1940, 1022049699, 2453, 1021053000, 1939, 1038312929, 2461, 1021095716, 1951, 1021946951, 2470, 1021114840, 1943, 1022010580, 1956, 1022010021, 2455, 1022020540, 2463, 1021956894, 2471, 1021994398, 1957, 1021112947, 1942, 1021088053, 1959, 1021984652]
[INFO] (lattice_cell.c: 455): on tick 31 of 50
[INFO] (lattice_cell.c: 172): the unmatched_packets is 56
[2192, 1038785088, 2448, 1038785124, 2208, 1038783233, 1944, 1038790904, 2464, 1038783273, 2456, 1038790926, 1952, 1038783183, 2193, 1038328292, 2209, 1038328963, 2457, 1038322170, 2194, 1037869773, 2195, 1038324552, 1945, 1038331165, 1937, 1038332773, 2198, 1021045149, 1953, 1038333448, 2199, 1022049490, 2215, 1021966303, 2210, 1037871387, 2211, 1038324577, 2196, 1021912742, 2212, 1021991068, 2197, 1021198297, 1943, 1022045444, 2213, 1021122553, 2214, 1021122527, 1940, 1021916926, 1950, 1021061519, 2449, 1038323777, 2465, 1038324445, 1958, 1021118708, 1936, 1038785034, 1946, 1037864514, 2450, 1037869733, 2466, 1037871345, 2458, 1037864486, 1954, 1037871422, 1947, 1038318385, 1939, 1038320074, 1955, 1038320091, 1938, 1037869810, 1949, 1021142568, 2451, 1038329073, 1941, 1021202109, 2467, 1038329095, 2459, 1038327385, 1942, 1021041228, 2468, 1021987045, 2452, 1021908601, 1951, 1022030126, 2460, 1021977660, 2453, 1021194360, 2469, 1021118514, 2454, 1021049247, 2461, 1021134726, 2470, 1021126494, 1956, 1021995184, 1948, 1021985861, 2455, 1022053487, 2462, 1021069333, 2471, 1021970408, 2463, 1022038388, 1957, 1021126441, 1959, 1021962106]
[INFO] (lattice_cell.c: 455): on tick 32 of 50
[INFO] (lattice_cell.c: 172): the unmatched_packets is 56
[2192, 1038750285, 2208, 1038773660, 1944, 1038745809, 2448, 1038750275, 2464, 1038773658, 2456, 1038745823, 1936, 1038750296, 2193, 1038322893, 1952, 1038773660, 2209, 1038326720, 2449, 1038318666, 1945, 1038328606, 2465, 1038322514, 1937, 1038327065, 2194, 1037913246, 2210, 1037890840, 2450, 1037913248, 2466, 1037890846, 2195, 1038318681, 2211, 1038315919, 2212, 1022024116, 1953, 1038330907, 1946, 1037917533, 1954, 1037890838, 2468, 1022019300, 2199, 1021945919, 2469, 1021075740, 2462, 1021099582, 2463, 1022018491, 1949, 1021043934, 2196, 1022114722, 2197, 1020997372, 2213, 1021080244, 2198, 1021154582, 2214, 1021097267, 1956, 1022028973, 2215, 1022006022, 1950, 1021090671, 1943, 1021941032, 1940, 1022119488, 1958, 1021092975, 1959, 1022001031, 1938, 1037913228, 1947, 1038311478, 1939, 1038314520, 2457, 1038320214, 1957, 1021084686, 2458, 1037917531, 1951, 1022008800, 2451, 1038322906, 2467, 1038320129, 2461, 1021034928, 2470, 1021101636, 1948, 1022076467, 2459, 1038319870, 2452, 1022110000, 1941, 1021001885, 2460, 1022066858, 2453, 1020992773, 1942, 1021150207, 2454, 1021159032, 1955, 1038311746, 2455, 1021950794, 2471, 1022010991]
[INFO] (lattice_cell.c: 455): on tick 33 of 50
[INFO] (lattice_cell.c: 172): the unmatched_packets is 56
[2192, 1038816887, 2448, 1038816908, 2208, 1038788181, 1944, 1038803036, 2464, 1038788227, 2456, 1038803191, 1952, 1038788119, 1936, 1038816848, 2193, 1038331672, 2209, 1038329295, 2449, 1038327175, 1945, 1038333636, 2465, 1038324810, 2457, 1038324685, 2194, 1037838709, 1937, 1038336128, 1953, 1038333764, 2213, 1021175560, 2467, 1038328108, 2459, 1038328153, 2452, 1021857344, 2215, 1022027515, 2461, 1021223875, 2469, 1021171483, 2454, 1021097193, 2470, 1021067898, 2455, 1022003104, 2471, 1022031566, 2210, 1037866778, 1951, 1021982930, 2195, 1038325211, 2211, 1038323620, 2196, 1021861552, 2212, 1021938943, 1959, 1022023410, 2197, 1021234080, 1956, 1021943111, 2198, 1021093147, 2214, 1021063769, 2199, 1021998968, 1940, 1021865815, 1942, 1021089312, 1946, 1037851827, 2450, 1037838677, 1938, 1037838739, 1954, 1037866822, 1939, 1038320763, 1948, 1021885869, 2458, 1037851668, 2466, 1037866726, 2451, 1038329712, 1949, 1021231768, 1947, 1038319202, 1957, 1021179440, 1950, 1021103184, 2460, 1021877538, 2468, 1021934836, 1941, 1021237879, 2453, 1021230114, 2462, 1021111196, 1958, 1021059819, 1955, 1038319159, 2463, 1021991145, 1943, 1021994768]
[INFO] (lattice_cell.c: 455): on tick 34 of 50
[INFO] (lattice_cell.c: 172): the unmatched_packets is 56
[2192, 1038760287, 2208, 1038747242, 2448, 1038760286, 1944, 1038755964, 2464, 1038747266, 2456, 1038755919, 1936, 1038760283, 1952, 1038747225, 2193, 1038321147, 2449, 1038316904, 2209, 1038324362, 2465, 1038320119, 1945, 1038324621, 1937, 1038325358, 1953, 1038328580, 2457, 1038316167, 2194, 1037904337, 2210, 1037916108, 2466, 1037916080, 2450, 1037904327, 1946, 1037908311, 2458, 1037908360, 1938, 1037904333, 1954, 1037916122, 2467, 1038321401, 2195, 1038317048, 2451, 1038321300, 2459, 1038320430, 2211, 1038317146, 2196, 1022119146, 2215, 1021970756, 2454, 1021076695, 2470, 1021132837, 2462, 1021136001, 2455, 1022039142, 2212, 1022102381, 2197, 1021002767, 2213, 1021011818, 2198, 1021072340, 2214, 1021128483, 2199, 1022034241, 1951, 1021969871, 1942, 1021068090, 1959, 1021965866, 2469, 1021007318, 1947, 1038311979, 1939, 1038312853, 2468, 1022097679, 2452, 1022114325, 1955, 1038312946, 2460, 1022140126, 1948, 1022149483, 1940, 1022123939, 2453, 1020998325, 2461, 1020977098, 1949, 1020986144, 1941, 1021007095, 1957, 1021016279, 1950, 1021127500, 2471, 1021975616, 1958, 1021124174, 2463, 1021979768, 1956, 1022107109, 1943, 1022029348]
[INFO] (lattice_cell.c: 455): on tick 35 of 50
[INFO] (lattice_cell.c: 172): the unmatched_packets is 56
[2192, 1038756900, 2448, 1038756902, 2208, 1038811162, 1944, 1038795070, 2464, 1038811249, 2456, 1038795116, 1936, 1038756878, 1952, 1038811063, 2193, 1038330591, 2449, 1038326129, 2209, 1038332919, 1945, 1038336100, 2465, 1038328466, 2457, 1038327232, 1953, 1038337341, 1937, 1038334997, 2194, 1037896289, 2450, 1037896285, 2210, 1037844193, 1946, 1037859765, 2466, 1037844111, 2458, 1037859720, 1954, 1037844271, 2195, 1038325145, 2211, 1038322936, 2451, 1038329605, 1947, 1038318092, 2459, 1038326961, 1939, 1038320734, 2196, 1021963514, 2212, 1021862533, 2213, 1021235827, 2460, 1021875525, 2215, 1021996492, 2455, 1021991520, 2463, 1022028034, 2197, 1021138612, 2198, 1021105141, 2214, 1021096418, 2199, 1021987505, 1959, 1021992199, 2467, 1038327382, 2468, 1021858355, 1938, 1037896287, 2452, 1021959513, 1955, 1038318521, 1948, 1021883973, 1940, 1021967616, 1956, 1021866832, 1949, 1021225456, 2453, 1021134348, 2469, 1021231726, 2461, 1021217407, 2470, 1021100545, 1957, 1021239761, 2454, 1021109406, 2462, 1021078650, 1950, 1021070442, 1941, 1021142692, 2471, 1022000650, 1942, 1021101073, 1951, 1022019745, 1943, 1021983372, 1958, 1021092482]
[INFO] (lattice_cell.c: 455): on tick 36 of 50
[INFO] (lattice_cell.c: 172): the unmatched_packets is 56
[2192, 1038798730, 2448, 1038798760, 2208, 1038757178, 1944, 1038775715, 2464, 1038757181, 2456, 1038775837, 1936, 1038798692, 1952, 1038757158, 2193, 1038323574, 2209, 1038322124, 2449, 1038319280, 1945, 1038326172, 2465, 1038317841, 2457, 1038317630, 1937, 1038327816, 1953, 1038326393, 2194, 1037866300, 2450, 1037866264, 2210, 1037907322, 1946, 1037889029, 2466, 1037907307, 1938, 1037866316, 1954, 1037907333, 2458, 1037888917, 2195, 1038317854, 2451, 1038322155, 2211, 1038316833, 1947, 1038312046, 2467, 1038321125, 2459, 1038320585, 1939, 1038313607, 1955, 1038312588, 2196, 1021953470, 2452, 1021948599, 2212, 1022137630, 1948, 1022060335, 2468, 1022133014, 2460, 1022050725, 1940, 1021958318, 1956, 1022142265, 2197, 1021155692, 2213, 1020987376, 2453, 1021151476, 2469, 1020982953, 2198, 1021124329, 2199, 1021976065, 2454, 1021128526, 2471, 1022004843, 2463, 1022022132, 2214, 1021099473, 1941, 1021159812, 2215, 1021999947, 1958, 1021095323, 1942, 1021120169, 1951, 1022012554, 1957, 1020991766, 1950, 1021083118, 2461, 1021062165, 2470, 1021103649, 1943, 1021971225, 1959, 1021995083, 2462, 1021091564, 2455, 1021980934, 1949, 1021070632]
[INFO] (lattice_cell.c: 455): on tick 37 of 50
[INFO] (lattice_cell.c: 172): the unmatched_packets is 56
[2192, 1038779988, 2448, 1038780008, 2208, 1038772510, 1944, 1038757591, 2464, 1038772534, 2456, 1038757647, 1952, 1038772488, 1936, 1038779963, 2193, 1038330118, 2209, 1038332336, 2449, 1038325709, 1945, 1038333394, 2465, 1038327926, 2457, 1038324618, 1937, 1038334471, 1953, 1038336700, 2194, 1037875199, 2210, 1037881331, 2450, 1037875179, 1946, 1037895945, 2466, 1037881315, 1938, 1037875213, 2195, 1038324271, 2211, 1038324831, 2451, 1038328677, 2196, 1022040878, 2459, 1038327498, 2213, 1021179517, 2452, 1022036737, 2215, 1022000327, 2469, 1021175212, 2454, 1021094527, 2470, 1021089700, 2462, 1021124882, 2463, 1021981471, 1957, 1021183664, 2212, 1021923058, 2197, 1021064325, 1942, 1021086252, 2198, 1021090283, 2214, 1021085399, 2199, 1022006161, 1941, 1021068465, 1939, 1038319916, 1955, 1038320470, 1948, 1022031162, 1940, 1022045151, 1956, 1021927339, 1949, 1021089363, 1950, 1021116504, 1951, 1021973002, 1959, 1021996036, 1947, 1038318729, 2458, 1037895891, 1954, 1037881358, 2467, 1038329243, 1958, 1021081308, 2460, 1022023015, 2453, 1021060010, 2461, 1021080680, 2468, 1021918927, 2455, 1022010413, 2471, 1022004510, 1943, 1022001838]
[INFO] (lattice_cell.c: 455): on tick 38 of 50
[INFO] (lattice_cell.c: 172): the unmatched_packets is 56
[2192, 1038767235, 2208, 1038791142, 2448, 1038767216, 1944, 1038791234, 2464, 1038791244, 2456, 1038791275, 1936, 1038767244, 1952, 1038791048, 2193, 1038322488, 2209, 1038324559, 2449, 1038318141, 2465, 1038320229, 2457, 1038318189, 1945, 1038326841, 1937, 1038326782, 1953, 1038328885, 2194, 1037896868, 2210, 1037873843, 1946, 1037873587, 2450, 1037896874, 2458, 1037873556, 1938, 1037896854, 1954, 1037873937, 2466, 1037873749, 2195, 1038317872, 2451, 1038322226, 2211, 1038317091, 2467, 1038321424, 1947, 1038310008, 2459, 1038318649, 1939, 1038313587, 1955, 1038312787, 2452, 1022011940, 2196, 1022016581, 2212, 1021986215, 1948, 1021960978, 2468, 1021981452, 2197, 1021099296, 2198, 1021087483, 2214, 1021099339, 2215, 1021997063, 2469, 1021123522, 1940, 1022021199, 2471, 1022001786, 2463, 1021996224, 2213, 1021127658, 2199, 1022014102, 1951, 1021986732, 1943, 1022009414, 1959, 1021992364, 1942, 1021083393, 1949, 1021165609, 1941, 1021103474, 1950, 1021114677, 1958, 1021095216, 2460, 1021951627, 2453, 1021095064, 1957, 1021131747, 2454, 1021091644, 2461, 1021157295, 1956, 1021990927, 2470, 1021103496, 2455, 1022018829, 2462, 1021122836]
[INFO] (lattice_cell.c: 455): on tick 39 of 50
[INFO] (lattice_cell.c: 172): the unmatched_packets is 56
[2192, 1038773425, 2448, 1038773438, 2208, 1038765821, 1944, 1038782948, 2464, 1038765855, 2456, 1038783023, 1936, 1038773387, 1952, 1038765770, 2193, 1038330993, 2449, 1038326629, 2209, 1038331237, 1945, 1038334730, 1937, 1038335296, 2465, 1038326884, 2457, 1038326063, 1953, 1038335550, 2194, 1037880439, 2450, 1037880417, 2210, 1037888616, 2466, 1037888580, 2458, 1037872046, 1946, 1037872123, 2195, 1038325914, 1938, 1037880461, 2196, 1021960614, 2451, 1038330266, 2467, 1038326616, 1954, 1037888646, 2214, 1021106936, 2468, 1022045093, 2460, 1022001517, 2454, 1021098925, 1940, 1021965030, 2462, 1021085291, 2455, 1021997859, 2471, 1021994833, 2463, 1022024506, 1951, 1022015724, 2211, 1038322257, 2212, 1022049266, 2197, 1021141552, 2213, 1021058159, 2198, 1021094494, 2199, 1021993607, 2215, 1021990425, 1941, 1021145732, 1958, 1021102873, 1959, 1021985867, 1939, 1038321611, 1955, 1038317941, 2459, 1038326184, 1957, 1021062462, 2452, 1021956328, 1956, 1022053550, 1948, 1022010224, 1950, 1021076814, 1942, 1021090274, 1943, 1021989263, 2453, 1021137178, 1947, 1038317513, 2469, 1021053646, 2461, 1021098559, 2470, 1021111186, 1949, 1021107090]
[INFO] (lattice_cell.c: 455): on tick 40 of 50
[INFO] (lattice_cell.c: 172): the unmatched_packets is 56
[2192, 1038786263, 2448, 1038786317, 2208, 1038778854, 1944, 1038767630, 2464, 1038778917, 1936, 1038786197, 1952, 1038778786, 2456, 1038767752, 2193, 1038323035, 2449, 1038318636, 2209, 1038323875, 1945, 1038326361, 2465, 1038319490, 2457, 1038317600, 1937, 1038327391, 1953, 1038328243, 2194, 1037878654, 2450, 1037878582, 2210, 1037885516, 2466, 1037885448, 1946, 1037896570, 2458, 1037896459, 1938, 1037878702, 1954, 1037885570, 2195, 1038318508, 2211, 1038318959, 2451, 1038322907, 2467, 1038323351, 2196, 1022007007, 2198, 1021114037, 2468, 1021983832, 2460, 1022033484, 2461, 1021079325, 2454, 1021118073, 2462, 1021100625, 1949, 1021087625, 2212, 1021988297, 2197, 1021105548, 2213, 1021128904, 2214, 1021104806, 2199, 1021983910, 2215, 1021983683, 1959, 1021979164, 1958, 1021100715, 1939, 1038314166, 1955, 1038314603, 1948, 1022042454, 1940, 1022011593, 2459, 1038321762, 2452, 1022002374, 1947, 1038313017, 2453, 1021101494, 2469, 1021124712, 1950, 1021092433, 1942, 1021110067, 1951, 1021998935, 2470, 1021108915, 1941, 1021109523, 1957, 1021133061, 2455, 1021988571, 1956, 1021992744, 2463, 1022007992, 2471, 1021988237, 1943, 1021979334]
[INFO] (lattice_cell.c: 455): on tick 41 of 50
[INFO] (lattice_cell.c: 172): the unmatched_packets is 56
[2192, 1038773033, 2208, 1038776120, 2448, 1038773023, 1944, 1038768831, 2464, 1038776134, 2456, 1038768839, 1952, 1038776089, 1936, 1038773030, 2193, 1038329666, 2209, 1038332208, 1945, 1038334152, 2449, 1038325366, 2465, 1038327896, 2457, 1038325597, 1937, 1038333921, 1953, 1038336467, 2194, 1037881612, 2210, 1037878459, 2195, 1038323137, 2211, 1038321589, 2196, 1022019228, 2212, 1021966574, 1946, 1037885020, 2451, 1038327442, 2197, 1021088217, 2467, 1038325893, 1938, 1037881592, 2459, 1038324526, 2452, 1022014900, 2455, 1022004559, 2462, 1021115810, 2463, 1022000280, 2213, 1021138102, 2198, 1021099668, 2214, 1021071883, 1942, 1021095516, 1958, 1021067801, 1951, 1021991136, 1959, 1022021050, 2199, 1022000042, 1943, 1021995433, 2215, 1022025775, 1947, 1038315958, 2450, 1037881612, 1939, 1038318882, 2466, 1037878432, 1940, 1022023650, 1948, 1021982007, 1956, 1021971147, 1941, 1021092589, 2458, 1037885008, 1950, 1021107254, 1954, 1037878475, 2468, 1021962156, 2453, 1021083666, 1949, 1021136564, 2460, 1021973247, 2469, 1021133655, 1957, 1021142384, 2454, 1021104053, 2461, 1021127642, 2470, 1021076151, 2471, 1022030374, 1955, 1038317328]
[INFO] (lattice_cell.c: 455): on tick 42 of 50
[INFO] (lattice_cell.c: 172): the unmatched_packets is 56
[2192, 1038777261, 2448, 1038777288, 2208, 1038785977, 1944, 1038793859, 2464, 1038786098, 2193, 1038323633, 2209, 1038324060, 2194, 1037887010, 2210, 1037878792, 2449, 1038319188, 1952, 1038785842, 2465, 1038319624, 2457, 1038318731, 2212, 1022033795, 2452, 1021990772, 2453, 1021113130, 2469, 1021078833, 1955, 1038312198, 2454, 1021096744, 2470, 1021136019, 2455, 1022003035, 2471, 1021971189, 2463, 1021984465, 1947, 1038312718, 2195, 1038320024, 2211, 1038316608, 2196, 1021995213, 1940, 1021999622, 2197, 1021117180, 2213, 1021082904, 2198, 1021092654, 2214, 1021131924, 2199, 1021998620, 2215, 1021966842, 1945, 1038327574, 1937, 1038328031, 1946, 1037871179, 1938, 1037887022, 2456, 1038794058, 1957, 1021086915, 1950, 1021114582, 1936, 1038777233, 2450, 1037886981, 2466, 1037878666, 1959, 1021962490, 2458, 1037870996, 2451, 1038324472, 2467, 1038321047, 2459, 1038321556, 1948, 1021996472, 1953, 1038328480, 2468, 1022029395, 1941, 1021121131, 1954, 1037878905, 2460, 1021987548, 1942, 1021088670, 1939, 1038315636, 1958, 1021127871, 1951, 1021975714, 1956, 1022038145, 2461, 1021120822, 1949, 1021128746, 2462, 1021122667, 1943, 1021994257]
[INFO] (lattice_cell.c: 455): on tick 43 of 50
[INFO] (lattice_cell.c: 172): the unmatched_packets is 56
[2192, 1038773242, 2448, 1038773234, 2208, 1038748489, 1944, 1038766652, 2464, 1038748512, 2456, 1038766677, 1936, 1038773237, 1952, 1038748447, 2193, 1038332179, 2449, 1038327909, 2209, 1038331169, 1945, 1038333807, 2465, 1038326907, 2457, 1038325325, 1937, 1038336378, 1953, 1038335386, 2194, 1037881074, 2450, 1037881078, 2210, 1037905334, 1946, 1037888038, 2466, 1037905295, 1938, 1037881075, 1954, 1037905352, 2458, 1037888007, 2195, 1038322930, 2451, 1038327194, 2211, 1038326144, 2467, 1038330402, 2459, 1038326767, 1947, 1038318295, 2196, 1021973762, 2213, 1021116563, 1939, 1038318733, 2198, 1021085254, 2215, 1022041641, 1955, 1038321935, 2454, 1021089698, 2462, 1021066142, 1956, 1021996155, 2212, 1021991666, 2197, 1021124133, 2214, 1021038520, 2199, 1022014216, 1943, 1022009490, 1959, 1022036804, 2469, 1021111873, 1940, 1021978420, 1949, 1021102737, 1941, 1021128472, 1950, 1021057643, 1942, 1021081007, 1948, 1022018285, 1958, 1021034356, 1951, 1022031392, 2452, 1021969229, 2460, 1022009256, 2468, 1021987304, 2453, 1021119621, 2461, 1021093732, 2470, 1021042867, 2455, 1022018847, 2471, 1022046369, 2463, 1022040981, 1957, 1021121091]
[INFO] (lattice_cell.c: 455): on tick 44 of 50
[INFO] (lattice_cell.c: 172): the unmatched_packets is 56
[2192, 1038789085, 2448, 1038789178, 2208, 1038813617, 1944, 1038787356, 2464, 1038813679, 2456, 1038787480, 1936, 1038789001, 1952, 1038813543, 2193, 1038323660, 2449, 1038319166, 2209, 1038324528, 2465, 1038320053, 2457, 1038316546, 2194, 1037875666, 1945, 1038325478, 2195, 1038317647, 2450, 1037875572, 2466, 1037851563, 2458, 1037876923, 2451, 1038322139, 2467, 1038318204, 1953, 1038328979, 2452, 1022012938, 2468, 1021993606, 2460, 1022024207, 2199, 1021970649, 2471, 1021901765, 1958, 1021207018, 2210, 1037851626, 2211, 1038313717, 2196, 1022017279, 2212, 1021997935, 2197, 1021094267, 2213, 1021116720, 2198, 1021130557, 1956, 1022002244, 2214, 1021210871, 2215, 1021897396, 1959, 1021893029, 1941, 1021098128, 1946, 1037877047, 1938, 1037875740, 1954, 1037851685, 1948, 1022032692, 1940, 1022021578, 1947, 1038308463, 1939, 1038313219, 1949, 1021101776, 1950, 1021156763, 1951, 1021951384, 1943, 1021966432, 1937, 1038328099, 1955, 1038309273, 2459, 1038317396, 2453, 1021090299, 1957, 1021120638, 2469, 1021112747, 2461, 1021093781, 1942, 1021126606, 2455, 1021974912, 2454, 1021134607, 2463, 1021959872, 2470, 1021214799, 2462, 1021164744]
[INFO] (lattice_cell.c: 455): on tick 45 of 50
[INFO] (lattice_cell.c: 172): the unmatched_packets is 56
[2192, 1038756344, 2208, 1038748215, 2448, 1038756342, 1944, 1038746797, 2464, 1038748325, 2193, 1038329132, 1936, 1038756325, 2209, 1038333510, 2456, 1038746887, 2195, 1038327339, 2211, 1038324845, 2197, 1021106752, 2466, 1037906089, 2198, 1021048525, 2468, 1021978722, 2453, 1021102114, 2454, 1021052954, 1948, 1021970382, 2455, 1022038163, 1953, 1038337703, 2471, 1022136305, 2463, 1022083763, 1956, 1021987984, 1949, 1021150576, 1951, 1022074244, 2194, 1037897783, 1958, 1020949124, 1946, 1037906854, 1938, 1037897783, 1954, 1037906294, 2210, 1037906209, 1947, 1038320918, 1939, 1038323180, 1955, 1038320661, 1957, 1021122247, 1942, 1021044301, 1959, 1022126871, 1940, 1022008206, 2196, 1022003549, 1952, 1038748103, 2212, 1021983308, 1945, 1038333939, 1950, 1021003268, 1937, 1038333306, 2213, 1021117759, 1943, 1022028421, 2214, 1020953522, 2199, 1022033327, 2449, 1038324903, 2457, 1038325535, 2215, 1022131629, 2450, 1037897776, 2458, 1037906760, 2465, 1038329288, 2451, 1038331573, 2467, 1038329066, 2459, 1038329327, 2452, 1021998952, 2460, 1021961146, 2469, 1021113115, 1941, 1021111237, 2461, 1021141423, 2470, 1020958071, 2462, 1021012138]
[INFO] (lattice_cell.c: 455): on tick 46 of 50
[INFO] (lattice_cell.c: 172): the unmatched_packets is 56
[2192, 1038802575, 2448, 1038802582, 2208, 1038793025, 2464, 1038793091, 1944, 1038818457, 2456, 1038818556, 1936, 1038802581, 1952, 1038792951, 2193, 1038325890, 2449, 1038321377, 1945, 1038328198, 2209, 1038324621, 2465, 1038320117, 1937, 1038330350, 2457, 1038319223, 2194, 1037862259, 2210, 1037871340, 2195, 1038314678, 2211, 1038316434, 1953, 1038329107, 2196, 1022001113, 2451, 1038319201, 2199, 1021924047, 2460, 1022005779, 2212, 1022024684, 2197, 1021102295, 2213, 1021089485, 2198, 1021187345, 2214, 1021214380, 2215, 1021883722, 1959, 1021879281, 1948, 1022014252, 1940, 1022005315, 1957, 1021093418, 2466, 1037871273, 2458, 1037846934, 1954, 1037871402, 1947, 1038309386, 1939, 1038310224, 1956, 1022028807, 2469, 1021085461, 2454, 1021191287, 1941, 1021106177, 1946, 1037847016, 2462, 1021237897, 1951, 1021872604, 1955, 1038311969, 1949, 1021107857, 1950, 1021230369, 2459, 1038318364, 1942, 1021183509, 2467, 1038320948, 1958, 1021210729, 1943, 1021919823, 2452, 1021996937, 2468, 1022020529, 1938, 1037862248, 2453, 1021098312, 2461, 1021100072, 2470, 1021218115, 2455, 1021928274, 2471, 1021888116, 2463, 1021881291, 2450, 1037862263]
[INFO] (lattice_cell.c: 455): on tick 47 of 50
[INFO] (lattice_cell.c: 172): the unmatched_packets is 56
[2192, 1038745273, 2208, 1038765280, 2448, 1038745343, 1944, 1038750476, 2464, 1038765350, 2456, 1038750684, 1936, 1038745203, 1952, 1038765194, 2193, 1038329504, 2209, 1038330369, 2449, 1038325299, 1945, 1038331705, 2465, 1038326170, 2457, 1038323345, 1937, 1038333652, 1953, 1038334537, 2194, 1037908587, 2210, 1037889329, 2450, 1037908517, 1946, 1037904028, 2466, 1037889251, 2458, 1037903824, 1938, 1037908649, 1954, 1037889400, 2195, 1038326034, 2211, 1038323450, 2451, 1038330237, 2196, 1021976481, 2212, 1021998018, 2467, 1038327658, 2459, 1038326526, 2452, 1021971696, 2215, 1022047718, 2469, 1021109399, 1955, 1038319294, 2470, 1021047279, 2455, 1022118879, 2471, 1022052457, 1956, 1022002724, 2197, 1021133908, 2213, 1021114085, 1959, 1022042917, 2198, 1020972717, 1942, 1020968237, 1958, 1021038250, 1943, 1022109440, 2214, 1021042674, 1948, 1022021550, 1940, 1021981294, 2199, 1022114174, 1949, 1021109783, 1947, 1038318164, 2468, 1021993412, 1939, 1038321894, 2460, 1022012169, 1941, 1021138316, 2453, 1021129331, 1957, 1021118664, 2461, 1021100610, 2454, 1020977377, 2462, 1020976106, 1950, 1020966950, 2463, 1022132215, 1951, 1022122791]
[INFO] (lattice_cell.c: 455): on tick 48 of 50
[INFO] (lattice_cell.c: 172): the unmatched_packets is 56
[2192, 1038812238, 2208, 1038773378, 1944, 1038780948, 2448, 1038812238, 2464, 1038773466, 2456, 1038781008, 1952, 1038773264, 1936, 1038812225, 2193, 1038323108, 2209, 1038327461, 2449, 1038318576, 1945, 1038328768, 2465, 1038322937, 2457, 1038319753, 1937, 1038327577, 2194, 1037852908, 2210, 1037890704, 2195, 1038317701, 2196, 1022007339, 2451, 1038322229, 2198, 1021224925, 2214, 1021095030, 2462, 1021181445, 2463, 1021930896, 1941, 1021109595, 2211, 1038316398, 1951, 1021922198, 2212, 1021971594, 2197, 1021105778, 2213, 1021133335, 1949, 1021114147, 1957, 1021137240, 2199, 1021874374, 2215, 1022001942, 1959, 1021997667, 1954, 1037890792, 1947, 1038311000, 2450, 1037852900, 1953, 1038331949, 1939, 1038313234, 2466, 1037890607, 1946, 1037882964, 2458, 1037882906, 1956, 1021975708, 1950, 1021174079, 1940, 1022011508, 2459, 1038319998, 2467, 1038320929, 1938, 1037852902, 2452, 1022003198, 2468, 1021967534, 2460, 1021999347, 1942, 1021221310, 2453, 1021101831, 1958, 1021091267, 2469, 1021129336, 1943, 1021870016, 2461, 1021106165, 2454, 1021228697, 2470, 1021098875, 1948, 1022007445, 2455, 1021878721, 1955, 1038311920, 2471, 1022006153]
[INFO] (lattice_cell.c: 455): on tick 49 of 50
[INFO] (lattice_cell.c: 172): the unmatched_packets is 56
[2192, 1038751132, 2448, 1038751209, 2208, 1038792313, 2464, 1038792413, 1944, 1038778397, 1936, 1038751043, 1952, 1038792195, 2193, 1038333539, 2449, 1038329330, 2209, 1038329796, 2465, 1038325613, 2457, 1038325669, 1945, 1038334026, 1937, 1038337685, 2194, 1037903024, 2210, 1037863156, 2451, 1038328559, 2215, 1021947985, 1947, 1038317881, 1941, 1021069929, 2463, 1022004596, 1957, 1021105616, 1950, 1021094380, 1958, 1021135779, 2195, 1038324367, 1959, 1021943040, 1938, 1037903097, 2211, 1038323807, 1948, 1022005740, 1956, 1022016897, 2196, 1022029080, 1949, 1021114467, 2212, 1022012137, 2197, 1021065446, 1951, 1021994999, 2213, 1021101077, 1955, 1038319648, 2198, 1021014287, 1940, 1022033864, 2214, 1021140125, 2199, 1022080263, 1953, 1038333962, 2456, 1038778497, 2450, 1037902946, 2466, 1037863040, 1939, 1038320217, 2458, 1037876240, 2467, 1038328001, 2452, 1022024317, 1946, 1037876339, 2459, 1038326235, 2468, 1022007428, 2453, 1021060837, 2460, 1021996204, 2469, 1021096410, 2454, 1021018950, 2461, 1021105334, 2470, 1021144609, 2455, 1022084988, 2462, 1021103429, 2471, 1021952908, 1943, 1022075560, 1942, 1021009768, 1954, 1037863251]
[INFO] (lattice_cell.c: 455): on tick 50 of 50
[INFO] (lattice_cell.c: 466): updating recording regions
[INFO] (recording.c: 507): 	Finalising channel 0 - state info stored in SDRAM
[INFO] (recording.c: 512): closed channel 0.
[INFO] (lattice_cell.c: 470): Simulation complete.

