[INFO] (lattice_cell.c: 604): starting lattice cell
[INFO] (lattice_cell.c: 526): Initialise: started
[INFO] (data_specification.c: 78): magic = ad130ad6, version = 1.0
[INFO] (lattice_cell.c: 555): my key is 3584
[INFO] (lattice_cell.c: 562): I'm in position ( 14, 0)
[INFO] (lattice_cell.c: 568): my n key is 3328
[INFO] (lattice_cell.c: 574): my U_X = -0.009999994188547134
[INFO] (lattice_cell.c: 575): my U_Y = -0.0004619397805072367
[INFO] (lattice_cell.c: 583): input_buffer initialised
[INFO] (recording.c: 563): Recording 1 regions, using output tag 0, size before trigger 7686388, time between triggers 50
[INFO] (recording.c: 665): Recording channel 0 configured to use 7686132 byte memory block starting at 0x63ce7f4c
[INFO] (lattice_cell.c: 588): Recording flags = 0x00000001
[INFO] (lattice_cell.c: 619): setting timer to execute every 200000 microseconds
[INFO] (lattice_cell.c: 627): Starting

[INFO] (simulation.c: 159): Setting the runtime of this model to 50 starting at 0
[INFO] (simulation.c: 161): Setting the flag of infinite run for this model to 0
[INFO] (simulation.c: 175): Resuming
[INFO] (lattice_cell.c: 455): on tick 0 of 50
[3576, 1037884799, 3840, 1037884796, 3592, 1037884801, 3336, 1037884799, 4088, 1037884797, 3328, 1037884798, 3832, 1037884801, 3848, 1037884797, 3841, 1038296868, 3577, 1038300202, 3593, 1038298141, 3337, 1038300202, 3329, 1038300202, 3833, 1038298141, 4090, 1038779577, 3330, 1038779582, 3340, 1021090121, 3598, 1022024302, 4094, 1022025649, 3846, 1022025651, 3583, 1021125092, 3599, 1021127041, 4093, 1021979140, 3842, 1038779578, 4091, 1038340748, 3850, 1038779577, 3834, 1038779583, 3843, 1038340748, 3835, 1038339475, 3844, 1021086987, 4092, 1021086987, 4095, 1021128236, 3852, 1021086987, 4089, 1038296868, 3837, 1021980489, 3851, 1038340748, 3849, 1038296868, 3853, 1021979140, 3578, 1038779581, 3836, 1021088184, 3594, 1038779583, 3845, 1021979139, 3847, 1021128237, 3854, 1022025649, 3579, 1038337402, 3595, 1038339475, 3338, 1038779581, 3331, 1038337402, 3339, 1038337402, 3838, 1022024302, 3580, 1021090121, 3596, 1021088184, 3839, 1021127041, 3855, 1021128236, 3332, 1021090121, 3581, 1021982674, 3597, 1021980489, 3333, 1021982674, 3341, 1021982674, 3582, 1022022103, 3334, 1022022105, 3342, 1022022103, 3343, 1021125092, 3335, 1021125090]
[INFO] (lattice_cell.c: 455): on tick 1 of 50
[INFO] (lattice_cell.c: 172): the unmatched_packets is 56
[3592, 1037879859, 3840, 1037879858, 3832, 1037879859, 3576, 1037879855, 3336, 1037879855, 4088, 1037879863, 3328, 1037879850, 3848, 1037879863, 3593, 1038306758, 3841, 1038305539, 3833, 1038306760, 3577, 1038308771, 3337, 1038308771, 4089, 1038305537, 3849, 1038305537, 3594, 1038774639, 3338, 1038774639, 3834, 1038774639, 3580, 1021081563, 3835, 1038347697, 3843, 1038348928, 4091, 1038348924, 3340, 1021081578, 3597, 1021978302, 4092, 1021079753, 3582, 1022013686, 3599, 1021125052, 4095, 1021125543, 3838, 1022016536, 3847, 1021125540, 3855, 1021125540, 3842, 1038774640, 3850, 1038774639, 3331, 1038345686, 3339, 1038345688, 3844, 1021079752, 3329, 1038308767, 3332, 1021081564, 4090, 1038774637, 3836, 1021080225, 3578, 1038774639, 3330, 1038774640, 3333, 1021981150, 3341, 1021981147, 3342, 1022013699, 3334, 1022013688, 3845, 1021976192, 3343, 1021123707, 3837, 1021978307, 3852, 1021079756, 3846, 1022018657, 3853, 1021976186, 3579, 1038345690, 3595, 1038347697, 3854, 1022018665, 3596, 1021080237, 3581, 1021981162, 3851, 1038348924, 3839, 1021125064, 3598, 1022016543, 3583, 1021123722, 4093, 1021976200, 4094, 1022018649, 3335, 1021123709]
[INFO] (lattice_cell.c: 455): on tick 2 of 50
[INFO] (lattice_cell.c: 172): the unmatched_packets is 56
[3592, 1037885217, 3840, 1037885230, 3832, 1037885221, 3576, 1037885225, 3336, 1037885227, 4088, 1037885223, 3848, 1037885225, 3328, 1037885228, 3593, 1038298334, 3841, 1038297054, 3833, 1038298340, 3577, 1038300429, 3337, 1038300431, 4089, 1038297054, 3849, 1038297052, 3329, 1038300423, 3594, 1038780029, 3842, 1038780018, 3595, 1038340189, 3596, 1021088948, 3844, 1021087871, 4091, 1038341480, 3340, 1021090779, 3581, 1021983509, 3341, 1021983547, 3582, 1022022126, 3599, 1021127146, 3835, 1038340183, 3851, 1038341476, 3836, 1021088980, 4095, 1021128218, 3850, 1038780027, 3852, 1021087863, 3834, 1038780027, 3338, 1038780029, 3578, 1038780027, 3330, 1038780018, 3837, 1021981396, 3853, 1021980149, 3846, 1022025524, 3843, 1038341476, 3847, 1021128226, 3854, 1022025493, 4090, 1038780029, 3579, 1038338094, 3845, 1021980137, 3331, 1038338088, 3339, 1038338096, 3580, 1021090812, 3332, 1021090789, 3597, 1021981434, 3838, 1022024237, 3839, 1021127114, 3855, 1021128254, 3333, 1021983533, 4093, 1021980113, 3598, 1022024203, 4094, 1022025539, 3342, 1022022094, 3334, 1022022117, 4092, 1021087895, 3343, 1021125319, 3335, 1021125293, 3583, 1021125285]
[INFO] (lattice_cell.c: 455): on tick 3 of 50
[INFO] (lattice_cell.c: 172): the unmatched_packets is 56
[3592, 1037879967, 3840, 1037879930, 3576, 1037879965, 3832, 1037879969, 3336, 1037879969, 3328, 1037879930, 4088, 1037879971, 3848, 1037879967, 3593, 1038306979, 3841, 1038305803, 3577, 1038308926, 3833, 1038306971, 3337, 1038308938, 4089, 1038305795, 3849, 1038305799, 3842, 1038774686, 4090, 1038774639, 3850, 1038774641, 3835, 1038347559, 3339, 1038345596, 4092, 1021079294, 3597, 1021977671, 3598, 1022017395, 3343, 1021123862, 4094, 1022019321, 3335, 1021123981, 3583, 1021124029, 3838, 1022017192, 3599, 1021125305, 4093, 1021975757, 3855, 1021125855, 3329, 1038308934, 3594, 1038774633, 3843, 1038348738, 3851, 1038348726, 3844, 1021079413, 3836, 1021079859, 3845, 1021975629, 3837, 1021977878, 3853, 1021975559, 3846, 1022019392, 3338, 1038774637, 3330, 1038774686, 3578, 1038774639, 3847, 1021125977, 3834, 1038774639, 3854, 1022019515, 3595, 1038347547, 3839, 1021125471, 3331, 1038345600, 3852, 1021079462, 3332, 1021081411, 3340, 1021081463, 3579, 1038345600, 3341, 1021980549, 3334, 1022014381, 3580, 1021081300, 4091, 1038348734, 3342, 1022014508, 3596, 1021080029, 4095, 1021126035, 3581, 1021980750, 3582, 1022014311, 3333, 1021980619]
[INFO] (lattice_cell.c: 455): on tick 4 of 50
[INFO] (lattice_cell.c: 172): the unmatched_packets is 56
[3592, 1037884949, 3840, 1037885148, 3832, 1037884949, 3328, 1037885150, 3336, 1037884947, 3848, 1037884951, 4088, 1037884949, 3576, 1037884949, 3593, 1038298134, 3833, 1038298162, 3841, 1038296842, 3577, 1038300275, 3594, 1038780311, 3842, 1038780104, 3339, 1038338354, 3340, 1021090597, 3581, 1021983328, 3582, 1022021782, 4094, 1022025120, 3599, 1021127555, 3846, 1022024815, 3839, 1021126733, 3855, 1021128521, 4093, 1021980001, 3849, 1038296828, 3834, 1038780311, 3850, 1038780313, 4090, 1038780311, 3843, 1038341739, 3851, 1038341771, 3844, 1021088219, 3852, 1021087944, 3847, 1021127973, 3337, 1038300233, 3330, 1038780110, 3338, 1038780315, 4095, 1021127715, 3329, 1038300243, 4089, 1038296869, 3578, 1038780313, 3331, 1038338328, 3332, 1021090864, 3845, 1021980671, 3579, 1038338316, 3595, 1038340470, 3341, 1021984310, 3837, 1021981271, 3333, 1021984009, 3342, 1022020786, 3580, 1021091410, 3334, 1022021494, 3838, 1022023845, 3596, 1021088905, 3854, 1022024140, 3835, 1038340434, 3343, 1021125863, 4091, 1038341731, 3597, 1021982236, 3836, 1021089719, 3598, 1022022881, 3335, 1021125310, 3583, 1021125040, 4092, 1021088758, 3853, 1021980975]
[INFO] (lattice_cell.c: 455): on tick 5 of 50
[INFO] (lattice_cell.c: 172): the unmatched_packets is 56
[3592, 1037881282, 3840, 1037880342, 3832, 1037881282, 3576, 1037881286, 3336, 1037881280, 3328, 1037880334, 4088, 1037881288, 3848, 1037881288, 3593, 1038307117, 3841, 1038305938, 3833, 1038306878, 3577, 1038308794, 3337, 1038309030, 3329, 1038308980, 4089, 1038305742, 3849, 1038305979, 3594, 1038773290, 3842, 1038774278, 3578, 1038773290, 3338, 1038773290, 3834, 1038773284, 3330, 1038774280, 4090, 1038773286, 3843, 1038348516, 3845, 1021975360, 3598, 1022021712, 3852, 1021080243, 3599, 1021122716, 4093, 1021978691, 4092, 1021076375, 3854, 1022023815, 3839, 1021126583, 4094, 1022019009, 4095, 1021127258, 3339, 1038345260, 3331, 1038345459, 3850, 1038773286, 3340, 1021082463, 3332, 1021081149, 3835, 1038347415, 3341, 1021978860, 3333, 1021980304, 3851, 1038348314, 3342, 1022018841, 3844, 1021078945, 3836, 1021077035, 3343, 1021121165, 3846, 1022020469, 3853, 1021973912, 3838, 1022016923, 4091, 1038348554, 3847, 1021125958, 3855, 1021123390, 3595, 1038347173, 3579, 1038345504, 3596, 1021080916, 3580, 1021078573, 3597, 1021976001, 3837, 1021980770, 3581, 1021983636, 3582, 1022014049, 3334, 1022015491, 3583, 1021125039, 3335, 1021123720]
[INFO] (lattice_cell.c: 455): on tick 6 of 50
[INFO] (lattice_cell.c: 172): the unmatched_packets is 56
[3592, 1037879176, 3840, 1037883204, 3832, 1037879162, 3576, 1037879162, 3336, 1037879174, 4088, 1037879164, 3328, 1037883206, 3848, 1037879180, 3593, 1038297938, 3841, 1038296871, 3577, 1038301081, 3833, 1038298976, 3337, 1038300055, 3329, 1038300285, 3594, 1038786282, 3338, 1038786278, 3330, 1038782100, 3340, 1021086207, 3597, 1021987077, 3837, 1021965799, 3846, 1022022201, 3583, 1021120991, 4094, 1022028747, 3853, 1021985780, 3850, 1038786282, 4091, 1038341901, 3843, 1038342131, 3844, 1021089499, 3339, 1038339542, 3836, 1021101793, 3851, 1038342952, 3332, 1021091869, 3852, 1021083858, 3849, 1038296641, 3341, 1021989156, 3842, 1038782096, 3333, 1021982633, 3578, 1038786296, 3838, 1022027448, 3847, 1021129017, 3342, 1022004054, 3595, 1038341661, 3579, 1038338468, 3839, 1021122555, 3834, 1038786298, 3331, 1038338705, 3334, 1022018832, 3580, 1021103351, 3343, 1021138037, 3835, 1038340598, 3596, 1021084674, 3581, 1021967881, 4092, 1021100953, 3845, 1021979256, 4090, 1038786292, 3582, 1022025375, 3335, 1021126651, 3598, 1022006133, 4089, 1038297678, 3599, 1021139588, 4095, 1021123370, 4093, 1021964490, 3855, 1021140434, 3854, 1022007432]
[INFO] (lattice_cell.c: 455): on tick 7 of 50
[INFO] (lattice_cell.c: 172): the unmatched_packets is 56
[3592, 1037899592, 3840, 1037888902, 3576, 1037899642, 3832, 1037899650, 3336, 1037899592, 4088, 1037899654, 3328, 1037888894, 3848, 1037899594, 3593, 1038307202, 3841, 1038305134, 3577, 1038308107, 3833, 1038306199, 3337, 1038309076, 4089, 1038305074, 3329, 1038308126, 3338, 1038754327, 3578, 1038754263, 3330, 1038765399, 3339, 1038344323, 3579, 1038345458, 3595, 1038346225, 3843, 1038347467, 3340, 1021094073, 3597, 1021964385, 3598, 1022071570, 3845, 1021983968, 3583, 1021136335, 4094, 1022008645, 3846, 1022030258, 4093, 1022027255, 3838, 1022006637, 3855, 1021077818, 4091, 1038348444, 3842, 1038765393, 3834, 1038754263, 3850, 1038754327, 3835, 1038347335, 3844, 1021073441, 3851, 1038347362, 3836, 1021031155, 3852, 1021091627, 3332, 1021075867, 3333, 1021988749, 3341, 1021967188, 3342, 1022068806, 3334, 1022025448, 3853, 1021962375, 3847, 1021120635, 3343, 1021075450, 3854, 1022073522, 3839, 1021138014, 3594, 1038754321, 3849, 1038306100, 4090, 1038754255, 3331, 1038344470, 4095, 1021138800, 3580, 1021032768, 3596, 1021092405, 3581, 1022031957, 4092, 1021030426, 3582, 1022003818, 3599, 1021077076, 3335, 1021118202, 3837, 1022029188]
[INFO] (lattice_cell.c: 455): on tick 8 of 50
[INFO] (lattice_cell.c: 172): the unmatched_packets is 56
[3592, 1037844826, 3840, 1037855018, 3832, 1037844794, 3576, 1037844792, 3336, 1037844822, 3328, 1037855014, 4088, 1037844784, 3848, 1037844834, 3593, 1038298400, 3841, 1038297290, 3833, 1038296954, 3577, 1038299009, 3337, 1038300506, 3329, 1038300645, 4089, 1038295721, 3849, 1038297104, 3594, 1038821719, 3578, 1038821763, 3842, 1038811298, 3338, 1038821717, 3330, 1038811300, 3850, 1038821709, 3581, 1021872148, 3598, 1021908911, 3837, 1021869905, 3583, 1021110554, 3599, 1021242376, 4093, 1021868404, 3847, 1021154920, 3838, 1022034119, 4094, 1022035500, 4095, 1021112653, 4091, 1038342593, 3851, 1038341334, 3844, 1021115716, 3836, 1021204914, 3845, 1021950934, 3852, 1021073144, 3339, 1038338042, 3331, 1038339449, 3846, 1021993074, 3340, 1021075230, 3332, 1021117864, 3853, 1021993499, 3341, 1021997002, 3333, 1021954527, 3839, 1021111961, 3342, 1021906650, 3855, 1021243168, 3334, 1021989477, 3834, 1038821765, 3843, 1038342817, 3595, 1038340107, 3343, 1021240874, 3579, 1038339178, 4090, 1038821763, 3580, 1021206419, 3596, 1021073813, 4092, 1021204127, 3597, 1021994870, 3582, 1022032007, 3335, 1021152764, 3854, 1021910396, 3835, 1038341299]
[INFO] (lattice_cell.c: 455): on tick 9 of 50
[INFO] (lattice_cell.c: 172): the unmatched_packets is 56
[3592, 1037931655, 3840, 1037944863, 3832, 1037931515, 3576, 1037931515, 3336, 1037931645, 3328, 1037944859, 4088, 1037931513, 3848, 1037931659, 3593, 1038307009, 3841, 1038307424, 3833, 1038306313, 3577, 1038308250, 3337, 1038308883, 3329, 1038310474, 4089, 1038305134, 3834, 1038721666, 4090, 1038721668, 3580, 1020926395, 3844, 1020998175, 3582, 1022036155, 3583, 1021108024, 3599, 1020970819, 4093, 1022134346, 4091, 1038348121, 3839, 1021109765, 3850, 1038721518, 3835, 1038347017, 3330, 1038707608, 3338, 1038721526, 4092, 1020924097, 3851, 1038347206, 3331, 1038346525, 3339, 1038344077, 3845, 1022051426, 3849, 1038305899, 3332, 1021000638, 3842, 1038707604, 3852, 1021063461, 3340, 1021066029, 3578, 1038721656, 3837, 1022136054, 3594, 1038721522, 3341, 1021998012, 3333, 1022055756, 3579, 1038345139, 3846, 1022098340, 3595, 1038346015, 3853, 1021993501, 3838, 1022038839, 3342, 1022177617, 3847, 1021045939, 3334, 1022093995, 3596, 1021064311, 3854, 1022181855, 3343, 1020969196, 3335, 1021043438, 3581, 1022138597, 3855, 1020971538, 3597, 1021995336, 3836, 1020924799, 3598, 1022180160, 4095, 1021110631, 4094, 1022040670, 3843, 1038349576]
[INFO] (lattice_cell.c: 455): on tick 10 of 50
[INFO] (lattice_cell.c: 172): the unmatched_packets is 56
[3592, 1037841426, 3840, 1037803274, 3832, 1037841746, 3576, 1037841726, 3336, 1037841454, 4088, 1037841758, 3328, 1037803260, 3848, 1037841420, 3593, 1038296514, 3841, 1038297024, 3833, 1038297957, 3577, 1038299958, 3337, 1038298569, 4089, 1038296778, 3329, 1038300226, 3849, 1038295295, 3594, 1038824551, 3338, 1038824535, 3578, 1038824217, 3595, 1038341357, 3842, 1038864154, 3579, 1038337670, 4090, 1038824195, 3339, 1038339343, 3597, 1021897846, 3341, 1021900166, 3583, 1021214345, 3599, 1021238774, 3853, 1021896266, 4094, 1021937856, 3854, 1021907203, 4091, 1038340955, 3331, 1038339528, 4092, 1021199715, 3843, 1038342737, 3835, 1038339724, 4095, 1021216317, 3340, 1021179038, 3844, 1021226048, 3333, 1021842937, 3836, 1021200449, 3851, 1038342532, 3342, 1021903180, 3334, 1021876265, 3845, 1021838887, 3837, 1021868294, 3343, 1021237302, 3846, 1021880308, 3838, 1021936292, 3847, 1021265137, 3839, 1021215698, 3834, 1038824205, 3855, 1021239523, 3330, 1038864158, 3850, 1038824555, 3580, 1021201929, 3596, 1021177694, 3581, 1021870673, 3852, 1021177077, 3582, 1021933970, 3598, 1021905562, 3335, 1021263018, 3332, 1021228160, 4093, 1021866642]
[INFO] (lattice_cell.c: 455): on tick 11 of 50
[INFO] (lattice_cell.c: 172): the unmatched_packets is 56
[3592, 1037910821, 3840, 1037927758, 3832, 1037910681, 3576, 1037910699, 3336, 1037910799, 4088, 1037910679, 3848, 1037910831, 3577, 1038309346, 3337, 1038308212, 3833, 1038307419, 3578, 1038743493, 3338, 1038743303, 4089, 1038306263, 3595, 1038347268, 3331, 1038344649, 4090, 1038743493, 3333, 1022128798, 3581, 1021988159, 3335, 1020978229, 3846, 1022173125, 4094, 1022176897, 3839, 1020975401, 3849, 1038305114, 3842, 1038726462, 3834, 1038743493, 3843, 1038347760, 3850, 1038743301, 3844, 1020933900, 3836, 1021071416, 4091, 1038347280, 3851, 1038348429, 3845, 1022124821, 3841, 1038305625, 3837, 1021985721, 3328, 1037927758, 3330, 1038726472, 3593, 1038306279, 3852, 1020928617, 3847, 1020980714, 3838, 1022175347, 3339, 1038345335, 3329, 1038308741, 3853, 1022129677, 3594, 1038743293, 3855, 1021117150, 3340, 1020931224, 3332, 1020936356, 3579, 1038344182, 3341, 1022133615, 3580, 1021073082, 3596, 1020929485, 3342, 1022028650, 3334, 1022169166, 4092, 1021070608, 3597, 1022131220, 3343, 1021114656, 4093, 1021984139, 3582, 1022172952, 3854, 1022032659, 3598, 1022031089, 3583, 1020973660, 3599, 1021116340, 4095, 1020976278, 3835, 1038346118]
[INFO] (lattice_cell.c: 455): on tick 12 of 50
[INFO] (lattice_cell.c: 172): the unmatched_packets is 56
[3592, 1037861435, 3840, 1037893960, 3832, 1037861191, 3576, 1037861199, 3336, 1037861433, 3328, 1037893952, 4088, 1037861193, 3848, 1037861443, 3841, 1038297132, 3593, 1038299060, 3833, 1038296376, 3577, 1038298382, 3337, 1038301047, 3329, 1038300277, 3849, 1038297917, 3594, 1038804162, 3338, 1038804180, 3330, 1038769825, 3842, 1038769815, 3579, 1038340414, 4089, 1038295198, 3339, 1038337563, 3835, 1038342400, 3332, 1021155061, 3581, 1022025388, 3844, 1021153153, 3846, 1021953810, 4093, 1022021182, 4095, 1021280599, 3850, 1038804144, 3843, 1038342753, 3340, 1021242914, 3851, 1038340769, 3333, 1021917529, 3578, 1038804358, 3341, 1021828975, 3836, 1021051612, 3834, 1038804364, 3595, 1038339584, 3334, 1021949602, 3342, 1022058050, 3845, 1021913332, 3335, 1021191640, 3343, 1021089084, 3838, 1021864164, 3847, 1021193559, 3854, 1022062262, 3839, 1021280019, 3855, 1021090935, 4091, 1038343547, 3331, 1038339601, 3596, 1021241600, 3580, 1021052880, 3837, 1022022928, 3597, 1021826480, 3852, 1021241029, 3582, 1021861654, 3598, 1022060520, 4090, 1038804372, 3583, 1021278707, 3599, 1021090370, 3853, 1021824690, 4092, 1021051055, 4094, 1021865954]
[INFO] (lattice_cell.c: 455): on tick 13 of 50
[INFO] (lattice_cell.c: 172): the unmatched_packets is 56
[3592, 1037889342, 3840, 1037858082, 3832, 1037889661, 3576, 1037889649, 3336, 1037889348, 4088, 1037889669, 3328, 1037858072, 3848, 1037889340, 3593, 1038306604, 3841, 1038306503, 3833, 1038306789, 3577, 1038308696, 3337, 1038308521, 3329, 1038309559, 4089, 1038305648, 3849, 1038305432, 3594, 1038765122, 3338, 1038765102, 3842, 1038797140, 3834, 1038764832, 3595, 1038346981, 4091, 1038347841, 3580, 1021082503, 3596, 1021001413, 3843, 1038348949, 4092, 1021079688, 3597, 1022058834, 3583, 1021043979, 3599, 1021125863, 3839, 1021045758, 4094, 1022105634, 3339, 1038345067, 4095, 1021046658, 3340, 1021003188, 3835, 1038346692, 3341, 1022061128, 3333, 1021950795, 3342, 1022018375, 3844, 1021103290, 4090, 1038764808, 3334, 1021991007, 3836, 1021080663, 3343, 1021123993, 3850, 1038765134, 3845, 1021947055, 3578, 1038764848, 3837, 1021976395, 3330, 1038797140, 3852, 1021000496, 3579, 1038344759, 3846, 1021994742, 3838, 1022104216, 3851, 1038348118, 3847, 1021149864, 3331, 1038345889, 3854, 1022022052, 3855, 1021126836, 3332, 1021106060, 3581, 1021978668, 3582, 1022101926, 3853, 1022057414, 3598, 1022020640, 3335, 1021147056, 4093, 1021974984]
[INFO] (lattice_cell.c: 455): on tick 14 of 50
[INFO] (lattice_cell.c: 172): the unmatched_packets is 56
[3592, 1037894386, 3336, 1037894384, 3576, 1037894365, 3840, 1037878129, 3328, 1037878121, 3832, 1037894377, 4088, 1037894375, 3848, 1037894400, 3593, 1038297333, 3337, 1038299313, 3577, 1038299808, 3841, 1038296875, 3833, 1038297824, 3329, 1038300023, 3849, 1038296179, 3594, 1038770054, 3578, 1038770052, 3338, 1038770054, 4089, 1038296669, 3847, 1021098484, 3854, 1021998662, 3839, 1021122845, 3842, 1038788009, 4092, 1021113621, 3834, 1038770054, 3843, 1038342137, 4093, 1021956427, 3851, 1038341950, 3844, 1021058664, 4094, 1022030226, 3836, 1021114020, 3852, 1021082428, 3845, 1022011018, 3853, 1021988973, 3838, 1022028382, 4090, 1038770050, 3855, 1021153460, 3330, 1038788009, 3835, 1038340302, 3595, 1038340789, 3579, 1038338313, 3339, 1038338797, 3850, 1038770040, 3331, 1038338974, 3580, 1021115143, 3340, 1021084045, 3332, 1021060191, 3596, 1021082844, 3581, 1021960890, 3341, 1021993362, 3333, 1022015479, 3597, 1021990801, 3342, 1021994193, 3846, 1022053351, 3582, 1022025816, 3334, 1022048900, 3598, 1021996798, 3343, 1021151914, 3335, 1021096940, 3583, 1021121647, 3599, 1021153065, 4091, 1038341467, 3837, 1021958284, 4095, 1021123266]
[INFO] (lattice_cell.c: 455): on tick 15 of 50
[INFO] (lattice_cell.c: 172): the unmatched_packets is 56
[3592, 1037872451, 3840, 1037893975, 3832, 1037872348, 3576, 1037872352, 3336, 1037872437, 4088, 1037872354, 3848, 1037872449, 3328, 1037893963, 3593, 1038307123, 3841, 1038306082, 3833, 1038306217, 3577, 1038308115, 3337, 1038309030, 3329, 1038309099, 4089, 1038305088, 3849, 1038306006, 3842, 1038759969, 3850, 1038782225, 3580, 1021087392, 3339, 1038344954, 4091, 1038348900, 3597, 1021944631, 3837, 1021970683, 3852, 1021111291, 3343, 1021127756, 3839, 1021156560, 3835, 1038347779, 4093, 1021969366, 3851, 1038347969, 3844, 1021060955, 3836, 1021085485, 3338, 1038782229, 3330, 1038759973, 3846, 1022039195, 3838, 1021988499, 3853, 1021943299, 3854, 1022015981, 3855, 1021130737, 3331, 1038345956, 4092, 1021084440, 3340, 1021114284, 3594, 1038782223, 3834, 1038782347, 3332, 1021063939, 3578, 1038782351, 3843, 1038348979, 3341, 1021946782, 3333, 1021996191, 3579, 1038345881, 3595, 1038346851, 4090, 1038782339, 3342, 1022012544, 3334, 1022035778, 3845, 1021992753, 3596, 1021112371, 3581, 1021972828, 3335, 1021104458, 3582, 1021986343, 3598, 1022014677, 3583, 1021154644, 3599, 1021129660, 4094, 1021989814, 4095, 1021157645, 3847, 1021107454]
[INFO] (lattice_cell.c: 455): on tick 16 of 50
[INFO] (lattice_cell.c: 172): the unmatched_packets is 56
[3592, 1037877167, 3840, 1037892692, 3832, 1037877116, 3576, 1037877112, 3336, 1037877166, 4088, 1037877114, 3848, 1037877173, 3328, 1037892686, 3578, 1038788448, 4089, 1038296148, 3340, 1021092743, 3581, 1022003523, 4091, 1038341922, 3597, 1021981426, 3598, 1022040032, 3583, 1021130590, 3343, 1021110534, 3837, 1022000838, 3847, 1021145156, 3853, 1021979474, 4090, 1038788434, 3833, 1038297293, 3849, 1038297107, 3834, 1038788444, 3843, 1038342179, 3337, 1038300222, 3329, 1038300461, 4094, 1022022819, 3850, 1038788368, 3338, 1038788380, 3330, 1038771420, 3844, 1021104187, 3339, 1038337839, 3851, 1038340962, 3331, 1038339065, 3332, 1021105530, 3341, 1021984120, 3852, 1021091429, 3333, 1021967489, 3342, 1022037341, 3846, 1022005743, 3838, 1022020871, 3839, 1021131669, 3854, 1022041963, 3855, 1021111898, 3841, 1038297356, 3593, 1038298260, 3577, 1038299254, 3842, 1038771406, 3594, 1038788374, 3579, 1038338809, 3595, 1038339813, 3580, 1021072472, 3845, 1021962888, 3596, 1021091706, 3835, 1038340777, 3582, 1022018159, 3836, 1021071406, 4095, 1021131943, 3334, 1022001153, 3599, 1021111593, 3335, 1021143783, 4092, 1021071115, 4093, 1021998896]
[INFO] (lattice_cell.c: 455): on tick 17 of 50
[INFO] (lattice_cell.c: 172): the unmatched_packets is 56
[3592, 1037884724, 3840, 1037871360, 3832, 1037884864, 3576, 1037884844, 3336, 1037884728, 4088, 1037884862, 3848, 1037884725, 3328, 1037871348, 3593, 1038306443, 3841, 1038305797, 3833, 1038306135, 3577, 1038308031, 3337, 1038308345, 3329, 1038308805, 4089, 1038305030, 3849, 1038305338, 3594, 1038769644, 3842, 1038783523, 3578, 1038769507, 3834, 1038769495, 4090, 1038769497, 3850, 1038769644, 4091, 1038348768, 3339, 1038345444, 3844, 1021095408, 3581, 1021987816, 4093, 1021984570, 3853, 1021996710, 3342, 1022026739, 4094, 1022042448, 3343, 1021114365, 3583, 1021102844, 3839, 1021104791, 4092, 1021071841, 3843, 1038349228, 3835, 1038347662, 3852, 1021060615, 3837, 1021985776, 3846, 1022002940, 3338, 1038769640, 3330, 1038783529, 3854, 1022029983, 3847, 1021140811, 3838, 1022041250, 3331, 1038346225, 3855, 1021117451, 3340, 1021063680, 3332, 1021098479, 3341, 1021999968, 3333, 1021960591, 3579, 1038345766, 3334, 1021999683, 3595, 1038347353, 3335, 1021137720, 3580, 1021074925, 3596, 1021061734, 3845, 1021957335, 3851, 1038348455, 3597, 1021997917, 3836, 1021072963, 3582, 1022039219, 3598, 1022028765, 3599, 1021116325, 4095, 1021105913]
[INFO] (lattice_cell.c: 455): on tick 18 of 50
[INFO] (lattice_cell.c: 172): the unmatched_packets is 56
[3592, 1037892728, 3840, 1037876622, 3832, 1037892754, 3576, 1037892756, 3336, 1037892722, 4088, 1037892750, 3328, 1037876620, 3848, 1037892730, 3593, 1038298345, 3833, 1038297888, 3841, 1038297506, 3577, 1038299823, 3337, 1038300286, 3329, 1038300573, 3849, 1038297208, 4089, 1038296761, 3594, 1038771581, 3842, 1038789095, 3596, 1021084716, 4091, 1038341504, 3851, 1038341068, 3339, 1038337996, 3854, 1022014720, 3847, 1021119778, 4095, 1021126624, 3839, 1021126395, 3338, 1038771577, 4092, 1021097817, 3835, 1038340361, 3843, 1038341792, 3836, 1021098026, 3852, 1021084487, 3845, 1021988783, 3838, 1022027099, 3331, 1038338717, 3340, 1021085732, 3855, 1021139532, 3341, 1021989889, 3333, 1021993512, 3850, 1038771569, 3834, 1038771565, 3342, 1022009981, 3578, 1038771573, 3334, 1022028397, 3343, 1021138277, 4090, 1038771551, 3335, 1021118532, 3595, 1038339941, 3579, 1038338409, 3330, 1038789103, 3580, 1021099030, 3837, 1021972456, 3853, 1021985200, 3597, 1021987162, 3332, 1021079320, 3581, 1021975197, 4093, 1021970467, 3598, 1022012731, 4094, 1022029038, 3582, 1022024345, 3599, 1021139297, 3583, 1021125357, 3844, 1021078109, 3846, 1022033104]
[INFO] (lattice_cell.c: 455): on tick 19 of 50
[INFO] (lattice_cell.c: 172): the unmatched_packets is 56
[3592, 1037878067, 3840, 1037883759, 3832, 1037878043, 3576, 1037878045, 3336, 1037878051, 4088, 1037878053, 3848, 1037878061, 3328, 1037883753, 3593, 1038306457, 3841, 1038305546, 3577, 1038307459, 3833, 1038305563, 3329, 1038308530, 3337, 1038308347, 3849, 1038305356, 3594, 1038776361, 3338, 1038776371, 3842, 1038770555, 3579, 1038346405, 3339, 1038345482, 3331, 1038346585, 3850, 1038776363, 4091, 1038349390, 3340, 1021099161, 3581, 1021967464, 3597, 1021962487, 4092, 1021091416, 3333, 1021993508, 3582, 1022002564, 3853, 1021961319, 3583, 1021137396, 3599, 1021134664, 3847, 1021109552, 3839, 1021139354, 4093, 1021964337, 3332, 1021068240, 3341, 1021964479, 3342, 1022005704, 3334, 1022031762, 3835, 1038348292, 3843, 1038349577, 4095, 1021140513, 3343, 1021132718, 3851, 1038348476, 3852, 1021096068, 3845, 1021990398, 4089, 1038304468, 3837, 1021965485, 3834, 1038776389, 3846, 1022034887, 3578, 1038776393, 4090, 1038776381, 3330, 1038770563, 3595, 1038347379, 3854, 1022008830, 3844, 1021065151, 3855, 1021135806, 3580, 1021094502, 3596, 1021097206, 4094, 1022005694, 3838, 1022004524, 3836, 1021092571, 3598, 1022007676, 3335, 1021106450]
[INFO] (lattice_cell.c: 455): on tick 20 of 50
[INFO] (lattice_cell.c: 172): the unmatched_packets is 56
[3592, 1037877905, 3840, 1037893318, 3832, 1037877859, 3576, 1037877867, 3336, 1037877897, 4088, 1037877861, 3848, 1037877905, 3328, 1037893304, 3593, 1038298813, 3841, 1038297919, 3577, 1038299804, 3833, 1038297890, 3337, 1038300728, 4089, 1038296782, 3329, 1038300930, 3849, 1038297692, 3594, 1038787427, 3578, 1038787506, 3338, 1038787425, 3842, 1038770889, 3834, 1038787504, 3579, 1038338371, 4090, 1038787498, 3339, 1038337495, 3331, 1038338623, 3341, 1021979782, 3851, 1038340521, 3598, 1022027588, 4092, 1021082724, 4093, 1021984175, 3599, 1021125395, 4094, 1022020424, 4095, 1021136468, 3854, 1022029555, 4091, 1038341421, 3850, 1038787421, 3835, 1038340292, 3844, 1021087549, 3845, 1021977838, 3837, 1021986158, 3340, 1021094780, 3332, 1021088746, 3852, 1021093576, 3838, 1022018448, 3333, 1021982586, 3342, 1022024802, 3847, 1021130601, 3853, 1021975017, 3334, 1022018352, 3855, 1021125618, 3343, 1021124373, 3330, 1038770903, 3595, 1038339410, 3580, 1021083935, 3596, 1021093758, 3843, 1038341651, 3581, 1021988943, 3597, 1021977004, 3582, 1022015675, 3335, 1021129358, 3583, 1021135241, 3846, 1022023079, 3839, 1021136281, 3836, 1021082936]
[INFO] (lattice_cell.c: 455): on tick 21 of 50
[INFO] (lattice_cell.c: 172): the unmatched_packets is 56
[3592, 1037878708, 3328, 1037880004, 3576, 1037878758, 3336, 1037878712, 3840, 1037880010, 3832, 1037878768, 3848, 1037878714, 4088, 1037878778, 3593, 1038306013, 3594, 1038775882, 3329, 1038308148, 3578, 1038775819, 3842, 1038774318, 3850, 1038775882, 3596, 1021073460, 3597, 1021988538, 3334, 1022002561, 3582, 1022027864, 3343, 1021111662, 3583, 1021112394, 3599, 1021113567, 4091, 1038349549, 4092, 1021071393, 3847, 1021136365, 3854, 1022031008, 3855, 1021114675, 4095, 1021115400, 3833, 1038305129, 4089, 1038304040, 3843, 1038349780, 3844, 1021093106, 3836, 1021072494, 3845, 1021962297, 3852, 1021072359, 3846, 1022005653, 3853, 1021987396, 3841, 1038305176, 3577, 1038307026, 3337, 1038307911, 3330, 1038774330, 3338, 1038775880, 3339, 1038345640, 3331, 1038346800, 3849, 1038304940, 3340, 1021075336, 3332, 1021096093, 4094, 1022030944, 3834, 1038775809, 3851, 1038348632, 3579, 1038346577, 3595, 1038347541, 3341, 1021990493, 4090, 1038775811, 3333, 1021965376, 3837, 1021988810, 3580, 1021074383, 3835, 1038348470, 3342, 1022027934, 3838, 1022029794, 3581, 1021990742, 3335, 1021133333, 4093, 1021987663, 3598, 1022029860, 3839, 1021114286]
[INFO] (lattice_cell.c: 455): on tick 22 of 50
[INFO] (lattice_cell.c: 172): the unmatched_packets is 56
[3592, 1037890733, 3840, 1037878191, 3832, 1037890809, 3576, 1037890813, 3336, 1037890739, 4088, 1037890817, 3848, 1037890751, 3593, 1038299084, 3841, 1038298296, 3833, 1038299173, 3577, 1038301051, 3337, 1038300978, 4089, 1038298080, 3329, 1038301282, 3849, 1038297982, 3594, 1038773642, 3834, 1038773591, 3842, 1038787146, 3578, 1038773605, 3338, 1038773622, 3850, 1038773642, 3580, 1021084257, 4091, 1038341189, 3596, 1021079286, 3340, 1021080346, 4092, 1021082969, 3333, 1021979209, 3597, 1021990671, 3343, 1021125771, 3598, 1022024028, 3583, 1021122030, 4094, 1022035038, 3838, 1022033116, 4095, 1021123332, 3328, 1037878173, 3330, 1038787152, 3339, 1038338329, 3851, 1038341311, 3331, 1038338521, 3332, 1021089986, 3844, 1021088714, 3836, 1021083179, 3341, 1021993422, 3342, 1022021258, 3852, 1021079055, 3335, 1021131487, 3853, 1021988745, 3847, 1021132790, 4093, 1021979547, 3854, 1022025955, 3855, 1021127078, 4090, 1038773585, 3843, 1038341511, 3835, 1038340074, 3595, 1038340214, 3579, 1038338189, 3845, 1021974502, 3837, 1021981508, 3581, 1021984262, 3582, 1022030364, 3334, 1022016308, 3839, 1021123103, 3846, 1022020982, 3599, 1021126844]
[INFO] (lattice_cell.c: 455): on tick 23 of 50
[INFO] (lattice_cell.c: 172): the unmatched_packets is 56
[3592, 1037882987, 3840, 1037876592, 3832, 1037882993, 3576, 1037882984, 3336, 1037882981, 4088, 1037882993, 3328, 1037876588, 3848, 1037882989, 3593, 1038305696, 3841, 1038304027, 3833, 1038304256, 3577, 1038306152, 3337, 1038307593, 4089, 1038303171, 3849, 1038304625, 3338, 1038771138, 4090, 1038771123, 3339, 1038345305, 3581, 1021971619, 3332, 1021077168, 3582, 1022011609, 3853, 1021972432, 4091, 1038349759, 3839, 1021129596, 3855, 1021134411, 3850, 1038771126, 3843, 1038349161, 3844, 1021074360, 3836, 1021093447, 3851, 1038348288, 4095, 1021130639, 3852, 1021088458, 4092, 1021092425, 3846, 1022029336, 3838, 1022013564, 3329, 1038307000, 3854, 1022011044, 3842, 1038778079, 3594, 1038771132, 3578, 1038771129, 3834, 1038771125, 3595, 1038347213, 3579, 1038346789, 3330, 1038778091, 3580, 1021095238, 3331, 1038346189, 3340, 1021091310, 3835, 1038348684, 3596, 1021089518, 3845, 1021986796, 3341, 1021975571, 3837, 1021969675, 3597, 1021973619, 3342, 1022007903, 3333, 1021989920, 3847, 1021116382, 3598, 1022009864, 3343, 1021131586, 3334, 1022026194, 4094, 1022014751, 3583, 1021127780, 3335, 1021113543, 3599, 1021133388, 4093, 1021968493]
[INFO] (lattice_cell.c: 455): on tick 24 of 50
[INFO] (lattice_cell.c: 172): the unmatched_packets is 56
[3592, 1037882771, 3840, 1037889856, 3832, 1037882822, 3576, 1037882820, 3336, 1037882763, 3328, 1037889842, 4088, 1037882829, 3848, 1037882779, 3593, 1038300314, 3577, 1038298866, 3833, 1038297010, 3841, 1038299112, 3329, 1038302039, 3337, 1038302182, 3849, 1038299229, 3594, 1038782118, 3842, 1038774584, 3578, 1038782111, 3834, 1038782099, 4090, 1038782087, 3338, 1038782106, 3850, 1038782118, 3595, 1038337688, 3579, 1038339036, 3843, 1038341887, 3835, 1038340916, 3331, 1038338950, 3844, 1021076004, 3332, 1021077458, 3853, 1021968244, 3335, 1021119848, 3854, 1022026532, 4095, 1021139706, 3855, 1021135337, 4094, 1022015483, 4092, 1021090028, 4093, 1021979390, 3836, 1021090341, 3852, 1021094361, 3837, 1021981277, 3846, 1022032118, 3838, 1022013626, 3847, 1021121317, 3330, 1038774600, 3839, 1021139395, 3851, 1038338754, 3339, 1038335833, 4089, 1038295952, 3340, 1021095810, 4091, 1038342002, 3596, 1021094657, 3341, 1021972805, 3580, 1021091506, 3333, 1021989416, 3597, 1021970115, 3342, 1022021929, 3581, 1021983980, 3334, 1022027570, 3343, 1021133818, 3598, 1022024653, 3845, 1021984862, 3582, 1022010926, 3599, 1021135000, 3583, 1021138233]
[INFO] (lattice_cell.c: 455): on tick 25 of 50
[INFO] (lattice_cell.c: 172): the unmatched_packets is 56
[3592, 1037871134, 3840, 1037882831, 3832, 1037871075, 3576, 1037871071, 3336, 1037871120, 3328, 1037882821, 4088, 1037871079, 3848, 1037871128, 3841, 1038305998, 3593, 1038304929, 3833, 1038303912, 3577, 1038305846, 3337, 1038306821, 3329, 1038308978, 4089, 1038302815, 3849, 1038303860, 3594, 1038783737, 3842, 1038771265, 3834, 1038783798, 3578, 1038783798, 3338, 1038783743, 3330, 1038771271, 4090, 1038783797, 3850, 1038783735, 3339, 1038345239, 3331, 1038348525, 4091, 1038349403, 3843, 1038351518, 3835, 1038348340, 3580, 1021092583, 3596, 1021082242, 3581, 1021975702, 3836, 1021090998, 3597, 1021984318, 3582, 1022021666, 3343, 1021128553, 4094, 1022024927, 4095, 1021122251, 4092, 1021090155, 4093, 1021972566, 3340, 1021083911, 3332, 1021087616, 3333, 1021970795, 3851, 1038348275, 3334, 1022006217, 3335, 1021123551, 3852, 1021081339, 3837, 1021973760, 3846, 1022009423, 3853, 1021983063, 3595, 1038347173, 3838, 1022023668, 3579, 1038346430, 3847, 1021126135, 3854, 1022014761, 3839, 1021121319, 3855, 1021131010, 3598, 1022013581, 3845, 1021967573, 3583, 1021119651, 3599, 1021130166, 3341, 1021986329, 3342, 1022011620, 3844, 1021085093]
[INFO] (lattice_cell.c: 455): on tick 26 of 50
[INFO] (lattice_cell.c: 172): the unmatched_packets is 56
[3592, 1037896722, 3840, 1037889858, 3832, 1037896903, 3576, 1037896893, 3336, 1037896732, 4088, 1037896919, 3848, 1037896728, 3593, 1038298373, 3841, 1038299384, 3833, 1038300057, 3577, 1038301827, 3328, 1037889846, 3337, 1038300203, 4089, 1038299059, 3329, 1038302209, 3849, 1038297317, 3842, 1038774722, 3594, 1038767529, 3834, 1038767350, 3578, 1038767363, 3338, 1038767511, 3330, 1038774734, 4090, 1038767338, 3579, 1038336926, 3843, 1038341920, 3580, 1021047748, 3596, 1021086241, 3597, 1021987216, 3334, 1022017288, 3583, 1021130358, 3599, 1021091642, 3854, 1022059460, 4095, 1021132086, 3851, 1038341663, 4094, 1022033244, 3852, 1021085826, 3836, 1021046316, 3845, 1021974107, 4092, 1021045795, 3846, 1022021740, 3853, 1021985457, 3847, 1021130814, 3855, 1021092186, 3835, 1038338749, 3339, 1038338887, 3331, 1038339090, 3844, 1021084609, 3332, 1021086412, 3340, 1021087547, 3341, 1021989830, 3333, 1021978568, 3837, 1022014130, 3342, 1022054898, 3850, 1038767522, 3595, 1038340658, 3839, 1021131667, 3343, 1021090229, 3335, 1021128985, 4091, 1038339817, 3581, 1022016844, 3582, 1022028858, 3598, 1022057609, 4093, 1022012252, 3838, 1022031488]
[INFO] (lattice_cell.c: 455): on tick 27 of 50
[INFO] (lattice_cell.c: 172): the unmatched_packets is 56
[3592, 1037861221, 3840, 1037857913, 3832, 1037861067, 3576, 1037861086, 3336, 1037861193, 4088, 1037861069, 3848, 1037861229, 3593, 1038304546, 3833, 1038302017, 3841, 1038302818, 3328, 1037857909, 3577, 1038303984, 3337, 1038306482, 3849, 1038303451, 4089, 1038300874, 3329, 1038305906, 3594, 1038793586, 3842, 1038797413, 3834, 1038793776, 3578, 1038793782, 3338, 1038793587, 3330, 1038797419, 3850, 1038793584, 4090, 1038793778, 3339, 1038343386, 3331, 1038345424, 4091, 1038349172, 3580, 1021154290, 3596, 1021077387, 3340, 1021078818, 3851, 1038346508, 3581, 1021920676, 3837, 1021918691, 3583, 1021114807, 3599, 1021191596, 3341, 1021992450, 3333, 1021964206, 3844, 1021104182, 3343, 1021190248, 3335, 1021142409, 3845, 1021961001, 3595, 1038345362, 3579, 1038346143, 3835, 1038348064, 3846, 1022002857, 3843, 1038348508, 3838, 1022029310, 3847, 1021144455, 3854, 1021959947, 3839, 1021116279, 3836, 1021152955, 3852, 1021076659, 3855, 1021192190, 4092, 1021152375, 3597, 1021990398, 3582, 1022027275, 4094, 1022030591, 3342, 1021956743, 3334, 1021999656, 3853, 1021989120, 3598, 1021958731, 4093, 1021917476, 4095, 1021117004, 3332, 1021106191]
[INFO] (lattice_cell.c: 455): on tick 28 of 50
[INFO] (lattice_cell.c: 172): the unmatched_packets is 56
[3592, 1037924682, 3840, 1037919678, 3832, 1037924985, 3576, 1037924967, 3336, 1037924696, 3328, 1037919666, 4088, 1037925014, 3848, 1037924668, 3593, 1038301688, 3841, 1038301498, 3833, 1038299761, 3577, 1038301510, 3337, 1038303444, 3338, 1038738680, 3835, 1038342213, 3844, 1021027615, 3333, 1022028681, 3582, 1022016704, 3583, 1021129767, 3599, 1021028301, 3847, 1021074500, 4091, 1038343180, 3854, 1022123834, 4094, 1022021029, 3339, 1038338577, 3332, 1021029880, 3850, 1038738690, 3340, 1021087359, 3341, 1021977516, 3843, 1038344002, 3334, 1022067434, 3342, 1022119485, 3849, 1038300714, 3329, 1038304180, 4089, 1038298792, 3594, 1038738698, 3335, 1021072201, 3578, 1038738347, 3343, 1021026708, 3842, 1038743880, 3845, 1022024304, 3834, 1038738325, 3330, 1038743892, 3837, 1022078716, 3579, 1038340446, 3595, 1038340328, 3852, 1021085187, 4090, 1038738315, 3846, 1022071810, 3838, 1022019290, 3331, 1038341308, 3580, 1020983849, 3853, 1021973187, 3836, 1020982257, 3596, 1021085839, 3839, 1021131290, 3581, 1022081281, 3855, 1021029045, 3597, 1021974936, 3851, 1038341297, 4093, 1022076970, 3598, 1022122088, 4092, 1020981530, 4095, 1021131963]
[INFO] (lattice_cell.c: 455): on tick 29 of 50
[INFO] (lattice_cell.c: 172): the unmatched_packets is 56
[3592, 1037828302, 3840, 1037825608, 3832, 1037828251, 3576, 1037828263, 3336, 1037828270, 3328, 1037825602, 3848, 1037828320, 4088, 1037828239, 3593, 1038302529, 3841, 1038302837, 3833, 1038303989, 3577, 1038305937, 3337, 1038304518, 3329, 1038305939, 3849, 1038301382, 4089, 1038302883, 3594, 1038827528, 3578, 1038827710, 3842, 1038830282, 3834, 1038827700, 3338, 1038827524, 3579, 1038343926, 3835, 1038345908, 3341, 1021947575, 3597, 1021945524, 3845, 1021898388, 3852, 1021128470, 3343, 1021255357, 3598, 1021883167, 3846, 1021940765, 3847, 1021205117, 3854, 1021884534, 3855, 1021257042, 3843, 1038348527, 4094, 1021985644, 3851, 1038348632, 3836, 1021218408, 3837, 1021843343, 3853, 1021944201, 4090, 1038827682, 3838, 1021984333, 3839, 1021168243, 3339, 1038345574, 3850, 1038827540, 3331, 1038345418, 4091, 1038347066, 3340, 1021130141, 3332, 1021167279, 3333, 1021901810, 3342, 1021881030, 4092, 1021217921, 3334, 1021937338, 3844, 1021165662, 3335, 1021203479, 3330, 1038830292, 3595, 1038347517, 3596, 1021128936, 3580, 1021219605, 3581, 1021845471, 3582, 1021982293, 3583, 1021167019, 3599, 1021256575, 4093, 1021841960, 4095, 1021168718]
[INFO] (lattice_cell.c: 455): on tick 30 of 50
[INFO] (lattice_cell.c: 172): the unmatched_packets is 56
[3592, 1037927454, 3840, 1037955206, 3832, 1037927169, 3576, 1037927167, 3336, 1037927450, 3328, 1037955196, 4088, 1037927171, 3848, 1037927460, 3593, 1038301286, 3841, 1038299356, 3833, 1038296993, 3577, 1038298762, 3337, 1038303005, 3329, 1038302052, 3849, 1038300351, 3594, 1038736388, 4089, 1038296002, 3330, 1038707472, 3339, 1038335681, 3843, 1038341895, 3341, 1022071274, 3582, 1022110936, 3598, 1022139179, 3837, 1022094244, 3846, 1022143397, 4092, 1020978941, 4094, 1022115066, 3847, 1021012968, 3839, 1021039629, 3855, 1021025686, 4095, 1021040451, 4090, 1038736620, 4091, 1038342923, 3338, 1038736402, 3850, 1038736356, 3331, 1038339199, 3340, 1020996265, 3332, 1020967938, 3333, 1022100198, 3851, 1038338458, 3836, 1020979659, 3334, 1022139418, 3342, 1022136739, 3845, 1022096208, 3852, 1020993787, 3343, 1021023334, 3335, 1021010478, 3853, 1022067157, 3838, 1022113420, 3578, 1038736594, 3842, 1038707458, 3834, 1038736614, 3854, 1022140737, 3579, 1038340258, 3595, 1038337457, 3835, 1038341981, 3580, 1020981281, 3844, 1020965456, 3596, 1020994582, 3581, 1022096677, 3597, 1022068789, 4093, 1022092690, 3583, 1021037928, 3599, 1021024948]
[INFO] (lattice_cell.c: 455): on tick 31 of 50
[INFO] (lattice_cell.c: 172): the unmatched_packets is 56
[3592, 1037850547, 3840, 1037830842, 3832, 1037851241, 3576, 1037851215, 3336, 1037850555, 3328, 1037830834, 4088, 1037851265, 3848, 1037850535, 3841, 1038306090, 3833, 1038304761, 3593, 1038305396, 3594, 1038804128, 3579, 1038346851, 4090, 1038803437, 3339, 1038346398, 3843, 1038351788, 3335, 1021247626, 3583, 1021254367, 3599, 1021147407, 4092, 1021106319, 4093, 1021949923, 4094, 1021888741, 3847, 1021249218, 3855, 1021147830, 4095, 1021255821, 3834, 1038803471, 3850, 1038804162, 3836, 1021106729, 3844, 1021208925, 4091, 1038349913, 3846, 1021881671, 3838, 1021887288, 3853, 1021846924, 3839, 1021255464, 3849, 1038304282, 3577, 1038306680, 3337, 1038307344, 4089, 1038303681, 3842, 1038824344, 3329, 1038309094, 3578, 1038803515, 3330, 1038824346, 3338, 1038804094, 3331, 1038348785, 3595, 1038348314, 3340, 1021217170, 3332, 1021210480, 3580, 1021107940, 3596, 1021216071, 3341, 1021850602, 3333, 1021844016, 3845, 1021840286, 3581, 1021953539, 3597, 1021848388, 3342, 1021986401, 3837, 1021951362, 3334, 1021877944, 3582, 1021885093, 3598, 1021988561, 3343, 1021146196, 3835, 1038348790, 3851, 1038349404, 3852, 1021215726, 3854, 1021990011]
[INFO] (lattice_cell.c: 455): on tick 32 of 50
[INFO] (lattice_cell.c: 172): the unmatched_packets is 56
[3592, 1037901596, 3840, 1037886204, 3832, 1037901350, 3576, 1037901369, 3336, 1037901580, 4088, 1037901339, 3848, 1037901622, 3328, 1037886201, 3593, 1038297420, 3841, 1038297654, 3833, 1038298804, 3577, 1038300541, 3337, 1038299198, 3329, 1038300417, 3594, 1038762682, 3849, 1038296435, 3338, 1038762684, 3595, 1038339551, 3842, 1038779371, 3339, 1038337811, 3331, 1038337513, 4091, 1038339076, 3333, 1022058222, 3852, 1020946782, 3582, 1022172145, 3598, 1021986532, 3335, 1021055686, 3583, 1020990757, 3599, 1021168897, 3853, 1022128066, 4094, 1022175855, 3854, 1021988068, 4090, 1038762968, 4092, 1021125630, 3834, 1038762974, 4089, 1038297839, 3850, 1038762664, 3843, 1038340273, 3844, 1021013261, 3851, 1038340521, 3340, 1020949357, 3836, 1021126456, 3332, 1021015673, 3341, 1022131790, 3845, 1022054395, 3837, 1021939362, 3342, 1021984091, 3334, 1022100259, 3838, 1022174430, 3343, 1021167269, 3847, 1021058126, 3839, 1020992502, 3855, 1021169745, 3578, 1038762972, 3330, 1038779379, 3579, 1038336305, 3835, 1038338085, 3580, 1021128083, 3596, 1020947626, 3581, 1021941791, 3597, 1022129514, 4095, 1020993363, 4093, 1021937827, 3846, 1022104076]
[INFO] (lattice_cell.c: 455): on tick 33 of 50
[INFO] (lattice_cell.c: 172): the unmatched_packets is 56
[3592, 1037878292, 3840, 1037905976, 3832, 1037878097, 3576, 1037878097, 3336, 1037878274, 4088, 1037878092, 3328, 1037905964, 3848, 1037878296, 3593, 1038307040, 3833, 1038303221, 3577, 1038305140, 3841, 1038304880, 3337, 1038308914, 4089, 1038302136, 3578, 1038776138, 3338, 1038775972, 3579, 1038348588, 3331, 1038347428, 3580, 1021047378, 3596, 1021170238, 3581, 1022021255, 3597, 1021888145, 3582, 1021923179, 3598, 1022056137, 3343, 1021087290, 3583, 1021210251, 3846, 1022028908, 3838, 1021925477, 4094, 1021927084, 3839, 1021211376, 3855, 1021088633, 4095, 1021211717, 3842, 1038747244, 4091, 1038351506, 3850, 1038775949, 3843, 1038350375, 3849, 1038306004, 3836, 1021046309, 3845, 1021989524, 4092, 1021046040, 3339, 1038344513, 3852, 1021169912, 3837, 1022019041, 3853, 1021886534, 3332, 1021070014, 3340, 1021171360, 3834, 1038776144, 3847, 1021111743, 3594, 1038775956, 3329, 1038307825, 3854, 1022057665, 3835, 1038350466, 3333, 1021993241, 3341, 1021890475, 3342, 1022053923, 3334, 1022025190, 3330, 1038747252, 3844, 1021068568, 3595, 1038346432, 4090, 1038776157, 3851, 1038347526, 3335, 1021110279, 3599, 1021088370, 4093, 1022017514]
[INFO] (lattice_cell.c: 455): on tick 34 of 50
[INFO] (lattice_cell.c: 172): the unmatched_packets is 56
[3592, 1037879441, 3840, 1037868657, 3832, 1037879948, 3576, 1037879929, 3336, 1037879459, 3328, 1037868641, 4088, 1037879960, 3848, 1037879447, 3593, 1038299454, 3337, 1038301232, 3833, 1038297441, 3594, 1038785320, 3579, 1038338623, 3330, 1038795849, 3340, 1021095657, 3597, 1021975627, 3342, 1022028664, 3598, 1022030911, 3837, 1021985028, 3846, 1021975920, 4094, 1022024160, 4090, 1038784817, 3855, 1021126343, 4091, 1038341410, 3834, 1038784846, 3842, 1038795837, 3843, 1038342462, 3835, 1038340418, 4093, 1021983652, 3851, 1038339512, 4095, 1021136703, 3844, 1021130936, 3836, 1021082740, 4092, 1021081816, 3338, 1038785289, 3331, 1038339731, 3845, 1021926487, 3339, 1038336788, 3332, 1021133563, 3853, 1021974259, 3838, 1022022827, 3847, 1021174656, 3841, 1038299448, 3577, 1038299196, 3341, 1021977882, 3854, 1022032253, 3333, 1021930143, 3839, 1021135821, 3329, 1038302164, 4089, 1038296480, 3578, 1038784877, 3849, 1038298455, 3334, 1021972263, 3343, 1021123613, 3335, 1021171993, 3595, 1038338548, 3850, 1038785332, 3580, 1021084493, 3596, 1021093996, 3581, 1021987257, 3852, 1021093135, 3582, 1022020563, 3583, 1021134132, 3599, 1021125379]
[INFO] (lattice_cell.c: 455): on tick 35 of 50
[INFO] (lattice_cell.c: 172): the unmatched_packets is 56
[3592, 1037883064, 3840, 1037871749, 3832, 1037883181, 3576, 1037883170, 3336, 1037883059, 4088, 1037883196, 3328, 1037871739, 3848, 1037883064, 3593, 1038304562, 3841, 1038305157, 3833, 1038305274, 3577, 1038307132, 3337, 1038306439, 3329, 1038308085, 3849, 1038303507, 4089, 1038304242, 3594, 1038771259, 3842, 1038783415, 3834, 1038771147, 3578, 1038771159, 3338, 1038771247, 4090, 1038771128, 3850, 1038771263, 3330, 1038783431, 3339, 1038346428, 3331, 1038347274, 4092, 1021111942, 3341, 1022035576, 3845, 1021996211, 3334, 1022033519, 3852, 1021034508, 3583, 1021077338, 3599, 1021154447, 4094, 1022071399, 4093, 1021945793, 3847, 1021103318, 4095, 1021078691, 3340, 1021035824, 3851, 1038349335, 3342, 1021982929, 3836, 1021112153, 3844, 1021060597, 3343, 1021153403, 3335, 1021102102, 3837, 1021947460, 3846, 1022037552, 3853, 1022031641, 3835, 1038347529, 3843, 1038350198, 3595, 1038348299, 3839, 1021078439, 3579, 1038345654, 3854, 1021987000, 3855, 1021154657, 3596, 1021034751, 4091, 1038348575, 3580, 1021113204, 3333, 1022000244, 3581, 1021949885, 3332, 1021061784, 3597, 1022033247, 3582, 1022067476, 3838, 1022069790, 3598, 1021985334]
[INFO] (lattice_cell.c: 455): on tick 36 of 50
[INFO] (lattice_cell.c: 172): the unmatched_packets is 56
[3592, 1037882745, 3840, 1037902363, 3832, 1037882455, 3576, 1037882469, 3336, 1037882725, 4088, 1037882440, 3328, 1037902349, 3848, 1037882770, 3593, 1038299059, 3841, 1038297977, 3833, 1038297497, 3577, 1038299284, 3337, 1038300847, 4089, 1038296508, 3329, 1038300747, 3849, 1038298072, 3594, 1038781701, 3842, 1038761684, 3834, 1038782050, 3578, 1038782051, 3338, 1038781707, 3330, 1038761690, 4090, 1038782053, 3595, 1038338948, 3843, 1038341437, 3835, 1038340545, 3597, 1021960393, 3844, 1021064655, 3333, 1022003429, 3342, 1022033264, 3583, 1021149660, 3335, 1021105606, 3847, 1021108284, 4092, 1021078337, 3855, 1021120999, 3339, 1038337155, 3332, 1021067283, 3340, 1021111783, 3341, 1021962522, 3836, 1021079232, 3852, 1021109082, 4093, 1021987504, 3334, 1022045064, 3850, 1038781687, 3343, 1021118384, 3579, 1038338757, 3845, 1022000133, 3331, 1038338672, 3596, 1021110027, 4091, 1038341539, 3580, 1021080918, 3853, 1021959138, 3846, 1022048321, 3838, 1022006206, 3581, 1021990896, 3851, 1038339944, 3854, 1022036620, 3839, 1021151414, 3582, 1022004080, 3598, 1022035407, 3837, 1021988745, 3599, 1021120090, 4094, 1022007445, 4095, 1021152383]
[INFO] (lattice_cell.c: 455): on tick 37 of 50
[INFO] (lattice_cell.c: 172): the unmatched_packets is 56
[3592, 1037879040, 3840, 1037879588, 3832, 1037879283, 3576, 1037879266, 3336, 1037879044, 4088, 1037879297, 3328, 1037879570, 3848, 1037879038, 3593, 1038306615, 3841, 1038305509, 3833, 1038303741, 3577, 1038305567, 3337, 1038308437, 4089, 1038302716, 3329, 1038308311, 3595, 1038346301, 3579, 1038347427, 4090, 1038775075, 3597, 1021960973, 3333, 1021953248, 3583, 1021143112, 3838, 1021999508, 3853, 1021959180, 3847, 1021150171, 4094, 1022001278, 3855, 1021102504, 4095, 1021144346, 3850, 1038775348, 3843, 1038350180, 3835, 1038349256, 3844, 1021105516, 3845, 1021949040, 3846, 1021990023, 3839, 1021144138, 3854, 1022044574, 4092, 1021057647, 4093, 1022003679, 3842, 1038774262, 3849, 1038305617, 3594, 1038775338, 3338, 1038775330, 3578, 1038775105, 3330, 1038774276, 3339, 1038344463, 3331, 1038347367, 3340, 1021101960, 3851, 1038347322, 3332, 1021106814, 3580, 1021058891, 3596, 1021100937, 3341, 1021963493, 3581, 1022007845, 3342, 1022040392, 3334, 1021985789, 3582, 1021996987, 3343, 1021101211, 3598, 1022042831, 4091, 1038350256, 3335, 1021148830, 3599, 1021102285, 3834, 1038775090, 3836, 1021057852, 3837, 1022005418, 3852, 1021100744]
[INFO] (lattice_cell.c: 455): on tick 38 of 50
[INFO] (lattice_cell.c: 172): the unmatched_packets is 56
[3592, 1037890991, 3840, 1037868834, 3832, 1037891389, 3576, 1037891380, 3336, 1037891003, 4088, 1037891400, 3848, 1037890999, 3328, 1037868818, 3593, 1038298532, 3841, 1038298673, 3577, 1038300103, 3833, 1038298309, 3337, 1038300359, 4089, 1038297318, 3849, 1038297505, 3594, 1038773214, 3834, 1038772855, 3842, 1038796405, 3578, 1038772884, 3338, 1038773182, 3330, 1038796409, 3850, 1038773221, 4090, 1038772822, 3595, 1038340315, 3339, 1038338512, 3843, 1038342606, 3580, 1021100698, 3332, 1021095756, 3597, 1022002807, 3341, 1022004767, 3342, 1022009912, 4093, 1021965192, 3837, 1021966350, 3583, 1021107942, 3853, 1022001688, 3854, 1022013074, 3340, 1021070704, 3855, 1021139982, 3333, 1021971124, 3851, 1038341305, 3334, 1022013252, 3844, 1021093207, 3836, 1021099009, 3335, 1021132024, 3343, 1021137361, 3329, 1038301486, 3852, 1021068150, 3846, 1022016414, 3835, 1038340387, 3331, 1038339777, 3579, 1038338558, 3838, 1022048224, 3847, 1021134610, 3596, 1021069035, 3839, 1021109636, 4091, 1038341415, 3581, 1021968375, 3845, 1021967933, 3582, 1022046252, 3598, 1022011933, 3599, 1021139049, 4094, 1022049333, 4092, 1021098082, 4095, 1021110542]
[INFO] (lattice_cell.c: 455): on tick 39 of 50
[INFO] (lattice_cell.c: 172): the unmatched_packets is 56
[3592, 1037879420, 3840, 1037882669, 3832, 1037879365, 3576, 1037879359, 3336, 1037879401, 4088, 1037879368, 3328, 1037882659, 3848, 1037879430, 3593, 1038305526, 3337, 1038307306, 3594, 1038774852, 3841, 1038304738, 3578, 1038774915, 4090, 1038774905, 3338, 1038774855, 3579, 1038345960, 4091, 1038348707, 3597, 1021983677, 3844, 1021055414, 3836, 1021103744, 3598, 1021996516, 3334, 1022041672, 4095, 1021126595, 3583, 1021125163, 3838, 1022021504, 3577, 1038306246, 3329, 1038307485, 4089, 1038303483, 3330, 1038771960, 3339, 1038344857, 3332, 1021056667, 3340, 1021081788, 3834, 1038774912, 3341, 1021986209, 3333, 1022007874, 3843, 1038348855, 3342, 1021993941, 3835, 1038347732, 3343, 1021147208, 3833, 1038304466, 3845, 1022003535, 3852, 1021080385, 3837, 1021957371, 3842, 1038771956, 3595, 1038346651, 3846, 1022046001, 3849, 1038304556, 3853, 1021981886, 3847, 1021100792, 3596, 1021080652, 3331, 1038346104, 3580, 1021104816, 3850, 1038774850, 3854, 1021998328, 3839, 1021126322, 3855, 1021148501, 3581, 1021959948, 3851, 1038347619, 4092, 1021103526, 3582, 1022018984, 4093, 1021955569, 4094, 1022023307, 3335, 1021099477, 3599, 1021148290]
[INFO] (lattice_cell.c: 455): on tick 40 of 50
[INFO] (lattice_cell.c: 172): the unmatched_packets is 56
[3592, 1037876955, 3840, 1037899942, 3832, 1037876901, 3576, 1037876915, 3336, 1037876934, 3328, 1037899932, 3848, 1037876974, 4088, 1037876899, 3593, 1038299604, 3841, 1038298479, 3833, 1038295667, 3577, 1038297507, 3337, 1038301454, 3329, 1038301316, 4089, 1038294647, 3578, 1038787964, 3338, 1038787812, 4090, 1038787933, 3834, 1038787947, 3842, 1038763666, 3331, 1038340123, 3341, 1021964912, 3597, 1021962978, 4092, 1021079913, 3582, 1022005857, 4093, 1021992483, 3598, 1022038405, 3846, 1022027479, 3599, 1021119968, 3853, 1021961883, 3855, 1021120829, 3850, 1038787823, 3849, 1038298583, 3843, 1038342965, 3339, 1038336242, 3340, 1021107510, 3851, 1038339111, 3332, 1021083979, 3845, 1021981033, 3333, 1021983989, 4095, 1021145854, 3837, 1021993557, 3852, 1021105053, 3342, 1022036451, 3334, 1022024534, 3838, 1022007806, 3847, 1021122957, 3343, 1021118363, 3839, 1021145000, 3854, 1022039449, 3335, 1021120460, 3835, 1038342016, 3594, 1038787826, 3330, 1038763680, 3844, 1021081483, 3579, 1038340177, 3595, 1038338087, 4091, 1038343043, 3580, 1021082344, 3596, 1021105903, 4094, 1022008870, 3581, 1021995498, 3836, 1021080739, 3583, 1021143375]
[INFO] (lattice_cell.c: 455): on tick 41 of 50
[INFO] (lattice_cell.c: 172): the unmatched_packets is 56
[3592, 1037880032, 3840, 1037877891, 3832, 1037880200, 3576, 1037880188, 3336, 1037880028, 3328, 1037877883, 3848, 1037880025, 4088, 1037880210, 3593, 1038305933, 3841, 1038307133, 3833, 1038303771, 3577, 1038305505, 3329, 1038309792, 3337, 1038307673, 4089, 1038302824, 3849, 1038304990, 3594, 1038774445, 3338, 1038774442, 3842, 1038776176, 3834, 1038774263, 3843, 1038350798, 3580, 1021063911, 3596, 1021079267, 3581, 1022003638, 4092, 1021062500, 3597, 1021985040, 3333, 1021952271, 3845, 1021947814, 3598, 1022040843, 3583, 1021123409, 4091, 1038348641, 3847, 1021146188, 3855, 1021108698, 3339, 1038343784, 3331, 1038348139, 3340, 1021080398, 4090, 1038774258, 3332, 1021101338, 3850, 1038774447, 3341, 1021987669, 3835, 1038347707, 3851, 1038346475, 3342, 1022038237, 4095, 1021124837, 3334, 1021986789, 3343, 1021107242, 3335, 1021144678, 3844, 1021099896, 3578, 1038774277, 3330, 1038776192, 3852, 1021079010, 3595, 1038345524, 3579, 1038345963, 3837, 1022001035, 3853, 1021983176, 3838, 1022025251, 3854, 1022042681, 3839, 1021124557, 3836, 1021062782, 3582, 1022022643, 4094, 1022027111, 3846, 1021991251, 3599, 1021108401, 4093, 1021999167]
[INFO] (lattice_cell.c: 455): on tick 42 of 50
[INFO] (lattice_cell.c: 172): the unmatched_packets is 56
[3592, 1037892906, 3840, 1037871150, 3832, 1037893372, 3576, 1037893357, 3336, 1037892925, 4088, 1037893396, 3848, 1037892908, 3593, 1038296974, 3841, 1038298687, 3833, 1038298671, 3578, 1038770602, 3579, 1038337939, 3331, 1038340718, 3332, 1021091151, 3341, 1022002787, 3844, 1021088890, 3581, 1021972659, 3852, 1021076650, 3583, 1021115282, 3335, 1021126872, 4093, 1021969768, 4095, 1021117570, 3855, 1021133084, 4092, 1021092264, 3842, 1038794116, 3835, 1038339814, 3843, 1038343619, 3836, 1021093045, 3837, 1021970816, 3845, 1021972115, 3846, 1022017877, 3838, 1022044012, 3847, 1021129155, 3854, 1022014845, 3839, 1021116807, 3337, 1038298844, 3329, 1038301578, 3849, 1038295936, 3338, 1038770998, 3330, 1038794128, 3339, 1038339759, 3328, 1037871136, 3834, 1038770569, 3340, 1021078919, 3850, 1038771044, 3577, 1038300512, 3333, 1021975007, 3851, 1038342626, 3594, 1038771032, 4089, 1038297649, 3342, 1022011956, 3334, 1022014983, 3595, 1038341600, 3343, 1021130741, 3580, 1021094576, 3596, 1021077394, 3597, 1022000951, 3853, 1021999928, 3582, 1022042198, 3598, 1022013828, 4091, 1038340870, 3599, 1021132292, 4094, 1022045035, 4090, 1038770536]
[INFO] (lattice_cell.c: 455): on tick 43 of 50
[INFO] (lattice_cell.c: 172): the unmatched_packets is 56
[3592, 1037882259, 3840, 1037880261, 3832, 1037882162, 3576, 1037882166, 3336, 1037882240, 4088, 1037882147, 3328, 1037880254, 3848, 1037882280, 3593, 1038305552, 3841, 1038304388, 3833, 1038302426, 3577, 1038304142, 3337, 1038307260, 3329, 1038307005, 3849, 1038304642, 3594, 1038771793, 3578, 1038771970, 3842, 1038774371, 3338, 1038771789, 3330, 1038774379, 3595, 1038343764, 3596, 1021090162, 3340, 1021091432, 3597, 1021974447, 4091, 1038347852, 3845, 1021998998, 3598, 1022008154, 3583, 1021135207, 3599, 1021147590, 3853, 1021972593, 4092, 1021102231, 3838, 1022015095, 4093, 1021963868, 4094, 1022016929, 4095, 1021136901, 3854, 1022009992, 3855, 1021147873, 3339, 1038342035, 4090, 1038771961, 3850, 1038771792, 3332, 1021062754, 3843, 1038347604, 3333, 1022003451, 3341, 1021977062, 3835, 1038346939, 3844, 1021061241, 3342, 1022005512, 3334, 1022040016, 3836, 1021102528, 3343, 1021146413, 3852, 1021089751, 3335, 1021105954, 3837, 1021965700, 3846, 1022044456, 3579, 1038345233, 3834, 1038771971, 3331, 1038344979, 3851, 1038344684, 3847, 1021107495, 3580, 1021103675, 3839, 1021136511, 3581, 1021968359, 3582, 1022012474, 4089, 1038301497]
[INFO] (lattice_cell.c: 455): on tick 44 of 50
[INFO] (lattice_cell.c: 172): the unmatched_packets is 56
[3592, 1037874332, 3840, 1037895535, 3832, 1037874470, 3576, 1037874454, 3336, 1037874333, 4088, 1037874476, 3328, 1037895525, 3593, 1038299928, 3841, 1038300310, 3833, 1038298066, 3848, 1037874339, 3577, 1038299906, 3337, 1038301797, 4089, 1038297061, 3595, 1038341485, 3834, 1038790429, 3580, 1021091949, 3339, 1038339637, 3843, 1038345733, 3341, 1021969006, 3342, 1022013074, 3599, 1021129662, 3583, 1021137535, 4094, 1022010003, 3839, 1021138957, 3849, 1038298902, 3835, 1038343243, 3842, 1038768164, 3844, 1021075902, 3851, 1038342491, 3845, 1021979571, 3338, 1038790561, 3330, 1038768170, 3331, 1038342872, 3846, 1022022785, 3853, 1021966110, 3340, 1021101420, 3847, 1021116832, 4092, 1021089695, 3854, 1022016064, 3332, 1021078098, 3855, 1021130416, 4093, 1021972829, 3333, 1021982463, 3329, 1038303165, 3594, 1038790574, 3578, 1038790445, 3334, 1022019913, 3343, 1021128138, 3335, 1021114624, 3579, 1038341378, 4090, 1038790419, 3850, 1038790574, 3596, 1021099987, 3852, 1021099312, 3597, 1021967152, 3581, 1021975813, 3837, 1021973933, 3836, 1021090439, 3838, 1022008947, 3598, 1022014972, 3582, 1022007089, 4091, 1038344279, 4095, 1021139672]
[INFO] (lattice_cell.c: 455): on tick 45 of 50
[INFO] (lattice_cell.c: 172): the unmatched_packets is 56
[3840, 1037886663, 3832, 1037883969, 3592, 1037883872, 3848, 1037883879, 3576, 1037883966, 3336, 1037883850, 3328, 1037886653, 3841, 1038304707, 3833, 1038304924, 3849, 1038303180, 3593, 1038304107, 3577, 1038306643, 3578, 1038770524, 3338, 1038770497, 3579, 1038343360, 3595, 1038345835, 3580, 1021048486, 3835, 1038345067, 3843, 1038347505, 3581, 1022014173, 3332, 1021096120, 3597, 1021985243, 3844, 1021094522, 3341, 1021987847, 3583, 1021130504, 4093, 1022009860, 4094, 1022030491, 4095, 1021132184, 4089, 1038303987, 3851, 1038346764, 3836, 1021047284, 3337, 1038305821, 3329, 1038307344, 3852, 1021085913, 3845, 1021962920, 3330, 1038767137, 3846, 1022010003, 3331, 1038344867, 3339, 1038344112, 3838, 1022028736, 3847, 1021140925, 3340, 1021087599, 3854, 1022057431, 3333, 1021967212, 3839, 1021131771, 3855, 1021092985, 4088, 1037883955, 3342, 1022053135, 3334, 1022005695, 3594, 1038770511, 3343, 1021091414, 3842, 1038767125, 3834, 1038770504, 3335, 1021139302, 3850, 1038770518, 3596, 1021086310, 3582, 1022026124, 3837, 1022011608, 3598, 1022055726, 3599, 1021092641, 3853, 1021983463, 4092, 1021046942, 4090, 1038770484, 4091, 1038345997]
[INFO] (lattice_cell.c: 455): on tick 46 of 50
[INFO] (lattice_cell.c: 172): the unmatched_packets is 56
[3592, 1037876486, 3840, 1037864713, 3832, 1037876841, 3576, 1037876817, 3336, 1037876506, 4088, 1037876864, 3328, 1037864702, 4089, 1038292819, 3337, 1038301139, 3579, 1038341234, 4090, 1038787572, 4092, 1021131016, 3341, 1022000875, 3582, 1022036798, 3598, 1021990775, 3845, 1021958736, 4094, 1022039839, 3583, 1021108121, 3599, 1021171155, 4091, 1038344072, 3837, 1021951328, 3593, 1038299299, 3847, 1021147203, 3838, 1022038693, 3839, 1021109517, 3855, 1021171812, 3848, 1037876480, 3841, 1038297508, 3842, 1038800613, 3843, 1038343283, 3835, 1038343074, 3851, 1038338568, 4093, 1021950169, 3852, 1021069461, 3846, 1022000792, 3853, 1021997827, 3329, 1038300318, 3854, 1021991945, 3833, 1038293815, 3577, 1038295648, 3594, 1038788023, 3849, 1038298310, 3338, 1038788002, 3578, 1038787603, 3330, 1038800631, 3339, 1038335725, 3331, 1038340467, 3595, 1038337565, 3834, 1038787591, 3340, 1021071460, 3580, 1021133065, 3332, 1021108746, 3596, 1021070070, 3844, 1021106698, 3850, 1038788008, 3333, 1021961824, 3581, 1021953260, 3597, 1021998974, 3342, 1021988861, 3334, 1021997695, 3836, 1021131644, 3343, 1021169738, 4095, 1021110141, 3335, 1021145140]
[INFO] (lattice_cell.c: 455): on tick 47 of 50
[INFO] (lattice_cell.c: 172): the unmatched_packets is 56
[3592, 1037910010, 3840, 1037897803, 3576, 1037910348, 3832, 1037910353, 3336, 1037910001, 4088, 1037910351, 3328, 1037897794, 3848, 1037910028, 3593, 1038306954, 3833, 1038307947, 3841, 1038309228, 3337, 1038308686, 4089, 1038307044, 3329, 1038311860, 3849, 1038306009, 3594, 1038743108, 3842, 1038756261, 3834, 1038742882, 4090, 1038742860, 3338, 1038743072, 3595, 1038348768, 3330, 1038756271, 3579, 1038345879, 3339, 1038347075, 3835, 1038347608, 3581, 1022030394, 3597, 1021976101, 4092, 1021017967, 3598, 1022072866, 4093, 1022026261, 3846, 1022055584, 3847, 1021079891, 3854, 1022074499, 3577, 1038309638, 3578, 1038742915, 3332, 1021035482, 3850, 1038743136, 3851, 1038349677, 3340, 1021085331, 3836, 1021018449, 3844, 1021033727, 4091, 1038348555, 3341, 1021978576, 3333, 1022011212, 3342, 1022070374, 3334, 1022051490, 3343, 1021062436, 3335, 1021078106, 3837, 1022027899, 3845, 1022007098, 3853, 1021974500, 3838, 1022020287, 3839, 1021130181, 3331, 1038349183, 3855, 1021064260, 3843, 1038351818, 3580, 1021019772, 3596, 1021083959, 3582, 1022017841, 3583, 1021128806, 3852, 1021083481, 3599, 1021063781, 4095, 1021130674, 4094, 1022021899]
[INFO] (lattice_cell.c: 455): on tick 48 of 50
[INFO] (lattice_cell.c: 172): the unmatched_packets is 56
[3592, 1037842499, 3840, 1037853119, 3832, 1037842170, 3576, 1037842178, 3336, 1037842481, 3328, 1037853112, 3848, 1037842518, 4088, 1037842163, 3593, 1038294832, 3337, 1038296664, 3329, 1038297327, 3594, 1038823157, 3841, 1038294512, 3338, 1038823175, 3339, 1038336554, 3580, 1021201270, 3341, 1021965006, 3582, 1021999729, 3343, 1021237082, 3583, 1021161230, 3577, 1038296379, 3847, 1021175535, 4091, 1038339739, 4093, 1021876044, 3330, 1038812050, 3849, 1038293852, 4089, 1038293535, 3331, 1038337568, 3340, 1021124355, 3332, 1021136768, 3834, 1038823492, 3843, 1038340394, 3342, 1021915388, 4095, 1021163057, 3833, 1038294536, 3844, 1021135043, 3578, 1038823476, 3335, 1021173760, 3845, 1021942858, 4094, 1022003038, 3852, 1021122547, 3837, 1021877358, 3846, 1021984393, 3842, 1038812036, 3579, 1038336924, 3853, 1021961683, 3595, 1038338400, 3838, 1022001767, 3850, 1038823137, 3596, 1021123069, 3854, 1021918769, 3835, 1038338756, 3839, 1021162517, 3855, 1021238777, 3581, 1021879412, 3836, 1021200053, 3597, 1021962988, 3851, 1038339401, 3334, 1021981182, 3598, 1021917460, 3599, 1021238293, 3333, 1021946098, 4092, 1021199590, 4090, 1038823490]
[INFO] (lattice_cell.c: 455): on tick 49 of 50
[INFO] (lattice_cell.c: 172): the unmatched_packets is 56
[3592, 1037920541, 3840, 1037940183, 3832, 1037921159, 3576, 1037921119, 3336, 1037920560, 4088, 1037921181, 3848, 1037920537, 3328, 1037940171, 3593, 1038309926, 3841, 1038308422, 3833, 1038304807, 3577, 1038306508, 3337, 1038311628, 4089, 1038303888, 3849, 1038309021, 3329, 1038310994, 3594, 1038733000, 3834, 1038732400, 3842, 1038712111, 3578, 1038732438, 3338, 1038732964, 4090, 1038732371, 3850, 1038733020, 3595, 1038345513, 3580, 1020957567, 4091, 1038351607, 3331, 1038348435, 3340, 1021033988, 4092, 1020955449, 3341, 1022019224, 3583, 1021076446, 3843, 1038351014, 4093, 1022102645, 3851, 1038346439, 3844, 1020996126, 3836, 1020956058, 4095, 1021078524, 3852, 1021031911, 3837, 1022104068, 3845, 1022048462, 3853, 1022015341, 3846, 1022095820, 3854, 1022149417, 3847, 1021043766, 4094, 1022063707, 3330, 1038712121, 3579, 1038349003, 3339, 1038343804, 3838, 1022062211, 3596, 1021032516, 3835, 1038350692, 3332, 1020998268, 3333, 1022052256, 3581, 1022106327, 3597, 1022016829, 3342, 1022145742, 3334, 1022092020, 3582, 1022059832, 3598, 1022147994, 3343, 1021001672, 3335, 1021041584, 3599, 1021003186, 3839, 1021077918, 3855, 1021003805]
[INFO] (lattice_cell.c: 455): on tick 50 of 50
[INFO] (lattice_cell.c: 466): updating recording regions
[INFO] (recording.c: 507): 	Finalising channel 0 - state info stored in SDRAM
[INFO] (recording.c: 512): closed channel 0.
[INFO] (lattice_cell.c: 470): Simulation complete.

