[INFO] (lattice_cell.c: 604): starting lattice cell
[INFO] (lattice_cell.c: 526): Initialise: started
[INFO] (data_specification.c: 78): magic = ad130ad6, version = 1.0
[INFO] (lattice_cell.c: 555): my key is 896
[INFO] (lattice_cell.c: 562): I'm in position ( 3, 16)
[INFO] (lattice_cell.c: 568): my n key is 640
[INFO] (lattice_cell.c: 574): my U_X = 0.009999994188547134
[INFO] (lattice_cell.c: 575): my U_Y = 0.0004157348012086004
[INFO] (lattice_cell.c: 583): input_buffer initialised
[INFO] (recording.c: 563): Recording 1 regions, using output tag 0, size before trigger 7686388, time between triggers 50
[INFO] (recording.c: 665): Recording channel 0 configured to use 7686132 byte memory block starting at 0x63593738
[INFO] (lattice_cell.c: 588): Recording flags = 0x00000001
[INFO] (lattice_cell.c: 619): setting timer to execute every 200000 microseconds
[INFO] (lattice_cell.c: 627): Starting

[INFO] (simulation.c: 159): Setting the runtime of this model to 50 starting at 0
[INFO] (simulation.c: 161): Setting the flag of infinite run for this model to 0
[INFO] (simulation.c: 175): Resuming
[INFO] (lattice_cell.c: 455): on tick 0 of 50
[640, 1038779580, 888, 1038779581, 632, 1038779579, 904, 1038779581, 648, 1038779579, 1144, 1038779583, 889, 1038337402, 641, 1038339473, 905, 1038337402, 633, 1038339473, 649, 1038339473, 906, 1037884799, 642, 1037884796, 634, 1037884797, 650, 1037884797, 643, 1038298139, 652, 1022024298, 1147, 1038302980, 655, 1021980485, 635, 1038298139, 644, 1022024298, 637, 1021127037, 645, 1021127036, 653, 1021127037, 646, 1021088180, 639, 1021980485, 647, 1021980486, 1145, 1038334614, 1153, 1038334614, 1162, 1037884801, 890, 1037884799, 1163, 1038302980, 891, 1038300202, 1164, 1022019151, 907, 1038300202, 1149, 1021122472, 638, 1021088182, 892, 1022022103, 1157, 1021122469, 654, 1021088182, 1150, 1021092731, 908, 1022022103, 1166, 1021092731, 893, 1021125090, 1158, 1021092729, 1161, 1038334614, 1146, 1037884801, 894, 1021090121, 651, 1038298139, 909, 1021125090, 1154, 1037884798, 895, 1021982674, 910, 1021090121, 1165, 1021122472, 911, 1021982674, 1155, 1038302978, 1156, 1022019149, 636, 1022024298, 1159, 1021985617, 1148, 1022019151, 1167, 1021985618, 1160, 1038779583, 1151, 1021985618, 1152, 1038779582]
[INFO] (lattice_cell.c: 455): on tick 1 of 50
[INFO] (lattice_cell.c: 172): the unmatched_packets is 56
[640, 1038774642, 888, 1038774635, 632, 1038774639, 904, 1038774635, 648, 1038774639, 1152, 1038774640, 1144, 1038774631, 1160, 1038774635, 641, 1038347699, 889, 1038345686, 633, 1038347699, 905, 1038345688, 649, 1038347701, 1153, 1038342966, 1145, 1038342964, 890, 1037879855, 642, 1037879856, 634, 1037879861, 650, 1037879859, 1154, 1037879852, 1161, 1038342966, 1162, 1037879857, 891, 1038308769, 643, 1038306760, 635, 1038306762, 651, 1038306760, 908, 1022013684, 644, 1022016538, 636, 1022016543, 637, 1021125052, 895, 1021981147, 646, 1021080231, 1157, 1021121560, 655, 1021978309, 645, 1021125058, 653, 1021125064, 638, 1021080237, 654, 1021080227, 1166, 1021083710, 647, 1021978305, 639, 1021978302, 906, 1037879855, 907, 1038308767, 1150, 1021083721, 1163, 1038311489, 892, 1022013693, 1155, 1038311489, 893, 1021123709, 1147, 1038311485, 1164, 1022010206, 909, 1021123722, 894, 1021081578, 910, 1021081563, 1158, 1021083720, 911, 1021981156, 1159, 1021984625, 1167, 1021984630, 1151, 1021984615, 1146, 1037879853, 652, 1022016536, 1165, 1021121567, 1148, 1022010214, 1149, 1021121550, 1156, 1022010210]
[INFO] (lattice_cell.c: 455): on tick 2 of 50
[INFO] (lattice_cell.c: 172): the unmatched_packets is 56
[640, 1038780024, 888, 1038780033, 632, 1038780031, 904, 1038780025, 648, 1038780031, 1152, 1038780024, 1144, 1038780031, 1160, 1038780031, 641, 1038340187, 633, 1038340189, 649, 1038340189, 642, 1037885228, 634, 1037885223, 644, 1022024237, 908, 1022022130, 650, 1037885221, 653, 1021127114, 910, 1021090804, 635, 1038298340, 651, 1038298340, 652, 1022024247, 1159, 1021986386, 646, 1021088959, 654, 1021088982, 647, 1021981426, 639, 1021981438, 643, 1038298338, 645, 1021127122, 637, 1021127144, 638, 1021088954, 655, 1021981398, 889, 1038338094, 1162, 1037885229, 1155, 1038303239, 1156, 1022019263, 905, 1038338092, 1157, 1021122794, 890, 1037885227, 1149, 1021122818, 1165, 1021122788, 906, 1037885223, 1150, 1021093268, 891, 1038300431, 907, 1038300429, 1151, 1021986392, 1153, 1038335270, 1167, 1021986364, 892, 1022022100, 1161, 1038335268, 893, 1021125317, 894, 1021090777, 1158, 1021093276, 909, 1021125287, 895, 1021983547, 1146, 1037885229, 1164, 1022019268, 636, 1022024205, 911, 1021983505, 1163, 1038303237, 1166, 1021093298, 1147, 1038303235, 1148, 1022019238, 1145, 1038335272, 1154, 1037885234]
[INFO] (lattice_cell.c: 455): on tick 3 of 50
[INFO] (lattice_cell.c: 172): the unmatched_packets is 56
[640, 1038774688, 888, 1038774637, 632, 1038774639, 648, 1038774637, 1152, 1038774686, 1144, 1038774639, 1160, 1038774643, 904, 1038774639, 641, 1038347559, 889, 1038345590, 633, 1038347549, 649, 1038347559, 1153, 1038342940, 905, 1038345596, 890, 1037879967, 642, 1037879930, 634, 1037879969, 650, 1037879975, 891, 1038308934, 907, 1038308928, 643, 1038306979, 635, 1038306979, 892, 1022014510, 651, 1038306969, 1145, 1038342930, 636, 1022017389, 893, 1021123860, 653, 1021125469, 1155, 1038311595, 647, 1021977739, 639, 1021977673, 644, 1022017265, 652, 1022017196, 1151, 1021984077, 645, 1021125417, 646, 1021079980, 1147, 1038311597, 1163, 1038311587, 1156, 1022010843, 1148, 1022010983, 1154, 1037879926, 1164, 1022010766, 1157, 1021121715, 906, 1037879965, 1150, 1021083720, 1159, 1021984147, 1149, 1021121601, 908, 1022014307, 1167, 1021984282, 894, 1021081469, 909, 1021124035, 895, 1021980553, 1165, 1021121777, 910, 1021081288, 654, 1021079859, 911, 1021980748, 1166, 1021083546, 637, 1021125305, 638, 1021080029, 655, 1021977874, 1146, 1037879967, 1162, 1037879969, 1158, 1021083654, 1161, 1038342934]
[INFO] (lattice_cell.c: 455): on tick 4 of 50
[INFO] (lattice_cell.c: 172): the unmatched_packets is 56
[888, 1038780309, 904, 1038780317, 640, 1038780106, 632, 1038780311, 648, 1038780315, 889, 1038338354, 905, 1038338322, 641, 1038340438, 633, 1038340464, 649, 1038340432, 906, 1037884951, 642, 1037885140, 650, 1037884951, 634, 1037884943, 643, 1038298134, 635, 1038298130, 651, 1038298166, 636, 1022022869, 645, 1021127004, 637, 1021127547, 646, 1021089172, 1146, 1037884951, 647, 1021981944, 644, 1022023552, 653, 1021126739, 638, 1021088907, 639, 1021982240, 655, 1021981269, 1159, 1021986797, 654, 1021089717, 1160, 1038780317, 1153, 1038335474, 1145, 1038335506, 1161, 1038335462, 1152, 1038780104, 1147, 1038303072, 890, 1037884943, 1156, 1022018691, 891, 1038300233, 907, 1038300277, 892, 1022020796, 1162, 1037884951, 893, 1021125855, 908, 1022021778, 894, 1021090597, 1155, 1038303078, 909, 1021125052, 895, 1021984306, 1163, 1038303110, 1148, 1022018010, 1164, 1022018987, 1149, 1021123494, 1165, 1021122687, 910, 1021091420, 1158, 1021093213, 1150, 1021092944, 1166, 1021093763, 1151, 1021987098, 911, 1021983332, 1154, 1037885146, 652, 1022023851, 1157, 1021122955, 1144, 1038780317, 1167, 1021986124]
[INFO] (lattice_cell.c: 455): on tick 5 of 50
[INFO] (lattice_cell.c: 172): the unmatched_packets is 56
[640, 1038774272, 888, 1038773290, 632, 1038773290, 1152, 1038774278, 648, 1038773288, 904, 1038773284, 1144, 1038773288, 1160, 1038773288, 641, 1038347367, 889, 1038345264, 633, 1038347175, 1153, 1038342842, 649, 1038347421, 1145, 1038342646, 642, 1037880338, 890, 1037881284, 634, 1037881286, 650, 1037881284, 1154, 1037880334, 905, 1038345504, 906, 1037881280, 643, 1038307077, 635, 1038307115, 651, 1038306880, 644, 1022018376, 636, 1022021730, 652, 1022016921, 645, 1021125275, 653, 1021126589, 895, 1021978854, 639, 1021975997, 637, 1021122722, 655, 1021980774, 646, 1021079609, 654, 1021077039, 1148, 1022015283, 1161, 1038342892, 1146, 1037881278, 1162, 1037881276, 891, 1038309024, 1155, 1038311593, 907, 1038308790, 1163, 1038311406, 1147, 1038311637, 908, 1022014043, 892, 1022018841, 893, 1021121167, 1157, 1021121357, 1149, 1021118799, 909, 1021125031, 894, 1021082461, 1159, 1021983852, 910, 1021078579, 911, 1021983644, 1166, 1021080941, 638, 1021080906, 647, 1021977445, 1156, 1022011947, 1167, 1021987183, 1151, 1021982390, 1165, 1021122661, 1164, 1022010492, 1158, 1021083515, 1150, 1021084818]
[INFO] (lattice_cell.c: 455): on tick 6 of 50
[INFO] (lattice_cell.c: 172): the unmatched_packets is 56
[640, 1038782102, 888, 1038786284, 632, 1038786282, 648, 1038786298, 1152, 1038782102, 1160, 1038786292, 1144, 1038786286, 904, 1038786294, 641, 1038340834, 889, 1038339542, 633, 1038341661, 649, 1038340600, 1153, 1038335845, 905, 1038338472, 1161, 1038335604, 1145, 1038336686, 642, 1037883206, 890, 1037879176, 634, 1037879178, 650, 1037879160, 1154, 1037883208, 1146, 1037879174, 906, 1037879162, 643, 1038298169, 635, 1038297940, 907, 1038301087, 651, 1038298976, 1155, 1038303146, 1147, 1038302914, 644, 1022020907, 636, 1022006131, 1163, 1038303927, 652, 1022027448, 1162, 1037879162, 645, 1021128198, 653, 1021122539, 895, 1021989150, 910, 1021103343, 646, 1021090312, 647, 1021980568, 639, 1021987075, 637, 1021139588, 638, 1021084676, 654, 1021101797, 1148, 1022001273, 1157, 1021124438, 1149, 1021135818, 1165, 1021118778, 891, 1038300059, 1158, 1021094083, 1166, 1021105578, 1151, 1021991913, 892, 1022004054, 908, 1022025379, 1150, 1021088422, 1159, 1021985395, 893, 1021138033, 655, 1021965801, 1167, 1021970668, 909, 1021120989, 1164, 1022022606, 894, 1021086211, 1156, 1022016063, 911, 1021967891]
[INFO] (lattice_cell.c: 455): on tick 7 of 50
[INFO] (lattice_cell.c: 172): the unmatched_packets is 56
[640, 1038765401, 888, 1038754325, 632, 1038754323, 648, 1038754261, 1152, 1038765399, 1144, 1038754319, 1160, 1038754267, 904, 1038754267, 641, 1038346353, 889, 1038344317, 633, 1038346229, 649, 1038347337, 1153, 1038341890, 1145, 1038341721, 1161, 1038342878, 642, 1037888904, 890, 1037899592, 634, 1037899594, 906, 1037899646, 650, 1037899650, 905, 1038345458, 1154, 1037888898, 891, 1038309084, 643, 1038306242, 907, 1038308107, 635, 1038307198, 651, 1038306203, 644, 1022028258, 652, 1022006639, 636, 1022071564, 653, 1021138008, 638, 1021092415, 639, 1021964379, 655, 1022029187, 645, 1021119857, 647, 1021985952, 637, 1021077080, 1165, 1021133854, 654, 1021031156, 1148, 1022065324, 1146, 1037899598, 1162, 1037899642, 1155, 1038310708, 1147, 1038311647, 892, 1022068810, 908, 1022003816, 1156, 1022021928, 893, 1021075458, 909, 1021136335, 894, 1021094067, 1158, 1021078320, 1150, 1021096550, 895, 1021967188, 1166, 1021035205, 910, 1021032766, 1159, 1021992244, 1151, 1021970714, 911, 1022031953, 646, 1021074225, 1157, 1021115724, 1164, 1022000298, 1167, 1022035409, 1149, 1021073013, 1163, 1038310707]
[INFO] (lattice_cell.c: 455): on tick 8 of 50
[INFO] (lattice_cell.c: 172): the unmatched_packets is 56
[640, 1038811302, 632, 1038821713, 904, 1038821763, 648, 1038821763, 1152, 1038811302, 888, 1038821721, 641, 1038341553, 1160, 1038821763, 1144, 1038821719, 633, 1038340105, 889, 1038338042, 905, 1038339174, 649, 1038341291, 642, 1037855016, 890, 1037844824, 906, 1037844792, 1153, 1038336599, 634, 1037844824, 635, 1038298396, 651, 1038296954, 644, 1021991663, 893, 1021240870, 652, 1022034125, 636, 1021908903, 894, 1021075236, 653, 1021111969, 637, 1021242372, 1148, 1021903748, 638, 1021073811, 643, 1038298559, 645, 1021154208, 1149, 1021238696, 646, 1021116426, 655, 1021869899, 647, 1021952355, 650, 1037844786, 1147, 1038303360, 1156, 1021986623, 1165, 1021108470, 1145, 1038335226, 1166, 1021208590, 891, 1038300510, 907, 1038299007, 1159, 1021957376, 1167, 1021875048, 892, 1021906662, 1161, 1038336308, 1164, 1022029205, 908, 1022031999, 1155, 1038303487, 909, 1021110556, 1162, 1037844788, 654, 1021204912, 895, 1021997004, 910, 1021206423, 1157, 1021150653, 911, 1021872146, 1150, 1021077311, 1163, 1038301813, 1154, 1037855012, 1146, 1037844816, 639, 1021994874, 1158, 1021119966, 1151, 1021999807]
[INFO] (lattice_cell.c: 455): on tick 9 of 50
[INFO] (lattice_cell.c: 172): the unmatched_packets is 56
[640, 1038707604, 888, 1038721534, 904, 1038721662, 632, 1038721518, 648, 1038721666, 1144, 1038721544, 1160, 1038721650, 889, 1038344075, 641, 1038348431, 633, 1038346017, 649, 1038347019, 1161, 1038342566, 905, 1038345141, 890, 1037931647, 1145, 1038341435, 906, 1037931519, 642, 1037944861, 634, 1037931655, 650, 1037931513, 1154, 1037944855, 891, 1038308881, 643, 1038308567, 635, 1038307005, 1146, 1037931635, 651, 1038306311, 644, 1022096595, 893, 1020969202, 652, 1022038845, 636, 1022180160, 645, 1021045136, 647, 1022053178, 911, 1022138601, 655, 1022136054, 646, 1020998972, 654, 1020924789, 639, 1021995332, 638, 1021064313, 1162, 1037931525, 1155, 1038313070, 1153, 1038343917, 907, 1038308248, 1147, 1038311457, 1152, 1038707610, 1148, 1022174320, 1157, 1021040932, 1165, 1021105471, 892, 1022177609, 1149, 1020966772, 1158, 1021003139, 908, 1022036157, 1166, 1020928810, 909, 1021108022, 894, 1021066047, 1159, 1022059072, 895, 1021998016, 637, 1020970813, 910, 1020926385, 1163, 1038310884, 653, 1021109771, 1164, 1022032736, 1150, 1021068564, 1156, 1022090669, 1167, 1022141885, 1151, 1022001412]
[INFO] (lattice_cell.c: 455): on tick 10 of 50
[INFO] (lattice_cell.c: 172): the unmatched_packets is 56
[640, 1038864162, 888, 1038824535, 632, 1038824553, 904, 1038824219, 648, 1038824197, 1152, 1038864158, 1144, 1038824519, 1160, 1038824237, 641, 1038341548, 889, 1038339335, 633, 1038341353, 649, 1038339726, 1153, 1038336739, 1161, 1038334858, 905, 1038337670, 1145, 1038336572, 642, 1037803264, 890, 1037841442, 634, 1037841430, 650, 1037841748, 1154, 1037803258, 906, 1037841726, 891, 1038298565, 643, 1038298213, 907, 1038299964, 635, 1038296520, 651, 1038297955, 892, 1021903186, 1146, 1037841464, 644, 1021878658, 636, 1021905556, 893, 1021237302, 652, 1021936282, 637, 1021238774, 653, 1021215700, 646, 1021226738, 647, 1021840562, 645, 1021264431, 638, 1021177708, 1162, 1037841698, 1155, 1038303002, 1147, 1038301361, 1156, 1021873221, 1148, 1021900182, 1163, 1038302724, 1157, 1021260917, 908, 1021933960, 1158, 1021230246, 1150, 1021181057, 654, 1021200451, 909, 1021214339, 894, 1021179040, 1159, 1021845966, 895, 1021900156, 1164, 1021930998, 910, 1021201931, 1165, 1021212314, 1166, 1021204084, 911, 1021870681, 1167, 1021873674, 655, 1021868306, 639, 1021897844, 1151, 1021903133, 1149, 1021235140]
[INFO] (lattice_cell.c: 455): on tick 11 of 50
[INFO] (lattice_cell.c: 172): the unmatched_packets is 56
[640, 1038726460, 888, 1038743307, 632, 1038743305, 648, 1038743499, 1152, 1038726468, 1144, 1038743305, 1160, 1038743485, 904, 1038743497, 641, 1038346583, 889, 1038345336, 633, 1038347262, 649, 1038346118, 1153, 1038342014, 642, 1037927758, 890, 1037910801, 1145, 1038342720, 634, 1037910817, 650, 1037910691, 891, 1038308208, 643, 1038306802, 892, 1022028664, 635, 1038306271, 1154, 1037927758, 651, 1038307421, 636, 1022031091, 645, 1020979900, 646, 1020934694, 647, 1022126381, 911, 1021988161, 1158, 1020938827, 637, 1021116334, 653, 1020975419, 654, 1021071422, 655, 1021985719, 639, 1022131218, 1147, 1038310828, 1148, 1022025405, 1164, 1022169772, 1157, 1020975737, 1149, 1021112165, 1166, 1021075552, 905, 1038344182, 1161, 1038341561, 906, 1037910699, 652, 1022175344, 1167, 1021991377, 1162, 1037910709, 907, 1038309344, 908, 1022172926, 893, 1021114656, 1146, 1037910785, 894, 1020931214, 1155, 1038311375, 909, 1020973654, 895, 1022133619, 910, 1021073082, 1151, 1022136787, 1163, 1038311963, 1165, 1020971085, 644, 1022171580, 1159, 1022131978, 638, 1020929485, 1150, 1020933783, 1156, 1022165966]
[INFO] (lattice_cell.c: 455): on tick 12 of 50
[INFO] (lattice_cell.c: 172): the unmatched_packets is 56
[640, 1038769819, 888, 1038804184, 632, 1038804162, 648, 1038804366, 1152, 1038769829, 904, 1038804356, 889, 1038337567, 641, 1038341596, 633, 1038339580, 905, 1038340412, 649, 1038342392, 1153, 1038336851, 1144, 1038804208, 1161, 1038337667, 890, 1037861427, 642, 1037893954, 634, 1037861437, 650, 1037861187, 643, 1038298288, 907, 1038298388, 635, 1038299064, 636, 1022060516, 1162, 1037861203, 654, 1021051612, 647, 1021915086, 651, 1038296375, 644, 1021952065, 652, 1021864154, 645, 1021192970, 653, 1021280027, 646, 1021153726, 639, 1021826478, 655, 1022022922, 1145, 1038334797, 906, 1037861193, 1155, 1038303016, 891, 1038301043, 892, 1022058052, 1154, 1037893948, 637, 1021090379, 1164, 1021858515, 1146, 1037861417, 908, 1021861656, 1158, 1021157078, 893, 1021089070, 894, 1021242917, 909, 1021278708, 1147, 1038303783, 895, 1021828991, 910, 1021052890, 1149, 1021087086, 1165, 1021276701, 911, 1022025404, 1151, 1021832118, 1167, 1022028483, 1148, 1022054956, 638, 1021241600, 1163, 1038301147, 1150, 1021244913, 1156, 1021946519, 1160, 1038804336, 1157, 1021189605, 1166, 1021054879, 1159, 1021920605]
[INFO] (lattice_cell.c: 455): on tick 13 of 50
[INFO] (lattice_cell.c: 172): the unmatched_packets is 56
[640, 1038797142, 888, 1038765106, 632, 1038765124, 904, 1038764854, 648, 1038764828, 1152, 1038797138, 1144, 1038765072, 1160, 1038764874, 641, 1038347804, 889, 1038345067, 633, 1038346981, 905, 1038344756, 649, 1038346690, 1153, 1038343272, 1161, 1038342123, 1145, 1038342458, 642, 1037858074, 890, 1037889344, 634, 1037889344, 906, 1037889645, 650, 1037889667, 1154, 1037858066, 1146, 1037889366, 1162, 1037889629, 891, 1038308521, 643, 1038307648, 635, 1038306594, 907, 1038308698, 651, 1038306785, 892, 1022018369, 644, 1021993313, 636, 1022020644, 652, 1022104218, 645, 1021148888, 1163, 1038311308, 653, 1021045752, 637, 1021125855, 646, 1021104251, 638, 1021001407, 654, 1021080657, 911, 1021978666, 1155, 1038312169, 1156, 1021987930, 908, 1022101922, 893, 1021123991, 1157, 1021144438, 647, 1021948498, 909, 1021043963, 894, 1021003178, 1159, 1021953857, 895, 1022061118, 910, 1021082503, 1164, 1022098857, 639, 1022058840, 1149, 1021121360, 655, 1021976397, 1165, 1021041409, 1150, 1021005725, 1166, 1021085130, 1151, 1022064198, 1148, 1022015345, 1167, 1021981705, 1158, 1021108670, 1147, 1038311150]
[INFO] (lattice_cell.c: 455): on tick 14 of 50
[INFO] (lattice_cell.c: 172): the unmatched_packets is 56
[640, 1038788021, 888, 1038770054, 632, 1038770050, 904, 1038770058, 648, 1038770050, 1152, 1038788013, 889, 1038338799, 905, 1038338317, 641, 1038340964, 649, 1038340302, 633, 1038340781, 650, 1037894377, 635, 1038297334, 637, 1021153063, 1147, 1038302045, 653, 1021122833, 655, 1021958292, 634, 1037894396, 643, 1038298050, 651, 1038297829, 636, 1021996812, 644, 1022051499, 645, 1021098103, 638, 1021082852, 646, 1021059051, 654, 1021114006, 639, 1021990815, 647, 1022012869, 1146, 1037894380, 642, 1037878117, 652, 1022028390, 1155, 1038302761, 1163, 1038302537, 1144, 1038770066, 1160, 1038770050, 1165, 1021119717, 890, 1037894388, 906, 1037894371, 1162, 1037894371, 891, 1038299321, 1153, 1038336225, 892, 1021994189, 1161, 1038335578, 907, 1038299812, 893, 1021151908, 1158, 1021062028, 1150, 1021085942, 1166, 1021116986, 908, 1022025818, 894, 1021084039, 909, 1021121646, 895, 1021993366, 910, 1021115153, 911, 1021960890, 1148, 1021990942, 1164, 1022022635, 1156, 1022045654, 1151, 1021996542, 1157, 1021095094, 1149, 1021150038, 1145, 1038336061, 1159, 1022018727, 1167, 1021964144, 1154, 1037878121]
[INFO] (lattice_cell.c: 455): on tick 15 of 50
[INFO] (lattice_cell.c: 172): the unmatched_packets is 56
[640, 1038759971, 888, 1038782227, 632, 1038782231, 904, 1038782343, 648, 1038782345, 1152, 1038759967, 641, 1038347856, 889, 1038344950, 633, 1038346853, 905, 1038345879, 649, 1038347775, 1144, 1038782229, 642, 1037893969, 890, 1037872439, 1153, 1038343341, 634, 1037872451, 650, 1037872346, 643, 1038307202, 635, 1038307121, 892, 1022012547, 644, 1022037904, 636, 1022014679, 908, 1021986333, 893, 1021127756, 652, 1021988490, 894, 1021114280, 638, 1021112377, 654, 1021085495, 655, 1021970665, 1148, 1022009611, 651, 1038306207, 645, 1021106379, 637, 1021129668, 653, 1021156571, 646, 1021062024, 639, 1021944633, 1167, 1021975734, 1163, 1038310730, 1160, 1038782337, 1145, 1038342336, 1161, 1038343268, 1154, 1037893959, 1156, 1022032873, 906, 1037872356, 1155, 1038311706, 891, 1038309022, 907, 1038308123, 1158, 1021066629, 1146, 1037872420, 1162, 1037872358, 909, 1021154638, 1164, 1021983418, 1157, 1021101762, 895, 1021946788, 1149, 1021125067, 1147, 1038311636, 910, 1021087386, 911, 1021972822, 647, 1021994064, 1165, 1021151931, 1166, 1021090083, 1150, 1021116988, 1159, 1021999075, 1151, 1021949692]
[INFO] (lattice_cell.c: 455): on tick 16 of 50
[INFO] (lattice_cell.c: 172): the unmatched_packets is 56
[640, 1038771412, 888, 1038788384, 632, 1038788374, 648, 1038788448, 1152, 1038771420, 1144, 1038788392, 1160, 1038788450, 904, 1038788446, 641, 1038341037, 889, 1038337839, 633, 1038339811, 649, 1038340777, 1153, 1038336359, 1145, 1038335124, 1161, 1038336093, 905, 1038338807, 642, 1037892690, 634, 1037877159, 650, 1037877112, 1154, 1037892676, 643, 1038298491, 635, 1038298261, 908, 1022018173, 651, 1038297295, 645, 1021144849, 895, 1021984122, 654, 1021071416, 910, 1021072468, 1157, 1021141962, 644, 1022003838, 636, 1022040028, 652, 1022020859, 646, 1021104459, 653, 1021131654, 638, 1021091698, 1156, 1021997810, 890, 1037877158, 906, 1037877112, 1158, 1021107332, 891, 1038300226, 907, 1038299256, 1147, 1038302925, 892, 1022037347, 1146, 1037877156, 1149, 1021108725, 893, 1021110516, 1150, 1021094516, 1151, 1021987460, 909, 1021130606, 1164, 1022014802, 894, 1021092743, 1163, 1038301971, 911, 1022003529, 647, 1021964831, 639, 1021981430, 655, 1022000842, 637, 1021111599, 1165, 1021128813, 1167, 1022006858, 1166, 1021074253, 1159, 1021970820, 1155, 1038303156, 1148, 1022034007, 1162, 1037877118]
[INFO] (lattice_cell.c: 455): on tick 17 of 50
[INFO] (lattice_cell.c: 172): the unmatched_packets is 56
[640, 1038783527, 888, 1038769646, 632, 1038769644, 904, 1038769509, 648, 1038769499, 1160, 1038769517, 1152, 1038783527, 1144, 1038769632, 641, 1038348121, 889, 1038345445, 633, 1038347345, 649, 1038347662, 1153, 1038343605, 1161, 1038343138, 905, 1038345762, 1145, 1038342826, 642, 1037871352, 890, 1037884730, 634, 1037884724, 650, 1037884860, 643, 1038306910, 1154, 1037871354, 635, 1038306441, 907, 1038308035, 651, 1038306133, 644, 1022001724, 908, 1022039195, 636, 1022028783, 645, 1021139694, 653, 1021104795, 638, 1021061719, 655, 1021985786, 652, 1022041252, 637, 1021116327, 1166, 1021077633, 639, 1021997913, 647, 1021958549, 1148, 1022023969, 1156, 1021996870, 1150, 1021066358, 906, 1037884842, 1162, 1037884832, 1159, 1021963396, 1167, 1021990592, 1164, 1022036404, 891, 1038308341, 1157, 1021134996, 1149, 1021111631, 1158, 1021101192, 1146, 1037884732, 892, 1022026751, 893, 1021114361, 894, 1021063670, 909, 1021102842, 895, 1021999956, 910, 1021074909, 911, 1021987816, 646, 1021096534, 654, 1021072955, 1151, 1022002750, 1155, 1038311428, 1163, 1038310655, 1165, 1021100151, 1147, 1038310954]
[INFO] (lattice_cell.c: 455): on tick 18 of 50
[INFO] (lattice_cell.c: 172): the unmatched_packets is 56
[1152, 1038789111, 1144, 1038771577, 640, 1038789105, 632, 1038771575, 904, 1038771571, 888, 1038771577, 648, 1038771559, 1160, 1038771579, 1153, 1038336037, 641, 1038340660, 1145, 1038335321, 633, 1038339935, 905, 1038338407, 889, 1038337994, 649, 1038340355, 1161, 1038335729, 1154, 1037876622, 642, 1037876616, 890, 1037892726, 634, 1037892726, 1146, 1037892728, 906, 1037892754, 650, 1037892750, 1162, 1037892750, 1155, 1038303247, 643, 1038298633, 1147, 1038302959, 635, 1038298341, 891, 1038300290, 907, 1038299829, 651, 1038297892, 1163, 1038302483, 644, 1022031132, 636, 1022012735, 1148, 1022006568, 893, 1021138273, 652, 1022027093, 909, 1021125361, 894, 1021085736, 638, 1021084719, 647, 1021990761, 637, 1021139299, 653, 1021126388, 646, 1021078310, 654, 1021098016, 639, 1021987160, 655, 1021972446, 1165, 1021123564, 1158, 1021081057, 1156, 1022024960, 1167, 1021978641, 892, 1022009981, 908, 1022024351, 1157, 1021116760, 1164, 1022020957, 645, 1021119551, 895, 1021989899, 1166, 1021100797, 910, 1021099030, 1151, 1021993290, 911, 1021975211, 1149, 1021136483, 1150, 1021087513, 1159, 1021996939]
[INFO] (lattice_cell.c: 455): on tick 19 of 50
[INFO] (lattice_cell.c: 172): the unmatched_packets is 56
[640, 1038770569, 888, 1038776369, 904, 1038776393, 632, 1038776365, 648, 1038776387, 1152, 1038770559, 1144, 1038776371, 1160, 1038776389, 641, 1038348484, 889, 1038345486, 633, 1038347383, 649, 1038348300, 1153, 1038343964, 1161, 1038343777, 1145, 1038342847, 905, 1038346396, 642, 1037883761, 634, 1037878061, 650, 1037878051, 643, 1038306637, 635, 1038306451, 907, 1038307463, 651, 1038305559, 893, 1021132714, 645, 1021108408, 653, 1021139358, 646, 1021066293, 1163, 1038310093, 655, 1021965493, 636, 1022007674, 652, 1022004530, 637, 1021134666, 638, 1021097208, 647, 1021991561, 639, 1021962482, 1165, 1021134691, 1155, 1038311158, 1147, 1038310971, 1156, 1022029052, 1164, 1021999859, 890, 1037878051, 906, 1037878041, 1154, 1037883753, 1146, 1037878055, 891, 1038308339, 892, 1022005688, 908, 1022002552, 1166, 1021097180, 909, 1021137390, 894, 1021099171, 895, 1021964463, 910, 1021094498, 1148, 1022003001, 911, 1021967459, 1150, 1021101856, 644, 1022033727, 654, 1021092561, 1158, 1021070911, 1157, 1021103767, 1159, 1021996199, 1149, 1021130040, 1167, 1021970159, 1162, 1037878045, 1151, 1021967180]
[INFO] (lattice_cell.c: 455): on tick 20 of 50
[INFO] (lattice_cell.c: 172): the unmatched_packets is 56
[640, 1038770905, 888, 1038787433, 632, 1038787430, 904, 1038787504, 648, 1038787508, 1152, 1038770909, 1144, 1038787435, 1160, 1038787510, 641, 1038340534, 889, 1038337499, 633, 1038339408, 649, 1038340298, 1153, 1038335974, 1145, 1038334854, 1161, 1038335722, 905, 1038338377, 642, 1037893306, 890, 1037877895, 634, 1037877903, 650, 1037877861, 643, 1038299024, 907, 1038299808, 1146, 1037877883, 635, 1038298815, 651, 1038297892, 908, 1022015671, 644, 1022021113, 636, 1022027580, 909, 1021135255, 638, 1021093760, 647, 1021979801, 645, 1021130382, 637, 1021125401, 653, 1021136265, 646, 1021087733, 654, 1021082928, 1149, 1021122581, 1158, 1021090558, 1155, 1038303572, 1147, 1038303370, 906, 1037877863, 891, 1038300732, 1154, 1037893308, 652, 1022018444, 892, 1022024802, 1165, 1021133458, 1150, 1021096567, 893, 1021124377, 894, 1021094785, 1164, 1022012223, 1163, 1038302436, 1159, 1021986043, 895, 1021979778, 1151, 1021983242, 910, 1021083949, 1156, 1022014903, 1148, 1022021330, 1162, 1037877869, 911, 1021988943, 1166, 1021085723, 655, 1021986162, 1167, 1021992406, 639, 1021977008, 1157, 1021127556]
[INFO] (lattice_cell.c: 455): on tick 21 of 50
[INFO] (lattice_cell.c: 172): the unmatched_packets is 56
[640, 1038774326, 888, 1038775879, 632, 1038775882, 904, 1038775819, 648, 1038775807, 1152, 1038774330, 641, 1038348703, 1160, 1038775823, 633, 1038347549, 642, 1037880010, 650, 1037878768, 643, 1038306258, 651, 1038305121, 1153, 1038344159, 1145, 1038342986, 652, 1022029796, 1162, 1037878750, 653, 1021114291, 646, 1021094215, 910, 1021074385, 639, 1021988550, 634, 1037878712, 636, 1022029865, 645, 1021135255, 1165, 1021109771, 1158, 1021098718, 638, 1021073454, 654, 1021072494, 647, 1021963437, 655, 1021988800, 1154, 1037879998, 649, 1038348472, 1146, 1037878712, 644, 1022004504, 637, 1021113571, 1156, 1021999909, 889, 1038345636, 1149, 1021109052, 905, 1038346577, 890, 1037878714, 1166, 1021076990, 1144, 1038775882, 906, 1037878758, 1159, 1021968023, 891, 1038307905, 1151, 1021993158, 892, 1022027934, 907, 1038307028, 635, 1038306013, 893, 1021111656, 1167, 1021993381, 1155, 1038310790, 1148, 1022025284, 908, 1022027858, 894, 1021075328, 895, 1021990499, 909, 1021112386, 911, 1021990739, 1157, 1021130719, 1163, 1038309671, 1164, 1022025169, 1150, 1021077936, 1147, 1038310545, 1161, 1038343942]
[INFO] (lattice_cell.c: 455): on tick 22 of 50
[INFO] (lattice_cell.c: 172): the unmatched_packets is 56
[640, 1038787154, 888, 1038773634, 632, 1038773634, 904, 1038773603, 648, 1038773597, 1144, 1038773631, 641, 1038340418, 889, 1038338329, 905, 1038338179, 633, 1038340212, 649, 1038340080, 1153, 1038335925, 1161, 1038335572, 1160, 1038773615, 890, 1037890737, 642, 1037878181, 634, 1037890741, 906, 1037890813, 650, 1037890811, 891, 1038300976, 643, 1038299401, 635, 1038299090, 651, 1038299172, 908, 1022030370, 644, 1022019075, 652, 1022033113, 893, 1021125763, 637, 1021126838, 653, 1021123105, 895, 1021993426, 638, 1021079276, 910, 1021084249, 655, 1021981488, 636, 1022024010, 645, 1021132568, 1156, 1022012828, 646, 1021088922, 647, 1021976461, 639, 1021990677, 1147, 1038303586, 1163, 1038303644, 1157, 1021129617, 1152, 1038787156, 907, 1038301049, 1149, 1021123903, 1145, 1038335719, 1162, 1037890808, 1150, 1021082216, 892, 1022021260, 1154, 1037878175, 1146, 1037890735, 1159, 1021982689, 1151, 1021996884, 1167, 1021987747, 1148, 1022017788, 894, 1021080340, 1164, 1022026904, 909, 1021122034, 1166, 1021086111, 911, 1021984260, 1165, 1021120148, 1158, 1021091853, 654, 1021083175, 1155, 1038303885]
[INFO] (lattice_cell.c: 455): on tick 23 of 50
[INFO] (lattice_cell.c: 172): the unmatched_packets is 56
[640, 1038778087, 888, 1038771134, 632, 1038771130, 648, 1038771127, 1152, 1038778087, 1144, 1038771142, 904, 1038771137, 1160, 1038771137, 641, 1038348090, 889, 1038345299, 633, 1038347209, 649, 1038348686, 1153, 1038343545, 1145, 1038342643, 1161, 1038344137, 642, 1037876596, 634, 1037882995, 650, 1037882991, 643, 1038305109, 635, 1038305690, 644, 1022028159, 651, 1038304250, 636, 1022009867, 645, 1021115357, 653, 1021129606, 638, 1021089514, 647, 1021987977, 652, 1022013569, 637, 1021133392, 654, 1021093443, 1149, 1021129079, 639, 1021973611, 1159, 1021992570, 655, 1021969673, 1147, 1038310242, 905, 1038346791, 1163, 1038308803, 890, 1037882985, 1148, 1022005248, 906, 1037882986, 891, 1038307591, 1165, 1021125256, 907, 1038306150, 1154, 1037876592, 1158, 1021079668, 1166, 1021097718, 892, 1022007907, 1151, 1021978212, 1167, 1021974268, 908, 1022011603, 646, 1021075398, 893, 1021131582, 894, 1021091317, 909, 1021127784, 895, 1021975550, 910, 1021095224, 1155, 1038309651, 911, 1021971633, 1157, 1021111028, 1156, 1022023546, 1164, 1022008967, 1150, 1021093825, 1146, 1037882983, 1162, 1037882988]
[INFO] (lattice_cell.c: 455): on tick 24 of 50
[INFO] (lattice_cell.c: 172): the unmatched_packets is 56
[640, 1038774596, 888, 1038782110, 632, 1038782120, 648, 1038782099, 1144, 1038782108, 1160, 1038782123, 904, 1038782109, 1152, 1038774602, 641, 1038340812, 889, 1038335835, 633, 1038337680, 649, 1038340912, 1153, 1038336372, 1161, 1038336464, 1145, 1038333270, 905, 1038339036, 642, 1037889848, 634, 1037882773, 906, 1037882822, 650, 1037882824, 1146, 1037882761, 891, 1038302182, 643, 1038300183, 635, 1038300323, 651, 1038297014, 644, 1022030258, 636, 1022024647, 645, 1021121018, 646, 1021076299, 638, 1021094665, 647, 1021986733, 639, 1021970115, 655, 1021981281, 1164, 1022007508, 653, 1021139393, 654, 1021090342, 1162, 1037882818, 1155, 1038304606, 1147, 1038304755, 1163, 1038301412, 890, 1037882769, 1154, 1037889836, 907, 1038298858, 1148, 1022018490, 1149, 1021131817, 892, 1022021945, 1158, 1021079416, 1150, 1021097785, 908, 1022010920, 1166, 1021093515, 893, 1021133816, 909, 1021138245, 1156, 1022024137, 894, 1021095808, 1157, 1021117867, 1165, 1021136255, 910, 1021091518, 895, 1021972807, 1151, 1021976239, 652, 1022013624, 1167, 1021987436, 911, 1021983998, 1159, 1021992839, 637, 1021135000]
[INFO] (lattice_cell.c: 455): on tick 25 of 50
[INFO] (lattice_cell.c: 172): the unmatched_packets is 56
[1152, 1038771273, 1144, 1038783751, 1160, 1038783794, 640, 1038771267, 632, 1038783739, 888, 1038783753, 904, 1038783804, 648, 1038783793, 1153, 1038345862, 1145, 1038342542, 1161, 1038343768, 641, 1038350442, 889, 1038345241, 633, 1038347175, 905, 1038346432, 649, 1038348334, 1154, 1037882821, 1146, 1037871118, 1162, 1037871075, 642, 1037882829, 634, 1037871130, 890, 1037871122, 906, 1037871077, 650, 1037871077, 1155, 1038311650, 1147, 1038309478, 1163, 1038308542, 643, 1038307072, 891, 1038306825, 635, 1038304927, 651, 1038303904, 907, 1038305854, 1156, 1022003541, 1148, 1022008970, 1164, 1022018964, 644, 1022008208, 636, 1022013571, 892, 1022011618, 908, 1022021659, 652, 1022023672, 1157, 1021121221, 645, 1021125221, 1149, 1021126255, 637, 1021130176, 653, 1021121329, 646, 1021085976, 638, 1021082256, 655, 1021973760, 654, 1021090997, 647, 1021968819, 639, 1021984318, 1150, 1021086262, 893, 1021128563, 909, 1021119642, 894, 1021083911, 1158, 1021089949, 910, 1021092575, 1165, 1021117279, 895, 1021986333, 911, 1021975706, 1167, 1021978352, 1151, 1021989018, 1166, 1021094862, 1159, 1021973446]
[INFO] (lattice_cell.c: 455): on tick 26 of 50
[INFO] (lattice_cell.c: 172): the unmatched_packets is 56
[640, 1038774728, 632, 1038767527, 648, 1038767350, 888, 1038767521, 904, 1038767362, 1152, 1038774734, 1144, 1038767503, 641, 1038340902, 633, 1038340662, 649, 1038338759, 889, 1038338871, 905, 1038336920, 1153, 1038336569, 642, 1037889846, 634, 1037896726, 650, 1037896905, 890, 1037896724, 906, 1037896893, 643, 1038300409, 891, 1038300207, 635, 1038298369, 651, 1038300054, 892, 1022054905, 644, 1022019949, 636, 1022057595, 1146, 1037896734, 645, 1021130346, 910, 1021047737, 1156, 1022013878, 647, 1021975909, 652, 1022031476, 637, 1021091640, 653, 1021131667, 646, 1021085071, 654, 1021046330, 639, 1021987222, 655, 1022014130, 638, 1021086249, 1158, 1021088577, 1166, 1021049949, 1151, 1021993208, 1167, 1022020274, 1160, 1038767389, 1145, 1038336388, 1161, 1038334383, 1154, 1037889844, 1155, 1038304723, 907, 1038301825, 1163, 1038304316, 1148, 1022051471, 908, 1022028854, 1164, 1022025506, 893, 1021090217, 1162, 1037896879, 1149, 1021087979, 909, 1021130354, 894, 1021087545, 1159, 1021981987, 895, 1021989827, 1147, 1038302737, 911, 1022016826, 1165, 1021128243, 1150, 1021089651, 1157, 1021126836]
[INFO] (lattice_cell.c: 455): on tick 27 of 50
[INFO] (lattice_cell.c: 172): the unmatched_packets is 56
[640, 1038797419, 888, 1038793589, 632, 1038793590, 904, 1038793778, 648, 1038793788, 1152, 1038797415, 1144, 1038793601, 1160, 1038793776, 641, 1038347379, 889, 1038343382, 633, 1038345364, 649, 1038348076, 1153, 1038342703, 1145, 1038340648, 1161, 1038343434, 905, 1038346137, 642, 1037857915, 890, 1037861195, 634, 1037861225, 650, 1037861079, 1154, 1037857905, 1146, 1037861177, 906, 1037861086, 1162, 1037861098, 643, 1038303951, 891, 1038306478, 635, 1038304550, 907, 1038303992, 651, 1038302011, 1147, 1038309174, 1155, 1038308625, 1163, 1038306720, 644, 1022001634, 636, 1021958741, 652, 1022029324, 1156, 1021996983, 645, 1021143810, 909, 1021114793, 637, 1021191601, 653, 1021116285, 646, 1021104821, 895, 1021992456, 638, 1021077375, 647, 1021962222, 1157, 1021140311, 655, 1021918696, 654, 1021152967, 639, 1021990412, 1164, 1022024552, 892, 1021956753, 908, 1022027247, 893, 1021190256, 1158, 1021108272, 1167, 1021923341, 894, 1021078824, 1166, 1021156307, 1148, 1021954080, 910, 1021154280, 911, 1021920691, 1149, 1021188230, 1165, 1021112636, 1159, 1021966882, 1150, 1021080979, 1151, 1021995159]
[INFO] (lattice_cell.c: 455): on tick 28 of 50
[INFO] (lattice_cell.c: 172): the unmatched_packets is 56
[640, 1038743886, 888, 1038738686, 632, 1038738692, 904, 1038738349, 648, 1038738329, 1152, 1038743902, 1144, 1038738667, 1160, 1038738381, 641, 1038343044, 889, 1038338575, 633, 1038340314, 1153, 1038338851, 649, 1038342205, 1145, 1038336108, 1161, 1038337977, 905, 1038340452, 642, 1037919670, 890, 1037924692, 634, 1037924678, 906, 1037924967, 650, 1037924989, 1154, 1037919662, 1146, 1037924720, 891, 1038303438, 643, 1038302451, 635, 1038301691, 1162, 1037924937, 651, 1038299766, 644, 1022070058, 636, 1022122076, 652, 1022019294, 1147, 1038305903, 894, 1021087362, 645, 1021073779, 653, 1021131296, 895, 1021977536, 638, 1021085828, 655, 1022078722, 637, 1021028305, 646, 1021028299, 1150, 1021089698, 654, 1020982257, 1148, 1022116179, 1149, 1021024273, 1165, 1021127417, 907, 1038301510, 1155, 1038306636, 1159, 1022032043, 892, 1022119490, 908, 1022016714, 1166, 1020986276, 893, 1021026690, 1156, 1022064081, 909, 1021129763, 647, 1022026079, 1164, 1022013366, 910, 1020983843, 1157, 1021069792, 911, 1022081308, 1163, 1038303963, 639, 1021974928, 1158, 1021032262, 1151, 1021980855, 1167, 1022084612]
[INFO] (lattice_cell.c: 455): on tick 29 of 50
[INFO] (lattice_cell.c: 172): the unmatched_packets is 56
[640, 1038830280, 888, 1038827526, 632, 1038827536, 648, 1038827694, 1152, 1038830284, 889, 1038345571, 641, 1038347387, 1144, 1038827524, 633, 1038347525, 905, 1038343924, 649, 1038345912, 1153, 1038342683, 890, 1037828282, 642, 1037825602, 906, 1037828263, 634, 1037828312, 650, 1037828251, 643, 1038303977, 891, 1038304510, 892, 1021881038, 635, 1038302529, 908, 1021982281, 652, 1021984343, 637, 1021256577, 653, 1021168251, 638, 1021128934, 639, 1021945522, 911, 1021845483, 651, 1038303991, 636, 1021883165, 645, 1021204663, 646, 1021166121, 1164, 1021979569, 647, 1021899734, 644, 1021939431, 1158, 1021169156, 654, 1021218406, 1151, 1021950298, 1160, 1038827720, 1161, 1038341181, 1154, 1037825596, 1146, 1037828262, 1147, 1038307258, 904, 1038827718, 1145, 1038342867, 1156, 1021934572, 1148, 1021878209, 1149, 1021253455, 907, 1038305932, 655, 1021843341, 1159, 1021904572, 1167, 1021848310, 1162, 1037828279, 893, 1021255358, 1163, 1038308639, 894, 1021130163, 909, 1021167023, 895, 1021947579, 1150, 1021132086, 1166, 1021221493, 910, 1021219594, 1157, 1021201594, 1165, 1021165060, 1155, 1038308681]
[INFO] (lattice_cell.c: 455): on tick 30 of 50
[INFO] (lattice_cell.c: 172): the unmatched_packets is 56
[640, 1038707468, 888, 1038736412, 632, 1038736386, 904, 1038736600, 648, 1038736613, 1152, 1038707480, 1144, 1038736444, 1160, 1038736572, 641, 1038340940, 889, 1038335682, 633, 1038337459, 905, 1038340260, 649, 1038341987, 1145, 1038333192, 1161, 1038337825, 890, 1037927446, 642, 1037955200, 1153, 1038336744, 634, 1037927456, 650, 1037927163, 1154, 1037955194, 1162, 1037927175, 891, 1038303013, 643, 1038300312, 1146, 1037927436, 635, 1038301291, 907, 1038298774, 651, 1038296999, 644, 1022141838, 1155, 1038304494, 636, 1022139174, 652, 1022113431, 646, 1020966263, 647, 1022097782, 639, 1022068785, 645, 1021012173, 653, 1021039625, 638, 1020994604, 1159, 1022103367, 637, 1021024944, 1148, 1022133547, 906, 1037927171, 1157, 1021007970, 1150, 1020998763, 1166, 1020983690, 892, 1022136749, 1163, 1038301243, 1151, 1022074541, 908, 1022110927, 1164, 1022107685, 893, 1021023327, 654, 1020979671, 1147, 1038305431, 655, 1022094253, 1165, 1021035432, 909, 1021037932, 894, 1020996281, 895, 1022071276, 910, 1020981282, 911, 1022096666, 1167, 1022099882, 1158, 1020970418, 1156, 1022136246, 1149, 1021020897]
[INFO] (lattice_cell.c: 455): on tick 31 of 50
[INFO] (lattice_cell.c: 172): the unmatched_packets is 56
[640, 1038824346, 888, 1038804098, 632, 1038804128, 648, 1038803474, 1144, 1038804042, 904, 1038803520, 1160, 1038803573, 889, 1038346403, 641, 1038350699, 633, 1038348312, 905, 1038346848, 649, 1038348800, 642, 1037830840, 643, 1038307179, 1145, 1038343719, 635, 1038305390, 651, 1038304759, 636, 1021988553, 637, 1021147404, 895, 1021850604, 654, 1021106745, 910, 1021107932, 639, 1021848376, 655, 1021951362, 911, 1021953541, 634, 1037850545, 645, 1021248806, 638, 1021216069, 647, 1021841783, 1154, 1037830828, 650, 1037851241, 644, 1021880169, 653, 1021255474, 646, 1021209325, 1155, 1038311777, 1148, 1021983603, 1164, 1021882224, 1149, 1021144235, 1152, 1038824342, 1153, 1038346100, 890, 1037850565, 1167, 1021956340, 906, 1037851209, 1161, 1038344132, 891, 1038307343, 1163, 1038309363, 907, 1038306678, 1156, 1021875054, 652, 1021887298, 1157, 1021245747, 892, 1021986405, 1165, 1021252548, 1150, 1021218960, 1166, 1021109875, 893, 1021146190, 1159, 1021846914, 908, 1021885087, 1146, 1037850597, 894, 1021217171, 909, 1021254363, 1162, 1037851168, 1147, 1038310050, 1158, 1021212357, 1151, 1021853467]
[INFO] (lattice_cell.c: 455): on tick 32 of 50
[INFO] (lattice_cell.c: 172): the unmatched_packets is 56
[640, 1038779375, 888, 1038762682, 632, 1038762670, 904, 1038762969, 648, 1038762973, 1144, 1038762706, 1160, 1038762969, 1152, 1038779387, 641, 1038339283, 889, 1038337803, 633, 1038339551, 905, 1038336308, 649, 1038338081, 1153, 1038335018, 1145, 1038335342, 890, 1037901582, 642, 1037886195, 906, 1037901361, 634, 1037901602, 650, 1037901342, 1162, 1037901381, 643, 1038298646, 635, 1038297428, 892, 1021984097, 908, 1022172151, 651, 1038298802, 893, 1021167247, 1161, 1038333809, 644, 1022102616, 909, 1020990757, 645, 1021057312, 638, 1020947638, 652, 1022174430, 653, 1020992489, 646, 1021014048, 1158, 1021018049, 647, 1022055864, 655, 1021939348, 637, 1021168911, 1147, 1038301683, 636, 1021986532, 1164, 1022169091, 1157, 1021053275, 1165, 1020988231, 891, 1038299192, 1154, 1037886195, 907, 1038300549, 1146, 1037901554, 1151, 1022134852, 1150, 1020951857, 1159, 1022061380, 894, 1020949353, 1156, 1022097092, 895, 1022131784, 910, 1021128091, 1155, 1038302894, 1163, 1038302999, 911, 1021941800, 1148, 1021980858, 654, 1021126446, 1149, 1021164847, 639, 1022129511, 1166, 1021130470, 1167, 1021945046]
[INFO] (lattice_cell.c: 455): on tick 33 of 50
[INFO] (lattice_cell.c: 172): the unmatched_packets is 56
[640, 1038747242, 632, 1038775954, 648, 1038776143, 888, 1038775972, 904, 1038776139, 1152, 1038747248, 1144, 1038775990, 1160, 1038776129, 641, 1038349314, 633, 1038346431, 649, 1038350460, 889, 1038344507, 905, 1038348583, 1153, 1038344777, 642, 1037905970, 634, 1037878294, 650, 1037878095, 890, 1037878272, 906, 1037878097, 643, 1038305939, 635, 1038307036, 651, 1038303217, 894, 1021171359, 645, 1021111416, 637, 1021088374, 638, 1021170246, 636, 1022056147, 652, 1021925493, 1166, 1021049214, 653, 1021211361, 654, 1021046303, 647, 1021991037, 655, 1022019044, 1150, 1021173240, 1159, 1021996060, 1163, 1038307819, 1157, 1021108362, 1145, 1038341825, 1161, 1038345942, 1154, 1037905958, 1146, 1037878266, 644, 1022027393, 891, 1038308910, 907, 1038305148, 892, 1022053925, 1156, 1022022358, 1148, 1022051087, 908, 1021923164, 893, 1021087287, 1149, 1021085440, 909, 1021210240, 1162, 1037878100, 895, 1021890453, 1155, 1038310477, 910, 1021047364, 911, 1022021257, 1164, 1021920207, 1158, 1021071925, 639, 1021888140, 646, 1021068892, 1151, 1021893411, 1167, 1022024100, 1147, 1038311557, 1165, 1021208356]
[INFO] (lattice_cell.c: 455): on tick 34 of 50
[INFO] (lattice_cell.c: 172): the unmatched_packets is 56
[640, 1038795847, 888, 1038785291, 632, 1038785314, 904, 1038784878, 648, 1038784842, 1152, 1038795851, 1144, 1038785261, 1160, 1038784930, 641, 1038341497, 889, 1038336788, 633, 1038338540, 649, 1038340413, 1153, 1038337251, 1145, 1038334302, 1161, 1038336116, 905, 1038338621, 642, 1037868643, 890, 1037879453, 634, 1037879441, 906, 1037879923, 650, 1037879936, 1154, 1037868643, 891, 1038301236, 643, 1038300409, 635, 1038299454, 1146, 1037879480, 651, 1038297443, 644, 1021974534, 636, 1022030887, 893, 1021123631, 1163, 1038301676, 1147, 1038303738, 637, 1021125369, 895, 1021977877, 638, 1021093990, 910, 1021084491, 911, 1021987257, 652, 1022022817, 645, 1021173721, 653, 1021135807, 646, 1021131845, 654, 1021082746, 647, 1021927861, 639, 1021975625, 655, 1021985024, 1164, 1022017494, 1166, 1021087003, 1159, 1021933243, 907, 1038299194, 1151, 1021980962, 1157, 1021169513, 1155, 1038304645, 1158, 1021136019, 892, 1022028654, 1162, 1037879899, 1149, 1021121093, 1165, 1021131720, 908, 1022020554, 909, 1021134132, 894, 1021095655, 1148, 1022025622, 1167, 1021990300, 1156, 1021969158, 1150, 1021098062]
[INFO] (lattice_cell.c: 455): on tick 35 of 50
[INFO] (lattice_cell.c: 172): the unmatched_packets is 56
[640, 1038783413, 888, 1038771253, 632, 1038771255, 904, 1038771163, 648, 1038771147, 1160, 1038771171, 1144, 1038771242, 1152, 1038783423, 641, 1038349154, 889, 1038346436, 633, 1038348297, 649, 1038347524, 1161, 1038343017, 1145, 1038343819, 905, 1038345650, 1153, 1038344644, 642, 1037871735, 890, 1037883063, 634, 1037883066, 906, 1037883168, 650, 1037883178, 1162, 1037883154, 1146, 1037883065, 891, 1038306427, 643, 1038306206, 635, 1038304556, 907, 1038307132, 651, 1038305274, 1154, 1037871735, 1155, 1038310713, 892, 1021982921, 644, 1022035898, 1163, 1038309752, 636, 1021985328, 652, 1022069797, 893, 1021153403, 645, 1021103097, 637, 1021154441, 910, 1021113200, 647, 1021997861, 653, 1021078436, 646, 1021060785, 638, 1021034739, 654, 1021112155, 639, 1022033261, 655, 1021947470, 1156, 1022030505, 1149, 1021151591, 1157, 1021100304, 908, 1022067465, 1165, 1021075465, 1148, 1021979875, 909, 1021077342, 1151, 1022038521, 1164, 1022064528, 894, 1021035832, 1158, 1021063576, 1159, 1022003283, 895, 1022035586, 911, 1021949873, 1150, 1021037709, 1166, 1021114992, 1147, 1038309060, 1167, 1021952908]
[INFO] (lattice_cell.c: 455): on tick 36 of 50
[INFO] (lattice_cell.c: 172): the unmatched_packets is 56
[888, 1038781707, 904, 1038782053, 640, 1038761686, 632, 1038781697, 1152, 1038761696, 648, 1038782056, 1144, 1038781731, 1160, 1038782047, 889, 1038337155, 905, 1038338755, 641, 1038340447, 633, 1038338952, 1153, 1038336147, 649, 1038340547, 1145, 1038334633, 1161, 1038336240, 890, 1037882725, 906, 1037882467, 642, 1037902351, 634, 1037882749, 1154, 1037902347, 650, 1037882451, 1146, 1037882697, 1162, 1037882489, 891, 1038300845, 907, 1038299286, 643, 1038298967, 635, 1038299065, 1155, 1038303245, 651, 1038297497, 1147, 1038303355, 1163, 1038301796, 892, 1022033249, 908, 1022004090, 644, 1022047136, 636, 1022035399, 1156, 1022042199, 652, 1022006210, 1148, 1022030311, 1164, 1022001160, 893, 1021118372, 909, 1021149642, 645, 1021107340, 637, 1021120084, 653, 1021151412, 1157, 1021103137, 1149, 1021115955, 1165, 1021147164, 894, 1021111787, 646, 1021065551, 638, 1021110041, 647, 1022001340, 639, 1021960393, 655, 1021988745, 1150, 1021114249, 1159, 1022006294, 654, 1021079218, 1167, 1021993845, 910, 1021080922, 1158, 1021069744, 895, 1021962522, 911, 1021990894, 1166, 1021083327, 1151, 1021965459]
[INFO] (lattice_cell.c: 455): on tick 37 of 50
[INFO] (lattice_cell.c: 172): the unmatched_packets is 56
[640, 1038774272, 888, 1038775330, 632, 1038775342, 904, 1038775107, 648, 1038775090, 1144, 1038775314, 1160, 1038775122, 889, 1038344467, 641, 1038349182, 633, 1038346305, 649, 1038349246, 1153, 1038344799, 1145, 1038341879, 1161, 1038344854, 890, 1037879048, 642, 1037879574, 1152, 1038774274, 634, 1037879042, 906, 1037879269, 1154, 1037879572, 650, 1037879281, 1146, 1037879063, 643, 1038306508, 907, 1038305582, 635, 1038306617, 893, 1021101213, 636, 1022042839, 910, 1021058887, 647, 1021950789, 911, 1022007854, 655, 1022005406, 644, 1021988281, 652, 1021999500, 645, 1021149938, 646, 1021105737, 654, 1021057852, 651, 1038303735, 639, 1021960971, 1158, 1021108706, 1166, 1021060775, 637, 1021102283, 653, 1021144120, 638, 1021100939, 1155, 1038310887, 1147, 1038311001, 1163, 1038308155, 905, 1038347431, 1156, 1021982708, 1148, 1022037332, 1149, 1021099338, 1165, 1021141263, 1162, 1037879245, 891, 1038308435, 1150, 1021103763, 1151, 1021966641, 892, 1022040396, 908, 1021996987, 1164, 1021993819, 894, 1021101951, 1159, 1021956339, 909, 1021143100, 895, 1021963479, 1167, 1022010932, 1157, 1021146939]
[INFO] (lattice_cell.c: 455): on tick 38 of 50
[INFO] (lattice_cell.c: 172): the unmatched_packets is 56
[640, 1038796409, 888, 1038773188, 632, 1038773208, 648, 1038772856, 1144, 1038773162, 1160, 1038772931, 904, 1038772888, 1152, 1038796411, 641, 1038341599, 889, 1038338513, 633, 1038340307, 649, 1038340389, 1161, 1038335982, 905, 1038338556, 1145, 1038335970, 1153, 1038337223, 642, 1037868810, 890, 1037891006, 634, 1037890995, 906, 1037891380, 1154, 1037868812, 650, 1037891394, 1162, 1037891356, 1146, 1037891024, 643, 1038299674, 891, 1038300363, 635, 1038298534, 651, 1038298311, 1163, 1038302637, 1147, 1038302925, 907, 1038300105, 1155, 1038304026, 644, 1022015292, 892, 1022009920, 636, 1022011937, 908, 1022046252, 652, 1022048226, 1156, 1022010403, 1148, 1022007086, 1164, 1022043501, 645, 1021133692, 637, 1021139051, 653, 1021109634, 1157, 1021129658, 895, 1022004776, 646, 1021094102, 638, 1021069042, 911, 1021968391, 1150, 1021073105, 1159, 1021973984, 654, 1021099023, 647, 1021969097, 639, 1022002799, 1165, 1021105546, 655, 1021966337, 1167, 1021971216, 893, 1021137361, 909, 1021107953, 894, 1021070709, 910, 1021100699, 1158, 1021098101, 1151, 1022007554, 1149, 1021134954, 1166, 1021103102]
[INFO] (lattice_cell.c: 455): on tick 39 of 50
[INFO] (lattice_cell.c: 172): the unmatched_packets is 56
[1152, 1038771964, 1144, 1038774861, 640, 1038771952, 632, 1038774848, 1160, 1038774920, 888, 1038774853, 904, 1038774926, 648, 1038774916, 1153, 1038343576, 1145, 1038342339, 641, 1038347885, 633, 1038346647, 1161, 1038343438, 889, 1038344867, 905, 1038345962, 649, 1038347736, 1154, 1037882656, 1146, 1037879400, 642, 1037882661, 634, 1037879417, 1162, 1037879373, 890, 1037879405, 906, 1037879359, 650, 1037879361, 1155, 1038310013, 1147, 1038309824, 643, 1038305707, 891, 1038307297, 635, 1038305522, 1163, 1038308777, 651, 1038304462, 644, 1022044215, 636, 1021996513, 909, 1021125163, 653, 1021126323, 910, 1021104798, 638, 1021080646, 654, 1021103749, 911, 1021959959, 652, 1022021516, 637, 1021148298, 1158, 1021058565, 1167, 1021963182, 639, 1021983685, 655, 1021957381, 1157, 1021097584, 1165, 1021123166, 1166, 1021106676, 907, 1038306254, 1164, 1022015818, 892, 1021993945, 908, 1022018967, 1156, 1022038460, 1148, 1021990710, 893, 1021147210, 894, 1021081790, 895, 1021986190, 645, 1021100561, 1159, 1022011044, 1151, 1021989360, 1149, 1021145325, 1150, 1021083747, 646, 1021055618, 647, 1022005345]
[INFO] (lattice_cell.c: 455): on tick 40 of 50
[INFO] (lattice_cell.c: 172): the unmatched_packets is 56
[640, 1038763680, 632, 1038787826, 888, 1038787824, 648, 1038787951, 904, 1038787960, 1152, 1038763690, 1144, 1038787829, 1160, 1038787966, 641, 1038341951, 633, 1038338083, 889, 1038336242, 649, 1038342024, 905, 1038340176, 1153, 1038337533, 1145, 1038333652, 1161, 1038337579, 642, 1037899936, 634, 1037876957, 890, 1037876936, 650, 1037876909, 1154, 1037899924, 1146, 1037876922, 1162, 1037876913, 906, 1037876911, 643, 1038299496, 635, 1038299606, 891, 1038301454, 651, 1038295673, 892, 1022036455, 644, 1022026440, 908, 1022005860, 636, 1022038396, 893, 1021118362, 645, 1021122095, 646, 1021082353, 638, 1021105910, 655, 1021993567, 639, 1021962973, 637, 1021119979, 653, 1021144986, 654, 1021080749, 1156, 1022021860, 1148, 1022033751, 1157, 1021118136, 1149, 1021116073, 907, 1038297512, 1158, 1021086297, 1166, 1021084625, 1155, 1038303885, 1167, 1021998231, 1164, 1022003134, 1150, 1021109822, 652, 1022007806, 909, 1021143379, 1163, 1038300081, 894, 1021107519, 895, 1021964918, 910, 1021082346, 1159, 1021986662, 1165, 1021141059, 911, 1021995482, 1151, 1021967648, 1147, 1038304032, 647, 1021982084]
[INFO] (lattice_cell.c: 455): on tick 41 of 50
[INFO] (lattice_cell.c: 172): the unmatched_packets is 56
[640, 1038776180, 888, 1038774438, 632, 1038774445, 904, 1038774281, 648, 1038774264, 1152, 1038776182, 1144, 1038774428, 889, 1038343781, 641, 1038349866, 633, 1038345528, 649, 1038347703, 1153, 1038345663, 1145, 1038341301, 1161, 1038343484, 642, 1037877884, 634, 1037880030, 906, 1037880184, 650, 1037880200, 643, 1038308071, 1154, 1037877878, 635, 1038305927, 1146, 1037880033, 651, 1038303766, 654, 1021062776, 1164, 1022019343, 647, 1021949666, 639, 1021985038, 644, 1021989406, 636, 1022040836, 652, 1022025273, 645, 1021145877, 653, 1021124555, 638, 1021079267, 637, 1021108401, 646, 1021100184, 655, 1022001032, 1162, 1037880169, 905, 1038345965, 1155, 1038312268, 1147, 1038310138, 890, 1037880030, 1163, 1038307995, 1148, 1022034956, 907, 1038305515, 891, 1038307669, 1157, 1021142676, 892, 1022038247, 908, 1022022635, 1150, 1021082350, 1166, 1021065918, 893, 1021107246, 909, 1021123388, 894, 1021080388, 1156, 1021983522, 895, 1021987652, 910, 1021063913, 1151, 1021990948, 1160, 1038774294, 911, 1022003645, 1165, 1021121416, 1149, 1021105251, 1167, 1022006908, 1159, 1021955541, 1158, 1021103338]
[INFO] (lattice_cell.c: 455): on tick 42 of 50
[INFO] (lattice_cell.c: 172): the unmatched_packets is 56
[640, 1038794126, 888, 1038771006, 632, 1038771032, 1152, 1038794138, 648, 1038770568, 1144, 1038770965, 641, 1038342586, 889, 1038339747, 633, 1038341594, 905, 1038337945, 649, 1038339816, 1153, 1038338105, 890, 1037892919, 642, 1037871146, 634, 1037892910, 650, 1037893374, 891, 1038298845, 643, 1038299719, 635, 1038296980, 651, 1038298669, 908, 1022042187, 893, 1021130723, 652, 1022044024, 894, 1021078915, 909, 1021115277, 638, 1021077404, 911, 1021972677, 1150, 1021081138, 644, 1022016855, 645, 1021128378, 653, 1021116812, 654, 1021093041, 1151, 1022005378, 655, 1021970806, 1156, 1022012343, 636, 1022013808, 1160, 1038770652, 646, 1021089661, 639, 1022000948, 1161, 1038335313, 1146, 1037892944, 1162, 1037893325, 904, 1038770601, 1155, 1038304190, 1147, 1038301460, 1163, 1038303115, 906, 1037893357, 1164, 1022039615, 637, 1021132270, 907, 1038300510, 892, 1022011958, 1158, 1021093341, 895, 1022002789, 910, 1021094588, 1167, 1021975290, 1148, 1022009353, 1157, 1021124673, 1149, 1021128487, 1166, 1021096822, 647, 1021973151, 1165, 1021113049, 1154, 1037871131, 1159, 1021977671, 1145, 1038337133]
[INFO] (lattice_cell.c: 455): on tick 43 of 50
[INFO] (lattice_cell.c: 172): the unmatched_packets is 56
[888, 1038771795, 904, 1038771977, 640, 1038774365, 632, 1038771795, 648, 1038771965, 1152, 1038774369, 1144, 1038771793, 1160, 1038771980, 889, 1038342038, 905, 1038345234, 641, 1038346688, 633, 1038343757, 649, 1038346937, 1153, 1038342541, 1145, 1038339587, 1161, 1038342789, 890, 1037882244, 906, 1037882168, 642, 1037880252, 634, 1037882261, 650, 1037882156, 1154, 1037880248, 1146, 1037882225, 1162, 1037882180, 891, 1038307254, 907, 1038304146, 643, 1038305310, 635, 1038305553, 651, 1038302422, 1155, 1038309450, 1147, 1038309688, 1163, 1038306596, 892, 1022005512, 908, 1022012472, 644, 1022042646, 636, 1022008150, 652, 1022015102, 1156, 1022036671, 893, 1021146405, 909, 1021135211, 1164, 1022009170, 1148, 1022002143, 645, 1021107169, 637, 1021147582, 894, 1021091440, 910, 1021103675, 895, 1021977076, 646, 1021061575, 653, 1021136513, 639, 1021974433, 1150, 1021093551, 655, 1021965710, 638, 1021090152, 654, 1021102531, 1149, 1021144420, 1158, 1021064805, 1159, 1022006793, 647, 1022000844, 1157, 1021103886, 911, 1021968361, 1165, 1021133068, 1166, 1021105647, 1151, 1021980366, 1167, 1021971712]
[INFO] (lattice_cell.c: 455): on tick 44 of 50
[INFO] (lattice_cell.c: 172): the unmatched_packets is 56
[640, 1038768176, 632, 1038790572, 648, 1038790431, 888, 1038790565, 904, 1038790451, 1152, 1038768186, 641, 1038344716, 1144, 1038790565, 633, 1038341473, 649, 1038343237, 889, 1038339633, 905, 1038341370, 1153, 1038340256, 642, 1037895524, 650, 1037874460, 906, 1037874454, 643, 1038301325, 635, 1038299924, 651, 1038298067, 1161, 1038338738, 644, 1022021759, 636, 1022014956, 893, 1021128135, 652, 1022008957, 1154, 1037895528, 646, 1021076618, 909, 1021137536, 639, 1021967163, 655, 1021973935, 653, 1021138969, 1147, 1038304416, 638, 1021100007, 647, 1021980629, 1165, 1021135404, 1150, 1021103537, 1159, 1021985024, 1160, 1038790475, 654, 1021090446, 1145, 1038337020, 634, 1037874334, 1162, 1037874438, 1146, 1037874339, 1163, 1038302508, 1148, 1022010470, 890, 1037874333, 1158, 1021080271, 891, 1038301797, 645, 1021116108, 1166, 1021094152, 907, 1038299908, 892, 1022013080, 908, 1022007079, 1156, 1022017357, 894, 1021101407, 1151, 1021971607, 1155, 1038305767, 895, 1021969000, 910, 1021091951, 1157, 1021112424, 911, 1021975823, 1149, 1021125928, 1167, 1021978424, 637, 1021129652, 1164, 1022004505]
[INFO] (lattice_cell.c: 455): on tick 45 of 50
[INFO] (lattice_cell.c: 172): the unmatched_packets is 56
[640, 1038767123, 888, 1038770497, 632, 1038770511, 648, 1038770504, 1152, 1038767135, 1144, 1038770480, 1160, 1038770538, 904, 1038770526, 641, 1038346575, 889, 1038344108, 633, 1038345835, 905, 1038343357, 649, 1038345070, 1153, 1038342430, 1145, 1038341672, 1161, 1038340921, 642, 1037886649, 890, 1037883858, 634, 1037883874, 906, 1037883961, 650, 1037883971, 1154, 1037886648, 1146, 1037883850, 643, 1038305639, 1162, 1037883966, 635, 1038304109, 892, 1022053147, 651, 1038304922, 893, 1021091405, 644, 1022008264, 636, 1022055710, 894, 1021087587, 652, 1022028738, 1147, 1038308259, 637, 1021092620, 910, 1021048472, 895, 1021987839, 638, 1021086312, 1164, 1022022785, 655, 1022011609, 645, 1021140551, 1166, 1021050505, 653, 1021131768, 1151, 1021991184, 646, 1021094879, 654, 1021047294, 647, 1021964661, 1157, 1021137218, 1159, 1021970517, 1150, 1021089685, 891, 1038305815, 1158, 1021098199, 907, 1038306641, 1155, 1038309788, 908, 1022026124, 909, 1021130486, 911, 1022014181, 1149, 1021089381, 1165, 1021128366, 1167, 1022017501, 1163, 1038309085, 1156, 1022002388, 1148, 1022049801, 639, 1021985241]
[INFO] (lattice_cell.c: 455): on tick 46 of 50
[INFO] (lattice_cell.c: 172): the unmatched_packets is 56
[640, 1038800625, 888, 1038788008, 632, 1038788014, 648, 1038787583, 1152, 1038800641, 1160, 1038787643, 1144, 1038787994, 904, 1038787609, 641, 1038342288, 889, 1038335723, 633, 1038337563, 905, 1038341234, 649, 1038343072, 1153, 1038337859, 1161, 1038338619, 642, 1037864700, 890, 1037876510, 634, 1037876496, 650, 1037876840, 643, 1038298487, 635, 1038299310, 908, 1022036800, 651, 1038293816, 1162, 1037876780, 644, 1021999638, 636, 1021990779, 893, 1021169719, 652, 1022038702, 645, 1021146555, 653, 1021109499, 895, 1022000881, 910, 1021133059, 654, 1021131642, 647, 1021959900, 637, 1021171151, 1148, 1021986249, 646, 1021107347, 638, 1021070090, 655, 1021951344, 1147, 1038303745, 906, 1037876815, 1156, 1021995080, 1164, 1022034211, 1158, 1021110856, 1166, 1021135175, 1145, 1038333111, 1154, 1037864702, 1159, 1021964443, 891, 1038301141, 1151, 1022003482, 907, 1038295652, 892, 1021988851, 1150, 1021073548, 1149, 1021167605, 909, 1021108120, 894, 1021071470, 1163, 1038298256, 1157, 1021143033, 911, 1021953258, 1167, 1021955867, 1146, 1037876544, 1155, 1038302908, 639, 1021998972, 1165, 1021106013]
[INFO] (lattice_cell.c: 455): on tick 47 of 50
[INFO] (lattice_cell.c: 172): the unmatched_packets is 56
[640, 1038756263, 888, 1038743073, 632, 1038743105, 648, 1038742888, 1144, 1038743037, 1160, 1038742957, 1152, 1038756273, 904, 1038742923, 641, 1038350889, 889, 1038347071, 633, 1038348771, 905, 1038345881, 649, 1038347604, 1145, 1038344664, 1161, 1038343427, 1153, 1038346761, 642, 1037897796, 890, 1037909996, 634, 1037910014, 650, 1037910353, 643, 1038310159, 635, 1038306958, 651, 1038307951, 644, 1022053977, 636, 1022072864, 652, 1022020284, 645, 1021079438, 653, 1021130187, 654, 1021018447, 647, 1022008741, 639, 1021976105, 637, 1021063781, 646, 1021034171, 1158, 1021037628, 638, 1021083963, 1166, 1021021949, 655, 1022027891, 1167, 1022033674, 1165, 1021126585, 1162, 1037910336, 1155, 1038314292, 1147, 1038311112, 1163, 1038312050, 1154, 1037897792, 906, 1037910348, 1146, 1037909999, 891, 1038308684, 907, 1038309636, 1164, 1022014624, 1148, 1022067102, 892, 1022070363, 908, 1022017828, 893, 1021062448, 909, 1021128788, 894, 1021085328, 895, 1021978566, 1157, 1021075964, 1149, 1021060267, 910, 1021019784, 1150, 1021087534, 1156, 1022048233, 1159, 1022014477, 1151, 1021981790, 911, 1022030398]
[INFO] (lattice_cell.c: 455): on tick 48 of 50
[INFO] (lattice_cell.c: 172): the unmatched_packets is 56
[640, 1038812038, 888, 1038823186, 632, 1038823157, 904, 1038823482, 648, 1038823494, 1144, 1038823205, 1160, 1038823471, 641, 1038339400, 889, 1038336546, 633, 1038338388, 905, 1038336920, 649, 1038338754, 1153, 1038334955, 1145, 1038333931, 1161, 1038334307, 1152, 1038812046, 642, 1037853115, 634, 1037842502, 906, 1037842182, 650, 1037842166, 643, 1038295493, 635, 1038294833, 651, 1038294535, 1162, 1037842192, 908, 1021999729, 636, 1021917453, 652, 1022001755, 894, 1021124351, 909, 1021161211, 645, 1021175012, 638, 1021123069, 911, 1021879430, 647, 1021944098, 637, 1021238286, 653, 1021162511, 654, 1021200064, 655, 1021877354, 644, 1021983171, 639, 1021962970, 1163, 1038298986, 890, 1037842485, 1156, 1021978512, 1158, 1021138720, 891, 1038296664, 907, 1038296373, 1154, 1037853111, 892, 1021915384, 1148, 1021912611, 1165, 1021159215, 1150, 1021126348, 1166, 1021203140, 1159, 1021948761, 1167, 1021882188, 893, 1021237076, 1157, 1021171785, 646, 1021135525, 1146, 1037842462, 895, 1021965003, 910, 1021201249, 1149, 1021235162, 1151, 1021967699, 1155, 1038299923, 1147, 1038299254, 1164, 1021997040]
[INFO] (lattice_cell.c: 455): on tick 49 of 50
[INFO] (lattice_cell.c: 172): the unmatched_packets is 56
[640, 1038712119, 888, 1038732960, 632, 1038732996, 1152, 1038712123, 648, 1038732402, 1144, 1038732911, 904, 1038732450, 1160, 1038732488, 641, 1038350121, 1153, 1038346034, 889, 1038343809, 633, 1038345513, 905, 1038348999, 649, 1038350695, 1145, 1038341386, 642, 1037940173, 634, 1037920543, 650, 1037921163, 907, 1038306512, 643, 1038309322, 892, 1022145744, 644, 1022094332, 1162, 1037921085, 645, 1021043123, 653, 1021077914, 638, 1021032517, 647, 1022049940, 655, 1022104070, 635, 1038309930, 651, 1038304809, 1150, 1021036258, 637, 1021003200, 1165, 1021074138, 1166, 1020959931, 646, 1020996764, 654, 1020956069, 1146, 1037920591, 636, 1022147996, 652, 1022062205, 1155, 1038313401, 1147, 1038314036, 1163, 1038308941, 890, 1037920560, 906, 1037921119, 1164, 1022056680, 1149, 1020999307, 891, 1038311620, 1158, 1021000627, 1161, 1038346586, 908, 1022059842, 893, 1021001660, 1154, 1037940173, 894, 1021033990, 1159, 1022055339, 1167, 1022109344, 1148, 1022142736, 909, 1021076432, 639, 1022016825, 895, 1022019206, 910, 1020957555, 911, 1022106331, 1157, 1021039238, 1151, 1022022361, 1156, 1022088925]
[INFO] (lattice_cell.c: 455): on tick 50 of 50
[INFO] (lattice_cell.c: 466): updating recording regions
[INFO] (recording.c: 507): 	Finalising channel 0 - state info stored in SDRAM
[INFO] (recording.c: 512): closed channel 0.
[INFO] (lattice_cell.c: 470): Simulation complete.

