[INFO] (lattice_cell.c: 604): starting lattice cell
[INFO] (lattice_cell.c: 526): Initialise: started
[INFO] (data_specification.c: 78): magic = ad130ad6, version = 1.0
[INFO] (lattice_cell.c: 555): my key is 5832
[INFO] (lattice_cell.c: 562): I'm in position ( 22, 25)
[INFO] (lattice_cell.c: 568): my n key is 5576
[INFO] (lattice_cell.c: 574): my U_X = -0.007340715266764164
[INFO] (lattice_cell.c: 575): my U_Y = -0.00019134172180201858
[INFO] (lattice_cell.c: 583): input_buffer initialised
[INFO] (recording.c: 563): Recording 1 regions, using output tag 0, size before trigger 7686388, time between triggers 50
[INFO] (recording.c: 665): Recording channel 0 configured to use 7686132 byte memory block starting at 0x61f95efc
[INFO] (lattice_cell.c: 588): Recording flags = 0x00000001
[INFO] (lattice_cell.c: 619): setting timer to execute every 200000 microseconds
[INFO] (lattice_cell.c: 627): Starting

[INFO] (simulation.c: 159): Setting the runtime of this model to 50 starting at 0
[INFO] (simulation.c: 161): Setting the flag of infinite run for this model to 0
[INFO] (simulation.c: 175): Resuming
[INFO] (lattice_cell.c: 455): on tick 0 of 50
[5568, 1038323253, 6080, 1038323257, 5824, 1038323253, 5840, 1037904560, 5584, 1037904562, 5825, 1038314699, 6088, 1037999655, 5576, 1037999651, 6096, 1037904566, 5569, 1038310835, 6081, 1038318893, 5841, 1038310630, 6089, 1038316483, 5826, 1038323253, 5577, 1038308425, 5570, 1038323253, 6097, 1038314828, 5827, 1038331819, 6082, 1038323257, 5829, 1021537483, 5572, 1021533619, 6091, 1038325211, 5582, 1021892257, 6094, 1021883833, 5847, 1021135419, 5575, 1021558475, 6100, 1021123236, 5591, 1021139074, 5842, 1038758226, 5843, 1038327752, 5828, 1021537483, 6102, 1021985630, 6087, 1021550405, 6095, 1021226611, 6103, 1021131464, 6084, 1021541677, 5844, 1021119279, 6085, 1021541677, 6093, 1021874719, 6086, 1021550405, 5845, 1021971965, 5830, 1021554603, 6092, 1021218267, 6101, 1021976402, 5846, 1021990065, 5831, 1021554603, 5585, 1038306770, 5578, 1038656487, 5586, 1038758228, 5571, 1038335691, 5587, 1038331626, 5579, 1038333281, 5588, 1021115639, 5573, 1021533619, 6090, 1038656491, 6098, 1038758232, 5580, 1021210565, 6083, 1038327621, 5589, 1021967884, 6099, 1038323556, 5574, 1021558475, 5581, 1021866308, 5590, 1021994161, 5583, 1021234328]
[INFO] (lattice_cell.c: 455): on tick 1 of 50
[INFO] (lattice_cell.c: 172): the unmatched_packets is 56
[5568, 1038322873, 5824, 1038322973, 5840, 1037926497, 6088, 1038072431, 5576, 1038072289, 5825, 1038317175, 5584, 1037926481, 6096, 1037926519, 5569, 1038313363, 5577, 1038311293, 5570, 1038323583, 6080, 1038323089, 5828, 1021208985, 6089, 1038319263, 5579, 1038339756, 6097, 1038321291, 5846, 1021943751, 5831, 1021873991, 5847, 1021170645, 5590, 1021947240, 6101, 1022041826, 6102, 1021939773, 5591, 1021174926, 6100, 1021054239, 5841, 1038317143, 6081, 1038321311, 6090, 1038576213, 6098, 1038726221, 5826, 1038323463, 6082, 1038323341, 5842, 1038726241, 5827, 1038334075, 6085, 1021860565, 6086, 1021222064, 6091, 1038331780, 6099, 1038331608, 6092, 1020972233, 6093, 1022122970, 5843, 1038335768, 6083, 1038329925, 6084, 1021213402, 5844, 1021049798, 5585, 1038313311, 5829, 1021856523, 5845, 1022037832, 5578, 1038576369, 5830, 1021225976, 5586, 1038726263, 5571, 1038337899, 5587, 1038339596, 5580, 1020963624, 5572, 1021204737, 5588, 1021045535, 6095, 1021390519, 5573, 1021852970, 5581, 1022115335, 5582, 1021713629, 5589, 1022034320, 6103, 1021166189, 6094, 1021706175, 5574, 1021229402, 5583, 1021399257, 5575, 1021878330, 6087, 1021869465]
[INFO] (lattice_cell.c: 455): on tick 2 of 50
[INFO] (lattice_cell.c: 172): the unmatched_packets is 56
[6088, 1038006863, 5824, 1038324654, 5568, 1038324606, 5840, 1037860092, 5825, 1038311720, 6096, 1037860078, 6080, 1038324702, 5841, 1038311814, 6089, 1038312784, 5569, 1038307806, 6081, 1038315962, 5585, 1038307896, 5570, 1038324876, 5578, 1038648282, 5580, 1021295887, 6098, 1038804019, 5581, 1021784830, 6102, 1021995687, 5574, 1021408857, 5591, 1021131749, 6087, 1021706760, 6100, 1021253998, 6084, 1021391876, 6093, 1021792676, 5826, 1038324844, 5842, 1038804003, 5827, 1038329053, 6082, 1038324800, 6091, 1038326938, 6083, 1038324797, 6086, 1021400694, 5843, 1038328845, 5828, 1021387643, 6095, 1021365935, 6085, 1021698576, 6097, 1038316067, 5584, 1037860106, 5576, 1038006833, 5844, 1021250060, 5829, 1021694645, 5577, 1038304614, 5845, 1021833822, 5830, 1021404930, 5586, 1038803987, 5846, 1022000037, 5831, 1021710720, 5571, 1038332971, 5847, 1021128159, 6103, 1021124275, 5579, 1038335109, 5587, 1038332769, 6094, 1021747177, 5572, 1021383745, 6090, 1038648270, 5588, 1021246435, 5573, 1021691058, 6101, 1021838074, 5582, 1021755514, 5590, 1022004038, 5575, 1021714384, 6099, 1038324593, 6092, 1021303688, 5589, 1021829920, 5583, 1021373414]
[INFO] (lattice_cell.c: 455): on tick 3 of 50
[INFO] (lattice_cell.c: 172): the unmatched_packets is 56
[6088, 1038022055, 5568, 1038323001, 5824, 1038323143, 5840, 1037935592, 5576, 1038021841, 5584, 1037935550, 6096, 1037935656, 6080, 1038323293, 6089, 1038319781, 5569, 1038313542, 5825, 1038317302, 5841, 1038317881, 5577, 1038311921, 6081, 1038321386, 5826, 1038323805, 5570, 1038323969, 5842, 1038716802, 6090, 1038628561, 5827, 1038334010, 5843, 1038337155, 5578, 1038628833, 5579, 1038340223, 5572, 1021342305, 5845, 1022153443, 5588, 1020922687, 5573, 1021715309, 6091, 1038332331, 6099, 1038333053, 6083, 1038329908, 5582, 1021750025, 5574, 1021367879, 6092, 1021076716, 5575, 1021740988, 6100, 1020931333, 5828, 1021346702, 6084, 1021351267, 5585, 1038314113, 5844, 1020926914, 5829, 1021718959, 6102, 1021967427, 6103, 1021143448, 6087, 1021732096, 6093, 1022008668, 6101, 1022157714, 6094, 1021742206, 5830, 1021364317, 5586, 1038716872, 6097, 1038321979, 5846, 1021971560, 5571, 1038337797, 6085, 1021723082, 6086, 1021360249, 5831, 1021736651, 6095, 1021356528, 6098, 1038716742, 6082, 1038323633, 5847, 1021147935, 5587, 1038340953, 5580, 1021068069, 5583, 1021365243, 5591, 1021152222, 5581, 1022000606, 5589, 1022149665, 5590, 1021975212]
[INFO] (lattice_cell.c: 455): on tick 4 of 50
[INFO] (lattice_cell.c: 172): the unmatched_packets is 56
[6088, 1038027673, 5568, 1038324714, 5824, 1038324842, 5576, 1038027532, 5840, 1037906456, 5826, 1038325324, 5577, 1038303620, 6096, 1037906442, 5828, 1021352730, 6089, 1038311881, 5844, 1021199242, 5829, 1021729415, 5579, 1038336251, 5846, 1021967258, 5831, 1021744991, 5847, 1021161037, 6095, 1021360702, 5825, 1038311563, 6087, 1021741127, 5841, 1038309530, 5842, 1038755358, 5827, 1038329087, 6099, 1038325994, 5843, 1038330299, 6090, 1038628457, 6082, 1038325214, 6091, 1038327991, 6083, 1038324787, 6100, 1021203199, 6103, 1021157208, 6092, 1021135043, 6084, 1021356905, 5584, 1037906476, 5845, 1021887851, 6080, 1038324966, 5569, 1038307613, 5830, 1021369720, 5585, 1038305556, 5570, 1038325416, 5578, 1038628559, 5586, 1038755332, 5571, 1038333053, 6085, 1021733185, 6094, 1021753831, 6086, 1021365565, 5587, 1038334265, 5572, 1021348897, 5580, 1021127364, 6093, 1021960588, 5581, 1021953077, 5573, 1021725966, 6097, 1038313838, 6081, 1038315863, 6098, 1038755388, 5582, 1021762079, 5589, 1021884201, 5588, 1021195573, 6101, 1021891834, 5583, 1021367978, 5574, 1021373560, 5590, 1021971151, 6102, 1021963023, 5575, 1021748603, 5591, 1021164596]
[INFO] (lattice_cell.c: 455): on tick 5 of 50
[INFO] (lattice_cell.c: 172): the unmatched_packets is 56
[6088, 1038027855, 5568, 1038323327, 5824, 1038323513, 5840, 1037897189, 5584, 1037897155, 6096, 1037897233, 6080, 1038323715, 5825, 1038317116, 5841, 1038317342, 5826, 1038324387, 5569, 1038313383, 5578, 1038622438, 5587, 1038340842, 5829, 1021724873, 5846, 1021967594, 5831, 1021742568, 6091, 1038332727, 5847, 1021152428, 5590, 1021971369, 6086, 1021354416, 6087, 1021738050, 6099, 1038333011, 6098, 1038755682, 5842, 1038755734, 5827, 1038333664, 5843, 1038337079, 5828, 1021340358, 5576, 1038027612, 6089, 1038319420, 6092, 1021136982, 5844, 1021102223, 6093, 1021946827, 6101, 1021979700, 6083, 1038329600, 6100, 1021106670, 6102, 1021963323, 5845, 1021975273, 6097, 1038321402, 5577, 1038311634, 5585, 1038313604, 5830, 1021358680, 5570, 1038324597, 6081, 1038321161, 5586, 1038755810, 5571, 1038337408, 5572, 1021335823, 5579, 1038340544, 6090, 1038622125, 5588, 1021097960, 5573, 1021721166, 5580, 1021128090, 6095, 1021351333, 5589, 1021971318, 5581, 1021938612, 6085, 1021729024, 5574, 1021362418, 6103, 1021147911, 6084, 1021345091, 5582, 1021757769, 5583, 1021359984, 5591, 1021156719, 6094, 1021749570, 5575, 1021746845, 6082, 1038324165]
[INFO] (lattice_cell.c: 455): on tick 6 of 50
[INFO] (lattice_cell.c: 172): the unmatched_packets is 56
[6088, 1038029145, 5568, 1038324654, 5824, 1038324844, 5840, 1037903190, 5576, 1038028905, 5584, 1037903168, 5825, 1038311647, 6096, 1037903204, 6080, 1038325052, 5841, 1038308443, 5842, 1038760005, 5586, 1038760001, 5844, 1021096594, 6090, 1038627029, 5829, 1021735447, 5587, 1038335055, 5830, 1021363193, 5581, 1021939184, 5573, 1021732172, 5831, 1021750560, 5574, 1021366953, 5590, 1021980214, 5575, 1021754127, 5591, 1021156516, 6093, 1021946524, 6101, 1021995811, 6102, 1021972299, 6086, 1021359088, 6095, 1021363688, 5826, 1038325628, 6087, 1021746789, 5827, 1038329306, 5843, 1038331061, 5828, 1021346350, 6091, 1038328095, 6094, 1021750415, 6083, 1038324975, 6092, 1021148397, 6098, 1038760001, 6097, 1038312773, 6089, 1038311714, 6081, 1038315968, 5845, 1021991878, 5569, 1038307661, 5577, 1038303387, 5585, 1038304426, 5846, 1021976429, 5570, 1038325784, 5578, 1038627212, 5847, 1021152950, 5571, 1038333308, 5579, 1038336427, 5572, 1021342523, 5580, 1021140849, 6084, 1021350515, 6103, 1021149163, 6100, 1021100462, 6085, 1021739063, 5588, 1021093038, 6082, 1038325452, 5582, 1021758503, 5583, 1021370880, 6099, 1038326721, 5589, 1021988305]
[INFO] (lattice_cell.c: 455): on tick 7 of 50
[INFO] (lattice_cell.c: 172): the unmatched_packets is 56
[6088, 1038023685, 5568, 1038323173, 5824, 1038323387, 5576, 1038023423, 5584, 1037903919, 6096, 1037903973, 5840, 1037903939, 5825, 1038317129, 6080, 1038323623, 6089, 1038318772, 5569, 1038313427, 5827, 1038333578, 6081, 1038321151, 5844, 1021090899, 6090, 1038626845, 5580, 1021130850, 6082, 1038324145, 5574, 1021366295, 6101, 1021990021, 5575, 1021743706, 6084, 1021348263, 6085, 1021726101, 6086, 1021357940, 5841, 1038316814, 5826, 1038324405, 6087, 1021735053, 6098, 1038748678, 5842, 1038748736, 5843, 1038337709, 6091, 1038332916, 5828, 1021343413, 5829, 1021721922, 5845, 1021985544, 5830, 1021362367, 5577, 1038311046, 6097, 1038320843, 5585, 1038313110, 5846, 1021976719, 5831, 1021739503, 5570, 1038324661, 5578, 1038627205, 5847, 1021145688, 5586, 1038748800, 5571, 1038337306, 5579, 1038340687, 5587, 1038341447, 5572, 1021338780, 6099, 1038333667, 6094, 1021744210, 5588, 1021086565, 5573, 1021718184, 5581, 1021935224, 5582, 1021752751, 6100, 1021095446, 5589, 1021981516, 5583, 1021365868, 6102, 1021972307, 6095, 1021357371, 6103, 1021141198, 5591, 1021149924, 5590, 1021980644, 6083, 1038329532, 6093, 1021943570, 6092, 1021139887]
[INFO] (lattice_cell.c: 455): on tick 8 of 50
[INFO] (lattice_cell.c: 172): the unmatched_packets is 56
[6088, 1038026289, 5568, 1038324628, 5824, 1038324894, 5840, 1037910864, 6096, 1037910896, 5825, 1038311484, 5569, 1038307481, 5842, 1038751536, 5577, 1038302909, 5827, 1038329226, 6097, 1038312891, 5828, 1021352141, 6090, 1038630327, 5830, 1021368846, 6098, 1038751520, 6082, 1038325710, 5589, 1021975731, 5583, 1021371282, 5574, 1021372520, 5590, 1021979548, 6102, 1021971835, 6103, 1021149882, 6087, 1021740797, 6089, 1038311277, 5841, 1038308532, 5826, 1038325960, 5843, 1038331408, 6091, 1038328553, 6099, 1038327047, 6083, 1038324874, 5576, 1038025939, 5584, 1037910822, 6092, 1021137563, 6084, 1021356298, 6095, 1021364154, 5844, 1021107834, 5585, 1038304503, 6080, 1038325170, 5829, 1021729713, 6100, 1021111616, 6081, 1038315830, 5570, 1038326170, 5845, 1021979235, 6085, 1021733225, 5578, 1038630620, 6093, 1021956672, 5586, 1038751546, 5846, 1021975869, 5571, 1038333245, 5831, 1021744569, 5579, 1038336922, 5847, 1021153676, 5587, 1038335414, 5572, 1021348269, 5580, 1021130061, 5588, 1021104267, 5581, 1021949491, 5573, 1021726562, 5582, 1021758331, 5575, 1021748140, 5591, 1021157263, 6101, 1021983097, 6094, 1021750363, 6086, 1021364801]
[INFO] (lattice_cell.c: 455): on tick 9 of 50
[INFO] (lattice_cell.c: 172): the unmatched_packets is 56
[6088, 1038024786, 5568, 1038323245, 5824, 1038323483, 5840, 1037903308, 5576, 1038024474, 5584, 1037903304, 6096, 1037903322, 6080, 1038323769, 5825, 1038317008, 5569, 1038313325, 6089, 1038318638, 5841, 1038316532, 5577, 1038310930, 5585, 1038312835, 6097, 1038320558, 5826, 1038324667, 5827, 1038333417, 5828, 1021343519, 5586, 1038749402, 6090, 1038625716, 5587, 1038341564, 6098, 1038749310, 5572, 1021338821, 5580, 1021122814, 5588, 1021103816, 5847, 1021152732, 6091, 1038333092, 5589, 1021962937, 6099, 1038333793, 5574, 1021367056, 6100, 1021112738, 5590, 1021973985, 5575, 1021743270, 5591, 1021156901, 5842, 1038749350, 6103, 1021148310, 6084, 1021348467, 5843, 1038337828, 6093, 1021951221, 6085, 1021725973, 6094, 1021747126, 6086, 1021358373, 6095, 1021355217, 6087, 1021734823, 5844, 1021108174, 6102, 1021965413, 5829, 1021721815, 6081, 1038321017, 5845, 1021967032, 5570, 1038324955, 5830, 1021362960, 5578, 1038626119, 5846, 1021969937, 5571, 1038337146, 5831, 1021739193, 5579, 1038340852, 6101, 1021971544, 6082, 1038324361, 6083, 1038329388, 5573, 1021718058, 6092, 1021131920, 5581, 1021942797, 5583, 1021363495, 5582, 1021755998]
[INFO] (lattice_cell.c: 455): on tick 10 of 50
[INFO] (lattice_cell.c: 172): the unmatched_packets is 56
[6088, 1038029011, 6096, 1037905496, 5568, 1038324466, 5824, 1038324800, 5576, 1038028568, 5584, 1037905384, 6080, 1038325156, 5840, 1037905436, 5825, 1038311495, 5826, 1038326170, 5827, 1038329248, 6081, 1038315842, 5579, 1038336998, 6090, 1038627546, 5830, 1021366344, 5572, 1021345716, 5580, 1021133524, 5588, 1021105520, 5581, 1021945635, 6102, 1021969798, 6087, 1021743117, 6094, 1021753609, 5841, 1038307985, 6099, 1038327427, 6083, 1038324892, 6092, 1021141052, 6100, 1021112846, 5842, 1038757502, 6093, 1021952718, 6085, 1021735623, 6082, 1038325848, 6095, 1021361098, 5569, 1038307488, 5843, 1038331786, 6089, 1038311227, 5585, 1038303955, 5828, 1021349646, 5577, 1038302863, 6101, 1021981274, 6097, 1038312343, 6091, 1038328629, 5844, 1021109065, 5829, 1021732182, 5570, 1038326454, 5578, 1038627928, 5845, 1021977387, 5586, 1038757538, 5571, 1038333264, 6086, 1021362357, 5846, 1021973776, 5831, 1021746903, 5587, 1038335802, 6084, 1021353831, 5847, 1021156133, 6098, 1038757458, 6103, 1021152283, 5573, 1021729129, 5574, 1021369977, 5590, 1021977357, 5582, 1021761481, 5589, 1021973942, 5583, 1021368274, 5575, 1021750488, 5591, 1021159791]
[INFO] (lattice_cell.c: 455): on tick 11 of 50
[INFO] (lattice_cell.c: 172): the unmatched_packets is 56
[6088, 1038025731, 6096, 1037900935, 6080, 1038323787, 5568, 1038323183, 5824, 1038323471, 5840, 1037900921, 5584, 1037900922, 6089, 1038318362, 5825, 1038316970, 5569, 1038313284, 6097, 1038320132, 5570, 1038325129, 6081, 1038320983, 5844, 1021096271, 6090, 1038624974, 5830, 1021360007, 5588, 1021091959, 6098, 1038752010, 5831, 1021742037, 5847, 1021150596, 6099, 1038334103, 5589, 1021974812, 5574, 1021364264, 6087, 1021737815, 5575, 1021745977, 6094, 1021745857, 5841, 1038316113, 5826, 1038324803, 5842, 1038752044, 5827, 1038333408, 5843, 1038338145, 5828, 1021340206, 6082, 1038324473, 6091, 1038333161, 6092, 1021137671, 6095, 1021356725, 6101, 1021983464, 6100, 1021100828, 5829, 1021725051, 5576, 1038025400, 5577, 1038310652, 5585, 1038312396, 5845, 1021978926, 5578, 1038625400, 5846, 1021973038, 5586, 1038752090, 5571, 1038337146, 5579, 1038340934, 5587, 1038341884, 5572, 1021335498, 5580, 1021128592, 6093, 1021944946, 6085, 1021729144, 6102, 1021968427, 6086, 1021355299, 6103, 1021146229, 5573, 1021721301, 6083, 1038329368, 6084, 1021345207, 5581, 1021936507, 5582, 1021755014, 5583, 1021364751, 5590, 1021977186, 5591, 1021154645]
[INFO] (lattice_cell.c: 455): on tick 12 of 50
[INFO] (lattice_cell.c: 172): the unmatched_packets is 56
[6088, 1038027435, 6096, 1037907878, 6080, 1038325110, 5568, 1038324294, 5824, 1038324684, 5576, 1038026899, 5584, 1037907728, 5840, 1037907799, 5569, 1038307516, 5825, 1038311511, 5826, 1038326322, 5585, 1038303905, 6089, 1038310987, 6097, 1038312273, 5570, 1038326680, 6090, 1038629232, 5845, 1021983343, 6098, 1038754770, 5846, 1021977883, 5588, 1021099342, 5582, 1021759828, 5574, 1021371445, 5590, 1021981399, 5575, 1021749112, 6085, 1021734174, 5591, 1021155821, 5841, 1038307926, 6094, 1021751999, 6087, 1021741665, 5842, 1038754844, 5827, 1038329204, 5843, 1038332186, 5828, 1021350966, 5844, 1021102950, 5829, 1021730794, 6083, 1038324859, 6092, 1021143325, 5830, 1021367855, 6102, 1021973962, 6103, 1021148151, 6100, 1021106743, 5577, 1038302652, 6081, 1038315841, 5831, 1021745451, 5847, 1021152066, 5578, 1038629723, 5586, 1038754902, 5571, 1038333212, 5579, 1038337182, 5587, 1038336191, 5572, 1021346940, 5580, 1021135717, 6095, 1021362987, 5573, 1021727792, 5581, 1021943076, 6082, 1038325938, 5583, 1021370248, 6091, 1038328851, 5589, 1021979902, 6099, 1038327847, 6093, 1021950154, 6084, 1021355251, 6101, 1021987223, 6086, 1021363851]
[INFO] (lattice_cell.c: 455): on tick 13 of 50
[INFO] (lattice_cell.c: 172): the unmatched_packets is 56
[6088, 1038024411, 6096, 1037905263, 6080, 1038323903, 5568, 1038323223, 5824, 1038323541, 5840, 1037905262, 5576, 1038024029, 5584, 1037905276, 6089, 1038318123, 5825, 1038316798, 5569, 1038313088, 6097, 1038319992, 6081, 1038320825, 5577, 1038310370, 6090, 1038626558, 6082, 1038324651, 5571, 1038337096, 5587, 1038341216, 5845, 1021973982, 5830, 1021361949, 5846, 1021976149, 5589, 1021969877, 5847, 1021150916, 6101, 1021978480, 5590, 1021980392, 6094, 1021745257, 6087, 1021735900, 6083, 1038329261, 6092, 1021133103, 5841, 1038315947, 5826, 1038325029, 5842, 1038747580, 5827, 1038333331, 5843, 1038337448, 5828, 1021341968, 6100, 1021104943, 6086, 1021357157, 5844, 1021100418, 6095, 1021358148, 6084, 1021346949, 6085, 1021727464, 6102, 1021971496, 5829, 1021723446, 6099, 1038333386, 5570, 1038325373, 5585, 1038312217, 5578, 1038627013, 6098, 1038747559, 5586, 1038747608, 5579, 1038340947, 5831, 1021739982, 6093, 1021949286, 5580, 1021124116, 5572, 1021337272, 5588, 1021096180, 6103, 1021146645, 6091, 1038333131, 5581, 1021940903, 5573, 1021719757, 5583, 1021365875, 5582, 1021754596, 5574, 1021366303, 5575, 1021743763, 5591, 1021154861]
[INFO] (lattice_cell.c: 455): on tick 14 of 50
[INFO] (lattice_cell.c: 172): the unmatched_packets is 56
[6088, 1038027039, 5824, 1038324550, 6096, 1037904551, 5568, 1038324105, 5840, 1037904471, 5576, 1038026427, 5584, 1037904401, 5825, 1038311721, 5841, 1038307752, 6089, 1038310983, 6097, 1038312066, 5843, 1038332703, 6081, 1038316024, 6090, 1038629544, 5572, 1021347415, 5846, 1021966341, 5582, 1021758908, 5591, 1021166506, 6087, 1021740377, 6098, 1038758147, 6091, 1038329791, 6099, 1038328393, 5826, 1038326450, 5842, 1038758209, 5827, 1038329304, 6101, 1021981427, 6085, 1021732848, 6094, 1021751001, 6086, 1021364730, 6095, 1021361125, 6103, 1021158703, 5828, 1021351586, 6080, 1038325030, 5844, 1021108008, 5829, 1021729444, 5569, 1038307774, 5845, 1021977478, 5585, 1038303757, 5577, 1038302692, 5830, 1021368756, 6100, 1021111849, 5570, 1038326868, 5578, 1038630123, 5831, 1021744228, 5586, 1038758282, 5847, 1021162675, 6093, 1021953590, 5571, 1038333283, 5579, 1038338062, 6082, 1038326000, 6083, 1038324989, 5587, 1038336678, 6092, 1021139647, 6102, 1021962418, 6084, 1021355973, 5580, 1021131876, 5588, 1021104328, 5581, 1021946485, 5573, 1021726482, 5583, 1021368483, 5574, 1021372372, 5575, 1021747936, 5589, 1021973996, 5590, 1021969851]
[INFO] (lattice_cell.c: 455): on tick 15 of 50
[INFO] (lattice_cell.c: 172): the unmatched_packets is 56
[6088, 1038028382, 6096, 1037912373, 6080, 1038323978, 5568, 1038323197, 5824, 1038323571, 5840, 1037912355, 5576, 1038027939, 5584, 1037912335, 6089, 1038317799, 6097, 1038319752, 6081, 1038319878, 5569, 1038312077, 5825, 1038315816, 5841, 1038315675, 5577, 1038309976, 5585, 1038311911, 5826, 1038325245, 5827, 1038332504, 5843, 1038340193, 5578, 1038623214, 5571, 1038336305, 5845, 1021966458, 5830, 1021363243, 5588, 1021103490, 6091, 1038332834, 5589, 1021962361, 6099, 1038336097, 5582, 1021762867, 5847, 1021121436, 5574, 1021367648, 6083, 1038328390, 5583, 1021358735, 5590, 1021999826, 6093, 1021946832, 5575, 1021745232, 5842, 1038740517, 5828, 1021343227, 6103, 1021117201, 5844, 1021107637, 5829, 1021725607, 6094, 1021753453, 5846, 1021995630, 6084, 1021348212, 6090, 1038622718, 5831, 1021741606, 6098, 1038740486, 5570, 1038325629, 5586, 1038740565, 6082, 1038324843, 5579, 1038340709, 6085, 1021729521, 6086, 1021358413, 5587, 1038343977, 6092, 1021135830, 6100, 1021112095, 5572, 1021338609, 5580, 1021127008, 6095, 1021351286, 6087, 1021737682, 6101, 1021970880, 6102, 1021991032, 5573, 1021721995, 5581, 1021938611, 5591, 1021125375]
[INFO] (lattice_cell.c: 455): on tick 16 of 50
[INFO] (lattice_cell.c: 172): the unmatched_packets is 56
[6088, 1038020094, 6096, 1037882902, 5568, 1038323946, 6080, 1038324942, 5824, 1038324422, 5840, 1037882852, 5576, 1038019486, 5584, 1037882808, 5825, 1038312183, 5841, 1038307556, 6089, 1038311674, 6097, 1038311834, 5826, 1038326506, 6081, 1038316445, 5571, 1038333547, 6090, 1038636569, 5845, 1021994663, 5588, 1021086397, 6098, 1038780433, 5846, 1021906796, 6082, 1038326003, 5582, 1021742960, 5847, 1021224326, 5591, 1021228112, 6095, 1021387805, 6085, 1021739737, 6091, 1038327368, 6099, 1038328198, 6083, 1038325316, 5842, 1038780469, 5827, 1038329594, 5843, 1038332469, 5828, 1021343100, 6093, 1021954577, 6102, 1021902698, 6086, 1021356685, 5844, 1021090136, 5829, 1021736334, 5569, 1038308263, 5585, 1038303607, 5830, 1021360807, 5570, 1038326966, 5577, 1038303484, 5586, 1038780522, 5578, 1038637174, 5831, 1021751188, 5587, 1038336424, 5579, 1038335575, 6094, 1021734847, 5572, 1021338749, 6087, 1021747300, 5580, 1021127131, 6101, 1021998699, 6103, 1021220427, 5573, 1021733366, 6084, 1021347664, 6092, 1021135113, 6100, 1021094076, 5581, 1021947325, 5589, 1021991096, 5574, 1021364452, 5583, 1021395106, 5575, 1021754923, 5590, 1021910413]
[INFO] (lattice_cell.c: 455): on tick 17 of 50
[INFO] (lattice_cell.c: 172): the unmatched_packets is 56
[6088, 1038043663, 6096, 1037938805, 6080, 1038324008, 5568, 1038323029, 5824, 1038323498, 5576, 1038043070, 5840, 1037938753, 5584, 1037938721, 6089, 1038317366, 6097, 1038319100, 6081, 1038322240, 5569, 1038314342, 5825, 1038318128, 5841, 1038314974, 6090, 1038607296, 5577, 1038309456, 5585, 1038311150, 6098, 1038713385, 6082, 1038325049, 5826, 1038325543, 5570, 1038326000, 5827, 1038335005, 5844, 1021117103, 5587, 1038342020, 5572, 1021355446, 6092, 1021152510, 5847, 1021025995, 6093, 1021931377, 5583, 1021305650, 5575, 1021718312, 6100, 1021121445, 5591, 1021029960, 6084, 1021364807, 5842, 1038713458, 5843, 1038338211, 5828, 1021359956, 5829, 1021699201, 6086, 1021374876, 5845, 1021960556, 6103, 1021021723, 5830, 1021379688, 6085, 1021703019, 6087, 1021710976, 6101, 1021964889, 6102, 1022096007, 5846, 1022100426, 5831, 1021714806, 6091, 1038333308, 5571, 1038338840, 6099, 1038334076, 5586, 1038713518, 5578, 1038607921, 6094, 1021804980, 6083, 1038330851, 5579, 1038341266, 6095, 1021298231, 5580, 1021143884, 5588, 1021113062, 5573, 1021695664, 5581, 1021923310, 5589, 1021956535, 5574, 1021384098, 5582, 1021814225, 5590, 1022104505]
[INFO] (lattice_cell.c: 455): on tick 18 of 50
[INFO] (lattice_cell.c: 172): the unmatched_packets is 56
[6088, 1037999256, 6096, 1037875847, 6080, 1038325009, 5568, 1038324057, 5824, 1038324516, 5840, 1037875791, 5576, 1037998676, 5584, 1037875747, 6089, 1038308936, 6097, 1038311992, 6081, 1038316132, 5569, 1038308067, 5825, 1038311929, 5577, 1038300856, 5585, 1038303870, 6090, 1038657869, 5841, 1038307770, 5826, 1038326502, 6098, 1038787263, 5842, 1038787310, 5827, 1038329145, 5571, 1038333052, 5844, 1021092206, 5829, 1021789496, 6091, 1038329695, 5580, 1021104112, 5573, 1021786587, 5582, 1021644586, 5831, 1021804115, 5583, 1021484899, 5847, 1021305650, 5575, 1021807827, 5591, 1021309460, 6101, 1021993633, 6085, 1021792829, 6093, 1021986591, 6083, 1038324902, 5843, 1038333544, 6092, 1021112420, 5828, 1021290862, 6086, 1021305204, 6095, 1021477778, 6103, 1021301682, 5570, 1038326944, 6099, 1038329317, 6100, 1021096259, 5578, 1038658436, 5586, 1038787361, 5845, 1021989520, 6082, 1038326023, 5830, 1021309556, 5579, 1038337815, 5846, 1021821125, 5587, 1038337452, 5572, 1021286242, 6094, 1021636006, 6102, 1021816920, 5588, 1021088290, 6087, 1021800296, 6084, 1021295691, 5589, 1021985920, 5574, 1021313370, 5590, 1021824858, 5581, 1021979276]
[INFO] (lattice_cell.c: 455): on tick 19 of 50
[INFO] (lattice_cell.c: 172): the unmatched_packets is 56
[6088, 1038047015, 6096, 1037911500, 6080, 1038323845, 5568, 1038322637, 5824, 1038323218, 5576, 1038046302, 5584, 1037911460, 6089, 1038317581, 5840, 1037911476, 6097, 1038320961, 6081, 1038319846, 5825, 1038315671, 5569, 1038311831, 5841, 1038316773, 5577, 1038309570, 5826, 1038325765, 5570, 1038326336, 5843, 1038338762, 6098, 1038742062, 5845, 1021963555, 6091, 1038332201, 6095, 1021199631, 5574, 1021482864, 6087, 1021621166, 5591, 1021043686, 6101, 1021967881, 6102, 1022081018, 6099, 1038334575, 6092, 1021187178, 5842, 1038742098, 5827, 1038332765, 6084, 1021464347, 6100, 1021109503, 5828, 1021459703, 5844, 1021105345, 5829, 1021609412, 6086, 1021474003, 5830, 1021478621, 6093, 1021896423, 5585, 1038312909, 5846, 1022085455, 6090, 1038604080, 5831, 1021624981, 6085, 1021613213, 5847, 1021039927, 6082, 1038325139, 5578, 1038604838, 6083, 1038328554, 5586, 1038742145, 5571, 1038336650, 6103, 1021035877, 5579, 1038340232, 5587, 1038342613, 5572, 1021455394, 5580, 1021179018, 5588, 1021101515, 6094, 1021908909, 5573, 1021605882, 5581, 1021888336, 5589, 1021959560, 5583, 1021206864, 5582, 1021917985, 5590, 1022089565, 5575, 1021628488]
[INFO] (lattice_cell.c: 455): on tick 20 of 50
[INFO] (lattice_cell.c: 172): the unmatched_packets is 56
[6088, 1038036267, 6096, 1037928671, 6080, 1038325169, 5568, 1038324145, 5824, 1038324637, 5840, 1037928627, 5576, 1038035634, 5584, 1037928597, 6089, 1038311574, 6097, 1038312491, 6081, 1038317381, 5825, 1038313245, 5569, 1038309443, 5826, 1038326752, 5577, 1038303605, 5585, 1038304474, 5827, 1038330233, 6090, 1038619918, 6098, 1038732807, 5579, 1038337675, 6082, 1038326245, 5845, 1021998726, 5589, 1021995090, 5582, 1021618548, 5583, 1021511665, 6085, 1021891377, 6095, 1021504276, 5590, 1021955270, 6103, 1021175726, 5841, 1038308326, 6102, 1021947400, 5842, 1038732853, 6084, 1021191441, 6099, 1038328527, 5843, 1038332707, 5828, 1021186337, 6094, 1021609824, 6100, 1021087091, 6093, 1022034952, 6087, 1021898709, 5844, 1021082824, 5829, 1021888083, 5570, 1038327198, 5830, 1021206117, 5578, 1038620526, 5586, 1038732903, 5571, 1038334117, 5846, 1021951577, 5831, 1021902470, 5587, 1038336551, 5847, 1021179959, 5572, 1021181437, 6086, 1021201523, 5580, 1021044111, 6091, 1038329629, 6083, 1038326052, 5588, 1021078732, 5573, 1021885250, 6092, 1021053007, 5581, 1022027815, 6101, 1022002831, 5575, 1021906114, 5591, 1021184041, 5574, 1021210170]
[INFO] (lattice_cell.c: 455): on tick 21 of 50
[INFO] (lattice_cell.c: 172): the unmatched_packets is 56
[6088, 1037983732, 5824, 1038323170, 5568, 1038322606, 5840, 1037867802, 5576, 1037983005, 6096, 1037867898, 5825, 1038315661, 6089, 1038315512, 5569, 1038311754, 6097, 1038317611, 5830, 1021504903, 5572, 1021481918, 6080, 1038323780, 5846, 1021941864, 5847, 1021178489, 6084, 1021490769, 5582, 1021815008, 5574, 1021509097, 6086, 1021500308, 5591, 1021182062, 5841, 1038313368, 5826, 1038325687, 5842, 1038786444, 5827, 1038332955, 5843, 1038339815, 6091, 1038333072, 6099, 1038335577, 5828, 1021486180, 5844, 1021173829, 6083, 1038328718, 5829, 1021583356, 6092, 1021264763, 5584, 1037867732, 6095, 1021299209, 5845, 1021904706, 6090, 1038668716, 6098, 1038786341, 6082, 1038325067, 5577, 1038307393, 5585, 1038309465, 5831, 1021598294, 5570, 1038326252, 5578, 1038669512, 5571, 1038336882, 6081, 1038319883, 5579, 1038341203, 5586, 1038786566, 5587, 1038343742, 6085, 1021587012, 6093, 1021824347, 6102, 1021937551, 5580, 1021257062, 6094, 1021805794, 5588, 1021170208, 6087, 1021594623, 5581, 1021816230, 5573, 1021580002, 6101, 1021909077, 5589, 1021900702, 5583, 1021305816, 5590, 1021945864, 6103, 1021174604, 6100, 1021177757, 5575, 1021601662]
[INFO] (lattice_cell.c: 455): on tick 22 of 50
[INFO] (lattice_cell.c: 172): the unmatched_packets is 56
[6088, 1038070655, 6096, 1037937580, 6080, 1038325011, 5568, 1038323705, 5824, 1038324335, 5576, 1038069940, 5840, 1037937590, 5584, 1037937613, 6089, 1038311785, 6097, 1038313823, 6081, 1038316541, 5825, 1038312447, 5569, 1038308697, 5841, 1038309706, 5577, 1038303936, 5827, 1038329235, 5843, 1038332776, 5828, 1021289405, 6082, 1038326367, 5830, 1021309253, 6091, 1038328522, 5831, 1021803338, 6099, 1038328654, 5589, 1022102607, 5590, 1021986841, 5575, 1021807156, 6101, 1022110313, 5591, 1021154780, 6095, 1021336927, 5826, 1038327002, 6090, 1038585492, 6103, 1021146482, 6083, 1038325098, 5842, 1038724586, 6092, 1020997951, 6093, 1022091567, 6094, 1021782939, 6086, 1021304633, 6087, 1021799395, 6100, 1020974342, 6084, 1021294516, 6085, 1021791675, 6102, 1021978439, 5585, 1038305898, 5844, 1020969863, 5829, 1021788208, 6098, 1038724615, 5570, 1038327578, 5578, 1038586164, 5845, 1022106217, 5586, 1038724578, 5579, 1038336440, 5571, 1038333077, 5846, 1021982883, 5587, 1038336566, 5847, 1021150707, 5580, 1020988893, 5572, 1021284527, 5588, 1020965575, 5581, 1022084185, 5573, 1021785179, 5582, 1021791969, 5583, 1021344571, 5574, 1021313345]
[INFO] (lattice_cell.c: 455): on tick 23 of 50
[INFO] (lattice_cell.c: 172): the unmatched_packets is 56
[6088, 1038018176, 6096, 1037879225, 6080, 1038323977, 5568, 1038322740, 5824, 1038323337, 5840, 1037879156, 5576, 1038017412, 5584, 1037879113, 6089, 1038316609, 6097, 1038318180, 6081, 1038320968, 5569, 1038312797, 5825, 1038316706, 5841, 1038313898, 5577, 1038308395, 5585, 1038309931, 6090, 1038632718, 6082, 1038325335, 6098, 1038774189, 5570, 1038326584, 5826, 1038325987, 5827, 1038334202, 6091, 1038333820, 5579, 1038342068, 6083, 1038329889, 6099, 1038334928, 6092, 1021230252, 5831, 1021764858, 5574, 1021336708, 5590, 1022008862, 5575, 1021767961, 6103, 1021113647, 6084, 1021318107, 5842, 1038774281, 6093, 1021853020, 6101, 1021832370, 6102, 1022000932, 6094, 1021704926, 6086, 1021327847, 6087, 1021761485, 6085, 1021754466, 5843, 1038339222, 5828, 1021313380, 6100, 1021253261, 5578, 1038633565, 5586, 1038774380, 5844, 1021249513, 5571, 1038338191, 5829, 1021751100, 5845, 1021828075, 5587, 1038343180, 5830, 1021332475, 5572, 1021308974, 5846, 1022005086, 5580, 1021222362, 5588, 1021246021, 6095, 1021397487, 5847, 1021117519, 5573, 1021747950, 5581, 1021845430, 5589, 1021824112, 5591, 1021121070, 5582, 1021713720, 5583, 1021404020]
[INFO] (lattice_cell.c: 455): on tick 24 of 50
[INFO] (lattice_cell.c: 172): the unmatched_packets is 56
[6088, 1038005843, 6096, 1037924571, 6080, 1038324988, 5568, 1038323725, 5824, 1038324333, 5840, 1037924500, 5576, 1038005033, 5584, 1037924445, 6089, 1038309849, 6097, 1038312158, 6081, 1038316037, 5569, 1038308243, 5825, 1038311980, 5841, 1038308098, 5577, 1038302073, 5585, 1038304340, 5826, 1038326900, 5827, 1038328595, 5570, 1038327452, 5843, 1038332975, 6082, 1038326290, 5829, 1021690166, 5587, 1038336722, 5845, 1022078529, 5830, 1021410144, 5580, 1021131015, 6091, 1038328759, 5831, 1021705429, 6099, 1038328896, 5847, 1021168660, 5574, 1021414457, 6095, 1021367563, 6092, 1021139849, 6100, 1021006962, 6090, 1038651887, 5842, 1038737935, 6085, 1021693655, 6094, 1021750114, 6086, 1021405320, 6087, 1021701444, 6101, 1022082861, 5828, 1021389664, 6098, 1038737873, 5844, 1021002527, 5586, 1038737981, 5578, 1038652666, 5571, 1038332369, 6103, 1021164316, 5579, 1038336569, 6102, 1021959761, 5846, 1021964261, 6084, 1021394888, 5572, 1021384723, 6093, 1021954846, 5588, 1020998276, 5573, 1021687113, 5581, 1021947042, 5589, 1022074710, 5590, 1021968294, 6083, 1038324509, 5582, 1021759652, 5583, 1021375066, 5575, 1021709257, 5591, 1021172827]
[INFO] (lattice_cell.c: 455): on tick 25 of 50
[INFO] (lattice_cell.c: 172): the unmatched_packets is 56
[6088, 1038035654, 6096, 1037905217, 6080, 1038323735, 5568, 1038322326, 5824, 1038322998, 5576, 1038034861, 5584, 1037905181, 6089, 1038317158, 5840, 1037905198, 6097, 1038319572, 6081, 1038320471, 5825, 1038316176, 5569, 1038312225, 5585, 1038311266, 6090, 1038615748, 5828, 1021346743, 5586, 1038747719, 5830, 1021365174, 5580, 1021075024, 5581, 1021992692, 5582, 1021781717, 5846, 1021943991, 5847, 1021176761, 5583, 1021338446, 5590, 1021947734, 6103, 1021173038, 6087, 1021730706, 6099, 1038335897, 6083, 1038329474, 6092, 1021082898, 6100, 1021123776, 5841, 1038315253, 5826, 1038326002, 6093, 1022000097, 5842, 1038747645, 5827, 1038333822, 5843, 1038340225, 5844, 1021119850, 5829, 1021720336, 5845, 1021950521, 6094, 1021772902, 6084, 1021351338, 6086, 1021360758, 5831, 1021734076, 5577, 1038308916, 6098, 1038747597, 6102, 1021939884, 5570, 1038326688, 6101, 1021954555, 5578, 1038616618, 6082, 1038325268, 5571, 1038337854, 5579, 1038341916, 6095, 1021332240, 6085, 1021723705, 5587, 1038344221, 6091, 1038333598, 5572, 1021342442, 5588, 1021116198, 5573, 1021717253, 5589, 1021946872, 5575, 1021737202, 5574, 1021369179, 5591, 1021180196]
[INFO] (lattice_cell.c: 455): on tick 26 of 50
[INFO] (lattice_cell.c: 172): the unmatched_packets is 56
[6088, 1038041603, 6096, 1037891297, 6080, 1038325184, 5568, 1038323706, 5824, 1038324418, 5576, 1038040761, 5840, 1037891264, 5584, 1037891224, 6089, 1038310712, 6097, 1038311714, 6081, 1038316382, 5569, 1038308666, 5825, 1038312357, 5577, 1038302980, 5841, 1038307667, 5585, 1038303920, 6090, 1038614717, 6098, 1038772046, 6082, 1038326718, 5570, 1038328094, 5826, 1038327438, 5578, 1038615497, 5586, 1038772106, 6091, 1038328651, 5843, 1038332449, 6099, 1038328407, 5579, 1038336417, 5829, 1021755348, 6083, 1038324805, 5588, 1021138445, 5573, 1021752263, 5581, 1021923440, 5582, 1021766779, 6092, 1021159467, 6093, 1021931204, 5583, 1021369597, 6094, 1021757133, 5591, 1021146080, 6101, 1021943860, 6085, 1021758872, 5842, 1038772078, 5827, 1038328862, 5828, 1021321715, 5844, 1021142554, 5845, 1021939390, 5830, 1021342762, 6087, 1021766631, 6100, 1021146916, 5846, 1021991568, 6102, 1021986940, 6084, 1021327046, 5831, 1021770590, 6095, 1021361883, 6103, 1021137511, 6086, 1021337765, 5847, 1021141883, 5571, 1038332621, 5587, 1038336159, 5572, 1021316699, 5580, 1021150382, 5589, 1021935386, 5574, 1021347235, 5590, 1021995730, 5575, 1021774398]
[INFO] (lattice_cell.c: 455): on tick 27 of 50
[INFO] (lattice_cell.c: 172): the unmatched_packets is 56
[6088, 1038016671, 6096, 1037905921, 6080, 1038323753, 5568, 1038322370, 5824, 1038323031, 6089, 1038316496, 5576, 1038015835, 5840, 1037905885, 5584, 1037905857, 6097, 1038318590, 6081, 1038320723, 5569, 1038312445, 5825, 1038316404, 5841, 1038314257, 5585, 1038310270, 5577, 1038308214, 6090, 1038634720, 6098, 1038747373, 5830, 1021358549, 6091, 1038333675, 5589, 1022004440, 5582, 1021736284, 6099, 1038335601, 5590, 1021995618, 5847, 1021131152, 6101, 1022012188, 5575, 1021742515, 6103, 1021127462, 6087, 1021736370, 6100, 1021071972, 5826, 1038325973, 6093, 1021916891, 5842, 1038747453, 6095, 1021375647, 6085, 1021729836, 6094, 1021727642, 6086, 1021354050, 5570, 1038326649, 5827, 1038334148, 5578, 1038635656, 5843, 1038339945, 5586, 1038747541, 5828, 1021339653, 5571, 1038338204, 6084, 1021344396, 5579, 1038342036, 6082, 1038325256, 5844, 1021068171, 5829, 1021726736, 5587, 1038343961, 5572, 1021335164, 5580, 1021159708, 6102, 1021987976, 5845, 1022008151, 5588, 1021064577, 5846, 1021991981, 6092, 1021167489, 5581, 1021909642, 5831, 1021739539, 6083, 1038329774, 5573, 1021723896, 5574, 1021362617, 5583, 1021381738, 5591, 1021134580]
[INFO] (lattice_cell.c: 455): on tick 28 of 50
[INFO] (lattice_cell.c: 172): the unmatched_packets is 56
[6088, 1038018147, 6096, 1037921569, 6080, 1038324972, 6089, 1038309967, 5568, 1038323455, 5824, 1038324189, 5840, 1037921513, 5576, 1038017170, 5584, 1037921453, 6097, 1038312215, 5825, 1038312167, 5585, 1038304455, 5569, 1038308474, 5842, 1038740532, 6082, 1038326557, 5843, 1038333178, 5571, 1038332345, 5829, 1021711663, 6091, 1038328972, 5572, 1021361750, 5580, 1021115009, 6099, 1038329159, 6083, 1038324560, 5589, 1021986076, 5583, 1021372717, 6102, 1021963602, 5590, 1021972483, 6095, 1021365222, 6092, 1021123885, 6084, 1021372014, 6101, 1021994560, 6086, 1021382763, 5841, 1038308188, 6103, 1021160134, 5826, 1038327294, 6087, 1021723195, 6081, 1038316187, 5827, 1038328610, 6090, 1038639481, 6098, 1038740481, 5577, 1038302267, 5828, 1021366732, 5570, 1038327969, 6093, 1021968735, 5844, 1021088289, 5578, 1038640395, 5586, 1038740584, 6094, 1021753036, 5845, 1021990083, 5830, 1021387809, 6085, 1021715268, 5579, 1038336691, 6100, 1021092737, 5587, 1038336880, 5846, 1021968249, 5831, 1021727191, 5847, 1021164567, 5588, 1021084113, 5573, 1021708461, 5581, 1021960616, 5582, 1021763041, 5591, 1021168770, 5574, 1021392365, 5575, 1021731010]
[INFO] (lattice_cell.c: 455): on tick 29 of 50
[INFO] (lattice_cell.c: 172): the unmatched_packets is 56
[6088, 1038031008, 6096, 1037899822, 6080, 1038323827, 6089, 1038316785, 5568, 1038322303, 5824, 1038323023, 6097, 1038319130, 5840, 1037899822, 5576, 1038030164, 5584, 1037899828, 6081, 1038320318, 5825, 1038315999, 5826, 1038326277, 6098, 1038753153, 5842, 1038753193, 6091, 1038333552, 5845, 1021944841, 5580, 1021105095, 6099, 1038334879, 5581, 1021963384, 6083, 1038329384, 5582, 1021770237, 5847, 1021169086, 5583, 1021350046, 6100, 1021131405, 6084, 1021348762, 6085, 1021726478, 6086, 1021358337, 6095, 1021344101, 6103, 1021165415, 5841, 1038314793, 6090, 1038620332, 5569, 1038312039, 5827, 1038333769, 5577, 1038308508, 5585, 1038310784, 6082, 1038325483, 5570, 1038327018, 5843, 1038339227, 5828, 1021343994, 5578, 1038621254, 5586, 1038753248, 5571, 1038337838, 5844, 1021127515, 5829, 1021723429, 5579, 1038341934, 5587, 1038343255, 6102, 1021951576, 6093, 1021970320, 5572, 1021339467, 6101, 1021948751, 5830, 1021362766, 5588, 1021123834, 5846, 1021955552, 5831, 1021736148, 6094, 1021761508, 6087, 1021732961, 5573, 1021720682, 5589, 1021941308, 5575, 1021739137, 6092, 1021113131, 5591, 1021172520, 5574, 1021366737, 5590, 1021959127]
[INFO] (lattice_cell.c: 455): on tick 30 of 50
[INFO] (lattice_cell.c: 172): the unmatched_packets is 56
[6088, 1038036072, 6096, 1037896025, 6080, 1038325021, 6089, 1038310583, 5568, 1038323327, 6097, 1038311613, 5824, 1038324146, 5576, 1038035080, 6081, 1038316523, 5840, 1037895951, 5825, 1038312513, 5842, 1038767394, 6082, 1038326792, 5829, 1021743421, 5830, 1021354560, 5582, 1021765940, 5589, 1021965196, 6099, 1038329484, 5847, 1021150298, 5574, 1021359240, 5590, 1021985094, 6101, 1021974058, 5575, 1021762435, 5591, 1021154425, 6103, 1021145895, 5841, 1038307573, 5826, 1038327619, 6100, 1021115601, 6084, 1021338511, 5827, 1038328953, 5584, 1037895892, 5843, 1038333499, 6087, 1021754824, 6085, 1021747037, 5828, 1021333175, 6086, 1021349409, 6083, 1038324901, 5577, 1038302876, 5844, 1021111316, 5585, 1038303852, 6090, 1038620488, 5569, 1038308827, 5578, 1038621427, 5845, 1021969393, 5586, 1038767450, 6102, 1021976096, 5846, 1021980798, 5579, 1038337399, 5570, 1038328381, 5831, 1021758738, 6095, 1021359482, 5571, 1038332701, 6092, 1021151872, 5587, 1038337190, 6098, 1038767330, 5580, 1021143057, 5572, 1021328192, 6091, 1038329675, 5581, 1021930720, 5573, 1021740202, 5588, 1021107338, 5583, 1021366969, 6094, 1021755879, 6093, 1021938887]
[INFO] (lattice_cell.c: 455): on tick 31 of 50
[INFO] (lattice_cell.c: 172): the unmatched_packets is 56
[6088, 1038021974, 6096, 1037904478, 6080, 1038323782, 6089, 1038316213, 6097, 1038318461, 5568, 1038322232, 6081, 1038319645, 5824, 1038322975, 5576, 1038021072, 5584, 1037904468, 5825, 1038315338, 5826, 1038326254, 5569, 1038311385, 5570, 1038326993, 5587, 1038345460, 6091, 1038332991, 5572, 1021336080, 6099, 1038337104, 5573, 1021726889, 6083, 1038328690, 5581, 1021922106, 6092, 1021155483, 5589, 1021993433, 5831, 1021741695, 6085, 1021732359, 6101, 1022000807, 5590, 1021988071, 5575, 1021744646, 6100, 1021082309, 6093, 1021928970, 5840, 1037904471, 6095, 1021367205, 6087, 1021738601, 5841, 1038314144, 6102, 1021980523, 6103, 1021129610, 5842, 1038748984, 5827, 1038333067, 5843, 1038341449, 5828, 1021340785, 6090, 1038629614, 6094, 1021739363, 5844, 1021078379, 6098, 1038748941, 6084, 1021345736, 5829, 1021729471, 5585, 1038310152, 6082, 1038325461, 5577, 1038307956, 5845, 1021996930, 5830, 1021360125, 5578, 1038630593, 5846, 1021984504, 5586, 1038749042, 5571, 1038337131, 5847, 1021133314, 5579, 1038341343, 6086, 1021355595, 5580, 1021147401, 5588, 1021074638, 5582, 1021748039, 5574, 1021364175, 5583, 1021373182, 5591, 1021136801]
[INFO] (lattice_cell.c: 455): on tick 32 of 50
[INFO] (lattice_cell.c: 172): the unmatched_packets is 56
[6088, 1038021126, 6096, 1037918498, 6080, 1038324874, 6089, 1038310866, 6097, 1038312244, 5568, 1038323131, 5824, 1038323969, 5840, 1037918441, 5584, 1037918384, 5576, 1038020041, 6081, 1038316897, 5569, 1038309158, 6082, 1038326697, 5579, 1038335564, 6091, 1038327807, 6099, 1038329806, 5573, 1021716935, 5582, 1021762562, 6083, 1038325315, 5847, 1021154659, 5574, 1021381308, 6100, 1021100191, 5590, 1021980838, 5575, 1021739002, 5825, 1038312870, 5841, 1038308178, 6090, 1038636189, 5826, 1038327553, 6101, 1021986999, 6094, 1021752332, 6095, 1021371549, 6103, 1021150345, 6086, 1021371433, 6092, 1021130728, 5842, 1038743507, 5827, 1038329368, 5577, 1038303139, 5585, 1038304433, 5843, 1038333845, 5828, 1021355290, 5570, 1038328328, 5578, 1038637246, 6098, 1038743452, 5844, 1021095935, 5586, 1038743576, 5829, 1021720196, 5571, 1038333127, 6085, 1021723813, 5845, 1021982359, 5830, 1021376590, 5587, 1038337569, 5572, 1021350384, 6087, 1021731558, 5846, 1021976540, 5580, 1021122104, 5831, 1021735396, 6084, 1021360567, 5588, 1021091976, 5581, 1021949390, 6093, 1021957718, 6102, 1021971850, 5589, 1021978147, 5583, 1021378727, 5591, 1021158701]
[INFO] (lattice_cell.c: 455): on tick 33 of 50
[INFO] (lattice_cell.c: 172): the unmatched_packets is 56
[6088, 1038025916, 6096, 1037901238, 6080, 1038323901, 6089, 1038315836, 6097, 1038317967, 5568, 1038322227, 6081, 1038321589, 5824, 1038323029, 5840, 1037901223, 5576, 1038024964, 6090, 1038625831, 5843, 1038338538, 5845, 1021957340, 6091, 1038333018, 5573, 1021714934, 6099, 1038334238, 5589, 1021953929, 6093, 1021963810, 5583, 1021358057, 5574, 1021367895, 5847, 1021171097, 6095, 1021351985, 6083, 1038330583, 5575, 1021732850, 5591, 1021174789, 6092, 1021122205, 5825, 1038317309, 5841, 1038313666, 5826, 1038326561, 5827, 1038334930, 5842, 1038751983, 5828, 1021344350, 6101, 1021961194, 5829, 1021717452, 5584, 1037901225, 5844, 1021118529, 6094, 1021755582, 6102, 1021952823, 5569, 1038313368, 6098, 1038751950, 6100, 1021122544, 5830, 1021363852, 6084, 1021349350, 5577, 1038307633, 5585, 1038309698, 6085, 1021720308, 6082, 1038325704, 5570, 1038327349, 5831, 1021729787, 6103, 1021167277, 6087, 1021726618, 5846, 1021956787, 5578, 1038626833, 5586, 1038752032, 5571, 1038338971, 6086, 1021359320, 5587, 1038342496, 5572, 1021339578, 5579, 1038341306, 5588, 1021114665, 5581, 1021957092, 5582, 1021764449, 5580, 1021113841, 5590, 1021960307]
[INFO] (lattice_cell.c: 455): on tick 34 of 50
[INFO] (lattice_cell.c: 172): the unmatched_packets is 56
[6088, 1038035525, 6096, 1037905620, 6080, 1038324850, 6089, 1038309073, 6097, 1038312289, 6081, 1038316971, 5568, 1038323014, 5824, 1038323902, 5840, 1037905572, 5576, 1038034464, 6090, 1038620999, 5826, 1038327718, 5577, 1038301305, 5842, 1038757200, 5586, 1038757251, 5828, 1021339488, 5579, 1038338437, 5844, 1021113203, 5587, 1038339629, 6091, 1038330587, 5581, 1021942545, 5573, 1021732472, 5582, 1021771114, 6083, 1038325448, 5589, 1021959805, 6092, 1021145589, 6101, 1021968808, 5574, 1021365569, 5590, 1021990722, 6100, 1021117289, 5591, 1021140557, 6093, 1021950849, 6095, 1021352042, 6102, 1021981657, 5825, 1038312921, 6086, 1021355651, 6084, 1021344768, 5841, 1038308212, 6098, 1038757142, 5584, 1037905531, 5827, 1038329562, 6082, 1038326799, 6087, 1021746769, 5843, 1038335871, 5569, 1038309202, 6085, 1021739257, 5585, 1038304443, 6094, 1021760848, 5578, 1038622036, 5570, 1038328553, 5829, 1021735726, 5845, 1021964098, 5830, 1021360823, 5571, 1038333362, 6099, 1038331783, 5846, 1021986400, 5831, 1021750446, 5847, 1021136744, 5580, 1021137106, 5572, 1021334568, 5588, 1021109424, 5583, 1021358808, 5575, 1021753842, 6103, 1021132625]
[INFO] (lattice_cell.c: 455): on tick 35 of 50
[INFO] (lattice_cell.c: 172): the unmatched_packets is 56
[6088, 1038021111, 6096, 1037887078, 6080, 1038323816, 6089, 1038315648, 6097, 1038319585, 6081, 1038318860, 5568, 1038321979, 5824, 1038322870, 5840, 1037887061, 5576, 1038020042, 6090, 1038630741, 6098, 1038767063, 6082, 1038325778, 5825, 1038314608, 5569, 1038310697, 5841, 1038315318, 6091, 1038330908, 5843, 1038338591, 5586, 1038767184, 6083, 1038327775, 5846, 1021943743, 5831, 1021749400, 5582, 1021744410, 5589, 1021989249, 6093, 1021938261, 6085, 1021739795, 6102, 1021939764, 6087, 1021746138, 5826, 1038326713, 5842, 1038767116, 5827, 1038332087, 5828, 1021335650, 6103, 1021181295, 5584, 1037887041, 6099, 1038334340, 5577, 1038307501, 6094, 1021735560, 5585, 1038311379, 6095, 1021379462, 5570, 1038327572, 5844, 1021076323, 5829, 1021736956, 6086, 1021350945, 6100, 1021080397, 5578, 1038631858, 6084, 1021340776, 5845, 1021992709, 5830, 1021355605, 5579, 1038339093, 5571, 1038336087, 5587, 1038342505, 5580, 1021139151, 5847, 1021185287, 5572, 1021330776, 5588, 1021072405, 6092, 1021147581, 5581, 1021931480, 5573, 1021734490, 5575, 1021752564, 5574, 1021359736, 6101, 1021996598, 5583, 1021385912, 5590, 1021947316, 5591, 1021189124]
[INFO] (lattice_cell.c: 455): on tick 36 of 50
[INFO] (lattice_cell.c: 172): the unmatched_packets is 56
[6088, 1038033915, 6096, 1037937718, 6080, 1038324844, 6089, 1038311564, 6097, 1038312748, 6081, 1038318876, 5568, 1038323053, 5824, 1038323918, 5840, 1037937674, 5584, 1037937646, 5576, 1038032833, 6090, 1038622945, 6098, 1038723663, 6082, 1038326727, 5569, 1038311049, 5825, 1038314789, 5841, 1038308636, 5577, 1038303738, 5585, 1038304843, 6091, 1038330795, 5826, 1038327613, 5842, 1038723706, 5570, 1038328424, 6099, 1038329672, 5843, 1038333808, 5587, 1038337617, 5572, 1021354265, 6092, 1021147546, 5580, 1021139145, 5588, 1021102098, 6100, 1021109923, 5589, 1021966976, 5574, 1021385572, 5847, 1021072260, 6103, 1021068243, 5575, 1021725549, 6087, 1021719003, 6085, 1021711932, 6094, 1021781008, 6102, 1022056066, 6086, 1021375545, 6095, 1021331669, 6101, 1021975797, 5827, 1038331593, 6083, 1038327443, 5828, 1021359221, 5844, 1021105831, 5829, 1021708544, 5845, 1021971194, 5830, 1021380786, 5586, 1038723763, 5571, 1038335456, 5846, 1022060715, 5831, 1021722406, 5579, 1038338726, 5578, 1038624005, 6084, 1021364547, 6093, 1021937913, 5573, 1021705428, 5581, 1021929726, 5582, 1021791350, 5583, 1021337966, 5590, 1022064985, 5591, 1021075955]
[INFO] (lattice_cell.c: 455): on tick 37 of 50
[INFO] (lattice_cell.c: 172): the unmatched_packets is 56
[6088, 1038005467, 6096, 1037876815, 6080, 1038323786, 6089, 1038313482, 6097, 1038316790, 6081, 1038318778, 5568, 1038321810, 5824, 1038322759, 5840, 1037876809, 5576, 1038004321, 5584, 1037876795, 6090, 1038646843, 6098, 1038777080, 6082, 1038325898, 5569, 1038310695, 5825, 1038314568, 5585, 1038308672, 5577, 1038305403, 5826, 1038326915, 6091, 1038333337, 6083, 1038327599, 5830, 1021335600, 6092, 1021110342, 5846, 1021842752, 5582, 1021688665, 6100, 1021100043, 5574, 1021339717, 5583, 1021433412, 6102, 1021838627, 6084, 1021320758, 6093, 1021983472, 6101, 1021986095, 5841, 1038312577, 5842, 1038777112, 5827, 1038331868, 6085, 1021759994, 6086, 1021330951, 5843, 1038342144, 5828, 1021315617, 5844, 1021095960, 5829, 1021757019, 6087, 1021766684, 5845, 1021982083, 6095, 1021426866, 6103, 1021266859, 5570, 1038327827, 5831, 1021770134, 5578, 1038648048, 5586, 1038777157, 6099, 1038337933, 5847, 1021270864, 5571, 1038335802, 5579, 1038341414, 5587, 1038346017, 5572, 1021310704, 5580, 1021101898, 5588, 1021092027, 6094, 1021679503, 5573, 1021754450, 5581, 1021976462, 5589, 1021978552, 5590, 1021846381, 5575, 1021773497, 5591, 1021274729]
[INFO] (lattice_cell.c: 455): on tick 38 of 50
[INFO] (lattice_cell.c: 172): the unmatched_packets is 56
[6088, 1038052797, 6096, 1037929411, 6080, 1038324883, 6089, 1038311893, 6097, 1038314595, 6081, 1038316425, 5568, 1038322938, 5824, 1038323882, 5576, 1038051672, 5840, 1037929389, 5584, 1037929368, 6090, 1038603631, 6098, 1038732703, 6082, 1038326924, 5569, 1038308529, 5825, 1038312302, 5841, 1038310442, 5826, 1038327880, 5842, 1038732742, 6091, 1038327009, 6099, 1038327595, 5827, 1038329317, 6083, 1038325101, 5843, 1038331760, 5586, 1038732780, 6092, 1021170984, 6100, 1021128537, 5830, 1021437147, 6093, 1021914509, 5582, 1021888797, 5574, 1021441923, 5847, 1021032203, 6094, 1021878607, 6102, 1022104413, 6087, 1021671550, 6086, 1021431919, 6095, 1021249227, 5570, 1038328760, 6085, 1021664835, 5577, 1038303986, 5578, 1038604711, 5585, 1038306612, 5571, 1038333234, 5828, 1021415720, 5579, 1038335039, 5587, 1038335576, 5844, 1021124487, 5580, 1021162520, 5829, 1021661615, 5572, 1021410785, 6084, 1021420990, 5845, 1021945032, 5588, 1021120754, 5581, 1021906746, 5573, 1021658635, 5589, 1021940904, 5846, 1022108934, 5583, 1021255372, 5575, 1021677734, 5831, 1021674777, 5590, 1022113096, 5591, 1021035947, 6103, 1021028166, 6101, 1021949501]
[INFO] (lattice_cell.c: 455): on tick 39 of 50
[INFO] (lattice_cell.c: 172): the unmatched_packets is 56
[6088, 1038014111, 6096, 1037891846, 6080, 1038323770, 6089, 1038315865, 6097, 1038316709, 6081, 1038322694, 5568, 1038321795, 5824, 1038322740, 5576, 1038012971, 5840, 1037891787, 5584, 1037891728, 5825, 1038318535, 5841, 1038312529, 5577, 1038307891, 5843, 1038341123, 5571, 1038339514, 5587, 1038344976, 6091, 1038335589, 5845, 1021999016, 5830, 1021238327, 6099, 1038336942, 6083, 1038331410, 5581, 1021994803, 5573, 1021836850, 5847, 1021249224, 5582, 1021612118, 5589, 1021995321, 5583, 1021500886, 5574, 1021242614, 6084, 1021222839, 6093, 1022002095, 5590, 1021873160, 5575, 1021855801, 5591, 1021253114, 5826, 1038326900, 6086, 1021233467, 5842, 1038761827, 6103, 1021245143, 6087, 1021849030, 6094, 1021602702, 6092, 1021081263, 5827, 1038335617, 6090, 1038637667, 5569, 1038314703, 5585, 1038308676, 5828, 1021217466, 6085, 1021842361, 6098, 1038761736, 5570, 1038327836, 6082, 1038325894, 5578, 1038638871, 5844, 1021079154, 6102, 1021865335, 5829, 1021839399, 5586, 1038761926, 5579, 1038343594, 6100, 1021083265, 5846, 1021869480, 6101, 1022003210, 5572, 1021212330, 5831, 1021852462, 5580, 1021072741, 5588, 1021075237, 6095, 1021494460]
[INFO] (lattice_cell.c: 455): on tick 40 of 50
[INFO] (lattice_cell.c: 172): the unmatched_packets is 56
[6088, 1038018219, 6096, 1037889351, 6080, 1038324756, 6089, 1038307548, 6097, 1038311564, 6081, 1038314016, 5568, 1038322637, 5824, 1038323666, 5576, 1038017014, 5840, 1037889376, 5584, 1037889417, 6090, 1038639305, 6098, 1038774036, 5825, 1038309838, 5569, 1038306002, 6082, 1038326977, 5827, 1038327046, 5586, 1038773984, 5843, 1038334234, 5828, 1021493076, 6099, 1038330034, 6083, 1038322793, 5830, 1021513956, 5589, 1021948038, 6092, 1021242868, 5582, 1021888923, 6100, 1021132187, 5847, 1021114989, 5575, 1021610111, 5591, 1021118468, 6093, 1021858606, 5841, 1038307363, 5826, 1038328012, 5842, 1038774003, 6101, 1021956343, 6085, 1021597393, 6102, 1022011978, 5844, 1021128200, 5829, 1021594241, 6095, 1021245065, 5845, 1021952017, 6091, 1038327949, 6087, 1021603970, 6094, 1021878768, 6086, 1021508837, 6103, 1021111223, 5846, 1022016603, 5831, 1021607170, 6084, 1021498215, 5570, 1038328964, 5577, 1038299545, 5585, 1038303490, 5578, 1038640464, 5571, 1038330994, 5579, 1038336017, 5587, 1038338088, 5572, 1021488321, 5580, 1021234766, 5588, 1021124544, 5573, 1021591334, 5581, 1021850864, 5590, 1022020889, 5574, 1021518634, 5583, 1021251068]
[INFO] (lattice_cell.c: 455): on tick 41 of 50
[INFO] (lattice_cell.c: 172): the unmatched_packets is 56
[6088, 1038055352, 6096, 1037946458, 6080, 1038323780, 6089, 1038318582, 6097, 1038321523, 6081, 1038321769, 5568, 1038321729, 5824, 1038322711, 5576, 1038054117, 5840, 1037946413, 5584, 1037946385, 6090, 1038595720, 5825, 1038317682, 5569, 1038313938, 5841, 1038317398, 6098, 1038705348, 5826, 1038327007, 6082, 1038325966, 5578, 1038597020, 6099, 1038336124, 5829, 1021843436, 5580, 1021001681, 5573, 1021840815, 5581, 1022055926, 5582, 1021698098, 5831, 1021856419, 5589, 1022036201, 5574, 1021242746, 5583, 1021425140, 5591, 1021127830, 6084, 1021222228, 6100, 1021026203, 6093, 1022063166, 6101, 1022044287, 6094, 1021688672, 6085, 1021846405, 5842, 1038705425, 5827, 1038334560, 5843, 1038340246, 5828, 1021216609, 6095, 1021418448, 5844, 1021021999, 6103, 1021119311, 6087, 1021853058, 5845, 1022039981, 5830, 1021238318, 5846, 1022000249, 5847, 1021123672, 6091, 1038333403, 6102, 1021996169, 6086, 1021233286, 6083, 1038330385, 5577, 1038310724, 5585, 1038313586, 5570, 1038327958, 5586, 1038705518, 5571, 1038338443, 5579, 1038341347, 5587, 1038344048, 5572, 1021211236, 5588, 1021017941, 6092, 1021010726, 5590, 1022003824, 5575, 1021859712]
[INFO] (lattice_cell.c: 455): on tick 42 of 50
[INFO] (lattice_cell.c: 172): the unmatched_packets is 56
[6088, 1037988732, 6096, 1037872380, 6080, 1038324927, 6089, 1038308026, 6097, 1038308891, 6081, 1038316252, 5568, 1038322872, 5576, 1037987516, 5824, 1038323861, 5584, 1037872313, 5840, 1037872346, 6090, 1038669098, 6098, 1038790814, 6082, 1038327088, 5569, 1038308106, 5825, 1038312014, 5841, 1038304638, 5577, 1038299913, 5585, 1038300724, 6091, 1038329183, 6083, 1038325125, 5579, 1038337331, 5844, 1021236565, 5587, 1038337639, 5830, 1021428268, 5588, 1021233091, 5573, 1021667994, 6092, 1021254930, 5581, 1021834405, 5831, 1021682914, 5582, 1021746702, 5589, 1021847565, 5574, 1021432956, 5583, 1021387876, 6100, 1021240327, 5575, 1021685784, 5826, 1038328108, 5842, 1038790842, 5827, 1038329411, 6103, 1021189964, 5843, 1038333738, 5828, 1021407561, 5829, 1021670672, 6101, 1021855811, 6085, 1021673600, 5845, 1021851511, 6095, 1021382489, 6084, 1021412621, 5846, 1021937468, 6094, 1021736335, 6086, 1021423192, 6087, 1021679845, 5847, 1021193655, 6093, 1021841973, 5570, 1038329025, 6102, 1021932995, 6099, 1038329476, 5578, 1038670257, 5586, 1038790881, 5571, 1038333381, 5572, 1021402866, 5580, 1021247243, 5590, 1021941596, 5591, 1021197086]
[INFO] (lattice_cell.c: 455): on tick 43 of 50
[INFO] (lattice_cell.c: 172): the unmatched_packets is 56
[6088, 1038045074, 6096, 1037918213, 6080, 1038323475, 6089, 1038316294, 6097, 1038319955, 6081, 1038320649, 5568, 1038321161, 5576, 1038043831, 5824, 1038322276, 5584, 1037918273, 5840, 1037918236, 6090, 1038606578, 6098, 1038735268, 5825, 1038316614, 5569, 1038312910, 5841, 1038315892, 6082, 1038325958, 5842, 1038735283, 5843, 1038340618, 6091, 1038333277, 6099, 1038336544, 5829, 1021705792, 6083, 1038329171, 5589, 1022098821, 5582, 1021817464, 6092, 1021056710, 5574, 1021385218, 5590, 1021965459, 5575, 1021723023, 6093, 1022028158, 5826, 1038327148, 6101, 1022107021, 6103, 1021157919, 6102, 1021957202, 6087, 1021716058, 6085, 1021709010, 5827, 1038333309, 5585, 1038312136, 5577, 1038308562, 5828, 1021359174, 5570, 1038328226, 5844, 1020963879, 6094, 1021807716, 5578, 1038607908, 5586, 1038735323, 6086, 1021375788, 6095, 1021299847, 5571, 1038337161, 5845, 1022102687, 6100, 1020968287, 6084, 1021364747, 5830, 1021380786, 5579, 1038341118, 5587, 1038344365, 5846, 1021961592, 5572, 1021353819, 5831, 1021719625, 5847, 1021162177, 5580, 1021047543, 5588, 1020959637, 5573, 1021702951, 5581, 1022020509, 5591, 1021166210, 5583, 1021306637]
[INFO] (lattice_cell.c: 455): on tick 44 of 50
[INFO] (lattice_cell.c: 172): the unmatched_packets is 56
[6088, 1038044090, 6096, 1037900851, 6080, 1038325018, 6089, 1038309665, 6097, 1038311831, 6081, 1038316153, 5568, 1038322812, 5824, 1038323883, 5576, 1038042799, 5584, 1037900817, 5840, 1037900834, 6090, 1038612429, 6098, 1038761720, 6082, 1038327313, 5569, 1038307963, 5825, 1038311889, 5841, 1038307530, 5577, 1038301465, 5585, 1038303548, 6091, 1038329296, 5826, 1038328384, 5842, 1038761736, 6099, 1038329981, 5827, 1038329437, 5843, 1038334273, 5579, 1038337536, 6092, 1021157647, 5830, 1021309670, 6100, 1021194879, 5589, 1021883471, 6084, 1021293778, 5582, 1021739493, 5574, 1021314382, 5847, 1021118237, 5590, 1022016315, 6094, 1021729678, 5575, 1021803310, 6103, 1021114455, 6085, 1021792149, 5591, 1021121731, 6086, 1021304518, 6087, 1021797862, 6095, 1021389171, 5828, 1021288570, 6093, 1021933141, 5844, 1021191261, 5829, 1021789473, 5845, 1021887302, 6102, 1022008116, 5846, 1022012381, 5831, 1021800684, 6101, 1021891542, 5570, 1038329350, 5586, 1038761751, 5578, 1038613650, 6083, 1038325103, 5571, 1038333456, 5587, 1038338199, 5572, 1021283750, 5580, 1021149807, 5588, 1021187974, 5573, 1021787044, 5581, 1021926141, 5583, 1021394758]
[INFO] (lattice_cell.c: 455): on tick 45 of 50
[INFO] (lattice_cell.c: 172): the unmatched_packets is 56
[6088, 1037999443, 6096, 1037904221, 6080, 1038323601, 6089, 1038315693, 6097, 1038318482, 6081, 1038320742, 5568, 1038321446, 5576, 1037998147, 5584, 1037904143, 5824, 1038322482, 5840, 1037904176, 5825, 1038316729, 5841, 1038314446, 5569, 1038313037, 5826, 1038327025, 6082, 1038325915, 5585, 1038310750, 5843, 1038339406, 5844, 1021075734, 6091, 1038333093, 6099, 1038335359, 5580, 1021175621, 6083, 1038329192, 5573, 1021696557, 5589, 1021992463, 5582, 1021732888, 5847, 1021155174, 6093, 1021899161, 5583, 1021391746, 6094, 1021722618, 5591, 1021159266, 6101, 1022001085, 6086, 1021382289, 6103, 1021150857, 6102, 1021967822, 6095, 1021385266, 6087, 1021709447, 6085, 1021702537, 5842, 1038749000, 5827, 1038333289, 5828, 1021365039, 5829, 1021699361, 6092, 1021184628, 6084, 1021370810, 5577, 1038308027, 6090, 1038652780, 5570, 1038328038, 5845, 1021996530, 6100, 1021080121, 5830, 1021387549, 5578, 1038654185, 5586, 1038749106, 6098, 1038748905, 5846, 1021972229, 5831, 1021712912, 5571, 1038337098, 5579, 1038340861, 5587, 1038343140, 5572, 1021359567, 5588, 1021071544, 5581, 1021891135, 5574, 1021392238, 5590, 1021976142, 5575, 1021716226]
[INFO] (lattice_cell.c: 455): on tick 46 of 50
[INFO] (lattice_cell.c: 172): the unmatched_packets is 56
[6088, 1038028496, 6096, 1037917826, 6080, 1038324748, 6089, 1038309331, 6097, 1038311712, 6081, 1038316238, 5568, 1038322344, 5824, 1038323516, 5576, 1038027136, 5840, 1037917842, 5584, 1037917853, 5825, 1038311937, 5569, 1038307990, 5841, 1038307390, 6090, 1038629223, 6082, 1038327260, 5570, 1038329489, 5578, 1038630509, 6091, 1038329957, 5586, 1038744416, 5844, 1021065887, 5571, 1038333641, 5580, 1021083101, 5845, 1022012012, 6083, 1038325247, 5831, 1021715603, 5582, 1021791824, 6092, 1021090786, 5589, 1022008425, 5583, 1021340164, 6085, 1021706723, 6098, 1038744467, 5575, 1021718419, 6086, 1021389747, 5591, 1021186623, 6101, 1022015991, 6102, 1021940466, 5826, 1038328425, 5842, 1038744436, 5827, 1038329603, 5843, 1038335239, 5828, 1021374505, 5829, 1021703993, 5577, 1038301116, 5585, 1038303397, 6094, 1021781887, 5830, 1021394614, 6095, 1021334810, 6103, 1021179578, 6087, 1021712651, 5846, 1021944730, 6100, 1021069617, 6084, 1021379487, 5847, 1021183205, 6093, 1022002672, 5579, 1038338234, 5587, 1038339195, 5572, 1021369873, 6099, 1038330926, 5588, 1021062463, 5573, 1021701519, 5581, 1021995679, 5574, 1021399084, 5590, 1021948661]
[INFO] (lattice_cell.c: 455): on tick 47 of 50
[INFO] (lattice_cell.c: 172): the unmatched_packets is 56
[6088, 1038044066, 6096, 1037894188, 6080, 1038323670, 6089, 1038316144, 6097, 1038318890, 6081, 1038320044, 5568, 1038321317, 5824, 1038322454, 5576, 1038042794, 5584, 1037894275, 5840, 1037894225, 6090, 1038606992, 6098, 1038759207, 6082, 1038326205, 5569, 1038312406, 5825, 1038316059, 5841, 1038314872, 5585, 1038311170, 5577, 1038308514, 6091, 1038332733, 5826, 1038327416, 5827, 1038332541, 5586, 1038759249, 5843, 1038341141, 6083, 1038328452, 5829, 1021753613, 5587, 1038344841, 6092, 1021127808, 5589, 1021915771, 5847, 1021137856, 6100, 1021153587, 6084, 1021318558, 5590, 1021986124, 5575, 1021770148, 5842, 1038759212, 6093, 1021955281, 6087, 1021763574, 5828, 1021312658, 5844, 1021149256, 5570, 1038328525, 6102, 1021977573, 5578, 1038608363, 5845, 1021919956, 6103, 1021133545, 5571, 1038336345, 5830, 1021335768, 6099, 1038337130, 5579, 1038340466, 6101, 1021924596, 6085, 1021756756, 5846, 1021982098, 6094, 1021761109, 5831, 1021766936, 6086, 1021330333, 6095, 1021349461, 5572, 1021307058, 5580, 1021118373, 5588, 1021145125, 5573, 1021750753, 5581, 1021947454, 5582, 1021771433, 5574, 1021340606, 5583, 1021356061, 5591, 1021141921]
[INFO] (lattice_cell.c: 455): on tick 48 of 50
[INFO] (lattice_cell.c: 172): the unmatched_packets is 56
[6088, 1038021059, 6096, 1037903892, 6080, 1038324878, 6089, 1038309880, 6097, 1038311410, 6081, 1038316757, 5568, 1038322494, 5824, 1038323649, 5576, 1038019615, 5840, 1037903824, 5584, 1037903765, 5825, 1038312442, 5826, 1038328501, 6082, 1038327352, 5570, 1038329556, 5586, 1038759164, 5579, 1038336469, 5845, 1021981227, 6099, 1038330908, 6083, 1038325782, 5581, 1021902732, 5573, 1021738166, 5831, 1021751224, 6100, 1021103022, 6093, 1021909672, 5574, 1021361057, 5575, 1021753889, 5841, 1038307073, 5591, 1021138522, 6087, 1021748429, 6094, 1021733438, 6103, 1021131211, 6092, 1021180126, 5842, 1038759109, 6090, 1038636093, 5827, 1038330147, 6098, 1038759042, 5569, 1038308484, 6102, 1021988652, 6095, 1021389321, 6084, 1021341026, 5577, 1038301632, 5843, 1038335234, 5585, 1038303076, 5828, 1021335888, 5578, 1038637455, 5844, 1021099492, 5829, 1021740387, 5571, 1038334197, 5830, 1021356536, 6091, 1038328179, 5587, 1038339187, 5846, 1021992720, 5572, 1021331072, 5580, 1021172611, 6086, 1021351554, 5847, 1021134967, 5588, 1021096220, 6101, 1021985363, 6085, 1021742881, 5589, 1021977529, 5583, 1021394663, 5590, 1021996424, 5582, 1021743156]
[INFO] (lattice_cell.c: 455): on tick 49 of 50
[INFO] (lattice_cell.c: 172): the unmatched_packets is 56
[6088, 1038013834, 6096, 1037912299, 6080, 1038323489, 6089, 1038315092, 6097, 1038318058, 6081, 1038321769, 5568, 1038321119, 5824, 1038322262, 5576, 1038012502, 5840, 1037912328, 5584, 1037912361, 6090, 1038638543, 6098, 1038740652, 6082, 1038326020, 5569, 1038314135, 5577, 1038307481, 5825, 1038317779, 5841, 1038314054, 5585, 1038310379, 6091, 1038332419, 6083, 1038330167, 6099, 1038334933, 5570, 1038328345, 5826, 1038327232, 5842, 1038740670, 5578, 1038639965, 5586, 1038740717, 6092, 1021128589, 6100, 1021067991, 6084, 1021366817, 5571, 1038338050, 5827, 1038334253, 5579, 1038340136, 5587, 1038342631, 5843, 1038338940, 5828, 1021360976, 5829, 1021699012, 5572, 1021355465, 5580, 1021119412, 5846, 1021961624, 5831, 1021712499, 5847, 1021169084, 6094, 1021751337, 5583, 1021366184, 6102, 1021956974, 6086, 1021378584, 5844, 1021063505, 5591, 1021173048, 6095, 1021360004, 5845, 1022008392, 6087, 1021709114, 5830, 1021384068, 6103, 1021164845, 5588, 1021059227, 5573, 1021696080, 6093, 1021957618, 6101, 1022012945, 6085, 1021702229, 5581, 1021949468, 5589, 1022004292, 5574, 1021388969, 5582, 1021762155, 5590, 1021965809, 5575, 1021715695]
[INFO] (lattice_cell.c: 455): on tick 50 of 50
[INFO] (lattice_cell.c: 466): updating recording regions
[INFO] (recording.c: 507): 	Finalising channel 0 - state info stored in SDRAM
[INFO] (recording.c: 512): closed channel 0.
[INFO] (lattice_cell.c: 470): Simulation complete.

