[INFO] (lattice_cell.c: 604): starting lattice cell
[INFO] (lattice_cell.c: 526): Initialise: started
[INFO] (data_specification.c: 78): magic = ad130ad6, version = 1.0
[INFO] (lattice_cell.c: 555): my key is 3632
[INFO] (lattice_cell.c: 562): I'm in position ( 14, 6)
[INFO] (lattice_cell.c: 568): my n key is 3376
[INFO] (lattice_cell.c: 574): my U_X = -0.009540452621877193
[INFO] (lattice_cell.c: 575): my U_Y = -0.0004619397805072367
[INFO] (lattice_cell.c: 583): input_buffer initialised
[INFO] (recording.c: 563): Recording 1 regions, using output tag 0, size before trigger 7686388, time between triggers 50
[INFO] (recording.c: 665): Recording channel 0 configured to use 7686132 byte memory block starting at 0x6618e7b0
[INFO] (lattice_cell.c: 588): Recording flags = 0x00000001
[INFO] (lattice_cell.c: 619): setting timer to execute every 200000 microseconds
[INFO] (lattice_cell.c: 627): Starting

[INFO] (simulation.c: 159): Setting the runtime of this model to 50 starting at 0
[INFO] (simulation.c: 161): Setting the flag of infinite run for this model to 0
[INFO] (simulation.c: 175): Resuming
[INFO] (lattice_cell.c: 455): on tick 0 of 50
[3624, 1037887883, 3376, 1037904554, 3640, 1037999647, 3368, 1037887885, 3888, 1037904556, 3880, 1037887885, 3384, 1037999647, 3896, 1037999643, 3625, 1038298203, 3377, 1038300604, 3369, 1038300266, 3889, 1038297274, 3881, 1038296936, 3626, 1038776237, 3385, 1038302261, 3642, 1038656483, 3378, 1038758220, 3370, 1038776239, 3386, 1038656483, 3630, 1022020947, 3381, 1021961365, 3646, 1021900872, 3885, 1021975810, 3375, 1021128186, 3647, 1021242217, 3900, 1021201487, 3887, 1021131336, 3901, 1021856392, 3882, 1038776239, 3898, 1038656481, 3891, 1038341152, 3883, 1038340816, 3890, 1038758220, 3899, 1038342807, 3892, 1021106686, 3884, 1021090068, 3641, 1038300200, 3893, 1021957843, 3897, 1038298927, 3894, 1022004232, 3627, 1038339537, 3895, 1021148057, 3886, 1022022302, 3628, 1021091259, 3902, 1021902203, 3643, 1038341534, 3379, 1038337802, 3629, 1021977153, 3387, 1038339461, 3371, 1038337466, 3644, 1021202702, 3380, 1021109826, 3388, 1021204673, 3372, 1021093200, 3645, 1021857719, 3631, 1021130133, 3382, 1022000692, 3389, 1021859872, 3373, 1021979340, 3903, 1021243434, 3383, 1021144897, 3390, 1021898709, 3374, 1022018754, 3391, 1021240236]
[INFO] (lattice_cell.c: 455): on tick 1 of 50
[INFO] (lattice_cell.c: 172): the unmatched_packets is 56
[3624, 1037887803, 3376, 1037926639, 3640, 1038072915, 3888, 1037926663, 3880, 1037887809, 3368, 1037887799, 3896, 1038072943, 3384, 1038072869, 3625, 1038306808, 3377, 1038309015, 3641, 1038307144, 3897, 1038305907, 3881, 1038305581, 3369, 1038308817, 3385, 1038309163, 3378, 1038726113, 3370, 1038766383, 3386, 1038575799, 3379, 1038343912, 3628, 1021090774, 3882, 1038766383, 3644, 1021367888, 3629, 1021967240, 3381, 1021914723, 3884, 1021090297, 3646, 1022151231, 3391, 1020993024, 3895, 1021077160, 3903, 1020994721, 3890, 1038726103, 3889, 1038305777, 3883, 1038348576, 3899, 1038345195, 3371, 1038345340, 3387, 1038341917, 3380, 1021144938, 3626, 1038766385, 3388, 1021369233, 3892, 1021143119, 3372, 1021092114, 3642, 1038575765, 3627, 1038347353, 3382, 1022066968, 3389, 1021681112, 3373, 1021970086, 3383, 1021075375, 3390, 1022148363, 3374, 1022023461, 3375, 1021114989, 3885, 1021965123, 3900, 1021367400, 3894, 1022071941, 3886, 1022028436, 3643, 1038343952, 3898, 1038575741, 3887, 1021116807, 3901, 1021676133, 3902, 1022153340, 3891, 1038347160, 3893, 1021909760, 3630, 1022026317, 3645, 1021678250, 3631, 1021116325, 3647, 1020994297]
[INFO] (lattice_cell.c: 455): on tick 2 of 50
[INFO] (lattice_cell.c: 172): the unmatched_packets is 56
[3624, 1037871651, 3376, 1037859970, 3640, 1038006892, 3896, 1038006884, 3880, 1037871645, 3368, 1037871653, 3888, 1037859946, 3384, 1038006900, 3625, 1038298432, 3377, 1038301365, 3641, 1038301620, 3889, 1038297991, 3897, 1038300333, 3369, 1038300517, 3881, 1038297141, 3626, 1038793754, 3385, 1038303709, 3378, 1038804103, 3627, 1038341361, 3890, 1038804111, 3386, 1038648183, 3371, 1038339274, 3380, 1021103381, 3631, 1021169393, 3646, 1021817363, 3647, 1021327977, 3894, 1021864827, 3902, 1021818666, 3891, 1038342633, 3899, 1038339352, 3884, 1021080922, 3898, 1038648147, 3900, 1021342089, 3892, 1021100465, 3885, 1021987696, 3893, 1021968678, 3370, 1038793750, 3642, 1038648163, 3886, 1021977462, 3883, 1038342647, 3901, 1021720181, 3895, 1021278527, 3882, 1038793758, 3887, 1021170518, 3643, 1038338075, 3903, 1021329220, 3628, 1021082015, 3379, 1038339283, 3387, 1038336002, 3644, 1021343182, 3629, 1021988986, 3372, 1021083845, 3630, 1021976173, 3381, 1021972068, 3645, 1021721461, 3388, 1021345010, 3382, 1021861400, 3373, 1021991095, 3389, 1021723572, 3383, 1021275441, 3374, 1021974052, 3390, 1021815300, 3375, 1021167546, 3391, 1021325974]
[INFO] (lattice_cell.c: 455): on tick 3 of 50
[INFO] (lattice_cell.c: 172): the unmatched_packets is 56
[3624, 1037925586, 3376, 1037936014, 3640, 1038022874, 3368, 1037925568, 3888, 1037936094, 3880, 1037925598, 3896, 1038022938, 3384, 1038022790, 3625, 1038308013, 3377, 1038310757, 3641, 1038308007, 3881, 1038306828, 3889, 1038307589, 3369, 1038309968, 3385, 1038309998, 3628, 1021114535, 3380, 1021121742, 3631, 1021006689, 3646, 1022037778, 3893, 1021936505, 3390, 1022034910, 3375, 1021005326, 3886, 1022144733, 3887, 1021007195, 3903, 1021099213, 3882, 1038727005, 3898, 1038627869, 3899, 1038345481, 3892, 1021119738, 3900, 1021332925, 3378, 1038716432, 3885, 1021941066, 3370, 1038727013, 3626, 1038727009, 3890, 1038716410, 3897, 1038306794, 3894, 1022188930, 3386, 1038627927, 3642, 1038627883, 3379, 1038344354, 3627, 1038345427, 3895, 1020953932, 3901, 1021711013, 3371, 1038343440, 3891, 1038347596, 3883, 1038346636, 3387, 1038342201, 3884, 1021113968, 3372, 1021115966, 3381, 1021941572, 3388, 1021334947, 3382, 1022183953, 3373, 1021946077, 3643, 1038344230, 3389, 1021716138, 3383, 1020952211, 3374, 1022139777, 3644, 1021333506, 3902, 1022039866, 3629, 1021943200, 3391, 1021097532, 3645, 1021713176, 3630, 1022142642, 3647, 1021098800]
[INFO] (lattice_cell.c: 455): on tick 4 of 50
[INFO] (lattice_cell.c: 172): the unmatched_packets is 56
[3624, 1037847926, 3640, 1038027966, 3376, 1037906279, 3888, 1037906233, 3880, 1037847904, 3896, 1038027964, 3384, 1038027960, 3368, 1037847948, 3625, 1038298472, 3641, 1038302415, 3377, 1038302538, 3369, 1038300575, 3642, 1038627995, 3897, 1038301122, 3371, 1038337553, 3630, 1021842746, 3645, 1021728325, 3893, 1021936606, 3885, 1021983716, 3391, 1021156893, 3894, 1021917665, 3901, 1021727028, 3903, 1021160055, 3881, 1038297182, 3890, 1038755468, 3898, 1038627951, 3883, 1038340865, 3899, 1038338711, 3892, 1021134384, 3884, 1021086040, 3900, 1021338166, 3889, 1038299144, 3385, 1038304520, 3378, 1038755478, 3370, 1038817380, 3386, 1038628053, 3891, 1038340537, 3626, 1038817402, 3379, 1038337215, 3627, 1038339624, 3380, 1021137020, 3387, 1038335332, 3372, 1021088700, 3381, 1021939941, 3388, 1021340779, 3643, 1038337432, 3373, 1021987030, 3628, 1021086995, 3382, 1021914193, 3389, 1021730422, 3374, 1021840631, 3383, 1021224795, 3644, 1021339115, 3629, 1021984974, 3902, 1021986201, 3390, 1021982746, 3375, 1021303635, 3887, 1021306621, 3631, 1021305502, 3646, 1021984843, 3647, 1021158857, 3882, 1038817402, 3886, 1021844099, 3895, 1021227897]
[INFO] (lattice_cell.c: 455): on tick 5 of 50
[INFO] (lattice_cell.c: 172): the unmatched_packets is 56
[3624, 1037893929, 3376, 1037897574, 3640, 1038028809, 3368, 1037893893, 3888, 1037897676, 3384, 1038028702, 3880, 1037893957, 3896, 1038028885, 3625, 1038308514, 3377, 1038310947, 3641, 1038308659, 3369, 1038310453, 3889, 1038307812, 3881, 1038307354, 3897, 1038307458, 3385, 1038310624, 3626, 1038760264, 3378, 1038755454, 3642, 1038621376, 3370, 1038760270, 3890, 1038755474, 3627, 1038345557, 3643, 1038343633, 3386, 1038621418, 3882, 1038760262, 3371, 1038343576, 3372, 1021082980, 3382, 1022006307, 3647, 1021160103, 3390, 1021972941, 3391, 1021158718, 3379, 1038343556, 3898, 1038621368, 3387, 1038341620, 3380, 1021125653, 3891, 1038346765, 3899, 1038344858, 3388, 1021329474, 3883, 1038346776, 3381, 1021936937, 3373, 1021981212, 3389, 1021722685, 3374, 1022142947, 3892, 1021123409, 3383, 1021127939, 3375, 1020999528, 3884, 1021080731, 3900, 1021327242, 3893, 1021931869, 3885, 1021976190, 3886, 1022147750, 3895, 1021129773, 3887, 1021001326, 3902, 1021977692, 3903, 1021160617, 3628, 1021081413, 3644, 1021327941, 3629, 1021978295, 3645, 1021719701, 3630, 1022145762, 3631, 1021000857, 3646, 1021975733, 3894, 1022011132, 3901, 1021717513]
[INFO] (lattice_cell.c: 455): on tick 6 of 50
[INFO] (lattice_cell.c: 172): the unmatched_packets is 56
[3624, 1037897372, 3376, 1037903200, 3368, 1037897398, 3896, 1038029672, 3384, 1038029657, 3888, 1037903158, 3880, 1037897348, 3640, 1038029679, 3625, 1038299609, 3377, 1038303087, 3641, 1038302311, 3369, 1038301717, 3889, 1038299670, 3881, 1038298315, 3626, 1038766251, 3385, 1038304430, 3378, 1038759905, 3642, 1038626252, 3370, 1038766253, 3386, 1038626344, 3379, 1038336336, 3628, 1021099294, 3644, 1021343068, 3387, 1038335349, 3883, 1038340554, 3388, 1021344562, 3645, 1021724994, 3391, 1021169515, 3647, 1021171365, 3885, 1021973929, 3900, 1021342259, 3903, 1021172473, 3890, 1038759847, 3898, 1038626186, 3891, 1038339676, 3892, 1021127296, 3371, 1038337253, 3380, 1021129635, 3884, 1021098490, 3372, 1021100837, 3381, 1021949547, 3897, 1038301005, 3894, 1022021996, 3373, 1021977268, 3895, 1021123955, 3389, 1021727131, 3382, 1022018324, 3886, 1022002098, 3627, 1038339313, 3643, 1038337462, 3882, 1038766241, 3383, 1021121114, 3374, 1021998501, 3390, 1021968666, 3629, 1021975204, 3375, 1021144546, 3630, 1022000662, 3899, 1038338757, 3631, 1021146339, 3646, 1021970874, 3893, 1021946142, 3887, 1021147376, 3901, 1021723638, 3902, 1021972327]
[INFO] (lattice_cell.c: 455): on tick 7 of 50
[INFO] (lattice_cell.c: 172): the unmatched_packets is 56
[3624, 1037884712, 3376, 1037904289, 3640, 1038024795, 3888, 1037904405, 3880, 1037884746, 3896, 1038024893, 3368, 1037884679, 3384, 1038024678, 3625, 1038308736, 3377, 1038311763, 3641, 1038309016, 3889, 1038308671, 3897, 1038307828, 3369, 1038310637, 3385, 1038310963, 3378, 1038748530, 3386, 1038626034, 3898, 1038625996, 3387, 1038340839, 3372, 1021096622, 3388, 1021335319, 3631, 1021144058, 3646, 1021972222, 3389, 1021716701, 3391, 1021162369, 3894, 1022020938, 3902, 1021974078, 3903, 1021164528, 3890, 1038748574, 3882, 1038768523, 3899, 1038344076, 3881, 1038307592, 3892, 1021116081, 3370, 1038768483, 3371, 1038343830, 3884, 1021094123, 3380, 1021118590, 3381, 1021945521, 3893, 1021940537, 3900, 1021332856, 3373, 1021966496, 3382, 1022016351, 3374, 1021995426, 3885, 1021961603, 3383, 1021117566, 3375, 1021142587, 3886, 1021999987, 3379, 1038342847, 3901, 1021711579, 3626, 1038768501, 3642, 1038625998, 3627, 1038345785, 3643, 1038342845, 3628, 1021094947, 3891, 1038346029, 3644, 1021333656, 3629, 1021963651, 3390, 1021969557, 3883, 1038346982, 3630, 1021998126, 3645, 1021713718, 3647, 1021163889, 3887, 1021144659, 3895, 1021119643]
[INFO] (lattice_cell.c: 455): on tick 8 of 50
[INFO] (lattice_cell.c: 172): the unmatched_packets is 56
[3624, 1037883766, 3376, 1037910968, 3640, 1038027134, 3888, 1037910944, 3896, 1038027151, 3368, 1037883790, 3880, 1037883753, 3384, 1038027092, 3625, 1038299672, 3377, 1038303315, 3641, 1038302655, 3897, 1038301343, 3369, 1038301793, 3881, 1038298389, 3385, 1038304786, 3626, 1038780818, 3378, 1038751318, 3642, 1038629210, 3890, 1038751244, 3627, 1038338893, 3898, 1038629120, 3370, 1038780844, 3643, 1038337143, 3386, 1038629331, 3379, 1038336534, 3371, 1038336828, 3644, 1021344365, 3381, 1021949200, 3885, 1021973522, 3893, 1021945683, 3374, 1022010949, 3375, 1021131786, 3391, 1021158048, 3894, 1022009711, 3902, 1021982849, 3903, 1021160734, 3882, 1038780802, 3891, 1038339877, 3899, 1038338440, 3889, 1038299876, 3884, 1021099536, 3892, 1021128755, 3387, 1038335016, 3886, 1022014816, 3372, 1021101613, 3388, 1021345720, 3373, 1021976985, 3895, 1021134188, 3389, 1021726969, 3382, 1022005808, 3383, 1021131608, 3390, 1021978978, 3628, 1021100190, 3900, 1021343715, 3629, 1021974879, 3645, 1021724739, 3630, 1022013216, 3631, 1021133392, 3646, 1021981267, 3380, 1021130824, 3901, 1021723302, 3647, 1021159762, 3887, 1021134296, 3883, 1038340126]
[INFO] (lattice_cell.c: 455): on tick 9 of 50
[INFO] (lattice_cell.c: 172): the unmatched_packets is 56
[3624, 1037881048, 3376, 1037903564, 3888, 1037903674, 3896, 1038026083, 3368, 1037881020, 3384, 1038025851, 3625, 1038309329, 3377, 1038311967, 3897, 1038308092, 3369, 1038311220, 3378, 1038749252, 3629, 1021973136, 3380, 1021125422, 3389, 1021719167, 3374, 1022025603, 3901, 1021714155, 3902, 1021981011, 3890, 1038749319, 3898, 1038624768, 3880, 1037881090, 3385, 1038311207, 3891, 1038345656, 3899, 1038343897, 3883, 1038345946, 3370, 1038772848, 3640, 1038025979, 3386, 1038624827, 3379, 1038342492, 3641, 1038309272, 3889, 1038308879, 3884, 1021085948, 3881, 1038308205, 3387, 1038340661, 3626, 1038772874, 3371, 1038342811, 3642, 1038624779, 3893, 1021933671, 3388, 1021333178, 3627, 1038344757, 3900, 1021330495, 3381, 1021938495, 3882, 1038772913, 3885, 1021971206, 3372, 1021088684, 3643, 1038342659, 3382, 1021997614, 3628, 1021086891, 3894, 1022001921, 3373, 1021975910, 3644, 1021331422, 3895, 1021137801, 3383, 1021135439, 3886, 1022029887, 3390, 1021976748, 3887, 1021115942, 3391, 1021155144, 3645, 1021716231, 3630, 1022028175, 3903, 1021157595, 3892, 1021122683, 3631, 1021115223, 3646, 1021979298, 3647, 1021156828, 3375, 1021113624]
[INFO] (lattice_cell.c: 455): on tick 10 of 50
[INFO] (lattice_cell.c: 172): the unmatched_packets is 56
[3624, 1037891370, 3376, 1037905716, 3640, 1038030136, 3368, 1037891382, 3888, 1037905714, 3880, 1037891360, 3896, 1038030160, 3384, 1038030072, 3625, 1038300191, 3377, 1038303672, 3641, 1038302704, 3369, 1038302297, 3881, 1038298898, 3897, 1038301391, 3385, 1038304840, 3626, 1038772599, 3378, 1038757134, 3370, 1038772622, 3379, 1038335993, 3644, 1021341938, 3371, 1038336599, 3388, 1021343156, 3383, 1021132183, 3647, 1021162620, 3375, 1021117287, 3391, 1021161049, 3900, 1021341425, 3894, 1022008619, 3903, 1021163464, 3898, 1038626041, 3882, 1038772575, 3386, 1038626292, 3891, 1038339323, 3387, 1038334980, 3380, 1021133492, 3883, 1038339884, 3372, 1021096674, 3899, 1038338407, 3381, 1021947126, 3373, 1021983169, 3389, 1021729891, 3892, 1021131675, 3382, 1022004445, 3884, 1021094855, 3374, 1022025149, 3390, 1021975332, 3893, 1021943396, 3885, 1021979542, 3889, 1038300233, 3895, 1021134445, 3886, 1022029258, 3642, 1038626143, 3887, 1021119493, 3901, 1021725974, 3902, 1021979483, 3890, 1038757040, 3627, 1038338653, 3643, 1038337104, 3628, 1021095385, 3629, 1021980996, 3645, 1021727543, 3630, 1022027567, 3646, 1021977749, 3631, 1021118754]
[INFO] (lattice_cell.c: 455): on tick 11 of 50
[INFO] (lattice_cell.c: 172): the unmatched_packets is 56
[3624, 1037887121, 3376, 1037901110, 3640, 1038026992, 3888, 1037901203, 3368, 1037887101, 3384, 1038026862, 3625, 1038309268, 3641, 1038309307, 3377, 1038312251, 3369, 1038311154, 3626, 1038766188, 3378, 1038752003, 3627, 1038344814, 3370, 1038766146, 3386, 1038623993, 3628, 1021091218, 3379, 1038342105, 3387, 1038340443, 3630, 1022014049, 3892, 1021120374, 3899, 1038343702, 3900, 1021331984, 3901, 1021712909, 3902, 1021973935, 3903, 1021164183, 3889, 1038309166, 3881, 1038308143, 3898, 1038623917, 3883, 1038345994, 3884, 1021090160, 3893, 1021936946, 3385, 1038311244, 3897, 1038308129, 3885, 1021967895, 3894, 1022013098, 3895, 1021126640, 3886, 1022015601, 3371, 1038342870, 3882, 1038766228, 3642, 1038623935, 3380, 1021123335, 3643, 1038342459, 3388, 1021334838, 3372, 1021093105, 3381, 1021941548, 3629, 1021969710, 3644, 1021333021, 3389, 1021717746, 3373, 1021972367, 3382, 1022009059, 3383, 1021124015, 3390, 1021969966, 3645, 1021714889, 3374, 1022011625, 3631, 1021128036, 3391, 1021161447, 3375, 1021126306, 3646, 1021972365, 3887, 1021128904, 3647, 1021163265, 3880, 1037887143, 3896, 1038027088, 3890, 1038752072, 3891, 1038345272]
[INFO] (lattice_cell.c: 455): on tick 12 of 50
[INFO] (lattice_cell.c: 172): the unmatched_packets is 56
[3624, 1037887962, 3376, 1037908211, 3640, 1038028876, 3368, 1037887956, 3888, 1037908250, 3880, 1037887958, 3896, 1038028923, 3384, 1038028779, 3625, 1038301325, 3377, 1038304163, 3889, 1038300743, 3897, 1038301682, 3641, 1038302999, 3369, 1038303426, 3881, 1038300043, 3385, 1038305128, 3626, 1038776190, 3378, 1038754356, 3642, 1038627558, 3370, 1038776206, 3898, 1038627442, 3379, 1038335821, 3628, 1021101996, 3380, 1021129447, 3372, 1021103216, 3388, 1021345309, 3630, 1022012770, 3885, 1021969128, 3391, 1021162966, 3894, 1022015378, 3886, 1022014584, 3902, 1021977683, 3903, 1021165114, 3882, 1038776172, 3371, 1038336335, 3387, 1038334666, 3891, 1038339142, 3899, 1038338082, 3883, 1038339590, 3381, 1021950940, 3389, 1021727767, 3627, 1038338373, 3890, 1038754282, 3373, 1021973006, 3884, 1021101583, 3382, 1022010923, 3386, 1038627720, 3893, 1021946958, 3390, 1021973263, 3900, 1021343782, 3374, 1022010247, 3383, 1021125682, 3895, 1021127696, 3901, 1021723555, 3887, 1021132909, 3375, 1021130999, 3643, 1038336785, 3892, 1021127830, 3644, 1021344191, 3629, 1021970709, 3645, 1021725275, 3646, 1021975821, 3631, 1021132307, 3647, 1021164415]
[INFO] (lattice_cell.c: 455): on tick 13 of 50
[INFO] (lattice_cell.c: 172): the unmatched_packets is 56
[3624, 1037885722, 3376, 1037905365, 3368, 1037885708, 3640, 1038025755, 3888, 1037905423, 3880, 1037885738, 3896, 1038025846, 3384, 1038025625, 3625, 1038309028, 3377, 1038311410, 3889, 1038308309, 3369, 1038310931, 3881, 1038307884, 3897, 1038307971, 3385, 1038311102, 3626, 1038768004, 3378, 1038747593, 3370, 1038767964, 3386, 1038625432, 3379, 1038342086, 3899, 1038343634, 3372, 1021084008, 3381, 1021944969, 3382, 1022003486, 3900, 1021333672, 3646, 1021975943, 3374, 1022009802, 3383, 1021128407, 3390, 1021973665, 3375, 1021127251, 3391, 1021157205, 3895, 1021131306, 3902, 1021977377, 3890, 1038747654, 3371, 1038342580, 3898, 1038625314, 3387, 1038340350, 3882, 1038768027, 3891, 1038345278, 3373, 1021983908, 3389, 1021717160, 3641, 1038309149, 3892, 1021120800, 3884, 1021080951, 3642, 1038625350, 3893, 1021940639, 3627, 1038344532, 3885, 1021979790, 3883, 1038345705, 3643, 1038342375, 3628, 1021082058, 3886, 1022013523, 3901, 1021712561, 3629, 1021981433, 3644, 1021334779, 3887, 1021130095, 3903, 1021160207, 3630, 1022012093, 3645, 1021714397, 3631, 1021129115, 3894, 1022007277, 3380, 1021123885, 3388, 1021336636, 3647, 1021159161]
[INFO] (lattice_cell.c: 455): on tick 14 of 50
[INFO] (lattice_cell.c: 172): the unmatched_packets is 56
[3624, 1037874670, 3376, 1037904931, 3368, 1037874660, 3640, 1038028767, 3384, 1038028635, 3888, 1037904993, 3880, 1037874680, 3896, 1038028833, 3625, 1038299404, 3377, 1038304892, 3369, 1038301466, 3641, 1038304115, 3889, 1038301493, 3385, 1038306232, 3881, 1038298173, 3897, 1038302805, 3626, 1038789928, 3378, 1038757747, 3883, 1038338975, 3884, 1021135456, 3389, 1021725959, 3900, 1021342187, 3390, 1021977258, 3375, 1021111452, 3391, 1021159203, 3647, 1021160549, 3894, 1022010528, 3886, 1022035476, 3887, 1021113124, 3642, 1038627662, 3902, 1021981901, 3903, 1021161137, 3898, 1038627554, 3899, 1038337892, 3892, 1021138419, 3893, 1021934394, 3885, 1021944936, 3895, 1021132298, 3370, 1038789925, 3901, 1021721413, 3386, 1038627828, 3379, 1038335442, 3891, 1038338734, 3371, 1038335751, 3643, 1038336599, 3387, 1038334484, 3380, 1021139945, 3628, 1021135844, 3890, 1038757687, 3882, 1038789924, 3372, 1021136999, 3644, 1021342515, 3381, 1021938732, 3388, 1021343550, 3629, 1021946741, 3373, 1021949267, 3645, 1021723310, 3382, 1022005840, 3630, 1022033531, 3374, 1022030876, 3383, 1021130548, 3631, 1021112653, 3646, 1021979924, 3627, 1038337770]
[INFO] (lattice_cell.c: 455): on tick 15 of 50
[INFO] (lattice_cell.c: 172): the unmatched_packets is 56
[3624, 1037912491, 3376, 1037912553, 3640, 1038029838, 3888, 1037912619, 3368, 1037912475, 3880, 1037912517, 3384, 1038029712, 3896, 1038029928, 3625, 1038309247, 3377, 1038313892, 3641, 1038308615, 3889, 1038310721, 3881, 1038308076, 3897, 1038307430, 3369, 1038311192, 3385, 1038310590, 3890, 1038740411, 3378, 1038740387, 3644, 1021328362, 3645, 1021723132, 3388, 1021330221, 3373, 1022060675, 3893, 1021961581, 3647, 1021162148, 3374, 1022000497, 3390, 1021970497, 3391, 1021160100, 3895, 1021138736, 3903, 1021163318, 3882, 1038740238, 3883, 1038346026, 3891, 1038345258, 3899, 1038343577, 3892, 1021091296, 3884, 1021004535, 3898, 1038621232, 3900, 1021327233, 3370, 1038740192, 3885, 1022057082, 3886, 1022003957, 3901, 1021721426, 3386, 1038621411, 3379, 1038342042, 3887, 1021138672, 3902, 1021974006, 3371, 1038342892, 3387, 1038340239, 3380, 1021094452, 3626, 1038740218, 3372, 1021007656, 3642, 1038621287, 3381, 1021965471, 3627, 1038344845, 3382, 1021995178, 3389, 1021725761, 3643, 1038342290, 3628, 1021005679, 3383, 1021135639, 3629, 1022058459, 3375, 1021135620, 3630, 1022002646, 3631, 1021137563, 3894, 1021998752, 3646, 1021972668]
[INFO] (lattice_cell.c: 455): on tick 16 of 50
[INFO] (lattice_cell.c: 172): the unmatched_packets is 56
[3624, 1037852989, 3376, 1037883164, 3640, 1038021928, 3888, 1037883224, 3880, 1037852993, 3368, 1037852988, 3642, 1038634672, 3369, 1038304058, 3385, 1038304054, 3378, 1038780215, 3643, 1038337069, 3890, 1038780198, 3381, 1021877514, 3645, 1021705600, 3892, 1021200531, 3390, 1021978875, 3391, 1021154734, 3895, 1021114285, 3887, 1021110361, 3901, 1021703510, 3903, 1021156467, 3889, 1038301647, 3881, 1038300864, 3897, 1038300691, 3384, 1038021782, 3882, 1038812003, 3898, 1038634575, 3377, 1038304971, 3370, 1038811973, 3883, 1038338325, 3379, 1038335005, 3386, 1038634833, 3371, 1038335123, 3380, 1021201985, 3387, 1038334972, 3884, 1021236313, 3372, 1021237836, 3899, 1038338358, 3388, 1021370443, 3373, 1021838187, 3382, 1022023919, 3893, 1021872701, 3389, 1021708504, 3383, 1021112691, 3894, 1022028832, 3374, 1022033060, 3375, 1021108855, 3886, 1022037856, 3900, 1021369121, 3902, 1021983720, 3896, 1038022014, 3625, 1038302057, 3641, 1038301976, 3626, 1038811997, 3627, 1038337132, 3891, 1038338267, 3628, 1021236689, 3629, 1021835421, 3644, 1021369409, 3630, 1022035838, 3885, 1021833399, 3631, 1021109991, 3646, 1021981655, 3647, 1021155980]
[INFO] (lattice_cell.c: 455): on tick 17 of 50
[INFO] (lattice_cell.c: 172): the unmatched_packets is 56
[3624, 1037913921, 3376, 1037939124, 3880, 1037913938, 3368, 1037913921, 3896, 1038045600, 3384, 1038045354, 3640, 1038045506, 3888, 1037939199, 3625, 1038308254, 3377, 1038311560, 3641, 1038308766, 3889, 1038308310, 3881, 1038307054, 3897, 1038307546, 3369, 1038310251, 3385, 1038310779, 3626, 1038739301, 3890, 1038713132, 3644, 1021275357, 3645, 1021775987, 3380, 1020998729, 3630, 1022005174, 3381, 1022071935, 3646, 1021956487, 3373, 1022127435, 3884, 1020943250, 3647, 1021178751, 3390, 1021954383, 3375, 1021132852, 3900, 1021274206, 3391, 1021176644, 3894, 1021991947, 3886, 1022006409, 3902, 1021957770, 3903, 1021180022, 3882, 1038739327, 3883, 1038345981, 3891, 1038344835, 3899, 1038343390, 3892, 1020995552, 3898, 1038605297, 3378, 1038713136, 3885, 1022124173, 3370, 1038739271, 3386, 1038605550, 3895, 1021148026, 3379, 1038341609, 3371, 1038342849, 3887, 1021135977, 3901, 1021774470, 3387, 1038340043, 3372, 1020946363, 3388, 1021277224, 3642, 1038605393, 3382, 1021988548, 3389, 1021778424, 3627, 1038344806, 3643, 1038342107, 3383, 1021144805, 3374, 1022003119, 3628, 1020944386, 3629, 1022125398, 3631, 1021134828, 3893, 1022068464]
[INFO] (lattice_cell.c: 455): on tick 18 of 50
[INFO] (lattice_cell.c: 172): the unmatched_packets is 56
[3624, 1037882653, 3376, 1037876124, 3640, 1038000970, 3368, 1037882631, 3888, 1037876181, 3880, 1037882671, 3384, 1038000834, 3625, 1038301866, 3377, 1038306406, 3641, 1038304643, 3889, 1038303161, 3897, 1038303388, 3369, 1038303848, 3881, 1038300692, 3385, 1038306682, 3896, 1038001048, 3626, 1038781069, 3890, 1038787033, 3642, 1038656104, 3882, 1038781077, 3378, 1038787043, 3628, 1021187249, 3886, 1022012628, 3902, 1022016090, 3883, 1038339109, 3899, 1038335424, 3370, 1038781057, 3884, 1021186875, 3900, 1021459684, 3893, 1021785566, 3894, 1022024247, 3386, 1038656246, 3898, 1038656011, 3379, 1038334921, 3371, 1038335949, 3901, 1021602444, 3387, 1038332023, 3380, 1021283055, 3372, 1021188438, 3887, 1021132119, 3381, 1021790693, 3388, 1021460922, 3903, 1021134288, 3373, 1021889251, 3382, 1022019253, 3389, 1021607852, 3383, 1021115351, 3374, 1022007752, 3390, 1022011196, 3627, 1038337932, 3375, 1021130702, 3391, 1021132589, 3643, 1038334122, 3891, 1038338192, 3644, 1021459959, 3629, 1021886456, 3885, 1021884405, 3645, 1021604720, 3892, 1021281575, 3630, 1022010569, 3631, 1021131807, 3646, 1022014004, 3895, 1021116869, 3647, 1021133854]
[INFO] (lattice_cell.c: 455): on tick 19 of 50
[INFO] (lattice_cell.c: 172): the unmatched_packets is 56
[3624, 1037869221, 3376, 1037911706, 3640, 1038049253, 3368, 1037869216, 3888, 1037911775, 3384, 1038049069, 3625, 1038309376, 3377, 1038311758, 3641, 1038307273, 3889, 1038308452, 3881, 1038308199, 3369, 1038311350, 3897, 1038306005, 3385, 1038309334, 3626, 1038785310, 3378, 1038741928, 3627, 1038343726, 3890, 1038741944, 3379, 1038343720, 3898, 1038601697, 3380, 1021013963, 3388, 1021179112, 3381, 1022056971, 3885, 1021967374, 3391, 1021210285, 3375, 1021114358, 3887, 1021117547, 3372, 1021099131, 3882, 1038785332, 3373, 1021970726, 3389, 1021883114, 3382, 1021991467, 3383, 1021132038, 3390, 1021919500, 3374, 1022022119, 3891, 1038346969, 3370, 1038785284, 3884, 1021095955, 3896, 1038049367, 3386, 1038601986, 3880, 1037869221, 3371, 1038341744, 3387, 1038340531, 3900, 1021176160, 3642, 1038601803, 3886, 1022025362, 3895, 1021135247, 3883, 1038344907, 3643, 1038342615, 3899, 1038343907, 3892, 1021010876, 3628, 1021097161, 3901, 1021879363, 3644, 1021177268, 3902, 1021922851, 3903, 1021213586, 3893, 1022053562, 3629, 1021968646, 3645, 1021880785, 3894, 1021994879, 3630, 1022024155, 3646, 1021921572, 3631, 1021116352, 3647, 1021212345]
[INFO] (lattice_cell.c: 455): on tick 20 of 50
[INFO] (lattice_cell.c: 172): the unmatched_packets is 56
[3624, 1037899299, 3376, 1037928915, 3640, 1038038085, 3368, 1037899299, 3880, 1037899312, 3896, 1038038158, 3888, 1037928974, 3384, 1038037955, 3625, 1038301380, 3377, 1038305844, 3889, 1038302595, 3369, 1038303375, 3641, 1038304972, 3881, 1038300167, 3626, 1038764590, 3385, 1038306966, 3642, 1038617969, 3378, 1038732657, 3370, 1038764546, 3627, 1038335607, 3386, 1038618138, 3379, 1038335111, 3371, 1038333648, 3387, 1038334384, 3373, 1022022962, 3391, 1021074783, 3647, 1021076170, 3900, 1021485356, 3901, 1021575733, 3882, 1038764618, 3898, 1038617861, 3891, 1038338323, 3883, 1038336775, 3892, 1021154375, 3884, 1021057562, 3380, 1021155903, 3372, 1021058966, 3388, 1021486679, 3381, 1021921528, 3894, 1022033530, 3389, 1021581234, 3382, 1022028532, 3374, 1022034196, 3390, 1022059077, 3383, 1021107174, 3375, 1021115311, 3902, 1022063930, 3903, 1021076692, 3897, 1038303752, 3643, 1038336464, 3628, 1021057844, 3890, 1038732660, 3644, 1021485665, 3629, 1022020184, 3630, 1022037033, 3645, 1021578057, 3899, 1038337754, 3631, 1021116436, 3646, 1022061843, 3885, 1022018147, 3895, 1021108793, 3886, 1022039094, 3887, 1021116759, 3893, 1021916550]
[INFO] (lattice_cell.c: 455): on tick 21 of 50
[INFO] (lattice_cell.c: 172): the unmatched_packets is 56
[3624, 1037883777, 3376, 1037868469, 3640, 1037986065, 3368, 1037883752, 3384, 1037985865, 3888, 1037868591, 3880, 1037883793, 3896, 1037986197, 3625, 1038309024, 3377, 1038312568, 3643, 1038340865, 3371, 1038342162, 3380, 1021153228, 3629, 1021974883, 3631, 1021155817, 3374, 1021980869, 3646, 1021849766, 3887, 1021156910, 3881, 1038307856, 3890, 1038785809, 3898, 1038666300, 3884, 1021090660, 3885, 1021973636, 3886, 1021984104, 3902, 1021851101, 3903, 1021289692, 3897, 1038306552, 3369, 1038311004, 3385, 1038309925, 3378, 1038785838, 3370, 1038769702, 3641, 1038307843, 3626, 1038769712, 3379, 1038340689, 3386, 1038666582, 3642, 1038666404, 3883, 1038345354, 3627, 1038344166, 3387, 1038338743, 3372, 1021093883, 3381, 1021913592, 3388, 1021280218, 3628, 1021091884, 3382, 1021932786, 3893, 1021910023, 3373, 1021976907, 3389, 1021779284, 3644, 1021278491, 3383, 1021198934, 3390, 1021847652, 3630, 1021982887, 3645, 1021776851, 3375, 1021153946, 3391, 1021286558, 3899, 1038342173, 3647, 1021288516, 3901, 1021775331, 3889, 1038309292, 3882, 1038769718, 3891, 1038344015, 3892, 1021150057, 3894, 1021936186, 3895, 1021201927, 3900, 1021277402]
[INFO] (lattice_cell.c: 455): on tick 22 of 50
[INFO] (lattice_cell.c: 172): the unmatched_packets is 56
[3624, 1037904270, 3376, 1037937481, 3888, 1037937474, 3368, 1037904276, 3896, 1038072732, 3384, 1038072530, 3880, 1037904269, 3625, 1038302712, 3377, 1038306196, 3640, 1038072664, 3889, 1038302938, 3641, 1038304034, 3897, 1038302795, 3369, 1038304683, 3385, 1038306045, 3626, 1038759096, 3378, 1038724754, 3642, 1038583284, 3882, 1038759130, 3386, 1038583488, 3627, 1038337629, 3379, 1038336181, 3387, 1038334383, 3372, 1021139369, 3645, 1021750955, 3389, 1021754066, 3373, 1021938631, 3382, 1022135804, 3631, 1021068418, 3391, 1021020253, 3647, 1021021705, 3895, 1020997727, 3370, 1038759044, 3899, 1038337745, 3883, 1038338775, 3371, 1038335713, 3380, 1021126835, 3388, 1021318937, 3890, 1038724792, 3898, 1038583154, 3381, 1021951549, 3884, 1021137836, 3900, 1021317655, 3893, 1021946576, 3390, 1022116195, 3374, 1022070917, 3383, 1020995816, 3375, 1021067101, 3894, 1022140761, 3886, 1022075814, 3901, 1021748720, 3887, 1021068873, 3902, 1022121026, 3903, 1021022260, 3881, 1038301525, 3891, 1038339367, 3643, 1038336454, 3628, 1021138173, 3644, 1021317920, 3885, 1021933846, 3629, 1021935840, 3892, 1021125384, 3630, 1022073750, 3646, 1022118965]
[INFO] (lattice_cell.c: 455): on tick 23 of 50
[INFO] (lattice_cell.c: 172): the unmatched_packets is 56
[3624, 1037844792, 3376, 1037879702, 3888, 1037879838, 3368, 1037844758, 3896, 1038020780, 3384, 1038020425, 3625, 1038308471, 3377, 1038311642, 3897, 1038307169, 3889, 1038308316, 3369, 1038310475, 3385, 1038310497, 3642, 1038630320, 3627, 1038342510, 3628, 1021073953, 3882, 1038810557, 3371, 1038340472, 3629, 1021994784, 3380, 1021092495, 3645, 1021676589, 3388, 1021378621, 3373, 1021996875, 3375, 1021231036, 3894, 1021859614, 3902, 1021878243, 3890, 1038773903, 3899, 1038343523, 3891, 1038344758, 3884, 1021072811, 3900, 1021375785, 3893, 1021974244, 3885, 1021993451, 3640, 1038020640, 3895, 1021276258, 3886, 1021912208, 3901, 1021674998, 3641, 1038308431, 3626, 1038810535, 3881, 1038307282, 3887, 1021233672, 3898, 1038630229, 3378, 1038773876, 3370, 1038810511, 3386, 1038630498, 3379, 1038341456, 3643, 1038342210, 3387, 1038340071, 3372, 1021075854, 3644, 1021376883, 3883, 1038343734, 3381, 1021977810, 3630, 1021910965, 3389, 1021679056, 3892, 1021089408, 3382, 1021856109, 3631, 1021232722, 3374, 1021908892, 3390, 1021874938, 3383, 1021273482, 3646, 1021876958, 3391, 1021252308, 3647, 1021254243, 3903, 1021255371, 3880, 1037844830]
[INFO] (lattice_cell.c: 455): on tick 24 of 50
[INFO] (lattice_cell.c: 172): the unmatched_packets is 56
[3624, 1037925870, 3376, 1037924870, 3368, 1037925900, 3888, 1037924900, 3896, 1038008200, 3625, 1038302772, 3377, 1038306668, 3880, 1037925858, 3897, 1038303224, 3369, 1038304723, 3889, 1038303435, 3384, 1038007961, 3626, 1038737349, 3378, 1038737562, 3890, 1038737515, 3642, 1038649352, 3370, 1038737307, 3882, 1038737373, 3386, 1038649577, 3627, 1038337274, 3891, 1038337534, 3899, 1038335522, 3628, 1021091389, 3644, 1021348650, 3371, 1038335371, 3629, 1021984322, 3647, 1021163740, 3895, 1021030391, 3887, 1020977266, 3903, 1021164416, 3892, 1021142131, 3640, 1038008120, 3900, 1021348330, 3881, 1038301595, 3893, 1021927925, 3901, 1021714727, 3885, 1021982426, 3894, 1022114285, 3886, 1022171335, 3385, 1038306470, 3883, 1038338415, 3902, 1021985840, 3379, 1038334343, 3641, 1038304469, 3387, 1038332199, 3380, 1021143806, 3898, 1038649198, 3372, 1021092666, 3388, 1021349706, 3381, 1021932806, 3643, 1038334237, 3389, 1021720104, 3373, 1021987021, 3382, 1022109316, 3390, 1021980770, 3645, 1021716950, 3374, 1022166581, 3383, 1021028406, 3391, 1021162189, 3375, 1020975301, 3630, 1022169348, 3646, 1021983692, 3631, 1020976718, 3884, 1021091001]
[INFO] (lattice_cell.c: 455): on tick 25 of 50
[INFO] (lattice_cell.c: 172): the unmatched_packets is 56
[3624, 1037870551, 3376, 1037905492, 3640, 1038038218, 3368, 1037870520, 3888, 1037905600, 3880, 1037870588, 3896, 1038038363, 3384, 1038037990, 3625, 1038308612, 3377, 1038312439, 3369, 1038310628, 3889, 1038309109, 3897, 1038306712, 3881, 1038307419, 3641, 1038307985, 3385, 1038310085, 3626, 1038782906, 3378, 1038747513, 3642, 1038613238, 3890, 1038747591, 3370, 1038782850, 3882, 1038782961, 3898, 1038613149, 3386, 1038613432, 3379, 1038343077, 3371, 1038342387, 3387, 1038340941, 3380, 1021152854, 3645, 1021744010, 3390, 1022021511, 3646, 1022023504, 3383, 1021144342, 3391, 1021104141, 3647, 1021105874, 3894, 1021980180, 3887, 1021248101, 3903, 1021106837, 3388, 1021314677, 3891, 1038346444, 3381, 1021916500, 3883, 1038345606, 3389, 1021746587, 3373, 1021977644, 3382, 1021976811, 3892, 1021149988, 3375, 1021245602, 3884, 1021092541, 3372, 1021095457, 3893, 1021912722, 3627, 1038344407, 3901, 1021742302, 3643, 1038343138, 3628, 1021093623, 3886, 1021888906, 3895, 1021146983, 3629, 1021975539, 3644, 1021313100, 3899, 1038344512, 3902, 1022024749, 3630, 1021887607, 3900, 1021312145, 3631, 1021247226, 3374, 1021885519, 3885, 1021974149]
[INFO] (lattice_cell.c: 455): on tick 26 of 50
[INFO] (lattice_cell.c: 172): the unmatched_packets is 56
[3624, 1037884195, 3376, 1037891451, 3368, 1037884199, 3640, 1038043931, 3888, 1037891458, 3880, 1037884191, 3896, 1038043998, 3384, 1038043769, 3625, 1038302920, 3641, 1038304536, 3377, 1038306301, 3369, 1038304862, 3897, 1038303305, 3385, 1038306524, 3889, 1038303060, 3881, 1038301752, 3626, 1038780355, 3378, 1038771906, 3642, 1038612122, 3890, 1038771874, 3370, 1038780342, 3386, 1038612357, 3644, 1021341915, 3629, 1021970027, 3371, 1038332831, 3387, 1038332827, 3630, 1022064265, 3388, 1021343101, 3381, 1021959869, 3373, 1021972673, 3646, 1021959652, 3647, 1021184876, 3391, 1021183107, 3901, 1021722303, 3882, 1038780355, 3899, 1038336077, 3900, 1021341483, 3893, 1021955188, 3886, 1022066255, 3895, 1021171018, 3887, 1021090154, 3902, 1021961735, 3903, 1021185764, 3891, 1038336724, 3883, 1038335854, 3379, 1038333637, 3380, 1021116458, 3372, 1021105034, 3884, 1021103122, 3389, 1021727431, 3885, 1021968201, 3382, 1021971244, 3627, 1038334731, 3894, 1021976368, 3643, 1038334837, 3374, 1022061432, 3383, 1021168678, 3628, 1021103639, 3390, 1021956810, 3375, 1021088052, 3892, 1021114591, 3645, 1021724407, 3631, 1021089528, 3898, 1038611962]
[INFO] (lattice_cell.c: 455): on tick 27 of 50
[INFO] (lattice_cell.c: 172): the unmatched_packets is 56
[3624, 1037893182, 3376, 1037906333, 3640, 1038019400, 3368, 1037893167, 3888, 1037906479, 3880, 1037893218, 3896, 1038019550, 3384, 1038019159, 3625, 1038308855, 3377, 1038312015, 3889, 1038308659, 3641, 1038307938, 3881, 1038307666, 3369, 1038310870, 3385, 1038310042, 3626, 1038760484, 3378, 1038747159, 3642, 1038632079, 3370, 1038760416, 3890, 1038747228, 3379, 1038342294, 3371, 1038342818, 3387, 1038340403, 3380, 1021107838, 3373, 1021969459, 3646, 1021940532, 3374, 1022043371, 3390, 1021938446, 3383, 1021091217, 3647, 1021189676, 3886, 1022046625, 3895, 1021093404, 3372, 1021105472, 3386, 1038632267, 3388, 1021358718, 3891, 1038345740, 3899, 1038344005, 3883, 1038346125, 3389, 1021701109, 3382, 1022034866, 3892, 1021105222, 3897, 1038306667, 3375, 1021086221, 3884, 1021102856, 3900, 1021356393, 3391, 1021188055, 3882, 1038760541, 3898, 1038631984, 3627, 1038344883, 3893, 1021960654, 3643, 1038342619, 3628, 1021103785, 3644, 1021357257, 3894, 1022038374, 3901, 1021696567, 3629, 1021967226, 3645, 1021698407, 3887, 1021088427, 3902, 1021941870, 3903, 1021190511, 3630, 1022045369, 3381, 1021964625, 3631, 1021087708, 3885, 1021965728]
[INFO] (lattice_cell.c: 455): on tick 28 of 50
[INFO] (lattice_cell.c: 172): the unmatched_packets is 56
[3624, 1037885125, 3376, 1037921835, 3640, 1038020848, 3368, 1037885147, 3896, 1038020947, 3880, 1037885112, 3888, 1037921866, 3384, 1038020664, 3625, 1038303684, 3377, 1038307133, 3641, 1038304923, 3889, 1038303909, 3369, 1038305618, 3897, 1038303681, 3881, 1038302507, 3378, 1038740218, 3642, 1038636463, 3370, 1038778762, 3627, 1038336004, 3386, 1038636741, 3898, 1038636289, 3628, 1021088863, 3646, 1021997586, 3375, 1021164475, 3893, 1021932298, 3391, 1021147509, 3647, 1021149352, 3885, 1021979638, 3900, 1021344640, 3902, 1021999594, 3903, 1021150331, 3379, 1038334060, 3890, 1038740177, 3371, 1038334154, 3387, 1038332051, 3882, 1038778820, 3380, 1021138403, 3372, 1021090410, 3388, 1021346468, 3381, 1021936761, 3373, 1021983839, 3389, 1021722806, 3382, 1022021398, 3891, 1038337138, 3883, 1038337083, 3374, 1021979425, 3390, 1021994782, 3383, 1021115431, 3899, 1038335320, 3884, 1021088232, 3626, 1038778805, 3385, 1038306911, 3643, 1038334055, 3894, 1022026257, 3895, 1021118075, 3886, 1021984171, 3644, 1021345172, 3892, 1021136254, 3629, 1021981309, 3887, 1021166987, 3901, 1021717782, 3645, 1021719803, 3630, 1021982217, 3631, 1021166159]
[INFO] (lattice_cell.c: 455): on tick 29 of 50
[INFO] (lattice_cell.c: 172): the unmatched_packets is 56
[3624, 1037878162, 3376, 1037899998, 3640, 1038033690, 3368, 1037878142, 3888, 1037900088, 3880, 1037878190, 3384, 1038033467, 3896, 1038033838, 3625, 1038308022, 3377, 1038311258, 3889, 1038307897, 3369, 1038310050, 3897, 1038306515, 3881, 1038306821, 3385, 1038309897, 3626, 1038775928, 3378, 1038753187, 3370, 1038775861, 3627, 1038344086, 3386, 1038617871, 3379, 1038342851, 3371, 1038342024, 3643, 1038342988, 3884, 1021085879, 3631, 1021126884, 3893, 1021923654, 3383, 1021150715, 3646, 1021993553, 3885, 1021985605, 3647, 1021135297, 3391, 1021133789, 3886, 1022011026, 3887, 1021127435, 3903, 1021135989, 3898, 1038617564, 3890, 1038753282, 3899, 1038344400, 3883, 1038345324, 3900, 1021326213, 3894, 1021974964, 3901, 1021729497, 3895, 1021152765, 3902, 1021994985, 3387, 1038340763, 3380, 1021146357, 3372, 1021088248, 3388, 1021328174, 3381, 1021927876, 3641, 1038307794, 3373, 1021989550, 3389, 1021734295, 3382, 1021971236, 3374, 1022007436, 3390, 1021991432, 3375, 1021125609, 3642, 1038617669, 3628, 1021086687, 3891, 1038346284, 3629, 1021987239, 3644, 1021326904, 3630, 1022009594, 3645, 1021731472, 3882, 1038775992, 3892, 1021144007]
[INFO] (lattice_cell.c: 455): on tick 30 of 50
[INFO] (lattice_cell.c: 172): the unmatched_packets is 56
[3624, 1037895457, 3376, 1037896358, 3368, 1037895463, 3888, 1037896417, 3896, 1038038954, 3880, 1037895459, 3384, 1038038664, 3625, 1038302036, 3640, 1038038853, 3377, 1038307430, 3897, 1038304344, 3889, 1038304177, 3369, 1038303958, 3626, 1038768432, 3378, 1038767026, 3643, 1038334635, 3628, 1021103515, 3629, 1021975553, 3381, 1021949452, 3645, 1021723182, 3389, 1021726053, 3390, 1021964630, 3647, 1021177997, 3895, 1021140699, 3902, 1021969217, 3903, 1021179115, 3890, 1038766988, 3898, 1038617253, 3370, 1038768406, 3882, 1038768440, 3386, 1038617699, 3379, 1038333455, 3371, 1038333057, 3387, 1038332637, 3380, 1021123814, 3891, 1038336540, 3372, 1021105199, 3388, 1021340205, 3899, 1038335887, 3373, 1021977983, 3883, 1038336010, 3382, 1022001477, 3892, 1021121370, 3374, 1022047353, 3884, 1021102712, 3383, 1021137896, 3385, 1038307593, 3893, 1021945206, 3900, 1021338106, 3881, 1038300878, 3641, 1038305595, 3375, 1021099761, 3885, 1021973964, 3391, 1021175996, 3894, 1022006238, 3642, 1038617430, 3886, 1022051798, 3627, 1038334927, 3901, 1021721285, 3887, 1021102437, 3644, 1021338803, 3630, 1022049992, 3631, 1021101513, 3646, 1021967323]
[INFO] (lattice_cell.c: 455): on tick 31 of 50
[INFO] (lattice_cell.c: 172): the unmatched_packets is 56
[3624, 1037886952, 3376, 1037904686, 3640, 1038024795, 3368, 1037886968, 3888, 1037904777, 3896, 1038024936, 3880, 1037886972, 3384, 1038024553, 3625, 1038308227, 3881, 1038307012, 3641, 1038307285, 3377, 1038313523, 3642, 1038626778, 3627, 1038344657, 3370, 1038766539, 3628, 1021110311, 3629, 1021963277, 3388, 1021351684, 3631, 1021123273, 3646, 1021952874, 3647, 1021177196, 3886, 1022011091, 3887, 1021123750, 3903, 1021177778, 3890, 1038748995, 3883, 1038345891, 3899, 1038343805, 3900, 1021349947, 3895, 1021103059, 3901, 1021706572, 3902, 1021954470, 3897, 1038306006, 3889, 1038310145, 3369, 1038310279, 3626, 1038766627, 3385, 1038309377, 3378, 1038748921, 3882, 1038766695, 3898, 1038626665, 3386, 1038627003, 3379, 1038342164, 3643, 1038342400, 3371, 1038342598, 3380, 1021111045, 3387, 1038340170, 3372, 1021111686, 3644, 1021350526, 3381, 1021956460, 3892, 1021109017, 3373, 1021965667, 3645, 1021708686, 3885, 1021961625, 3382, 1022023600, 3630, 1022009579, 3389, 1021711662, 3374, 1022007372, 3383, 1021101301, 3390, 1021950596, 3884, 1021109695, 3375, 1021122007, 3391, 1021175787, 3891, 1038345624, 3893, 1021952043, 3894, 1022027550]
[INFO] (lattice_cell.c: 455): on tick 32 of 50
[INFO] (lattice_cell.c: 172): the unmatched_packets is 56
[3624, 1037885587, 3376, 1037918833, 3640, 1038024273, 3368, 1037885601, 3888, 1037918891, 3384, 1038024039, 3896, 1038024395, 3625, 1038304653, 3880, 1037885583, 3377, 1038307709, 3641, 1038303649, 3369, 1038306558, 3889, 1038304504, 3897, 1038302401, 3881, 1038303525, 3385, 1038305647, 3642, 1038632820, 3370, 1038778426, 3386, 1038633105, 3379, 1038334163, 3371, 1038333898, 3899, 1038336340, 3892, 1021125096, 3631, 1021150122, 3383, 1021122834, 3647, 1021156732, 3390, 1021983249, 3391, 1021154665, 3895, 1021125861, 3903, 1021157934, 3898, 1038632631, 3626, 1038778480, 3378, 1038743192, 3883, 1038336839, 3387, 1038333040, 3380, 1021127883, 3372, 1021086523, 3381, 1021945503, 3388, 1021352411, 3373, 1021984895, 3382, 1022013761, 3893, 1021941352, 3389, 1021722401, 3900, 1021350061, 3885, 1021980926, 3374, 1021996012, 3894, 1022018202, 3375, 1021148292, 3886, 1022000317, 3901, 1021717734, 3887, 1021151157, 3902, 1021987587, 3890, 1038743197, 3882, 1038778523, 3627, 1038335763, 3643, 1038335074, 3628, 1021084649, 3644, 1021350881, 3629, 1021982486, 3891, 1038337260, 3645, 1021719574, 3630, 1021998602, 3884, 1021083620, 3646, 1021985842]
[INFO] (lattice_cell.c: 455): on tick 33 of 50
[INFO] (lattice_cell.c: 172): the unmatched_packets is 56
[3624, 1037872153, 3376, 1037901389, 3640, 1038028809, 3368, 1037872148, 3888, 1037901460, 3880, 1037872179, 3896, 1038028951, 3384, 1038028584, 3625, 1038306223, 3377, 1038310683, 3641, 1038307374, 3369, 1038308304, 3881, 1038304972, 3378, 1038751938, 3370, 1038782305, 3386, 1038623036, 3379, 1038341517, 3373, 1021972904, 3389, 1021727185, 3893, 1021924355, 3375, 1021112336, 3391, 1021142844, 3647, 1021144196, 3902, 1021989672, 3903, 1021144728, 3898, 1038622657, 3889, 1038307246, 3891, 1038344945, 3897, 1038306091, 3899, 1038343304, 3883, 1038344826, 3892, 1021146933, 3385, 1038309494, 3884, 1021111376, 3371, 1038341547, 3900, 1021335742, 3387, 1038339671, 3380, 1021148664, 3894, 1021988597, 3372, 1021113048, 3895, 1021143446, 3886, 1022024965, 3626, 1038782376, 3388, 1021337071, 3901, 1021721942, 3887, 1021113812, 3381, 1021928807, 3382, 1021984339, 3374, 1022020897, 3383, 1021141754, 3390, 1021985587, 3642, 1038622795, 3627, 1038343591, 3643, 1038341891, 3628, 1021111801, 3890, 1038752005, 3882, 1038782439, 3644, 1021336105, 3629, 1021970552, 3885, 1021968869, 3630, 1022023288, 3645, 1021724119, 3631, 1021113455, 3646, 1021987939]
[INFO] (lattice_cell.c: 455): on tick 34 of 50
[INFO] (lattice_cell.c: 172): the unmatched_packets is 56
[3624, 1037910531, 3376, 1037905888, 3888, 1037905949, 3368, 1037910539, 3880, 1037910548, 3384, 1038038366, 3625, 1038304840, 3377, 1038309593, 3881, 1038303727, 3378, 1038757002, 3890, 1038757037, 3379, 1038334409, 3644, 1021331476, 3388, 1021333116, 3383, 1021139404, 3646, 1021978117, 3895, 1021142507, 3886, 1022028473, 3901, 1021726177, 3902, 1021979743, 3903, 1021172903, 3898, 1038617602, 3882, 1038752691, 3896, 1038038719, 3891, 1038337546, 3899, 1038334784, 3892, 1021107424, 3370, 1038752605, 3884, 1021042718, 3386, 1038618039, 3893, 1021950979, 3387, 1038331444, 3371, 1038334440, 3380, 1021110507, 3885, 1022023471, 3894, 1021999741, 3372, 1021045862, 3381, 1021955122, 3640, 1038038592, 3900, 1021330485, 3889, 1038306413, 3897, 1038305122, 3887, 1021120539, 3382, 1021995497, 3389, 1021730832, 3641, 1038306346, 3373, 1022027350, 3626, 1038752650, 3642, 1038617767, 3627, 1038336317, 3390, 1021975705, 3374, 1022024513, 3369, 1038306725, 3385, 1038308331, 3643, 1038333494, 3391, 1021169525, 3628, 1021043863, 3375, 1021117584, 3629, 1022024997, 3630, 1022026932, 3645, 1021728006, 3631, 1021119469, 3647, 1021171636, 3883, 1038337421]
[INFO] (lattice_cell.c: 455): on tick 35 of 50
[INFO] (lattice_cell.c: 172): the unmatched_packets is 56
[3624, 1037862098, 3376, 1037887308, 3640, 1038024303, 3368, 1037862120, 3888, 1037887382, 3896, 1038024453, 3384, 1038024057, 3625, 1038308881, 3377, 1038310950, 3880, 1037862102, 3641, 1038305384, 3369, 1038310946, 3897, 1038304067, 3881, 1038307646, 3385, 1038307507, 3626, 1038792265, 3378, 1038766955, 3642, 1038627370, 3890, 1038767010, 3898, 1038627217, 3370, 1038792186, 3627, 1038343056, 3386, 1038627643, 3379, 1038342899, 3643, 1038341399, 3371, 1038341028, 3628, 1021194350, 3388, 1021364161, 3630, 1022025599, 3389, 1021707165, 3884, 1021194004, 3646, 1021963532, 3390, 1021960972, 3647, 1021169682, 3391, 1021168327, 3387, 1038339216, 3380, 1021162498, 3372, 1021195511, 3899, 1038342776, 3381, 1021915481, 3373, 1021879311, 3883, 1038344261, 3382, 1022020560, 3892, 1021160997, 3383, 1021099643, 3375, 1021110444, 3893, 1021910954, 3889, 1038307478, 3885, 1021875063, 3882, 1038792337, 3894, 1022025105, 3886, 1022027382, 3891, 1038346295, 3895, 1021101222, 3901, 1021701895, 3887, 1021111902, 3902, 1021965450, 3903, 1021170190, 3374, 1022023105, 3644, 1021363249, 3629, 1021876828, 3645, 1021704095, 3631, 1021111585, 3900, 1021363022]
[INFO] (lattice_cell.c: 455): on tick 36 of 50
[INFO] (lattice_cell.c: 172): the unmatched_packets is 56
[3624, 1037916752, 3376, 1037937992, 3640, 1038037059, 3888, 1037938057, 3368, 1037916748, 3896, 1038037183, 3384, 1038036831, 3880, 1037916766, 3625, 1038300844, 3377, 1038307251, 3889, 1038304033, 3369, 1038302780, 3881, 1038299685, 3897, 1038305144, 3385, 1038308348, 3641, 1038306357, 3626, 1038746440, 3378, 1038723536, 3642, 1038619637, 3370, 1038746378, 3882, 1038746498, 3386, 1038619914, 3627, 1038335047, 3628, 1020979953, 3371, 1038333140, 3644, 1021311809, 3387, 1038334258, 3630, 1021994431, 3647, 1021173368, 3390, 1021961785, 3375, 1021156075, 3379, 1038335153, 3380, 1021046224, 3883, 1038336157, 3899, 1038337716, 3372, 1020981994, 3388, 1021313488, 3381, 1022030246, 3389, 1021750828, 3373, 1022106384, 3382, 1022001371, 3892, 1021043024, 3890, 1038723575, 3884, 1020978780, 3898, 1038619471, 3900, 1021310736, 3374, 1021992120, 3383, 1021132006, 3643, 1038336382, 3893, 1022026305, 3391, 1021171270, 3885, 1022102895, 3629, 1022104232, 3891, 1038338377, 3901, 1021746166, 3645, 1021748005, 3894, 1022005237, 3886, 1021995856, 3895, 1021135135, 3646, 1021964024, 3887, 1021159087, 3902, 1021965460, 3903, 1021174631, 3631, 1021157980]
[INFO] (lattice_cell.c: 455): on tick 37 of 50
[INFO] (lattice_cell.c: 172): the unmatched_packets is 56
[3624, 1037852461, 3376, 1037876929, 3368, 1037852476, 3888, 1037876982, 3880, 1037852453, 3896, 1038009104, 3384, 1038008658, 3625, 1038311189, 3640, 1038008942, 3377, 1038314833, 3889, 1038311434, 3369, 1038313167, 3881, 1038310011, 3629, 1021846441, 3371, 1038340287, 3372, 1021216686, 3388, 1021411679, 3390, 1022007384, 3375, 1021114227, 3894, 1022016154, 3887, 1021115691, 3902, 1022012253, 3903, 1021132898, 3898, 1038643013, 3882, 1038802480, 3899, 1038340251, 3892, 1021246512, 3884, 1021215041, 3900, 1021410642, 3893, 1021808341, 3886, 1022025888, 3901, 1021644542, 3897, 1038306753, 3385, 1038310173, 3378, 1038777066, 3641, 1038308070, 3626, 1038802437, 3370, 1038802355, 3642, 1038643189, 3386, 1038643481, 3379, 1038339814, 3627, 1038342266, 3643, 1038338907, 3387, 1038336762, 3380, 1021248017, 3628, 1021215456, 3644, 1021410842, 3381, 1021813208, 3373, 1021849121, 3382, 1022011208, 3645, 1021646842, 3389, 1021650060, 3630, 1022023937, 3374, 1022021234, 3383, 1021119457, 3631, 1021115371, 3646, 1022010167, 3391, 1021131041, 3647, 1021132374, 3895, 1021121088, 3890, 1038777137, 3891, 1038343124, 3883, 1038343445, 3885, 1021844466]
[INFO] (lattice_cell.c: 455): on tick 38 of 50
[INFO] (lattice_cell.c: 172): the unmatched_packets is 56
[3624, 1037898862, 3376, 1037929584, 3640, 1038056006, 3368, 1037898873, 3880, 1037898869, 3896, 1038056114, 3384, 1038055772, 3625, 1038301949, 3377, 1038304791, 3881, 1038300712, 3385, 1038304283, 3369, 1038303973, 3626, 1038765123, 3378, 1038732714, 3642, 1038600206, 3890, 1038732781, 3898, 1038600018, 3370, 1038765014, 3882, 1038765189, 3386, 1038600498, 3379, 1038337302, 3627, 1038337513, 3371, 1038335569, 3628, 1021009958, 3380, 1021006313, 3644, 1021229785, 3646, 1021939002, 3884, 1021008880, 3631, 1021110190, 3647, 1021197156, 3895, 1021153532, 3887, 1021111248, 3902, 1021940280, 3372, 1021011839, 3903, 1021198464, 3388, 1021231423, 3381, 1022079882, 3373, 1022073991, 3389, 1021849302, 3899, 1038338421, 3382, 1021974077, 3374, 1022029603, 3883, 1038338661, 3390, 1021936926, 3892, 1021003231, 3375, 1021108368, 3391, 1021195014, 3900, 1021228737, 3889, 1038301448, 3888, 1037929631, 3641, 1038302263, 3897, 1038301018, 3893, 1022076356, 3643, 1038337047, 3387, 1038334899, 3891, 1038340579, 3894, 1021977662, 3886, 1022032997, 3901, 1021844896, 3629, 1022071979, 3645, 1021846596, 3630, 1022031726, 3885, 1022070779, 3383, 1021150412]
[INFO] (lattice_cell.c: 455): on tick 39 of 50
[INFO] (lattice_cell.c: 172): the unmatched_packets is 56
[3624, 1037902049, 3376, 1037892267, 3368, 1037902035, 3888, 1037892374, 3880, 1037902066, 3896, 1038017707, 3640, 1038017545, 3384, 1038017273, 3625, 1038309144, 3377, 1038314237, 3369, 1038311078, 3626, 1038750916, 3385, 1038312771, 3378, 1038761411, 3386, 1038634372, 3644, 1021478225, 3371, 1038338711, 3387, 1038338860, 3891, 1038342714, 3372, 1021106749, 3630, 1022018748, 3388, 1021479130, 3374, 1022015953, 3902, 1022031961, 3641, 1038310704, 3881, 1038308015, 3370, 1038750868, 3897, 1038309436, 3379, 1038339444, 3380, 1021225473, 3381, 1021839110, 3890, 1038761438, 3882, 1038750950, 3898, 1038633928, 3373, 1021968324, 3382, 1022029542, 3389, 1021571849, 3383, 1021102598, 3883, 1038341798, 3390, 1022026938, 3892, 1021223676, 3899, 1038342310, 3889, 1038310984, 3375, 1021127757, 3884, 1021104850, 3642, 1038634088, 3893, 1021833885, 3627, 1038340652, 3885, 1021963592, 3643, 1038340983, 3894, 1022034742, 3628, 1021105376, 3895, 1021104201, 3900, 1021477961, 3886, 1022020783, 3629, 1021965600, 3887, 1021129265, 3901, 1021565935, 3645, 1021568432, 3903, 1021104155, 3631, 1021128932, 3646, 1022029795, 3391, 1021102267, 3647, 1021103641]
[INFO] (lattice_cell.c: 455): on tick 40 of 50
[INFO] (lattice_cell.c: 172): the unmatched_packets is 56
[3624, 1037868615, 3376, 1037889183, 3368, 1037868661, 3888, 1037889175, 3896, 1038021772, 3384, 1038021403, 3640, 1038021644, 3625, 1038302497, 3880, 1037868595, 3377, 1038306875, 3641, 1038302706, 3889, 1038303419, 3369, 1038304527, 3897, 1038301397, 3881, 1038301273, 3626, 1038795760, 3378, 1038774347, 3642, 1038635619, 3643, 1038333007, 3628, 1021151757, 3645, 1021847564, 3630, 1021992229, 3631, 1021146187, 3373, 1021927522, 3647, 1021267951, 3895, 1021156806, 3902, 1021884413, 3903, 1021269192, 3890, 1038774440, 3882, 1038795833, 3385, 1038304810, 3370, 1038795640, 3891, 1038337937, 3379, 1038334581, 3386, 1038635935, 3883, 1038338797, 3899, 1038334398, 3387, 1038330834, 3371, 1038335629, 3380, 1021091087, 3892, 1021088333, 3388, 1021228210, 3884, 1021150713, 3372, 1021153574, 3381, 1021987175, 3382, 1021980153, 3893, 1021983725, 3389, 1021850098, 3885, 1021924292, 3900, 1021225823, 3383, 1021153747, 3894, 1021983621, 3390, 1021881022, 3374, 1021990194, 3886, 1021993460, 3887, 1021147271, 3901, 1021846015, 3391, 1021265879, 3375, 1021144321, 3627, 1038337619, 3898, 1038635421, 3644, 1021226718, 3629, 1021925497, 3646, 1021883091]
[INFO] (lattice_cell.c: 455): on tick 41 of 50
[INFO] (lattice_cell.c: 172): the unmatched_packets is 56
[3624, 1037891665, 3376, 1037946853, 3640, 1038059106, 3368, 1037891651, 3880, 1037891681, 3896, 1038059283, 3384, 1038058801, 3888, 1037946967, 3625, 1038310123, 3377, 1038313654, 3641, 1038308988, 3889, 1038310398, 3369, 1038312071, 3897, 1038307776, 3881, 1038308961, 3385, 1038310970, 3378, 1038705151, 3370, 1038762452, 3386, 1038592128, 3898, 1038591653, 3882, 1038762621, 3371, 1038340780, 3380, 1021098104, 3630, 1022054796, 3647, 1021034363, 3391, 1021032927, 3886, 1022056870, 3901, 1021651451, 3379, 1038343950, 3902, 1022092389, 3387, 1038341374, 3626, 1038762535, 3372, 1021065460, 3890, 1038705230, 3388, 1021401916, 3381, 1021970462, 3373, 1022007312, 3899, 1038344842, 3389, 1021657514, 3891, 1038347160, 3374, 1022051884, 3383, 1021046274, 3390, 1022087532, 3375, 1021083619, 3892, 1021096076, 3642, 1038591824, 3627, 1038342689, 3900, 1021400391, 3643, 1038343501, 3628, 1021064077, 3893, 1021965347, 3885, 1022002534, 3629, 1022004554, 3644, 1021400817, 3883, 1038343810, 3894, 1022076072, 3895, 1021047972, 3382, 1022070925, 3887, 1021085106, 3645, 1021654014, 3903, 1021034893, 3884, 1021063551, 3631, 1021084758, 3646, 1022090312]
[INFO] (lattice_cell.c: 455): on tick 42 of 50
[INFO] (lattice_cell.c: 172): the unmatched_packets is 56
[3624, 1037876041, 3376, 1037872546, 3640, 1037992130, 3368, 1037876071, 3888, 1037872560, 3880, 1037876027, 3896, 1037992241, 3384, 1037991896, 3641, 1038303632, 3881, 1038300415, 3626, 1038788249, 3897, 1038302296, 3642, 1038665382, 3627, 1038333878, 3377, 1038306128, 3369, 1038303692, 3378, 1038790721, 3379, 1038332137, 3373, 1022014934, 3630, 1021955343, 3631, 1021199698, 3383, 1021260890, 3647, 1021279255, 3390, 1021864616, 3900, 1021365400, 3895, 1021263851, 3901, 1021702583, 3902, 1021868312, 3903, 1021280554, 3889, 1038302682, 3882, 1038788302, 3898, 1038665177, 3883, 1038335071, 3892, 1021167456, 3885, 1022011916, 3894, 1021883524, 3886, 1021956590, 3887, 1021200727, 3385, 1038305764, 3370, 1038788173, 3386, 1038665703, 3371, 1038331865, 3380, 1021170190, 3387, 1038331501, 3890, 1038790735, 3625, 1038301653, 3372, 1021069695, 3381, 1021908634, 3388, 1021367475, 3382, 1021879826, 3389, 1021706867, 3374, 1021953286, 3884, 1021066916, 3643, 1038333678, 3628, 1021067890, 3375, 1021197946, 3391, 1021277193, 3891, 1038335513, 3644, 1021366170, 3629, 1022013041, 3893, 1021905114, 3645, 1021704226, 3646, 1021866826, 3899, 1038335054]
[INFO] (lattice_cell.c: 455): on tick 43 of 50
[INFO] (lattice_cell.c: 172): the unmatched_packets is 56
[3624, 1037912643, 3376, 1037918248, 3368, 1037912636, 3640, 1038048894, 3888, 1037918315, 3384, 1038048591, 3880, 1037912667, 3896, 1038049076, 3625, 1038310499, 3641, 1038309020, 3889, 1038311051, 3377, 1038314294, 3897, 1038307794, 3369, 1038312399, 3881, 1038309387, 3385, 1038311018, 3626, 1038740127, 3378, 1038735468, 3370, 1038740020, 3642, 1038602637, 3386, 1038602948, 3379, 1038342255, 3890, 1038735617, 3644, 1021281876, 3629, 1021929503, 3380, 1021137091, 3645, 1021772634, 3631, 1021005838, 3900, 1021281416, 3391, 1021079098, 3885, 1021927423, 3886, 1022126371, 3902, 1022057532, 3903, 1021081009, 3371, 1038342933, 3898, 1038602480, 3882, 1038740218, 3387, 1038338959, 3372, 1021140603, 3388, 1021283000, 3381, 1021930067, 3891, 1038345508, 3373, 1021932327, 3389, 1021776106, 3382, 1022133403, 3899, 1038342494, 3883, 1038345955, 3374, 1022121632, 3892, 1021135004, 3383, 1020989222, 3390, 1022052890, 3884, 1021138400, 3375, 1021004561, 3893, 1021924829, 3627, 1038344832, 3643, 1038341110, 3894, 1022138294, 3628, 1021139061, 3895, 1020990998, 3901, 1021770125, 3887, 1021006262, 3630, 1022124407, 3646, 1022055576, 3647, 1021080510]
[INFO] (lattice_cell.c: 455): on tick 44 of 50
[INFO] (lattice_cell.c: 172): the unmatched_packets is 56
[3624, 1037855836, 3376, 1037900921, 3368, 1037855884, 3888, 1037900934, 3896, 1038047759, 3384, 1038047409, 3640, 1038047646, 3880, 1037855803, 3625, 1038302306, 3377, 1038306346, 3369, 1038304387, 3628, 1021090854, 3386, 1038608866, 3629, 1021986555, 3380, 1021094833, 3630, 1021891364, 3381, 1021984876, 3646, 1021956959, 3647, 1021182323, 3890, 1038761783, 3898, 1038608303, 3881, 1038301031, 3889, 1038302796, 3897, 1038302262, 3899, 1038336815, 3892, 1021092347, 3385, 1038305719, 3378, 1038761749, 3370, 1038808904, 3893, 1021981505, 3900, 1021371859, 3379, 1038335162, 3371, 1038332920, 3885, 1021985390, 3387, 1038333279, 3894, 1021919906, 3895, 1021217603, 3886, 1021892803, 3372, 1021092456, 3901, 1021697123, 3887, 1021258144, 3388, 1021373884, 3902, 1021958474, 3903, 1021183602, 3373, 1021988503, 3641, 1038303590, 3382, 1021915889, 3626, 1038808999, 3389, 1021701364, 3642, 1038608521, 3374, 1021889156, 3882, 1038809049, 3383, 1021214690, 3627, 1038334931, 3390, 1021954741, 3375, 1021255542, 3391, 1021180247, 3643, 1038335450, 3644, 1021372598, 3891, 1038338467, 3883, 1038336113, 3645, 1021698769, 3884, 1021090013, 3631, 1021257192]
[INFO] (lattice_cell.c: 455): on tick 45 of 50
[INFO] (lattice_cell.c: 172): the unmatched_packets is 56
[3888, 1037904786, 3880, 1037904049, 3896, 1038003626, 3624, 1037904037, 3376, 1037904648, 3640, 1038003435, 3368, 1037904037, 3384, 1038003111, 3889, 1038310154, 3881, 1038308727, 3897, 1038307846, 3626, 1038749800, 3378, 1038748703, 3371, 1038340274, 3388, 1021368649, 3373, 1021996994, 3375, 1021022258, 3647, 1021208557, 3894, 1022032677, 3886, 1022120713, 3887, 1021024018, 3902, 1021929538, 3898, 1038648539, 3891, 1038343977, 3892, 1021126611, 3377, 1038313336, 3369, 1038311734, 3893, 1021935390, 3884, 1021075351, 3385, 1038311026, 3625, 1038309842, 3370, 1038749669, 3386, 1038649022, 3379, 1038340673, 3387, 1038338188, 3380, 1021129044, 3372, 1021077790, 3381, 1021940600, 3382, 1022027942, 3901, 1021683452, 3389, 1021689611, 3903, 1021209155, 3383, 1021101037, 3374, 1022116305, 3641, 1038309054, 3390, 1021924814, 3642, 1038648706, 3391, 1021207031, 3882, 1038749898, 3627, 1038342195, 3890, 1038748797, 3643, 1038340329, 3628, 1021076130, 3629, 1021994258, 3883, 1038343343, 3644, 1021367426, 3899, 1038341695, 3630, 1022118933, 3645, 1021686020, 3631, 1021023577, 3646, 1021927569, 3900, 1021366843, 3885, 1021992285, 3895, 1021102846]
[INFO] (lattice_cell.c: 455): on tick 46 of 50
[INFO] (lattice_cell.c: 172): the unmatched_packets is 56
[3624, 1037890294, 3376, 1037917681, 3640, 1038032265, 3368, 1037890338, 3384, 1038032014, 3377, 1038307168, 3627, 1038336741, 3378, 1038744688, 3631, 1021171103, 3646, 1022026764, 3383, 1021089714, 3885, 1021969451, 3647, 1021114087, 3375, 1021169463, 3391, 1021112221, 3900, 1021319234, 3888, 1037917646, 3896, 1038032389, 3625, 1038300781, 3901, 1021748798, 3902, 1022028338, 3880, 1037890270, 3889, 1038303623, 3897, 1038302658, 3898, 1038624785, 3890, 1038744747, 3893, 1021913167, 3894, 1022043383, 3886, 1021971800, 3369, 1038302870, 3895, 1021092500, 3887, 1021172049, 3903, 1021115178, 3641, 1038304013, 3385, 1038306181, 3881, 1038299511, 3626, 1038773144, 3370, 1038773056, 3642, 1038625023, 3379, 1038335220, 3386, 1038625396, 3371, 1038334766, 3380, 1021160983, 3643, 1038335418, 3628, 1021114989, 3387, 1038333189, 3372, 1021116560, 3381, 1021916787, 3629, 1021970678, 3644, 1021319774, 3388, 1021320832, 3382, 1022039367, 3373, 1021972624, 3630, 1021970231, 3892, 1021158761, 3389, 1021753179, 3645, 1021750502, 3884, 1021114212, 3374, 1021967919, 3390, 1022024502, 3882, 1038773199, 3883, 1038337882, 3891, 1038338571, 3899, 1038336832]
[INFO] (lattice_cell.c: 455): on tick 47 of 50
[INFO] (lattice_cell.c: 172): the unmatched_packets is 56
[3624, 1037865383, 3376, 1037894196, 3640, 1038047982, 3368, 1037865369, 3888, 1037894280, 3896, 1038048173, 3384, 1038047662, 3625, 1038309520, 3880, 1037865411, 3377, 1038315145, 3641, 1038308823, 3369, 1038311399, 3889, 1038311919, 3881, 1038308411, 3897, 1038307624, 3385, 1038310783, 3626, 1038789241, 3378, 1038759487, 3890, 1038759662, 3370, 1038789118, 3882, 1038789341, 3898, 1038602829, 3386, 1038603296, 3627, 1038341518, 3628, 1021100464, 3644, 1021330577, 3629, 1021970105, 3372, 1021102226, 3389, 1021728524, 3901, 1021722648, 3374, 1021996493, 3375, 1021142557, 3391, 1021151902, 3894, 1021956657, 3886, 1022000863, 3887, 1021144445, 3903, 1021154423, 3899, 1038341957, 3379, 1038340895, 3371, 1038339603, 3642, 1038602980, 3380, 1021111390, 3388, 1021331960, 3900, 1021329874, 3643, 1038340600, 3381, 1021950308, 3892, 1021108750, 3387, 1038338486, 3373, 1021972830, 3382, 1021951919, 3390, 1021979783, 3893, 1021945299, 3383, 1021174973, 3885, 1021968152, 3895, 1021177143, 3902, 1021984175, 3891, 1038344120, 3883, 1038342680, 3630, 1021999111, 3645, 1021725075, 3631, 1021143930, 3646, 1021982350, 3884, 1021099574, 3647, 1021153624]
[INFO] (lattice_cell.c: 455): on tick 48 of 50
[INFO] (lattice_cell.c: 172): the unmatched_packets is 56
[3624, 1037899613, 3376, 1037904210, 3368, 1037899666, 3888, 1037904249, 3896, 1038025180, 3880, 1037899583, 3384, 1038024790, 3640, 1038025053, 3625, 1038303495, 3377, 1038307080, 3369, 1038305577, 3385, 1038304365, 3378, 1038758801, 3897, 1038300840, 3386, 1038632082, 3628, 1021088886, 3371, 1038334304, 3387, 1038333756, 3645, 1021701736, 3373, 1021989381, 3389, 1021704530, 3631, 1021067993, 3375, 1021066520, 3647, 1021202615, 3894, 1022014204, 3641, 1038302191, 3903, 1021203630, 3889, 1038303507, 3370, 1038764152, 3379, 1038335019, 3380, 1021112420, 3388, 1021375672, 3372, 1021090331, 3381, 1021965539, 3890, 1038758804, 3898, 1038631450, 3882, 1038764306, 3382, 1022009881, 3891, 1038338416, 3883, 1038337495, 3383, 1021121401, 3374, 1022074369, 3390, 1021932088, 3892, 1021110368, 3881, 1038302235, 3899, 1038337377, 3642, 1038631693, 3391, 1021200879, 3627, 1038336311, 3893, 1021961824, 3885, 1021985979, 3643, 1038335976, 3895, 1021123721, 3900, 1021374224, 3629, 1021987334, 3886, 1022078278, 3644, 1021374682, 3887, 1021068755, 3901, 1021699871, 3902, 1021936312, 3630, 1022076693, 3884, 1021088235, 3646, 1021934541, 3626, 1038764246]
[INFO] (lattice_cell.c: 455): on tick 49 of 50
[INFO] (lattice_cell.c: 172): the unmatched_packets is 56
[3624, 1037893751, 3376, 1037912319, 3640, 1038017871, 3368, 1037893782, 3888, 1037912394, 3896, 1038018062, 3384, 1038017551, 3880, 1037893753, 3625, 1038307752, 3377, 1038312985, 3641, 1038308499, 3889, 1038309779, 3369, 1038309672, 3897, 1038307288, 3385, 1038310469, 3881, 1038306615, 3626, 1038759526, 3378, 1038740871, 3642, 1038634354, 3890, 1038741027, 3370, 1038759362, 3882, 1038759656, 3898, 1038634182, 3386, 1038634683, 3628, 1021094519, 3371, 1038340473, 3388, 1021343146, 3631, 1021150015, 3389, 1021717890, 3646, 1021985010, 3390, 1021982508, 3902, 1021986729, 3903, 1021155044, 3891, 1038343368, 3885, 1021981367, 3894, 1022043365, 3887, 1021150747, 3899, 1038341045, 3627, 1038342357, 3379, 1038340105, 3643, 1038339653, 3387, 1038337494, 3886, 1021991240, 3895, 1021093085, 3380, 1021142706, 3372, 1021096381, 3629, 1021983074, 3644, 1021341758, 3883, 1038343480, 3381, 1021929516, 3373, 1021985581, 3630, 1021989607, 3382, 1022039041, 3645, 1021714450, 3884, 1021093574, 3374, 1021987088, 3892, 1021139899, 3383, 1021090597, 3375, 1021148400, 3647, 1021154183, 3391, 1021152386, 3900, 1021340968, 3893, 1021924719, 3901, 1021712095]
[INFO] (lattice_cell.c: 455): on tick 50 of 50
[INFO] (lattice_cell.c: 466): updating recording regions
[INFO] (recording.c: 507): 	Finalising channel 0 - state info stored in SDRAM
[INFO] (recording.c: 512): closed channel 0.
[INFO] (lattice_cell.c: 470): Simulation complete.

