[INFO] (lattice_cell.c: 604): starting lattice cell
[INFO] (lattice_cell.c: 526): Initialise: started
[INFO] (data_specification.c: 78): magic = ad130ad6, version = 1.0
[INFO] (lattice_cell.c: 555): my key is 1704
[INFO] (lattice_cell.c: 562): I'm in position ( 6, 21)
[INFO] (lattice_cell.c: 568): my n key is 1448
[INFO] (lattice_cell.c: 574): my U_X = 0.009928127750754356
[INFO] (lattice_cell.c: 575): my U_Y = 0.00019134172180201858
[INFO] (lattice_cell.c: 583): input_buffer initialised
[INFO] (recording.c: 563): Recording 1 regions, using output tag 0, size before trigger 7686388, time between triggers 50
[INFO] (recording.c: 665): Recording channel 0 configured to use 7686132 byte memory block starting at 0x609986c0
[INFO] (lattice_cell.c: 588): Recording flags = 0x00000001
[INFO] (lattice_cell.c: 619): setting timer to execute every 200000 microseconds
[INFO] (lattice_cell.c: 627): Starting

[INFO] (simulation.c: 159): Setting the runtime of this model to 50 starting at 0
[INFO] (simulation.c: 161): Setting the flag of infinite run for this model to 0
[INFO] (simulation.c: 175): Resuming
[INFO] (lattice_cell.c: 455): on tick 0 of 50
[1440, 1038779076, 1712, 1038758226, 1696, 1038779074, 1456, 1038758228, 1960, 1038776249, 1968, 1038758232, 1697, 1038327360, 1457, 1038331626, 1698, 1037885278, 1450, 1037887893, 1458, 1037904562, 1716, 1021990065, 1459, 1038306770, 1717, 1021135419, 1461, 1021139074, 1454, 1021098999, 1462, 1021115639, 1447, 1021988699, 1719, 1021971965, 1703, 1021992792, 1957, 1021112170, 1954, 1037885284, 1975, 1021976402, 1967, 1021994411, 1448, 1038776247, 1952, 1038779080, 1969, 1038323556, 1961, 1038323218, 1441, 1038331234, 1953, 1038323164, 1449, 1038331288, 1970, 1037904566, 1442, 1037885280, 1971, 1038314828, 1955, 1038314436, 1713, 1038327752, 1714, 1037904562, 1443, 1038306378, 1451, 1038306432, 1965, 1021114785, 1715, 1038310630, 1958, 1021103966, 1444, 1022015044, 1962, 1037887895, 1452, 1022012209, 1699, 1038310238, 1460, 1021994161, 1959, 1021997240, 1445, 1021119759, 1453, 1021122376, 1963, 1038314490, 1700, 1022010936, 1446, 1021096392, 1972, 1021985630, 1956, 1022006490, 1964, 1022003659, 1973, 1021131464, 1455, 1021985874, 1701, 1021116114, 1463, 1021967884, 1718, 1021119279, 1974, 1021123236, 1966, 1021106577, 1702, 1021100020]
[INFO] (lattice_cell.c: 455): on tick 1 of 50
[INFO] (lattice_cell.c: 172): the unmatched_packets is 56
[1440, 1038773356, 1456, 1038726281, 1696, 1038773350, 1448, 1038766413, 1712, 1038726261, 1968, 1038726241, 1960, 1038766403, 1952, 1038773354, 1441, 1038339646, 1457, 1038339857, 1449, 1038339680, 1697, 1038335843, 1713, 1038336061, 1969, 1038331919, 1961, 1038331739, 1442, 1037881087, 1458, 1037926491, 1698, 1037881081, 1450, 1037887773, 1714, 1037926511, 1962, 1037887777, 1459, 1038313075, 1443, 1038314758, 1451, 1038314468, 1444, 1022004530, 1460, 1021939824, 1700, 1022000214, 1452, 1021995177, 1461, 1021182004, 1446, 1021085226, 1974, 1021045799, 1447, 1021990132, 1463, 1022041635, 1719, 1022045962, 1975, 1022050466, 1958, 1021092693, 1953, 1038331707, 1970, 1037926533, 1954, 1037881087, 1971, 1038321014, 1955, 1038322688, 1972, 1021931032, 1715, 1038316883, 1964, 1021986391, 1956, 1021995741, 1699, 1038318558, 1453, 1021129220, 1957, 1021112845, 1445, 1021120321, 1462, 1021038387, 1963, 1038322400, 1454, 1021077893, 1966, 1021085350, 1716, 1021935516, 1967, 1022007116, 1455, 1021998324, 1717, 1021178510, 1973, 1021174534, 1965, 1021121743, 1701, 1021116822, 1718, 1021041856, 1702, 1021088713, 1959, 1021998914, 1703, 1021994427]
[INFO] (lattice_cell.c: 455): on tick 2 of 50
[INFO] (lattice_cell.c: 172): the unmatched_packets is 56
[1440, 1038782607, 1456, 1038803959, 1968, 1038803989, 1696, 1038782609, 1712, 1038803973, 1960, 1038793720, 1952, 1038782613, 1448, 1038793704, 1441, 1038331844, 1457, 1038332789, 1713, 1038328868, 1697, 1038327927, 1449, 1038331934, 1961, 1038323761, 1970, 1037860036, 1442, 1037882692, 1458, 1037860074, 1715, 1038311628, 1444, 1022017408, 1452, 1022023336, 1461, 1021132373, 1701, 1021114713, 1446, 1021103657, 1447, 1021981392, 1463, 1021830090, 1956, 1022009086, 1966, 1021145905, 1959, 1021989697, 1954, 1037882692, 1971, 1038315868, 1964, 1022015015, 1969, 1038324616, 1963, 1038315962, 1965, 1021105463, 1714, 1037860058, 1698, 1037882692, 1957, 1021110881, 1962, 1037871691, 1974, 1021253732, 1699, 1038310820, 1450, 1037871703, 1967, 1021950303, 1716, 1022000315, 1443, 1038306906, 1459, 1038307728, 1451, 1038307809, 1700, 1022013416, 1973, 1021125026, 1717, 1021128860, 1460, 1022004291, 1958, 1021110994, 1955, 1038315064, 1445, 1021118220, 1975, 1021838277, 1718, 1021249814, 1702, 1021107171, 1453, 1021112805, 1972, 1021995983, 1462, 1021246206, 1719, 1021834020, 1703, 1021985374, 1454, 1021138530, 1455, 1021942030, 1953, 1038323675]
[INFO] (lattice_cell.c: 455): on tick 3 of 50
[INFO] (lattice_cell.c: 172): the unmatched_packets is 56
[1440, 1038760342, 1456, 1038717003, 1696, 1038760340, 1712, 1038716950, 1968, 1038716882, 1448, 1038727205, 1952, 1038760334, 1960, 1038727157, 1441, 1038339904, 1457, 1038341327, 1697, 1038336169, 1713, 1038337582, 1969, 1038333498, 1449, 1038340657, 1953, 1038332093, 1442, 1037893666, 1458, 1037935648, 1450, 1037925442, 1954, 1037893682, 1964, 1021963249, 1445, 1021130385, 1716, 1021963438, 1461, 1021158632, 1974, 1020922671, 1454, 1020967974, 1959, 1022032975, 1718, 1020918758, 1703, 1022028374, 1975, 1022165247, 1967, 1022121909, 1970, 1037935782, 1962, 1037925482, 1971, 1038321855, 1955, 1038321426, 1972, 1021958801, 1956, 1021985917, 1965, 1021145514, 1961, 1038332832, 1443, 1038313599, 1958, 1021063177, 1459, 1038314003, 1451, 1038312910, 1714, 1037935712, 1444, 1021994914, 1460, 1021967879, 1452, 1021972260, 1698, 1037893670, 1715, 1038317771, 1973, 1021150996, 1957, 1021122692, 1453, 1021153197, 1446, 1021055527, 1699, 1038317349, 1963, 1038320742, 1462, 1020915351, 1966, 1020975510, 1447, 1022023981, 1463, 1022156034, 1700, 1021990511, 1455, 1022112874, 1717, 1021155049, 1701, 1021126777, 1719, 1022160527, 1702, 1021059110]
[INFO] (lattice_cell.c: 455): on tick 4 of 50
[INFO] (lattice_cell.c: 172): the unmatched_packets is 56
[1440, 1038815660, 1456, 1038755212, 1712, 1038755228, 1457, 1038334358, 1698, 1037850575, 1714, 1037906309, 1458, 1037906339, 1443, 1038307716, 1700, 1022035287, 1444, 1022039165, 1716, 1021967430, 1972, 1021963210, 1701, 1021093891, 1446, 1021193445, 1462, 1021195299, 1718, 1021198938, 1447, 1021886734, 1703, 1021890607, 1965, 1021110911, 1964, 1022010136, 1966, 1021281863, 1959, 1021894816, 1960, 1038817142, 1968, 1038755247, 1952, 1038815684, 1696, 1038815670, 1954, 1037850561, 1963, 1038313593, 1448, 1038817074, 1441, 1038331844, 1449, 1038332380, 1962, 1037848091, 1713, 1038330395, 1697, 1038327891, 1961, 1038324129, 1973, 1021159090, 1969, 1038326107, 1958, 1021200640, 1442, 1037850579, 1953, 1038323597, 1970, 1037906279, 1699, 1038311654, 1975, 1021893273, 1967, 1021819005, 1715, 1038309013, 1971, 1038313287, 1955, 1038315936, 1450, 1037848165, 1459, 1038305083, 1956, 1022031068, 1717, 1021162803, 1451, 1038305398, 1460, 1021971319, 1957, 1021090178, 1702, 1021196892, 1974, 1021202897, 1452, 1022018196, 1445, 1021097266, 1461, 1021166180, 1719, 1021889213, 1453, 1021118034, 1454, 1021274459, 1463, 1021885430, 1455, 1021811049]
[INFO] (lattice_cell.c: 455): on tick 5 of 50
[INFO] (lattice_cell.c: 172): the unmatched_packets is 56
[1440, 1038728803, 1456, 1038756081, 1696, 1038728773, 1712, 1038756047, 1968, 1038756005, 1448, 1038760703, 1960, 1038760637, 1952, 1038728743, 1441, 1038340649, 1457, 1038341255, 1969, 1038333508, 1697, 1038336952, 1713, 1038337548, 1961, 1038333172, 1953, 1038332920, 1449, 1038340909, 1442, 1037924316, 1458, 1037897396, 1714, 1037897458, 1698, 1037924344, 1970, 1037897524, 1962, 1037893806, 1971, 1038321305, 1699, 1038318840, 1444, 1021989770, 1717, 1021158452, 1461, 1021162154, 1965, 1021111930, 1718, 1021094382, 1453, 1021119789, 1462, 1021090895, 1446, 1020917551, 1702, 1020921110, 1703, 1022159691, 1454, 1020962454, 1966, 1020969887, 1975, 1021985898, 1959, 1022164408, 1974, 1021098354, 1958, 1020925165, 1967, 1022122440, 1450, 1037893708, 1963, 1038321289, 1443, 1038315119, 1459, 1038313520, 1955, 1038322880, 1451, 1038313517, 1954, 1037924372, 1956, 1021980590, 1460, 1021964504, 1972, 1021955228, 1964, 1021999451, 1715, 1038317248, 1957, 1021129205, 1716, 1021959963, 1452, 1022008665, 1700, 1021985284, 1445, 1021137074, 1973, 1021154330, 1701, 1021133368, 1719, 1021981105, 1447, 1022155220, 1463, 1021976572, 1455, 1022113109]
[INFO] (lattice_cell.c: 455): on tick 6 of 50
[INFO] (lattice_cell.c: 172): the unmatched_packets is 56
[1440, 1038799405, 1456, 1038759798, 1696, 1038799427, 1712, 1038759786, 1968, 1038759764, 1960, 1038765989, 1952, 1038799461, 1448, 1038765953, 1441, 1038332426, 1457, 1038335153, 1449, 1038333854, 1713, 1038331175, 1697, 1038328441, 1969, 1038326847, 1961, 1038325548, 1953, 1038324116, 1442, 1037865309, 1458, 1037902936, 1970, 1037902932, 1698, 1037865275, 1714, 1037902936, 1962, 1037897384, 1954, 1037865237, 1443, 1038306544, 1459, 1038303934, 1699, 1038310476, 1451, 1038304669, 1460, 1021979836, 1461, 1021159209, 1717, 1021155960, 1462, 1021092069, 1702, 1021247050, 1463, 1021990531, 1719, 1021994348, 1973, 1021152355, 1703, 1021841849, 1974, 1021099336, 1957, 1021118269, 1450, 1037897437, 1971, 1038312196, 1963, 1038312913, 1444, 1022010332, 1972, 1021971829, 1452, 1022007356, 1445, 1021125186, 1956, 1022002416, 1964, 1021999423, 1715, 1038307886, 1453, 1021130758, 1446, 1021243582, 1955, 1038314772, 1716, 1021975984, 1966, 1021122380, 1958, 1021250858, 1700, 1022006541, 1454, 1021115048, 1447, 1021838071, 1967, 1021978661, 1455, 1021970858, 1959, 1021845897, 1701, 1021121902, 1965, 1021123833, 1718, 1021095556, 1975, 1021998417]
[INFO] (lattice_cell.c: 455): on tick 7 of 50
[INFO] (lattice_cell.c: 172): the unmatched_packets is 56
[1440, 1038781898, 1456, 1038749190, 1712, 1038749166, 1696, 1038781890, 1968, 1038749136, 1448, 1038768767, 1952, 1038781868, 1960, 1038768773, 1441, 1038340247, 1457, 1038341942, 1713, 1038338255, 1697, 1038336576, 1969, 1038334245, 1961, 1038333321, 1953, 1038332585, 1449, 1038340991, 1442, 1037873213, 1458, 1037904259, 1698, 1037873245, 1714, 1037904317, 1970, 1037904373, 1962, 1037884862, 1954, 1037873275, 1699, 1038318328, 1443, 1038314625, 1459, 1038312970, 1971, 1038320692, 1956, 1022005372, 1445, 1021113178, 1446, 1021040044, 1462, 1021080215, 1703, 1022036661, 1454, 1021105245, 1975, 1021994830, 1966, 1021112989, 1963, 1038321573, 1955, 1038322338, 1450, 1037884817, 1715, 1038316669, 1451, 1038313862, 1965, 1021124830, 1700, 1022010135, 1957, 1021105157, 1716, 1021969989, 1444, 1022014664, 1460, 1021974592, 1958, 1021047662, 1972, 1021965176, 1452, 1021995270, 1717, 1021150493, 1967, 1021973802, 1461, 1021154253, 1964, 1021985973, 1701, 1021109387, 1973, 1021146300, 1453, 1021132884, 1718, 1021083848, 1974, 1021087965, 1447, 1022032126, 1702, 1021043612, 1463, 1021985594, 1719, 1021990073, 1959, 1022041471, 1455, 1021964564]
[INFO] (lattice_cell.c: 455): on tick 8 of 50
[INFO] (lattice_cell.c: 172): the unmatched_packets is 56
[1440, 1038774460, 1456, 1038751335, 1968, 1038751246, 1696, 1038774452, 1960, 1038780640, 1448, 1038780652, 1952, 1038774446, 1441, 1038333466, 1457, 1038335529, 1449, 1038334084, 1961, 1038325746, 1713, 1038331516, 1697, 1038329472, 1714, 1037910548, 1442, 1037890108, 1450, 1037883649, 1964, 1021997892, 1700, 1022016103, 1453, 1021132461, 1701, 1021114751, 1462, 1021102395, 1703, 1022016924, 1967, 1021991892, 1975, 1021987082, 1973, 1021154496, 1953, 1038325140, 1712, 1038751284, 1970, 1037910574, 1969, 1038327176, 1954, 1037890103, 1963, 1038312342, 1971, 1038312245, 1955, 1038313371, 1957, 1021111195, 1974, 1021109423, 1962, 1037883631, 1698, 1037890106, 1972, 1021970359, 1959, 1022021010, 1715, 1038307922, 1699, 1038309060, 1458, 1037910538, 1956, 1022012030, 1965, 1021125677, 1443, 1038305107, 1716, 1021974478, 1451, 1038304071, 1966, 1021109401, 1459, 1038303956, 1958, 1021080479, 1444, 1022019896, 1460, 1021978296, 1717, 1021158025, 1452, 1022005723, 1445, 1021117929, 1461, 1021161178, 1718, 1021105731, 1446, 1021073468, 1702, 1021076809, 1719, 1021982984, 1454, 1021102422, 1447, 1022013110, 1463, 1021979109, 1455, 1021983937]
[INFO] (lattice_cell.c: 455): on tick 9 of 50
[INFO] (lattice_cell.c: 172): the unmatched_packets is 56
[1440, 1038766892, 1456, 1038749826, 1968, 1038749801, 1696, 1038766908, 1712, 1038749820, 1960, 1038773126, 1952, 1038766918, 1448, 1038773092, 1441, 1038340702, 1457, 1038342084, 1713, 1038338417, 1697, 1038337050, 1961, 1038333929, 1953, 1038333074, 1449, 1038341580, 1969, 1038334413, 1442, 1037886823, 1458, 1037903663, 1970, 1037903759, 1698, 1037886828, 1962, 1037881315, 1954, 1037886830, 1443, 1038314733, 1451, 1038312865, 1716, 1021964389, 1460, 1021968984, 1972, 1021959513, 1717, 1021156222, 1445, 1021121807, 1446, 1021090285, 1718, 1021102245, 1719, 1021970263, 1447, 1021978365, 1955, 1038322408, 1957, 1021113691, 1975, 1021974974, 1956, 1021997431, 1714, 1037903711, 1971, 1038320382, 1715, 1038316381, 1450, 1037881283, 1699, 1038318408, 1963, 1038320561, 1964, 1021996770, 1459, 1038312686, 1973, 1021151997, 1700, 1022002215, 1444, 1022006752, 1966, 1021084494, 1974, 1021106459, 1452, 1022006087, 1958, 1021098256, 1701, 1021117961, 1959, 1021987462, 1461, 1021160038, 1702, 1021094035, 1453, 1021123984, 1462, 1021098470, 1703, 1021982762, 1454, 1021076553, 1463, 1021965831, 1455, 1021993703, 1967, 1022002809, 1965, 1021115851]
[INFO] (lattice_cell.c: 455): on tick 10 of 50
[INFO] (lattice_cell.c: 172): the unmatched_packets is 56
[1440, 1038780262, 1456, 1038757370, 1968, 1038757242, 1696, 1038780244, 1712, 1038757304, 1960, 1038772548, 1952, 1038780226, 1448, 1038772586, 1441, 1038333681, 1457, 1038335878, 1969, 1038327522, 1713, 1038331873, 1697, 1038329687, 1961, 1038326311, 1449, 1038334651, 1953, 1038325349, 1458, 1037905120, 1442, 1037884112, 1714, 1037905164, 1698, 1037884114, 1962, 1037891157, 1450, 1037891147, 1954, 1037884134, 1715, 1038307328, 1451, 1038303759, 1971, 1038311652, 1444, 1022007628, 1452, 1022010721, 1700, 1022003834, 1964, 1022002900, 1445, 1021128716, 1446, 1021109473, 1702, 1021112676, 1455, 1021998983, 1703, 1021978519, 1967, 1022007051, 1975, 1021986565, 1957, 1021122032, 1959, 1021982674, 1970, 1037905205, 1963, 1038312030, 1459, 1038303363, 1443, 1038305423, 1955, 1038313674, 1699, 1038309365, 1956, 1021999782, 1716, 1021971170, 1460, 1021975026, 1966, 1021094004, 1958, 1021116228, 1717, 1021161776, 1461, 1021164872, 1701, 1021125581, 1453, 1021128651, 1462, 1021102478, 1718, 1021105712, 1973, 1021158269, 1965, 1021121951, 1454, 1021087227, 1719, 1021982392, 1974, 1021109287, 1972, 1021967046, 1463, 1021978429, 1447, 1021974591]
[INFO] (lattice_cell.c: 455): on tick 11 of 50
[INFO] (lattice_cell.c: 172): the unmatched_packets is 56
[1440, 1038777530, 1456, 1038752492, 1448, 1038766187, 1968, 1038752484, 1696, 1038777552, 1712, 1038752498, 1960, 1038766261, 1952, 1038777576, 1441, 1038340060, 1457, 1038342455, 1449, 1038341617, 1969, 1038334780, 1713, 1038338783, 1697, 1038336418, 1961, 1038333964, 1953, 1038332431, 1442, 1037877085, 1450, 1037887508, 1458, 1037901259, 1698, 1037877075, 1459, 1038312251, 1451, 1038312838, 1971, 1038319962, 1699, 1038317836, 1452, 1022003793, 1460, 1021973410, 1973, 1021148627, 1461, 1021156676, 1446, 1021089118, 1701, 1021113529, 1454, 1021089864, 1463, 1021976593, 1703, 1021983373, 1965, 1021119151, 1967, 1021988026, 1959, 1021988010, 1955, 1038321840, 1970, 1037901326, 1962, 1037887488, 1954, 1037877063, 1963, 1038320531, 1964, 1021994527, 1714, 1037901298, 1957, 1021109252, 1443, 1038314159, 1715, 1038315954, 1975, 1021985554, 1716, 1021968833, 1972, 1021963951, 1956, 1022006271, 1444, 1022015500, 1700, 1022011038, 1717, 1021152845, 1445, 1021117403, 1974, 1021095921, 1966, 1021097998, 1958, 1021097223, 1453, 1021127334, 1462, 1021087777, 1718, 1021091608, 1719, 1021980914, 1702, 1021092965, 1447, 1021979051, 1455, 1021979091]
[INFO] (lattice_cell.c: 455): on tick 12 of 50
[INFO] (lattice_cell.c: 172): the unmatched_packets is 56
[1440, 1038786783, 1456, 1038754824, 1448, 1038776313, 1696, 1038786761, 1712, 1038754750, 1960, 1038776259, 1952, 1038786741, 1968, 1038754666, 1441, 1038334709, 1457, 1038336257, 1449, 1038335699, 1713, 1038332255, 1697, 1038330741, 1969, 1038327921, 1961, 1038327393, 1442, 1037878100, 1458, 1037907543, 1450, 1037887726, 1714, 1037907601, 1715, 1038307229, 1443, 1038304736, 1716, 1021973940, 1444, 1022001224, 1700, 1021997341, 1461, 1021161911, 1701, 1021131288, 1453, 1021136359, 1972, 1021969777, 1702, 1021082554, 1719, 1021989468, 1956, 1021993197, 1953, 1038326428, 1970, 1037907673, 1962, 1037887764, 1698, 1037878118, 1963, 1038311770, 1954, 1037878132, 1699, 1038308667, 1971, 1038311535, 1973, 1021155329, 1965, 1021129664, 1459, 1038303278, 1717, 1021158839, 1967, 1021992675, 1451, 1038303542, 1966, 1021106698, 1460, 1021977861, 1959, 1022013516, 1452, 1021999416, 1445, 1021134392, 1718, 1021098229, 1955, 1038312963, 1957, 1021127773, 1974, 1021101728, 1446, 1021079464, 1703, 1022009278, 1462, 1021095096, 1958, 1021086048, 1964, 1021991501, 1447, 1022005251, 1975, 1021993734, 1454, 1021100097, 1463, 1021985410, 1455, 1021984398]
[INFO] (lattice_cell.c: 455): on tick 13 of 50
[INFO] (lattice_cell.c: 172): the unmatched_packets is 56
[1440, 1038754118, 1456, 1038747941, 1968, 1038747943, 1448, 1038767925, 1696, 1038754128, 1712, 1038747947, 1960, 1038767995, 1952, 1038754136, 1441, 1038342583, 1457, 1038341780, 1969, 1038334058, 1449, 1038341504, 1697, 1038338896, 1961, 1038333808, 1713, 1038338087, 1953, 1038334895, 1442, 1037899270, 1458, 1037905513, 1698, 1037899272, 1450, 1037886085, 1714, 1037905533, 1962, 1037886043, 1954, 1037899270, 1970, 1037905546, 1443, 1038313994, 1459, 1038312074, 1451, 1038312341, 1715, 1038315800, 1971, 1038319838, 1963, 1038320060, 1716, 1021973392, 1460, 1021977897, 1445, 1021069359, 1700, 1022051901, 1453, 1021117537, 1957, 1021061155, 1462, 1021093207, 1447, 1021976315, 1702, 1021095968, 1703, 1021980489, 1966, 1021100027, 1975, 1021979507, 1955, 1038321708, 1699, 1038317683, 1972, 1021968560, 1964, 1022007235, 1956, 1022047277, 1444, 1022056186, 1452, 1022016302, 1461, 1021156022, 1973, 1021148035, 1446, 1021092052, 1965, 1021109351, 1717, 1021152199, 1974, 1021101445, 1454, 1021091794, 1463, 1021970743, 1958, 1021100309, 1455, 1021976923, 1701, 1021065445, 1718, 1021097135, 1967, 1021985631, 1959, 1021984987, 1719, 1021974967]
[INFO] (lattice_cell.c: 455): on tick 14 of 50
[INFO] (lattice_cell.c: 172): the unmatched_packets is 56
[1440, 1038808408, 1456, 1038758351, 1448, 1038790008, 1968, 1038758203, 1960, 1038790006, 1952, 1038808424, 1696, 1038808410, 1712, 1038758281, 1697, 1038330995, 1961, 1038325528, 1441, 1038334909, 1953, 1038326734, 1457, 1038336818, 1443, 1038304513, 1459, 1038303106, 1971, 1038311303, 1699, 1038308416, 1460, 1021964934, 1716, 1021960875, 1452, 1021975055, 1700, 1021906223, 1461, 1021173156, 1974, 1021105468, 1446, 1021078059, 1447, 1022005169, 1718, 1021101984, 1703, 1022009328, 1967, 1022013495, 1959, 1022013686, 1955, 1038312674, 1713, 1038332846, 1969, 1038328552, 1970, 1037904493, 1954, 1037856868, 1964, 1021966794, 1714, 1037904413, 1698, 1037856873, 1973, 1021166558, 1965, 1021163702, 1957, 1021217768, 1449, 1038333746, 1715, 1038307016, 1966, 1021086030, 1962, 1037874644, 1963, 1038311329, 1442, 1037856887, 1458, 1037904344, 1450, 1037874616, 1972, 1021956595, 1717, 1021170064, 1975, 1021988890, 1701, 1021221230, 1956, 1021901873, 1444, 1021910369, 1451, 1038303159, 1719, 1021984519, 1702, 1021081092, 1958, 1021084523, 1445, 1021224279, 1454, 1021079509, 1453, 1021170358, 1462, 1021098917, 1463, 1021980329, 1455, 1022004968]
[INFO] (lattice_cell.c: 455): on tick 15 of 50
[INFO] (lattice_cell.c: 172): the unmatched_packets is 56
[1440, 1038735348, 1456, 1038740819, 1968, 1038740766, 1696, 1038735350, 1712, 1038740798, 1448, 1038740297, 1960, 1038740322, 1952, 1038735364, 1441, 1038340364, 1457, 1038344364, 1713, 1038340629, 1449, 1038341834, 1961, 1038334052, 1698, 1037917881, 1962, 1037912647, 1450, 1037912639, 1443, 1038313919, 1955, 1038321681, 1445, 1020974115, 1462, 1021101578, 1718, 1021105517, 1702, 1021113517, 1447, 1021958205, 1463, 1021962550, 1455, 1021967789, 1973, 1021118284, 1958, 1021117832, 1967, 1021976213, 1959, 1021966659, 1953, 1038332571, 1954, 1037917887, 1972, 1021989891, 1964, 1022084640, 1965, 1021033274, 1969, 1038336562, 1697, 1038336633, 1974, 1021109851, 1442, 1037917892, 1458, 1037912467, 1714, 1037912499, 1975, 1021971062, 1459, 1038311751, 1715, 1038315500, 1451, 1038312275, 1699, 1038317633, 1956, 1022153873, 1444, 1022162305, 1460, 1021998876, 1963, 1038320068, 1716, 1021994556, 1957, 1020965845, 1700, 1022158254, 1452, 1022093174, 1966, 1021109393, 1461, 1021126277, 1971, 1038319570, 1717, 1021122454, 1453, 1021041574, 1446, 1021109590, 1701, 1020970164, 1454, 1021101113, 1719, 1021966632, 1703, 1021962267, 1970, 1037912535]
[INFO] (lattice_cell.c: 455): on tick 16 of 50
[INFO] (lattice_cell.c: 172): the unmatched_packets is 56
[1440, 1038807113, 1456, 1038780698, 1968, 1038780615, 1696, 1038807095, 1712, 1038780664, 1448, 1038811945, 1960, 1038811971, 1952, 1038807073, 1441, 1038335943, 1457, 1038336746, 1969, 1038328568, 1697, 1038332093, 1449, 1038336275, 1713, 1038332834, 1961, 1038328166, 1953, 1038327869, 1442, 1037857897, 1458, 1037882836, 1714, 1037882888, 1698, 1037857917, 1450, 1037853127, 1970, 1037882942, 1954, 1037857949, 1459, 1038303031, 1963, 1038310995, 1460, 1021904074, 1452, 1021864190, 1972, 1021895211, 1445, 1021266908, 1956, 1021855851, 1717, 1021231788, 1701, 1021263790, 1447, 1021993513, 1975, 1022006856, 1702, 1021090757, 1719, 1022002357, 1959, 1022002237, 1962, 1037853115, 1955, 1038312422, 1971, 1038311156, 1443, 1038304347, 1451, 1038302900, 1965, 1021264383, 1715, 1038306920, 1699, 1038308213, 1444, 1021864530, 1966, 1021082269, 1716, 1021899749, 1967, 1022015696, 1700, 1021860286, 1964, 1021855425, 1461, 1021234791, 1453, 1021270971, 1446, 1021087721, 1973, 1021228330, 1462, 1021080026, 1454, 1021075736, 1957, 1021260252, 1463, 1021998032, 1455, 1022006949, 1974, 1021086575, 1958, 1021094236, 1718, 1021083084, 1703, 1021997772]
[INFO] (lattice_cell.c: 455): on tick 17 of 50
[INFO] (lattice_cell.c: 172): the unmatched_packets is 56
[1440, 1038776660, 1456, 1038713764, 1968, 1038713663, 1712, 1038713721, 1696, 1038776696, 1448, 1038739173, 1960, 1038739240, 1952, 1038776732, 1441, 1038341798, 1457, 1038342216, 1969, 1038334299, 1713, 1038338423, 1961, 1038333201, 1697, 1038338031, 1953, 1038333944, 1442, 1037878129, 1449, 1038341095, 1458, 1037938813, 1459, 1038310866, 1716, 1022100696, 1461, 1021030817, 1700, 1022076047, 1717, 1021026969, 1701, 1021048957, 1967, 1021978785, 1959, 1022003861, 1447, 1021995602, 1972, 1022096281, 1454, 1021099741, 1719, 1021960274, 1455, 1021970528, 1702, 1021077878, 1970, 1037938925, 1962, 1037914229, 1954, 1037878054, 1971, 1038318766, 1963, 1038319631, 1973, 1021022749, 1714, 1037938857, 1450, 1037914270, 1698, 1037878092, 1443, 1038312910, 1715, 1038314645, 1955, 1038320748, 1451, 1038311770, 1444, 1022080072, 1460, 1022104739, 1452, 1022160032, 1445, 1021052747, 1956, 1022071639, 1965, 1020971446, 1699, 1038316661, 1957, 1021044789, 1974, 1021120177, 1966, 1021107897, 1446, 1021073977, 1453, 1020979640, 1462, 1021111965, 1958, 1021082138, 1975, 1021964608, 1718, 1021115880, 1964, 1022151798, 1463, 1021956313, 1703, 1021999559]
[INFO] (lattice_cell.c: 455): on tick 18 of 50
[INFO] (lattice_cell.c: 172): the unmatched_packets is 56
[1440, 1038763403, 1456, 1038787561, 1968, 1038787488, 1712, 1038787529, 1448, 1038781343, 1960, 1038781319, 1952, 1038763404, 1441, 1038334458, 1696, 1038763410, 1457, 1038337937, 1961, 1038327677, 1449, 1038335689, 1713, 1038334083, 1697, 1038330633, 1969, 1038329886, 1953, 1038326450, 1970, 1037875892, 1442, 1037900517, 1962, 1037882624, 1458, 1037875791, 1698, 1037900533, 1714, 1037875835, 1450, 1037882568, 1954, 1037900541, 1443, 1038305157, 1459, 1038303456, 1451, 1038304093, 1715, 1038307314, 1444, 1022038000, 1700, 1022033728, 1461, 1021316189, 1973, 1021309649, 1462, 1021081169, 1966, 1021102815, 1964, 1021906044, 1463, 1021993035, 1702, 1021095099, 1455, 1021981069, 1703, 1021992605, 1957, 1021094756, 1974, 1021087881, 1975, 1022002023, 1956, 1022029259, 1971, 1038311508, 1963, 1038312093, 1955, 1038313138, 1460, 1021817671, 1452, 1021914779, 1972, 1021808433, 1445, 1021101555, 1453, 1021223649, 1446, 1021092043, 1454, 1021096155, 1447, 1021988229, 1967, 1021990011, 1959, 1021997187, 1965, 1021216735, 1958, 1021098628, 1699, 1038308974, 1716, 1021813152, 1717, 1021313142, 1701, 1021098378, 1718, 1021084299, 1719, 1021997426]
[INFO] (lattice_cell.c: 455): on tick 19 of 50
[INFO] (lattice_cell.c: 172): the unmatched_packets is 56
[1440, 1038773173, 1456, 1038742410, 1968, 1038742352, 1696, 1038773177, 1712, 1038742388, 1960, 1038785222, 1952, 1038773171, 1448, 1038785145, 1441, 1038343020, 1457, 1038342730, 1969, 1038334710, 1713, 1038338885, 1697, 1038339232, 1449, 1038342884, 1961, 1038334925, 1442, 1037880526, 1458, 1037911554, 1698, 1037880530, 1714, 1037911597, 1970, 1037911636, 1954, 1037880526, 1953, 1038335108, 1450, 1037869513, 1715, 1038316357, 1443, 1038311553, 1459, 1038312530, 1963, 1038318181, 1716, 1022086043, 1460, 1022090092, 1452, 1022003023, 1446, 1021098010, 1462, 1021101062, 1702, 1021101846, 1719, 1021963358, 1447, 1021973932, 1966, 1021090546, 1973, 1021036500, 1958, 1021106020, 1967, 1021998373, 1971, 1038320521, 1955, 1038319475, 1964, 1021994754, 1962, 1037869467, 1965, 1021122251, 1957, 1021145725, 1699, 1038315334, 1956, 1021965777, 1975, 1021967659, 1700, 1021969973, 1959, 1021981956, 1972, 1022081637, 1717, 1021040512, 1451, 1038310227, 1701, 1021149913, 1974, 1021108966, 1444, 1021973848, 1718, 1021104861, 1445, 1021153771, 1461, 1021044203, 1453, 1021130148, 1703, 1021977794, 1454, 1021082528, 1463, 1021959387, 1455, 1021990286]
[INFO] (lattice_cell.c: 455): on tick 20 of 50
[INFO] (lattice_cell.c: 172): the unmatched_packets is 56
[1440, 1038788675, 1456, 1038733149, 1968, 1038733085, 1696, 1038788703, 1712, 1038733121, 1448, 1038764420, 1960, 1038764518, 1952, 1038788715, 1441, 1038334758, 1457, 1038336815, 1449, 1038334487, 1969, 1038328840, 1713, 1038332992, 1697, 1038330971, 1961, 1038326533, 1953, 1038326837, 1442, 1037876413, 1458, 1037928638, 1970, 1037928740, 1714, 1037928689, 1962, 1037899664, 1450, 1037899715, 1954, 1037876408, 1443, 1038305315, 1459, 1038303979, 1715, 1038307777, 1451, 1038302210, 1955, 1038313205, 1444, 1022001482, 1452, 1022050161, 1461, 1021191500, 1717, 1021188252, 1975, 1022011213, 1447, 1021989391, 1718, 1021074668, 1702, 1021089996, 1703, 1021993841, 1958, 1021093627, 1957, 1021131538, 1974, 1021078447, 1698, 1037876407, 1971, 1038311920, 1460, 1021948588, 1964, 1022041200, 1972, 1021939498, 1956, 1021992368, 1699, 1038309091, 1445, 1021138327, 1963, 1038310109, 1973, 1021184535, 1716, 1021944150, 1700, 1021997031, 1446, 1021086860, 1453, 1021095393, 1462, 1021071376, 1967, 1022015894, 1701, 1021135188, 1454, 1021079526, 1959, 1021998499, 1463, 1022002203, 1455, 1022006830, 1965, 1021088433, 1966, 1021086400, 1719, 1022006601]
[INFO] (lattice_cell.c: 455): on tick 21 of 50
[INFO] (lattice_cell.c: 172): the unmatched_packets is 56
[1440, 1038777695, 1456, 1038786890, 1696, 1038777709, 1712, 1038786808, 1960, 1038769911, 1448, 1038769920, 1968, 1038786698, 1952, 1038777723, 1441, 1038342720, 1457, 1038344182, 1961, 1038335071, 1953, 1038334725, 1442, 1037876895, 1450, 1037883774, 1698, 1037876882, 1715, 1038313126, 1444, 1022037281, 1445, 1021092539, 1717, 1021178116, 1461, 1021181727, 1701, 1021088832, 1958, 1021094483, 1447, 1021977969, 1703, 1021981769, 1957, 1021084768, 1975, 1021908800, 1967, 1021957077, 1959, 1021985938, 1955, 1038321578, 1973, 1021174193, 1713, 1038340318, 1697, 1038338898, 1969, 1038336094, 1714, 1037867957, 1962, 1037883806, 1970, 1037868061, 1963, 1038318281, 1956, 1022029333, 1972, 1021936965, 1954, 1037876870, 1974, 1021176958, 1964, 1021999245, 1449, 1038343112, 1699, 1038317392, 1458, 1037867852, 1966, 1021131024, 1971, 1038317340, 1443, 1038313561, 1716, 1021941341, 1459, 1038309236, 1700, 1022033482, 1451, 1038310228, 1965, 1021116820, 1460, 1021945378, 1452, 1022007129, 1718, 1021173061, 1453, 1021124758, 1446, 1021086783, 1702, 1021090471, 1719, 1021904475, 1462, 1021169511, 1454, 1021123437, 1463, 1021900490, 1455, 1021948992]
[INFO] (lattice_cell.c: 455): on tick 22 of 50
[INFO] (lattice_cell.c: 172): the unmatched_packets is 56
[1440, 1038764034, 1456, 1038724716, 1968, 1038724760, 1712, 1038724744, 1696, 1038764071, 1960, 1038758890, 1448, 1038758761, 1952, 1038764113, 1457, 1038336629, 1441, 1038334765, 1969, 1038328724, 1713, 1038332836, 1697, 1038331024, 1449, 1038335460, 1961, 1038327608, 1442, 1037899814, 1458, 1037937552, 1450, 1037904780, 1953, 1038326942, 1714, 1037937530, 1954, 1037899778, 1443, 1038305468, 1451, 1038304502, 1699, 1038309190, 1452, 1021966854, 1445, 1021124034, 1966, 1021037348, 1462, 1020958650, 1454, 1021029933, 1463, 1022109628, 1974, 1020966215, 1975, 1022118566, 1959, 1022019384, 1972, 1021971619, 1965, 1021169364, 1967, 1022052959, 1970, 1037937518, 1962, 1037904690, 1971, 1038313323, 1963, 1038312292, 1955, 1038313243, 1973, 1021155621, 1958, 1021072865, 1698, 1037899798, 1964, 1021957778, 1956, 1022008516, 1715, 1038309230, 1957, 1021116890, 1459, 1038305475, 1444, 1022017579, 1460, 1021981068, 1716, 1021976461, 1700, 1022013175, 1461, 1021162518, 1717, 1021159303, 1453, 1021176545, 1701, 1021120704, 1446, 1021065723, 1718, 1020962191, 1447, 1022010237, 1702, 1021069056, 1719, 1022114003, 1455, 1022043977, 1703, 1022014704]
[INFO] (lattice_cell.c: 455): on tick 23 of 50
[INFO] (lattice_cell.c: 172): the unmatched_packets is 56
[1440, 1038790132, 1456, 1038774877, 1712, 1038774822, 1696, 1038790110, 1960, 1038810853, 1448, 1038810851, 1952, 1038790079, 1968, 1038774748, 1441, 1038343342, 1457, 1038343540, 1713, 1038339612, 1697, 1038339487, 1449, 1038342881, 1961, 1038334746, 1969, 1038335352, 1953, 1038335265, 1442, 1037864397, 1458, 1037879397, 1698, 1037864431, 1714, 1037879485, 1970, 1037879571, 1954, 1037864463, 1450, 1037844854, 1451, 1038308285, 1699, 1038314299, 1955, 1038318535, 1964, 1022018565, 1461, 1021120990, 1973, 1021113552, 1446, 1021146373, 1718, 1021248418, 1956, 1021998614, 1966, 1021208847, 1975, 1021832784, 1962, 1037844907, 1971, 1038317620, 1963, 1038316431, 1972, 1021999659, 1965, 1021097842, 1957, 1021113652, 1958, 1021153562, 1959, 1021936080, 1715, 1038313363, 1974, 1021252126, 1716, 1022003872, 1443, 1038310421, 1459, 1038309448, 1967, 1021885005, 1700, 1022002699, 1717, 1021117408, 1444, 1022006483, 1460, 1022007787, 1452, 1022026497, 1701, 1021117602, 1445, 1021121220, 1453, 1021105416, 1719, 1021828464, 1462, 1021245021, 1702, 1021149804, 1454, 1021201793, 1703, 1021931935, 1463, 1021824487, 1447, 1021928106, 1455, 1021876833]
[INFO] (lattice_cell.c: 455): on tick 24 of 50
[INFO] (lattice_cell.c: 172): the unmatched_packets is 56
[1440, 1038753079, 1456, 1038738055, 1968, 1038737938, 1696, 1038753146, 1712, 1038738001, 1952, 1038753204, 1448, 1038736782, 1960, 1038736922, 1441, 1038335152, 1457, 1038336782, 1713, 1038333033, 1969, 1038328960, 1697, 1038331450, 1953, 1038327413, 1961, 1038327415, 1449, 1038335194, 1442, 1037910725, 1458, 1037924277, 1698, 1037910668, 1714, 1037924327, 1962, 1037926287, 1954, 1037910611, 1443, 1038306878, 1459, 1038304086, 1451, 1038304554, 1699, 1038310533, 1963, 1038312270, 1444, 1021989364, 1460, 1021963180, 1718, 1020995416, 1975, 1022090369, 1703, 1022087739, 1974, 1020999428, 1957, 1021145028, 1958, 1020993448, 1967, 1022147701, 1959, 1022092361, 1971, 1038311873, 1970, 1037924389, 1955, 1038314544, 1972, 1021953690, 1715, 1038307819, 1964, 1022007471, 1973, 1021172885, 1450, 1037926419, 1716, 1021958577, 1966, 1020945187, 1700, 1021984893, 1717, 1021176721, 1965, 1021123201, 1701, 1021148935, 1956, 1021980172, 1452, 1022016569, 1445, 1021152335, 1461, 1021180092, 1719, 1022085616, 1702, 1020989360, 1453, 1021130642, 1446, 1020985762, 1462, 1020991877, 1454, 1020937465, 1447, 1022083335, 1463, 1022081074, 1455, 1022138712]
[INFO] (lattice_cell.c: 455): on tick 25 of 50
[INFO] (lattice_cell.c: 172): the unmatched_packets is 56
[1968, 1038748253, 1440, 1038812115, 1456, 1038748288, 1960, 1038783126, 1696, 1038812122, 1448, 1038783037, 1712, 1038748281, 1952, 1038812113, 1969, 1038336466, 1441, 1038342900, 1457, 1038344709, 1697, 1038338997, 1961, 1038335153, 1713, 1038340758, 1449, 1038343350, 1953, 1038334747, 1442, 1037843432, 1458, 1037905499, 1698, 1037843455, 1714, 1037905553, 1962, 1037870993, 1450, 1037871007, 1954, 1037843477, 1970, 1037905604, 1971, 1038319200, 1443, 1038310577, 1459, 1038310942, 1699, 1038314484, 1715, 1038314897, 1451, 1038309682, 1963, 1038317872, 1955, 1038318759, 1444, 1022035436, 1460, 1021945684, 1452, 1022005292, 1716, 1021941702, 1700, 1022031681, 1717, 1021177134, 1445, 1021092863, 1461, 1021180541, 1446, 1021228514, 1718, 1021117515, 1702, 1021231733, 1703, 1021848477, 1975, 1021955331, 1959, 1021852695, 1972, 1021937444, 1964, 1021997573, 1453, 1021125423, 1956, 1022027627, 1454, 1021215887, 1965, 1021117929, 1447, 1021844594, 1973, 1021173445, 1463, 1021947525, 1957, 1021085581, 1462, 1021114059, 1966, 1021222895, 1455, 1021855292, 1967, 1021863261, 1701, 1021089395, 1974, 1021121303, 1958, 1021235296, 1719, 1021951284]
[INFO] (lattice_cell.c: 455): on tick 26 of 50
[INFO] (lattice_cell.c: 172): the unmatched_packets is 56
[1440, 1038750978, 1456, 1038772188, 1968, 1038772123, 1448, 1038780275, 1712, 1038772156, 1960, 1038780290, 1952, 1038751043, 1441, 1038335329, 1457, 1038336034, 1449, 1038335054, 1961, 1038327333, 1713, 1038332301, 1969, 1038328256, 1697, 1038331657, 1970, 1037891104, 1699, 1038308787, 1459, 1038303342, 1716, 1021987108, 1700, 1022015148, 1460, 1021991726, 1956, 1022010412, 1452, 1022003447, 1461, 1021152624, 1453, 1021142790, 1718, 1021137330, 1702, 1020956264, 1454, 1021051973, 1719, 1021946433, 1971, 1038311037, 1973, 1021145234, 1974, 1021141368, 1967, 1022040615, 1975, 1021951357, 1965, 1021135126, 1958, 1020960371, 1953, 1038327662, 1696, 1038751008, 1962, 1037884219, 1954, 1037912747, 1955, 1038312766, 1957, 1021116247, 1714, 1037891071, 1698, 1037912776, 1442, 1037912806, 1458, 1037891048, 1966, 1021059548, 1959, 1022133487, 1715, 1038307017, 1963, 1038309923, 1450, 1037884233, 1972, 1021982218, 1964, 1021994272, 1443, 1038305135, 1451, 1038302263, 1717, 1021149155, 1701, 1021120291, 1444, 1022019582, 1445, 1021123809, 1703, 1022128790, 1446, 1020952640, 1462, 1021133719, 1447, 1022124338, 1463, 1021941762, 1455, 1022031178]
[INFO] (lattice_cell.c: 455): on tick 27 of 50
[INFO] (lattice_cell.c: 172): the unmatched_packets is 56
[1440, 1038772551, 1456, 1038748126, 1968, 1038748047, 1960, 1038760516, 1696, 1038772605, 1712, 1038748096, 1448, 1038760368, 1952, 1038772653, 1441, 1038342884, 1457, 1038344407, 1969, 1038336122, 1713, 1038340440, 1449, 1038343848, 1697, 1038338982, 1961, 1038335614, 1953, 1038334702, 1442, 1037881302, 1458, 1037906205, 1962, 1037893802, 1450, 1037893862, 1698, 1037881285, 1714, 1037906280, 1954, 1037881251, 1970, 1037906356, 1443, 1038312541, 1459, 1038310210, 1963, 1038318435, 1971, 1038318535, 1699, 1038316454, 1715, 1038314198, 1451, 1038310177, 1955, 1038320739, 1444, 1021998879, 1460, 1021992522, 1452, 1021996463, 1716, 1021988542, 1972, 1021984305, 1717, 1021132516, 1701, 1021128371, 1973, 1021128898, 1446, 1021153475, 1965, 1021128086, 1718, 1021064155, 1454, 1021054554, 1463, 1022005638, 1703, 1021913506, 1455, 1022014858, 1966, 1021061556, 1959, 1021917492, 1964, 1021988624, 1956, 1021991120, 1445, 1021131775, 1461, 1021135813, 1453, 1021135240, 1957, 1021124626, 1700, 1021995128, 1974, 1021067727, 1462, 1021060956, 1975, 1022013566, 1447, 1021909792, 1958, 1021160427, 1702, 1021156765, 1967, 1022022459, 1719, 1022009475]
[INFO] (lattice_cell.c: 455): on tick 28 of 50
[INFO] (lattice_cell.c: 172): the unmatched_packets is 56
[1440, 1038795014, 1456, 1038740708, 1448, 1038778349, 1968, 1038740604, 1696, 1038795020, 1712, 1038740656, 1960, 1038778474, 1952, 1038795014, 1441, 1038335406, 1457, 1038336791, 1449, 1038335668, 1969, 1038329043, 1713, 1038333072, 1697, 1038331748, 1961, 1038327977, 1953, 1038327768, 1442, 1037869976, 1458, 1037921274, 1450, 1037885560, 1970, 1037921374, 1714, 1037921321, 1698, 1037869972, 1962, 1037885457, 1954, 1037869980, 1443, 1038304296, 1459, 1038303864, 1699, 1038307913, 1451, 1038303383, 1444, 1022014193, 1445, 1021126221, 1446, 1021108773, 1462, 1021080393, 1974, 1021088376, 1718, 1021084167, 1455, 1021948589, 1703, 1021974081, 1956, 1022005082, 1957, 1021118458, 1975, 1022000693, 1971, 1038311532, 1963, 1038310987, 1955, 1038311872, 1972, 1021960066, 1964, 1022006435, 1715, 1038307530, 1958, 1021116406, 1460, 1021969514, 1452, 1022015449, 1716, 1021964951, 1700, 1022009784, 1461, 1021174316, 1959, 1021978975, 1453, 1021128117, 1717, 1021170719, 1973, 1021166665, 1965, 1021120197, 1701, 1021122561, 1454, 1021129239, 1447, 1021969434, 1966, 1021137122, 1463, 1021991267, 1967, 1021958001, 1702, 1021112373, 1719, 1021995860]
[INFO] (lattice_cell.c: 455): on tick 29 of 50
[INFO] (lattice_cell.c: 172): the unmatched_packets is 56
[1440, 1038769032, 1456, 1038753843, 1968, 1038753846, 1448, 1038775886, 1960, 1038776014, 1696, 1038769076, 1712, 1038753860, 1952, 1038769110, 1441, 1038345204, 1457, 1038343710, 1449, 1038343006, 1969, 1038335407, 1961, 1038334755, 1697, 1038341286, 1450, 1037878791, 1699, 1038315070, 1460, 1021954907, 1445, 1021113409, 1701, 1021110177, 1967, 1021986959, 1718, 1021122598, 1463, 1021943848, 1702, 1021040826, 1719, 1021947659, 1455, 1021979060, 1957, 1021106560, 1974, 1021126196, 1958, 1021044421, 1959, 1022040185, 1955, 1038319369, 1953, 1038337003, 1713, 1038339731, 1970, 1037900188, 1962, 1037878744, 1954, 1037885606, 1971, 1038319008, 1973, 1021168035, 1442, 1037885650, 1458, 1037900123, 1714, 1037900162, 1443, 1038311125, 1698, 1037885636, 1459, 1038310679, 1715, 1038314676, 1451, 1038309374, 1964, 1022007384, 1956, 1022002285, 1444, 1022010199, 1965, 1021111884, 1716, 1021950867, 1700, 1022006368, 1966, 1021100711, 1452, 1022015220, 1461, 1021174723, 1975, 1021951719, 1717, 1021171546, 1453, 1021118938, 1446, 1021037654, 1462, 1021119402, 1972, 1021946570, 1454, 1021094101, 1447, 1022032504, 1703, 1022036200, 1963, 1038317639]
[INFO] (lattice_cell.c: 455): on tick 30 of 50
[INFO] (lattice_cell.c: 172): the unmatched_packets is 56
[1440, 1038769100, 1456, 1038767637, 1968, 1038767520, 1696, 1038769150, 1712, 1038767592, 1448, 1038768387, 1952, 1038769192, 1960, 1038768429, 1441, 1038336060, 1457, 1038336983, 1961, 1038326441, 1697, 1038332419, 1713, 1038333262, 1449, 1038334127, 1953, 1038328447, 1442, 1037894653, 1970, 1037895896, 1458, 1037895763, 1962, 1037895577, 1714, 1037895831, 1698, 1037894615, 1450, 1037895587, 1954, 1037894579, 1443, 1038305225, 1459, 1038303257, 1699, 1038308837, 1451, 1038302363, 1971, 1038310927, 1716, 1021978646, 1460, 1021983152, 1445, 1021120936, 1453, 1021141921, 1973, 1021150881, 1701, 1021117167, 1446, 1021097958, 1462, 1021104791, 1958, 1021105878, 1454, 1021065248, 1455, 1022015149, 1966, 1021073149, 1975, 1021979070, 1969, 1038329223, 1963, 1038309973, 1955, 1038312795, 1444, 1022019065, 1452, 1022010283, 1972, 1021973790, 1715, 1038306926, 1461, 1021158669, 1700, 1022014705, 1447, 1021975404, 1964, 1022001320, 1463, 1021969445, 1967, 1022024480, 1956, 1022010021, 1717, 1021154985, 1965, 1021133825, 1957, 1021112947, 1974, 1021112609, 1718, 1021108517, 1702, 1021101700, 1959, 1021984652, 1719, 1021974104, 1703, 1021979887]
[INFO] (lattice_cell.c: 455): on tick 31 of 50
[INFO] (lattice_cell.c: 172): the unmatched_packets is 56
[1440, 1038783081, 1456, 1038749587, 1960, 1038766436, 1696, 1038783131, 1712, 1038749583, 1448, 1038766235, 1952, 1038783183, 1441, 1038341672, 1457, 1038345806, 1449, 1038343019, 1697, 1038337737, 1713, 1038341833, 1953, 1038333448, 1714, 1037904765, 1698, 1037871461, 1970, 1037904803, 1442, 1037871487, 1715, 1038314148, 1971, 1038318488, 1451, 1038309982, 1459, 1038310158, 1445, 1021133263, 1461, 1021140458, 1462, 1021068965, 1718, 1021072093, 1967, 1021988767, 1702, 1021115183, 1454, 1021088526, 1463, 1021996968, 1973, 1021133938, 1966, 1021095364, 1964, 1021983267, 1958, 1021118708, 1975, 1022004974, 1968, 1038749552, 1969, 1038337514, 1954, 1037871422, 1962, 1037887694, 1955, 1038320091, 1961, 1038334778, 1458, 1037904728, 1450, 1037887821, 1974, 1021075636, 1443, 1038311896, 1699, 1038315811, 1444, 1022002949, 1460, 1021983072, 1972, 1021974614, 1452, 1021991195, 1956, 1021995184, 1716, 1021978951, 1700, 1021999178, 1957, 1021126441, 1446, 1021112085, 1717, 1021137366, 1701, 1021130062, 1447, 1021954227, 1959, 1021962106, 1455, 1021981042, 1965, 1021136875, 1453, 1021143747, 1963, 1038318231, 1719, 1022000854, 1703, 1021958047]
[INFO] (lattice_cell.c: 455): on tick 32 of 50
[INFO] (lattice_cell.c: 172): the unmatched_packets is 56
[1440, 1038773645, 1456, 1038743865, 1968, 1038743769, 1712, 1038743823, 1696, 1038773664, 1960, 1038778268, 1448, 1038778132, 1952, 1038773660, 1441, 1038338513, 1457, 1038337605, 1449, 1038337106, 1713, 1038333880, 1697, 1038334884, 1961, 1038329419, 1458, 1037918339, 1442, 1037890832, 1953, 1038330907, 1714, 1037918401, 1970, 1037918465, 1698, 1037890831, 1450, 1037886116, 1954, 1037890838, 1459, 1038303827, 1444, 1022038049, 1955, 1038311746, 1700, 1022033675, 1445, 1021092736, 1701, 1021088909, 1453, 1021121241, 1447, 1021991711, 1975, 1021990547, 1718, 1021094203, 1719, 1021985711, 1463, 1021981164, 1455, 1021962611, 1956, 1022028973, 1703, 1021996210, 1974, 1021098367, 1966, 1021123339, 1965, 1021113036, 1958, 1021092975, 1959, 1022001031, 1969, 1038329828, 1962, 1037886027, 1971, 1038311519, 1972, 1021970066, 1973, 1021153352, 1957, 1021084686, 1715, 1038307505, 1699, 1038307772, 1443, 1038304144, 1967, 1021971978, 1963, 1038310628, 1716, 1021974864, 1451, 1038302999, 1460, 1021979336, 1964, 1022008381, 1452, 1022017306, 1461, 1021161234, 1717, 1021157489, 1446, 1021085238, 1702, 1021088899, 1462, 1021090411, 1454, 1021115496]
[INFO] (lattice_cell.c: 455): on tick 33 of 50
[INFO] (lattice_cell.c: 172): the unmatched_packets is 56
[1440, 1038787993, 1456, 1038752539, 1968, 1038752514, 1448, 1038782137, 1696, 1038788056, 1712, 1038752544, 1960, 1038782295, 1952, 1038788119, 1441, 1038341946, 1457, 1038342464, 1449, 1038340503, 1969, 1038334183, 1713, 1038338486, 1697, 1038338032, 1953, 1038333764, 1442, 1037866921, 1714, 1037901388, 1458, 1037901372, 1698, 1037866880, 1970, 1037901425, 1699, 1038314904, 1443, 1038311001, 1963, 1038317309, 1459, 1038309681, 1444, 1021951037, 1717, 1021177177, 1452, 1021997935, 1701, 1021183021, 1718, 1021111465, 1967, 1022002648, 1446, 1021053044, 1959, 1022023410, 1462, 1021108288, 1719, 1021962726, 1956, 1021943111, 1455, 1021994608, 1703, 1022019367, 1974, 1021115066, 1961, 1038332268, 1962, 1037872762, 1954, 1037866822, 1971, 1038317948, 1972, 1021946682, 1715, 1038313647, 1973, 1021173702, 1957, 1021179440, 1716, 1021951019, 1966, 1021084917, 1700, 1021947194, 1450, 1037872851, 1451, 1038309105, 1964, 1021990110, 1958, 1021059819, 1702, 1021056205, 1955, 1038319159, 1975, 1021966898, 1965, 1021140652, 1460, 1021955120, 1445, 1021186139, 1461, 1021180246, 1463, 1021958779, 1453, 1021147592, 1454, 1021078267, 1447, 1022015557]
[INFO] (lattice_cell.c: 455): on tick 34 of 50
[INFO] (lattice_cell.c: 172): the unmatched_packets is 56
[1440, 1038747154, 1456, 1038757632, 1696, 1038747196, 1960, 1038752612, 1712, 1038757603, 1448, 1038752509, 1952, 1038747225, 1968, 1038757566, 1441, 1038336255, 1457, 1038339909, 1969, 1038332096, 1713, 1038336157, 1697, 1038332595, 1953, 1038328580, 1449, 1038337731, 1442, 1037916154, 1458, 1037905557, 1970, 1037905659, 1698, 1037916142, 1714, 1037905610, 1962, 1037910919, 1954, 1037916122, 1459, 1038303918, 1443, 1038305298, 1450, 1037910974, 1699, 1038308944, 1460, 1021989321, 1444, 1022115873, 1716, 1021984827, 1717, 1021137494, 1446, 1021116385, 1702, 1021120100, 1455, 1021990617, 1966, 1021093417, 1959, 1021965866, 1961, 1038330013, 1955, 1038312946, 1451, 1038303346, 1972, 1021979968, 1964, 1022051004, 1452, 1022059833, 1715, 1038307636, 1445, 1021024400, 1461, 1021141202, 1965, 1021070627, 1957, 1021016279, 1453, 1021078803, 1971, 1038311685, 1462, 1021108654, 1963, 1038311049, 1958, 1021124174, 1454, 1021085603, 1447, 1021956832, 1700, 1022111667, 1463, 1021961896, 1956, 1022107109, 1973, 1021133435, 1701, 1021020510, 1974, 1021116433, 1975, 1021971251, 1967, 1021999722, 1718, 1021112369, 1719, 1021966389, 1703, 1021961194]
[INFO] (lattice_cell.c: 455): on tick 35 of 50
[INFO] (lattice_cell.c: 172): the unmatched_packets is 56
[1440, 1038810887, 1456, 1038767650, 1968, 1038767605, 1696, 1038810977, 1712, 1038767634, 1960, 1038791898, 1448, 1038791679, 1952, 1038811063, 1441, 1038345426, 1457, 1038342244, 1969, 1038334022, 1713, 1038338290, 1697, 1038341560, 1961, 1038334721, 1449, 1038342884, 1953, 1038337341, 1442, 1037844429, 1458, 1037887178, 1970, 1037887265, 1698, 1037844355, 1714, 1037887217, 1962, 1037862886, 1450, 1037863048, 1954, 1037844271, 1443, 1038310451, 1459, 1038311280, 1451, 1038308828, 1715, 1038315212, 1971, 1038319472, 1955, 1038318521, 1963, 1038316953, 1444, 1021875084, 1460, 1021941843, 1452, 1021904515, 1716, 1021937691, 1700, 1021871054, 1973, 1021189293, 1462, 1021065426, 1718, 1021068585, 1454, 1021074994, 1703, 1021987981, 1455, 1021997645, 1967, 1022005795, 1959, 1021992199, 1966, 1021081833, 1699, 1038314302, 1964, 1021896406, 1972, 1021933319, 1956, 1021866832, 1957, 1021239761, 1445, 1021246504, 1461, 1021195901, 1965, 1021224137, 1453, 1021231084, 1717, 1021192797, 1701, 1021243348, 1974, 1021072195, 1446, 1021085779, 1702, 1021088896, 1463, 1021995145, 1447, 1021983963, 1719, 1021999256, 1958, 1021092482, 1975, 1022003539]
[INFO] (lattice_cell.c: 455): on tick 36 of 50
[INFO] (lattice_cell.c: 172): the unmatched_packets is 56
[1440, 1038757092, 1456, 1038724181, 1448, 1038746300, 1696, 1038757134, 1712, 1038724167, 1968, 1038724133, 1960, 1038746430, 1952, 1038757158, 1441, 1038334191, 1457, 1038337916, 1449, 1038333843, 1713, 1038334136, 1697, 1038330456, 1969, 1038330027, 1961, 1038326004, 1953, 1038326393, 1442, 1037907329, 1458, 1037937690, 1970, 1037937786, 1450, 1037917294, 1714, 1037937738, 1698, 1037907325, 1962, 1037917227, 1954, 1037907333, 1443, 1038304855, 1459, 1038304552, 1451, 1038301755, 1699, 1038308535, 1971, 1038312417, 1715, 1038308315, 1963, 1038309542, 1955, 1038312588, 1444, 1022150698, 1460, 1022064171, 1452, 1022138571, 1972, 1022055061, 1700, 1022146677, 1716, 1022059792, 1956, 1022142265, 1964, 1022130175, 1445, 1020999723, 1461, 1021075896, 1453, 1021014863, 1446, 1021087805, 1454, 1021125128, 1718, 1021105199, 1958, 1021095323, 1703, 1021990419, 1447, 1021986116, 1463, 1021967802, 1455, 1021957958, 1462, 1021101463, 1973, 1021068164, 1965, 1021006635, 1957, 1020991766, 1974, 1021109252, 1967, 1021966855, 1966, 1021132815, 1975, 1021976761, 1959, 1021995083, 1701, 1020995936, 1717, 1021072192, 1702, 1021091388, 1719, 1021972109]
[INFO] (lattice_cell.c: 455): on tick 37 of 50
[INFO] (lattice_cell.c: 172): the unmatched_packets is 56
[1440, 1038772425, 1456, 1038777632, 1968, 1038777614, 1696, 1038772458, 1712, 1038777636, 1960, 1038802089, 1448, 1038801888, 1952, 1038772488, 1441, 1038344653, 1457, 1038345876, 1969, 1038337757, 1713, 1038341978, 1697, 1038340854, 1961, 1038337137, 1449, 1038345165, 1953, 1038336700, 1442, 1037881411, 1714, 1037876917, 1970, 1037876941, 1458, 1037876891, 1962, 1037853144, 1954, 1037881358, 1443, 1038312487, 1459, 1038308377, 1716, 1021835572, 1460, 1021839935, 1972, 1021830990, 1461, 1021281515, 1957, 1021183664, 1453, 1021252233, 1718, 1021088427, 1702, 1021077571, 1462, 1021085243, 1454, 1021078671, 1447, 1021987750, 1703, 1021991786, 1455, 1021995475, 1966, 1021085519, 1975, 1021994491, 1971, 1038316466, 1963, 1038316328, 1955, 1038320470, 1698, 1037881385, 1956, 1021927339, 1973, 1021274861, 1965, 1021245154, 1967, 1022004024, 1959, 1021996036, 1450, 1037853301, 1451, 1038308313, 1974, 1021092073, 1958, 1021081308, 1444, 1021935633, 1452, 1021873994, 1699, 1038316303, 1715, 1038312250, 1445, 1021190807, 1700, 1021931571, 1446, 1021074302, 1717, 1021278408, 1701, 1021187486, 1463, 1021985681, 1719, 1021989995, 1964, 1021865523]
[INFO] (lattice_cell.c: 455): on tick 38 of 50
[INFO] (lattice_cell.c: 172): the unmatched_packets is 56
[1440, 1038790817, 1456, 1038733268, 1968, 1038733258, 1696, 1038790943, 1960, 1038764798, 1712, 1038733268, 1448, 1038764547, 1952, 1038791048, 1441, 1038336783, 1457, 1038335418, 1713, 1038331569, 1969, 1038327396, 1697, 1038333002, 1449, 1038334970, 1961, 1038326991, 1953, 1038328885, 1442, 1037874097, 1458, 1037929435, 1970, 1037929496, 1962, 1037899746, 1698, 1037874018, 1714, 1037929461, 1450, 1037899910, 1954, 1037873937, 1443, 1038304942, 1459, 1038306421, 1971, 1038314385, 1715, 1038310231, 1963, 1038311882, 1451, 1038303980, 1955, 1038312787, 1444, 1021999509, 1460, 1022113553, 1452, 1022107089, 1964, 1022098831, 1716, 1022109419, 1700, 1021995425, 1956, 1021990927, 1972, 1022104931, 1461, 1021036362, 1453, 1021043988, 1446, 1021087772, 1462, 1021120200, 1702, 1021091323, 1447, 1021983778, 1463, 1021941063, 1703, 1021987883, 1967, 1022004110, 1959, 1021992364, 1974, 1021127902, 1445, 1021139176, 1965, 1021036141, 1973, 1021028678, 1454, 1021077727, 1958, 1021095216, 1455, 1021995524, 1975, 1021949675, 1699, 1038308689, 1966, 1021085281, 1717, 1021032673, 1701, 1021135651, 1718, 1021123892, 1957, 1021131747, 1719, 1021945187]
[INFO] (lattice_cell.c: 455): on tick 39 of 50
[INFO] (lattice_cell.c: 172): the unmatched_packets is 56
[1440, 1038765671, 1456, 1038762452, 1968, 1038762324, 1712, 1038762406, 1696, 1038765720, 1448, 1038750931, 1960, 1038751017, 1952, 1038765770, 1441, 1038343417, 1457, 1038345264, 1969, 1038337287, 1713, 1038341449, 1697, 1038339657, 1449, 1038342866, 1953, 1038335550, 1961, 1038334962, 1442, 1037888717, 1970, 1037892010, 1458, 1037891860, 1714, 1037891931, 1698, 1037888690, 1450, 1037902408, 1954, 1037888646, 1443, 1038310093, 1459, 1038308394, 1451, 1038306957, 1963, 1038314871, 1700, 1022057778, 1452, 1021991976, 1445, 1021069922, 1717, 1021255738, 1461, 1021258998, 1701, 1021066447, 1462, 1021068303, 1447, 1021977047, 1455, 1021989373, 1719, 1022007307, 1703, 1021981347, 1958, 1021102873, 1967, 1021998230, 1959, 1021985867, 1975, 1022012016, 1971, 1038316384, 1955, 1038317941, 1972, 1021856190, 1973, 1021252071, 1965, 1021136737, 1957, 1021062462, 1974, 1021075119, 1966, 1021098719, 1444, 1022061842, 1460, 1021865423, 1964, 1021983634, 1956, 1022053550, 1453, 1021144360, 1962, 1037902381, 1446, 1021095948, 1715, 1038312221, 1699, 1038313836, 1454, 1021091777, 1463, 1022002784, 1716, 1021860892, 1718, 1021071468, 1702, 1021099162]
[INFO] (lattice_cell.c: 455): on tick 40 of 50
[INFO] (lattice_cell.c: 172): the unmatched_packets is 56
[1440, 1038778640, 1456, 1038774364, 1968, 1038774465, 1696, 1038778721, 1712, 1038774417, 1960, 1038795085, 1448, 1038794761, 1952, 1038778786, 1441, 1038336224, 1457, 1038337644, 1969, 1038329500, 1697, 1038332408, 1961, 1038328014, 1449, 1038336065, 1953, 1038328243, 1713, 1038333729, 1442, 1037885664, 1458, 1037889395, 1970, 1037889345, 1698, 1037885616, 1714, 1037889366, 1450, 1037869893, 1962, 1037869640, 1954, 1037885570, 1443, 1038306673, 1459, 1038303453, 1451, 1038303754, 1963, 1038311758, 1700, 1021996995, 1453, 1021183975, 1701, 1021137001, 1462, 1021124086, 1718, 1021127723, 1454, 1021113680, 1719, 1021952239, 1959, 1021979164, 1958, 1021100715, 1967, 1021966157, 1971, 1038311536, 1955, 1038314603, 1972, 1022013286, 1964, 1021952207, 1444, 1022000853, 1460, 1022021998, 1965, 1021176474, 1452, 1021960453, 1715, 1038307321, 1445, 1021140599, 1974, 1021131678, 1461, 1021119444, 1699, 1038310453, 1716, 1022017836, 1975, 1021956590, 1446, 1021093324, 1973, 1021112352, 1957, 1021133061, 1447, 1021970909, 1463, 1021948225, 1956, 1021992744, 1717, 1021116043, 1966, 1021121292, 1455, 1021957998, 1702, 1021096846, 1703, 1021974860]
[INFO] (lattice_cell.c: 455): on tick 41 of 50
[INFO] (lattice_cell.c: 172): the unmatched_packets is 56
[1440, 1038776015, 1456, 1038706219, 1696, 1038776048, 1712, 1038706190, 1960, 1038762466, 1448, 1038762267, 1952, 1038776089, 1968, 1038706139, 1441, 1038344227, 1457, 1038344189, 1449, 1038343195, 1697, 1038340521, 1713, 1038340401, 1953, 1038336467, 1442, 1037878513, 1450, 1037892549, 1458, 1037946654, 1698, 1037878499, 1970, 1037946795, 1714, 1037946721, 1962, 1037892439, 1954, 1037878475, 1699, 1038313275, 1443, 1038309564, 1444, 1021979979, 1446, 1021060812, 1718, 1021014323, 1454, 1021047958, 1463, 1022043291, 1455, 1022023342, 1958, 1021067801, 1959, 1022021050, 1966, 1021054854, 1969, 1038336284, 1961, 1038335346, 1963, 1038317158, 1964, 1022023884, 1956, 1021971147, 1973, 1021126210, 1715, 1038316945, 1974, 1021018087, 1716, 1021991939, 1972, 1021987331, 1700, 1021975646, 1975, 1022052620, 1967, 1022032653, 1717, 1021130170, 1459, 1038313159, 1701, 1021146300, 1451, 1038309352, 1965, 1021095562, 1460, 1021996364, 1957, 1021142384, 1452, 1022032518, 1702, 1021064066, 1445, 1021149767, 1719, 1022047850, 1703, 1022016389, 1461, 1021133667, 1453, 1021103257, 1971, 1038321048, 1955, 1038317328, 1462, 1021011026, 1447, 1022011934]
[INFO] (lattice_cell.c: 455): on tick 42 of 50
[INFO] (lattice_cell.c: 172): the unmatched_packets is 56
[1440, 1038785574, 1456, 1038791201, 1968, 1038791151, 1696, 1038785710, 1712, 1038791184, 1448, 1038787556, 1960, 1038787780, 1952, 1038785842, 1441, 1038336565, 1457, 1038337391, 1713, 1038333442, 1449, 1038335594, 1953, 1038328480, 1442, 1037879129, 1714, 1037872178, 1443, 1038304174, 1954, 1037878905, 1451, 1038299633, 1955, 1038312198, 1972, 1021933361, 1956, 1022038145, 1700, 1022042309, 1461, 1021197924, 1446, 1021120525, 1701, 1021090695, 1463, 1021848679, 1718, 1021236333, 1719, 1021852734, 1702, 1021124023, 1703, 1021958366, 1975, 1021857108, 1974, 1021240098, 1969, 1038329175, 1961, 1038327442, 1970, 1037872209, 1962, 1037876731, 1957, 1021086915, 1965, 1021093628, 1458, 1037872144, 1450, 1037876896, 1966, 1021175332, 1967, 1021929881, 1959, 1021962490, 1459, 1038300635, 1971, 1038308801, 1963, 1038307724, 1697, 1038332697, 1444, 1022046077, 1460, 1021941924, 1452, 1022045854, 1964, 1022038134, 1698, 1037879023, 1973, 1021190967, 1445, 1021094123, 1715, 1038304548, 1453, 1021101221, 1699, 1038308001, 1958, 1021127871, 1462, 1021232861, 1454, 1021168013, 1716, 1021937841, 1447, 1021954551, 1455, 1021921805, 1717, 1021194606]
[INFO] (lattice_cell.c: 455): on tick 43 of 50
[INFO] (lattice_cell.c: 172): the unmatched_packets is 56
[1440, 1038748341, 1456, 1038736068, 1696, 1038748401, 1712, 1038736109, 1448, 1038739782, 1960, 1038740028, 1952, 1038748447, 1968, 1038736122, 1441, 1038343064, 1457, 1038344435, 1969, 1038336613, 1713, 1038340687, 1697, 1038339393, 1449, 1038343410, 1953, 1038335386, 1961, 1038335676, 1970, 1037918593, 1442, 1037905399, 1458, 1037918582, 1450, 1037913711, 1698, 1037905381, 1714, 1037918595, 1962, 1037913579, 1954, 1037905352, 1443, 1038314274, 1459, 1038312151, 1451, 1038311898, 1699, 1038317922, 1715, 1038315910, 1971, 1038319983, 1955, 1038321935, 1444, 1022004868, 1460, 1021958435, 1452, 1021958235, 1700, 1022000610, 1445, 1021128981, 1717, 1021167933, 1956, 1021996155, 1461, 1021171399, 1701, 1021125281, 1453, 1021178122, 1447, 1022027521, 1959, 1022036804, 1975, 1022113957, 1963, 1038319631, 1446, 1021027192, 1462, 1020952408, 1454, 1020967284, 1964, 1021949372, 1455, 1022092807, 1463, 1022104730, 1965, 1021170177, 1957, 1021121091, 1973, 1021164038, 1967, 1022101923, 1716, 1021953775, 1958, 1021034356, 1972, 1021948879, 1966, 1020974646, 1974, 1020959791, 1718, 1020955847, 1702, 1021030525, 1719, 1022109236, 1703, 1022032036]
[INFO] (lattice_cell.c: 455): on tick 44 of 50
[INFO] (lattice_cell.c: 172): the unmatched_packets is 56
[1440, 1038813406, 1456, 1038762087, 1448, 1038808128, 1712, 1038762100, 1696, 1038813483, 1960, 1038808390, 1952, 1038813543, 1441, 1038337120, 1457, 1038337652, 1449, 1038336385, 1713, 1038333655, 1953, 1038328979, 1458, 1037900687, 1714, 1037900707, 1698, 1037851745, 1962, 1037856595, 1443, 1038301182, 1444, 1022010117, 1964, 1022011416, 1445, 1021127636, 1965, 1021116113, 1461, 1021123711, 1453, 1021123257, 1717, 1021120417, 1701, 1021124314, 1958, 1021207018, 1462, 1021188050, 1975, 1021894677, 1971, 1038311140, 1956, 1022002244, 1703, 1021888844, 1967, 1021866760, 1959, 1021893029, 1961, 1038328156, 1970, 1037900725, 1954, 1037851685, 1963, 1038308386, 1972, 1022008416, 1968, 1038762093, 1697, 1038333227, 1442, 1037851808, 1955, 1038309273, 1969, 1038329335, 1450, 1037856807, 1459, 1038302937, 1973, 1021116800, 1451, 1038300236, 1957, 1021120638, 1715, 1038306863, 1966, 1021234320, 1460, 1022016563, 1699, 1038305042, 1974, 1021195020, 1452, 1022019219, 1716, 1022012667, 1700, 1022006352, 1446, 1021200081, 1447, 1021884972, 1463, 1021886132, 1455, 1021858463, 1454, 1021227410, 1718, 1021191386, 1702, 1021203378, 1719, 1021890269]
[INFO] (lattice_cell.c: 455): on tick 45 of 50
[INFO] (lattice_cell.c: 172): the unmatched_packets is 56
[1440, 1038747860, 1456, 1038749872, 1968, 1038749785, 1960, 1038749530, 1448, 1038749233, 1952, 1038748103, 1696, 1038747978, 1712, 1038749848, 1441, 1038345310, 1457, 1038343338, 1969, 1038335598, 1961, 1038334769, 1449, 1038342462, 1697, 1038341677, 1953, 1038337703, 1713, 1038339634, 1442, 1037906461, 1458, 1037904464, 1450, 1037905340, 1443, 1038313048, 1459, 1038311088, 1971, 1038318892, 1444, 1021996966, 1460, 1021969409, 1453, 1021115789, 1965, 1021107567, 1718, 1021067947, 1455, 1022085739, 1956, 1021987984, 1703, 1022122200, 1964, 1022015037, 1973, 1021155604, 1958, 1020949124, 1972, 1021959863, 1970, 1037904619, 1962, 1037905160, 1954, 1037906294, 1963, 1038317489, 1955, 1038320661, 1957, 1021122247, 1966, 1020991573, 1975, 1022006436, 1959, 1022126871, 1451, 1038309786, 1452, 1022023841, 1974, 1021071867, 1967, 1022094794, 1714, 1037904548, 1445, 1021130137, 1461, 1021163279, 1698, 1037906391, 1446, 1020941553, 1462, 1021064498, 1715, 1038314836, 1454, 1020984021, 1463, 1021997035, 1447, 1022117811, 1699, 1038316685, 1716, 1021964731, 1700, 1021992595, 1717, 1021159644, 1701, 1021126419, 1719, 1022001607, 1702, 1020945080]
[INFO] (lattice_cell.c: 455): on tick 46 of 50
[INFO] (lattice_cell.c: 172): the unmatched_packets is 56
[1440, 1038792809, 1456, 1038744730, 1968, 1038744796, 1448, 1038772343, 1696, 1038792883, 1712, 1038744770, 1960, 1038772601, 1952, 1038792951, 1457, 1038338727, 1441, 1038337318, 1969, 1038330370, 1449, 1038335126, 1697, 1038333393, 1713, 1038334718, 1961, 1038326855, 1953, 1038329107, 1442, 1037871512, 1458, 1037917650, 1450, 1037891271, 1698, 1037871457, 1459, 1038302953, 1715, 1038306907, 1444, 1022036428, 1461, 1021189352, 1700, 1022032797, 1453, 1021148582, 1446, 1021204133, 1717, 1021186221, 1463, 1022011878, 1455, 1021939287, 1964, 1021993474, 1719, 1022015845, 1703, 1021874987, 1974, 1021068688, 1959, 1021879281, 1957, 1021093418, 1970, 1037917608, 1962, 1037891073, 1954, 1037871402, 1971, 1038311218, 1972, 1021939629, 1956, 1022028807, 1963, 1038309707, 1443, 1038303857, 1451, 1038301553, 1965, 1021141353, 1460, 1021947942, 1452, 1022000978, 1714, 1037917629, 1445, 1021100361, 1975, 1022020072, 1967, 1021947505, 1955, 1038311969, 1462, 1021061614, 1699, 1038307724, 1447, 1021870981, 1716, 1021943950, 1973, 1021182770, 1966, 1021148041, 1958, 1021210729, 1454, 1021141183, 1701, 1021097079, 1718, 1021064998, 1702, 1021207251]
[INFO] (lattice_cell.c: 455): on tick 47 of 50
[INFO] (lattice_cell.c: 172): the unmatched_packets is 56
[1440, 1038765000, 1456, 1038760115, 1968, 1038760196, 1696, 1038765104, 1712, 1038760164, 1960, 1038789092, 1448, 1038788833, 1952, 1038765194, 1441, 1038342105, 1457, 1038344789, 1969, 1038337053, 1697, 1038338499, 1713, 1038341077, 1961, 1038334289, 1449, 1038341934, 1953, 1038334537, 1442, 1037889513, 1458, 1037894647, 1698, 1037889470, 1714, 1037894646, 1962, 1037866416, 1954, 1037889400, 1450, 1037866568, 1443, 1038311677, 1459, 1038311214, 1699, 1038315315, 1451, 1038309356, 1955, 1038319294, 1716, 1021975927, 1445, 1021126749, 1717, 1021141407, 1956, 1022002724, 1446, 1021030572, 1462, 1021139708, 1718, 1021143243, 1719, 1021924659, 1975, 1021929597, 1959, 1022042917, 1958, 1021038250, 1963, 1038317028, 1972, 1021971010, 1964, 1021992482, 1970, 1037894648, 1974, 1021147237, 1971, 1038318951, 1967, 1021973226, 1715, 1038314924, 1973, 1021137312, 1957, 1021118664, 1444, 1022011684, 1460, 1021980572, 1700, 1022007336, 1452, 1022001562, 1701, 1021122939, 1461, 1021145119, 1965, 1021130450, 1453, 1021138655, 1966, 1021113304, 1702, 1021034168, 1454, 1021105821, 1447, 1022033924, 1463, 1021920023, 1703, 1022038253, 1455, 1021963883]
[INFO] (lattice_cell.c: 455): on tick 48 of 50
[INFO] (lattice_cell.c: 172): the unmatched_packets is 56
[1440, 1038773055, 1456, 1038759503, 1968, 1038759417, 1696, 1038773164, 1712, 1038759475, 1960, 1038763554, 1952, 1038773264, 1448, 1038763251, 1441, 1038340137, 1457, 1038338657, 1713, 1038334624, 1969, 1038330264, 1697, 1038336227, 1449, 1038337998, 1961, 1038329705, 1442, 1037890963, 1458, 1037903609, 1698, 1037890885, 1714, 1037903657, 1962, 1037900492, 1451, 1038301220, 1963, 1038309428, 1460, 1021994651, 1452, 1022016777, 1955, 1038311920, 1716, 1021990732, 1717, 1021139031, 1446, 1021084574, 1454, 1021036859, 1447, 1021989579, 1455, 1022046739, 1718, 1021097125, 1702, 1021087740, 1957, 1021137240, 1703, 1021993492, 1975, 1021990413, 1964, 1022009197, 1973, 1021135551, 1966, 1021043587, 1959, 1021997667, 1970, 1037903722, 1954, 1037890792, 1953, 1038331949, 1971, 1038311071, 1972, 1021986520, 1956, 1021975708, 1965, 1021115716, 1450, 1037900732, 1974, 1021100521, 1699, 1038307670, 1958, 1021091267, 1715, 1038306752, 1443, 1038303808, 1967, 1022054835, 1459, 1038302779, 1700, 1021979682, 1444, 1021983379, 1461, 1021142168, 1445, 1021144152, 1701, 1021140901, 1453, 1021122729, 1462, 1021094030, 1463, 1021981829, 1719, 1021985983]
[INFO] (lattice_cell.c: 455): on tick 49 of 50
[INFO] (lattice_cell.c: 172): the unmatched_packets is 56
[1440, 1038791950, 1456, 1038741529, 1968, 1038741587, 1960, 1038758954, 1696, 1038792076, 1712, 1038741557, 1952, 1038792195, 1457, 1038342634, 1441, 1038341574, 1969, 1038334911, 1961, 1038332249, 1713, 1038338924, 1697, 1038337935, 1448, 1038758548, 1714, 1037912663, 1698, 1037863343, 1715, 1038314358, 1450, 1037895496, 1443, 1038312074, 1444, 1022025830, 1700, 1022021502, 1445, 1021113649, 1973, 1021167508, 1717, 1021171591, 1453, 1021133455, 1462, 1021054586, 1718, 1021058340, 1702, 1021131743, 1719, 1022011569, 1972, 1021951800, 1703, 1021938252, 1957, 1021105616, 1966, 1021119768, 1958, 1021135779, 1975, 1022016302, 1959, 1021943040, 1970, 1037912653, 1962, 1037895201, 1954, 1037863251, 1971, 1038318393, 1964, 1022006471, 1956, 1022016897, 1963, 1038317646, 1965, 1021125017, 1974, 1021062555, 1967, 1021963706, 1955, 1038319648, 1953, 1038333962, 1449, 1038339917, 1699, 1038315688, 1442, 1037863426, 1458, 1037912662, 1716, 1021956749, 1459, 1038310649, 1451, 1038310009, 1701, 1021109846, 1460, 1021961432, 1452, 1022015203, 1461, 1021175328, 1446, 1021128179, 1454, 1021111898, 1447, 1021933799, 1463, 1022007148, 1455, 1021954610]
[INFO] (lattice_cell.c: 455): on tick 50 of 50
[INFO] (lattice_cell.c: 466): updating recording regions
[INFO] (recording.c: 507): 	Finalising channel 0 - state info stored in SDRAM
[INFO] (recording.c: 512): closed channel 0.
[INFO] (lattice_cell.c: 470): Simulation complete.

