[INFO] (lattice_cell.c: 604): starting lattice cell
[INFO] (lattice_cell.c: 526): Initialise: started
[INFO] (data_specification.c: 78): magic = ad130ad6, version = 1.0
[INFO] (lattice_cell.c: 555): my key is 648
[INFO] (lattice_cell.c: 562): I'm in position ( 2, 17)
[INFO] (lattice_cell.c: 568): my n key is 392
[INFO] (lattice_cell.c: 574): my U_X = 0.009999959729611874
[INFO] (lattice_cell.c: 575): my U_Y = 0.0004619397805072367
[INFO] (lattice_cell.c: 583): input_buffer initialised
[INFO] (recording.c: 563): Recording 1 regions, using output tag 0, size before trigger 7686388, time between triggers 50
[INFO] (recording.c: 665): Recording channel 0 configured to use 7686132 byte memory block starting at 0x618416e8
[INFO] (lattice_cell.c: 588): Recording flags = 0x00000001
[INFO] (lattice_cell.c: 619): setting timer to execute every 200000 microseconds
[INFO] (lattice_cell.c: 627): Starting

[INFO] (simulation.c: 159): Setting the runtime of this model to 50 starting at 0
[INFO] (simulation.c: 161): Setting the flag of infinite run for this model to 0
[INFO] (simulation.c: 175): Resuming
[INFO] (lattice_cell.c: 455): on tick 0 of 50
[640, 1038779580, 384, 1038779578, 400, 1038779567, 896, 1038779582, 656, 1038779567, 392, 1038779577, 904, 1038779581, 912, 1038779569, 641, 1038339473, 385, 1038340748, 401, 1038340748, 897, 1038337402, 657, 1038339471, 393, 1038340748, 905, 1038337402, 642, 1037884796, 658, 1037884805, 386, 1037884796, 643, 1038298139, 402, 1037884805, 394, 1037884797, 906, 1037884799, 395, 1038296868, 661, 1021127045, 388, 1022025651, 396, 1022025651, 397, 1021128236, 406, 1021086998, 644, 1022024298, 399, 1021979140, 407, 1021979128, 660, 1022024285, 645, 1021127036, 646, 1021088180, 662, 1021088189, 387, 1038296868, 403, 1038296868, 663, 1021980473, 404, 1022025640, 389, 1021128237, 659, 1038298137, 405, 1021128246, 390, 1021086987, 398, 1021086987, 647, 1021980486, 391, 1021979139, 913, 1038337400, 898, 1037884798, 914, 1037884807, 915, 1038300200, 907, 1038300202, 899, 1038300202, 916, 1022022091, 908, 1022022103, 900, 1022022103, 917, 1021125100, 909, 1021125090, 901, 1021125090, 918, 1021090129, 910, 1021090121, 902, 1021090121, 911, 1021982674, 919, 1021982662, 903, 1021982674]
[INFO] (lattice_cell.c: 455): on tick 1 of 50
[INFO] (lattice_cell.c: 172): the unmatched_packets is 56
[640, 1038774642, 384, 1038774644, 656, 1038774611, 400, 1038774619, 392, 1038774641, 912, 1038774609, 896, 1038774640, 904, 1038774635, 641, 1038347699, 385, 1038348926, 657, 1038347697, 401, 1038348928, 393, 1038348928, 913, 1038345684, 897, 1038345686, 905, 1038345688, 642, 1037879856, 386, 1037879858, 658, 1037879881, 914, 1037879879, 402, 1037879889, 394, 1037879863, 898, 1037879852, 643, 1038306760, 659, 1038306756, 387, 1038305539, 403, 1038305537, 395, 1038305539, 644, 1022016538, 661, 1021125094, 388, 1022018661, 646, 1021080231, 662, 1021080193, 404, 1022018621, 908, 1022013684, 389, 1021125540, 663, 1021978339, 390, 1021079750, 660, 1022016498, 645, 1021125058, 917, 1021123751, 918, 1021081534, 647, 1021978305, 396, 1022018657, 919, 1021981182, 405, 1021125578, 397, 1021125547, 406, 1021079723, 398, 1021079749, 391, 1021976196, 407, 1021976234, 399, 1021976202, 906, 1037879855, 915, 1038308763, 899, 1038308767, 907, 1038308767, 900, 1022013688, 916, 1022013644, 901, 1021123713, 909, 1021123722, 902, 1021081568, 910, 1021081563, 911, 1021981156, 903, 1021981150]
[INFO] (lattice_cell.c: 455): on tick 2 of 50
[INFO] (lattice_cell.c: 172): the unmatched_packets is 56
[640, 1038780024, 384, 1038780020, 656, 1038780087, 400, 1038780081, 392, 1038780025, 896, 1038780026, 912, 1038780083, 904, 1038780025, 641, 1038340187, 385, 1038341476, 657, 1038340191, 401, 1038341480, 393, 1038341476, 642, 1037885228, 658, 1037885171, 386, 1037885230, 644, 1022024237, 387, 1038297054, 914, 1037885175, 661, 1021127081, 395, 1038297052, 389, 1021128222, 908, 1022022130, 399, 1021980111, 660, 1022024283, 910, 1021090804, 402, 1037885171, 394, 1037885221, 646, 1021088959, 903, 1021983539, 662, 1021089130, 403, 1038297058, 647, 1021981426, 388, 1022025516, 396, 1022025535, 404, 1022025571, 405, 1021128186, 663, 1021981232, 643, 1038298338, 390, 1021087871, 398, 1021087895, 406, 1021088034, 659, 1038298346, 391, 1021980139, 645, 1021127122, 407, 1021979932, 897, 1038338094, 913, 1038338092, 397, 1021128216, 905, 1038338092, 898, 1037885232, 906, 1037885223, 899, 1038300431, 915, 1038300435, 907, 1038300429, 900, 1022022127, 916, 1022022158, 901, 1021125299, 917, 1021125258, 909, 1021125287, 902, 1021090791, 918, 1021090962, 911, 1021983505, 919, 1021983331]
[INFO] (lattice_cell.c: 455): on tick 3 of 50
[INFO] (lattice_cell.c: 172): the unmatched_packets is 56
[640, 1038774688, 384, 1038774686, 656, 1038774305, 400, 1038774303, 392, 1038774641, 912, 1038774303, 896, 1038774684, 904, 1038774639, 641, 1038347559, 385, 1038348740, 657, 1038347567, 401, 1038348742, 897, 1038345598, 393, 1038348738, 913, 1038345602, 905, 1038345596, 642, 1037879930, 386, 1037879930, 658, 1037880297, 898, 1037879924, 402, 1037880293, 394, 1037879971, 914, 1037880287, 643, 1038306979, 387, 1038305803, 395, 1038305793, 661, 1021125761, 404, 1022019036, 907, 1038308928, 396, 1022019317, 662, 1021079153, 647, 1021977739, 663, 1021978716, 405, 1021126319, 659, 1038306937, 644, 1022017265, 407, 1021976593, 660, 1022016906, 645, 1021125417, 646, 1021079980, 403, 1038305762, 388, 1022019390, 389, 1021125981, 397, 1021126039, 406, 1021078591, 398, 1021079294, 390, 1021079409, 391, 1021975631, 399, 1021975757, 906, 1037879965, 915, 1038308892, 899, 1038308932, 916, 1022014017, 900, 1022014377, 908, 1022014307, 917, 1021124311, 901, 1021123977, 909, 1021124035, 918, 1021080590, 902, 1021081407, 910, 1021081288, 911, 1021980748, 919, 1021981595, 903, 1021980619]
[INFO] (lattice_cell.c: 455): on tick 4 of 50
[INFO] (lattice_cell.c: 172): the unmatched_packets is 56
[640, 1038780106, 656, 1038781837, 912, 1038781835, 896, 1038780102, 904, 1038780317, 384, 1038780102, 400, 1038781833, 392, 1038780311, 641, 1038340438, 897, 1038338322, 385, 1038341739, 657, 1038340422, 401, 1038341719, 905, 1038338322, 642, 1037885140, 913, 1038338306, 393, 1038341733, 643, 1038298134, 660, 1022025123, 403, 1038297063, 645, 1021127004, 906, 1037884951, 646, 1021089172, 662, 1021093036, 404, 1022026373, 899, 1038300245, 915, 1038300466, 647, 1021981944, 405, 1021126502, 663, 1021977133, 389, 1021127975, 406, 1021092075, 659, 1038298357, 644, 1022023552, 658, 1037883469, 386, 1037885146, 402, 1037883467, 661, 1021125530, 387, 1038296840, 919, 1021979213, 395, 1038296871, 388, 1022024823, 396, 1022025124, 397, 1021127711, 390, 1021088215, 398, 1021088766, 407, 1021975866, 399, 1021979993, 391, 1021980667, 394, 1037884949, 898, 1037885144, 914, 1037883469, 907, 1038300277, 900, 1022021484, 908, 1022021778, 916, 1022023042, 901, 1021125310, 909, 1021125052, 917, 1021123831, 910, 1021091420, 902, 1021090864, 918, 1021094731, 911, 1021983332, 903, 1021984017]
[INFO] (lattice_cell.c: 455): on tick 5 of 50
[INFO] (lattice_cell.c: 172): the unmatched_packets is 56
[640, 1038774272, 384, 1038774280, 656, 1038766669, 896, 1038774278, 400, 1038766661, 392, 1038773286, 912, 1038766667, 904, 1038773284, 641, 1038347367, 385, 1038348510, 657, 1038347511, 401, 1038348652, 897, 1038345453, 393, 1038348556, 913, 1038345594, 642, 1037880338, 386, 1037880336, 658, 1037887664, 914, 1037887658, 402, 1037887664, 898, 1037880330, 394, 1037881282, 905, 1038345504, 643, 1038307077, 906, 1037881280, 387, 1038305932, 659, 1038306029, 403, 1038304888, 395, 1038305742, 899, 1038308982, 644, 1022018376, 645, 1021125275, 388, 1022020469, 404, 1022013647, 662, 1021062461, 389, 1021125954, 663, 1021998741, 397, 1021127260, 390, 1021078937, 406, 1021061792, 398, 1021076375, 660, 1022011548, 407, 1021996683, 661, 1021131789, 918, 1021063980, 396, 1022019013, 646, 1021079609, 405, 1021132471, 647, 1021977445, 919, 1022001590, 391, 1021975368, 399, 1021978689, 915, 1038307946, 907, 1038308790, 900, 1022015499, 916, 1022008683, 908, 1022014043, 901, 1021123726, 917, 1021130243, 909, 1021125031, 902, 1021081155, 910, 1021078579, 903, 1021980312, 911, 1021983644]
[INFO] (lattice_cell.c: 455): on tick 6 of 50
[INFO] (lattice_cell.c: 172): the unmatched_packets is 56
[640, 1038782102, 384, 1038782098, 656, 1038804426, 400, 1038804420, 392, 1038786294, 912, 1038804420, 896, 1038782104, 904, 1038786294, 641, 1038340834, 385, 1038342135, 657, 1038340396, 401, 1038341699, 393, 1038341899, 913, 1038338268, 897, 1038338709, 905, 1038338472, 642, 1037883206, 386, 1037883210, 658, 1037861630, 402, 1037861630, 394, 1037879168, 914, 1037861626, 898, 1037883206, 906, 1037879162, 643, 1038298169, 387, 1038296871, 659, 1038299021, 403, 1038297752, 395, 1038297682, 644, 1022020907, 915, 1038301114, 907, 1038301087, 645, 1021128198, 388, 1022022197, 646, 1021090312, 900, 1022018822, 396, 1022028731, 647, 1021980568, 405, 1021110891, 663, 1021915510, 397, 1021123370, 916, 1022038377, 660, 1022040451, 398, 1021100963, 407, 1021914155, 391, 1021979252, 661, 1021110076, 902, 1021091859, 910, 1021103343, 404, 1022041729, 389, 1021129023, 662, 1021151523, 390, 1021089501, 903, 1021982621, 406, 1021150649, 399, 1021964486, 899, 1038300283, 908, 1022025379, 901, 1021126655, 909, 1021120989, 917, 1021108522, 918, 1021153114, 911, 1021967891, 919, 1021917641]
[INFO] (lattice_cell.c: 455): on tick 7 of 50
[INFO] (lattice_cell.c: 172): the unmatched_packets is 56
[640, 1038765401, 384, 1038765399, 656, 1038732309, 400, 1038732303, 896, 1038765399, 392, 1038754259, 912, 1038732311, 904, 1038754267, 641, 1038346353, 385, 1038347463, 657, 1038347874, 401, 1038348988, 393, 1038348442, 897, 1038344470, 913, 1038346004, 642, 1037888904, 386, 1037888904, 658, 1037920970, 914, 1037920966, 402, 1037920962, 898, 1037888904, 394, 1037899652, 906, 1037899646, 905, 1038345458, 643, 1038306242, 387, 1038305136, 659, 1038307818, 403, 1038306639, 395, 1038305072, 644, 1022028258, 907, 1038308107, 660, 1021996476, 388, 1022030254, 396, 1022008645, 900, 1022025444, 916, 1021993648, 389, 1021120637, 397, 1021138802, 398, 1021030418, 645, 1021119857, 661, 1021147688, 399, 1022027251, 647, 1021985952, 404, 1021998479, 663, 1022111114, 405, 1021148481, 406, 1020942515, 391, 1021983958, 646, 1021074225, 662, 1020943161, 407, 1022109245, 899, 1038308128, 915, 1038309757, 908, 1022003816, 390, 1021073441, 917, 1021146015, 901, 1021118190, 909, 1021136335, 918, 1020944708, 902, 1021075867, 910, 1021032766, 919, 1022113815, 911, 1022031953, 903, 1021988749]
[INFO] (lattice_cell.c: 455): on tick 8 of 50
[INFO] (lattice_cell.c: 172): the unmatched_packets is 56
[640, 1038811302, 384, 1038811302, 656, 1038817162, 400, 1038817152, 392, 1038821765, 912, 1038817170, 896, 1038811302, 904, 1038821763, 641, 1038341553, 385, 1038342821, 657, 1038340564, 401, 1038341859, 393, 1038342597, 642, 1037855016, 386, 1037855022, 402, 1037848727, 905, 1038339174, 644, 1021991663, 387, 1038297290, 660, 1022029271, 898, 1037855018, 906, 1037844792, 396, 1022035504, 405, 1021119894, 900, 1021989485, 658, 1037848715, 643, 1038298559, 391, 1021950930, 901, 1021152760, 917, 1021117824, 659, 1038298725, 645, 1021154208, 394, 1037844788, 661, 1021119224, 919, 1021813453, 646, 1021116426, 403, 1038297532, 395, 1038295729, 388, 1021993074, 404, 1022030621, 647, 1021952355, 389, 1021154926, 397, 1021112647, 663, 1021811174, 390, 1021115713, 406, 1021254436, 398, 1021204133, 399, 1021868400, 407, 1021809643, 662, 1021255295, 913, 1038338449, 897, 1038339451, 914, 1037848704, 899, 1038300655, 907, 1038299007, 915, 1038300754, 908, 1022031999, 916, 1022027171, 909, 1021110556, 902, 1021117862, 910, 1021206423, 918, 1021256906, 911, 1021872146, 903, 1021954544]
[INFO] (lattice_cell.c: 455): on tick 9 of 50
[INFO] (lattice_cell.c: 172): the unmatched_packets is 56
[640, 1038707604, 384, 1038707608, 656, 1038765745, 400, 1038765747, 392, 1038721668, 912, 1038765741, 896, 1038707606, 904, 1038721662, 641, 1038348431, 385, 1038349572, 657, 1038346655, 401, 1038347753, 393, 1038348125, 897, 1038346517, 913, 1038344790, 905, 1038345141, 642, 1037944861, 386, 1037944859, 658, 1037889195, 402, 1037889186, 898, 1037944855, 394, 1037931511, 906, 1037931519, 643, 1038308567, 387, 1038307422, 659, 1038306766, 403, 1038305575, 395, 1038305128, 644, 1022096595, 660, 1022036032, 899, 1038310468, 645, 1021045136, 661, 1021113466, 388, 1022098340, 404, 1022037946, 389, 1021045937, 647, 1022053178, 405, 1021114383, 407, 1022080441, 399, 1022134360, 646, 1020998972, 662, 1020976149, 663, 1022082163, 396, 1022040690, 397, 1021110623, 390, 1020998175, 911, 1022138601, 406, 1020975468, 398, 1020924089, 391, 1022051434, 914, 1037889209, 907, 1038308248, 915, 1038308719, 900, 1022093999, 916, 1022033310, 908, 1022036157, 917, 1021111692, 901, 1021043442, 909, 1021108022, 918, 1020977696, 902, 1021000638, 910, 1020926385, 919, 1022084742, 903, 1022055754]
[INFO] (lattice_cell.c: 455): on tick 10 of 50
[INFO] (lattice_cell.c: 172): the unmatched_packets is 56
[640, 1038864162, 384, 1038864150, 656, 1038777808, 400, 1038777806, 392, 1038824185, 896, 1038864158, 912, 1038777810, 904, 1038824219, 641, 1038341548, 385, 1038342739, 657, 1038342109, 401, 1038343361, 393, 1038340949, 897, 1038339520, 913, 1038340021, 905, 1038337670, 642, 1037803264, 386, 1037803266, 658, 1037886927, 402, 1037886943, 394, 1037841760, 898, 1037803260, 914, 1037886917, 906, 1037841726, 643, 1038298213, 387, 1038297022, 659, 1038297437, 403, 1038296249, 395, 1038296778, 644, 1021878658, 915, 1038299458, 907, 1038299964, 388, 1021880309, 646, 1021226738, 647, 1021840562, 397, 1021216313, 660, 1021992099, 406, 1021084342, 917, 1021153458, 645, 1021264431, 661, 1021154756, 662, 1021085053, 404, 1021993599, 396, 1021937856, 405, 1021155300, 663, 1021986476, 390, 1021226046, 903, 1021842935, 398, 1021199709, 391, 1021838895, 399, 1021866638, 407, 1021984838, 899, 1038300224, 916, 1021989857, 900, 1021876259, 908, 1021933960, 389, 1021265133, 901, 1021263012, 909, 1021214339, 918, 1021086514, 902, 1021228144, 910, 1021201931, 911, 1021870681, 919, 1021988819]
[INFO] (lattice_cell.c: 455): on tick 11 of 50
[INFO] (lattice_cell.c: 172): the unmatched_packets is 56
[640, 1038726460, 384, 1038726466, 656, 1038751110, 400, 1038751103, 392, 1038743487, 896, 1038726468, 912, 1038751120, 904, 1038743497, 641, 1038346583, 385, 1038347764, 657, 1038348519, 401, 1038349656, 393, 1038347278, 913, 1038346627, 897, 1038344643, 642, 1037927758, 386, 1037927760, 658, 1037902285, 402, 1037902283, 394, 1037910673, 643, 1038306802, 659, 1038308034, 660, 1022079597, 914, 1037902291, 387, 1038305623, 645, 1020979900, 661, 1021061221, 395, 1038306259, 646, 1020934694, 396, 1022176903, 647, 1022126381, 663, 1021928512, 405, 1021062156, 397, 1020976286, 917, 1021059401, 406, 1021122299, 407, 1021926958, 918, 1021124864, 403, 1038306883, 911, 1021988161, 404, 1022081230, 389, 1020980724, 644, 1022171580, 662, 1021123144, 390, 1020933894, 398, 1021070612, 391, 1022124825, 399, 1021984139, 905, 1038344182, 898, 1037927752, 906, 1037910699, 915, 1038309949, 388, 1022173125, 899, 1038308749, 907, 1038309344, 916, 1022077118, 900, 1022169162, 908, 1022172926, 901, 1020978213, 909, 1020973654, 902, 1020936362, 910, 1021073082, 919, 1021930938, 903, 1022128806]
[INFO] (lattice_cell.c: 455): on tick 12 of 50
[INFO] (lattice_cell.c: 172): the unmatched_packets is 56
[640, 1038769819, 384, 1038769815, 656, 1038827049, 400, 1038827052, 912, 1038827050, 896, 1038769823, 392, 1038804368, 904, 1038804356, 641, 1038341596, 385, 1038342751, 913, 1038340095, 657, 1038342103, 401, 1038343285, 897, 1038339598, 393, 1038343547, 905, 1038340412, 642, 1037893954, 386, 1037893958, 914, 1037839551, 658, 1037839561, 898, 1037893950, 402, 1037839579, 394, 1037861195, 643, 1038298288, 659, 1038297318, 387, 1038297130, 660, 1021890741, 388, 1021953802, 661, 1021254542, 907, 1038298388, 397, 1021280611, 647, 1021915086, 398, 1021051069, 644, 1021952065, 901, 1021191648, 399, 1022021186, 645, 1021192970, 403, 1038296145, 395, 1038295194, 646, 1021153726, 662, 1021073739, 404, 1021892507, 396, 1021865952, 903, 1021917523, 405, 1021255060, 390, 1021153139, 406, 1021073205, 407, 1021995009, 391, 1021913326, 663, 1021996810, 906, 1037861193, 915, 1038299337, 899, 1038300275, 389, 1021193563, 916, 1021888240, 900, 1021949594, 908, 1021861656, 917, 1021253282, 909, 1021278708, 918, 1021075013, 902, 1021155059, 910, 1021052890, 919, 1021999313, 911, 1022025404]
[INFO] (lattice_cell.c: 455): on tick 13 of 50
[INFO] (lattice_cell.c: 172): the unmatched_packets is 56
[640, 1038797142, 384, 1038797138, 656, 1038740137, 400, 1038740121, 392, 1038764816, 896, 1038797142, 912, 1038740152, 904, 1038764854, 641, 1038347804, 385, 1038348951, 657, 1038346741, 401, 1038347908, 393, 1038347847, 897, 1038345887, 913, 1038344797, 905, 1038344756, 642, 1037858074, 386, 1037858078, 658, 1037913892, 402, 1037913884, 394, 1037889667, 898, 1037858076, 914, 1037913896, 906, 1037889645, 643, 1038307648, 387, 1038306501, 659, 1038307340, 403, 1038306202, 395, 1038305652, 915, 1038309247, 907, 1038308698, 899, 1038309559, 644, 1021993313, 388, 1021994738, 660, 1022190391, 404, 1022191784, 396, 1022105638, 645, 1021148888, 646, 1021104251, 389, 1021149851, 405, 1020962857, 647, 1021948498, 390, 1021103282, 917, 1020960108, 398, 1021079686, 407, 1021979506, 399, 1021975006, 662, 1021073515, 902, 1021106064, 663, 1021980931, 661, 1020961919, 397, 1021046666, 406, 1021072558, 391, 1021947043, 911, 1021978666, 919, 1021983187, 900, 1021991011, 916, 1022188157, 908, 1022101922, 901, 1021147060, 909, 1021043963, 918, 1021075334, 910, 1021082503, 903, 1021950805]
[INFO] (lattice_cell.c: 455): on tick 14 of 50
[INFO] (lattice_cell.c: 172): the unmatched_packets is 56
[640, 1038788021, 384, 1038788005, 656, 1038784767, 400, 1038784769, 392, 1038770040, 896, 1038788011, 912, 1038784753, 641, 1038340964, 385, 1038342131, 904, 1038770058, 401, 1038343660, 386, 1037878127, 905, 1038338317, 394, 1037894373, 914, 1037879534, 898, 1037878115, 395, 1038296663, 662, 1021084396, 389, 1021098478, 663, 1021985394, 397, 1021123268, 657, 1038342519, 390, 1021058678, 658, 1037879528, 407, 1021983535, 391, 1022011026, 643, 1038298050, 659, 1038297474, 644, 1022051499, 902, 1021060185, 393, 1038341465, 645, 1021098103, 402, 1037879524, 661, 1021236227, 903, 1022015485, 646, 1021059051, 387, 1038296879, 403, 1038296305, 388, 1022053354, 396, 1022030208, 404, 1021910731, 647, 1022012869, 642, 1037878117, 405, 1021236673, 398, 1021113608, 660, 1021908849, 406, 1021083996, 399, 1021956413, 897, 1038338966, 913, 1038340545, 906, 1037894371, 915, 1038299458, 899, 1038300021, 907, 1038299812, 916, 1021906246, 900, 1022048898, 908, 1022025818, 917, 1021234988, 901, 1021096937, 909, 1021121646, 918, 1021085547, 910, 1021115153, 911, 1021960890, 919, 1021987989]
[INFO] (lattice_cell.c: 455): on tick 15 of 50
[INFO] (lattice_cell.c: 172): the unmatched_packets is 56
[384, 1038759969, 640, 1038759971, 656, 1038783400, 400, 1038783388, 392, 1038782343, 896, 1038759979, 912, 1038783420, 904, 1038782343, 385, 1038348981, 641, 1038347856, 657, 1038348456, 401, 1038349595, 393, 1038348906, 913, 1038346541, 897, 1038345956, 905, 1038345879, 386, 1037893971, 642, 1037893969, 658, 1037871434, 402, 1037871438, 394, 1037872348, 898, 1037893951, 643, 1038307202, 659, 1038306612, 387, 1038306078, 914, 1037871416, 644, 1022037904, 660, 1022027876, 661, 1021116614, 388, 1022039207, 915, 1038308513, 389, 1021107454, 908, 1021986333, 398, 1021084436, 917, 1021114749, 399, 1021969346, 645, 1021106379, 403, 1038305477, 918, 1021082591, 395, 1038305090, 646, 1021062024, 902, 1021063941, 662, 1021080670, 919, 1021975326, 404, 1022029189, 396, 1021989799, 405, 1021117661, 397, 1021157639, 390, 1021060953, 406, 1021079596, 391, 1021992757, 647, 1021994064, 663, 1021973164, 407, 1021971872, 906, 1037872356, 899, 1038309101, 907, 1038308123, 916, 1022025688, 900, 1022035776, 901, 1021104465, 909, 1021154638, 910, 1021087386, 911, 1021972822, 903, 1021996199]
[INFO] (lattice_cell.c: 455): on tick 16 of 50
[INFO] (lattice_cell.c: 172): the unmatched_packets is 56
[640, 1038771412, 384, 1038771406, 656, 1038775784, 400, 1038775782, 392, 1038788442, 912, 1038775800, 896, 1038771418, 904, 1038788446, 641, 1038341037, 385, 1038342181, 657, 1038341130, 401, 1038342299, 913, 1038339152, 393, 1038341922, 897, 1038339065, 642, 1037892690, 386, 1037892694, 658, 1037889266, 402, 1037889264, 914, 1037889266, 394, 1037877112, 643, 1038298491, 905, 1038338807, 387, 1038297354, 660, 1022058686, 645, 1021144849, 661, 1021092915, 915, 1038300051, 404, 1022060612, 389, 1021145160, 908, 1022018173, 397, 1021131941, 663, 1021976185, 405, 1021093224, 659, 1038298091, 644, 1022003838, 407, 1021974221, 910, 1021072468, 646, 1021104459, 647, 1021964831, 403, 1038296944, 395, 1038296148, 388, 1022005753, 396, 1022022825, 390, 1021104177, 662, 1021092619, 406, 1021092337, 398, 1021071123, 391, 1021962890, 399, 1021998902, 898, 1037892692, 906, 1037877112, 907, 1038299256, 899, 1038300457, 900, 1022001141, 916, 1022056028, 901, 1021143777, 909, 1021130606, 917, 1021091843, 902, 1021105533, 918, 1021093671, 911, 1022003529, 903, 1021967507, 919, 1021978893]
[INFO] (lattice_cell.c: 455): on tick 17 of 50
[INFO] (lattice_cell.c: 172): the unmatched_packets is 56
[640, 1038783527, 384, 1038783525, 656, 1038770296, 400, 1038770288, 896, 1038783535, 392, 1038769495, 912, 1038770300, 904, 1038769509, 641, 1038348121, 385, 1038349230, 657, 1038348945, 401, 1038350052, 393, 1038348770, 913, 1038347037, 897, 1038346221, 905, 1038345762, 642, 1037871352, 386, 1037871362, 658, 1037883810, 402, 1037883808, 394, 1037884866, 643, 1038306910, 659, 1038306294, 914, 1037883814, 898, 1037871352, 387, 1038305799, 644, 1022001724, 395, 1038305032, 645, 1021139694, 661, 1021130074, 388, 1022002934, 915, 1038308205, 907, 1038308035, 405, 1021131218, 916, 1022011416, 397, 1021105915, 908, 1022039195, 660, 1022013436, 391, 1021957329, 901, 1021137715, 403, 1038305185, 918, 1021084269, 662, 1021082322, 404, 1022014649, 663, 1021972023, 919, 1021974045, 389, 1021140813, 646, 1021096534, 390, 1021095404, 406, 1021081200, 398, 1021071835, 647, 1021958549, 399, 1021984572, 407, 1021970815, 396, 1022042462, 906, 1037884842, 899, 1038308807, 900, 1021999691, 917, 1021128104, 909, 1021102842, 902, 1021098474, 910, 1021074909, 911, 1021987816, 903, 1021960599]
[INFO] (lattice_cell.c: 455): on tick 18 of 50
[INFO] (lattice_cell.c: 172): the unmatched_packets is 56
[640, 1038789105, 384, 1038789099, 656, 1038783706, 912, 1038783710, 400, 1038783700, 896, 1038789107, 392, 1038771553, 904, 1038771571, 641, 1038340660, 385, 1038341790, 657, 1038341727, 401, 1038342863, 913, 1038339777, 897, 1038338710, 393, 1038341506, 905, 1038338407, 642, 1037876616, 386, 1037876624, 658, 1037881096, 402, 1037881088, 914, 1037881104, 898, 1037876614, 394, 1037892754, 906, 1037892754, 643, 1038298633, 387, 1038297504, 659, 1038297801, 403, 1038296670, 395, 1038296759, 915, 1038299737, 899, 1038300575, 644, 1022031132, 907, 1038299829, 388, 1022033110, 660, 1022001779, 396, 1022029038, 389, 1021119762, 916, 1021999030, 647, 1021990761, 390, 1021078111, 406, 1021081051, 917, 1021148592, 645, 1021119551, 661, 1021149640, 909, 1021125361, 646, 1021078310, 662, 1021081280, 404, 1022003774, 902, 1021079312, 663, 1021985991, 405, 1021149864, 397, 1021126620, 398, 1021097802, 391, 1021988790, 919, 1021988745, 399, 1021970465, 407, 1021983989, 900, 1022028375, 908, 1022024351, 901, 1021118544, 918, 1021082299, 910, 1021099030, 911, 1021975211, 903, 1021993510]
[INFO] (lattice_cell.c: 455): on tick 19 of 50
[INFO] (lattice_cell.c: 172): the unmatched_packets is 56
[640, 1038770569, 384, 1038770555, 656, 1038777553, 400, 1038777549, 392, 1038776385, 896, 1038770563, 912, 1038777565, 904, 1038776393, 641, 1038348484, 385, 1038349577, 657, 1038349148, 401, 1038350245, 393, 1038349392, 897, 1038346579, 913, 1038347244, 642, 1037883761, 386, 1037883763, 658, 1037877071, 905, 1038346396, 402, 1037877085, 394, 1037878049, 643, 1038306637, 387, 1038305542, 659, 1038305808, 660, 1022022517, 403, 1038304698, 645, 1021108408, 388, 1022034899, 661, 1021120495, 907, 1038307463, 646, 1021066293, 662, 1021075370, 389, 1021109548, 397, 1021140507, 900, 1022031752, 663, 1021980653, 390, 1021065155, 398, 1021091420, 391, 1021990400, 395, 1038304464, 647, 1021991561, 404, 1022023700, 644, 1022033727, 405, 1021121654, 406, 1021074218, 407, 1021979503, 399, 1021964345, 396, 1022005694, 898, 1037883749, 914, 1037877057, 906, 1037878041, 915, 1038307712, 899, 1038308532, 916, 1022020506, 908, 1022002552, 917, 1021118544, 901, 1021106466, 909, 1021137390, 918, 1021077316, 902, 1021068240, 910, 1021094498, 919, 1021982622, 911, 1021967459, 903, 1021993530]
[INFO] (lattice_cell.c: 455): on tick 20 of 50
[INFO] (lattice_cell.c: 172): the unmatched_packets is 56
[640, 1038770905, 384, 1038770891, 656, 1038776338, 400, 1038776324, 912, 1038776350, 392, 1038787490, 896, 1038770903, 904, 1038787504, 641, 1038340534, 385, 1038341651, 657, 1038341130, 401, 1038342265, 393, 1038341415, 913, 1038339192, 897, 1038338623, 905, 1038338377, 642, 1037893306, 386, 1037893310, 658, 1037888360, 402, 1037888356, 394, 1037877855, 914, 1037888362, 898, 1037893308, 643, 1038299024, 387, 1038297917, 659, 1038298488, 403, 1038297379, 395, 1038296782, 644, 1022021113, 660, 1022038197, 907, 1038299808, 388, 1022023077, 404, 1022040158, 908, 1022015671, 405, 1021115708, 647, 1021979801, 663, 1021978097, 917, 1021114457, 398, 1021082732, 909, 1021135255, 391, 1021977824, 645, 1021130382, 661, 1021115499, 646, 1021087733, 902, 1021088750, 396, 1022020428, 389, 1021130589, 397, 1021136476, 390, 1021087547, 903, 1021982584, 662, 1021087325, 406, 1021087114, 407, 1021976084, 399, 1021984169, 906, 1037877863, 915, 1038300401, 899, 1038300936, 900, 1022018358, 916, 1022035422, 901, 1021129357, 918, 1021088342, 910, 1021083949, 919, 1021980889, 911, 1021988943]
[INFO] (lattice_cell.c: 455): on tick 21 of 50
[INFO] (lattice_cell.c: 172): the unmatched_packets is 56
[640, 1038774326, 384, 1038774330, 656, 1038771178, 400, 1038771174, 392, 1038775805, 896, 1038774334, 641, 1038348703, 657, 1038349709, 912, 1038771188, 385, 1038349786, 642, 1037880010, 904, 1038775819, 393, 1038349551, 643, 1038306258, 387, 1038305172, 395, 1038304038, 646, 1021094215, 915, 1038306461, 388, 1022005664, 396, 1022030952, 900, 1022002579, 398, 1021071391, 658, 1037882920, 407, 1021969701, 399, 1021987656, 901, 1021133341, 659, 1038304546, 918, 1021090745, 910, 1021074385, 645, 1021135255, 401, 1038350798, 386, 1037880014, 402, 1037882928, 919, 1021972778, 394, 1037878774, 403, 1038303458, 662, 1021088858, 647, 1021963437, 663, 1021970840, 404, 1022018951, 389, 1021136373, 397, 1021115400, 390, 1021093106, 406, 1021087759, 391, 1021962291, 644, 1022004504, 660, 1022017790, 661, 1021124142, 913, 1038347814, 897, 1038346804, 905, 1038346577, 914, 1037882918, 906, 1037878758, 898, 1037880002, 907, 1038307028, 899, 1038308150, 916, 1022015860, 908, 1022027858, 917, 1021122221, 909, 1021112386, 405, 1021125283, 902, 1021096121, 911, 1021990739, 903, 1021965380]
[INFO] (lattice_cell.c: 455): on tick 22 of 50
[INFO] (lattice_cell.c: 172): the unmatched_packets is 56
[640, 1038787154, 384, 1038787146, 656, 1038781704, 400, 1038781690, 392, 1038773585, 912, 1038781720, 896, 1038787156, 904, 1038773603, 641, 1038340418, 385, 1038341515, 913, 1038339430, 657, 1038341337, 897, 1038338529, 401, 1038342458, 393, 1038341189, 905, 1038338179, 642, 1037878181, 386, 1037878183, 658, 1037883072, 402, 1037883064, 394, 1037890815, 643, 1038299401, 898, 1037878183, 659, 1038298922, 644, 1022019075, 906, 1037890813, 387, 1038298302, 403, 1038297823, 661, 1021141586, 915, 1038300808, 899, 1038301282, 388, 1022020989, 908, 1022030370, 398, 1021082957, 917, 1021140503, 660, 1022012572, 645, 1021132568, 918, 1021084256, 910, 1021084249, 646, 1021088922, 662, 1021083178, 647, 1021976461, 404, 1022014506, 396, 1022035044, 389, 1021132782, 397, 1021123332, 663, 1021978352, 405, 1021141822, 390, 1021088710, 406, 1021082934, 391, 1021974498, 407, 1021976398, 399, 1021979553, 395, 1038298078, 914, 1037883083, 907, 1038301049, 916, 1022009819, 900, 1022016301, 901, 1021131483, 909, 1021122034, 902, 1021089992, 911, 1021984260, 919, 1021981127, 903, 1021979217]
[INFO] (lattice_cell.c: 455): on tick 23 of 50
[INFO] (lattice_cell.c: 172): the unmatched_packets is 56
[640, 1038778087, 384, 1038778081, 656, 1038780003, 400, 1038780002, 392, 1038771125, 912, 1038780007, 896, 1038778087, 904, 1038771137, 641, 1038348090, 385, 1038349167, 657, 1038349934, 401, 1038351013, 913, 1038348031, 393, 1038349765, 897, 1038346193, 642, 1037876596, 386, 1037876592, 658, 1037874655, 914, 1037874649, 402, 1037874666, 394, 1037882993, 643, 1038305109, 659, 1038306327, 387, 1038304029, 644, 1022028159, 403, 1038305219, 395, 1038303173, 645, 1021115357, 661, 1021123883, 899, 1038306996, 646, 1021075398, 662, 1021077733, 916, 1022015527, 405, 1021124946, 647, 1021987977, 390, 1021074364, 406, 1021076731, 398, 1021092413, 660, 1022017503, 901, 1021113543, 407, 1021973431, 902, 1021077178, 663, 1021974601, 919, 1021976560, 903, 1021989932, 404, 1022018707, 396, 1022014747, 389, 1021116386, 397, 1021130637, 391, 1021986810, 399, 1021968481, 905, 1038346791, 898, 1037876594, 906, 1037882986, 915, 1038308253, 907, 1038306150, 388, 1022029334, 908, 1022011603, 900, 1022026214, 917, 1021122073, 909, 1021127784, 918, 1021079512, 910, 1021095224, 911, 1021971633]
[INFO] (lattice_cell.c: 455): on tick 24 of 50
[INFO] (lattice_cell.c: 172): the unmatched_packets is 56
[640, 1038774596, 384, 1038774592, 656, 1038773545, 400, 1038773527, 392, 1038782086, 896, 1038774598, 912, 1038773574, 904, 1038782109, 641, 1038340812, 385, 1038341887, 657, 1038341254, 401, 1038342351, 913, 1038339363, 393, 1038342003, 897, 1038338946, 642, 1037889848, 386, 1037889860, 658, 1037890954, 905, 1038339036, 402, 1037890954, 394, 1037882821, 914, 1037890942, 898, 1037889838, 906, 1037882822, 643, 1038300183, 387, 1038299104, 659, 1038299256, 644, 1022030258, 395, 1038295942, 388, 1022032112, 645, 1021121018, 646, 1021076299, 662, 1021065547, 647, 1021986733, 660, 1022029414, 406, 1021065160, 391, 1021984858, 901, 1021119848, 661, 1021125841, 403, 1038298207, 663, 1021995393, 404, 1022031269, 396, 1022015483, 389, 1021121317, 405, 1021126147, 397, 1021139694, 390, 1021076002, 398, 1021090016, 399, 1021979375, 407, 1021993435, 899, 1038302043, 915, 1038301082, 907, 1038298858, 900, 1022027557, 916, 1022026717, 908, 1022010920, 917, 1021124672, 909, 1021138245, 918, 1021066786, 910, 1021091518, 902, 1021077444, 911, 1021983998, 919, 1021998135, 903, 1021989422]
[INFO] (lattice_cell.c: 455): on tick 25 of 50
[INFO] (lattice_cell.c: 172): the unmatched_packets is 56
[640, 1038771267, 384, 1038771269, 656, 1038783391, 400, 1038783379, 392, 1038783795, 912, 1038783393, 896, 1038771275, 904, 1038783804, 641, 1038350442, 385, 1038351522, 657, 1038349194, 401, 1038350269, 393, 1038349407, 897, 1038348527, 913, 1038347280, 905, 1038346432, 642, 1037882829, 386, 1037882835, 658, 1037871139, 402, 1037871129, 394, 1037871081, 898, 1037882825, 914, 1037871139, 906, 1037871077, 643, 1038307072, 387, 1038306000, 659, 1038303306, 403, 1038302165, 395, 1038302809, 899, 1038308982, 915, 1038305274, 907, 1038305854, 644, 1022008208, 388, 1022009437, 660, 1022032440, 404, 1022033703, 396, 1022024925, 900, 1022006227, 916, 1022030415, 908, 1022021659, 645, 1021125221, 661, 1021112199, 389, 1021126143, 405, 1021113165, 646, 1021085976, 397, 1021122249, 390, 1021085084, 663, 1021939509, 398, 1021090164, 647, 1021968819, 407, 1021938344, 662, 1021124179, 406, 1021123393, 391, 1021967563, 399, 1021972562, 917, 1021110495, 901, 1021123563, 909, 1021119642, 918, 1021125699, 902, 1021087612, 910, 1021092575, 919, 1021941451, 903, 1021970787, 911, 1021975706]
[INFO] (lattice_cell.c: 455): on tick 26 of 50
[INFO] (lattice_cell.c: 172): the unmatched_packets is 56
[384, 1038774716, 640, 1038774728, 656, 1038754026, 400, 1038754003, 392, 1038767338, 912, 1038754050, 896, 1038774738, 904, 1038767362, 385, 1038341924, 641, 1038340902, 657, 1038342133, 401, 1038343210, 393, 1038339817, 913, 1038340285, 897, 1038339076, 905, 1038336920, 386, 1037889862, 642, 1037889846, 658, 1037909729, 402, 1037909745, 394, 1037896917, 914, 1037909709, 898, 1037889848, 643, 1038300409, 387, 1038299386, 906, 1037896893, 659, 1038300904, 644, 1022019949, 645, 1021130346, 899, 1038302211, 915, 1038302675, 388, 1022021750, 396, 1022033252, 662, 1021007264, 389, 1021130814, 916, 1022001011, 647, 1021975909, 663, 1022045685, 397, 1021132096, 398, 1021045789, 917, 1021148447, 646, 1021085071, 910, 1021047737, 404, 1022005331, 405, 1021150171, 390, 1021084612, 660, 1022003593, 661, 1021149749, 406, 1021006672, 391, 1021974099, 399, 1022012262, 407, 1022043810, 403, 1038299911, 395, 1038299061, 907, 1038301825, 908, 1022028854, 900, 1022017284, 909, 1021130354, 901, 1021129001, 918, 1021008732, 902, 1021086418, 911, 1022016826, 919, 1022048405, 903, 1021978576]
[INFO] (lattice_cell.c: 455): on tick 27 of 50
[INFO] (lattice_cell.c: 172): the unmatched_packets is 56
[640, 1038797419, 384, 1038797415, 656, 1038812740, 400, 1038812726, 912, 1038812735, 392, 1038793778, 896, 1038797421, 904, 1038793778, 641, 1038347379, 385, 1038348508, 657, 1038351267, 897, 1038345424, 401, 1038352361, 393, 1038349176, 913, 1038349336, 905, 1038346137, 642, 1037857915, 386, 1037857921, 658, 1037842832, 898, 1037857901, 402, 1037842818, 914, 1037842858, 394, 1037861065, 906, 1037861086, 643, 1038303951, 387, 1038302826, 659, 1038303361, 403, 1038302213, 915, 1038305333, 395, 1038300874, 899, 1038305912, 907, 1038303992, 644, 1022001634, 388, 1022002849, 660, 1022024645, 404, 1022026005, 396, 1022030606, 645, 1021143810, 916, 1022022545, 389, 1021144449, 646, 1021104821, 647, 1021962222, 390, 1021104180, 909, 1021114793, 391, 1021961013, 407, 1021854276, 662, 1021206347, 661, 1021110567, 902, 1021106212, 405, 1021111361, 397, 1021117002, 663, 1021855535, 406, 1021205768, 398, 1021152375, 399, 1021917482, 903, 1021964216, 900, 1021999657, 908, 1022027247, 901, 1021142401, 917, 1021109014, 910, 1021154280, 918, 1021207676, 911, 1021920691, 919, 1021857586]
[INFO] (lattice_cell.c: 455): on tick 28 of 50
[INFO] (lattice_cell.c: 172): the unmatched_packets is 56
[640, 1038743886, 384, 1038743884, 656, 1038747846, 400, 1038747832, 392, 1038738315, 912, 1038747860, 896, 1038743896, 904, 1038738349, 641, 1038343044, 385, 1038344006, 657, 1038342458, 401, 1038343476, 393, 1038343192, 913, 1038340671, 897, 1038341312, 642, 1037919670, 386, 1037919678, 905, 1038340452, 658, 1037916080, 402, 1037916114, 394, 1037925008, 914, 1037916052, 898, 1037919670, 906, 1037924967, 643, 1038302451, 387, 1038301502, 659, 1038298785, 403, 1038297784, 395, 1038298796, 915, 1038300570, 644, 1022070058, 645, 1021073779, 388, 1022071800, 661, 1021132789, 404, 1022022894, 662, 1020936771, 916, 1022018658, 647, 1022026079, 917, 1021131320, 390, 1021027603, 660, 1022021201, 398, 1020981546, 399, 1022076962, 646, 1021028299, 919, 1022128425, 396, 1022021035, 389, 1021074495, 663, 1022125878, 405, 1021133372, 903, 1022028700, 397, 1021131955, 406, 1020936084, 391, 1022024302, 407, 1022124153, 899, 1038304192, 907, 1038301510, 900, 1022067428, 908, 1022016714, 901, 1021072197, 909, 1021129763, 918, 1020938341, 902, 1021029880, 910, 1020983843, 911, 1022081308]
[INFO] (lattice_cell.c: 455): on tick 29 of 50
[INFO] (lattice_cell.c: 172): the unmatched_packets is 56
[640, 1038830280, 384, 1038830284, 656, 1038791854, 400, 1038791822, 896, 1038830292, 392, 1038827689, 912, 1038791898, 641, 1038347387, 385, 1038348533, 897, 1038345414, 657, 1038348392, 913, 1038346409, 401, 1038349529, 393, 1038347064, 905, 1038343924, 642, 1037825602, 658, 1037862625, 386, 1037825618, 914, 1037862617, 402, 1037862617, 394, 1037828239, 898, 1037825606, 643, 1038303977, 906, 1037828263, 659, 1038306016, 387, 1038302833, 661, 1021137545, 395, 1038302882, 388, 1021940756, 389, 1021205127, 390, 1021165668, 908, 1021982281, 660, 1022009991, 399, 1021841960, 645, 1021204663, 902, 1021167279, 646, 1021166121, 662, 1021178412, 403, 1038304921, 647, 1021899734, 911, 1021845483, 663, 1021872306, 404, 1022011341, 396, 1021985650, 405, 1021138097, 644, 1021939431, 397, 1021168732, 406, 1021177882, 398, 1021217941, 391, 1021898400, 407, 1021870917, 904, 1038827718, 899, 1038305945, 907, 1038305932, 915, 1038307951, 900, 1021937344, 916, 1022007933, 909, 1021167023, 901, 1021203473, 917, 1021136222, 910, 1021219594, 918, 1021179713, 903, 1021901810, 919, 1021874401]
[INFO] (lattice_cell.c: 455): on tick 30 of 50
[INFO] (lattice_cell.c: 172): the unmatched_packets is 56
[640, 1038707468, 384, 1038707458, 656, 1038771344, 400, 1038771356, 912, 1038771338, 392, 1038736619, 896, 1038707476, 904, 1038736600, 641, 1038340940, 385, 1038341891, 657, 1038344127, 401, 1038345090, 393, 1038342925, 913, 1038342369, 897, 1038339196, 905, 1038340260, 642, 1037955200, 386, 1037955212, 658, 1037893086, 402, 1037893094, 898, 1037955202, 394, 1037927163, 914, 1037893087, 643, 1038300312, 387, 1038299353, 659, 1038298038, 403, 1038297042, 915, 1038299815, 395, 1038295994, 899, 1038302053, 644, 1022141838, 907, 1038298774, 388, 1022143399, 660, 1022068634, 396, 1022115074, 646, 1020966263, 389, 1021012966, 900, 1022139414, 647, 1022097782, 390, 1020965460, 406, 1021072707, 645, 1021012173, 661, 1021077288, 407, 1021989655, 399, 1022092682, 404, 1022070277, 662, 1021073424, 405, 1021078132, 663, 1021991316, 397, 1021040457, 398, 1020978933, 391, 1022096206, 906, 1037927171, 916, 1022066102, 908, 1022110927, 917, 1021075603, 901, 1021010482, 909, 1021037932, 918, 1021074997, 902, 1020967932, 910, 1020981282, 919, 1021993873, 911, 1022096666, 903, 1022100196]
[INFO] (lattice_cell.c: 455): on tick 31 of 50
[INFO] (lattice_cell.c: 172): the unmatched_packets is 56
[640, 1038824346, 384, 1038824346, 656, 1038784828, 400, 1038784792, 392, 1038803436, 912, 1038784864, 896, 1038824354, 904, 1038803520, 641, 1038350699, 385, 1038351790, 657, 1038349062, 401, 1038350201, 897, 1038348774, 393, 1038349911, 913, 1038347075, 642, 1037830840, 905, 1038346848, 386, 1037830846, 643, 1038307179, 659, 1038303892, 394, 1037851259, 387, 1038306100, 898, 1037830836, 661, 1021214085, 388, 1021881671, 396, 1021888743, 404, 1021934528, 389, 1021249222, 397, 1021255804, 658, 1037869935, 398, 1021106321, 917, 1021212972, 399, 1021949913, 407, 1022028350, 901, 1021247627, 660, 1021933106, 645, 1021248806, 402, 1037869946, 902, 1021210488, 910, 1021107932, 662, 1021028760, 403, 1038302783, 395, 1038303677, 911, 1021953541, 903, 1021844029, 647, 1021841783, 663, 1022029736, 390, 1021208917, 644, 1021880169, 406, 1021028391, 646, 1021209325, 391, 1021840277, 405, 1021214431, 914, 1037869924, 906, 1037851209, 915, 1038305843, 899, 1038309098, 907, 1038306678, 916, 1021930935, 900, 1021877945, 908, 1021885087, 909, 1021254363, 918, 1021029938, 919, 1022031853]
[INFO] (lattice_cell.c: 455): on tick 32 of 50
[INFO] (lattice_cell.c: 172): the unmatched_packets is 56
[640, 1038779375, 384, 1038779369, 656, 1038750302, 400, 1038750291, 392, 1038762973, 912, 1038750309, 904, 1038762969, 896, 1038779383, 641, 1038339283, 385, 1038340271, 657, 1038341937, 401, 1038342920, 913, 1038340189, 393, 1038339078, 897, 1038337504, 905, 1038336308, 642, 1037886195, 386, 1037886203, 914, 1037913179, 402, 1037913180, 658, 1037913181, 394, 1037901341, 898, 1037886197, 643, 1038298646, 906, 1037901361, 659, 1038299704, 387, 1038297658, 644, 1022102616, 660, 1022137498, 395, 1038297841, 645, 1021057312, 661, 1021017711, 388, 1022104064, 396, 1022175868, 916, 1022135170, 663, 1021922455, 405, 1021018656, 397, 1020993358, 908, 1022172151, 398, 1021125640, 909, 1020990757, 399, 1021937820, 403, 1038298741, 646, 1021014048, 662, 1021134940, 647, 1022055864, 389, 1021058121, 903, 1022058220, 390, 1021013243, 406, 1021134049, 407, 1021920913, 391, 1022054392, 404, 1022138973, 899, 1038300409, 915, 1038301437, 907, 1038300549, 900, 1022100271, 917, 1021015900, 901, 1021055689, 918, 1021136670, 902, 1021015665, 910, 1021128091, 919, 1021924876, 911, 1021941800]
[INFO] (lattice_cell.c: 455): on tick 33 of 50
[INFO] (lattice_cell.c: 172): the unmatched_packets is 56
[640, 1038747242, 384, 1038747240, 656, 1038816712, 400, 1038816694, 392, 1038776157, 912, 1038816735, 896, 1038747250, 904, 1038776139, 641, 1038349314, 385, 1038350374, 657, 1038352148, 401, 1038353233, 393, 1038351510, 913, 1038350219, 897, 1038347424, 905, 1038348583, 642, 1037905970, 386, 1037905976, 658, 1037838846, 402, 1037838862, 394, 1037878100, 914, 1037838831, 643, 1038305939, 387, 1038304870, 898, 1037905962, 906, 1037878097, 403, 1038303599, 659, 1038304705, 395, 1038302132, 644, 1022027393, 645, 1021111416, 388, 1022028906, 389, 1021111731, 663, 1021978040, 390, 1021068572, 916, 1021880514, 406, 1021077115, 660, 1021882867, 391, 1021989522, 399, 1022017532, 901, 1021110273, 917, 1021248677, 647, 1021991037, 404, 1021884497, 396, 1021927088, 661, 1021249760, 662, 1021077355, 903, 1021993257, 405, 1021250073, 646, 1021068892, 397, 1021211713, 398, 1021046040, 407, 1021976463, 899, 1038307821, 907, 1038305148, 915, 1038306636, 900, 1022025178, 908, 1021923164, 909, 1021210240, 902, 1021070028, 910, 1021047364, 918, 1021078421, 911, 1022021257, 919, 1021980354]
[INFO] (lattice_cell.c: 455): on tick 34 of 50
[INFO] (lattice_cell.c: 172): the unmatched_packets is 56
[640, 1038795847, 384, 1038795847, 656, 1038760207, 400, 1038760181, 392, 1038784817, 912, 1038760231, 896, 1038795857, 904, 1038784878, 641, 1038341497, 385, 1038342466, 657, 1038340498, 401, 1038341526, 393, 1038341417, 913, 1038338681, 897, 1038339733, 905, 1038338621, 642, 1037868643, 386, 1037868653, 658, 1037904301, 402, 1037904300, 394, 1037879956, 914, 1037904314, 898, 1037868649, 906, 1037879923, 643, 1038300409, 387, 1038299448, 659, 1038297876, 403, 1038296896, 395, 1038296474, 915, 1038299648, 644, 1021974534, 899, 1038302168, 388, 1021975909, 661, 1021022292, 404, 1022142877, 900, 1021972247, 663, 1022011278, 390, 1021130930, 406, 1021052248, 660, 1022141577, 645, 1021173721, 407, 1022009906, 662, 1021053161, 646, 1021131845, 396, 1022024172, 647, 1021927861, 910, 1021084491, 389, 1021174650, 919, 1022013545, 405, 1021023213, 397, 1021136691, 911, 1021987257, 398, 1021081826, 391, 1021926471, 399, 1021983658, 907, 1038299194, 916, 1022139389, 908, 1022020554, 917, 1021020570, 901, 1021171984, 909, 1021134132, 918, 1021054859, 902, 1021133571, 903, 1021930150]
[INFO] (lattice_cell.c: 455): on tick 35 of 50
[INFO] (lattice_cell.c: 172): the unmatched_packets is 56
[640, 1038783413, 384, 1038783417, 656, 1038756844, 400, 1038756833, 912, 1038756850, 392, 1038771136, 896, 1038783423, 904, 1038771163, 641, 1038349154, 385, 1038350196, 657, 1038350737, 401, 1038351767, 393, 1038348571, 913, 1038348875, 897, 1038347268, 905, 1038345650, 642, 1037871735, 386, 1037871749, 658, 1037896334, 402, 1037896343, 394, 1037883186, 914, 1037896324, 898, 1037871737, 906, 1037883168, 643, 1038306206, 387, 1038305159, 659, 1038304917, 403, 1038303850, 899, 1038308087, 907, 1038307132, 395, 1038304242, 915, 1038306806, 644, 1022035898, 388, 1022037566, 660, 1021984403, 404, 1021986098, 396, 1022071423, 900, 1022033535, 645, 1021103097, 661, 1021155448, 916, 1021982016, 662, 1021088581, 389, 1021103326, 647, 1021997861, 397, 1021078676, 663, 1021966727, 398, 1021111922, 646, 1021060785, 391, 1021996209, 910, 1021113200, 405, 1021155764, 390, 1021060583, 406, 1021088329, 399, 1021945797, 407, 1021965087, 903, 1022000244, 908, 1022067465, 901, 1021102102, 917, 1021154297, 909, 1021077342, 902, 1021061786, 918, 1021089672, 911, 1021949873, 919, 1021969078]
[INFO] (lattice_cell.c: 455): on tick 36 of 50
[INFO] (lattice_cell.c: 172): the unmatched_packets is 56
[640, 1038761686, 384, 1038761688, 896, 1038761690, 912, 1038798536, 904, 1038782053, 656, 1038798509, 400, 1038798473, 392, 1038782051, 641, 1038340447, 385, 1038341431, 897, 1038338662, 913, 1038341267, 905, 1038338755, 657, 1038343091, 401, 1038344120, 393, 1038341535, 642, 1037902351, 386, 1037902355, 898, 1037902351, 914, 1037866394, 906, 1037882467, 658, 1037866403, 402, 1037866403, 394, 1037882437, 643, 1038298967, 899, 1038300741, 387, 1038297979, 915, 1038300266, 907, 1038299286, 659, 1038298491, 403, 1038297492, 395, 1038296516, 644, 1022047136, 900, 1022045064, 916, 1021973829, 388, 1022048323, 908, 1022004090, 660, 1021975984, 404, 1021977244, 396, 1022007460, 645, 1021107340, 901, 1021105614, 917, 1021172806, 389, 1021108264, 661, 1021174543, 909, 1021149642, 405, 1021175489, 397, 1021152393, 646, 1021065551, 662, 1021105378, 390, 1021064639, 406, 1021104435, 647, 1022001340, 398, 1021078331, 902, 1021067281, 391, 1022000139, 663, 1021953524, 399, 1021987505, 919, 1021955702, 407, 1021952239, 903, 1022003407, 918, 1021107114, 910, 1021080922, 911, 1021990894]
[INFO] (lattice_cell.c: 455): on tick 37 of 50
[INFO] (lattice_cell.c: 172): the unmatched_packets is 56
[640, 1038774272, 384, 1038774278, 656, 1038779849, 400, 1038779828, 392, 1038775070, 912, 1038779869, 896, 1038774278, 904, 1038775107, 641, 1038349182, 385, 1038350179, 657, 1038350074, 401, 1038351112, 897, 1038347365, 393, 1038350256, 913, 1038348220, 642, 1037879574, 386, 1037879588, 658, 1037875293, 402, 1037875312, 394, 1037879289, 898, 1037879572, 643, 1038306508, 659, 1038304320, 906, 1037879269, 387, 1038305511, 660, 1022062514, 395, 1038302716, 907, 1038305582, 662, 1021074024, 396, 1022001276, 647, 1021950789, 900, 1021985797, 389, 1021150167, 644, 1021988281, 391, 1021949042, 407, 1021982435, 645, 1021149938, 661, 1021081059, 646, 1021105737, 902, 1021106819, 910, 1021058887, 403, 1038303287, 911, 1022007854, 388, 1021990017, 404, 1022064254, 405, 1021081288, 397, 1021144338, 390, 1021105532, 398, 1021057635, 406, 1021073849, 399, 1022003694, 663, 1021984187, 905, 1038347431, 914, 1037875281, 899, 1038308317, 915, 1038306174, 916, 1022060047, 908, 1021996987, 917, 1021079962, 901, 1021148842, 909, 1021143100, 918, 1021075057, 919, 1021986702, 903, 1021953258]
[INFO] (lattice_cell.c: 455): on tick 38 of 50
[INFO] (lattice_cell.c: 172): the unmatched_packets is 56
[640, 1038796409, 384, 1038796405, 656, 1038767214, 400, 1038767202, 896, 1038796403, 392, 1038772830, 912, 1038767225, 904, 1038772888, 641, 1038341599, 385, 1038342600, 657, 1038342217, 897, 1038339773, 401, 1038343251, 393, 1038341418, 913, 1038340372, 905, 1038338556, 642, 1037868810, 386, 1037868824, 658, 1037896774, 402, 1037896763, 394, 1037891396, 898, 1037868818, 914, 1037896782, 906, 1037891380, 643, 1038299674, 387, 1038298671, 659, 1038298271, 403, 1038297267, 899, 1038301479, 395, 1038297308, 915, 1038300079, 907, 1038300105, 644, 1022015292, 388, 1022016418, 660, 1022037746, 404, 1022038857, 396, 1022049325, 916, 1022035766, 900, 1022013238, 908, 1022046252, 645, 1021133692, 389, 1021134598, 661, 1021118327, 646, 1021094102, 405, 1021119303, 397, 1021110526, 663, 1021992562, 917, 1021116598, 901, 1021132023, 390, 1021093197, 398, 1021098102, 662, 1021068859, 902, 1021095762, 399, 1021965190, 647, 1021969097, 391, 1021967925, 407, 1021991401, 911, 1021968391, 909, 1021107953, 406, 1021067923, 918, 1021070546, 910, 1021100699, 919, 1021994580, 903, 1021971138]
[INFO] (lattice_cell.c: 455): on tick 39 of 50
[INFO] (lattice_cell.c: 172): the unmatched_packets is 56
[640, 1038771952, 384, 1038771956, 656, 1038773285, 912, 1038773303, 400, 1038773266, 392, 1038774907, 896, 1038771964, 904, 1038774926, 641, 1038347885, 385, 1038348858, 657, 1038350569, 401, 1038351544, 913, 1038348774, 393, 1038348703, 897, 1038346107, 905, 1038345962, 642, 1037882661, 386, 1037882667, 658, 1037880572, 402, 1037880586, 914, 1037880546, 394, 1037879361, 898, 1037882663, 906, 1037879359, 643, 1038305707, 387, 1038304740, 659, 1038306279, 403, 1038305277, 395, 1038303496, 644, 1022044215, 915, 1038308086, 899, 1038307487, 388, 1022046003, 660, 1021983192, 389, 1021100782, 405, 1021158956, 663, 1021971416, 916, 1021980576, 390, 1021055385, 406, 1021077112, 645, 1021100561, 909, 1021125163, 407, 1021969573, 662, 1021077349, 404, 1021985049, 396, 1022023310, 910, 1021104798, 661, 1021158662, 646, 1021055618, 397, 1021126583, 647, 1022005345, 911, 1021959959, 398, 1021103540, 391, 1022003538, 399, 1021955560, 907, 1038306254, 908, 1022018967, 900, 1022041674, 901, 1021099493, 917, 1021157530, 902, 1021056670, 918, 1021078469, 903, 1022007891, 919, 1021973954]
[INFO] (lattice_cell.c: 455): on tick 40 of 50
[INFO] (lattice_cell.c: 172): the unmatched_packets is 56
[640, 1038763680, 384, 1038763680, 656, 1038785898, 400, 1038785842, 392, 1038787937, 912, 1038785955, 896, 1038763686, 904, 1038787960, 641, 1038341951, 385, 1038342961, 657, 1038343082, 401, 1038344154, 393, 1038343046, 913, 1038341198, 897, 1038340109, 905, 1038340176, 642, 1037899936, 386, 1037899946, 658, 1037878879, 402, 1037878893, 394, 1037876897, 914, 1037878856, 898, 1037899937, 906, 1037876911, 643, 1038299496, 387, 1038298484, 659, 1038298632, 403, 1038297602, 395, 1038294653, 644, 1022026440, 660, 1022027876, 388, 1022027467, 645, 1021122095, 396, 1022008901, 646, 1021082353, 389, 1021122939, 405, 1021124432, 908, 1022005860, 390, 1021081492, 901, 1021120462, 917, 1021121951, 398, 1021079913, 661, 1021123560, 391, 1021981029, 407, 1021961780, 399, 1021992489, 918, 1021097657, 663, 1021962886, 662, 1021096027, 397, 1021145860, 647, 1021982084, 919, 1021964852, 406, 1021095159, 915, 1038300471, 899, 1038301312, 907, 1038297512, 404, 1022028928, 900, 1022024533, 916, 1022025963, 909, 1021143379, 902, 1021083973, 910, 1021082346, 911, 1021995482, 903, 1021983981]
[INFO] (lattice_cell.c: 455): on tick 41 of 50
[INFO] (lattice_cell.c: 172): the unmatched_packets is 56
[640, 1038776180, 384, 1038776176, 656, 1038773024, 400, 1038773004, 392, 1038774253, 912, 1038773030, 896, 1038776194, 904, 1038774281, 641, 1038349866, 385, 1038350802, 657, 1038348999, 401, 1038349953, 393, 1038348645, 913, 1038347229, 897, 1038348131, 642, 1037877884, 386, 1037877897, 658, 1037881568, 402, 1037881563, 394, 1037880198, 643, 1038308071, 914, 1037881564, 898, 1037877879, 387, 1038307131, 906, 1037880184, 388, 1021991243, 661, 1021106230, 662, 1021082705, 389, 1021146179, 647, 1021949666, 397, 1021124825, 644, 1021989406, 901, 1021144679, 398, 1021062503, 399, 1021999177, 917, 1021104997, 660, 1022041792, 645, 1021145877, 902, 1021101348, 403, 1038302867, 395, 1038302828, 918, 1021083820, 663, 1021976606, 404, 1022043630, 396, 1022027115, 659, 1038303817, 405, 1021106574, 646, 1021100184, 390, 1021099890, 406, 1021082459, 391, 1021947829, 407, 1021974725, 905, 1038345965, 907, 1038305515, 899, 1038309795, 915, 1038305582, 900, 1021986790, 908, 1022022635, 916, 1022039208, 909, 1021123388, 910, 1021063913, 911, 1022003645, 903, 1021952271, 919, 1021979305]
[INFO] (lattice_cell.c: 455): on tick 42 of 50
[INFO] (lattice_cell.c: 172): the unmatched_packets is 56
[640, 1038794126, 384, 1038794124, 656, 1038777079, 400, 1038777041, 896, 1038794130, 392, 1038770540, 912, 1038777113, 641, 1038342586, 385, 1038343623, 897, 1038340719, 657, 1038343818, 913, 1038341942, 401, 1038344884, 393, 1038340866, 905, 1038337945, 642, 1037871146, 386, 1037871151, 658, 1037887102, 402, 1037887114, 643, 1038299719, 394, 1037893390, 659, 1038299958, 914, 1037887094, 387, 1038298689, 395, 1038297647, 661, 1021134923, 915, 1038301810, 388, 1022017870, 900, 1022014982, 908, 1022042187, 406, 1021073854, 644, 1022016855, 917, 1021133359, 660, 1022015342, 645, 1021128378, 909, 1021115277, 403, 1038298925, 911, 1021972677, 663, 1021978605, 404, 1022016376, 396, 1022045041, 389, 1021129153, 405, 1021135738, 397, 1021117569, 390, 1021088898, 646, 1021089661, 398, 1021092268, 662, 1021074684, 391, 1021972127, 647, 1021973151, 399, 1021969768, 407, 1021977543, 904, 1038770601, 898, 1037871149, 906, 1037893357, 899, 1038301586, 907, 1038300510, 916, 1022013492, 901, 1021126866, 918, 1021076271, 902, 1021091159, 910, 1021094588, 919, 1021980487, 903, 1021975024]
[INFO] (lattice_cell.c: 455): on tick 43 of 50
[INFO] (lattice_cell.c: 172): the unmatched_packets is 56
[896, 1038774369, 912, 1038773196, 640, 1038774365, 384, 1038774367, 904, 1038771977, 656, 1038773182, 400, 1038773161, 392, 1038771965, 897, 1038344973, 913, 1038349506, 641, 1038346688, 385, 1038347594, 905, 1038345234, 657, 1038351247, 401, 1038352175, 393, 1038347858, 898, 1037880246, 914, 1037881053, 642, 1037880252, 386, 1037880259, 906, 1037882168, 658, 1037881049, 402, 1037881045, 394, 1037882151, 899, 1038307003, 643, 1038305310, 915, 1038305540, 387, 1038304386, 907, 1038304146, 659, 1038303785, 403, 1038302812, 395, 1038301501, 900, 1022040024, 644, 1022042646, 916, 1021994662, 388, 1022044450, 908, 1022012472, 660, 1021997334, 404, 1021999215, 396, 1022016940, 645, 1021107169, 389, 1021107511, 661, 1021142258, 646, 1021061575, 405, 1021142670, 662, 1021067905, 901, 1021105934, 917, 1021140956, 909, 1021135211, 390, 1021061245, 647, 1022000844, 663, 1021990542, 398, 1021102235, 910, 1021103675, 397, 1021136913, 406, 1021067638, 391, 1021998997, 407, 1021988718, 399, 1021963876, 903, 1022003463, 902, 1021062754, 918, 1021069058, 911, 1021968361, 919, 1021993197]
[INFO] (lattice_cell.c: 455): on tick 44 of 50
[INFO] (lattice_cell.c: 172): the unmatched_packets is 56
[640, 1038768176, 656, 1038788657, 384, 1038768174, 400, 1038788614, 392, 1038790417, 896, 1038768178, 912, 1038788708, 904, 1038790451, 641, 1038344716, 657, 1038344049, 385, 1038345733, 401, 1038345120, 393, 1038344287, 913, 1038342142, 897, 1038342865, 905, 1038341370, 642, 1037895524, 658, 1037876061, 386, 1037895540, 643, 1038301325, 402, 1037876095, 394, 1037874478, 659, 1038297460, 644, 1022021759, 660, 1022036971, 387, 1038300318, 645, 1021116108, 906, 1037874454, 646, 1021076618, 389, 1021116832, 663, 1021950960, 390, 1021075907, 916, 1022035153, 398, 1021089696, 391, 1021979579, 917, 1021109864, 909, 1021137536, 647, 1021980629, 403, 1038296435, 388, 1022022781, 919, 1021952871, 404, 1022038007, 661, 1021111283, 396, 1022010005, 662, 1021112873, 405, 1021111958, 397, 1021139648, 406, 1021112078, 407, 1021949830, 399, 1021972829, 395, 1038297060, 898, 1037895524, 914, 1037876013, 915, 1038299303, 899, 1038303165, 907, 1038299908, 900, 1022019919, 908, 1022007079, 901, 1021114629, 918, 1021114410, 902, 1021078104, 910, 1021091951, 911, 1021975823, 903, 1021982463]
[INFO] (lattice_cell.c: 455): on tick 45 of 50
[INFO] (lattice_cell.c: 172): the unmatched_packets is 56
[640, 1038767123, 384, 1038767129, 656, 1038756187, 400, 1038756143, 896, 1038767131, 912, 1038756222, 392, 1038770492, 904, 1038770526, 641, 1038346575, 385, 1038347506, 657, 1038348097, 401, 1038349029, 897, 1038344865, 393, 1038345995, 913, 1038346364, 905, 1038343357, 642, 1037886649, 386, 1037886665, 658, 1037897752, 402, 1037897738, 898, 1037886651, 914, 1037897760, 394, 1037883961, 906, 1037883961, 643, 1038305639, 387, 1038304712, 659, 1038308427, 403, 1038307490, 644, 1022008264, 395, 1038303987, 660, 1022026868, 388, 1022009988, 662, 1021031084, 663, 1022009143, 406, 1021030730, 398, 1021046938, 645, 1021140551, 661, 1021125683, 910, 1021048472, 646, 1021094879, 647, 1021964661, 404, 1022028667, 396, 1022030495, 903, 1021967220, 389, 1021140935, 405, 1021126219, 397, 1021132180, 390, 1021094519, 391, 1021962922, 407, 1022007365, 399, 1022009870, 915, 1038310145, 899, 1038307356, 907, 1038306641, 900, 1022005701, 916, 1022024275, 908, 1022026124, 901, 1021139310, 909, 1021130486, 917, 1021124263, 902, 1021096130, 918, 1021032288, 911, 1022014181, 919, 1022011782]
[INFO] (lattice_cell.c: 455): on tick 46 of 50
[INFO] (lattice_cell.c: 172): the unmatched_packets is 56
[640, 1038800625, 384, 1038800621, 656, 1038802571, 400, 1038802559, 392, 1038787568, 912, 1038802573, 896, 1038800629, 904, 1038787609, 641, 1038342288, 385, 1038343271, 657, 1038346245, 401, 1038347274, 393, 1038344065, 913, 1038344372, 897, 1038340457, 905, 1038341234, 642, 1037864700, 386, 1037864714, 658, 1037862279, 402, 1037862295, 898, 1037864703, 394, 1037876856, 914, 1037862265, 643, 1038298487, 659, 1038294353, 387, 1038297512, 644, 1021999638, 395, 1038292819, 645, 1021146555, 916, 1022018782, 647, 1021959900, 908, 1022036800, 390, 1021106684, 406, 1021169943, 660, 1022020695, 407, 1021902965, 399, 1021950154, 901, 1021145130, 403, 1038293323, 646, 1021107347, 910, 1021133059, 388, 1022000793, 919, 1021906138, 396, 1022039829, 663, 1021904161, 661, 1021119225, 662, 1021170582, 389, 1021147206, 405, 1021119867, 397, 1021110158, 398, 1021131005, 391, 1021958732, 906, 1037876815, 404, 1022021823, 915, 1038296224, 899, 1038300312, 907, 1038295652, 900, 1021997695, 917, 1021117844, 909, 1021108120, 918, 1021171953, 902, 1021108750, 911, 1021953258, 903, 1021961811]
[INFO] (lattice_cell.c: 455): on tick 47 of 50
[INFO] (lattice_cell.c: 172): the unmatched_packets is 56
[640, 1038756263, 384, 1038756267, 656, 1038744861, 400, 1038744805, 896, 1038756273, 392, 1038742854, 912, 1038744923, 904, 1038742923, 641, 1038350889, 385, 1038351819, 657, 1038348428, 401, 1038349387, 393, 1038348553, 897, 1038349185, 913, 1038346690, 905, 1038345881, 642, 1037897796, 386, 1037897801, 658, 1037908835, 402, 1037908833, 394, 1037910350, 898, 1037897793, 643, 1038310159, 659, 1038307201, 387, 1038309224, 403, 1038306269, 395, 1038307046, 644, 1022053977, 899, 1038311870, 660, 1021999968, 388, 1022055586, 661, 1021152666, 404, 1022001590, 662, 1020953809, 405, 1021153217, 663, 1022091123, 390, 1021033717, 406, 1020953303, 645, 1021079438, 647, 1022008741, 903, 1022011212, 396, 1022021877, 646, 1021034171, 389, 1021079887, 397, 1021130665, 398, 1021017967, 391, 1022007112, 407, 1022089529, 914, 1037908815, 399, 1022026255, 906, 1037910348, 907, 1038309636, 915, 1038308915, 916, 1021997464, 900, 1022051488, 908, 1022017828, 917, 1021151254, 901, 1021078104, 909, 1021128788, 918, 1020955194, 902, 1021035486, 910, 1021019784, 919, 1022093576, 911, 1022030398]
[INFO] (lattice_cell.c: 455): on tick 48 of 50
[INFO] (lattice_cell.c: 172): the unmatched_packets is 56
[640, 1038812038, 384, 1038812034, 656, 1038812177, 400, 1038812165, 392, 1038823490, 912, 1038812193, 896, 1038812040, 904, 1038823482, 641, 1038339400, 385, 1038340382, 657, 1038343449, 401, 1038344476, 897, 1038337568, 393, 1038339738, 913, 1038341594, 905, 1038336920, 642, 1037853115, 386, 1037853114, 658, 1037852924, 402, 1037852936, 394, 1037842163, 643, 1038295493, 387, 1038294514, 898, 1037853114, 660, 1022027271, 906, 1037842182, 645, 1021175012, 661, 1021122313, 388, 1021984397, 899, 1038297327, 646, 1021135525, 396, 1022003038, 389, 1021175511, 647, 1021944098, 663, 1021853341, 908, 1021999729, 405, 1021122879, 397, 1021163048, 917, 1021120993, 909, 1021161211, 403, 1038296439, 395, 1038293535, 911, 1021879430, 903, 1021946090, 404, 1022028543, 662, 1021209302, 659, 1038297449, 644, 1021983171, 390, 1021135041, 406, 1021208775, 398, 1021199588, 391, 1021942854, 407, 1021851918, 399, 1021876048, 914, 1037852919, 915, 1038299280, 907, 1038296373, 916, 1022025236, 900, 1021981168, 901, 1021173766, 918, 1021210530, 902, 1021136773, 910, 1021201249, 919, 1021855535]
[INFO] (lattice_cell.c: 455): on tick 49 of 50
[INFO] (lattice_cell.c: 172): the unmatched_packets is 56
[640, 1038712119, 384, 1038712111, 656, 1038750670, 400, 1038750622, 392, 1038732373, 896, 1038712121, 912, 1038750730, 904, 1038732450, 641, 1038350121, 385, 1038351010, 657, 1038352441, 401, 1038353394, 393, 1038351607, 897, 1038348435, 905, 1038348999, 642, 1037940173, 386, 1037940186, 658, 1037903364, 913, 1038350705, 643, 1038309322, 659, 1038305431, 402, 1037903379, 644, 1022094332, 387, 1038308418, 914, 1037903336, 645, 1021043123, 661, 1021084692, 898, 1037940168, 388, 1022095812, 907, 1038306512, 662, 1020995039, 389, 1021043781, 405, 1021085308, 647, 1022049940, 663, 1022057929, 406, 1020994479, 391, 1022048457, 407, 1022056538, 399, 1022102647, 394, 1037921175, 918, 1020996484, 646, 1020996764, 919, 1022060171, 403, 1038304462, 395, 1038303897, 404, 1022053442, 396, 1022063701, 660, 1022051978, 390, 1020996113, 398, 1020955447, 906, 1037921119, 397, 1021078518, 915, 1038307178, 899, 1038311000, 916, 1022049640, 900, 1022092017, 908, 1022059842, 917, 1021083171, 901, 1021041601, 909, 1021076432, 902, 1020998279, 910, 1020957555, 911, 1022106331, 903, 1022052260]
[INFO] (lattice_cell.c: 455): on tick 50 of 50
[INFO] (lattice_cell.c: 466): updating recording regions
[INFO] (recording.c: 507): 	Finalising channel 0 - state info stored in SDRAM
[INFO] (recording.c: 512): closed channel 0.
[INFO] (lattice_cell.c: 470): Simulation complete.

