[INFO] (lattice_cell.c: 604): starting lattice cell
[INFO] (lattice_cell.c: 526): Initialise: started
[INFO] (data_specification.c: 78): magic = ad130ad6, version = 1.0
[INFO] (lattice_cell.c: 555): my key is 7880
[INFO] (lattice_cell.c: 562): I'm in position ( 30, 25)
[INFO] (lattice_cell.c: 568): my n key is 7624
[INFO] (lattice_cell.c: 574): my U_X = -0.007340715266764164
[INFO] (lattice_cell.c: 575): my U_Y = 0.0004619397805072367
[INFO] (lattice_cell.c: 583): input_buffer initialised
[INFO] (recording.c: 563): Recording 1 regions, using output tag 0, size before trigger 7686388, time between triggers 50
[INFO] (recording.c: 665): Recording channel 0 configured to use 7686132 byte memory block starting at 0x670377d8
[INFO] (lattice_cell.c: 588): Recording flags = 0x00000001
[INFO] (lattice_cell.c: 619): setting timer to execute every 200000 microseconds
[INFO] (lattice_cell.c: 627): Starting

[INFO] (simulation.c: 159): Setting the runtime of this model to 50 starting at 0
[INFO] (simulation.c: 161): Setting the flag of infinite run for this model to 0
[INFO] (simulation.c: 175): Resuming
[INFO] (lattice_cell.c: 455): on tick 0 of 50
[7872, 1038323247, 8128, 1038323247, 7616, 1038323249, 7888, 1037904552, 8144, 1037904556, 7632, 1037904558, 8136, 1037999643, 7624, 1037999647, 8129, 1038345219, 7873, 1038343944, 7617, 1038341873, 8145, 1038341152, 7889, 1038339871, 8137, 1038342807, 7633, 1038337806, 7625, 1038339461, 8130, 1038323247, 7874, 1038323247, 7618, 1038323249, 8146, 1038758220, 7890, 1038758216, 8138, 1038656481, 7634, 1038758224, 8131, 1038301339, 7875, 1038302610, 7619, 1038304673, 8147, 1038297274, 7891, 1038298539, 8139, 1038298927, 8132, 1021568003, 7876, 1021566728, 8148, 1021148057, 7892, 1021146848, 7635, 1038300608, 7627, 1038302261, 8140, 1021243434, 8133, 1021568003, 7877, 1021566728, 8149, 1022004232, 7893, 1022002879, 8141, 1021902203, 7878, 1021525394, 8134, 1021524123, 7637, 1022000696, 8142, 1021856392, 8151, 1021106686, 7630, 1021859872, 8150, 1021957843, 8135, 1021524123, 7639, 1021109828, 8143, 1021201487, 7894, 1021959180, 7879, 1021525394, 7895, 1021107879, 7626, 1038656483, 7620, 1021564657, 7636, 1021144901, 7628, 1021240236, 7621, 1021564657, 7629, 1021898709, 7622, 1021527457, 7638, 1021961369, 7623, 1021527457, 7631, 1021204673]
[INFO] (lattice_cell.c: 455): on tick 1 of 50
[INFO] (lattice_cell.c: 172): the unmatched_packets is 56
[8144, 1037926665, 7888, 1037926649, 8128, 1038323887, 7872, 1038323843, 7632, 1037926639, 7616, 1038323775, 8136, 1038072943, 7624, 1038072867, 8145, 1038347160, 8129, 1038347322, 7889, 1038345929, 7873, 1038346059, 7633, 1038343912, 7617, 1038344010, 8137, 1038345195, 7625, 1038341913, 8146, 1038726105, 8130, 1038322625, 7890, 1038726105, 7874, 1038322657, 8138, 1038575743, 7634, 1038726115, 7618, 1038322709, 7626, 1038575795, 8147, 1038305777, 8131, 1038304003, 7891, 1038307004, 7875, 1038305252, 8139, 1038305907, 8148, 1021077160, 7619, 1038307285, 8132, 1021235973, 7635, 1038309015, 7892, 1021076698, 7876, 1021235556, 8140, 1020994723, 7620, 1021234285, 7877, 1021888636, 7893, 1022069830, 7628, 1020993016, 8141, 1022153340, 8149, 1022071943, 7621, 1021885799, 7895, 1021143595, 8142, 1021676133, 7622, 1021197372, 7623, 1021847831, 8133, 1021890725, 8135, 1021845936, 8134, 1021192436, 8143, 1021367402, 8151, 1021143121, 8150, 1021909760, 7894, 1021911867, 7878, 1021194546, 7879, 1021846452, 7627, 1038309161, 7636, 1021075375, 7637, 1022066966, 7629, 1022148355, 7638, 1021914723, 7630, 1021681116, 7639, 1021144938, 7631, 1021369235]
[INFO] (lattice_cell.c: 455): on tick 2 of 50
[INFO] (lattice_cell.c: 172): the unmatched_packets is 56
[8144, 1037859950, 7888, 1037859952, 8128, 1038324924, 7872, 1038324930, 8136, 1038006884, 7632, 1037859964, 7616, 1038324914, 7624, 1038006900, 8145, 1038342633, 8129, 1038342605, 7889, 1038341356, 7873, 1038341318, 8137, 1038339352, 7633, 1038339277, 7617, 1038339221, 7625, 1038336002, 8146, 1038804113, 8130, 1038324444, 8138, 1038648149, 7890, 1038804107, 7874, 1038324478, 7634, 1038804099, 7618, 1038324508, 7626, 1038648181, 8147, 1038297993, 8131, 1038298177, 8139, 1038300335, 7891, 1038299274, 7875, 1038299464, 7619, 1038301555, 8148, 1021278525, 8132, 1021418555, 8140, 1021329222, 7892, 1021277358, 7876, 1021417247, 7635, 1038301363, 7627, 1038303705, 7628, 1021325968, 8150, 1021968676, 7621, 1021720279, 7895, 1021101555, 7629, 1021815298, 8149, 1021864825, 8133, 1021723539, 8135, 1021682368, 7638, 1021972062, 8143, 1021342089, 7623, 1021685362, 8142, 1021720185, 8141, 1021818662, 7893, 1021863523, 8151, 1021100461, 7877, 1021722278, 7894, 1021969965, 7878, 1021375472, 8134, 1021374209, 7879, 1021683498, 7620, 1021415131, 7636, 1021275437, 7637, 1021861394, 7622, 1021377543, 7630, 1021723576, 7639, 1021103377, 7631, 1021345008]
[INFO] (lattice_cell.c: 455): on tick 3 of 50
[INFO] (lattice_cell.c: 172): the unmatched_packets is 56
[8144, 1037936088, 8128, 1038324434, 7888, 1037936060, 7872, 1038324354, 8136, 1038022932, 7632, 1037936014, 7616, 1038324251, 7624, 1038022786, 8145, 1038347590, 8129, 1038347145, 7889, 1038346365, 8137, 1038345477, 7873, 1038345874, 7633, 1038344356, 7617, 1038343847, 7625, 1038342205, 8146, 1038716410, 8130, 1038322721, 7890, 1038716416, 7874, 1038322747, 8138, 1038627865, 7634, 1038716436, 7618, 1038322801, 7626, 1038627925, 8147, 1038307583, 8131, 1038304324, 8139, 1038306792, 7891, 1038308788, 7875, 1038305541, 7635, 1038310757, 7619, 1038307546, 7627, 1038310000, 8148, 1020953920, 8132, 1021374790, 8140, 1021099211, 7892, 1020953488, 7876, 1021374326, 7620, 1021372987, 7636, 1020952207, 7628, 1021097526, 8149, 1022188922, 8133, 1021753215, 8141, 1022039860, 7893, 1022186839, 7877, 1021751194, 7637, 1022183952, 8150, 1021936503, 7878, 1021331809, 7894, 1021938664, 8134, 1021329659, 7629, 1022034908, 8142, 1021711005, 7895, 1021120303, 8143, 1021332929, 7623, 1021709975, 8151, 1021119734, 8135, 1021707874, 7879, 1021708483, 7621, 1021748412, 7622, 1021334720, 7638, 1021941574, 7630, 1021716134, 7639, 1021121736, 7631, 1021334943]
[INFO] (lattice_cell.c: 455): on tick 4 of 50
[INFO] (lattice_cell.c: 172): the unmatched_packets is 56
[7888, 1037906257, 7872, 1038325568, 8144, 1037906237, 8128, 1038325573, 8136, 1038027960, 7632, 1037906285, 7616, 1038325536, 7624, 1038027962, 8145, 1038340541, 7889, 1038339284, 8129, 1038342800, 7873, 1038341493, 8137, 1038338713, 7633, 1038337219, 7617, 1038339372, 7625, 1038335338, 8146, 1038755468, 8130, 1038324338, 7874, 1038324400, 7890, 1038755478, 8138, 1038627953, 7634, 1038755476, 7618, 1038324492, 7626, 1038628049, 8147, 1038299147, 8131, 1038297893, 7891, 1038300435, 7875, 1038299192, 8139, 1038301122, 7619, 1038301299, 7892, 1021226725, 7876, 1021381725, 8148, 1021227893, 7635, 1038302538, 8140, 1021160067, 8149, 1021917661, 7893, 1021916305, 7628, 1021156903, 8142, 1021727028, 7622, 1021342754, 7879, 1021718868, 7630, 1021730420, 8133, 1021757790, 8141, 1021986215, 7623, 1021720598, 7631, 1021340777, 8132, 1021382977, 8134, 1021339416, 8150, 1021936604, 8135, 1021717869, 7877, 1021756479, 8151, 1021134388, 7878, 1021340691, 7894, 1021937880, 8143, 1021338164, 7895, 1021135333, 7627, 1038304524, 7620, 1021379680, 7636, 1021224797, 7621, 1021754453, 7637, 1021914191, 7629, 1021982746, 7638, 1021939946, 7639, 1021137022]
[INFO] (lattice_cell.c: 455): on tick 5 of 50
[INFO] (lattice_cell.c: 172): the unmatched_packets is 56
[8144, 1037897674, 7888, 1037897628, 8128, 1038325234, 7872, 1038325120, 8136, 1038028887, 7632, 1037897580, 7616, 1038324978, 7624, 1038028704, 8145, 1038346763, 8129, 1038346693, 7889, 1038345548, 7873, 1038345438, 8137, 1038344862, 7633, 1038343556, 7617, 1038343411, 7625, 1038341624, 8146, 1038755472, 8130, 1038322973, 8138, 1038621374, 7890, 1038755458, 7874, 1038323003, 7634, 1038755460, 7618, 1038323077, 7626, 1038621414, 8147, 1038307820, 8131, 1038304276, 8139, 1038307459, 7891, 1038308994, 7875, 1038305483, 7635, 1038310949, 8148, 1021129781, 7619, 1038307458, 8132, 1021369868, 8140, 1021160609, 7892, 1021129290, 7876, 1021369302, 8149, 1022011140, 7636, 1021127951, 7628, 1021158722, 8141, 1021977698, 7629, 1021972939, 7895, 1021124097, 7879, 1021714056, 8151, 1021123401, 8133, 1021758691, 8150, 1021931877, 8143, 1021327252, 7877, 1021756791, 7893, 1022009117, 7878, 1021325089, 7894, 1021934008, 8134, 1021322923, 8142, 1021717513, 8135, 1021713330, 7627, 1038310628, 7620, 1021367840, 7621, 1021754099, 7637, 1022006317, 7638, 1021936941, 7622, 1021328038, 7630, 1021722687, 7639, 1021125665, 7623, 1021715662, 7631, 1021329480]
[INFO] (lattice_cell.c: 455): on tick 6 of 50
[INFO] (lattice_cell.c: 172): the unmatched_packets is 56
[8144, 1037903158, 7888, 1037903180, 8128, 1038326075, 7872, 1038326061, 8136, 1038029674, 7632, 1037903202, 7616, 1038325999, 7624, 1038029659, 8145, 1038339674, 8129, 1038343141, 8137, 1038338753, 7889, 1038338419, 7873, 1038341826, 7633, 1038336340, 7617, 1038339682, 7625, 1038335349, 8146, 1038759849, 8130, 1038324062, 8138, 1038626190, 7890, 1038759877, 7874, 1038324164, 7634, 1038759901, 7618, 1038324304, 7626, 1038626342, 8147, 1038299670, 8131, 1038297872, 7891, 1038300966, 7875, 1038299182, 8139, 1038301011, 7635, 1038303085, 8148, 1021123951, 8132, 1021376040, 7892, 1021122900, 7876, 1021374864, 7627, 1038304434, 8140, 1021172467, 7893, 1022020537, 7877, 1021762076, 7636, 1021121122, 7620, 1021372896, 7628, 1021169511, 8149, 1022021996, 7637, 1022018324, 7895, 1021128109, 8151, 1021127280, 8133, 1021763484, 7630, 1021727135, 8134, 1021332891, 8142, 1021723656, 8135, 1021724714, 8150, 1021946132, 8143, 1021342265, 8141, 1021972329, 7894, 1021947446, 7878, 1021334235, 7619, 1038301305, 7879, 1021725564, 7621, 1021759982, 7629, 1021968670, 7622, 1021336337, 7638, 1021949535, 7623, 1021727132, 7639, 1021129637, 7631, 1021344582]
[INFO] (lattice_cell.c: 455): on tick 7 of 50
[INFO] (lattice_cell.c: 172): the unmatched_packets is 56
[8144, 1037904399, 7888, 1037904347, 8128, 1038325390, 7872, 1038325268, 8136, 1038024899, 7632, 1037904289, 7616, 1038325095, 7624, 1038024676, 8145, 1038346025, 8129, 1038346556, 8137, 1038344076, 7889, 1038344818, 7873, 1038345303, 7633, 1038342847, 7617, 1038343286, 7625, 1038340845, 8146, 1038748566, 8130, 1038322743, 7890, 1038748542, 7874, 1038322789, 8138, 1038625996, 7634, 1038748530, 7618, 1038322865, 7626, 1038626038, 8147, 1038308669, 8131, 1038304402, 8139, 1038307838, 7891, 1038309837, 7875, 1038305598, 7635, 1038311757, 7619, 1038307556, 7627, 1038310963, 8148, 1021119641, 8132, 1021374396, 7892, 1021119048, 7876, 1021373694, 8140, 1021164514, 8149, 1022020936, 7877, 1021753261, 7893, 1022019063, 7636, 1021117554, 7620, 1021372073, 8133, 1021755037, 7628, 1021162369, 8134, 1021325798, 7637, 1022016363, 7895, 1021116913, 8141, 1021974066, 7630, 1021716701, 8150, 1021940532, 7639, 1021118590, 8143, 1021332846, 8142, 1021711577, 8151, 1021116081, 8135, 1021710000, 7894, 1021942613, 7878, 1021327926, 7879, 1021710827, 7621, 1021750716, 7629, 1021969543, 7638, 1021945523, 7622, 1021330885, 7623, 1021712537, 7631, 1021335317]
[INFO] (lattice_cell.c: 455): on tick 8 of 50
[INFO] (lattice_cell.c: 172): the unmatched_packets is 56
[8144, 1037910948, 7888, 1037910964, 8128, 1038326595, 7872, 1038326570, 8136, 1038027141, 7632, 1037910978, 7616, 1038326478, 7624, 1038027092, 8145, 1038339881, 8129, 1038343132, 8137, 1038338438, 7889, 1038338620, 7873, 1038341802, 7633, 1038336538, 7617, 1038339654, 7625, 1038335018, 8146, 1038751246, 8130, 1038323854, 8138, 1038629118, 7890, 1038751280, 7874, 1038323990, 7634, 1038751320, 7618, 1038324166, 7626, 1038629329, 8147, 1038299880, 8131, 1038297656, 8139, 1038301345, 7891, 1038301182, 7875, 1038298970, 7619, 1038301109, 7635, 1038303309, 7627, 1038304790, 8148, 1021134183, 8132, 1021381173, 8140, 1021160736, 7892, 1021133269, 7876, 1021380114, 8149, 1022009717, 8141, 1021982843, 8133, 1021757760, 7893, 1022008136, 7877, 1021756239, 7620, 1021378268, 7628, 1021158054, 8150, 1021945685, 7878, 1021339794, 8134, 1021338378, 8142, 1021723300, 7895, 1021129423, 7638, 1021949210, 7630, 1021726965, 8143, 1021343711, 8135, 1021719716, 8151, 1021128755, 7894, 1021947060, 7879, 1021720397, 7636, 1021131615, 7637, 1022005810, 7621, 1021754088, 7629, 1021978982, 7622, 1021341979, 7623, 1021721806, 7639, 1021130820, 7631, 1021345716]
[INFO] (lattice_cell.c: 455): on tick 9 of 50
[INFO] (lattice_cell.c: 172): the unmatched_packets is 56
[7888, 1037903626, 8144, 1037903672, 8128, 1038325773, 7872, 1038325635, 8136, 1038026083, 7632, 1037903564, 7616, 1038325449, 7624, 1038025857, 8145, 1038345660, 8129, 1038346403, 7889, 1038344457, 7873, 1038345142, 8137, 1038343897, 7617, 1038343114, 7633, 1038342492, 7625, 1038340663, 8146, 1038749313, 8130, 1038322731, 7890, 1038749276, 8138, 1038624774, 7874, 1038322783, 7618, 1038322879, 7634, 1038749254, 7626, 1038624819, 8147, 1038308881, 8131, 1038304349, 8139, 1038308094, 7891, 1038310050, 7875, 1038305523, 7635, 1038311961, 7619, 1038307470, 8148, 1021137805, 7627, 1038311213, 8132, 1021375804, 8140, 1021157599, 7892, 1021137068, 7876, 1021374954, 8149, 1022001915, 8133, 1021754021, 8141, 1021980991, 7620, 1021373170, 7893, 1022000202, 7877, 1021752399, 7628, 1021155152, 8150, 1021933673, 7894, 1021935661, 7621, 1021750016, 8151, 1021122681, 8135, 1021709531, 7639, 1021125424, 7878, 1021328022, 8134, 1021325968, 8142, 1021714151, 7895, 1021123628, 7879, 1021710488, 8143, 1021330505, 7636, 1021135443, 7637, 1021997616, 7629, 1021976760, 7638, 1021938491, 7622, 1021330920, 7630, 1021719169, 7623, 1021712279, 7631, 1021333176]
[INFO] (lattice_cell.c: 455): on tick 10 of 50
[INFO] (lattice_cell.c: 172): the unmatched_packets is 56
[8144, 1037905712, 8128, 1038327050, 7888, 1037905722, 7872, 1038326992, 8136, 1038030160, 7632, 1037905716, 7616, 1038326870, 7624, 1038030064, 8145, 1038339329, 8129, 1038343168, 8137, 1038338403, 7889, 1038338069, 7873, 1038341837, 7633, 1038335987, 7617, 1038339684, 7625, 1038334974, 8146, 1038757042, 8130, 1038323517, 8138, 1038626037, 7890, 1038757085, 7874, 1038323672, 7634, 1038757130, 7618, 1038323890, 7626, 1038626284, 8147, 1038300231, 8131, 1038297668, 8139, 1038301391, 7891, 1038301541, 7875, 1038298972, 7635, 1038303668, 7619, 1038301111, 7627, 1038304844, 8148, 1021134463, 8132, 1021378192, 8140, 1021163464, 7892, 1021133678, 7876, 1021377259, 8149, 1022008607, 8133, 1021760486, 7893, 1022006905, 7877, 1021758839, 7620, 1021375544, 8141, 1021979483, 8150, 1021943394, 8134, 1021335369, 7894, 1021944894, 7628, 1021161042, 7629, 1021975330, 8142, 1021725976, 8135, 1021722793, 8143, 1021341421, 8151, 1021131679, 7878, 1021336931, 7879, 1021723346, 7895, 1021132225, 7636, 1021132175, 7637, 1022004439, 7621, 1021756586, 7638, 1021947120, 7630, 1021729887, 7622, 1021339236, 7639, 1021133486, 7631, 1021343161, 7623, 1021724631]
[INFO] (lattice_cell.c: 455): on tick 11 of 50
[INFO] (lattice_cell.c: 172): the unmatched_packets is 56
[7888, 1037901158, 7872, 1038325863, 8144, 1037901201, 8128, 1038326009, 7616, 1038325661, 7632, 1037901110, 7624, 1038026860, 8136, 1038027092, 7889, 1038344073, 7873, 1038345177, 8145, 1038345276, 8129, 1038346450, 8137, 1038343698, 7617, 1038343143, 7633, 1038342103, 7625, 1038340447, 7890, 1038752036, 7874, 1038322628, 8146, 1038752064, 8130, 1038322560, 8138, 1038623915, 7618, 1038322757, 7634, 1038752005, 7626, 1038623989, 7891, 1038310323, 7875, 1038305490, 8147, 1038309166, 8131, 1038304323, 8139, 1038308135, 7635, 1038312251, 7619, 1038307434, 7627, 1038311248, 8148, 1021126642, 7892, 1021125765, 7876, 1021372651, 8132, 1021373637, 8140, 1021164187, 7636, 1021124001, 7620, 1021370701, 8149, 1022013080, 7628, 1021161447, 8133, 1021756086, 7893, 1022011492, 8141, 1021973937, 7877, 1021754625, 7637, 1022009047, 7621, 1021752392, 8150, 1021936950, 8134, 1021322842, 8151, 1021120382, 7879, 1021713609, 7638, 1021941544, 7630, 1021717742, 8135, 1021712555, 8142, 1021712913, 7894, 1021938825, 7878, 1021324810, 8143, 1021331980, 7895, 1021121455, 7629, 1021969973, 7622, 1021327642, 7639, 1021123331, 7623, 1021715488, 7631, 1021334844]
[INFO] (lattice_cell.c: 455): on tick 12 of 50
[INFO] (lattice_cell.c: 172): the unmatched_packets is 56
[8144, 1037908243, 8128, 1038327450, 7888, 1037908241, 7872, 1038327366, 8136, 1038028925, 7632, 1037908215, 7616, 1038327204, 7624, 1038028773, 8145, 1038339134, 8129, 1038343090, 8137, 1038338078, 7889, 1038337889, 7873, 1038341759, 7633, 1038335825, 7617, 1038339609, 7625, 1038334660, 8146, 1038754274, 8130, 1038323208, 7890, 1038754318, 8138, 1038627438, 7874, 1038323379, 7634, 1038754370, 7618, 1038323623, 7626, 1038627718, 8147, 1038300739, 8131, 1038297731, 8139, 1038301684, 7891, 1038302036, 7875, 1038299033, 7635, 1038304171, 7619, 1038301164, 7627, 1038305132, 8148, 1021127692, 8132, 1021379299, 8140, 1021165120, 7892, 1021127063, 7876, 1021378489, 8149, 1022015370, 8133, 1021759477, 8141, 1021977665, 7893, 1022013509, 7877, 1021757733, 7620, 1021376862, 7636, 1021125698, 7628, 1021162952, 8134, 1021336039, 7621, 1021755357, 8151, 1021127822, 7895, 1021128260, 8135, 1021721872, 8150, 1021946964, 7631, 1021345309, 8143, 1021343786, 8142, 1021723545, 7878, 1021337735, 7894, 1021948592, 7879, 1021722296, 7637, 1022010931, 7629, 1021973265, 7622, 1021340195, 7638, 1021950952, 7630, 1021727763, 7639, 1021129449, 7623, 1021723474]
[INFO] (lattice_cell.c: 455): on tick 13 of 50
[INFO] (lattice_cell.c: 172): the unmatched_packets is 56
[8144, 1037905427, 8128, 1038326287, 7888, 1037905395, 7872, 1038326151, 8136, 1038025848, 7632, 1037905361, 7616, 1038325947, 7624, 1038025625, 8145, 1038345278, 8129, 1038346481, 8137, 1038343634, 7889, 1038344057, 7873, 1038345196, 7633, 1038342086, 7617, 1038343145, 7625, 1038340344, 8146, 1038747652, 8130, 1038322469, 7890, 1038747627, 8138, 1038625318, 7874, 1038322557, 7634, 1038747599, 7618, 1038322718, 7626, 1038625430, 8147, 1038308317, 8131, 1038304098, 8139, 1038307969, 7891, 1038309479, 7875, 1038305269, 7635, 1038311412, 7619, 1038307218, 7627, 1038311100, 8148, 1021131306, 8132, 1021376248, 8140, 1021160211, 7892, 1021130297, 7876, 1021375109, 8149, 1022007271, 8133, 1021753256, 8141, 1021977387, 7893, 1022005805, 7620, 1021373000, 7877, 1021751943, 8150, 1021940649, 8134, 1021324952, 7878, 1021326808, 7894, 1021942369, 7895, 1021121940, 7622, 1021329547, 8151, 1021120794, 8143, 1021333670, 8135, 1021710913, 8142, 1021712555, 7879, 1021712035, 7636, 1021128401, 7628, 1021157205, 7621, 1021749848, 7637, 1022003488, 7629, 1021973661, 7638, 1021944967, 7630, 1021717170, 7639, 1021123891, 7623, 1021713942, 7631, 1021336642]
[INFO] (lattice_cell.c: 455): on tick 14 of 50
[INFO] (lattice_cell.c: 172): the unmatched_packets is 56
[7888, 1037904971, 7872, 1038327710, 8144, 1037904997, 8128, 1038327818, 8136, 1038028835, 7632, 1037904933, 7616, 1038327512, 7624, 1038028631, 7889, 1038337493, 7873, 1038341778, 8145, 1038338732, 8129, 1038343099, 8137, 1038337886, 7633, 1038335446, 7617, 1038339651, 7625, 1038334490, 8146, 1038757689, 8130, 1038322909, 7890, 1038757718, 7874, 1038323091, 8138, 1038627548, 7634, 1038757749, 7618, 1038323360, 7626, 1038627830, 8147, 1038301497, 8131, 1038298055, 7891, 1038302781, 8139, 1038302809, 7875, 1038299343, 7619, 1038301455, 7635, 1038304892, 8148, 1021132294, 8132, 1021379930, 8140, 1021161125, 7892, 1021131799, 7876, 1021379226, 8149, 1022010526, 7877, 1021756828, 7893, 1022008553, 8133, 1021758670, 8141, 1021981889, 7636, 1021130542, 8150, 1021934406, 7637, 1022005840, 7629, 1021977254, 7622, 1021340372, 7638, 1021938738, 7630, 1021725971, 8142, 1021721415, 8151, 1021138419, 8135, 1021720811, 8143, 1021342193, 7631, 1021343554, 8134, 1021335878, 7894, 1021936201, 7878, 1021337747, 7879, 1021721165, 7895, 1021138806, 7627, 1038306232, 7620, 1021377692, 7628, 1021159205, 7621, 1021754358, 7639, 1021139945, 7623, 1021722268]
[INFO] (lattice_cell.c: 455): on tick 15 of 50
[INFO] (lattice_cell.c: 172): the unmatched_packets is 56
[8144, 1037912617, 8128, 1038326601, 7888, 1037912595, 7872, 1038326465, 8136, 1038029920, 7632, 1037912551, 7616, 1038326257, 7624, 1038029706, 8145, 1038345260, 8129, 1038345794, 8137, 1038343571, 7889, 1038344033, 7873, 1038344493, 7633, 1038342044, 7617, 1038342416, 7625, 1038340237, 8146, 1038740406, 8130, 1038322267, 8138, 1038621224, 7890, 1038740396, 7874, 1038322395, 7634, 1038740387, 7618, 1038322593, 7626, 1038621397, 8147, 1038310725, 8131, 1038303019, 8139, 1038307420, 7891, 1038311920, 7875, 1038304197, 7635, 1038313890, 7619, 1038306158, 7627, 1038310584, 8148, 1021138728, 8132, 1021378036, 8140, 1021163318, 7892, 1021137606, 7876, 1021376786, 7620, 1021374554, 7636, 1021135635, 7628, 1021160100, 8149, 1021998744, 8133, 1021754190, 8141, 1021973998, 7893, 1021997381, 7877, 1021752982, 7621, 1021751033, 8150, 1021961571, 8134, 1021326710, 7894, 1021963095, 7878, 1021328437, 7637, 1021995190, 7629, 1021970498, 8142, 1021721442, 7895, 1021092462, 7879, 1021714371, 8151, 1021091288, 8143, 1021327229, 8135, 1021713212, 7639, 1021094434, 7622, 1021331057, 7638, 1021965467, 7630, 1021725759, 7623, 1021716269, 7631, 1021330225]
[INFO] (lattice_cell.c: 455): on tick 16 of 50
[INFO] (lattice_cell.c: 172): the unmatched_packets is 56
[8144, 1037883220, 8128, 1038328056, 7888, 1037883200, 7872, 1038327916, 8136, 1038022016, 7632, 1037883165, 7616, 1038327680, 7624, 1038021786, 8145, 1038338269, 8129, 1038343310, 8137, 1038338362, 7889, 1038337034, 7873, 1038341987, 7633, 1038334997, 7617, 1038339861, 7625, 1038334976, 8146, 1038780200, 8130, 1038322704, 8138, 1038634580, 7890, 1038780203, 7874, 1038322883, 7634, 1038780213, 7618, 1038323148, 7626, 1038634837, 8147, 1038301657, 8131, 1038298689, 8139, 1038300691, 7891, 1038302904, 7875, 1038299956, 7635, 1038304973, 7619, 1038302033, 8148, 1021114291, 8132, 1021371865, 8140, 1021156455, 7892, 1021113866, 7876, 1021371269, 8149, 1022028824, 8133, 1021765829, 8141, 1021983726, 7893, 1022026745, 7877, 1021763949, 7628, 1021154714, 8134, 1021326453, 7621, 1021761435, 7622, 1021331305, 8150, 1021872701, 8135, 1021727795, 8151, 1021200543, 8143, 1021369122, 7631, 1021370433, 8142, 1021703520, 7878, 1021328490, 7894, 1021874728, 7895, 1021200888, 7879, 1021728109, 7627, 1038304060, 7636, 1021112691, 7620, 1021369788, 7637, 1022023921, 7629, 1021978889, 7638, 1021877510, 7630, 1021708503, 7639, 1021201995, 7623, 1021729162]
[INFO] (lattice_cell.c: 455): on tick 17 of 50
[INFO] (lattice_cell.c: 172): the unmatched_packets is 56
[8144, 1037939205, 8128, 1038327117, 7888, 1037939164, 7872, 1038326965, 8136, 1038045600, 7616, 1038326728, 7632, 1037939124, 7624, 1038045356, 8145, 1038344833, 8129, 1038348410, 8137, 1038343392, 7889, 1038343620, 7873, 1038347099, 7617, 1038345011, 7633, 1038341609, 7625, 1038340049, 8146, 1038713126, 8130, 1038321845, 8138, 1038605303, 7890, 1038713126, 7874, 1038322013, 7634, 1038713136, 7618, 1038322269, 7626, 1038605546, 8147, 1038308308, 8131, 1038305158, 8139, 1038307542, 7891, 1038309539, 7875, 1038306357, 7635, 1038311558, 7619, 1038308341, 7627, 1038310783, 8148, 1021148030, 8132, 1021394706, 8140, 1021180010, 7892, 1021146832, 7876, 1021393345, 7636, 1021144803, 7620, 1021391048, 7628, 1021176650, 8149, 1021991949, 8133, 1021727012, 8141, 1021957764, 7893, 1021990647, 7877, 1021725853, 8150, 1022068454, 8134, 1021344117, 8142, 1021774466, 7894, 1022069779, 7878, 1021345689, 7637, 1021988548, 8151, 1020995558, 8135, 1021687033, 7895, 1020996733, 7879, 1021688173, 7622, 1021348178, 8143, 1021274212, 7631, 1021277236, 7621, 1021723943, 7629, 1021954401, 7638, 1022071919, 7630, 1021778430, 7639, 1020998725, 7623, 1021690053]
[INFO] (lattice_cell.c: 455): on tick 18 of 50
[INFO] (lattice_cell.c: 172): the unmatched_packets is 56
[8144, 1037876178, 8128, 1038327998, 8136, 1038001042, 7888, 1037876162, 7872, 1038327869, 7616, 1038327637, 7632, 1037876122, 7624, 1038000830, 8145, 1038338192, 8129, 1038342772, 8137, 1038335420, 7889, 1038336953, 7873, 1038341446, 7617, 1038339330, 7633, 1038334923, 7625, 1038332031, 8146, 1038787031, 8130, 1038322869, 8138, 1038656011, 7890, 1038787029, 7874, 1038323044, 7618, 1038323304, 7634, 1038787043, 7626, 1038656251, 8147, 1038303157, 8131, 1038298657, 8139, 1038303388, 7891, 1038304373, 7875, 1038299902, 7635, 1038306398, 7619, 1038301940, 7627, 1038306690, 8148, 1021116859, 8132, 1021321011, 8140, 1021134288, 7876, 1021320440, 7892, 1021116496, 8149, 1022024259, 8133, 1021818649, 8141, 1022016088, 7877, 1021816773, 7893, 1022022137, 7620, 1021318927, 7636, 1021115351, 8150, 1021785572, 8134, 1021273088, 7878, 1021275305, 7894, 1021787743, 7637, 1022019263, 8142, 1021602436, 7622, 1021278317, 8143, 1021459685, 8151, 1021281553, 8135, 1021781175, 7879, 1021781461, 7895, 1021281927, 7628, 1021132595, 7621, 1021814261, 7629, 1022011184, 7638, 1021790679, 7630, 1021607848, 7639, 1021283049, 7623, 1021782505, 7631, 1021460930]
[INFO] (lattice_cell.c: 455): on tick 19 of 50
[INFO] (lattice_cell.c: 172): the unmatched_packets is 56
[8144, 1037911763, 8128, 1038327751, 7888, 1037911747, 7872, 1038327567, 8136, 1038049375, 7616, 1038327253, 7632, 1037911712, 7624, 1038049065, 8145, 1038346975, 8129, 1038346299, 8137, 1038343909, 7889, 1038345744, 7873, 1038344987, 7617, 1038342879, 7633, 1038343724, 7625, 1038340531, 8146, 1038741944, 8130, 1038321173, 8138, 1038601699, 7890, 1038741934, 7874, 1038321382, 7618, 1038321699, 7634, 1038741932, 7626, 1038601990, 8147, 1038308454, 8131, 1038302491, 8139, 1038306003, 7891, 1038309713, 7875, 1038303714, 7619, 1038305741, 7635, 1038311756, 7627, 1038309332, 8148, 1021135245, 8132, 1021493201, 8140, 1021213582, 7892, 1021134036, 7876, 1021491862, 8149, 1021994873, 8133, 1021637105, 7893, 1021993587, 7877, 1021635958, 8141, 1021922863, 8150, 1022053551, 8134, 1021444654, 7894, 1022054842, 7878, 1021446134, 8142, 1021879367, 7629, 1021919496, 8151, 1021010884, 7638, 1022056965, 8135, 1021597210, 8143, 1021176144, 7895, 1021012039, 7879, 1021598352, 7636, 1021132046, 7620, 1021489608, 7628, 1021210299, 7637, 1021991481, 7621, 1021634088, 7630, 1021883102, 7622, 1021448478, 7623, 1021600252, 7631, 1021179098, 7639, 1021013967]
[INFO] (lattice_cell.c: 455): on tick 20 of 50
[INFO] (lattice_cell.c: 172): the unmatched_packets is 56
[8144, 1037928976, 8128, 1038328242, 7888, 1037928949, 7872, 1038328122, 8136, 1038038162, 7616, 1038327905, 7632, 1037928917, 7624, 1038037957, 8145, 1038338327, 8129, 1038343820, 8137, 1038337756, 7889, 1038337117, 7873, 1038342474, 7617, 1038340352, 7633, 1038335119, 7625, 1038334390, 8146, 1038732662, 8130, 1038322820, 8138, 1038617866, 7890, 1038732651, 7874, 1038323030, 7634, 1038732653, 7618, 1038323317, 7626, 1038618140, 8147, 1038302595, 8131, 1038300259, 8139, 1038303756, 7891, 1038303820, 7875, 1038301447, 7619, 1038303429, 7635, 1038305844, 7627, 1038306972, 8148, 1021108812, 8132, 1021218343, 8140, 1021076687, 7876, 1021217708, 7892, 1021108393, 8149, 1022033524, 7620, 1021216078, 8133, 1021916761, 8141, 1022063928, 7628, 1021074787, 7893, 1022031404, 7877, 1021914908, 8150, 1021916544, 8134, 1021167559, 8142, 1021575737, 7878, 1021169884, 7621, 1021912451, 7629, 1022059081, 7895, 1021154736, 7622, 1021173076, 8135, 1021879962, 8151, 1021154379, 8143, 1021485350, 7894, 1021918657, 7879, 1021880228, 7636, 1021107178, 7637, 1022028534, 7638, 1021921534, 7630, 1021581236, 7639, 1021155903, 7623, 1021881219, 7631, 1021486689]
[INFO] (lattice_cell.c: 455): on tick 21 of 50
[INFO] (lattice_cell.c: 172): the unmatched_packets is 56
[7888, 1037868535, 7872, 1038327503, 8144, 1037868599, 8128, 1038327702, 7632, 1037868471, 7616, 1038327183, 7624, 1037985861, 8136, 1037986197, 7889, 1038342761, 7873, 1038345273, 8145, 1038344017, 8129, 1038346578, 7633, 1038340695, 7617, 1038343160, 7625, 1038338749, 8137, 1038342169, 7890, 1038785807, 7874, 1038321411, 8146, 1038785807, 8130, 1038321227, 7618, 1038321711, 7634, 1038785840, 7626, 1038666576, 8138, 1038666297, 8147, 1038309296, 7891, 1038310528, 7875, 1038303488, 8131, 1038302219, 8139, 1038306554, 7635, 1038312564, 7619, 1038305557, 7627, 1038309927, 8148, 1021201914, 8132, 1021519302, 7876, 1021517980, 7892, 1021200798, 8140, 1021289677, 8149, 1021936198, 7877, 1021608877, 7893, 1021934899, 8133, 1021610000, 8141, 1021851089, 7636, 1021198948, 8150, 1021910033, 7621, 1021607072, 7895, 1021151271, 7638, 1021913596, 8143, 1021277398, 7639, 1021153229, 8134, 1021471323, 8142, 1021775322, 8135, 1021571753, 8151, 1021150059, 7631, 1021280228, 7894, 1021911395, 7878, 1021472780, 7879, 1021572845, 7620, 1021515774, 7628, 1021286560, 7637, 1021932784, 7629, 1021847646, 7630, 1021779288, 7622, 1021475097, 7623, 1021574628]
[INFO] (lattice_cell.c: 455): on tick 22 of 50
[INFO] (lattice_cell.c: 172): the unmatched_packets is 56
[8144, 1037937464, 8128, 1038328886, 7888, 1037937472, 7872, 1038328742, 8136, 1038072738, 7616, 1038328467, 7632, 1037937480, 7624, 1038072526, 8145, 1038339363, 8129, 1038342674, 7889, 1038338159, 7873, 1038341351, 8137, 1038337745, 7617, 1038339248, 7633, 1038336183, 7625, 1038334377, 8146, 1038724794, 8130, 1038322020, 7890, 1038724782, 7874, 1038322284, 8138, 1038583158, 7634, 1038724762, 7618, 1038322664, 7626, 1038583485, 8147, 1038302930, 8131, 1038299627, 8139, 1038302795, 7891, 1038304180, 7875, 1038300804, 7619, 1038302763, 7635, 1038306194, 7627, 1038306039, 8148, 1020997721, 8132, 1021321696, 8140, 1021022247, 7892, 1020997210, 7876, 1021321009, 8149, 1022140751, 7893, 1022138664, 7877, 1021816318, 8133, 1021818228, 8141, 1022121032, 7620, 1021319341, 7628, 1021020267, 7894, 1021948651, 7878, 1021273074, 7637, 1022135814, 8150, 1021946584, 8134, 1021270788, 8142, 1021748728, 7879, 1021779796, 7638, 1021951547, 8151, 1021125384, 8135, 1021779462, 8143, 1021317659, 7623, 1021780887, 7895, 1021125707, 7636, 1020995840, 7621, 1021813766, 7629, 1022116183, 7622, 1021276211, 7630, 1021754066, 7639, 1021126843, 7631, 1021318939]
[INFO] (lattice_cell.c: 455): on tick 23 of 50
[INFO] (lattice_cell.c: 172): the unmatched_packets is 56
[8144, 1037879828, 8128, 1038328104, 7888, 1037879776, 7872, 1038327895, 8136, 1038020780, 7632, 1037879700, 7616, 1038327561, 7624, 1038020423, 8145, 1038344758, 8129, 1038348150, 8137, 1038343527, 7889, 1038343517, 7873, 1038346783, 7617, 1038344611, 7633, 1038341462, 7625, 1038340075, 8146, 1038773897, 8130, 1038321262, 8138, 1038630223, 7890, 1038773872, 7874, 1038321468, 7618, 1038321786, 7634, 1038773872, 7626, 1038630501, 8147, 1038308314, 8131, 1038303301, 8139, 1038307169, 7891, 1038309571, 7875, 1038304537, 7619, 1038306589, 7635, 1038311646, 7627, 1038310503, 8148, 1021276262, 8132, 1021346665, 8140, 1021255379, 7892, 1021275227, 7876, 1021345445, 7620, 1021343314, 7636, 1021273483, 7628, 1021252318, 8149, 1021859612, 8133, 1021775523, 8141, 1021878239, 7893, 1021858260, 7877, 1021774508, 8150, 1021974218, 8134, 1021297701, 8142, 1021674984, 7894, 1021975630, 7878, 1021299325, 7637, 1021856101, 7621, 1021772885, 8151, 1021089404, 8135, 1021740257, 7895, 1021090574, 7879, 1021741301, 7638, 1021977814, 8143, 1021375769, 7639, 1021092493, 7631, 1021378617, 7629, 1021874949, 7622, 1021301820, 7630, 1021679068, 7623, 1021742988]
[INFO] (lattice_cell.c: 455): on tick 24 of 50
[INFO] (lattice_cell.c: 172): the unmatched_packets is 56
[8144, 1037924899, 8128, 1038328694, 7888, 1037924897, 7872, 1038328560, 8136, 1038008190, 7632, 1037924878, 7616, 1038328290, 7624, 1038007965, 8145, 1038337536, 8129, 1038341742, 8137, 1038335522, 7889, 1038336323, 7873, 1038340466, 7633, 1038334349, 7617, 1038338419, 7625, 1038332191, 8146, 1038737516, 8130, 1038322079, 8138, 1038649198, 7890, 1038737533, 7874, 1038322337, 7618, 1038322703, 7634, 1038737564, 7626, 1038649573, 8147, 1038303435, 8131, 1038299141, 8139, 1038303230, 7891, 1038304666, 7875, 1038300339, 7619, 1038302311, 7635, 1038306662, 7627, 1038306472, 8148, 1021030403, 8132, 1021423676, 8140, 1021164416, 7892, 1021029829, 7876, 1021422786, 7620, 1021420910, 7636, 1021028406, 7628, 1021162187, 8149, 1022114292, 8133, 1021720469, 8141, 1021985842, 7893, 1022112197, 7877, 1021718522, 8150, 1021927943, 8134, 1021371156, 7894, 1021929946, 7878, 1021373328, 8142, 1021714721, 7621, 1021715938, 7637, 1022109307, 7629, 1021980780, 7622, 1021376400, 8151, 1021142121, 8135, 1021681401, 8143, 1021348338, 7623, 1021682817, 7895, 1021142547, 7879, 1021681736, 7638, 1021932792, 7630, 1021720104, 7639, 1021143800, 7631, 1021349702]
[INFO] (lattice_cell.c: 455): on tick 25 of 50
[INFO] (lattice_cell.c: 172): the unmatched_packets is 56
[8128, 1038328412, 8144, 1037905598, 8136, 1038038357, 7888, 1037905543, 7872, 1038328182, 7616, 1038327796, 7632, 1037905488, 7624, 1038037996, 8129, 1038347947, 8145, 1038346446, 8137, 1038344512, 7889, 1038345169, 7873, 1038346558, 7633, 1038343081, 7617, 1038344336, 7625, 1038340941, 8130, 1038320686, 8146, 1038747583, 8138, 1038613145, 7890, 1038747544, 7874, 1038320904, 7634, 1038747509, 7618, 1038321250, 7626, 1038613426, 8131, 1038302708, 8147, 1038309107, 8139, 1038306718, 7891, 1038310367, 7875, 1038303929, 7635, 1038312439, 7619, 1038305988, 7627, 1038310081, 8148, 1021146985, 8132, 1021378367, 8140, 1021106831, 7892, 1021146037, 7876, 1021377309, 8149, 1021980186, 8133, 1021744921, 8141, 1022024739, 7893, 1021978875, 7877, 1021743871, 7636, 1021144342, 7628, 1021104144, 8150, 1021912726, 8134, 1021331102, 8142, 1021742299, 7894, 1021914214, 7878, 1021332796, 7895, 1021151072, 7622, 1021335307, 8143, 1021312147, 7630, 1021746577, 8151, 1021149990, 8135, 1021709741, 7879, 1021710715, 7620, 1021375370, 7637, 1021976818, 7629, 1022021519, 7621, 1021742191, 7638, 1021916506, 7639, 1021152846, 7623, 1021712346, 7631, 1021314677]
[INFO] (lattice_cell.c: 455): on tick 26 of 50
[INFO] (lattice_cell.c: 172): the unmatched_packets is 56
[8144, 1037891456, 8128, 1038329563, 7888, 1037891459, 7872, 1038329399, 8136, 1038043998, 7632, 1037891449, 7616, 1038329085, 7624, 1038043767, 8145, 1038336726, 8129, 1038341977, 8137, 1038336074, 7889, 1038335562, 7873, 1038340703, 7633, 1038333633, 7617, 1038338650, 7625, 1038332833, 8146, 1038771880, 8130, 1038321769, 8138, 1038611964, 7890, 1038771890, 7874, 1038322075, 7618, 1038322503, 7634, 1038771897, 7626, 1038612353, 8147, 1038303060, 8131, 1038299679, 8139, 1038303305, 7891, 1038304294, 7875, 1038300862, 7635, 1038306301, 7619, 1038302803, 7627, 1038306524, 8148, 1021171014, 8132, 1021357080, 8140, 1021185760, 7876, 1021356057, 7892, 1021170269, 7620, 1021354022, 7636, 1021168684, 7628, 1021183113, 8149, 1021976368, 8133, 1021785242, 8141, 1021961747, 7893, 1021974218, 7877, 1021783421, 7621, 1021780917, 7637, 1021971242, 7629, 1021956799, 8150, 1021955195, 8134, 1021303106, 8142, 1021722301, 7894, 1021957104, 7878, 1021305239, 8151, 1021114578, 8135, 1021746191, 8143, 1021341470, 7895, 1021115110, 7879, 1021746609, 7638, 1021959865, 7622, 1021308303, 7630, 1021727443, 7623, 1021747793, 7639, 1021116455, 7631, 1021343099]
[INFO] (lattice_cell.c: 455): on tick 27 of 50
[INFO] (lattice_cell.c: 172): the unmatched_packets is 56
[8144, 1037906477, 8128, 1038328328, 8136, 1038019546, 7888, 1037906416, 7872, 1038328100, 7632, 1037906340, 7616, 1038327731, 7624, 1038019157, 8145, 1038345743, 8129, 1038348372, 8137, 1038344001, 7889, 1038344436, 7873, 1038346963, 7633, 1038342300, 7617, 1038344741, 7625, 1038340409, 8146, 1038747222, 8130, 1038320742, 8138, 1038631978, 7890, 1038747191, 7874, 1038320956, 7634, 1038747161, 7618, 1038321308, 7626, 1038632273, 8147, 1038308659, 8131, 1038302907, 8139, 1038306667, 7891, 1038309927, 7875, 1038304129, 7635, 1038312016, 7619, 1038306192, 7627, 1038310042, 8148, 1021093382, 8132, 1021371697, 8140, 1021190488, 7892, 1021092672, 7876, 1021370715, 7636, 1021091223, 7620, 1021368824, 7628, 1021188063, 8149, 1022038366, 8133, 1021750044, 8141, 1021941870, 7877, 1021748961, 7893, 1022037003, 8150, 1021960641, 8134, 1021323161, 8142, 1021696561, 7878, 1021325010, 7894, 1021962270, 7621, 1021747297, 8151, 1021105220, 8135, 1021717249, 8143, 1021356381, 7879, 1021718059, 7895, 1021106175, 7637, 1022034876, 7629, 1021938434, 7638, 1021964619, 7622, 1021327708, 7630, 1021701111, 7623, 1021719482, 7639, 1021107823, 7631, 1021358710]
[INFO] (lattice_cell.c: 455): on tick 28 of 50
[INFO] (lattice_cell.c: 172): the unmatched_packets is 56
[7888, 1037921856, 7872, 1038329308, 8144, 1037921862, 8128, 1038329479, 8136, 1038020949, 7632, 1037921837, 7616, 1038328994, 7624, 1038020666, 8145, 1038337142, 7889, 1038335975, 8129, 1038341622, 7873, 1038340366, 8137, 1038335320, 7633, 1038334066, 7617, 1038338335, 7625, 1038332047, 8146, 1038740174, 8130, 1038321450, 8138, 1038636291, 7890, 1038740191, 7874, 1038321769, 7634, 1038740220, 7618, 1038322209, 7626, 1038636743, 8147, 1038303907, 8131, 1038299497, 8139, 1038303683, 7891, 1038305144, 7875, 1038300673, 7635, 1038307133, 7619, 1038302626, 7627, 1038306918, 8148, 1021118081, 8132, 1021402697, 8140, 1021150326, 7892, 1021117181, 7876, 1021401550, 7620, 1021399374, 8149, 1022026247, 8133, 1021741728, 8141, 1021999584, 7893, 1022024253, 7877, 1021739951, 7636, 1021115433, 7628, 1021147513, 8150, 1021932295, 8134, 1021348644, 7894, 1021934086, 7878, 1021350623, 8142, 1021717789, 7637, 1022021413, 7629, 1021994778, 8151, 1021136250, 8135, 1021701925, 7622, 1021353563, 8143, 1021344638, 7879, 1021702452, 7895, 1021136902, 7621, 1021737495, 7638, 1021936767, 7630, 1021722802, 7639, 1021138407, 7631, 1021346463, 7623, 1021703766]
[INFO] (lattice_cell.c: 455): on tick 29 of 50
[INFO] (lattice_cell.c: 172): the unmatched_packets is 56
[8144, 1037900081, 8128, 1038328864, 7888, 1037900046, 7872, 1038328608, 8136, 1038033838, 7632, 1037899996, 7616, 1038328200, 7624, 1038033463, 8145, 1038346284, 8129, 1038348064, 8137, 1038344404, 7889, 1038344979, 7873, 1038346638, 7633, 1038342851, 7617, 1038344396, 7625, 1038340775, 8146, 1038753286, 8130, 1038320495, 8138, 1038617564, 7890, 1038753232, 7874, 1038320735, 7634, 1038753185, 7618, 1038321131, 7626, 1038617871, 8147, 1038307897, 8131, 1038302510, 8139, 1038306523, 7891, 1038309166, 7875, 1038303730, 7635, 1038311266, 7619, 1038305775, 7627, 1038309895, 8148, 1021152754, 8132, 1021375242, 8140, 1021135988, 7892, 1021152109, 7876, 1021374421, 7620, 1021372654, 7636, 1021150722, 7628, 1021133786, 8149, 1021974960, 8133, 1021746990, 8141, 1021994974, 7893, 1021973468, 7877, 1021745802, 8150, 1021923644, 8134, 1021327061, 7894, 1021925383, 7878, 1021329022, 8142, 1021729490, 7637, 1021971234, 7629, 1021991436, 7895, 1021144836, 8135, 1021714469, 8143, 1021326209, 7638, 1021927870, 8151, 1021144005, 7623, 1021716479, 7879, 1021715162, 7621, 1021744065, 7622, 1021331840, 7630, 1021734313, 7639, 1021146361, 7631, 1021328182]
[INFO] (lattice_cell.c: 455): on tick 30 of 50
[INFO] (lattice_cell.c: 172): the unmatched_packets is 56
[8144, 1037896411, 8128, 1038330111, 7888, 1037896399, 8136, 1038038952, 7872, 1038329911, 7632, 1037896366, 7616, 1038329546, 7624, 1038038660, 8145, 1038336540, 8129, 1038342024, 8137, 1038335885, 7889, 1038335380, 7873, 1038340747, 7633, 1038333449, 7617, 1038338713, 7625, 1038332633, 8146, 1038766986, 8130, 1038321142, 8138, 1038617257, 7890, 1038766999, 7874, 1038321470, 7634, 1038767025, 7618, 1038321966, 7626, 1038617697, 8147, 1038304177, 8131, 1038299866, 8139, 1038304354, 7891, 1038305424, 7875, 1038301045, 7635, 1038307426, 7619, 1038302984, 7627, 1038307589, 8148, 1021140701, 8132, 1021370096, 8140, 1021179117, 7892, 1021139713, 7876, 1021368811, 7636, 1021137888, 7620, 1021366515, 8149, 1022006240, 8133, 1021772525, 8141, 1021969222, 7628, 1021175981, 7877, 1021770937, 7893, 1022004301, 8150, 1021945206, 8134, 1021315251, 8142, 1021721281, 7894, 1021946891, 7878, 1021317165, 7637, 1022001493, 8151, 1021121363, 8135, 1021733314, 7638, 1021949442, 8143, 1021338108, 7879, 1021733966, 7895, 1021122170, 7621, 1021768632, 7629, 1021964636, 7622, 1021320033, 7630, 1021726074, 7639, 1021123798, 7623, 1021735382, 7631, 1021340215]
[INFO] (lattice_cell.c: 455): on tick 31 of 50
[INFO] (lattice_cell.c: 172): the unmatched_packets is 56
[8144, 1037904773, 8128, 1038328804, 7888, 1037904720, 7872, 1038328565, 8136, 1038024934, 7632, 1037904679, 7616, 1038328177, 7624, 1038024555, 8145, 1038345624, 8129, 1038347366, 8137, 1038343801, 7889, 1038344308, 7873, 1038345944, 7633, 1038342170, 7617, 1038343696, 7625, 1038340162, 8146, 1038748987, 8130, 1038320347, 8138, 1038626665, 7890, 1038748948, 7874, 1038320606, 7634, 1038748915, 7618, 1038321022, 7626, 1038627003, 8147, 1038310149, 8131, 1038301920, 8139, 1038306000, 7891, 1038311421, 7875, 1038303129, 7635, 1038313521, 7619, 1038305167, 7627, 1038309375, 8148, 1021103049, 8132, 1021372615, 8140, 1021177778, 7876, 1021371852, 7892, 1021102559, 7620, 1021370148, 7636, 1021101285, 7628, 1021175794, 8149, 1022027552, 8133, 1021752697, 8141, 1021954472, 7877, 1021751409, 7893, 1022025930, 7621, 1021749589, 8150, 1021952039, 8134, 1021323001, 8142, 1021706564, 7637, 1022023604, 7878, 1021325139, 7894, 1021953873, 8151, 1021109018, 7879, 1021721950, 7895, 1021109674, 8143, 1021349947, 7622, 1021328091, 8135, 1021721441, 7629, 1021950599, 7638, 1021956452, 7630, 1021711660, 7623, 1021723057, 7639, 1021111045, 7631, 1021351664]
[INFO] (lattice_cell.c: 455): on tick 32 of 50
[INFO] (lattice_cell.c: 172): the unmatched_packets is 56
[8144, 1037918883, 8128, 1038330134, 8136, 1038024389, 7888, 1037918868, 7872, 1038329914, 7632, 1037918829, 7616, 1038329535, 7624, 1038024047, 8145, 1038337256, 8129, 1038342475, 8137, 1038336332, 7889, 1038336095, 7873, 1038341208, 7633, 1038334171, 7617, 1038339159, 7625, 1038333048, 8146, 1038743197, 8130, 1038320915, 8138, 1038632636, 7890, 1038743193, 7874, 1038321248, 7634, 1038743198, 7618, 1038321743, 7626, 1038633103, 8147, 1038304500, 8131, 1038300158, 8139, 1038302407, 7891, 1038305723, 7875, 1038301330, 7635, 1038307715, 7619, 1038303286, 7627, 1038305649, 8148, 1021125859, 8140, 1021157928, 8132, 1021392516, 7892, 1021124751, 7876, 1021391125, 7620, 1021388716, 7636, 1021122834, 7628, 1021154681, 8149, 1022018200, 8133, 1021748581, 8141, 1021987593, 7893, 1022016410, 7877, 1021747116, 8150, 1021941363, 8134, 1021337854, 7878, 1021339648, 7894, 1021942977, 7621, 1021744966, 7637, 1022013755, 8142, 1021717748, 7879, 1021710464, 7895, 1021126085, 8143, 1021350059, 8135, 1021709676, 8151, 1021125088, 7623, 1021711977, 7639, 1021127883, 7629, 1021983251, 7622, 1021342413, 7638, 1021945483, 7630, 1021722401, 7631, 1021352413]
[INFO] (lattice_cell.c: 455): on tick 33 of 50
[INFO] (lattice_cell.c: 172): the unmatched_packets is 56
[8144, 1037901449, 8128, 1038329264, 7888, 1037901424, 7872, 1038329013, 8136, 1038028947, 7632, 1037901387, 7616, 1038328595, 7624, 1038028580, 8145, 1038344945, 8129, 1038349129, 8137, 1038343310, 7889, 1038343637, 7873, 1038347713, 7633, 1038341523, 7617, 1038345486, 7625, 1038339673, 8146, 1038752001, 8130, 1038320162, 8138, 1038622657, 7890, 1038751960, 7874, 1038320453, 7634, 1038751934, 7618, 1038320906, 7626, 1038623034, 8147, 1038307246, 8131, 1038303936, 8139, 1038306097, 7891, 1038308554, 7875, 1038305146, 7635, 1038310681, 7619, 1038307172, 7627, 1038309488, 8148, 1021143432, 8132, 1021376116, 8140, 1021144718, 7892, 1021142988, 7876, 1021375429, 8149, 1021988591, 8133, 1021741496, 8141, 1021989664, 7636, 1021141760, 7620, 1021373785, 7877, 1021740048, 7893, 1021986832, 7628, 1021142845, 8150, 1021924345, 8134, 1021326113, 8142, 1021721940, 7894, 1021926204, 7878, 1021328335, 8151, 1021146946, 7895, 1021147420, 8135, 1021709877, 7622, 1021331408, 7638, 1021928793, 8143, 1021335734, 7623, 1021711256, 7879, 1021710252, 7639, 1021148646, 7637, 1021984353, 7621, 1021738071, 7629, 1021985565, 7630, 1021727183, 7631, 1021337083]
[INFO] (lattice_cell.c: 455): on tick 34 of 50
[INFO] (lattice_cell.c: 172): the unmatched_packets is 56
[8144, 1037905947, 8128, 1038330526, 7888, 1037905920, 7872, 1038330284, 8136, 1038038711, 7632, 1037905892, 7616, 1038329869, 7624, 1038038368, 8145, 1038337550, 8129, 1038342888, 8137, 1038334778, 7889, 1038336365, 7873, 1038341567, 7633, 1038334415, 7617, 1038339482, 7625, 1038331451, 8146, 1038757035, 8130, 1038320693, 8138, 1038617602, 7890, 1038757013, 7874, 1038321037, 7634, 1038757006, 7618, 1038321544, 7626, 1038618040, 8147, 1038306405, 8131, 1038300239, 8139, 1038305122, 7891, 1038307614, 7875, 1038301395, 7635, 1038309591, 7619, 1038303331, 7627, 1038308339, 8148, 1021142501, 8132, 1021376862, 8140, 1021172905, 7892, 1021141338, 7876, 1021375448, 7620, 1021373043, 7636, 1021139406, 7628, 1021169526, 8149, 1021999735, 8133, 1021762553, 8141, 1021979733, 7893, 1021998056, 7877, 1021761303, 8150, 1021950967, 8134, 1021322110, 8142, 1021726179, 7894, 1021952602, 7878, 1021323876, 7637, 1021995491, 8151, 1021107412, 7622, 1021326627, 8143, 1021330493, 7630, 1021730838, 8135, 1021724878, 7879, 1021725784, 7631, 1021333121, 7895, 1021108568, 7621, 1021759383, 7629, 1021975709, 7638, 1021955116, 7639, 1021110495, 7623, 1021727418]
[INFO] (lattice_cell.c: 455): on tick 35 of 50
[INFO] (lattice_cell.c: 172): the unmatched_packets is 56
[7888, 1037887346, 7872, 1038329353, 8144, 1037887380, 8128, 1038329617, 8136, 1038024453, 7632, 1037887306, 7616, 1038328914, 7624, 1038024057, 8145, 1038346291, 7889, 1038345007, 8129, 1038346065, 7873, 1038344688, 8137, 1038342786, 7633, 1038342908, 7617, 1038342504, 7625, 1038339218, 8146, 1038767008, 8130, 1038319690, 7890, 1038766975, 8138, 1038627215, 7874, 1038320022, 7634, 1038766959, 7618, 1038320529, 7626, 1038627643, 8147, 1038307490, 8131, 1038301269, 7891, 1038308811, 7875, 1038302489, 8139, 1038304071, 7635, 1038310948, 7619, 1038304518, 7627, 1038307511, 8148, 1021101204, 8132, 1021368187, 7892, 1021100829, 7876, 1021367489, 8140, 1021170188, 7636, 1021099643, 7620, 1021365774, 7628, 1021168341, 8149, 1022025107, 8133, 1021761843, 8141, 1021965466, 7893, 1022023210, 7877, 1021760216, 8150, 1021910964, 8134, 1021317006, 7894, 1021912853, 8142, 1021701907, 7878, 1021319289, 7637, 1022020565, 7621, 1021758066, 8151, 1021160992, 8135, 1021730000, 7895, 1021161371, 7879, 1021730212, 8143, 1021363007, 7622, 1021322425, 7630, 1021707174, 7629, 1021960954, 7638, 1021915475, 7639, 1021162498, 7623, 1021731065, 7631, 1021364150]
[INFO] (lattice_cell.c: 455): on tick 36 of 50
[INFO] (lattice_cell.c: 172): the unmatched_packets is 56
[7888, 1037938029, 7872, 1038330073, 8144, 1037938051, 8128, 1038330306, 8136, 1038037189, 7632, 1037937992, 7616, 1038329680, 7624, 1038036835, 7889, 1038337166, 8145, 1038338371, 7873, 1038343828, 8129, 1038345190, 8137, 1038337715, 7633, 1038335155, 7617, 1038341688, 7625, 1038334260, 8146, 1038723579, 8130, 1038320788, 7874, 1038321129, 7890, 1038723555, 8138, 1038619461, 7634, 1038723538, 7618, 1038321629, 7626, 1038619919, 8147, 1038304032, 8131, 1038302105, 7875, 1038303244, 7891, 1038305246, 8139, 1038305152, 7635, 1038307247, 7619, 1038305165, 7627, 1038308348, 8148, 1021135152, 8132, 1021397067, 7892, 1021133965, 7876, 1021395612, 8140, 1021174621, 7636, 1021132002, 7620, 1021393142, 7628, 1021171274, 8149, 1022005232, 8133, 1021733298, 8141, 1021965462, 7893, 1022003741, 7877, 1021732249, 8150, 1022026297, 8134, 1021341724, 8142, 1021746184, 7894, 1022027826, 7637, 1022001370, 7878, 1021343490, 7621, 1021730550, 7629, 1021961791, 7895, 1021044235, 7879, 1021698857, 8151, 1021043016, 7638, 1022030236, 8135, 1021697864, 8143, 1021310754, 7622, 1021346256, 7630, 1021750827, 7639, 1021046204, 7623, 1021700495, 7631, 1021313495]
[INFO] (lattice_cell.c: 455): on tick 37 of 50
[INFO] (lattice_cell.c: 172): the unmatched_packets is 56
[8144, 1037876982, 8128, 1038330071, 7888, 1037876961, 7872, 1038329776, 8136, 1038009100, 7632, 1037876919, 7616, 1038329301, 7624, 1038008658, 8145, 1038343125, 8129, 1038345597, 8137, 1038340258, 7889, 1038341868, 7873, 1038344249, 7633, 1038339816, 7617, 1038342109, 7625, 1038336766, 8146, 1038777131, 8130, 1038319387, 8138, 1038643019, 7890, 1038777096, 7874, 1038319723, 7634, 1038777064, 7618, 1038320258, 7626, 1038643485, 8147, 1038311438, 8131, 1038301289, 8139, 1038306752, 7891, 1038312735, 7875, 1038302514, 7635, 1038314825, 7619, 1038304553, 7627, 1038310175, 8148, 1021121090, 8132, 1021348070, 8140, 1021132888, 7892, 1021120671, 7876, 1021347394, 7636, 1021119451, 7620, 1021345738, 7628, 1021131051, 8149, 1022016146, 8133, 1021783477, 8141, 1022012243, 7893, 1022014045, 7877, 1021781702, 8150, 1021808323, 8134, 1021296842, 8142, 1021644534, 7621, 1021779397, 7637, 1022011200, 7629, 1022007402, 7878, 1021299141, 7894, 1021810396, 8151, 1021246508, 8135, 1021749913, 8143, 1021410646, 7879, 1021750072, 7895, 1021246881, 7638, 1021813194, 7630, 1021650054, 7622, 1021302307, 7623, 1021750897, 7639, 1021248017, 7631, 1021411685]
[INFO] (lattice_cell.c: 455): on tick 38 of 50
[INFO] (lattice_cell.c: 172): the unmatched_packets is 56
[8144, 1037929637, 8128, 1038330773, 7888, 1037929619, 7872, 1038330540, 8136, 1038056114, 7632, 1037929586, 7616, 1038330116, 7624, 1038055760, 8145, 1038340588, 8129, 1038343149, 8137, 1038338421, 7889, 1038339328, 7873, 1038341758, 7633, 1038337300, 7617, 1038339563, 7625, 1038334895, 8146, 1038732786, 8130, 1038320448, 8138, 1038600026, 7890, 1038732749, 7874, 1038320820, 7634, 1038732714, 7618, 1038321372, 7626, 1038600492, 8147, 1038301438, 8131, 1038299544, 8139, 1038301026, 7891, 1038302720, 7875, 1038300676, 7635, 1038304785, 7619, 1038302603, 7627, 1038304285, 8148, 1021153514, 8132, 1021453427, 8140, 1021198468, 7892, 1021152347, 7876, 1021451952, 7636, 1021150417, 7620, 1021449496, 7628, 1021195024, 8149, 1021977675, 8133, 1021684954, 8141, 1021940274, 7893, 1021976303, 7877, 1021684013, 7621, 1021682452, 7637, 1021974079, 7629, 1021936931, 8150, 1022076360, 8134, 1021398418, 8142, 1021844916, 7894, 1022077697, 7878, 1021400156, 8151, 1021003238, 8135, 1021651241, 7895, 1021004371, 7879, 1021652238, 8143, 1021228739, 7622, 1021402875, 7639, 1021006319, 7638, 1022079888, 7630, 1021849284, 7623, 1021653847, 7631, 1021231421]
[INFO] (lattice_cell.c: 455): on tick 39 of 50
[INFO] (lattice_cell.c: 172): the unmatched_packets is 56
[8144, 1037892372, 8128, 1038330090, 8136, 1038017699, 7888, 1037892327, 7872, 1038329794, 7632, 1037892268, 7616, 1038329310, 7624, 1038017272, 8145, 1038342712, 8129, 1038349247, 8137, 1038342318, 7889, 1038341480, 7873, 1038347902, 7633, 1038339450, 7617, 1038345773, 7625, 1038338860, 8146, 1038761435, 8130, 1038319370, 8138, 1038633932, 7890, 1038761410, 7874, 1038319709, 7634, 1038761413, 7618, 1038320244, 7626, 1038634368, 8147, 1038310988, 8131, 1038305465, 8139, 1038309436, 7891, 1038312213, 7875, 1038306662, 7635, 1038314243, 7619, 1038308664, 7627, 1038312771, 8148, 1021104205, 8132, 1021251274, 8140, 1021104141, 7892, 1021103800, 7876, 1021250601, 7620, 1021248868, 7636, 1021102592, 7628, 1021102265, 8149, 1022034724, 8133, 1021865691, 8141, 1022031977, 7893, 1022032545, 7877, 1021863947, 8150, 1021833882, 8134, 1021197784, 7894, 1021836109, 7878, 1021200205, 7621, 1021861646, 8142, 1021565929, 8151, 1021223682, 7895, 1021224186, 7879, 1021832471, 7622, 1021203532, 7630, 1021571847, 8135, 1021832310, 8143, 1021477957, 7639, 1021225478, 7637, 1022029560, 7629, 1022026926, 7638, 1021839104, 7631, 1021479118, 7623, 1021833332]
[INFO] (lattice_cell.c: 455): on tick 40 of 50
[INFO] (lattice_cell.c: 172): the unmatched_packets is 56
[8144, 1037889169, 8128, 1038331137, 7888, 1037889170, 7872, 1038330883, 8136, 1038021776, 7632, 1037889177, 7616, 1038330427, 7624, 1038021404, 8145, 1038337931, 8129, 1038340921, 8137, 1038334400, 7889, 1038336654, 7873, 1038339533, 7633, 1038334587, 7617, 1038337353, 7625, 1038330830, 8146, 1038774441, 8130, 1038319934, 8138, 1038635417, 7890, 1038774401, 7874, 1038320337, 7634, 1038774360, 7618, 1038320948, 7626, 1038635931, 8147, 1038303417, 8131, 1038296798, 8139, 1038301395, 7891, 1038304743, 7875, 1038297972, 7635, 1038306871, 7619, 1038299957, 7627, 1038304806, 8148, 1021156821, 8132, 1021530099, 8140, 1021269203, 7892, 1021155650, 7876, 1021528594, 7636, 1021153737, 7620, 1021526121, 7628, 1021265871, 8149, 1021983639, 8133, 1021617447, 8141, 1021884411, 7877, 1021616438, 7893, 1021982301, 8150, 1021983727, 8134, 1021476534, 8142, 1021846016, 7894, 1021985010, 7878, 1021478146, 7637, 1021980129, 7629, 1021881010, 7621, 1021614823, 8151, 1021088322, 8135, 1021584369, 7638, 1021987155, 8143, 1021225839, 7622, 1021480727, 7630, 1021850110, 7895, 1021089352, 7879, 1021585266, 7631, 1021228214, 7639, 1021091074, 7623, 1021586778]
[INFO] (lattice_cell.c: 455): on tick 41 of 50
[INFO] (lattice_cell.c: 172): the unmatched_packets is 56
[8144, 1037946970, 8128, 1038330265, 7888, 1037946909, 7872, 1038329975, 8136, 1038059280, 7632, 1037946851, 7616, 1038329475, 7624, 1038058803, 8145, 1038347154, 8129, 1038348276, 8137, 1038344848, 7889, 1038345939, 7873, 1038346890, 7633, 1038343960, 7617, 1038344727, 7625, 1038341380, 8146, 1038705234, 8130, 1038319216, 8138, 1038591662, 7890, 1038705184, 7874, 1038319580, 7634, 1038705154, 7618, 1038320131, 7626, 1038592138, 8147, 1038310402, 8131, 1038305020, 8139, 1038307786, 7891, 1038311636, 7875, 1038306143, 7635, 1038313652, 7619, 1038308056, 7627, 1038310976, 8148, 1021047976, 8132, 1021251550, 8140, 1021034903, 7892, 1021047529, 7876, 1021250915, 7620, 1021249179, 7636, 1021046253, 7628, 1021032943, 8149, 1022076091, 8133, 1021869157, 8141, 1022092385, 7877, 1021867526, 7893, 1022073901, 7637, 1022070924, 7621, 1021865357, 8150, 1021965363, 8134, 1021195876, 8142, 1021651445, 7894, 1021967521, 7878, 1021198477, 7879, 1021836173, 7895, 1021096670, 8135, 1021835881, 8143, 1021400393, 7622, 1021201979, 8151, 1021096090, 7631, 1021401919, 7629, 1022087532, 7638, 1021970456, 7630, 1021657516, 7623, 1021837134, 7639, 1021098098]
[INFO] (lattice_cell.c: 455): on tick 42 of 50
[INFO] (lattice_cell.c: 172): the unmatched_packets is 56
[8144, 1037872566, 7888, 1037872556, 8128, 1038331142, 7872, 1038330900, 8136, 1037992238, 7632, 1037872545, 7616, 1038330449, 7624, 1037991892, 8145, 1038335519, 8129, 1038343245, 8137, 1038335050, 7889, 1038334235, 7873, 1038341899, 7633, 1038332141, 7617, 1038339745, 7625, 1038331499, 8146, 1038790743, 8130, 1038320220, 8138, 1038665175, 7890, 1038790730, 7874, 1038320623, 7634, 1038790726, 7618, 1038321213, 7626, 1038665701, 8147, 1038302684, 8131, 1038298621, 8139, 1038302296, 7891, 1038303998, 7875, 1038299865, 7635, 1038306128, 7619, 1038301913, 7627, 1038305768, 8148, 1021263855, 8132, 1021444529, 8140, 1021280540, 7892, 1021262727, 7876, 1021442973, 8149, 1021883541, 8133, 1021693190, 8141, 1021868307, 7636, 1021260878, 7620, 1021440454, 7628, 1021277198, 7877, 1021692106, 7893, 1021882090, 8150, 1021905114, 8134, 1021391377, 8142, 1021702589, 7894, 1021906458, 7878, 1021392912, 7637, 1021879844, 7629, 1021864620, 8151, 1021167458, 8135, 1021661846, 8143, 1021365404, 7638, 1021908626, 7895, 1021168478, 7639, 1021170184, 7879, 1021662545, 7621, 1021690464, 7630, 1021706873, 7622, 1021395431, 7631, 1021367464, 7623, 1021663854]
[INFO] (lattice_cell.c: 455): on tick 43 of 50
[INFO] (lattice_cell.c: 172): the unmatched_packets is 56
[7888, 1037918278, 8144, 1037918321, 7872, 1038330539, 8128, 1038330880, 8136, 1038049076, 7632, 1037918242, 7616, 1038329963, 7624, 1038048589, 8145, 1038345510, 8129, 1038346937, 7889, 1038344266, 7873, 1038345552, 8137, 1038342490, 7633, 1038342249, 7617, 1038343395, 7625, 1038338956, 8146, 1038735617, 8130, 1038318348, 8138, 1038602476, 7890, 1038735537, 7874, 1038318745, 7634, 1038735472, 7618, 1038319362, 7626, 1038602951, 8147, 1038311061, 8131, 1038304137, 8139, 1038307790, 7875, 1038305225, 7891, 1038312281, 7635, 1038314294, 7619, 1038307109, 7627, 1038311014, 8148, 1020991011, 8132, 1021394011, 8140, 1021080995, 7876, 1021393346, 7892, 1020990542, 7636, 1020989220, 7620, 1021391612, 7628, 1021079099, 8149, 1022138285, 8133, 1021732625, 8141, 1022057521, 7877, 1021731037, 7893, 1022136247, 7878, 1021341121, 7894, 1021927042, 8150, 1021924834, 8134, 1021338546, 8142, 1021770127, 7621, 1021728846, 7637, 1022133384, 7895, 1021135646, 8143, 1021281417, 8151, 1021135006, 8135, 1021697270, 7879, 1021697708, 7631, 1021282999, 7629, 1022052897, 7622, 1021344618, 7638, 1021930061, 7630, 1021776102, 7623, 1021698836, 7639, 1021137077]
[INFO] (lattice_cell.c: 455): on tick 44 of 50
[INFO] (lattice_cell.c: 172): the unmatched_packets is 56
[8144, 1037900931, 8128, 1038331546, 7888, 1037900927, 7872, 1038331296, 8136, 1038047763, 7632, 1037900921, 7616, 1038330838, 7624, 1038047403, 8145, 1038338473, 8129, 1038343550, 8137, 1038336803, 7889, 1038337229, 7873, 1038342144, 7633, 1038335171, 7617, 1038339929, 7625, 1038333279, 8146, 1038761789, 8130, 1038319941, 8138, 1038608299, 7890, 1038761769, 7874, 1038320386, 7634, 1038761745, 7618, 1038321031, 7626, 1038608864, 8147, 1038302794, 8131, 1038298553, 8139, 1038302262, 7891, 1038304172, 7875, 1038299759, 7635, 1038306333, 7619, 1038301787, 7627, 1038305717, 8148, 1021217595, 8132, 1021325799, 8140, 1021183611, 7892, 1021216474, 7876, 1021324309, 7636, 1021214669, 7620, 1021321874, 7628, 1021180255, 8149, 1021919911, 8133, 1021810305, 8141, 1021958480, 7893, 1021918304, 7877, 1021809231, 8150, 1021981507, 8134, 1021271664, 8142, 1021697143, 7637, 1021915877, 7894, 1021982780, 7621, 1021807688, 7878, 1021273346, 7629, 1021954737, 8151, 1021092342, 8135, 1021781604, 8143, 1021371867, 7895, 1021093227, 7879, 1021782202, 7630, 1021701355, 7623, 1021783344, 7622, 1021276005, 7638, 1021984867, 7631, 1021373900, 7639, 1021094820]
[INFO] (lattice_cell.c: 455): on tick 45 of 50
[INFO] (lattice_cell.c: 172): the unmatched_packets is 56
[7888, 1037904722, 7872, 1038330196, 8144, 1037904782, 8128, 1038330523, 8136, 1038003626, 7632, 1037904640, 7616, 1038329657, 7624, 1038003105, 7889, 1038342714, 7873, 1038345352, 8145, 1038343981, 8129, 1038346708, 8137, 1038341699, 7633, 1038340673, 7617, 1038343247, 7625, 1038338188, 8146, 1038748795, 8130, 1038318847, 8138, 1038648545, 7890, 1038748743, 7874, 1038319212, 7634, 1038748709, 7618, 1038319774, 7626, 1038649016, 8147, 1038310160, 8131, 1038304262, 8139, 1038307844, 7891, 1038311363, 7875, 1038305371, 7635, 1038313330, 7619, 1038307248, 7627, 1038311029, 8148, 1021102838, 8132, 1021401931, 8140, 1021209153, 7892, 1021102365, 7876, 1021401103, 7636, 1021101027, 7620, 1021399140, 8149, 1022032661, 7628, 1021207035, 8133, 1021725515, 8141, 1021929532, 7893, 1022030743, 7877, 1021723978, 8150, 1021935392, 8134, 1021344212, 8142, 1021683449, 7894, 1021937591, 7878, 1021346728, 7621, 1021721862, 7879, 1021691310, 8151, 1021126616, 8135, 1021690866, 8143, 1021366839, 7623, 1021692452, 7895, 1021127422, 7637, 1022027946, 7629, 1021924822, 7622, 1021350226, 7638, 1021940602, 7630, 1021689609, 7639, 1021129038, 7631, 1021368635]
[INFO] (lattice_cell.c: 455): on tick 46 of 50
[INFO] (lattice_cell.c: 172): the unmatched_packets is 56
[8144, 1037917634, 8128, 1038331917, 7872, 1038331629, 7888, 1037917656, 8136, 1038032383, 7632, 1037917681, 7616, 1038331124, 7624, 1038032016, 8145, 1038338573, 8129, 1038343760, 8137, 1038336826, 7889, 1038337301, 7873, 1038342363, 7633, 1038335216, 7617, 1038340145, 7625, 1038333195, 8146, 1038744755, 8130, 1038319233, 8138, 1038624784, 7890, 1038744726, 7874, 1038319716, 7634, 1038744684, 7618, 1038320415, 7626, 1038625400, 8147, 1038303619, 8131, 1038298477, 8139, 1038302652, 7891, 1038304984, 7875, 1038299697, 7635, 1038307174, 7619, 1038301756, 7627, 1038306185, 8148, 1021092526, 8132, 1021409641, 8140, 1021115173, 7892, 1021091464, 7876, 1021408344, 7636, 1021089712, 7620, 1021406079, 8149, 1022043389, 8133, 1021726037, 7628, 1021112223, 8141, 1022028328, 7877, 1021724832, 7893, 1022041764, 8150, 1021913173, 8134, 1021358086, 8142, 1021748800, 7894, 1021914579, 7878, 1021359758, 8151, 1021158771, 7621, 1021723111, 8135, 1021696260, 7895, 1021159523, 8143, 1021319233, 7622, 1021362373, 7623, 1021697858, 7631, 1021320832, 7879, 1021696765, 7637, 1022039377, 7629, 1022024515, 7638, 1021916784, 7630, 1021753169, 7639, 1021160977]
[INFO] (lattice_cell.c: 455): on tick 47 of 50
[INFO] (lattice_cell.c: 172): the unmatched_packets is 56
[8144, 1037894278, 8128, 1038331231, 7888, 1037894231, 7872, 1038330882, 8136, 1038048171, 7632, 1037894190, 7616, 1038330302, 7624, 1038047670, 8145, 1038344110, 8129, 1038346043, 8137, 1038341961, 7889, 1038342882, 7873, 1038344661, 7633, 1038340895, 7617, 1038342523, 7625, 1038338492, 8146, 1038759652, 8130, 1038318448, 8138, 1038602827, 7890, 1038759558, 7874, 1038318855, 7634, 1038759485, 7618, 1038319478, 7626, 1038603302, 8147, 1038311921, 8131, 1038303797, 8139, 1038307622, 7891, 1038313153, 7875, 1038304860, 7635, 1038315142, 7619, 1038306709, 7627, 1038310779, 8148, 1021177149, 8132, 1021350794, 8140, 1021154411, 7892, 1021176478, 7876, 1021349872, 7636, 1021174979, 7620, 1021347798, 7628, 1021151898, 8149, 1021956648, 8133, 1021778762, 8141, 1021984161, 7893, 1021954735, 7877, 1021777407, 7637, 1021951927, 7621, 1021775476, 7629, 1021979790, 8150, 1021945305, 8134, 1021291532, 8142, 1021722644, 7894, 1021947378, 7878, 1021294049, 8151, 1021108746, 8135, 1021744610, 8143, 1021329860, 7895, 1021109651, 7879, 1021745228, 7623, 1021746494, 7638, 1021950310, 7622, 1021297556, 7630, 1021728532, 7639, 1021111376, 7631, 1021331968]
[INFO] (lattice_cell.c: 455): on tick 48 of 50
[INFO] (lattice_cell.c: 172): the unmatched_packets is 56
[8144, 1037904251, 8128, 1038331921, 7888, 1037904236, 7872, 1038331659, 8136, 1038025184, 7632, 1037904205, 7616, 1038331160, 7624, 1038024786, 8145, 1038338420, 8129, 1038344338, 8137, 1038337380, 7889, 1038337127, 7873, 1038342931, 7633, 1038335017, 7617, 1038340710, 7625, 1038333760, 8146, 1038758796, 8130, 1038319410, 8138, 1038631447, 7890, 1038758801, 7874, 1038319883, 7634, 1038758801, 7618, 1038320574, 7626, 1038632081, 8147, 1038303497, 8131, 1038298953, 8139, 1038300836, 7891, 1038304875, 7875, 1038300192, 7635, 1038307072, 7619, 1038302240, 7627, 1038304370, 8148, 1021123720, 8132, 1021371617, 8140, 1021203626, 7892, 1021122896, 7876, 1021370367, 7636, 1021121417, 7620, 1021368115, 7628, 1021200869, 8149, 1022014216, 8133, 1021761526, 8141, 1021936306, 7893, 1022012431, 7877, 1021760235, 8150, 1021961837, 8134, 1021318610, 8142, 1021699867, 7894, 1021963302, 7878, 1021320439, 7637, 1022009877, 7621, 1021758497, 7629, 1021932086, 8151, 1021110352, 8135, 1021733781, 8143, 1021374240, 7631, 1021375658, 7895, 1021111039, 7879, 1021734093, 7622, 1021323222, 7638, 1021965522, 7630, 1021704540, 7623, 1021734950, 7639, 1021112424]
[INFO] (lattice_cell.c: 455): on tick 49 of 50
[INFO] (lattice_cell.c: 172): the unmatched_packets is 56
[7888, 1037912361, 7872, 1038330686, 8144, 1037912396, 8128, 1038331041, 8136, 1038018058, 7632, 1037912321, 7616, 1038330108, 7624, 1038017551, 8145, 1038343369, 8129, 1038347686, 7889, 1038342113, 7873, 1038346325, 8137, 1038341045, 7633, 1038340103, 7617, 1038344197, 7625, 1038337502, 8146, 1038741023, 8130, 1038318231, 8138, 1038634175, 7890, 1038740952, 7874, 1038318641, 7634, 1038740865, 7618, 1038319275, 7626, 1038634685, 8147, 1038309778, 8131, 1038305478, 8139, 1038307286, 7891, 1038310992, 7875, 1038306552, 7635, 1038312981, 7619, 1038308411, 7627, 1038310471, 8148, 1021093089, 8132, 1021399683, 8140, 1021155026, 7892, 1021092278, 7876, 1021398585, 7636, 1021090584, 7620, 1021396373, 7628, 1021152389, 8149, 1022043363, 8133, 1021724121, 8141, 1021986742, 7893, 1022041633, 7877, 1021722838, 7637, 1022039048, 7621, 1021720940, 7629, 1021982514, 8150, 1021924707, 8134, 1021340486, 8142, 1021712075, 7894, 1021926670, 7878, 1021342839, 7638, 1021929518, 7622, 1021346211, 7630, 1021717896, 8151, 1021139893, 8135, 1021689582, 8143, 1021340946, 7879, 1021690296, 7895, 1021140904, 7623, 1021691662, 7639, 1021142694, 7631, 1021343138]
[INFO] (lattice_cell.c: 455): on tick 50 of 50
[INFO] (lattice_cell.c: 466): updating recording regions
[INFO] (recording.c: 507): 	Finalising channel 0 - state info stored in SDRAM
[INFO] (recording.c: 512): closed channel 0.
[INFO] (lattice_cell.c: 470): Simulation complete.

