[INFO] (lattice_cell.c: 604): starting lattice cell
[INFO] (lattice_cell.c: 526): Initialise: started
[INFO] (data_specification.c: 78): magic = ad130ad6, version = 1.0
[INFO] (lattice_cell.c: 555): my key is 1032
[INFO] (lattice_cell.c: 562): I'm in position ( 4, 1)
[INFO] (lattice_cell.c: 568): my n key is 776
[INFO] (lattice_cell.c: 574): my U_X = -0.009999959729611874
[INFO] (lattice_cell.c: 575): my U_Y = 0.00035355339059606194
[INFO] (lattice_cell.c: 583): input_buffer initialised
[INFO] (recording.c: 563): Recording 1 regions, using output tag 0, size before trigger 7686388, time between triggers 50
[INFO] (recording.c: 665): Recording channel 0 configured to use 7686132 byte memory block starting at 0x63ce7f4c
[INFO] (lattice_cell.c: 588): Recording flags = 0x00000001
[INFO] (lattice_cell.c: 619): setting timer to execute every 200000 microseconds
[INFO] (lattice_cell.c: 627): Starting

[INFO] (simulation.c: 159): Setting the runtime of this model to 50 starting at 0
[INFO] (simulation.c: 161): Setting the flag of infinite run for this model to 0
[INFO] (simulation.c: 175): Resuming
[INFO] (lattice_cell.c: 455): on tick 0 of 50
[776, 1037884799, 1040, 1037884811, 1280, 1037884802, 1024, 1037884798, 768, 1037884798, 784, 1037884809, 1288, 1037884803, 1041, 1038334616, 1025, 1038334614, 777, 1038337402, 1042, 1038779573, 769, 1038337402, 778, 1038779581, 1027, 1038302978, 770, 1038779582, 1028, 1021122469, 1045, 1022019140, 1029, 1022019149, 787, 1038300202, 789, 1022022093, 1043, 1038302980, 775, 1021090121, 1046, 1021985608, 791, 1021090131, 1030, 1021985617, 1047, 1021092742, 1031, 1021092729, 1026, 1038779582, 1285, 1022015554, 1044, 1021122482, 1281, 1038331220, 1296, 1037884817, 1298, 1038779579, 785, 1038337402, 1291, 1038306366, 1299, 1038306368, 786, 1038779571, 1283, 1038306364, 1300, 1021119294, 779, 1038300202, 1293, 1022015553, 771, 1038300202, 1297, 1038331224, 1294, 1021989208, 1301, 1022015547, 780, 1021125092, 772, 1021125090, 1290, 1038779585, 788, 1021125100, 1295, 1021095915, 1286, 1021989207, 1302, 1021989200, 1287, 1021095914, 1303, 1021095929, 781, 1022022103, 773, 1022022105, 1292, 1021119282, 1282, 1038779586, 782, 1021982674, 774, 1021982674, 790, 1021982664, 1289, 1038331222, 783, 1021090121, 1284, 1021119281]
[INFO] (lattice_cell.c: 455): on tick 1 of 50
[INFO] (lattice_cell.c: 172): the unmatched_packets is 56
[1024, 1037879856, 776, 1037879861, 1040, 1037879881, 1280, 1037879856, 768, 1037879858, 1288, 1037879861, 1296, 1037879885, 784, 1037879887, 1025, 1038342718, 1041, 1038342718, 777, 1038345490, 1281, 1038339346, 769, 1038345492, 1289, 1038339348, 1297, 1038339348, 1026, 1038774634, 1042, 1038774605, 1282, 1038774634, 778, 1038774631, 786, 1038774607, 785, 1038345494, 1027, 1038311735, 1043, 1038311733, 1029, 1022016494, 779, 1038308963, 1283, 1038315097, 771, 1038308961, 772, 1021118969, 1028, 1021115519, 1044, 1021115553, 1293, 1022013625, 1030, 1021978354, 782, 1021976231, 774, 1021976223, 1031, 1021089745, 1047, 1021089711, 1045, 1022016458, 1046, 1021978392, 1291, 1038315103, 1300, 1021111618, 1301, 1022013593, 1286, 1021981214, 1294, 1021981222, 770, 1038774636, 1302, 1021981254, 1287, 1021093680, 1295, 1021093681, 1299, 1038315099, 787, 1038308963, 780, 1021118972, 788, 1021119011, 1284, 1021111578, 781, 1022018621, 1285, 1022013631, 1303, 1021093652, 773, 1022018625, 789, 1022018585, 1290, 1038774633, 1298, 1038774607, 1292, 1021111587, 790, 1021976263, 783, 1021086292, 775, 1021086301, 791, 1021086272]
[INFO] (lattice_cell.c: 455): on tick 2 of 50
[INFO] (lattice_cell.c: 172): the unmatched_packets is 56
[1024, 1037885230, 1280, 1037885234, 1040, 1037885173, 776, 1037885227, 768, 1037885234, 1296, 1037885175, 1288, 1037885223, 784, 1037885171, 1025, 1038335266, 1041, 1038335266, 1281, 1038331828, 777, 1038338088, 1026, 1038780026, 769, 1038338090, 1043, 1038303252, 778, 1038780029, 1044, 1021122233, 779, 1038300436, 1030, 1021986574, 1042, 1038780083, 1031, 1021093820, 787, 1038300440, 1027, 1038303242, 1028, 1021122274, 789, 1022021993, 1045, 1022019099, 1029, 1022019053, 1046, 1021986375, 1047, 1021093990, 1290, 1038780033, 1291, 1038306673, 1284, 1021119112, 1299, 1038306677, 1292, 1021119104, 785, 1038338088, 1297, 1038331828, 1282, 1038780028, 1294, 1021990064, 1289, 1038331828, 1295, 1021096987, 1302, 1021989889, 1303, 1021097139, 1283, 1038306671, 770, 1038780024, 786, 1038780083, 1285, 1022015531, 771, 1038300434, 780, 1021124873, 1300, 1021119072, 1286, 1021990091, 772, 1021124885, 781, 1022021964, 788, 1021124840, 1293, 1022015535, 773, 1022021954, 782, 1021983656, 1301, 1022015574, 1287, 1021096965, 783, 1021091242, 774, 1021983686, 790, 1021983479, 775, 1021091219, 791, 1021091386, 1298, 1038780089]
[INFO] (lattice_cell.c: 455): on tick 3 of 50
[INFO] (lattice_cell.c: 172): the unmatched_packets is 56
[1024, 1037879938, 776, 1037879979, 1280, 1037879928, 1040, 1037880297, 768, 1037879940, 784, 1037880299, 1296, 1037880295, 1288, 1037879973, 1025, 1038342458, 777, 1038345219, 1041, 1038342456, 1281, 1038339098, 785, 1038345225, 1297, 1038339108, 769, 1038345221, 1289, 1038339100, 1026, 1038774678, 1042, 1038774293, 778, 1038774631, 770, 1038774676, 1043, 1038312034, 786, 1038774295, 1044, 1021116447, 1282, 1038774674, 1029, 1022016911, 1283, 1038315418, 1031, 1021089248, 1027, 1038312079, 1293, 1022013866, 1045, 1022016562, 1294, 1021981196, 1030, 1021978095, 789, 1022018789, 1046, 1021979066, 1047, 1021088427, 1028, 1021116116, 1299, 1038315378, 1284, 1021112136, 1286, 1021981065, 1301, 1022013576, 1290, 1038774627, 1298, 1038774291, 779, 1038309305, 771, 1038309311, 1287, 1021093208, 1302, 1021982048, 1295, 1021093097, 1303, 1021092396, 780, 1021119632, 1291, 1038315416, 772, 1021119570, 787, 1038309266, 781, 1022019079, 1292, 1021112190, 773, 1022019149, 788, 1021119907, 1300, 1021112480, 782, 1021975995, 1285, 1022013928, 774, 1021975866, 783, 1021085685, 775, 1021085798, 790, 1021976833, 791, 1021084981]
[INFO] (lattice_cell.c: 455): on tick 4 of 50
[INFO] (lattice_cell.c: 172): the unmatched_packets is 56
[1024, 1037885150, 1040, 1037883473, 776, 1037884953, 784, 1037883475, 768, 1037885144, 1025, 1038335451, 1041, 1038335427, 777, 1038338294, 1026, 1038780100, 769, 1038338300, 1045, 1022020155, 1289, 1038331965, 779, 1038300297, 1290, 1038780307, 1047, 1021098424, 1042, 1038781835, 788, 1021122794, 1027, 1038303110, 1043, 1038303337, 781, 1022021703, 789, 1022022967, 1301, 1022016741, 1046, 1021982042, 1030, 1021986862, 1031, 1021094566, 791, 1021095779, 1028, 1021121636, 775, 1021091924, 1044, 1021120150, 1029, 1022018594, 1280, 1037885154, 1281, 1038331975, 1297, 1038331957, 1298, 1038781839, 1282, 1038780110, 1291, 1038306607, 785, 1038338282, 1283, 1038306581, 778, 1038780309, 1299, 1038306810, 786, 1038781833, 770, 1038780106, 1292, 1021118192, 1300, 1021116993, 1293, 1022015477, 787, 1038300497, 771, 1038300266, 1285, 1022015171, 780, 1021124015, 1294, 1021989596, 1295, 1021098267, 1286, 1021990270, 772, 1021124276, 1302, 1021985454, 1287, 1021097731, 1284, 1021118474, 773, 1022021411, 782, 1021983377, 790, 1021979240, 783, 1021092470, 774, 1021984070, 1303, 1021101571, 1288, 1037884949, 1296, 1037883475]
[INFO] (lattice_cell.c: 455): on tick 5 of 50
[INFO] (lattice_cell.c: 172): the unmatched_packets is 56
[1024, 1037880344, 1280, 1037880340, 776, 1037881294, 1040, 1037887672, 1296, 1037887672, 1288, 1037881298, 784, 1037887670, 768, 1037880348, 1281, 1038338818, 1025, 1038342155, 1041, 1038342292, 777, 1038344957, 1289, 1038338862, 1297, 1038338958, 778, 1038773278, 1026, 1038774268, 1282, 1038774266, 1042, 1038766649, 786, 1038766653, 785, 1038345055, 769, 1038344915, 1027, 1038312288, 1043, 1038311206, 1028, 1021116418, 1029, 1022017484, 1046, 1021999718, 1047, 1021071371, 1044, 1021122934, 1291, 1038315419, 1045, 1022010657, 1300, 1021118975, 1030, 1021978339, 1031, 1021088435, 1283, 1038315622, 770, 1038774262, 1299, 1038314534, 779, 1038309328, 771, 1038309522, 787, 1038308446, 1290, 1038773278, 1284, 1021112452, 1298, 1038766655, 780, 1021121154, 788, 1021126362, 1292, 1021113770, 772, 1021119854, 1285, 1022014358, 1293, 1022012898, 781, 1022018396, 789, 1022013027, 1294, 1021984786, 773, 1022019839, 1302, 1022002838, 782, 1021979318, 790, 1021997338, 1303, 1021075337, 1301, 1022007544, 774, 1021975969, 783, 1021082459, 791, 1021067943, 1295, 1021089833, 1286, 1021981443, 775, 1021085020, 1287, 1021092387]
[INFO] (lattice_cell.c: 455): on tick 6 of 50
[INFO] (lattice_cell.c: 172): the unmatched_packets is 56
[1024, 1037883214, 1040, 1037861642, 776, 1037879170, 1280, 1037883216, 1296, 1037861648, 1288, 1037879174, 784, 1037861640, 768, 1037883214, 1025, 1038335757, 1041, 1038335331, 777, 1038338410, 1281, 1038332249, 769, 1038338639, 1297, 1038331827, 1289, 1038332023, 1026, 1038782092, 785, 1038338212, 1282, 1038782094, 778, 1038786288, 1042, 1038804410, 786, 1038804416, 770, 1038782090, 1298, 1038804410, 1290, 1038786290, 1027, 1038303227, 1043, 1038304256, 787, 1038301356, 771, 1038300355, 1029, 1022016417, 1283, 1038306728, 1046, 1021919659, 1047, 1021157259, 788, 1021106707, 1284, 1021118916, 781, 1022025628, 1044, 1021104003, 789, 1022038621, 773, 1022019109, 782, 1021967511, 1030, 1021985016, 774, 1021982344, 1031, 1021096408, 783, 1021105103, 1045, 1022035936, 1028, 1021122137, 1293, 1022019639, 1301, 1022032629, 1294, 1021973490, 1302, 1021922918, 779, 1038301188, 1287, 1021099618, 1291, 1038307571, 1299, 1038307766, 1303, 1021160432, 780, 1021119172, 1285, 1022013115, 772, 1021124844, 1300, 1021100794, 1292, 1021113262, 790, 1021917001, 1286, 1021988313, 791, 1021154603, 1295, 1021111011, 775, 1021093704]
[INFO] (lattice_cell.c: 455): on tick 7 of 50
[INFO] (lattice_cell.c: 172): the unmatched_packets is 56
[1024, 1037888910, 1040, 1037920974, 1280, 1037888912, 776, 1037899656, 784, 1037920976, 1288, 1037899650, 1296, 1037920982, 768, 1037888916, 1025, 1038341061, 777, 1038344772, 1041, 1038342553, 1281, 1038337734, 769, 1038343820, 1297, 1038339225, 1289, 1038338684, 785, 1038345319, 1026, 1038765385, 1042, 1038732293, 778, 1038754261, 786, 1038732295, 1282, 1038765385, 770, 1038765385, 1027, 1038311527, 1043, 1038312749, 1044, 1021139442, 1028, 1021111515, 779, 1038308620, 1029, 1022026549, 780, 1021133099, 1046, 1022113473, 1290, 1038754265, 1031, 1021082542, 781, 1022007506, 789, 1021997357, 1045, 1021994840, 1030, 1021987621, 1284, 1021107585, 1047, 1020952180, 775, 1021079168, 1298, 1038732291, 1291, 1038314665, 1299, 1038316035, 771, 1038308770, 787, 1038310035, 772, 1021114896, 1292, 1021125810, 1300, 1021135532, 788, 1021142795, 1293, 1022001727, 1285, 1022023272, 1301, 1021991566, 773, 1022029076, 1294, 1022034396, 782, 1022028569, 1283, 1038314851, 1286, 1021990890, 1302, 1022116816, 774, 1021985102, 1287, 1021086456, 783, 1021036339, 1303, 1020956170, 790, 1022110866, 791, 1020948712, 1295, 1021043708]
[INFO] (lattice_cell.c: 455): on tick 8 of 50
[INFO] (lattice_cell.c: 172): the unmatched_packets is 56
[1024, 1037855032, 1040, 1037848717, 1280, 1037855026, 776, 1037844796, 768, 1037855026, 784, 1037848725, 1296, 1037848708, 1288, 1037844798, 1025, 1038336244, 1041, 1038335393, 1281, 1038332694, 777, 1038339028, 1027, 1038303849, 778, 1038821743, 1044, 1021112279, 1045, 1022025365, 770, 1038811292, 786, 1038817164, 1289, 1038332578, 1046, 1021813917, 1282, 1038811282, 779, 1038299527, 1290, 1038821729, 1031, 1021123000, 1042, 1038817178, 1026, 1038811290, 1292, 1021101862, 781, 1022032864, 773, 1021990579, 1284, 1021144414, 1028, 1021147654, 1029, 1021988037, 1030, 1021955948, 790, 1021811520, 1047, 1021261153, 1043, 1038304438, 1283, 1038307385, 1299, 1038308017, 1291, 1038306037, 1300, 1021108990, 785, 1038338297, 1293, 1022027120, 1285, 1021984867, 769, 1038339164, 1301, 1022022217, 1286, 1021959119, 1297, 1038331865, 1298, 1038817194, 771, 1038300936, 787, 1038301460, 780, 1021107947, 772, 1021150418, 788, 1021115105, 1287, 1021126215, 789, 1022027927, 1294, 1021876190, 782, 1021870592, 1295, 1021214227, 1302, 1021816914, 1303, 1021264334, 774, 1021953405, 783, 1021208353, 775, 1021120235, 791, 1021258467]
[INFO] (lattice_cell.c: 455): on tick 9 of 50
[INFO] (lattice_cell.c: 172): the unmatched_packets is 56
[1024, 1037944871, 776, 1037931527, 1280, 1037944873, 1040, 1037889194, 1288, 1037931559, 1025, 1038343343, 1041, 1038341305, 777, 1038344480, 1281, 1038340053, 769, 1038346071, 1289, 1038338408, 1297, 1038337982, 1042, 1038765684, 1026, 1038707600, 778, 1038721656, 784, 1037889190, 1282, 1038707598, 786, 1038765702, 1027, 1038313646, 1043, 1038311574, 779, 1038308469, 1028, 1021036769, 1045, 1022033543, 1046, 1022085875, 1031, 1021007345, 782, 1022136793, 1300, 1021102061, 1301, 1022030119, 789, 1022036216, 1030, 1022056274, 783, 1020930089, 1295, 1020937496, 1047, 1020984813, 1044, 1021105901, 1029, 1022093434, 1283, 1038316937, 1290, 1038721626, 1291, 1038314430, 1284, 1021032790, 1296, 1037889206, 1292, 1021097996, 768, 1037944867, 1285, 1022089983, 785, 1038344070, 1293, 1022032653, 770, 1038707602, 1302, 1022089473, 771, 1038310918, 787, 1038308887, 780, 1021105197, 1303, 1020988734, 772, 1021040163, 781, 1022038780, 1299, 1038314839, 788, 1021109165, 1286, 1022059708, 773, 1022096164, 1287, 1021011302, 774, 1022053558, 1294, 1022143102, 790, 1022083001, 1298, 1038765664, 775, 1021003936, 791, 1020981452]
[INFO] (lattice_cell.c: 455): on tick 10 of 50
[INFO] (lattice_cell.c: 172): the unmatched_packets is 56
[1280, 1037803280, 1024, 1037803284, 776, 1037841756, 1040, 1037886966, 784, 1037886976, 768, 1037803276, 1288, 1037841710, 1296, 1037886972, 1281, 1038332163, 1025, 1038335768, 777, 1038337104, 1041, 1038336680, 769, 1038338757, 1289, 1038330564, 1297, 1038333132, 785, 1038339632, 1026, 1038864142, 1282, 1038864140, 1042, 1038777827, 778, 1038824213, 786, 1038777821, 770, 1038864140, 1027, 1038303975, 1043, 1038303200, 1028, 1021257828, 1044, 1021147223, 1290, 1038824269, 779, 1038300807, 1045, 1021989054, 787, 1038300223, 1046, 1021988532, 1031, 1021233348, 788, 1021150119, 1029, 1021876470, 789, 1021991496, 1030, 1021842727, 783, 1021204247, 1047, 1021091768, 1295, 1021210318, 1298, 1038777847, 1283, 1038307569, 1299, 1038306796, 1284, 1021254594, 1292, 1021205344, 1300, 1021143875, 1285, 1021873482, 771, 1038301001, 780, 1021211446, 1294, 1021873146, 772, 1021260575, 1291, 1038307401, 1302, 1021991444, 781, 1021936043, 1287, 1021236572, 1303, 1021095063, 773, 1021878804, 782, 1021867986, 774, 1021840390, 1301, 1021985993, 1293, 1021930592, 1286, 1021845707, 790, 1021986264, 775, 1021230603, 791, 1021088960]
[INFO] (lattice_cell.c: 455): on tick 11 of 50
[INFO] (lattice_cell.c: 172): the unmatched_packets is 56
[1280, 1037927762, 1288, 1037910677, 1040, 1037902246, 1024, 1037927768, 776, 1037910669, 784, 1037902260, 1297, 1038340023, 1281, 1038338409, 1025, 1038341690, 1041, 1038343341, 777, 1038343859, 1289, 1038337859, 769, 1038344392, 1042, 1038751044, 1026, 1038726454, 1043, 1038313072, 1028, 1020971813, 778, 1038743445, 1298, 1038751044, 1290, 1038743401, 1047, 1021131155, 1283, 1038314965, 1301, 1022072234, 1029, 1022166988, 1045, 1022075749, 782, 1021987225, 1030, 1022130922, 1046, 1021932802, 1031, 1020942794, 1027, 1038311694, 1044, 1021053677, 1284, 1020967935, 775, 1020939479, 1299, 1038316357, 1300, 1021049820, 1285, 1022163314, 1293, 1022167522, 1286, 1022134565, 1294, 1021993844, 1282, 1038726450, 1302, 1021936384, 1296, 1037902248, 768, 1037927766, 1295, 1021083239, 785, 1038346079, 770, 1038726454, 786, 1038751058, 779, 1038309694, 771, 1038308997, 787, 1038310346, 780, 1020970796, 1287, 1020946673, 772, 1020975150, 788, 1021056973, 781, 1022173966, 773, 1022169959, 789, 1022078580, 1303, 1021135037, 1291, 1038315689, 774, 1022127951, 783, 1021076109, 1292, 1020963486, 790, 1021929889, 791, 1021127801]
[INFO] (lattice_cell.c: 455): on tick 12 of 50
[INFO] (lattice_cell.c: 172): the unmatched_packets is 56
[1280, 1037893980, 1024, 1037893980, 1040, 1037839620, 776, 1037861251, 784, 1037839616, 768, 1037893972, 1288, 1037861303, 1296, 1037839624, 1281, 1038332074, 1025, 1038335677, 1041, 1038336308, 777, 1038339444, 785, 1038339287, 769, 1038338676, 1297, 1038332713, 1289, 1038332821, 1026, 1038769797, 1042, 1038827080, 778, 1038804368, 1027, 1038304187, 770, 1038769801, 786, 1038827076, 1043, 1038303063, 779, 1038299165, 1298, 1038827094, 787, 1038300092, 780, 1021275524, 772, 1021188331, 781, 1021864946, 1028, 1021185386, 789, 1021891290, 782, 1022022289, 1044, 1021246998, 1029, 1021950570, 1045, 1021888992, 1301, 1021886019, 1030, 1021916541, 1046, 1021998410, 1031, 1021161314, 1047, 1021081195, 1290, 1038804344, 1283, 1038307787, 1291, 1038305731, 1284, 1021181988, 1300, 1021243674, 1292, 1021269319, 771, 1038301197, 1285, 1021947718, 1293, 1021859783, 1282, 1038769801, 1294, 1022027450, 788, 1021249871, 1286, 1021919387, 1299, 1038306643, 1302, 1022001377, 1295, 1021062574, 773, 1021952788, 774, 1021914345, 790, 1021996128, 783, 1021056309, 1303, 1021084496, 1287, 1021164717, 775, 1021158377, 791, 1021078326]
[INFO] (lattice_cell.c: 455): on tick 13 of 50
[INFO] (lattice_cell.c: 172): the unmatched_packets is 56
[1024, 1037858082, 1280, 1037858084, 1040, 1037913833, 776, 1037889633, 784, 1037913849, 768, 1037858086, 1288, 1037889577, 1296, 1037913819, 1025, 1038342649, 1281, 1038339324, 1041, 1038341722, 777, 1038344362, 785, 1038344454, 769, 1038345402, 1289, 1038338315, 1297, 1038338419, 1026, 1038797124, 1042, 1038740069, 1282, 1038797124, 778, 1038764808, 786, 1038740083, 770, 1038797130, 1290, 1038764852, 1298, 1038740067, 1283, 1038316113, 1027, 1038312794, 1043, 1038312527, 779, 1038309223, 771, 1038310053, 1291, 1038315294, 1028, 1021141722, 1044, 1020954475, 1029, 1021988305, 772, 1021144919, 788, 1020957743, 781, 1022102020, 789, 1022188233, 1045, 1022185229, 782, 1021978345, 1046, 1021985913, 1030, 1021953439, 1047, 1021080842, 1031, 1021111433, 791, 1021077601, 775, 1021108255, 1292, 1021034672, 1300, 1020950647, 1284, 1021137932, 1293, 1022095254, 1285, 1021984634, 787, 1038309776, 1301, 1022181578, 1299, 1038315850, 1294, 1021984897, 780, 1021041640, 1287, 1021115225, 1295, 1021091765, 773, 1021991293, 790, 1021982940, 774, 1021950463, 783, 1021084708, 1302, 1021989569, 1303, 1021084650, 1286, 1021957103]
[INFO] (lattice_cell.c: 455): on tick 14 of 50
[INFO] (lattice_cell.c: 172): the unmatched_packets is 56
[1040, 1037879615, 776, 1037894405, 1024, 1037878149, 1280, 1037878143, 1041, 1038336576, 1025, 1038335187, 784, 1037879587, 1281, 1038331614, 1045, 1021907834, 1029, 1022050128, 1289, 1038330896, 786, 1038784751, 1290, 1038770040, 1047, 1021092812, 787, 1038300283, 1042, 1038784733, 1026, 1038787993, 1283, 1038307368, 772, 1021092682, 1043, 1038303246, 1300, 1021224447, 773, 1022052406, 789, 1021910015, 1028, 1021089668, 1302, 1021989564, 1030, 1022014226, 1031, 1021067485, 775, 1021064482, 791, 1021089787, 1027, 1038303808, 1044, 1021227931, 1046, 1021986626, 1298, 1038784721, 1291, 1038307207, 768, 1037878143, 1284, 1021086220, 1288, 1037894411, 1296, 1037879639, 777, 1038337450, 1293, 1022024292, 769, 1038338154, 785, 1038339560, 778, 1038770036, 1282, 1038787999, 1286, 1022017192, 1295, 1021125827, 770, 1038787995, 1287, 1021070914, 779, 1038300669, 1303, 1021096275, 771, 1038300847, 1285, 1022047149, 1299, 1038306807, 780, 1021117395, 1292, 1021110786, 788, 1021230972, 781, 1022029393, 1294, 1021962519, 1301, 1021904960, 782, 1021957303, 783, 1021119383, 774, 1022011954, 790, 1021984393, 1297, 1038332985]
[INFO] (lattice_cell.c: 455): on tick 15 of 50
[INFO] (lattice_cell.c: 172): the unmatched_packets is 56
[1024, 1037893975, 1280, 1037893979, 776, 1037872362, 1040, 1037871389, 768, 1037893985, 1288, 1037872370, 1296, 1037871361, 784, 1037871414, 1025, 1038342463, 1041, 1038343162, 777, 1038345189, 1281, 1038339084, 769, 1038345259, 785, 1038345953, 1026, 1038759951, 1042, 1038783400, 778, 1038782307, 770, 1038759955, 1297, 1038339803, 779, 1038308782, 771, 1038309792, 1045, 1022022306, 1047, 1021087285, 780, 1021153155, 772, 1021102890, 1027, 1038312589, 1043, 1038311943, 773, 1022035455, 1044, 1021110111, 1028, 1021099758, 1029, 1022032472, 790, 1021975538, 1285, 1022028855, 1030, 1021999459, 791, 1021084150, 1031, 1021068684, 1046, 1021978496, 1282, 1038759945, 1290, 1038782285, 1298, 1038783404, 1291, 1038314953, 786, 1038783382, 1299, 1038315303, 1283, 1038315964, 1292, 1021146322, 1284, 1021096027, 1293, 1021979547, 1300, 1021106477, 787, 1038309144, 1294, 1021979692, 1301, 1022018605, 1286, 1022003062, 788, 1021113181, 1295, 1021095818, 1287, 1021072405, 781, 1021986115, 789, 1022025354, 782, 1021973080, 774, 1021996482, 783, 1021088989, 775, 1021065531, 1302, 1021982099, 1303, 1021091004, 1289, 1038339012]
[INFO] (lattice_cell.c: 455): on tick 16 of 50
[INFO] (lattice_cell.c: 172): the unmatched_packets is 56
[1280, 1037892714, 1024, 1037892710, 1040, 1037889266, 776, 1037877130, 784, 1037889266, 1296, 1037889257, 1288, 1037877146, 1025, 1038335260, 1281, 1038331717, 777, 1038337973, 1041, 1038335430, 1297, 1038331901, 1289, 1038331492, 1026, 1038771390, 778, 1038788416, 1042, 1038775772, 1028, 1021135640, 1044, 1021083644, 1298, 1038775778, 1029, 1022002673, 1030, 1021965901, 772, 1021138797, 781, 1022021972, 1027, 1038304256, 1043, 1038303839, 1045, 1022057511, 1031, 1021113706, 1047, 1021101747, 1287, 1021117284, 1046, 1021977286, 1283, 1038307785, 1284, 1021132024, 1292, 1021118931, 1300, 1021080030, 1285, 1021999686, 1293, 1022016631, 1282, 1038771394, 1301, 1022054546, 768, 1037892712, 785, 1038338366, 1294, 1022004956, 769, 1038338204, 770, 1038771390, 1302, 1021980299, 786, 1038775762, 1295, 1021084193, 779, 1038300091, 1290, 1038788412, 771, 1038301318, 780, 1021125636, 787, 1038300910, 1291, 1038306558, 788, 1021086842, 773, 1022004969, 782, 1021999668, 789, 1022059811, 1286, 1021968899, 774, 1021963640, 783, 1021077471, 790, 1021974992, 1303, 1021105273, 775, 1021110531, 791, 1021098604, 1299, 1038307370]
[INFO] (lattice_cell.c: 455): on tick 17 of 50
[INFO] (lattice_cell.c: 172): the unmatched_packets is 56
[1024, 1037871374, 776, 1037884868, 1040, 1037883826, 1280, 1037871372, 768, 1037871376, 784, 1037883826, 1288, 1037884854, 1296, 1037883818, 1025, 1038342517, 1041, 1038343345, 777, 1038344903, 1281, 1038339083, 785, 1038346199, 1289, 1038338630, 1297, 1038339924, 769, 1038345365, 1026, 1038783505, 1042, 1038770256, 778, 1038769491, 1043, 1038311863, 786, 1038770260, 770, 1038783503, 1044, 1021124063, 779, 1038308880, 1282, 1038783503, 1283, 1038315939, 1030, 1021964121, 780, 1021101761, 772, 1021136675, 1027, 1038312507, 773, 1021999067, 789, 1022010855, 1029, 1021996112, 1045, 1022007916, 1046, 1021977653, 1303, 1021092009, 1031, 1021102552, 1047, 1021088402, 1028, 1021133689, 791, 1021085397, 1284, 1021130073, 1292, 1021095155, 1285, 1021992541, 1300, 1021120451, 1293, 1022031977, 1301, 1022004367, 1298, 1038770251, 1294, 1021994912, 1290, 1038769509, 1302, 1021981228, 1287, 1021106139, 771, 1038309658, 1291, 1038315156, 787, 1038309014, 781, 1022038543, 788, 1021127084, 1295, 1021082654, 782, 1021988427, 1286, 1021967707, 774, 1021961163, 783, 1021076023, 1299, 1038315281, 790, 1021974692, 775, 1021099544]
[INFO] (lattice_cell.c: 455): on tick 18 of 50
[INFO] (lattice_cell.c: 172): the unmatched_packets is 56
[1024, 1037876640, 1040, 1037881104, 1280, 1037876642, 776, 1037892752, 768, 1037876632, 784, 1037881092, 1288, 1037892752, 1296, 1037881110, 1025, 1038334972, 1041, 1038336070, 777, 1038337589, 1281, 1038331468, 785, 1038338974, 769, 1038337871, 1289, 1038331193, 1297, 1038332583, 1026, 1038789087, 1042, 1038783631, 778, 1038771533, 1282, 1038789093, 770, 1038789091, 786, 1038783648, 1298, 1038783621, 1290, 1038771536, 1027, 1038304309, 1043, 1038303483, 779, 1038300700, 1028, 1021109740, 1044, 1021139870, 787, 1038300585, 771, 1038301416, 1283, 1038307804, 1299, 1038306973, 1029, 1022029831, 1291, 1038307091, 1046, 1021987111, 772, 1021113015, 1045, 1022000595, 1030, 1021991994, 1031, 1021088154, 1047, 1021091052, 1295, 1021111530, 1303, 1021094736, 1301, 1021997520, 1293, 1022022784, 1286, 1021995092, 1294, 1021976715, 1302, 1021990189, 780, 1021119820, 1287, 1021091847, 788, 1021143143, 1285, 1022026726, 781, 1022028191, 1300, 1021136169, 773, 1022032202, 789, 1022002935, 782, 1021971274, 774, 1021989634, 790, 1021984772, 783, 1021104572, 1284, 1021106039, 775, 1021084888, 791, 1021087794, 1292, 1021112765]
[INFO] (lattice_cell.c: 455): on tick 19 of 50
[INFO] (lattice_cell.c: 172): the unmatched_packets is 56
[1024, 1037883775, 1280, 1037883773, 1040, 1037877085, 776, 1037878067, 1296, 1037877073, 784, 1037877095, 768, 1037883777, 1288, 1037878061, 1025, 1038342637, 1281, 1038339148, 1041, 1038343332, 777, 1038345363, 769, 1038345548, 1289, 1038338958, 1297, 1038339852, 1282, 1038770529, 785, 1038346240, 1026, 1038770537, 778, 1038776357, 1042, 1038777554, 770, 1038770537, 1027, 1038312470, 1290, 1038776350, 1043, 1038311534, 1045, 1022016895, 1283, 1038315964, 1047, 1021081069, 772, 1021105629, 788, 1021117816, 1044, 1021114932, 1028, 1021102710, 789, 1022019820, 782, 1021968198, 1029, 1022028086, 1046, 1021986220, 1030, 1021997167, 774, 1021994254, 783, 1021095348, 1031, 1021071981, 775, 1021069080, 791, 1021078149, 1299, 1038315018, 1284, 1021099207, 1292, 1021130208, 1300, 1021111478, 786, 1038777548, 1293, 1021995497, 1301, 1022013385, 779, 1038308463, 1298, 1038777568, 1286, 1022000657, 1294, 1021974579, 771, 1038309563, 787, 1038308645, 780, 1021136621, 1302, 1021989705, 1295, 1021101750, 1287, 1021075479, 1285, 1022024590, 781, 1022001882, 773, 1022030984, 790, 1021983317, 1303, 1021084571, 1291, 1038314851]
[INFO] (lattice_cell.c: 455): on tick 20 of 50
[INFO] (lattice_cell.c: 172): the unmatched_packets is 56
[1280, 1037893326, 1024, 1037893332, 776, 1037877869, 1040, 1037888320, 768, 1037893324, 784, 1037888330, 1296, 1037888314, 1288, 1037877865, 1025, 1038334891, 1281, 1038331437, 777, 1038337558, 1041, 1038335583, 785, 1038338444, 769, 1038337767, 1297, 1038332149, 1026, 1038770877, 1282, 1038770891, 1042, 1038776287, 1289, 1038331230, 778, 1038787457, 1043, 1038304147, 1298, 1038776294, 1290, 1038787445, 779, 1038300665, 1027, 1038304656, 771, 1038301788, 1029, 1022019561, 787, 1038301275, 1030, 1021981292, 1283, 1038308106, 1031, 1021098022, 781, 1022019345, 1028, 1021120140, 773, 1022022013, 789, 1022039074, 1300, 1021101398, 790, 1021977050, 783, 1021089786, 1046, 1021979512, 775, 1021094631, 1047, 1021097489, 791, 1021094111, 1044, 1021105227, 1045, 1022036629, 1299, 1038307600, 1284, 1021116307, 770, 1038770885, 786, 1038776285, 1285, 1022016380, 1301, 1022033472, 780, 1021129434, 1286, 1021984475, 1294, 1021990812, 1302, 1021982699, 772, 1021123530, 788, 1021108645, 1291, 1038306982, 1303, 1021101269, 1292, 1021122245, 782, 1021985173, 1287, 1021101849, 774, 1021978860, 1293, 1022013687, 1295, 1021096977]
[INFO] (lattice_cell.c: 455): on tick 21 of 50
[INFO] (lattice_cell.c: 172): the unmatched_packets is 56
[1024, 1037880024, 1040, 1037882944, 1280, 1037880028, 776, 1037878794, 1025, 1038342650, 1026, 1038774298, 777, 1038345371, 1281, 1038339105, 1027, 1038312295, 769, 1038345619, 1029, 1021999133, 1047, 1021094399, 1041, 1038343674, 1042, 1038771168, 1044, 1021118680, 782, 1021991355, 1028, 1021129720, 1285, 1021995704, 1302, 1021979634, 1045, 1022012524, 783, 1021075225, 774, 1021965972, 1046, 1021976224, 1030, 1021968789, 1031, 1021099738, 775, 1021096911, 791, 1021091574, 1043, 1038310508, 1283, 1038315845, 1291, 1038314667, 1299, 1038314032, 1292, 1021105389, 1284, 1021126307, 1300, 1021115255, 1296, 1037882934, 784, 1037882952, 768, 1037880032, 1288, 1037878792, 1301, 1022009124, 785, 1038346643, 1295, 1021081467, 1286, 1021972173, 1289, 1038338855, 778, 1038775802, 1297, 1038340131, 1287, 1021103157, 770, 1038774300, 786, 1038771161, 1282, 1038774300, 779, 1038308172, 1298, 1038771160, 771, 1038309336, 787, 1038307551, 780, 1021111624, 772, 1021132554, 788, 1021121505, 1293, 1022020971, 781, 1022027233, 773, 1022001931, 789, 1022015323, 1294, 1021997571, 1303, 1021097795, 1290, 1038775818, 790, 1021973393]
[INFO] (lattice_cell.c: 455): on tick 22 of 50
[INFO] (lattice_cell.c: 172): the unmatched_packets is 56
[1024, 1037878197, 1280, 1037878203, 1040, 1037883052, 776, 1037890803, 768, 1037878203, 1288, 1037890785, 1296, 1037883046, 1025, 1038334816, 1041, 1038335850, 1281, 1038331398, 777, 1038337367, 769, 1038337664, 1289, 1038331117, 1026, 1038787130, 784, 1037883046, 1297, 1038332446, 1042, 1038781604, 778, 1038773556, 1027, 1038304981, 1282, 1038787138, 786, 1038781616, 1029, 1022017011, 771, 1038302153, 787, 1038301684, 1047, 1021093533, 1043, 1038304516, 1044, 1021131207, 782, 1021980876, 1294, 1021986745, 774, 1021975880, 1046, 1021980254, 1030, 1021978434, 1286, 1021981750, 1303, 1021097428, 1031, 1021099354, 1028, 1021122182, 1045, 1022010581, 791, 1021090065, 1284, 1021118270, 1299, 1038307924, 1292, 1021108738, 1300, 1021127283, 1293, 1022027781, 1285, 1022013695, 785, 1038338674, 1301, 1022007306, 770, 1038787134, 1290, 1038773558, 779, 1038301939, 1302, 1021983545, 1287, 1021103252, 1283, 1038308396, 780, 1021116142, 772, 1021125657, 788, 1021134672, 781, 1022033633, 1295, 1021097481, 773, 1022019574, 789, 1022013143, 1298, 1038781596, 1291, 1038308196, 790, 1021977709, 783, 1021090126, 775, 1021095901]
[INFO] (lattice_cell.c: 455): on tick 23 of 50
[INFO] (lattice_cell.c: 172): the unmatched_packets is 56
[1024, 1037876614, 1280, 1037876610, 1040, 1037874694, 776, 1037883017, 784, 1037874694, 1288, 1037883015, 1296, 1037874698, 1025, 1038341856, 1041, 1038343715, 777, 1038345460, 1281, 1038338251, 785, 1038346732, 1289, 1038338842, 1282, 1038778065, 1026, 1038778067, 778, 1038771112, 1042, 1038779989, 1043, 1038312385, 1044, 1021118402, 770, 1038778061, 771, 1038308320, 1047, 1021083448, 1031, 1021081031, 1027, 1038311331, 781, 1022011353, 1029, 1022023140, 1301, 1022009279, 1046, 1021979647, 1030, 1021992950, 1283, 1038314927, 1028, 1021109725, 1045, 1022012573, 1291, 1038314035, 1284, 1021106369, 1292, 1021120629, 1300, 1021115107, 1285, 1022019823, 1293, 1022005334, 768, 1037876610, 1297, 1038340120, 769, 1038344867, 1294, 1021977925, 1286, 1021996253, 786, 1038779987, 1287, 1021084347, 1290, 1038771103, 779, 1038307430, 1298, 1038779985, 787, 1038309396, 1299, 1038315969, 780, 1021126782, 788, 1021121173, 772, 1021112506, 789, 1022015311, 1303, 1021086783, 773, 1022025876, 782, 1021971902, 790, 1021976882, 774, 1021990198, 783, 1021096320, 1295, 1021102422, 1302, 1021982966, 791, 1021080653, 775, 1021078248]
[INFO] (lattice_cell.c: 455): on tick 24 of 50
[INFO] (lattice_cell.c: 172): the unmatched_packets is 56
[1024, 1037889876, 1280, 1037889870, 1040, 1037890902, 776, 1037882817, 1288, 1037882807, 1296, 1037890866, 768, 1037889866, 784, 1037890920, 1025, 1038335220, 1281, 1038331828, 1041, 1038335779, 777, 1038338184, 1289, 1038331990, 1026, 1038774568, 785, 1038338581, 1282, 1038774570, 1042, 1038773502, 778, 1038782046, 769, 1038338040, 786, 1038773496, 1297, 1038332405, 770, 1038774570, 1290, 1038782038, 1027, 1038305753, 1298, 1038773524, 1043, 1038304998, 1028, 1021110675, 1029, 1022027592, 1045, 1022026736, 1046, 1021997516, 788, 1021119025, 1044, 1021115517, 1030, 1021989360, 1031, 1021086643, 1047, 1021075513, 791, 1021072030, 1291, 1038306041, 1292, 1021125063, 1300, 1021111522, 1283, 1038309133, 1285, 1022024158, 779, 1038299833, 771, 1038302947, 787, 1038302164, 1293, 1022007542, 1301, 1022023306, 1286, 1021992770, 1294, 1021987155, 1284, 1021106687, 780, 1021132587, 1299, 1038308392, 772, 1021114199, 1287, 1021090631, 1303, 1021079479, 781, 1022013639, 773, 1022030284, 789, 1022029409, 782, 1021981088, 774, 1021986673, 790, 1021994927, 783, 1021097068, 1302, 1022000852, 1295, 1021104546, 775, 1021083136]
[INFO] (lattice_cell.c: 455): on tick 25 of 50
[INFO] (lattice_cell.c: 172): the unmatched_packets is 56
[1024, 1037882843, 1040, 1037871145, 1280, 1037882845, 776, 1037871100, 768, 1037882853, 784, 1037871143, 1296, 1037871149, 1288, 1037871100, 1025, 1038344120, 1041, 1038342873, 1281, 1038340486, 777, 1038345009, 785, 1038345920, 769, 1038347165, 1297, 1038339242, 1289, 1038338323, 1026, 1038771249, 1042, 1038783326, 778, 1038783772, 1282, 1038771247, 786, 1038783342, 770, 1038771247, 1298, 1038783314, 1290, 1038783765, 1027, 1038313388, 1043, 1038309243, 779, 1038307048, 1283, 1038317023, 787, 1038306257, 771, 1038310349, 1299, 1038312838, 1291, 1038313680, 1028, 1021119151, 1044, 1021106379, 780, 1021118196, 788, 1021109137, 772, 1021121957, 1300, 1021103081, 1292, 1021112120, 1029, 1022003620, 1045, 1022028140, 1031, 1021092062, 1047, 1021130705, 781, 1022021866, 773, 1022006270, 1030, 1021973308, 1046, 1021944642, 783, 1021094517, 1286, 1021976531, 1303, 1021134007, 1301, 1022024940, 1295, 1021100646, 1293, 1022016015, 1287, 1021095366, 1284, 1021115848, 789, 1022030743, 1302, 1021947990, 782, 1021975873, 774, 1021970677, 790, 1021941872, 1285, 1022000390, 1294, 1021981820, 775, 1021089282, 791, 1021127910]
[INFO] (lattice_cell.c: 455): on tick 26 of 50
[INFO] (lattice_cell.c: 172): the unmatched_packets is 56
[1280, 1037889882, 1024, 1037889882, 1040, 1037909709, 776, 1037896914, 784, 1037909730, 768, 1037889880, 1288, 1037896882, 1025, 1038335103, 1281, 1038331705, 1041, 1038336601, 1296, 1037909675, 777, 1038335936, 769, 1038337924, 785, 1038339401, 1026, 1038774702, 1042, 1038754007, 778, 1038767322, 1043, 1038306892, 770, 1038774696, 786, 1038753997, 1027, 1038306191, 779, 1038303157, 787, 1038304043, 780, 1021125231, 1030, 1021978892, 788, 1021143243, 1282, 1038774706, 772, 1021124169, 1031, 1021094761, 781, 1022030969, 1028, 1021120699, 1044, 1021139678, 782, 1022014033, 1284, 1021116700, 1029, 1022016916, 1300, 1021135636, 790, 1022045399, 774, 1021976153, 783, 1021052238, 1046, 1022048001, 1047, 1021016476, 1302, 1022051348, 1045, 1022000211, 1289, 1038329756, 1298, 1038754038, 1290, 1038767348, 1297, 1038333247, 771, 1038303373, 1291, 1038309417, 1299, 1038310298, 1292, 1021117716, 789, 1022002998, 773, 1022019664, 1286, 1021982381, 1295, 1021059666, 1283, 1038309577, 1285, 1022013452, 1303, 1021020441, 1293, 1022024658, 1301, 1021996717, 791, 1021013015, 1294, 1022020122, 775, 1021091270, 1287, 1021098722]
[INFO] (lattice_cell.c: 455): on tick 27 of 50
[INFO] (lattice_cell.c: 172): the unmatched_packets is 56
[1280, 1037857919, 1024, 1037857927, 776, 1037861070, 1040, 1037842809, 784, 1037842797, 1288, 1037861086, 1296, 1037842818, 768, 1037857931, 1281, 1038337636, 1025, 1038341270, 777, 1038344863, 1041, 1038344973, 785, 1038348021, 769, 1038344301, 1289, 1038338184, 1297, 1038341335, 1282, 1038797397, 1026, 1038797399, 778, 1038793720, 1042, 1038812593, 786, 1038812622, 1290, 1038793688, 1298, 1038812557, 770, 1038797393, 1283, 1038313674, 1027, 1038310058, 1043, 1038309352, 779, 1038304998, 787, 1038306342, 1299, 1038312958, 771, 1038307032, 1291, 1038311615, 1028, 1021136615, 1044, 1021104175, 1029, 1021997039, 1284, 1021133250, 772, 1021139510, 1031, 1021112048, 781, 1022027726, 789, 1022023409, 1045, 1022020887, 1030, 1021966759, 774, 1021964111, 1047, 1021213521, 783, 1021157478, 1302, 1021863559, 1046, 1021860237, 1286, 1021969987, 1303, 1021216784, 1293, 1022021986, 1294, 1021926754, 1287, 1021115411, 1292, 1021106116, 1300, 1021100891, 780, 1021112309, 1295, 1021163685, 788, 1021106966, 773, 1021999678, 1285, 1021993786, 782, 1021920767, 1301, 1022017765, 790, 1021857498, 775, 1021109155, 791, 1021210693]
[INFO] (lattice_cell.c: 455): on tick 28 of 50
[INFO] (lattice_cell.c: 172): the unmatched_packets is 56
[1280, 1037919702, 1024, 1037919704, 1040, 1037916143, 776, 1037925027, 768, 1037919700, 1288, 1037924985, 1296, 1037916131, 784, 1037916150, 1025, 1038336890, 1041, 1038336642, 1281, 1038333474, 777, 1038339029, 785, 1038339471, 1289, 1038332766, 1297, 1038333264, 1282, 1038743862, 769, 1038339764, 1026, 1038743860, 1042, 1038747899, 778, 1038738337, 786, 1038747871, 1290, 1038738392, 1027, 1038308603, 1043, 1038304648, 779, 1038302985, 1045, 1022017328, 1283, 1038312005, 1031, 1021036941, 1047, 1020945686, 772, 1021068550, 781, 1022018628, 1028, 1021065168, 1044, 1021123630, 1293, 1022012266, 1029, 1022066819, 1030, 1022029263, 1046, 1022129193, 783, 1020987536, 790, 1022126440, 1285, 1022063326, 1301, 1022013721, 1294, 1022085271, 1291, 1038309257, 1302, 1022132622, 1299, 1038308031, 1298, 1038747937, 770, 1038743858, 771, 1038305729, 1287, 1021040876, 787, 1038301825, 780, 1021125844, 788, 1021127060, 1284, 1021061218, 773, 1022069587, 1295, 1020994949, 1303, 1020949691, 1292, 1021118477, 789, 1022020203, 1300, 1021119668, 782, 1022079109, 1286, 1022032733, 774, 1022026503, 775, 1021033544, 791, 1020942220]
[INFO] (lattice_cell.c: 455): on tick 29 of 50
[INFO] (lattice_cell.c: 172): the unmatched_packets is 56
[1280, 1037825616, 1024, 1037825620, 1040, 1037862479, 776, 1037828208, 784, 1037862519, 768, 1037825620, 1288, 1037828201, 1296, 1037862446, 1281, 1038337732, 1025, 1038341358, 1041, 1038342351, 777, 1038342950, 785, 1038345376, 769, 1038344364, 1026, 1038830270, 1042, 1038791723, 1289, 1038336334, 1028, 1021196637, 1044, 1021129731, 1029, 1021935223, 1030, 1021903854, 1046, 1021875913, 780, 1021163161, 1043, 1038312304, 1027, 1038309994, 1045, 1022006335, 783, 1021223336, 1287, 1021177567, 1031, 1021174189, 1047, 1021186177, 775, 1021171231, 791, 1021183244, 1297, 1038338735, 1290, 1038827556, 1298, 1038791732, 1283, 1038313626, 778, 1038827601, 1299, 1038315950, 770, 1038830256, 786, 1038791733, 1292, 1021156728, 779, 1038307155, 1300, 1021126298, 1293, 1021977131, 771, 1038306984, 787, 1038309247, 1282, 1038830260, 1294, 1021850478, 1301, 1022003268, 1286, 1021907091, 772, 1021199576, 781, 1021982851, 788, 1021132718, 1295, 1021229568, 1291, 1038313823, 1302, 1021879015, 1303, 1021189578, 773, 1021937840, 782, 1021844660, 789, 1022008806, 774, 1021901238, 790, 1021873399, 1284, 1021193229, 1285, 1021931986]
[INFO] (lattice_cell.c: 455): on tick 30 of 50
[INFO] (lattice_cell.c: 172): the unmatched_packets is 56
[1280, 1037955232, 1024, 1037955230, 1040, 1037893185, 776, 1037927248, 784, 1037893155, 768, 1037955228, 1288, 1037927307, 1296, 1037893205, 1025, 1038334774, 1281, 1038331352, 1041, 1038337993, 777, 1038338602, 785, 1038340870, 769, 1038337646, 1289, 1038332276, 1297, 1038334591, 1282, 1038707448, 1026, 1038707440, 1042, 1038771324, 778, 1038736610, 786, 1038771333, 1290, 1038736592, 1298, 1038771315, 1027, 1038306459, 1043, 1038303930, 779, 1038300082, 1028, 1021003891, 787, 1038301093, 1031, 1020974543, 788, 1021072745, 1044, 1021069473, 1300, 1021065639, 1029, 1022137642, 773, 1022140518, 789, 1022067519, 1293, 1022105815, 1046, 1021995618, 1047, 1021081390, 1045, 1022064628, 1030, 1022101923, 1301, 1022061020, 1286, 1022105459, 770, 1038707436, 1283, 1038309880, 1302, 1021999358, 1287, 1020978482, 771, 1038303598, 1291, 1038306305, 1295, 1020991980, 780, 1021034964, 1299, 1038307308, 1303, 1021085128, 1284, 1020999937, 772, 1021007269, 781, 1022112283, 1285, 1022134092, 782, 1022095688, 774, 1022099062, 1294, 1022102259, 1292, 1021027809, 790, 1021992622, 783, 1020984721, 775, 1020971176, 791, 1021078172]
[INFO] (lattice_cell.c: 455): on tick 31 of 50
[INFO] (lattice_cell.c: 172): the unmatched_packets is 56
[1280, 1037830854, 1024, 1037830858, 1040, 1037869819, 776, 1037851190, 1288, 1037851073, 1296, 1037869785, 1025, 1038344378, 777, 1038345682, 1041, 1038343068, 784, 1037869872, 785, 1038346076, 769, 1038347433, 1297, 1038339468, 1026, 1038824320, 1042, 1038784755, 1028, 1021240353, 778, 1038803439, 770, 1038824324, 786, 1038784736, 1046, 1022032902, 779, 1038308048, 1047, 1021037779, 1291, 1038314752, 1044, 1021205179, 1293, 1021880823, 1029, 1021877140, 1045, 1021929684, 782, 1021951912, 774, 1021842327, 783, 1021112294, 1031, 1021217800, 1027, 1038313495, 1043, 1038310041, 790, 1022030508, 1030, 1021844767, 1283, 1038317139, 1284, 1021236869, 1299, 1038313655, 1292, 1021243247, 1285, 1021874079, 1289, 1038339032, 768, 1037830860, 1281, 1038340736, 1294, 1021957213, 1301, 1021926592, 1295, 1021119007, 1282, 1038824314, 1302, 1022035880, 1287, 1021221271, 1290, 1038803521, 771, 1038310442, 787, 1038307010, 780, 1021249808, 772, 1021243397, 788, 1021208288, 781, 1021886425, 1303, 1021041420, 1300, 1021201640, 773, 1021879562, 789, 1021932154, 1286, 1021847827, 775, 1021214759, 791, 1021034591, 1298, 1038784775]
[INFO] (lattice_cell.c: 455): on tick 32 of 50
[INFO] (lattice_cell.c: 172): the unmatched_packets is 56
[1024, 1037886227, 1280, 1037886235, 1040, 1037913205, 776, 1037901360, 784, 1037913195, 768, 1037886225, 1288, 1037901393, 1296, 1037913206, 1025, 1038333274, 1281, 1038329858, 1041, 1038335801, 777, 1038334943, 785, 1038338683, 1289, 1038328663, 769, 1038336137, 1297, 1038332375, 1026, 1038779357, 1042, 1038750226, 778, 1038762902, 1282, 1038779357, 1027, 1038304637, 1290, 1038762855, 770, 1038779355, 1298, 1038750223, 1044, 1021010376, 1029, 1022097170, 1046, 1021927219, 1043, 1038305880, 1028, 1021049724, 1030, 1022061229, 774, 1022058101, 1047, 1021142077, 1031, 1021021672, 783, 1021130634, 1283, 1038308043, 1045, 1022132742, 1284, 1021045991, 1291, 1038308381, 1292, 1020980950, 1285, 1022093334, 1300, 1021006565, 1293, 1022165640, 1301, 1022129147, 1286, 1022065053, 1294, 1021948315, 786, 1038750236, 779, 1038302076, 1302, 1021930941, 1287, 1021025378, 1295, 1021137331, 771, 1038301789, 1303, 1021145742, 787, 1038302998, 780, 1020988045, 772, 1021052885, 788, 1021013597, 781, 1022172327, 773, 1022100311, 789, 1022135705, 782, 1021941352, 790, 1021924189, 775, 1021018522, 791, 1021138963, 1299, 1038309301]
[INFO] (lattice_cell.c: 455): on tick 33 of 50
[INFO] (lattice_cell.c: 172): the unmatched_packets is 56
[1280, 1037905990, 1024, 1037905994, 1040, 1037838812, 776, 1037878145, 768, 1037905992, 784, 1037838846, 1296, 1037838780, 1288, 1037878165, 1025, 1038342913, 1281, 1038339265, 1041, 1038345914, 777, 1038347041, 785, 1038348944, 769, 1038345963, 1026, 1038747216, 1042, 1038816686, 1027, 1038312339, 778, 1038776122, 770, 1038747224, 786, 1038816667, 1045, 1021880437, 1030, 1021993420, 1031, 1021078578, 1047, 1021086843, 772, 1021105086, 1043, 1038310834, 788, 1021243784, 1044, 1021240643, 1028, 1021101760, 781, 1021925546, 1029, 1022024970, 789, 1021882828, 1046, 1021980586, 1294, 1022024571, 783, 1021052799, 1297, 1038342295, 1282, 1038747224, 1290, 1038776084, 1298, 1038816707, 1283, 1038315987, 1289, 1038340334, 771, 1038309294, 1299, 1038314432, 779, 1038306393, 787, 1038307819, 1292, 1021198496, 1284, 1021097977, 780, 1021205366, 1300, 1021237074, 1293, 1021920301, 1301, 1021877409, 1291, 1038313018, 773, 1022027224, 1295, 1021059852, 1302, 1021983577, 1285, 1022022098, 1287, 1021082344, 1286, 1021996281, 774, 1021991164, 782, 1022019326, 790, 1021978198, 775, 1021075233, 791, 1021083633, 1303, 1021090482]
[INFO] (lattice_cell.c: 455): on tick 34 of 50
[INFO] (lattice_cell.c: 172): the unmatched_packets is 56
[1024, 1037868669, 1280, 1037868669, 776, 1037879912, 1040, 1037904244, 784, 1037904258, 1288, 1037879835, 1296, 1037904236, 768, 1037868663, 1025, 1038335268, 1281, 1038331811, 777, 1038337234, 1041, 1038334599, 785, 1038337462, 1289, 1038330911, 1297, 1038331179, 769, 1038338170, 1026, 1038795823, 1282, 1038795833, 1042, 1038760098, 778, 1038784816, 786, 1038760111, 1298, 1038760104, 1290, 1038784873, 1027, 1038306625, 779, 1038300768, 1043, 1038304013, 1044, 1021015190, 787, 1038301123, 1029, 1021968784, 1291, 1038307122, 780, 1021131963, 1046, 1022017018, 781, 1022019980, 1047, 1021059956, 789, 1022138728, 1028, 1021167095, 773, 1021971931, 790, 1022013855, 1045, 1022135576, 1285, 1021964949, 774, 1021930377, 1030, 1021933551, 1031, 1021138499, 791, 1021056923, 1293, 1022012859, 1286, 1021937376, 1301, 1022131784, 1294, 1021994372, 1302, 1022020870, 1287, 1021142033, 770, 1038795821, 771, 1038303721, 1299, 1038307462, 788, 1021018301, 772, 1021170100, 1283, 1038310080, 782, 1021987493, 1284, 1021163566, 783, 1021086486, 1295, 1021093146, 1292, 1021125368, 1303, 1021063496, 1300, 1021011520, 775, 1021135514]
[INFO] (lattice_cell.c: 455): on tick 35 of 50
[INFO] (lattice_cell.c: 172): the unmatched_packets is 56
[1024, 1037871773, 1280, 1037871765, 776, 1037883186, 1040, 1037896360, 1288, 1037883167, 1296, 1037896346, 784, 1037896364, 768, 1037871768, 1025, 1038342824, 1281, 1038339218, 777, 1038344207, 1041, 1038344282, 785, 1038347314, 769, 1038345842, 1289, 1038337581, 1297, 1038340662, 1026, 1038783385, 1042, 1038756805, 1282, 1038783381, 778, 1038771104, 1298, 1038756807, 1027, 1038312521, 779, 1038308661, 1043, 1038311185, 1283, 1038316123, 787, 1038308178, 771, 1038309505, 1291, 1038315304, 786, 1038756803, 770, 1038783387, 1299, 1038314783, 1028, 1021092920, 1044, 1021145509, 780, 1021071595, 1046, 1021968620, 788, 1021148918, 1031, 1021070980, 1045, 1021982794, 782, 1021947176, 789, 1021984968, 1030, 1022000034, 1047, 1021098801, 1294, 1021952422, 1029, 1022033727, 1295, 1021126013, 1300, 1021141650, 1293, 1022064975, 1301, 1021979978, 1290, 1038771115, 772, 1021096301, 1286, 1022003012, 781, 1022070052, 1284, 1021089127, 1292, 1021064226, 1287, 1021074761, 1303, 1021102669, 773, 1022036025, 1285, 1022030723, 783, 1021118881, 774, 1021997693, 790, 1021966384, 1302, 1021971477, 775, 1021067617, 791, 1021095377]
[INFO] (lattice_cell.c: 455): on tick 36 of 50
[INFO] (lattice_cell.c: 172): the unmatched_packets is 56
[776, 1037882451, 784, 1037866350, 768, 1037902378, 1280, 1037902379, 1024, 1037902374, 1040, 1037866327, 1288, 1037882496, 1296, 1037866281, 777, 1038337241, 785, 1038339968, 769, 1038337127, 1025, 1038334192, 1281, 1038330697, 1041, 1038337064, 1289, 1038330808, 1297, 1038333608, 778, 1038781984, 786, 1038798415, 770, 1038761662, 1282, 1038761668, 1026, 1038761670, 1042, 1038798425, 1290, 1038781924, 1298, 1038798450, 779, 1038300778, 787, 1038301768, 771, 1038302274, 1283, 1038308687, 1027, 1038305206, 1043, 1038304685, 1291, 1038307177, 1299, 1038308164, 780, 1021148033, 788, 1021171226, 772, 1021103751, 1284, 1021097230, 1028, 1021100771, 1044, 1021168333, 1292, 1021141607, 1300, 1021164908, 781, 1022003164, 789, 1021972895, 773, 1022043887, 1029, 1022040704, 1045, 1021969662, 1293, 1021996195, 1301, 1021965788, 1046, 1021959600, 1030, 1022007686, 782, 1021991884, 774, 1022004521, 1031, 1021072193, 1047, 1021111534, 783, 1021082790, 1295, 1021089146, 1294, 1021998984, 1302, 1021963455, 1303, 1021114940, 790, 1021956419, 775, 1021069217, 791, 1021108676, 1285, 1022036882, 1287, 1021075729, 1286, 1022011500]
[INFO] (lattice_cell.c: 455): on tick 37 of 50
[INFO] (lattice_cell.c: 172): the unmatched_packets is 56
[1280, 1037879599, 1024, 1037879605, 1040, 1037875279, 776, 1037879304, 768, 1037879606, 784, 1037875303, 1296, 1037875262, 1288, 1037879265, 1281, 1038339063, 777, 1038345790, 1025, 1038342657, 1041, 1038343778, 769, 1038345683, 785, 1038346770, 1289, 1038339188, 1297, 1038340213, 1282, 1038774246, 1042, 1038779812, 1026, 1038774236, 778, 1038775070, 786, 1038779805, 1043, 1038310596, 1298, 1038779828, 1290, 1038775109, 1044, 1021070519, 779, 1038307102, 1045, 1022060845, 771, 1038310001, 1031, 1021116254, 781, 1022000075, 1028, 1021139423, 782, 1022004835, 1029, 1021986653, 790, 1021983636, 783, 1021065000, 1030, 1021952346, 1046, 1021985943, 1047, 1021084567, 1027, 1038313018, 1291, 1038313686, 1284, 1021135458, 1292, 1021129823, 770, 1038774244, 1301, 1022057899, 1286, 1021955235, 787, 1038307601, 1294, 1022009965, 1302, 1021988925, 780, 1021137157, 1283, 1038316610, 1287, 1021120209, 1295, 1021072518, 1303, 1021088459, 788, 1021074035, 772, 1021142928, 1299, 1038314162, 789, 1022063097, 773, 1021988909, 1300, 1021066576, 1285, 1021983762, 1293, 1021994763, 774, 1021950112, 791, 1021081109, 775, 1021112745]
[INFO] (lattice_cell.c: 455): on tick 38 of 50
[INFO] (lattice_cell.c: 172): the unmatched_packets is 56
[1280, 1037868839, 1024, 1037868842, 776, 1037891358, 1040, 1037896721, 768, 1037868850, 1296, 1037896715, 1288, 1037891288, 784, 1037896728, 1025, 1038335331, 777, 1038337172, 1041, 1038336080, 1281, 1038331802, 785, 1038339023, 769, 1038338286, 1297, 1038332575, 1289, 1038330713, 1282, 1038796383, 1026, 1038796383, 1042, 1038767072, 778, 1038772803, 786, 1038767098, 1298, 1038767061, 1290, 1038772847, 770, 1038796385, 1027, 1038305920, 779, 1038301690, 1043, 1038304527, 1283, 1038309439, 1291, 1038308189, 1299, 1038308050, 787, 1038301581, 771, 1038302977, 1028, 1021127568, 780, 1021106108, 1044, 1021112088, 788, 1021114995, 1284, 1021124217, 1292, 1021099781, 1300, 1021108631, 772, 1021130390, 1029, 1022008542, 1045, 1022031223, 1046, 1021999058, 781, 1022044662, 1030, 1021975769, 1031, 1021100285, 1047, 1021075047, 783, 1021102336, 791, 1021072187, 775, 1021097465, 1295, 1021108579, 1303, 1021078411, 1287, 1021103628, 773, 1022011786, 1293, 1022037632, 789, 1022034352, 1301, 1022027479, 782, 1021969675, 1302, 1022002876, 790, 1021995889, 774, 1021972512, 1294, 1021976663, 1285, 1022004676, 1286, 1021979632]
[INFO] (lattice_cell.c: 455): on tick 39 of 50
[INFO] (lattice_cell.c: 172): the unmatched_packets is 56
[1024, 1037882683, 1040, 1037880572, 776, 1037879383, 1280, 1037882683, 768, 1037882691, 1288, 1037879392, 784, 1037880591, 1296, 1037880549, 1025, 1038341393, 1041, 1038344069, 777, 1038344203, 1281, 1038337832, 769, 1038344384, 1289, 1038337646, 785, 1038347070, 1297, 1038340519, 1026, 1038771928, 1042, 1038773284, 778, 1038774871, 786, 1038773259, 770, 1038771932, 1290, 1038774859, 1282, 1038771930, 1298, 1038773302, 1027, 1038312189, 1043, 1038312618, 1028, 1021089750, 1044, 1021148270, 1283, 1038315751, 771, 1038309210, 1284, 1021085696, 1029, 1022042429, 781, 1022022301, 1045, 1021981803, 782, 1021956699, 1031, 1021066462, 1047, 1021088047, 774, 1022004717, 1030, 1022007050, 1046, 1021972850, 1285, 1022039415, 783, 1021110926, 1286, 1022010064, 1294, 1021962043, 1302, 1021975818, 1295, 1021118460, 779, 1038307950, 1292, 1021111480, 1291, 1038314505, 1299, 1038316155, 787, 1038309646, 780, 1021119183, 772, 1021093327, 788, 1021151787, 773, 1022044769, 1300, 1021144270, 789, 1021984088, 1301, 1021978816, 1293, 1022017136, 1303, 1021092058, 1287, 1021070465, 790, 1021970558, 775, 1021062858, 791, 1021084471]
[INFO] (lattice_cell.c: 455): on tick 40 of 50
[INFO] (lattice_cell.c: 172): the unmatched_packets is 56
[1280, 1037899964, 1024, 1037899960, 1040, 1037878752, 776, 1037876900, 784, 1037878803, 768, 1037899960, 1288, 1037876899, 1296, 1037878695, 1281, 1038331993, 1025, 1038335567, 1041, 1038337019, 777, 1038338706, 785, 1038339984, 769, 1038338570, 1289, 1038332154, 1297, 1038333497, 1282, 1038763656, 1026, 1038763646, 1042, 1038785828, 778, 1038787865, 786, 1038785810, 770, 1038763650, 1290, 1038787842, 1298, 1038785874, 1027, 1038305852, 1043, 1038304899, 779, 1038298990, 771, 1038302860, 1291, 1038305539, 787, 1038301921, 1283, 1038309419, 1030, 1021988754, 1031, 1021088735, 1028, 1021115748, 1044, 1021117304, 1284, 1021112354, 1045, 1022021107, 1046, 1021969473, 1047, 1021102186, 1029, 1022019702, 1285, 1022015970, 1293, 1021997370, 1301, 1022017349, 1299, 1038308445, 1286, 1021992499, 1302, 1021973236, 1287, 1021092102, 780, 1021141602, 1303, 1021105494, 772, 1021118595, 781, 1022004284, 788, 1021120104, 1295, 1021090395, 773, 1022022819, 782, 1021997105, 789, 1022024283, 1292, 1021135493, 1300, 1021113980, 1294, 1022004041, 774, 1021985636, 783, 1021084274, 790, 1021966330, 775, 1021085888, 791, 1021099408]
[INFO] (lattice_cell.c: 455): on tick 41 of 50
[INFO] (lattice_cell.c: 172): the unmatched_packets is 56
[1024, 1037877913, 1280, 1037877909, 1040, 1037881545, 776, 1037880208, 768, 1037877913, 1296, 1037881548, 1288, 1037880184, 1025, 1038343272, 1281, 1038339739, 1041, 1038342568, 777, 1038344128, 769, 1038346260, 1289, 1038337629, 784, 1037881555, 1042, 1038772938, 1026, 1038776160, 1282, 1038776164, 1027, 1038314656, 786, 1038772944, 1043, 1038310250, 1045, 1022040199, 771, 1038311670, 780, 1021117521, 788, 1021099272, 1283, 1038318189, 772, 1021138871, 1044, 1021095639, 782, 1022000345, 1029, 1021987655, 1046, 1021978441, 1030, 1021951335, 1303, 1021097173, 1047, 1021093217, 1031, 1021110798, 1028, 1021135274, 1298, 1038772932, 1291, 1038313815, 1299, 1038313763, 1284, 1021131184, 1292, 1021109879, 785, 1038345527, 1300, 1021091532, 778, 1038774251, 1290, 1038774274, 770, 1038776164, 1285, 1021984557, 1293, 1022020284, 779, 1038307315, 787, 1038307288, 1301, 1022037185, 1294, 1022005808, 1302, 1021981603, 1295, 1021077525, 1287, 1021114884, 781, 1022025819, 789, 1022042532, 773, 1021990020, 1286, 1021954434, 790, 1021975963, 774, 1021948972, 783, 1021069862, 1297, 1038339053, 791, 1021089706, 775, 1021107220]
[INFO] (lattice_cell.c: 455): on tick 42 of 50
[INFO] (lattice_cell.c: 172): the unmatched_packets is 56
[1024, 1037871176, 1280, 1037871174, 1040, 1037887057, 776, 1037893356, 768, 1037871180, 784, 1037887080, 1288, 1037893285, 1025, 1038336214, 777, 1038336513, 1041, 1038337564, 785, 1038340569, 769, 1038339231, 1296, 1037887021, 1026, 1038794096, 1042, 1038776995, 1297, 1038333970, 1044, 1021128417, 1030, 1021979748, 787, 1038303331, 788, 1021131253, 1027, 1038306086, 1043, 1038306345, 773, 1022013313, 1029, 1022010214, 1045, 1022008939, 1046, 1021984787, 790, 1021981806, 1031, 1021096262, 1047, 1021081123, 1028, 1021121811, 791, 1021078290, 775, 1021093437, 1282, 1038794096, 1290, 1038770595, 1283, 1038309682, 778, 1038770533, 770, 1038794092, 1289, 1038329899, 1284, 1021118507, 786, 1038776987, 779, 1038302080, 1281, 1038332609, 1300, 1021125068, 1293, 1022033812, 1285, 1022006533, 771, 1038303066, 1301, 1022005352, 1298, 1038777015, 780, 1021112937, 1291, 1038308715, 1286, 1021983424, 1295, 1021102966, 1302, 1021988345, 1287, 1021099562, 772, 1021124621, 1299, 1038309943, 781, 1022040476, 1303, 1021084454, 1292, 1021106694, 789, 1022011971, 782, 1021974154, 1294, 1021980808, 774, 1021976657, 783, 1021096786]
[INFO] (lattice_cell.c: 455): on tick 43 of 50
[INFO] (lattice_cell.c: 172): the unmatched_packets is 56
[776, 1037882141, 1280, 1037880267, 784, 1037881012, 1024, 1037880271, 768, 1037880277, 1040, 1037880993, 1288, 1037882151, 1296, 1037880982, 777, 1038343320, 1281, 1038336621, 785, 1038347722, 1025, 1038340122, 1041, 1038344787, 769, 1038343079, 1289, 1038336872, 1297, 1038341298, 778, 1038771896, 1282, 1038774351, 786, 1038773080, 1026, 1038774343, 770, 1038774345, 1042, 1038773074, 1290, 1038771859, 1298, 1038773068, 779, 1038305965, 1283, 1038315360, 1027, 1038311863, 1043, 1038310061, 787, 1038307146, 771, 1038308913, 1291, 1038312399, 1299, 1038313522, 1044, 1021132234, 780, 1021129836, 1028, 1021096759, 788, 1021135769, 772, 1021100345, 1300, 1021128205, 1029, 1022040235, 1045, 1021995362, 1047, 1021078445, 1293, 1022009924, 789, 1021997852, 1046, 1021993046, 1285, 1022036971, 1030, 1022003151, 1031, 1021072017, 791, 1021074883, 775, 1021068426, 1295, 1021117027, 1302, 1021996370, 1292, 1021122111, 781, 1022015542, 773, 1022042801, 1301, 1021992153, 782, 1021965562, 790, 1021990423, 774, 1022000596, 1294, 1021971476, 783, 1021109468, 1303, 1021082470, 1284, 1021092703, 1286, 1022006424, 1287, 1021076048]
[INFO] (lattice_cell.c: 455): on tick 44 of 50
[INFO] (lattice_cell.c: 172): the unmatched_packets is 56
[1280, 1037895559, 1024, 1037895561, 1040, 1037876008, 776, 1037874493, 784, 1037876054, 768, 1037895559, 1288, 1037874473, 1296, 1037875933, 1025, 1038338087, 1041, 1038337761, 777, 1038339792, 1026, 1038768140, 1042, 1038788722, 769, 1038341164, 785, 1038340792, 1281, 1038334426, 1043, 1038304030, 1289, 1038333098, 778, 1038790400, 1044, 1021104152, 1045, 1022030770, 1282, 1038768146, 1047, 1021119446, 782, 1021976673, 774, 1021983591, 1046, 1021956329, 1030, 1021986458, 1031, 1021083594, 775, 1021080722, 1027, 1038307948, 1028, 1021109149, 1029, 1022015881, 1297, 1038334138, 1290, 1038790421, 1298, 1038788799, 1291, 1038308358, 1299, 1038307666, 1284, 1021105749, 1292, 1021128607, 1285, 1022012431, 770, 1038768142, 786, 1038788664, 1301, 1022027280, 779, 1038301626, 1286, 1021989895, 1294, 1021982927, 771, 1038304868, 787, 1038300963, 1295, 1021100536, 1302, 1021959683, 1287, 1021086981, 780, 1021134818, 1283, 1038311590, 772, 1021112024, 788, 1021107048, 781, 1022005841, 1293, 1021999418, 773, 1022018734, 789, 1022033722, 1300, 1021100794, 790, 1021953531, 783, 1021094350, 1303, 1021122771, 791, 1021116602]
[INFO] (lattice_cell.c: 455): on tick 45 of 50
[INFO] (lattice_cell.c: 172): the unmatched_packets is 56
[1280, 1037886674, 1296, 1037897569, 1288, 1037883906, 776, 1037883928, 1040, 1037897597, 1024, 1037886674, 784, 1037897631, 768, 1037886678, 1281, 1038336739, 1297, 1038338314, 1289, 1038335215, 777, 1038341588, 1025, 1038340196, 1041, 1038341765, 785, 1038344678, 769, 1038343114, 1298, 1038755972, 1290, 1038770406, 1026, 1038767105, 778, 1038770422, 1042, 1038755994, 786, 1038756005, 770, 1038767111, 1027, 1038312009, 1282, 1038767107, 1043, 1038314767, 1046, 1022012507, 1031, 1021105148, 773, 1022007685, 1045, 1022024295, 1030, 1021967901, 1047, 1021041183, 1028, 1021130336, 1285, 1022001460, 790, 1022009687, 1044, 1021115905, 1029, 1022004932, 1286, 1021971367, 775, 1021101595, 1294, 1022018500, 1302, 1022016045, 1287, 1021109209, 1295, 1021061654, 1291, 1038314701, 1283, 1038315471, 1299, 1038318216, 779, 1038308347, 771, 1038309100, 787, 1038311856, 780, 1021125291, 1284, 1021126270, 1292, 1021117742, 772, 1021133889, 788, 1021119460, 781, 1022028345, 1300, 1021111826, 789, 1022026871, 782, 1022012210, 1301, 1022021003, 1293, 1022022162, 1303, 1021045133, 774, 1021965150, 783, 1021054079, 791, 1021037705]
[INFO] (lattice_cell.c: 455): on tick 46 of 50
[INFO] (lattice_cell.c: 172): the unmatched_packets is 56
[1024, 1037864727, 1280, 1037864737, 1040, 1037862352, 776, 1037876879, 784, 1037862340, 1296, 1037862354, 1288, 1037876833, 1025, 1038335422, 1041, 1038339642, 1281, 1038331721, 777, 1038339377, 769, 1038338543, 785, 1038342729, 1297, 1038335974, 1289, 1038332570, 1026, 1038800589, 1042, 1038802558, 778, 1038787609, 1043, 1038300932, 786, 1038802558, 770, 1038800595, 1027, 1038305337, 1290, 1038787681, 1282, 1038800599, 1029, 1021994665, 771, 1038302228, 772, 1021142252, 788, 1021114790, 1028, 1021139336, 773, 1021997383, 1045, 1022015561, 1030, 1021964795, 1046, 1021909037, 1031, 1021114571, 1047, 1021177726, 1044, 1021111865, 1283, 1038309037, 791, 1021174837, 1292, 1021098712, 1300, 1021108457, 1285, 1021991400, 768, 1037864736, 1301, 1022012259, 1298, 1038802570, 1294, 1021959407, 1286, 1021968069, 1302, 1021912332, 779, 1038297489, 1287, 1021117941, 1295, 1021142357, 787, 1038297853, 1303, 1021181041, 780, 1021105070, 1291, 1038304285, 1284, 1021135959, 781, 1022036344, 789, 1022018303, 1293, 1022030359, 782, 1021953482, 1299, 1038304581, 774, 1021962080, 790, 1021906323, 783, 1021136021, 775, 1021111677]
[INFO] (lattice_cell.c: 455): on tick 47 of 50
[INFO] (lattice_cell.c: 172): the unmatched_packets is 56
[1024, 1037897817, 1280, 1037897816, 1040, 1037908646, 776, 1037910275, 784, 1037908715, 1288, 1037910199, 1296, 1037908578, 768, 1037897824, 1025, 1038344553, 1281, 1038341106, 1041, 1038342262, 777, 1038344257, 785, 1038345137, 1289, 1038337960, 1297, 1038338843, 769, 1038347444, 1282, 1038756249, 1026, 1038756239, 1042, 1038744740, 778, 1038742777, 1290, 1038742788, 1027, 1038316484, 1043, 1038313491, 1044, 1021143125, 771, 1038313593, 1045, 1021996077, 772, 1021073177, 781, 1022019092, 1028, 1021069680, 773, 1022052620, 789, 1021998920, 790, 1022092253, 1030, 1022012936, 1046, 1022095087, 1047, 1020963682, 1031, 1021043962, 1302, 1022098609, 1029, 1022049693, 1303, 1020967774, 1299, 1038316921, 786, 1038744714, 1284, 1021065694, 1298, 1038744771, 1300, 1021139115, 1292, 1021116280, 1283, 1038319921, 770, 1038756245, 779, 1038311483, 1285, 1022046043, 1293, 1022012690, 787, 1038310605, 780, 1021123891, 1301, 1021992536, 1286, 1022016595, 1294, 1022035562, 1291, 1038317847, 788, 1021146643, 1287, 1021047929, 1295, 1021032118, 782, 1022029045, 774, 1022009994, 783, 1021024661, 775, 1021040457, 791, 1020960109]
[INFO] (lattice_cell.c: 455): on tick 48 of 50
[INFO] (lattice_cell.c: 172): the unmatched_packets is 56
[1024, 1037853132, 1280, 1037853151, 1040, 1037852944, 776, 1037842222, 1296, 1037852937, 1025, 1038332522, 777, 1038334986, 1041, 1038336723, 1281, 1038328801, 1289, 1038328142, 1297, 1038333032, 1288, 1037842269, 784, 1037852950, 1026, 1038812010, 768, 1037853141, 1042, 1038812153, 778, 1038823451, 1028, 1021166969, 1290, 1038823401, 1298, 1038812169, 771, 1038299244, 780, 1021157632, 1047, 1021216569, 1043, 1038304253, 1300, 1021111226, 782, 1021879041, 1029, 1021978731, 1045, 1022023128, 1030, 1021948455, 1283, 1038306068, 1031, 1021143588, 1027, 1038302361, 791, 1021213784, 1044, 1021114638, 1046, 1021857322, 1299, 1038307947, 1292, 1021151223, 1285, 1021975522, 1301, 1022019969, 785, 1038339838, 769, 1038335647, 1294, 1021884962, 1282, 1038812024, 1302, 1021860607, 770, 1038812014, 786, 1038812140, 1295, 1021211232, 779, 1038298219, 787, 1038301142, 1284, 1021163519, 772, 1021169977, 788, 1021117575, 781, 1022000151, 773, 1021981330, 1287, 1021147045, 1286, 1021951653, 789, 1022025706, 1293, 1021994407, 1303, 1021219770, 774, 1021945858, 783, 1021204994, 790, 1021854668, 775, 1021140605, 1291, 1038305024]
[INFO] (lattice_cell.c: 455): on tick 49 of 50
[INFO] (lattice_cell.c: 172): the unmatched_packets is 56
[1024, 1037940204, 1280, 1037940195, 776, 1037921127, 1040, 1037903203, 1025, 1038343630, 1281, 1038340162, 1041, 1038346256, 777, 1038347178, 1288, 1037921026, 769, 1038346537, 1289, 1038340824, 1296, 1037903129, 1029, 1022089599, 1046, 1022063066, 786, 1038750592, 779, 1038308253, 1047, 1021004719, 1026, 1038712089, 1043, 1038311526, 1027, 1038315799, 1044, 1021075537, 1028, 1021033951, 1287, 1021009969, 1045, 1022047168, 1030, 1022054634, 774, 1022051693, 783, 1020962016, 1031, 1021005947, 1042, 1038750624, 790, 1022060061, 1282, 1038712087, 1298, 1038750687, 1283, 1038319247, 1291, 1038314586, 1299, 1038314929, 1284, 1021029904, 1292, 1021064861, 768, 1037940210, 784, 1037903273, 1300, 1021071524, 1285, 1022085992, 1293, 1022053635, 785, 1038349139, 1297, 1038342847, 1301, 1022043520, 1286, 1022058241, 1294, 1022112470, 778, 1038732372, 1302, 1022066701, 1295, 1020969691, 770, 1038712087, 1303, 1021008802, 771, 1038312882, 787, 1038308661, 780, 1021072257, 772, 1021037457, 788, 1021079007, 781, 1022060346, 773, 1022092521, 1290, 1038732447, 789, 1022050134, 782, 1022105985, 775, 1021002452, 791, 1021001154]
[INFO] (lattice_cell.c: 455): on tick 50 of 50
[INFO] (lattice_cell.c: 466): updating recording regions
[INFO] (recording.c: 507): 	Finalising channel 0 - state info stored in SDRAM
[INFO] (recording.c: 512): closed channel 0.
[INFO] (lattice_cell.c: 470): Simulation complete.

