[INFO] (lattice_cell.c: 604): starting lattice cell
[INFO] (lattice_cell.c: 526): Initialise: started
[INFO] (data_specification.c: 78): magic = ad130ad6, version = 1.0
[INFO] (lattice_cell.c: 555): my key is 3800
[INFO] (lattice_cell.c: 562): I'm in position ( 14, 27)
[INFO] (lattice_cell.c: 568): my n key is 3544
[INFO] (lattice_cell.c: 574): my U_X = -0.009928127750754356
[INFO] (lattice_cell.c: 575): my U_Y = -0.0004619397805072367
[INFO] (lattice_cell.c: 583): input_buffer initialised
[INFO] (recording.c: 563): Recording 1 regions, using output tag 0, size before trigger 7686388, time between triggers 50
[INFO] (recording.c: 665): Recording channel 0 configured to use 7686132 byte memory block starting at 0x652e56cc
[INFO] (lattice_cell.c: 588): Recording flags = 0x00000001
[INFO] (lattice_cell.c: 619): setting timer to execute every 200000 microseconds
[INFO] (lattice_cell.c: 627): Starting

[INFO] (simulation.c: 159): Setting the runtime of this model to 50 starting at 0
[INFO] (simulation.c: 161): Setting the flag of infinite run for this model to 0
[INFO] (simulation.c: 175): Resuming
[INFO] (lattice_cell.c: 455): on tick 0 of 50
[3792, 1037904554, 3544, 1037887885, 3536, 1037904554, 3808, 1037885268, 3552, 1037885270, 4048, 1037904556, 4064, 1037885270, 4056, 1037887885, 3793, 1038298541, 3545, 1038300266, 3537, 1038300604, 3809, 1038298147, 3794, 1038758218, 3553, 1038300210, 3810, 1038779064, 3795, 1038339873, 4049, 1038297274, 3546, 1038776239, 4065, 1038296878, 4057, 1038296936, 3812, 1021088652, 3813, 1021979972, 4058, 1038776239, 3814, 1022023782, 3799, 1021146850, 3815, 1021127510, 3549, 1021979340, 3550, 1022018754, 4052, 1021106686, 3551, 1021128186, 3559, 1021125563, 4071, 1021128711, 4060, 1021090068, 3811, 1038339481, 3796, 1021107881, 4051, 1038341152, 4069, 1021978627, 4061, 1021975810, 3797, 1021959182, 3798, 1022002881, 4068, 1021087459, 4055, 1021148057, 3538, 1038758220, 3554, 1038779066, 3547, 1038337466, 3539, 1038337802, 3555, 1038337410, 3540, 1021109826, 3548, 1021093200, 3558, 1022021588, 3541, 1021961365, 3556, 1021090592, 3542, 1022000692, 3557, 1021982161, 3543, 1021144897, 4070, 1022025135, 4067, 1038340758, 4053, 1021957843, 4066, 1038779066, 4062, 1022022302, 4050, 1038758220, 4059, 1038340816, 4054, 1022004232, 4063, 1021131336]
[INFO] (lattice_cell.c: 455): on tick 1 of 50
[INFO] (lattice_cell.c: 172): the unmatched_packets is 56
[3792, 1037926449, 3808, 1037881085, 3544, 1037887771, 3536, 1037926461, 3552, 1037881089, 4064, 1037881095, 4056, 1037887771, 3793, 1038305008, 3809, 1038306704, 3545, 1038308430, 3537, 1038307025, 3553, 1038308716, 4049, 1038303779, 4057, 1038305192, 4065, 1038305479, 4048, 1037926445, 3795, 1038347927, 4050, 1038726328, 3796, 1021032088, 4058, 1038766423, 3813, 1021979839, 3539, 1038345912, 3555, 1038345694, 3551, 1021134250, 4068, 1021078385, 3794, 1038726322, 3810, 1038773360, 3811, 1038347705, 4052, 1021031623, 3812, 1021078857, 4054, 1021952264, 4070, 1022016938, 4062, 1022007594, 4053, 1022029201, 4060, 1021071065, 3797, 1022031320, 3798, 1021950137, 3814, 1022014817, 3554, 1038773360, 3799, 1021188372, 3815, 1021126689, 4066, 1038773362, 3547, 1038345732, 4055, 1021188862, 3546, 1038766421, 3538, 1038726313, 4051, 1038349154, 4069, 1021977730, 4067, 1038348928, 4059, 1038348964, 4063, 1021136073, 4061, 1021985923, 3540, 1021033411, 3548, 1021072878, 4071, 1021127175, 3541, 1022034170, 3556, 1021080202, 3542, 1021947280, 3549, 1021990882, 3550, 1022002626, 3543, 1021187035, 3557, 1021982687, 3558, 1022011965, 3559, 1021125354]
[INFO] (lattice_cell.c: 455): on tick 2 of 50
[INFO] (lattice_cell.c: 172): the unmatched_packets is 56
[3792, 1037860110, 3808, 1037882692, 3544, 1037871707, 3536, 1037860102, 3552, 1037882696, 4048, 1037860120, 4064, 1037882688, 4056, 1037871707, 3793, 1038299445, 3809, 1038298585, 3545, 1038301581, 3537, 1038301514, 4049, 1038298180, 3553, 1038300672, 3794, 1038803922, 3810, 1038782601, 4057, 1038298213, 4065, 1038297296, 4050, 1038803926, 3539, 1038339039, 3813, 1021972961, 4066, 1038782599, 3798, 1022012738, 3814, 1022025857, 4051, 1038342425, 3799, 1021139768, 4059, 1038341572, 3543, 1021137932, 3795, 1038341132, 4069, 1021971670, 3559, 1021123780, 3811, 1038340199, 4063, 1021121295, 4060, 1021129983, 4067, 1038341486, 3796, 1021238560, 3812, 1021096280, 4053, 1021820401, 4070, 1022027151, 4062, 1022033070, 3797, 1021821710, 3546, 1038793692, 3538, 1038803934, 3554, 1038782603, 3815, 1021125610, 3540, 1021240474, 3547, 1038338190, 4058, 1038793684, 3555, 1038338102, 3548, 1021132944, 3541, 1021823818, 3542, 1022010628, 3550, 1022029674, 3556, 1021098110, 3549, 1021935707, 3557, 1021975070, 4054, 1022014025, 4055, 1021140869, 4071, 1021126711, 3558, 1022023749, 3551, 1021118371, 4052, 1021237403, 4061, 1021932297, 4068, 1021095179]
[INFO] (lattice_cell.c: 455): on tick 3 of 50
[INFO] (lattice_cell.c: 172): the unmatched_packets is 56
[3792, 1037935506, 3808, 1037893664, 3544, 1037925404, 3536, 1037935548, 3552, 1037893666, 4048, 1037935476, 4064, 1037893664, 3793, 1038306003, 4056, 1037925380, 3809, 1038305709, 3545, 1038306944, 3537, 1038308004, 3794, 1038717095, 3811, 1038347805, 4050, 1038717099, 3796, 1020909173, 3798, 1021978486, 4051, 1038350465, 3799, 1021165293, 3815, 1021137078, 3543, 1021163853, 3558, 1022002501, 4070, 1022007511, 3551, 1021158453, 4066, 1038760358, 4067, 1038348984, 4059, 1038349744, 4052, 1020908741, 3810, 1038760354, 4068, 1021048366, 4053, 1022143415, 3553, 1038307670, 3795, 1038349270, 3812, 1021048915, 3813, 1022013551, 3797, 1022145490, 4065, 1038304524, 3814, 1022005386, 4071, 1021137641, 4063, 1021160453, 3546, 1038727233, 3538, 1038717079, 3554, 1038760358, 3547, 1038346595, 3555, 1038345844, 3540, 1020910456, 3539, 1038347287, 3548, 1020962884, 3541, 1022148369, 3556, 1021050335, 4049, 1038304772, 3542, 1021975554, 3549, 1022105310, 4069, 1022011445, 4057, 1038303758, 4055, 1021165859, 3557, 1022016422, 3550, 1021979862, 4062, 1021984895, 4060, 1020961029, 4061, 1022100380, 4058, 1038727243, 3559, 1021135634, 4054, 1021980626]
[INFO] (lattice_cell.c: 455): on tick 4 of 50
[INFO] (lattice_cell.c: 172): the unmatched_packets is 56
[3792, 1037906414, 3808, 1037850601, 3544, 1037848227, 3536, 1037906388, 3552, 1037850595, 4048, 1037906432, 3793, 1038296796, 3809, 1038299381, 3794, 1038755196, 4064, 1037850607, 4056, 1037848265, 3537, 1038298857, 4049, 1038295551, 3811, 1038340277, 3553, 1038301458, 3546, 1038817026, 4065, 1038298110, 3554, 1038815646, 3539, 1038340662, 3540, 1021189534, 3814, 1022047431, 4050, 1038755203, 3799, 1021173146, 4058, 1038817006, 3550, 1022024361, 3810, 1038815640, 3795, 1038342775, 3812, 1021186292, 3796, 1021187607, 3813, 1021878378, 3797, 1021877198, 4060, 1021265877, 3798, 1021979579, 3815, 1021104254, 4063, 1021126014, 3545, 1038299171, 4053, 1021875841, 4069, 1021877058, 4054, 1021980844, 4062, 1022027672, 4071, 1021105219, 4055, 1021174101, 3538, 1038755196, 4057, 1038295867, 3547, 1038338691, 3549, 1021804878, 3555, 1038338160, 3548, 1021268826, 3558, 1022045364, 3541, 1021879316, 4051, 1038344068, 4067, 1038341578, 4052, 1021186438, 3556, 1021188045, 3542, 1021977511, 4061, 1021801399, 3543, 1021171449, 3557, 1021880486, 4070, 1022048695, 4066, 1038815636, 4059, 1038342099, 4068, 1021185258, 3559, 1021102551, 3551, 1021123346]
[INFO] (lattice_cell.c: 455): on tick 5 of 50
[INFO] (lattice_cell.c: 172): the unmatched_packets is 56
[3792, 1037897233, 3808, 1037924250, 3544, 1037893626, 3536, 1037897279, 3552, 1037924264, 4048, 1037897183, 4064, 1037924240, 4056, 1037893566, 3793, 1038305595, 3809, 1038307228, 3545, 1038307572, 3537, 1038307578, 3553, 1038309205, 4065, 1038306033, 4057, 1038304376, 3794, 1038756122, 3810, 1038728843, 3546, 1038760741, 3538, 1038756123, 4050, 1038756100, 3554, 1038728837, 4066, 1038728839, 4058, 1038760747, 3797, 1021966106, 4051, 1038350285, 3798, 1021975200, 4052, 1021084064, 4060, 1020955671, 3550, 1022016359, 4063, 1021127536, 4071, 1021144755, 3559, 1021142532, 4053, 1021964109, 4061, 1022100675, 4054, 1021977355, 3795, 1038349104, 3811, 1038348409, 4049, 1038304372, 3796, 1021084545, 3812, 1020910979, 3813, 1022144875, 3814, 1022000358, 3799, 1021169183, 3815, 1021144092, 4069, 1022142888, 4067, 1038349553, 4059, 1038349872, 4068, 1020910456, 4070, 1022002454, 4062, 1022021395, 4055, 1021169886, 3547, 1038346775, 3539, 1038347155, 3555, 1038346486, 3548, 1020957458, 3540, 1021085886, 3549, 1022105473, 3541, 1021968919, 3556, 1020912370, 3542, 1021972272, 3543, 1021167628, 3557, 1022147670, 3558, 1021997456, 3551, 1021125278]
[INFO] (lattice_cell.c: 455): on tick 6 of 50
[INFO] (lattice_cell.c: 172): the unmatched_packets is 56
[3792, 1037902981, 3808, 1037865403, 3544, 1037897501, 3536, 1037902958, 3552, 1037865371, 4048, 1037903007, 4064, 1037865419, 4056, 1037897553, 3793, 1038295591, 3809, 1038298285, 3545, 1038298435, 3537, 1038297664, 4049, 1038294337, 4065, 1038297064, 4057, 1038295149, 3553, 1038300320, 3795, 1038343641, 3554, 1038799357, 3547, 1038340199, 3539, 1038341515, 3797, 1021982057, 4050, 1038759901, 3548, 1021109558, 4066, 1038799353, 4051, 1038344948, 4059, 1038343608, 4060, 1021106732, 3551, 1021135766, 3559, 1021130198, 4052, 1021083794, 3794, 1038759883, 3810, 1038799355, 4070, 1022019757, 4055, 1021166560, 4071, 1021132576, 4063, 1021138127, 4069, 1021828274, 3811, 1038340887, 4067, 1038342182, 4053, 1021980600, 3796, 1021084838, 3812, 1021236356, 4054, 1021989385, 3813, 1021829715, 3798, 1021988079, 3814, 1022018468, 3799, 1021165743, 3815, 1021131756, 3546, 1038765951, 4058, 1038765957, 3538, 1038759849, 3555, 1038338764, 3540, 1021086612, 4068, 1021235317, 3541, 1021984276, 3556, 1021238106, 3549, 1021964683, 3542, 1021986002, 3543, 1021164202, 3557, 1021831865, 4062, 1022016780, 3550, 1022013442, 4061, 1021961081, 3558, 1022016421]
[INFO] (lattice_cell.c: 455): on tick 7 of 50
[INFO] (lattice_cell.c: 172): the unmatched_packets is 56
[3792, 1037904075, 3808, 1037873133, 3544, 1037884763, 3536, 1037904133, 3552, 1037873159, 4048, 1037904024, 4064, 1037873113, 4056, 1037884709, 3793, 1038305104, 3809, 1038306786, 3545, 1038307984, 3537, 1038307074, 4049, 1038303898, 3553, 1038308751, 4057, 1038304837, 4065, 1038305589, 3546, 1038768733, 4066, 1038781896, 3814, 1022025195, 4051, 1038350884, 3799, 1021161624, 3815, 1021120566, 3543, 1021159929, 4060, 1021097916, 4071, 1021121391, 4068, 1021032863, 3794, 1038749175, 3810, 1038781908, 4061, 1021952573, 4054, 1021987391, 3795, 1038349718, 3811, 1038347937, 4070, 1022027230, 4053, 1021973588, 4067, 1038349061, 4059, 1038349854, 3796, 1021073434, 3812, 1021033414, 3813, 1022021898, 3797, 1021975440, 4052, 1021072833, 3798, 1021985316, 4050, 1038749147, 4058, 1038768691, 4069, 1022020025, 4055, 1021162457, 3538, 1038749191, 3554, 1038781920, 3547, 1038346798, 3539, 1038347787, 3540, 1021074902, 3555, 1038346034, 3548, 1021099966, 3541, 1021978133, 4062, 1022007863, 4063, 1021141135, 3549, 1021957112, 3542, 1021982413, 3556, 1021034836, 3557, 1022024608, 3558, 1022022337, 3559, 1021118874, 3550, 1022002954, 3551, 1021138608]
[INFO] (lattice_cell.c: 455): on tick 8 of 50
[INFO] (lattice_cell.c: 172): the unmatched_packets is 56
[3792, 1037910558, 3808, 1037890148, 3544, 1037883686, 3536, 1037910538, 3552, 1037890130, 4048, 1037910582, 4064, 1037890166, 4056, 1037883746, 3793, 1038295583, 3809, 1038296830, 3545, 1038297813, 3537, 1038297668, 4049, 1038294328, 4065, 1038295610, 4057, 1038294525, 3794, 1038751439, 3553, 1038298865, 3538, 1038751407, 3795, 1038344045, 3554, 1038774486, 3547, 1038340448, 3555, 1038339827, 3813, 1022004505, 3798, 1021986657, 3541, 1021972684, 3799, 1021167326, 4067, 1038343220, 3550, 1022011833, 3558, 1022026005, 4069, 1022002965, 4054, 1021988020, 3810, 1038774500, 4062, 1022015281, 3811, 1038341933, 4068, 1021065844, 3546, 1038780674, 3796, 1021095556, 3812, 1021066726, 3797, 1021970374, 4063, 1021139350, 4051, 1038345351, 4060, 1021094792, 3814, 1022028107, 4071, 1021124733, 4070, 1022029453, 3815, 1021124083, 3539, 1038341904, 3540, 1021097204, 3548, 1021097291, 3556, 1021068339, 4053, 1021968771, 4061, 1021973684, 4050, 1038751473, 4055, 1021167989, 4058, 1038780706, 4066, 1038774508, 3542, 1021984512, 3549, 1021977544, 3543, 1021165929, 4052, 1021094623, 3557, 1022006760, 4059, 1038343869, 3559, 1021122681, 3551, 1021137254]
[INFO] (lattice_cell.c: 455): on tick 9 of 50
[INFO] (lattice_cell.c: 172): the unmatched_packets is 56
[3792, 1037903515, 3808, 1037886783, 3544, 1037881243, 3536, 1037903565, 4048, 1037903463, 3552, 1037886799, 4064, 1037886769, 4056, 1037881182, 3793, 1038304844, 3809, 1038306956, 3545, 1038307021, 4049, 1038303645, 3537, 1038306807, 3546, 1038773034, 3811, 1038348318, 3548, 1021071016, 3814, 1022017095, 4067, 1038349430, 3815, 1021129481, 3541, 1021958570, 4063, 1021132668, 4060, 1021068711, 4061, 1021982195, 4062, 1022018424, 4071, 1021130417, 4066, 1038766804, 4058, 1038772964, 4051, 1038350996, 4059, 1038350381, 4068, 1021082420, 3794, 1038749774, 3810, 1038766834, 4069, 1021966876, 3795, 1038349835, 3812, 1021083128, 3796, 1021091310, 4052, 1021090581, 4054, 1021981563, 3813, 1021968588, 3553, 1038308894, 4065, 1038305786, 3797, 1021956004, 4057, 1038303899, 3538, 1038749804, 3798, 1021979574, 3554, 1038766852, 4050, 1038749734, 3799, 1021167713, 3547, 1038347355, 3539, 1038347914, 3555, 1038346447, 3540, 1021092920, 3556, 1021084714, 3542, 1021976729, 3549, 1021986450, 3557, 1021971140, 3543, 1021165901, 3550, 1022013708, 4055, 1021168664, 3558, 1022014333, 3551, 1021129898, 3559, 1021127668, 4053, 1021954269, 4070, 1022019035]
[INFO] (lattice_cell.c: 455): on tick 10 of 50
[INFO] (lattice_cell.c: 172): the unmatched_packets is 56
[3792, 1037905084, 3808, 1037884141, 3544, 1037891149, 3536, 1037905082, 4048, 1037905098, 3552, 1037884129, 4056, 1037891194, 4064, 1037884155, 3793, 1038294998, 3809, 1038297162, 3545, 1038297516, 3537, 1038297073, 4049, 1038293749, 4065, 1038295953, 4057, 1038294246, 3553, 1038299201, 3546, 1038772630, 3812, 1021103189, 4050, 1038757552, 3539, 1038342271, 3547, 1038341005, 4066, 1038780321, 3556, 1021104637, 3815, 1021134567, 3549, 1021992396, 3559, 1021133299, 3551, 1021133267, 4061, 1021988313, 3794, 1038757518, 4069, 1021963960, 3810, 1038780300, 4071, 1021135097, 3795, 1038344407, 4067, 1038343410, 3811, 1038342125, 3796, 1021096104, 3813, 1021965626, 3797, 1021969335, 4059, 1038344418, 3814, 1022016022, 3798, 1021983573, 3799, 1021170715, 3538, 1038757472, 4051, 1038345721, 3554, 1038780292, 3555, 1038340022, 3540, 1021097589, 3548, 1021082367, 3541, 1021971769, 3557, 1021968027, 3542, 1021981346, 4054, 1021985074, 4062, 1022020582, 4055, 1021171270, 3550, 1022016935, 4058, 1038772664, 3543, 1021169438, 4052, 1021095324, 4070, 1022017458, 4053, 1021967586, 4063, 1021135089, 4068, 1021102480, 4060, 1021080165, 3558, 1022013847]
[INFO] (lattice_cell.c: 455): on tick 11 of 50
[INFO] (lattice_cell.c: 172): the unmatched_packets is 56
[3792, 1037901137, 3808, 1037877078, 3544, 1037887504, 3536, 1037901181, 3809, 1038306403, 3793, 1038304395, 4064, 1037877062, 3810, 1038777447, 3794, 1038752434, 3537, 1038306370, 4056, 1037887478, 3553, 1038308330, 3795, 1038350207, 3546, 1038766105, 3813, 1021969627, 3797, 1021967116, 4050, 1038752390, 3815, 1021125292, 4068, 1021080815, 4069, 1021968059, 3550, 1022011236, 4061, 1021968127, 3558, 1022022889, 4060, 1021081477, 4071, 1021126320, 3811, 1038347684, 4048, 1037901097, 3812, 1021081652, 3796, 1021080211, 3814, 1022025532, 3798, 1021983756, 4055, 1021165621, 4063, 1021136356, 4058, 1038766019, 4051, 1038351363, 4066, 1038777420, 3799, 1021164547, 3552, 1037877082, 4049, 1038303196, 3545, 1038306991, 3538, 1038752464, 3554, 1038777470, 3539, 1038348279, 3547, 1038347394, 3540, 1021081950, 3555, 1038345803, 3541, 1021969557, 3548, 1021084063, 3542, 1021981034, 3556, 1021083364, 3549, 1021972107, 3543, 1021162638, 3557, 1021972040, 4067, 1038348792, 3551, 1021133371, 3559, 1021123400, 4053, 1021965520, 4054, 1021985621, 4062, 1022015691, 4070, 1022027288, 4052, 1021079347, 4065, 1038305234, 4057, 1038303869, 4059, 1038350403]
[INFO] (lattice_cell.c: 455): on tick 12 of 50
[INFO] (lattice_cell.c: 172): the unmatched_packets is 56
[3792, 1037907446, 3808, 1037878079, 3544, 1037887706, 3536, 1037907460, 3552, 1037878082, 4048, 1037907438, 4064, 1037878091, 3793, 1038294957, 3809, 1038296543, 3545, 1038297333, 3537, 1038297017, 3553, 1038298557, 4056, 1037887720, 3794, 1038754978, 3546, 1038776349, 3795, 1038344751, 3538, 1038754938, 3539, 1038342622, 3797, 1021975932, 3814, 1022010036, 4050, 1038755008, 3799, 1021167561, 3815, 1021140064, 3543, 1021166355, 3551, 1021140879, 3559, 1021138848, 4066, 1038786833, 4051, 1038346062, 4052, 1021088433, 3810, 1038786831, 4053, 1021974086, 4054, 1021988386, 4071, 1021140494, 4063, 1021142549, 4067, 1038344324, 4059, 1038345417, 4065, 1038295352, 4057, 1038294087, 3811, 1038343068, 3796, 1021089049, 3554, 1038786816, 3812, 1021073609, 3547, 1038342024, 3813, 1021995918, 3798, 1021986765, 4049, 1038293710, 4070, 1022011648, 4062, 1022009714, 4068, 1021073054, 4058, 1038776372, 3555, 1038340988, 3548, 1021095485, 3540, 1021090414, 3556, 1021074905, 3542, 1021984400, 3541, 1021978512, 3549, 1021977578, 3557, 1021998424, 3550, 1022005805, 3558, 1022007698, 4060, 1021093575, 4069, 1021994121, 4061, 1021973217, 4055, 1021167990]
[INFO] (lattice_cell.c: 455): on tick 13 of 50
[INFO] (lattice_cell.c: 172): the unmatched_packets is 56
[3792, 1037905438, 3808, 1037899262, 3544, 1037886099, 3536, 1037905468, 4048, 1037905410, 4064, 1037899249, 3552, 1037899268, 4056, 1037886085, 3793, 1038304180, 3809, 1038306230, 3545, 1038306460, 3537, 1038306156, 3553, 1038308151, 4049, 1038302969, 4065, 1038305069, 4057, 1038303337, 3794, 1038747873, 4050, 1038747842, 3812, 1021084218, 3797, 1021961633, 3555, 1038348393, 4059, 1038350367, 4052, 1021084320, 4054, 1021989611, 4070, 1022067057, 4071, 1021078397, 4068, 1021083241, 3810, 1038754072, 4069, 1021965935, 4062, 1022027530, 3795, 1038349571, 3811, 1038350293, 3796, 1021085321, 3546, 1038767846, 4066, 1038754050, 3813, 1021967363, 4058, 1038767775, 3798, 1021987889, 3538, 1038747907, 3814, 1022065505, 3554, 1038754090, 3799, 1021164003, 3815, 1021077331, 4067, 1038351416, 3547, 1038347323, 3539, 1038347642, 3548, 1021085813, 3540, 1021087189, 4060, 1021082986, 4063, 1021126722, 3541, 1021963951, 4053, 1021960163, 3542, 1021985277, 3556, 1021086071, 4051, 1038350737, 3549, 1021970194, 3543, 1021162040, 4061, 1021966464, 3557, 1021969621, 3550, 1022023424, 4055, 1021165148, 3558, 1022063136, 3559, 1021075418, 3551, 1021123626]
[INFO] (lattice_cell.c: 455): on tick 14 of 50
[INFO] (lattice_cell.c: 172): the unmatched_packets is 56
[3544, 1037874608, 3792, 1037904197, 3536, 1037904234, 3552, 1037856895, 4048, 1037904183, 3808, 1037856911, 4064, 1037856911, 4056, 1037874596, 3793, 1038294849, 3545, 1038296997, 3809, 1038296372, 3537, 1038296892, 3553, 1038298376, 3794, 1038758476, 3546, 1038790006, 3810, 1038808380, 3795, 1038345240, 3796, 1021093196, 4049, 1038293616, 4065, 1038295197, 3813, 1021995448, 3540, 1021094433, 3798, 1021974313, 4058, 1038789990, 3542, 1021971783, 4051, 1038346530, 3543, 1021177562, 4053, 1021968484, 4069, 1021993531, 3538, 1038758451, 3554, 1038808388, 3811, 1038343094, 3812, 1021072517, 3797, 1021970467, 3814, 1021919975, 4067, 1038344286, 3799, 1021178714, 3815, 1021229806, 4060, 1021073472, 4071, 1021230215, 4057, 1038293784, 4050, 1038758482, 3547, 1038339987, 3539, 1038343128, 3555, 1038341080, 3548, 1021075111, 3541, 1021973170, 3556, 1021073690, 3549, 1021997873, 4052, 1021092682, 3557, 1021998080, 3550, 1021981889, 4070, 1021921846, 4062, 1021986211, 4055, 1021179103, 3551, 1021174819, 4066, 1038808375, 3558, 1021917376, 3559, 1021228637, 4059, 1038343292, 4063, 1021176383, 4068, 1021072086, 4061, 1021993288, 4054, 1021976134]
[INFO] (lattice_cell.c: 455): on tick 15 of 50
[INFO] (lattice_cell.c: 172): the unmatched_packets is 56
[3792, 1037912388, 3808, 1037917874, 3544, 1037912625, 3536, 1037912413, 4048, 1037912365, 3552, 1037917884, 4056, 1037912613, 4064, 1037917868, 3793, 1038303776, 3809, 1038306140, 3545, 1038306373, 3537, 1038305778, 3553, 1038308059, 3794, 1038740816, 3810, 1038735293, 4049, 1038302560, 3546, 1038740262, 3812, 1021101613, 4050, 1038740798, 3813, 1021949620, 3539, 1038350309, 3555, 1038346272, 4061, 1021957879, 4054, 1022009740, 4068, 1021100541, 3559, 1020980195, 4051, 1038353468, 3795, 1038352273, 3811, 1038348216, 3796, 1021093472, 3797, 1021953794, 3798, 1022008232, 3814, 1022170842, 3815, 1020982135, 3799, 1021134296, 3538, 1038740828, 3554, 1038735316, 3547, 1038347743, 4066, 1038735265, 3540, 1021095441, 4065, 1038304991, 3548, 1021094976, 4057, 1038303245, 3541, 1021956014, 3556, 1021103525, 3542, 1022005848, 3549, 1021961342, 3543, 1021132316, 3557, 1021951755, 4058, 1038740211, 3550, 1022099745, 3558, 1022168716, 4067, 1038349389, 3551, 1021047761, 4059, 1038350869, 4062, 1022103310, 4052, 1021092354, 4060, 1021091949, 4053, 1021952446, 4055, 1021135458, 4071, 1020983220, 4063, 1021050897, 4069, 1021948311, 4070, 1022172116]
[INFO] (lattice_cell.c: 455): on tick 16 of 50
[INFO] (lattice_cell.c: 172): the unmatched_packets is 56
[3792, 1037882724, 3808, 1037857852, 3544, 1037853143, 3536, 1037882755, 4048, 1037882711, 3809, 1038296292, 3545, 1038296789, 3538, 1038780737, 3553, 1038298277, 3797, 1021987773, 3541, 1021990593, 3815, 1021272513, 4068, 1021082014, 4061, 1021994812, 3557, 1021986238, 3558, 1021871793, 4052, 1021074090, 4070, 1021876547, 4063, 1021276909, 4051, 1038346297, 4065, 1038295131, 4059, 1038345618, 3793, 1038294843, 3794, 1038780737, 3810, 1038807136, 4053, 1021985699, 3795, 1038345039, 3811, 1038343978, 3796, 1021074493, 3812, 1021082346, 3813, 1021983493, 3798, 1021914259, 3814, 1021874529, 3799, 1021240237, 4071, 1021272899, 4066, 1038807136, 4067, 1038345127, 4049, 1038293614, 4069, 1021981520, 4054, 1021916282, 4056, 1037853139, 4062, 1021876314, 4064, 1037857850, 4055, 1021240603, 3552, 1037857864, 3537, 1038296876, 3546, 1038811895, 3539, 1038342967, 3547, 1038342407, 3554, 1038807134, 3540, 1021075653, 4058, 1038811857, 4060, 1021069926, 3548, 1021071410, 3555, 1038342011, 3556, 1021083439, 3542, 1021911478, 3549, 1021999611, 3543, 1021239114, 3551, 1021275373, 3550, 1021871522, 4057, 1038293601, 4050, 1038780731, 3559, 1021271357]
[INFO] (lattice_cell.c: 455): on tick 17 of 50
[INFO] (lattice_cell.c: 172): the unmatched_packets is 56
[3792, 1037938682, 3808, 1037878186, 3544, 1037914302, 3536, 1037938713, 3552, 1037878166, 4048, 1037938659, 4064, 1037878196, 3793, 1038302845, 4056, 1037914306, 3809, 1038305063, 3545, 1038305815, 3553, 1038307001, 3794, 1038713820, 3810, 1038776557, 3811, 1038349687, 4065, 1038303909, 4057, 1038302687, 3798, 1022113358, 3548, 1021093637, 3542, 1022111201, 3559, 1021058701, 4053, 1021946577, 3795, 1038350271, 4069, 1021986091, 4070, 1022089800, 4055, 1021040121, 3796, 1021103787, 3812, 1021065948, 4067, 1038350862, 4059, 1038350297, 4052, 1021102589, 3797, 1021947864, 3813, 1021987322, 3814, 1022088555, 3799, 1021038929, 3815, 1021060601, 3537, 1038304837, 4071, 1021061708, 3546, 1038739100, 3538, 1038713816, 3554, 1038776587, 3547, 1038347095, 4049, 1038301620, 3539, 1038348253, 4058, 1038739027, 4066, 1038776536, 3540, 1021105790, 3555, 1038347738, 4050, 1038713808, 3541, 1021949977, 3556, 1021067892, 3549, 1021964269, 3543, 1021036927, 3557, 1021989368, 3550, 1022166267, 3558, 1022086455, 3551, 1020985757, 4068, 1021064814, 4054, 1022114675, 4051, 1038351495, 4062, 1022169514, 4061, 1021960960, 4063, 1020988887, 4060, 1021090521]
[INFO] (lattice_cell.c: 455): on tick 18 of 50
[INFO] (lattice_cell.c: 172): the unmatched_packets is 56
[3792, 1037875669, 3808, 1037900481, 3544, 1037882520, 3536, 1037875701, 4048, 1037875654, 3552, 1037900492, 4064, 1037900469, 3793, 1038295321, 3809, 1038297225, 3545, 1038298058, 3537, 1038297350, 3553, 1038299164, 4049, 1038294094, 3794, 1038787603, 3810, 1038763374, 4065, 1038296080, 3811, 1038342485, 3538, 1038787603, 4057, 1038294905, 4050, 1038787595, 3796, 1021075603, 3812, 1021086726, 3797, 1021982589, 3813, 1021977949, 3547, 1038341751, 4066, 1038763357, 4051, 1038347313, 3540, 1021076739, 3799, 1021321693, 3815, 1021107093, 3549, 1021973584, 4068, 1021086475, 4060, 1021090411, 4053, 1021980469, 3558, 1022045267, 3559, 1021105992, 4063, 1021229837, 4059, 1038344911, 4067, 1038343662, 4058, 1038781301, 4052, 1021075252, 3795, 1038346086, 3798, 1021828372, 3814, 1022048007, 4061, 1021968700, 3546, 1038781329, 3554, 1038763389, 4056, 1037882490, 3539, 1038344057, 3555, 1038340507, 3548, 1021091806, 3541, 1021985478, 3556, 1021087772, 3542, 1021825436, 3543, 1021320557, 4054, 1021830541, 4062, 1021926994, 4071, 1021107385, 3557, 1021980755, 3550, 1021922137, 4069, 1021975919, 4055, 1021322082, 3551, 1021228265, 4070, 1022049968]
[INFO] (lattice_cell.c: 455): on tick 19 of 50
[INFO] (lattice_cell.c: 172): the unmatched_packets is 56
[3792, 1037911464, 3808, 1037880529, 3544, 1037869554, 4048, 1037911440, 3536, 1037911490, 3552, 1037880527, 4064, 1037880540, 4056, 1037869576, 3793, 1038304433, 3809, 1038303648, 3545, 1038304207, 3537, 1038306452, 3553, 1038305592, 4065, 1038302503, 4057, 1038301055, 3794, 1038742422, 3810, 1038773149, 4050, 1038742410, 3546, 1038785086, 4066, 1038773138, 4058, 1038785024, 3796, 1021093068, 3539, 1038348852, 4051, 1038352161, 3799, 1021052000, 4052, 1021091876, 4068, 1021088861, 4071, 1021163051, 4053, 1021949673, 4067, 1038352017, 4059, 1038352056, 3795, 1038350910, 4063, 1021139318, 3811, 1038350886, 3812, 1021090013, 4049, 1038303213, 3797, 1021950962, 3813, 1021965912, 3798, 1022098644, 3814, 1021982006, 3538, 1038742432, 3815, 1021161861, 3554, 1038773158, 3547, 1038348903, 3548, 1021076499, 4069, 1021964724, 4061, 1021980927, 3555, 1038348959, 3540, 1021095055, 4070, 1021983215, 4055, 1021053169, 4060, 1021073323, 3556, 1021091978, 3541, 1021953068, 3549, 1021984156, 4054, 1022099916, 4062, 1022012641, 3542, 1022096527, 3557, 1021967888, 3551, 1021136137, 3543, 1021050058, 3550, 1022009295, 3558, 1021979981, 3559, 1021159833]
[INFO] (lattice_cell.c: 455): on tick 20 of 50
[INFO] (lattice_cell.c: 172): the unmatched_packets is 56
[3792, 1037928535, 3808, 1037876408, 3544, 1037899751, 3536, 1037928571, 3552, 1037876413, 4048, 1037928525, 4064, 1037876400, 4056, 1037899751, 3793, 1038295963, 3809, 1038297462, 3545, 1038296242, 3537, 1038297953, 3810, 1038788602, 4065, 1038296321, 3811, 1038342714, 3795, 1038344926, 4057, 1038293117, 3546, 1038764322, 3539, 1038342902, 3814, 1022011828, 3548, 1021075059, 3815, 1021143758, 3799, 1021197280, 4052, 1021065081, 3543, 1021196104, 3557, 1021981826, 4067, 1038343882, 3551, 1021099946, 3794, 1038733157, 4061, 1021994333, 4070, 1022013848, 4066, 1038788576, 4058, 1038764230, 4060, 1021073663, 4059, 1038343757, 4054, 1021961178, 3796, 1021065470, 3812, 1021081391, 3813, 1021979004, 4068, 1021081152, 3797, 1021991748, 3798, 1021959080, 4049, 1038294764, 4050, 1038733141, 3553, 1038299393, 4062, 1022062392, 3538, 1038733167, 4051, 1038346161, 3554, 1038788627, 3547, 1038340545, 3555, 1038340750, 3540, 1021066688, 4055, 1021197657, 3541, 1021994631, 4053, 1021989615, 3556, 1021082464, 3549, 1021999259, 4063, 1021101379, 3542, 1021956210, 4071, 1021144025, 4069, 1021976970, 3558, 1022009032, 3559, 1021142702, 3550, 1022057596]
[INFO] (lattice_cell.c: 455): on tick 21 of 50
[INFO] (lattice_cell.c: 172): the unmatched_packets is 56
[3792, 1037867626, 3544, 1037883740, 3536, 1037867690, 3808, 1037876925, 3552, 1037876919, 3793, 1038301001, 3809, 1038305598, 3537, 1038303054, 4056, 1037883713, 3553, 1038307555, 3811, 1038350669, 3795, 1038352372, 4049, 1038299737, 3812, 1021079132, 3540, 1021163893, 3798, 1021954075, 3541, 1021894154, 3548, 1021117740, 3557, 1021971940, 4051, 1038353599, 3794, 1038787018, 3810, 1038777638, 4069, 1021968772, 4070, 1022046524, 4055, 1021190701, 3796, 1021162061, 4071, 1021101546, 3813, 1021969944, 3797, 1021892047, 3814, 1022045315, 4057, 1038300957, 3799, 1021189479, 3815, 1021100379, 4050, 1038787013, 4066, 1038777622, 4059, 1038352306, 4054, 1021955465, 3545, 1038304146, 4048, 1037867586, 3539, 1038350327, 3547, 1038349172, 3546, 1038769916, 3538, 1038787000, 3554, 1038777664, 4067, 1038351798, 4052, 1021160941, 4068, 1021078030, 3556, 1021081014, 4062, 1022016416, 4063, 1021134065, 4065, 1038304454, 4058, 1038769875, 3555, 1038348719, 4060, 1021114788, 3542, 1021951887, 4064, 1037876930, 3549, 1021942880, 3543, 1021187531, 3550, 1022013163, 3558, 1022043323, 3559, 1021098440, 3551, 1021130828, 4053, 1021890747, 4061, 1021939683]
[INFO] (lattice_cell.c: 455): on tick 22 of 50
[INFO] (lattice_cell.c: 172): the unmatched_packets is 56
[3792, 1037937594, 3808, 1037899843, 3544, 1037904849, 3536, 1037937577, 4048, 1037937608, 3552, 1037899837, 4064, 1037899839, 4056, 1037904883, 3793, 1038297544, 3809, 1038297779, 3545, 1038298645, 3537, 1038299514, 4049, 1038296350, 4065, 1038296676, 3794, 1038724637, 3810, 1038763929, 4057, 1038295606, 3546, 1038758643, 3553, 1038299655, 3811, 1038342632, 4050, 1038724615, 4066, 1038763895, 3796, 1020952170, 4058, 1038758536, 3814, 1022027762, 3548, 1021024984, 3815, 1021129813, 3549, 1022036462, 3557, 1022002657, 4061, 1022031564, 4055, 1021168513, 4071, 1021130113, 4067, 1038343797, 4059, 1038344588, 3551, 1021181279, 4052, 1020951673, 3795, 1038344695, 3559, 1021128660, 4060, 1021023234, 4068, 1021059493, 3812, 1021059834, 3797, 1022099237, 3813, 1021999827, 3798, 1021991755, 3799, 1021168199, 4063, 1021182840, 4053, 1022097128, 4069, 1021997819, 4062, 1021979153, 4051, 1038345933, 3538, 1038724666, 3554, 1038763961, 3547, 1038341423, 3555, 1038340685, 3539, 1038342667, 3540, 1020953541, 3541, 1022102096, 3556, 1021061028, 3542, 1021988879, 3543, 1021167057, 3558, 1022025027, 3550, 1021974377, 4054, 1021993797, 4070, 1022029698]
[INFO] (lattice_cell.c: 455): on tick 23 of 50
[INFO] (lattice_cell.c: 172): the unmatched_packets is 56
[3792, 1037879168, 3808, 1037864324, 3544, 1037844800, 3536, 1037879238, 4048, 1037879117, 4056, 1037844752, 4064, 1037864310, 3793, 1038301184, 3809, 1038302310, 3545, 1038302116, 4049, 1038299945, 3537, 1038303237, 3810, 1038790151, 3538, 1038774912, 4065, 1038301126, 3554, 1038790151, 4050, 1038774873, 3813, 1021920128, 4058, 1038810762, 3541, 1021818086, 4051, 1038353095, 3799, 1021128631, 4067, 1038352461, 3556, 1021141070, 3558, 1022012542, 4070, 1022015842, 4062, 1022036068, 4066, 1038790133, 4068, 1021138477, 4053, 1021814580, 3794, 1038774902, 3795, 1038351839, 3811, 1038351340, 3812, 1021139402, 3796, 1021237969, 4054, 1022017699, 4055, 1021129803, 3797, 1021815926, 3814, 1022014582, 4071, 1021129933, 3798, 1022016304, 3815, 1021128819, 4059, 1038352201, 4052, 1021236973, 4057, 1038298866, 3552, 1037864346, 3553, 1038304309, 3546, 1038810826, 3547, 1038349005, 3539, 1038349767, 3555, 1038349387, 3548, 1021196566, 3540, 1021239715, 4069, 1021918946, 4061, 1021867312, 3549, 1021870619, 3542, 1022014123, 3543, 1021126702, 3557, 1021922099, 3550, 1022032662, 4060, 1021193976, 4063, 1021114241, 3559, 1021126933, 3551, 1021111160]
[INFO] (lattice_cell.c: 455): on tick 24 of 50
[INFO] (lattice_cell.c: 172): the unmatched_packets is 56
[3792, 1037924185, 3808, 1037910846, 3544, 1037926529, 3536, 1037924205, 4048, 1037924193, 3552, 1037910813, 4064, 1037910870, 4056, 1037926604, 3793, 1038296191, 3809, 1038299317, 3545, 1038298732, 4049, 1038294979, 3537, 1038298157, 3553, 1038301153, 4065, 1038298252, 4057, 1038295710, 3794, 1038738157, 3810, 1038752912, 3546, 1038736659, 3538, 1038738142, 4050, 1038738169, 3554, 1038752960, 4066, 1038752876, 3811, 1038342913, 3795, 1038344765, 3547, 1038341099, 4058, 1038736574, 3539, 1038342764, 3813, 1022073104, 4067, 1038344055, 3548, 1020932238, 3798, 1021973758, 4052, 1020984761, 3815, 1021158349, 3542, 1021970921, 4060, 1020930307, 3551, 1021135583, 3796, 1020985309, 3812, 1020979153, 3797, 1022070463, 4070, 1022001377, 4055, 1021186592, 4063, 1021137243, 4061, 1022126484, 3814, 1021999500, 4059, 1038344231, 4071, 1021158703, 3799, 1021186166, 3555, 1038340998, 3540, 1020986736, 3556, 1020980556, 4051, 1038345994, 3549, 1022131254, 3541, 1022073367, 3557, 1022075883, 4054, 1021975765, 4062, 1022028569, 4068, 1020978610, 4053, 1022068364, 4069, 1022071127, 3550, 1022023981, 3543, 1021184905, 3558, 1021996820, 3559, 1021157133]
[INFO] (lattice_cell.c: 455): on tick 25 of 50
[INFO] (lattice_cell.c: 172): the unmatched_packets is 56
[3792, 1037905345, 3808, 1037843353, 3544, 1037870990, 3536, 1037905395, 4064, 1037843326, 4056, 1037870934, 3793, 1038302567, 3809, 1038302447, 3545, 1038303511, 3552, 1037843375, 4049, 1038301294, 4065, 1038301272, 4057, 1038300303, 4048, 1037905302, 3537, 1038304656, 3553, 1038304440, 3794, 1038748213, 3810, 1038812063, 3546, 1038782923, 3538, 1038748261, 3554, 1038812087, 4066, 1038812035, 4058, 1038782801, 3812, 1021222109, 3547, 1038349521, 3548, 1021210764, 4067, 1038352108, 3799, 1021187741, 3549, 1021849159, 3542, 1021952189, 3550, 1022011363, 4071, 1021101128, 4053, 1021938149, 4068, 1021221333, 4060, 1021208302, 3795, 1038353044, 3811, 1038350968, 4055, 1021188837, 3796, 1021107081, 4059, 1038352736, 4050, 1038748166, 3797, 1021939452, 4051, 1038354295, 3813, 1021836351, 3798, 1021954462, 3814, 1022043641, 3815, 1021100110, 4063, 1021134034, 4052, 1021106152, 3539, 1038350965, 3555, 1038348999, 3540, 1021108749, 4054, 1021955980, 3541, 1021941494, 3556, 1021223614, 3557, 1021838410, 3543, 1021185947, 4070, 1022044980, 4069, 1021835082, 4061, 1021845783, 4062, 1022014854, 3551, 1021131080, 3558, 1022041539, 3559, 1021098339]
[INFO] (lattice_cell.c: 455): on tick 26 of 50
[INFO] (lattice_cell.c: 172): the unmatched_packets is 56
[3792, 1037891018, 3808, 1037912882, 3544, 1037884254, 3536, 1037891021, 4048, 1037891038, 3552, 1037912856, 4064, 1037912908, 4056, 1037884278, 3793, 1038295592, 3809, 1038297576, 3545, 1038296478, 3537, 1038297515, 4049, 1038294440, 4065, 1038296504, 3794, 1038772232, 3810, 1038750912, 3546, 1038780244, 4057, 1038293470, 3554, 1038750936, 3795, 1038344006, 3811, 1038343014, 3796, 1021126757, 3547, 1038340917, 4050, 1038772229, 3539, 1038341999, 3813, 1022114201, 4066, 1038750903, 4058, 1038780210, 4051, 1038345244, 4067, 1038344141, 3557, 1022116885, 4069, 1022112311, 3559, 1021128862, 3812, 1020945879, 3797, 1021930814, 3814, 1022029513, 3798, 1022002154, 4060, 1021044679, 4068, 1020945304, 3815, 1021130184, 3799, 1021159021, 4053, 1021928661, 3549, 1022023449, 4063, 1021149870, 3553, 1038299432, 3538, 1038772227, 4054, 1022004060, 3543, 1021157655, 3555, 1038341125, 3551, 1021147966, 4061, 1022018603, 3548, 1021046747, 3540, 1021128340, 4071, 1021130653, 3556, 1020947354, 4070, 1022031270, 4062, 1022015286, 4055, 1021159556, 3541, 1021933783, 4059, 1038344036, 4052, 1021126014, 3542, 1021999395, 3550, 1022010822, 3558, 1022026906]
[INFO] (lattice_cell.c: 455): on tick 27 of 50
[INFO] (lattice_cell.c: 172): the unmatched_packets is 56
[3792, 1037905994, 3808, 1037881314, 3544, 1037893888, 3536, 1037906058, 3552, 1037881319, 4048, 1037905943, 4064, 1037881298, 4056, 1037893861, 3793, 1038301719, 3809, 1038304415, 3545, 1038303918, 3537, 1038303847, 3553, 1038306406, 4049, 1038300413, 4065, 1038303258, 4057, 1038300629, 3794, 1038748100, 3810, 1038772367, 3546, 1038760216, 3538, 1038748127, 3554, 1038772423, 4050, 1038748060, 4066, 1038772299, 3795, 1038352798, 4058, 1038760073, 3811, 1038350986, 3547, 1038350034, 3812, 1021147084, 3539, 1038350713, 4051, 1038354068, 3555, 1038349005, 4059, 1038353232, 3815, 1021138687, 3558, 1022005027, 4053, 1021995935, 4070, 1022008621, 4063, 1021143192, 4071, 1021139585, 4067, 1038352116, 4052, 1021054003, 4055, 1021143622, 3796, 1021054708, 3797, 1021997310, 3813, 1021901799, 3798, 1022001477, 3814, 1022007183, 4068, 1021146362, 3799, 1021142652, 4060, 1021047404, 3548, 1021049590, 4069, 1021900499, 3540, 1021056142, 4054, 1022003075, 3541, 1021999450, 3549, 1022008966, 3542, 1021999113, 4061, 1022005708, 3556, 1021148547, 3557, 1021903818, 3543, 1021140972, 3550, 1022002726, 4062, 1022006427, 3551, 1021140551, 3559, 1021137040]
[INFO] (lattice_cell.c: 455): on tick 28 of 50
[INFO] (lattice_cell.c: 172): the unmatched_packets is 56
[3792, 1037921198, 3808, 1037869994, 3544, 1037885656, 3536, 1037921207, 3552, 1037869977, 4048, 1037921206, 4064, 1037870005, 4056, 1037885719, 3793, 1038296151, 3809, 1038296835, 3545, 1038297696, 4049, 1038295000, 3537, 1038298059, 4065, 1038295791, 3553, 1038298648, 3538, 1038740768, 3796, 1021072920, 3547, 1038341523, 3797, 1021980744, 4066, 1038794993, 3814, 1022023908, 3548, 1021123655, 4051, 1038345962, 3541, 1021983568, 4067, 1038344199, 4059, 1038344634, 3557, 1021961760, 4069, 1021957109, 3550, 1022022595, 4062, 1022026789, 4063, 1021135807, 4054, 1021981458, 4060, 1021121171, 4052, 1021072034, 4068, 1021101165, 3794, 1038740784, 3810, 1038794998, 3795, 1038344729, 4057, 1038294781, 3811, 1038343067, 3812, 1021101876, 3813, 1021958992, 3546, 1038778233, 3798, 1021979688, 3554, 1038795008, 4058, 1038778148, 3815, 1021133008, 3539, 1038342726, 3799, 1021181142, 3540, 1021074655, 4050, 1038740780, 3555, 1038341185, 3556, 1021103420, 3542, 1021977021, 3549, 1021940913, 3543, 1021179628, 4053, 1021978738, 3558, 1022021404, 4061, 1021936171, 4070, 1022025576, 4055, 1021181806, 3551, 1021133617, 3559, 1021131537, 4071, 1021133617]
[INFO] (lattice_cell.c: 455): on tick 29 of 50
[INFO] (lattice_cell.c: 172): the unmatched_packets is 56
[3792, 1037900017, 3808, 1037885653, 3544, 1037878809, 3536, 1037900055, 3552, 1037885655, 4048, 1037899982, 4064, 1037885634, 4056, 1037878775, 3793, 1038302188, 3809, 1038302905, 3545, 1038303099, 4049, 1038300889, 3537, 1038304319, 4065, 1038301710, 4057, 1038299794, 3794, 1038753730, 3546, 1038775741, 3538, 1038753784, 3811, 1038353314, 3796, 1021113251, 3554, 1038768928, 3547, 1038349219, 3814, 1022018796, 4066, 1038768830, 3799, 1021181180, 3558, 1022016524, 3810, 1038768877, 3795, 1038352103, 3812, 1021031770, 3797, 1021935343, 3813, 1022024455, 4067, 1038354456, 3798, 1021964177, 3815, 1021119753, 4053, 1021933855, 4062, 1022025480, 4063, 1021126467, 4058, 1038775597, 4051, 1038353375, 4060, 1021087743, 4054, 1021965895, 3553, 1038304928, 3539, 1038350018, 3555, 1038351331, 3548, 1021089545, 3540, 1021114639, 3556, 1021033051, 3559, 1021118302, 3541, 1021937571, 3549, 1021972830, 3557, 1022026521, 3542, 1021961701, 3550, 1022021588, 3543, 1021179636, 3551, 1021124052, 4069, 1022023117, 4061, 1021969246, 4050, 1038753671, 4059, 1038352443, 4068, 1021031287, 4071, 1021120475, 4070, 1022020311, 4052, 1021112626, 4055, 1021182027]
[INFO] (lattice_cell.c: 455): on tick 30 of 50
[INFO] (lattice_cell.c: 172): the unmatched_packets is 56
[3792, 1037895658, 3808, 1037894738, 3544, 1037895600, 3536, 1037895687, 3552, 1037894711, 4048, 1037895656, 4064, 1037894756, 3793, 1038295544, 3809, 1038297821, 4056, 1037895618, 3545, 1038296645, 4049, 1038294386, 3810, 1038768986, 3537, 1038297450, 4057, 1038293707, 3811, 1038343629, 3812, 1021090504, 3554, 1038769017, 3539, 1038342940, 3814, 1022028568, 3548, 1021059531, 3799, 1021165868, 3549, 1022007699, 3543, 1021164195, 3794, 1038767712, 4067, 1038344713, 4052, 1021096274, 4053, 1021956941, 4061, 1022003238, 4062, 1022021322, 4071, 1021129035, 4065, 1038296808, 4066, 1038768952, 3795, 1038344954, 4060, 1021056912, 3796, 1021097239, 4059, 1038343041, 3813, 1021965435, 3797, 1021958864, 3798, 1021993077, 3815, 1021128243, 3553, 1038299616, 3546, 1038768332, 3538, 1038767703, 3547, 1038339952, 3540, 1021099058, 3555, 1038341772, 3556, 1021092235, 3541, 1021961681, 3542, 1021990525, 4054, 1021994742, 4069, 1021963701, 3557, 1021968032, 3550, 1022017299, 4068, 1021089622, 3558, 1022026124, 4051, 1038346198, 3551, 1021147652, 3559, 1021126593, 4070, 1022030140, 4055, 1021166674, 4063, 1021150190, 4050, 1038767707, 4058, 1038768278]
[INFO] (lattice_cell.c: 455): on tick 31 of 50
[INFO] (lattice_cell.c: 172): the unmatched_packets is 56
[3792, 1037904616, 3808, 1037871519, 3544, 1037887908, 3536, 1037904653, 3552, 1037871517, 4048, 1037904587, 3793, 1038301657, 3809, 1038303737, 3794, 1038749503, 4056, 1037887916, 4049, 1038300343, 3811, 1038349881, 4065, 1038302570, 3546, 1038766047, 3554, 1038782951, 3813, 1021945688, 4057, 1038300443, 4058, 1038765880, 3542, 1021990024, 3549, 1021974832, 3559, 1021137922, 3810, 1038782897, 3795, 1038354214, 3796, 1021063168, 4053, 1021986560, 3812, 1021106489, 4055, 1021147162, 4071, 1021139709, 4068, 1021106078, 3797, 1021988181, 3814, 1022011431, 3798, 1021992596, 3815, 1021139203, 4066, 1038782837, 3799, 1021146499, 4067, 1038351078, 4059, 1038352503, 4052, 1021062669, 4060, 1021082215, 4069, 1021944185, 4054, 1021994431, 3545, 1038303733, 3537, 1038303788, 4064, 1037871514, 3553, 1038305740, 3538, 1038749550, 3539, 1038352117, 3547, 1038349252, 3540, 1021064395, 4050, 1038749449, 3555, 1038347868, 3548, 1021083921, 3541, 1021990520, 3556, 1021107651, 3543, 1021145099, 3557, 1021947920, 3550, 1021997642, 3558, 1022009200, 3551, 1021148558, 4061, 1021971091, 4062, 1022001667, 4063, 1021150564, 4051, 1038355487, 4070, 1022012976]
[INFO] (lattice_cell.c: 455): on tick 32 of 50
[INFO] (lattice_cell.c: 172): the unmatched_packets is 56
[3792, 1037918225, 3808, 1037890830, 3544, 1037886188, 3536, 1037918254, 4048, 1037918212, 3552, 1037890826, 4064, 1037890816, 4056, 1037886227, 3793, 1038296077, 3809, 1038296677, 3545, 1038297281, 4049, 1038294924, 3537, 1038297996, 4065, 1038295635, 4057, 1038294354, 3546, 1038777985, 3538, 1038743897, 3547, 1038342902, 3539, 1038343546, 3797, 1021971064, 3814, 1022047575, 3798, 1021989061, 4051, 1038346759, 3799, 1021168874, 3556, 1021079625, 4068, 1021076961, 4053, 1021969280, 4061, 1021950929, 4062, 1022028271, 4071, 1021101455, 4060, 1021106924, 4066, 1038773562, 4058, 1038777871, 4059, 1038345932, 3794, 1038743895, 3553, 1038298489, 3810, 1038773594, 3811, 1038346003, 3795, 1038345541, 3812, 1021077896, 3796, 1021082576, 3813, 1021981911, 3815, 1021100458, 4050, 1038743879, 4052, 1021081481, 3554, 1038773612, 3555, 1038344188, 3540, 1021084481, 3548, 1021109738, 4067, 1038347042, 3541, 1021973701, 3542, 1021986575, 3549, 1021955218, 4070, 1022049140, 3543, 1021167057, 3557, 1021984416, 4069, 1021980288, 4055, 1021169884, 3550, 1022024295, 3558, 1022045137, 3551, 1021127284, 3559, 1021098610, 4054, 1021990671, 4063, 1021130210]
[INFO] (lattice_cell.c: 455): on tick 33 of 50
[INFO] (lattice_cell.c: 172): the unmatched_packets is 56
[3792, 1037901295, 3808, 1037866996, 3544, 1037872908, 3536, 1037901319, 4048, 1037901280, 3552, 1037866980, 4064, 1037866998, 4056, 1037872905, 3793, 1038301237, 3809, 1038302900, 3545, 1038302898, 3537, 1038303361, 4049, 1038299938, 4065, 1038301740, 4057, 1038299632, 3553, 1038304885, 3546, 1038781982, 3547, 1038346770, 3539, 1038348797, 3797, 1021949605, 3540, 1021103773, 4058, 1038781835, 3799, 1021185967, 4051, 1038352239, 4059, 1038350092, 3550, 1022004364, 3551, 1021152260, 3559, 1021190547, 3794, 1038752462, 3810, 1038787807, 4067, 1038351330, 3795, 1038350928, 4062, 1022008357, 3811, 1038350141, 4070, 1021961340, 3796, 1021102544, 3812, 1021047490, 3813, 1022006904, 4068, 1021047167, 4061, 1021984012, 4069, 1022005313, 4063, 1021153955, 3814, 1021959761, 3798, 1021964672, 4052, 1021102121, 3815, 1021191690, 3538, 1038752502, 4050, 1038752410, 3554, 1038787869, 4060, 1021072408, 4066, 1038787748, 3548, 1021073878, 3542, 1021962093, 3555, 1038348120, 3541, 1021952090, 4053, 1021947859, 3549, 1021988047, 3543, 1021184730, 4071, 1021191998, 4054, 1021966515, 4055, 1021186469, 3556, 1021048602, 3557, 1022009213, 3558, 1021957457]
[INFO] (lattice_cell.c: 455): on tick 34 of 50
[INFO] (lattice_cell.c: 172): the unmatched_packets is 56
[3792, 1037905448, 3808, 1037916178, 3544, 1037911001, 3536, 1037905483, 4048, 1037905446, 3552, 1037916166, 4064, 1037916170, 3793, 1038296084, 4056, 1037911009, 3545, 1038297571, 3537, 1038298030, 3546, 1038752383, 3812, 1021108801, 3813, 1021947494, 4058, 1038752278, 3548, 1021079803, 4066, 1038747001, 3549, 1021983547, 3557, 1021949860, 3550, 1022066719, 3558, 1022122624, 4054, 1022000716, 3809, 1038297809, 3794, 1038757596, 3810, 1038747039, 4067, 1038344859, 3811, 1038343806, 4052, 1021099728, 3795, 1038347836, 3796, 1021100862, 4068, 1021107769, 3797, 1021951965, 4069, 1021946010, 3814, 1022124896, 4071, 1021033457, 4063, 1021088110, 3798, 1021999102, 3799, 1021149076, 3815, 1021032354, 4049, 1038294911, 3553, 1038299621, 3538, 1038757628, 3554, 1038747070, 3539, 1038345857, 4057, 1038294600, 3547, 1038343534, 3540, 1021102788, 3555, 1038341973, 3541, 1021954524, 3542, 1021996603, 3556, 1021110624, 4065, 1038296780, 4070, 1022126323, 4062, 1022070583, 3543, 1021147122, 4055, 1021150237, 4053, 1021950293, 3559, 1021030407, 4059, 1038346542, 3551, 1021084947, 4060, 1021076892, 4051, 1038349039, 4061, 1021979564, 4050, 1038757566]
[INFO] (lattice_cell.c: 455): on tick 35 of 50
[INFO] (lattice_cell.c: 172): the unmatched_packets is 56
[3792, 1037887087, 3808, 1037844579, 3544, 1037863179, 3536, 1037887108, 3552, 1037844542, 4048, 1037887066, 4064, 1037844593, 4056, 1037863224, 3793, 1038302939, 3809, 1038302432, 3545, 1038302684, 3537, 1038305023, 4049, 1038301645, 3553, 1038304398, 4065, 1038301293, 4057, 1038299462, 3794, 1038767608, 3810, 1038810652, 3546, 1038791466, 3538, 1038767642, 4050, 1038767572, 4066, 1038810591, 4058, 1038791298, 3795, 1038350693, 3796, 1021059782, 4051, 1038352020, 3797, 1021985510, 3813, 1021974752, 3814, 1021884374, 3815, 1021252021, 4060, 1021069068, 3543, 1021200312, 3558, 1021881877, 4054, 1021953427, 3551, 1021235671, 3559, 1021250922, 4070, 1021886154, 3811, 1038353455, 4059, 1038352367, 3812, 1021080363, 4067, 1038354612, 4052, 1021059394, 3798, 1021951536, 3799, 1021201472, 4068, 1021080107, 3554, 1038810716, 4053, 1021983608, 4069, 1021972995, 4061, 1021986631, 4062, 1021915441, 4063, 1021237201, 4055, 1021201849, 3547, 1038349074, 4071, 1021252342, 3539, 1038348564, 3555, 1038351495, 3548, 1021070501, 3540, 1021060941, 3556, 1021081433, 3549, 1021990925, 3541, 1021988126, 3542, 1021948905, 3557, 1021977226, 3550, 1021911202]
[INFO] (lattice_cell.c: 455): on tick 36 of 50
[INFO] (lattice_cell.c: 172): the unmatched_packets is 56
[3792, 1037937583, 3808, 1037907288, 3544, 1037917329, 3536, 1037937614, 3552, 1037907309, 4064, 1037907269, 4056, 1037917326, 3793, 1038296571, 3809, 1038297279, 3545, 1038295918, 3537, 1038298561, 4049, 1038295360, 3553, 1038299121, 4065, 1038296242, 4057, 1038292914, 4048, 1037937572, 3794, 1038724143, 3810, 1038756958, 3546, 1038746149, 4066, 1038756911, 4050, 1038724108, 4058, 1038746009, 3795, 1038345930, 3547, 1038339768, 3539, 1038343926, 3813, 1021977058, 4051, 1038347145, 3798, 1022073584, 3540, 1021095584, 3549, 1021951116, 3799, 1021083822, 4059, 1038342857, 4054, 1022075086, 4070, 1022160336, 4062, 1022148479, 4052, 1021092509, 4068, 1021079450, 4060, 1021116426, 3811, 1038341959, 4067, 1038343091, 3796, 1021093654, 3812, 1021080463, 4055, 1021085065, 4071, 1021008565, 4053, 1021956994, 3538, 1038724173, 3554, 1038757009, 3797, 1021958510, 3555, 1038340059, 3814, 1022159121, 3548, 1021119388, 3815, 1021007507, 3556, 1021082230, 3542, 1022071185, 3557, 1021979311, 3550, 1022145006, 3543, 1021081826, 3541, 1021960870, 4069, 1021975704, 3558, 1022157056, 3551, 1021021059, 3559, 1021005626, 4061, 1021947390, 4063, 1021024284]
[INFO] (lattice_cell.c: 455): on tick 37 of 50
[INFO] (lattice_cell.c: 172): the unmatched_packets is 56
[3792, 1037876843, 3808, 1037881459, 3544, 1037853411, 3536, 1037876856, 4048, 1037876826, 3552, 1037881439, 4056, 1037853462, 4064, 1037881468, 3793, 1038300174, 3809, 1038304602, 3545, 1038302254, 3537, 1038302223, 4049, 1038298932, 3553, 1038306526, 3794, 1038777553, 4065, 1038303482, 4057, 1038299099, 4050, 1038777509, 3539, 1038352107, 4066, 1038772293, 4058, 1038801553, 4060, 1021072750, 3559, 1021195542, 3551, 1021256957, 3810, 1038772321, 4061, 1021983686, 4054, 1021852258, 4070, 1021947077, 4062, 1021885758, 3795, 1038354206, 3811, 1038352435, 4063, 1021258622, 4071, 1021197172, 3812, 1021068687, 3796, 1021079509, 3813, 1021978336, 3797, 1021975424, 3814, 1021945165, 3798, 1021850222, 3815, 1021196777, 3799, 1021287101, 4051, 1038355487, 4059, 1038354364, 4068, 1021068424, 3546, 1038801704, 3538, 1038777592, 3554, 1038772362, 3547, 1038351214, 3555, 1038350544, 3542, 1021847420, 3540, 1021080701, 3548, 1021074188, 3556, 1021069788, 3541, 1021978246, 4053, 1021973327, 3549, 1021988313, 3557, 1021980888, 3543, 1021285960, 4055, 1021287488, 3550, 1021881096, 3558, 1021942557, 4069, 1021976508, 4067, 1038353497, 4052, 1021079110]
[INFO] (lattice_cell.c: 455): on tick 38 of 50
[INFO] (lattice_cell.c: 172): the unmatched_packets is 56
[3792, 1037929362, 3808, 1037874229, 3544, 1037900011, 3536, 1037929379, 4048, 1037929349, 3552, 1037874203, 4064, 1037874239, 4056, 1037900042, 3793, 1038298317, 3809, 1038297224, 3545, 1038298042, 3537, 1038300337, 4049, 1038297079, 4065, 1038296153, 4057, 1038294959, 3794, 1038733171, 3810, 1038790525, 3546, 1038764303, 3538, 1038733217, 4050, 1038733117, 4066, 1038790456, 4058, 1038764109, 3795, 1038343649, 3811, 1038344680, 3547, 1038341033, 3796, 1021112428, 3539, 1038341575, 3798, 1022122274, 3556, 1021082199, 3541, 1021934455, 3815, 1021146435, 4060, 1021069265, 3558, 1022005929, 3559, 1021144683, 4055, 1021045323, 4063, 1021052838, 4053, 1021930847, 4069, 1021973959, 4067, 1038345834, 4052, 1021111289, 3812, 1021080431, 3797, 1021932229, 3813, 1021975201, 3553, 1038299102, 3554, 1038790615, 3814, 1022007990, 3799, 1021044146, 3555, 1038342735, 3548, 1021072114, 3540, 1021114369, 4051, 1038344931, 3549, 1021989020, 3557, 1021977298, 3542, 1022120118, 3550, 1022113242, 3543, 1021042208, 4068, 1021079424, 3551, 1021049849, 4071, 1021147440, 4061, 1021985606, 4054, 1022123587, 4070, 1022009176, 4062, 1022116386, 4059, 1038344290]
[INFO] (lattice_cell.c: 455): on tick 39 of 50
[INFO] (lattice_cell.c: 172): the unmatched_packets is 56
[3792, 1037891686, 3808, 1037888776, 3544, 1037902413, 3536, 1037891730, 3552, 1037888764, 4064, 1037888776, 4056, 1037902401, 3793, 1038300293, 3545, 1038301008, 4049, 1038299052, 3795, 1038353360, 4057, 1038297924, 3547, 1038348808, 3814, 1022071384, 4066, 1038765477, 3815, 1021076110, 4059, 1038351861, 3549, 1021981965, 4068, 1021090098, 4062, 1022003755, 4070, 1022073256, 3551, 1021149550, 4053, 1021989844, 4054, 1021878439, 4063, 1021151483, 4060, 1021085764, 4069, 1021965046, 3537, 1038302312, 4048, 1037891659, 3809, 1038302400, 3553, 1038304263, 3546, 1038750838, 3794, 1038762462, 3810, 1038765523, 4071, 1021076483, 3811, 1038351171, 3796, 1021062614, 3812, 1021090364, 3797, 1021992031, 3813, 1021967010, 4065, 1038301334, 3798, 1021876224, 4050, 1038762427, 3538, 1038762482, 3799, 1021265050, 3554, 1038765570, 3539, 1038351349, 4058, 1038750731, 3540, 1021063800, 3555, 1038349289, 3548, 1021087221, 3541, 1021995010, 3542, 1021873226, 3556, 1021091470, 3543, 1021263731, 3557, 1021969742, 4052, 1021062242, 3550, 1021999041, 4067, 1038352253, 4051, 1038354600, 3558, 1022068780, 4061, 1021977132, 4055, 1021265568, 3559, 1021074840]
[INFO] (lattice_cell.c: 455): on tick 40 of 50
[INFO] (lattice_cell.c: 172): the unmatched_packets is 56
[3792, 1037889468, 3808, 1037885740, 3544, 1037870093, 3536, 1037889449, 3552, 1037885724, 4048, 1037889490, 4064, 1037885736, 4056, 1037870186, 3793, 1038295208, 3809, 1038298848, 3545, 1038297724, 3537, 1038297269, 4049, 1038293947, 4065, 1038297756, 3810, 1038778413, 4057, 1038294579, 3795, 1038346051, 3811, 1038344164, 3546, 1038794475, 3538, 1038774243, 3796, 1021116430, 3812, 1021086116, 4058, 1038794256, 3814, 1022008839, 3798, 1022030692, 4051, 1038347384, 4059, 1038345428, 3549, 1021951818, 3557, 1021964743, 4069, 1021961597, 4052, 1021115299, 4067, 1038345306, 3794, 1038774180, 4050, 1038774123, 4070, 1022009942, 3813, 1021962755, 3797, 1021939677, 3815, 1021147975, 4062, 1021969884, 3799, 1021126530, 4066, 1038778353, 4060, 1021105061, 4054, 1022031953, 3554, 1038778487, 3553, 1038300758, 4055, 1021127554, 4063, 1021192467, 3547, 1038342182, 3539, 1038343926, 3555, 1038342219, 3540, 1021118338, 3548, 1021107979, 4068, 1021085138, 4053, 1021938339, 3550, 1021966664, 3541, 1021941834, 4061, 1021948542, 4071, 1021148992, 3556, 1021087859, 3542, 1022028561, 3551, 1021189599, 3543, 1021124783, 3558, 1022006906, 3559, 1021146188]
[INFO] (lattice_cell.c: 455): on tick 41 of 50
[INFO] (lattice_cell.c: 172): the unmatched_packets is 56
[3792, 1037946469, 3808, 1037878520, 3544, 1037892601, 3536, 1037946528, 3552, 1037878525, 4048, 1037946422, 4064, 1037878506, 4056, 1037892595, 3793, 1038305189, 3809, 1038301931, 3545, 1038303490, 3537, 1038307174, 3553, 1038303791, 4049, 1038303989, 4065, 1038300868, 4057, 1038300468, 3811, 1038351854, 3546, 1038762061, 4050, 1038706100, 3796, 1021005091, 4066, 1038775823, 3547, 1038349118, 3797, 1022032496, 4058, 1038761874, 4051, 1038353466, 3549, 1022015605, 4052, 1021004654, 3543, 1021138839, 4068, 1021054920, 3557, 1022004429, 3558, 1021987351, 4061, 1022010637, 3559, 1021154712, 4070, 1021992111, 4062, 1022044535, 3794, 1038706151, 3810, 1038775873, 4055, 1021140905, 3795, 1038352238, 3538, 1038706200, 4071, 1021156451, 3812, 1021055194, 3813, 1022001645, 3554, 1038775923, 3539, 1038350220, 3814, 1021990094, 3798, 1022006924, 3815, 1021156001, 3540, 1021006314, 3548, 1021043429, 3799, 1021140277, 4069, 1021999670, 4063, 1021110432, 3541, 1022035459, 3556, 1021056303, 4054, 1022009091, 4060, 1021041999, 3555, 1038349998, 4067, 1038352904, 3542, 1022004019, 3550, 1022039779, 4053, 1022030308, 4059, 1038352215, 3551, 1021108480]
[INFO] (lattice_cell.c: 455): on tick 42 of 50
[INFO] (lattice_cell.c: 172): the unmatched_packets is 56
[3792, 1037872119, 3808, 1037879348, 3544, 1037877032, 3536, 1037872120, 3793, 1038292323, 3809, 1038296269, 3537, 1038294396, 4056, 1037877108, 3553, 1038298194, 3811, 1038344641, 3547, 1038341760, 4050, 1038791143, 3814, 1022053790, 3541, 1021842112, 4058, 1038787205, 4051, 1038347147, 3557, 1021948591, 3559, 1021099374, 4069, 1021945473, 4061, 1021912350, 4070, 1022054844, 4071, 1021101871, 4068, 1021112434, 3794, 1038791173, 3810, 1038785266, 3795, 1038345833, 3796, 1021225534, 3812, 1021113407, 4067, 1038345810, 4059, 1038345046, 3813, 1021946620, 3797, 1021839870, 3798, 1021950605, 3815, 1021101006, 3799, 1021204912, 4060, 1021159850, 4054, 1021951918, 4048, 1037872138, 4064, 1037879383, 4062, 1022054653, 4049, 1038291049, 3552, 1037879294, 3545, 1038293536, 4065, 1038295168, 4057, 1038290355, 3546, 1038787351, 3538, 1038791192, 3554, 1038785354, 3539, 1038343696, 3540, 1021227356, 3555, 1038342663, 3548, 1021162592, 4055, 1021205928, 3542, 1021948429, 3556, 1021115116, 3549, 1021915640, 3543, 1021203185, 4053, 1021838407, 3550, 1022051673, 4063, 1021109613, 3558, 1022051934, 3551, 1021106820, 4052, 1021224415, 4066, 1038785191]
[INFO] (lattice_cell.c: 455): on tick 43 of 50
[INFO] (lattice_cell.c: 172): the unmatched_packets is 56
[3792, 1037918534, 3808, 1037905378, 3544, 1037913789, 3536, 1037918551, 3552, 1037905390, 4048, 1037918507, 4064, 1037905354, 3793, 1038304153, 3809, 1038306783, 3545, 1038306075, 4056, 1037913781, 3537, 1038306163, 3553, 1038308592, 3794, 1038735853, 3810, 1038748145, 3546, 1038739543, 3554, 1038748210, 3547, 1038349222, 3797, 1022094244, 3814, 1022014787, 4059, 1038352225, 4052, 1020945759, 3538, 1038735941, 4069, 1022015235, 4054, 1021971632, 4058, 1038739324, 4071, 1021136445, 3795, 1038352421, 4065, 1038305751, 4050, 1038735769, 4066, 1038748083, 3811, 1038350596, 4049, 1038302914, 4053, 1022092207, 3796, 1020946188, 4061, 1022080556, 3812, 1021021316, 4062, 1021970540, 4063, 1021185867, 3813, 1022017178, 4068, 1021020986, 4055, 1021178631, 3798, 1021969442, 3799, 1021177981, 3815, 1021135869, 3539, 1038350421, 3555, 1038348762, 3548, 1020962392, 3540, 1020947484, 3556, 1021022497, 3549, 1022085284, 3541, 1022097093, 3557, 1022019960, 3542, 1021966405, 3550, 1021965690, 3543, 1021176502, 3558, 1022012094, 4051, 1038353643, 4067, 1038351629, 3551, 1021183626, 4060, 1020960727, 3559, 1021134367, 4070, 1022016743, 4057, 1038303078]
[INFO] (lattice_cell.c: 455): on tick 44 of 50
[INFO] (lattice_cell.c: 172): the unmatched_packets is 56
[3792, 1037900691, 3808, 1037851933, 3544, 1037856974, 3536, 1037900686, 3552, 1037851895, 3793, 1038294694, 4064, 1037851965, 3809, 1038293196, 4056, 1037857076, 3545, 1038294122, 3537, 1038296739, 4049, 1038293457, 3553, 1038295145, 4065, 1038292076, 3546, 1038807895, 4057, 1038290955, 3538, 1038762045, 3813, 1021876758, 4050, 1038761967, 4066, 1038813183, 4058, 1038807734, 3540, 1021182724, 3799, 1021130449, 4067, 1038346399, 3542, 1022022780, 3557, 1021878794, 3558, 1022016012, 4062, 1022028220, 3794, 1038762009, 3810, 1038813223, 3795, 1038346256, 3811, 1038345229, 3796, 1021180916, 4060, 1021219702, 3812, 1021193439, 3797, 1021876935, 4053, 1021875328, 3798, 1022024868, 3814, 1022017939, 4061, 1021848327, 3815, 1021134197, 4054, 1022026119, 4063, 1021130917, 4048, 1037900706, 4052, 1021179839, 4068, 1021192588, 4071, 1021134990, 3554, 1038813277, 3547, 1038342653, 3539, 1038344078, 3555, 1038343245, 3548, 1021222297, 3541, 1021879340, 3556, 1021195020, 4069, 1021875511, 3549, 1021851994, 4070, 1022019050, 4055, 1021131349, 4059, 1038346007, 4051, 1038347627, 3543, 1021128830, 3550, 1022025105, 3551, 1021128465, 3559, 1021132661]
[INFO] (lattice_cell.c: 455): on tick 45 of 50
[INFO] (lattice_cell.c: 172): the unmatched_packets is 56
[3792, 1037904279, 3808, 1037906577, 3544, 1037905454, 3536, 1037904337, 3552, 1037906552, 3793, 1038303067, 3809, 1038305574, 4048, 1037904228, 3794, 1038749802, 3810, 1038747507, 4056, 1037905464, 3553, 1038307390, 3812, 1020935199, 4049, 1038301793, 3814, 1022007032, 4065, 1038304533, 4057, 1038300901, 3550, 1022031119, 3551, 1021121576, 4051, 1038352414, 4070, 1022008940, 4054, 1021982538, 4062, 1022035793, 4071, 1021137793, 4055, 1021171238, 4066, 1038747423, 4059, 1038351225, 4064, 1037906565, 3811, 1038352777, 3795, 1038351217, 4050, 1038749730, 4058, 1038748701, 3796, 1021058253, 3813, 1022107958, 3797, 1021986583, 3798, 1021980369, 3815, 1021137135, 3799, 1021170417, 3545, 1038303951, 3537, 1038305088, 3546, 1038748944, 3538, 1038749848, 3554, 1038747619, 3547, 1038348235, 3539, 1038349250, 3555, 1038350967, 3548, 1020979003, 3541, 1021989372, 3540, 1021059561, 3556, 1020936540, 3542, 1021977391, 3549, 1022078460, 3543, 1021168768, 4063, 1021124031, 3557, 1022110557, 4052, 1021057788, 4068, 1020934792, 4060, 1020977300, 4053, 1021984651, 4061, 1022074029, 3558, 1022004323, 3559, 1021135603, 4067, 1038353801, 4069, 1022106180]
[INFO] (lattice_cell.c: 455): on tick 46 of 50
[INFO] (lattice_cell.c: 172): the unmatched_packets is 56
[3792, 1037917741, 3808, 1037871627, 3544, 1037891435, 3536, 1037917712, 4048, 1037917775, 3552, 1037871594, 3793, 1038294610, 3794, 1038744580, 3537, 1038296690, 3553, 1038297862, 3795, 1038347363, 4056, 1037891514, 4049, 1038293361, 3547, 1038341424, 4057, 1038292366, 3799, 1021195589, 3556, 1021199330, 4051, 1038348721, 3558, 1022042200, 4054, 1021957960, 4070, 1022045222, 4062, 1022009912, 3551, 1021153786, 4053, 1022001272, 4061, 1021928856, 3545, 1038295463, 3809, 1038295955, 4071, 1021107372, 4067, 1038346702, 4059, 1038344774, 3810, 1038792630, 4050, 1038744526, 3811, 1038345512, 3796, 1021054571, 3812, 1021197857, 4066, 1038792580, 3797, 1022002893, 3813, 1021862252, 3798, 1021956564, 3814, 1022044106, 4058, 1038771929, 4060, 1021133581, 3815, 1021106705, 4064, 1037871642, 3546, 1038772103, 3538, 1038744624, 3554, 1038792678, 3539, 1038345169, 3540, 1021056295, 3555, 1038343492, 3548, 1021136113, 3541, 1022005271, 3549, 1021932744, 3542, 1021954382, 3543, 1021194120, 3557, 1021864464, 4052, 1021053535, 4068, 1021197071, 3550, 1022006746, 3559, 1021105269, 4063, 1021156142, 4055, 1021196358, 4065, 1038294878, 4069, 1021860783]
[INFO] (lattice_cell.c: 455): on tick 47 of 50
[INFO] (lattice_cell.c: 172): the unmatched_packets is 56
[3792, 1037894602, 3808, 1037889588, 3544, 1037866652, 3536, 1037894623, 4048, 1037894567, 3552, 1037889578, 4064, 1037889571, 4056, 1037866646, 3793, 1038303308, 3809, 1038304138, 3545, 1038303531, 4049, 1038302092, 4065, 1038303066, 3553, 1038305991, 4057, 1038300470, 3794, 1038759858, 3546, 1038788564, 3810, 1038764723, 3538, 1038759956, 3554, 1038764813, 4050, 1038759758, 4066, 1038764639, 3795, 1038352693, 4058, 1038788323, 3796, 1021133016, 3539, 1038350703, 3555, 1038347733, 3813, 1022024393, 3540, 1021134482, 3556, 1021025454, 4059, 1038350671, 4060, 1021098911, 4068, 1021023648, 4071, 1021134849, 4054, 1021993399, 4070, 1022023326, 4063, 1021147190, 4061, 1021952116, 4052, 1021132360, 3811, 1038349542, 3537, 1038305298, 3547, 1038347693, 4051, 1038353915, 3812, 1021024105, 3797, 1021909476, 3798, 1021991340, 3814, 1022021515, 4069, 1022022791, 3799, 1021152527, 4067, 1038350552, 3815, 1021134089, 4062, 1022013650, 4053, 1021907545, 3541, 1021912270, 3549, 1021956477, 3542, 1021988446, 3548, 1021100777, 3557, 1022026855, 3550, 1022008963, 3543, 1021150782, 3558, 1022018918, 3551, 1021144529, 3559, 1021132419, 4055, 1021153457]
[INFO] (lattice_cell.c: 455): on tick 48 of 50
[INFO] (lattice_cell.c: 172): the unmatched_packets is 56
[3792, 1037903516, 3808, 1037891129, 3544, 1037900918, 3536, 1037903543, 3552, 1037891091, 4048, 1037903527, 3793, 1038294361, 3810, 1038772799, 3545, 1038295068, 3537, 1038296460, 4064, 1037891155, 3554, 1038772863, 3796, 1021087831, 3547, 1038344290, 3539, 1038345123, 3813, 1021980840, 3814, 1021991390, 3799, 1021148318, 3549, 1022040242, 3558, 1021989340, 3551, 1021127672, 3559, 1021148959, 4056, 1037901024, 4059, 1038347636, 4052, 1021087053, 4060, 1021029847, 4053, 1021970507, 3553, 1038297821, 4069, 1021979326, 4061, 1022036333, 3809, 1038295927, 4063, 1021129778, 4050, 1038759485, 4057, 1038291906, 4049, 1038293086, 4065, 1038294866, 3794, 1038759510, 4067, 1038349401, 3795, 1038347327, 3811, 1038348251, 4054, 1022004703, 4062, 1022026069, 3812, 1021078346, 4071, 1021150995, 3797, 1021972292, 4066, 1038772735, 3546, 1038763000, 4058, 1038762818, 3538, 1038759524, 3798, 1022003248, 3815, 1021150356, 3555, 1038346280, 3540, 1021089312, 3548, 1021032034, 3541, 1021974833, 3556, 1021079772, 3542, 1022001034, 3557, 1021983143, 3543, 1021146902, 3550, 1022022704, 4070, 1021992692, 4051, 1038348703, 4068, 1021077629, 4055, 1021149007]
[INFO] (lattice_cell.c: 455): on tick 49 of 50
[INFO] (lattice_cell.c: 172): the unmatched_packets is 56
[3792, 1037912616, 3808, 1037863552, 3544, 1037895682, 3536, 1037912633, 3552, 1037863529, 4048, 1037912603, 4064, 1037863548, 4056, 1037895734, 3793, 1038302691, 3809, 1038304599, 3545, 1038304252, 3537, 1038304693, 4049, 1038301441, 4065, 1038303553, 3794, 1038741295, 3810, 1038791611, 4057, 1038301264, 3546, 1038758173, 3538, 1038741388, 3554, 1038791710, 3795, 1038350513, 3547, 1038345724, 3812, 1021121457, 4058, 1038757876, 3813, 1021924133, 4059, 1038348773, 3799, 1021182922, 3542, 1021969220, 3557, 1021926618, 3550, 1022022226, 4069, 1021922548, 3559, 1021119326, 4061, 1021943282, 3811, 1038349116, 3796, 1021047315, 3797, 1021997274, 4052, 1021046511, 4068, 1021120847, 4060, 1021104071, 4053, 1021995544, 3798, 1021972048, 4054, 1021973991, 3814, 1022035296, 4070, 1022036899, 4062, 1022026387, 4071, 1021121754, 3815, 1021120990, 4063, 1021142382, 3541, 1021999855, 3553, 1038306421, 4050, 1038741209, 3539, 1038348535, 3555, 1038347266, 3551, 1021139556, 4066, 1038791521, 3548, 1021106371, 3540, 1021048972, 3556, 1021122922, 4051, 1038351739, 3549, 1021947441, 3543, 1021181081, 4055, 1021183906, 4067, 1038350186, 3558, 1022032862]
[INFO] (lattice_cell.c: 455): on tick 50 of 50
[INFO] (lattice_cell.c: 466): updating recording regions
[INFO] (recording.c: 507): 	Finalising channel 0 - state info stored in SDRAM
[INFO] (recording.c: 512): closed channel 0.
[INFO] (lattice_cell.c: 470): Simulation complete.

