[INFO] (lattice_cell.c: 604): starting lattice cell
[INFO] (lattice_cell.c: 526): Initialise: started
[INFO] (data_specification.c: 78): magic = ad130ad6, version = 1.0
[INFO] (lattice_cell.c: 555): my key is 5032
[INFO] (lattice_cell.c: 562): I'm in position ( 19, 21)
[INFO] (lattice_cell.c: 568): my n key is 4776
[INFO] (lattice_cell.c: 574): my U_X = 0.009928127750754356
[INFO] (lattice_cell.c: 575): my U_Y = -0.0004157348012086004
[INFO] (lattice_cell.c: 583): input_buffer initialised
[INFO] (recording.c: 563): Recording 1 regions, using output tag 0, size before trigger 7686388, time between triggers 50
[INFO] (recording.c: 665): Recording channel 0 configured to use 7686132 byte memory block starting at 0x6443c760
[INFO] (lattice_cell.c: 588): Recording flags = 0x00000001
[INFO] (lattice_cell.c: 619): setting timer to execute every 200000 microseconds
[INFO] (lattice_cell.c: 627): Starting

[INFO] (simulation.c: 159): Setting the runtime of this model to 50 starting at 0
[INFO] (simulation.c: 161): Setting the flag of infinite run for this model to 0
[INFO] (simulation.c: 175): Resuming
[INFO] (lattice_cell.c: 455): on tick 0 of 50
[5040, 1038758220, 5024, 1038779068, 4776, 1038776237, 4784, 1038758218, 4768, 1038779070, 5288, 1038776241, 5280, 1038779070, 5296, 1038758222, 5041, 1038300604, 4777, 1038298203, 5025, 1038300212, 4785, 1038298541, 4769, 1038298151, 5289, 1038303044, 5297, 1038303382, 5042, 1037904554, 5281, 1038302990, 5026, 1037885272, 4786, 1037904552, 4778, 1037887883, 5043, 1038337802, 5027, 1038337410, 4770, 1037885274, 5044, 1021961365, 4787, 1038339873, 5029, 1021090592, 4771, 1038339485, 5046, 1021144897, 4788, 1021959182, 4772, 1021979978, 4781, 1021091259, 5031, 1022021590, 5028, 1021982163, 5045, 1021109826, 4773, 1021088658, 5030, 1021125565, 5047, 1022000692, 4791, 1022002881, 5283, 1038334626, 5284, 1021985107, 5292, 1021982282, 5300, 1021964300, 5293, 1021095812, 5286, 1021122947, 4779, 1038339537, 4780, 1021977153, 4789, 1021107879, 5290, 1037887887, 5298, 1037904558, 4782, 1021130133, 4790, 1021146850, 4783, 1022020947, 4774, 1021127516, 5299, 1038335016, 4775, 1022023788, 5294, 1021125564, 5287, 1022018637, 5302, 1021142270, 5285, 1021093205, 5303, 1021997746, 5301, 1021112444, 5282, 1037885274, 5295, 1022015802, 5291, 1038334680]
[INFO] (lattice_cell.c: 455): on tick 1 of 50
[INFO] (lattice_cell.c: 172): the unmatched_packets is 56
[5040, 1038726115, 5024, 1038773352, 4776, 1038766385, 4768, 1038773352, 4784, 1038726103, 5041, 1038309013, 5025, 1038308777, 5042, 1037926639, 5043, 1038343912, 5027, 1038345632, 4777, 1038306808, 5045, 1021144934, 5029, 1021083208, 5288, 1038766383, 4787, 1038345923, 5047, 1022066966, 5031, 1022015235, 4782, 1021116321, 5044, 1021914721, 4773, 1021081863, 5028, 1021979434, 4789, 1021143587, 5046, 1021075375, 5026, 1037881089, 4790, 1021076692, 5030, 1021122340, 5286, 1021120192, 5302, 1021073244, 5303, 1022063478, 5281, 1038311495, 5282, 1037881091, 5298, 1037926621, 5284, 1021982902, 5293, 1021094266, 5294, 1021112838, 4785, 1038306996, 5291, 1038342616, 4769, 1038306766, 4778, 1037887801, 4770, 1037881089, 4786, 1037926647, 4779, 1038347351, 5296, 1038726123, 4771, 1038347643, 4780, 1021967240, 5280, 1038773350, 4781, 1021090776, 4772, 1021976582, 4788, 1021911865, 5289, 1038311537, 5297, 1038311735, 4783, 1022026315, 5290, 1037887797, 4774, 1021123677, 4775, 1022018085, 4791, 1022069830, 5292, 1021973556, 5285, 1021085362, 5300, 1021918197, 5299, 1038341182, 5283, 1038342914, 5295, 1022019979, 5287, 1022011753, 5301, 1021147084]
[INFO] (lattice_cell.c: 455): on tick 2 of 50
[INFO] (lattice_cell.c: 172): the unmatched_packets is 56
[5040, 1038804105, 5024, 1038782615, 4776, 1038793754, 4768, 1038782617, 4784, 1038804107, 5288, 1038793750, 5041, 1038301359, 5025, 1038300439, 5280, 1038782615, 5042, 1037859970, 5296, 1038804097, 5027, 1038338341, 4769, 1038298350, 4778, 1037871647, 5026, 1037882682, 5029, 1021089278, 4771, 1038340436, 5043, 1038339281, 5046, 1021275437, 4772, 1021983063, 5047, 1021861396, 5031, 1022013613, 5044, 1021972064, 5028, 1021985162, 5045, 1021103381, 5030, 1021132629, 4775, 1022015730, 5292, 1021993941, 5282, 1037882688, 5299, 1038336473, 5284, 1021988012, 5293, 1021086335, 4777, 1038298432, 4785, 1038299270, 5285, 1021091761, 5300, 1021974916, 4770, 1037882682, 4786, 1037859954, 5289, 1038303333, 4779, 1038341365, 5297, 1038304169, 4787, 1038341354, 4780, 1021988994, 4781, 1021082017, 4788, 1021969957, 4782, 1021169389, 4773, 1021087450, 4789, 1021101553, 5298, 1037859982, 4783, 1021976171, 4774, 1021134464, 4790, 1021277354, 4791, 1021863525, 5286, 1021130132, 5290, 1037871659, 5291, 1038336454, 5283, 1038335525, 5294, 1021165022, 5295, 1021971202, 5287, 1022010763, 5301, 1021105867, 5303, 1021858566, 5302, 1021272855, 5281, 1038303253]
[INFO] (lattice_cell.c: 455): on tick 3 of 50
[INFO] (lattice_cell.c: 172): the unmatched_packets is 56
[5040, 1038716440, 5024, 1038760310, 4776, 1038726999, 4768, 1038760304, 4784, 1038716414, 5296, 1038716468, 5280, 1038760308, 5288, 1038727023, 5041, 1038310761, 4777, 1038308013, 4769, 1038307225, 5025, 1038309186, 4785, 1038308786, 5281, 1038311850, 5042, 1037936016, 4770, 1037893704, 5026, 1037893702, 4786, 1037936054, 5289, 1038312640, 4778, 1037925584, 5043, 1038344354, 4779, 1038345425, 5027, 1038344294, 5044, 1021941576, 4771, 1038346265, 5045, 1021121746, 4787, 1038346367, 5297, 1038313437, 5030, 1021092901, 5031, 1022050342, 4781, 1021114537, 5290, 1037925554, 5028, 1021968748, 4773, 1021091640, 5029, 1021093084, 4789, 1021120311, 5047, 1022183950, 4775, 1022053220, 4791, 1022186831, 5046, 1020952209, 5298, 1037935960, 5282, 1037893694, 5283, 1038341624, 5293, 1021118228, 5285, 1021095329, 5301, 1021123991, 5286, 1021090664, 5295, 1022136255, 5302, 1020950120, 5303, 1022180386, 5291, 1038340752, 4780, 1021943200, 4772, 1021965860, 4788, 1021938666, 5292, 1021949627, 4782, 1021006691, 4783, 1022142632, 4774, 1021094318, 4790, 1020953488, 5294, 1021003135, 5284, 1021972276, 5300, 1021945146, 5287, 1022046802, 5299, 1038341651]
[INFO] (lattice_cell.c: 455): on tick 4 of 50
[INFO] (lattice_cell.c: 172): the unmatched_packets is 56
[5040, 1038755482, 4776, 1038817396, 5024, 1038815745, 4768, 1038815745, 4784, 1038755478, 5041, 1038302538, 5025, 1038300075, 4769, 1038297968, 4785, 1038300435, 4777, 1038298474, 5042, 1037906285, 5026, 1037850515, 5027, 1038339701, 5044, 1021939946, 4770, 1037850503, 4778, 1037847924, 5043, 1038337217, 5029, 1021068103, 5288, 1038817362, 5046, 1021224793, 4787, 1038339286, 4788, 1021937874, 4781, 1021086999, 5028, 1022007893, 5045, 1021137026, 4789, 1021135345, 4774, 1021224130, 5030, 1021222375, 5047, 1021914193, 4775, 1021919508, 4791, 1021916301, 5031, 1021917411, 5303, 1021911415, 5281, 1038302914, 5299, 1038334411, 5283, 1038336885, 5292, 1021989798, 4786, 1037906257, 5280, 1038815739, 4779, 1038339622, 4771, 1038341790, 5296, 1038755474, 5289, 1038303408, 4780, 1021984972, 4772, 1022005823, 5297, 1038305372, 4773, 1021066412, 5290, 1037847970, 4782, 1021305508, 5282, 1037850519, 5291, 1038334740, 4783, 1021842744, 4790, 1021226725, 5298, 1037906307, 5284, 1022010681, 5293, 1021091056, 5300, 1021942742, 5287, 1021914588, 5302, 1021222189, 5285, 1021070450, 5294, 1021301101, 5295, 1021837828, 5286, 1021219939, 5301, 1021139370]
[INFO] (lattice_cell.c: 455): on tick 5 of 50
[INFO] (lattice_cell.c: 172): the unmatched_packets is 56
[5040, 1038755460, 5024, 1038728552, 4776, 1038760268, 4768, 1038728536, 4784, 1038755458, 5288, 1038760290, 5041, 1038310947, 5025, 1038310061, 5280, 1038728560, 5296, 1038755468, 4777, 1038308518, 4785, 1038309000, 5042, 1037897578, 5026, 1037924470, 5043, 1038343560, 5027, 1038345297, 5044, 1021936939, 5028, 1021962197, 4786, 1037897628, 5045, 1021125659, 4771, 1038347272, 5047, 1022006321, 5031, 1022184196, 4781, 1021081419, 5029, 1021100137, 5298, 1037897518, 5030, 1020955031, 4774, 1020956436, 4790, 1021129294, 4775, 1022186998, 4791, 1022009125, 5046, 1021127951, 5303, 1022002763, 5281, 1038312685, 5282, 1037924456, 5291, 1038340890, 5293, 1021085359, 4769, 1038308144, 5300, 1021940550, 5287, 1022180696, 4770, 1037924496, 4778, 1037893931, 5301, 1021128016, 4779, 1038345563, 4787, 1038345544, 4780, 1021978307, 4772, 1021959302, 4788, 1021934010, 4782, 1021000861, 4773, 1021098576, 4789, 1021124097, 4783, 1022145764, 5290, 1037893849, 5283, 1038342632, 5299, 1038340884, 5284, 1021965758, 5285, 1021102490, 5294, 1020997389, 5295, 1022139408, 5289, 1038313078, 5297, 1038313594, 5292, 1021984769, 5286, 1020952791, 5302, 1021125790]
[INFO] (lattice_cell.c: 455): on tick 6 of 50
[INFO] (lattice_cell.c: 172): the unmatched_packets is 56
[5040, 1038759905, 5024, 1038799715, 4776, 1038766245, 4768, 1038799733, 4784, 1038759877, 5041, 1038303095, 5025, 1038300305, 5042, 1037903204, 5280, 1038799703, 4785, 1038300968, 5027, 1038339227, 4778, 1037897366, 5044, 1021949533, 5026, 1037865132, 4780, 1021975198, 5047, 1022018334, 4781, 1021099286, 4773, 1021093695, 5028, 1021980258, 5045, 1021129635, 5029, 1021095245, 4783, 1022000666, 5046, 1021121116, 5030, 1021272983, 5043, 1038336336, 4775, 1021868107, 5031, 1021865927, 5295, 1021995691, 5281, 1038303154, 5282, 1037865152, 5299, 1038333510, 5292, 1021980015, 5301, 1021131835, 4777, 1038299607, 4769, 1038298188, 5288, 1038766253, 4770, 1037865104, 4786, 1037903178, 5296, 1038759927, 4779, 1038339309, 4787, 1038338419, 4771, 1038341272, 5297, 1038305943, 4788, 1021947454, 4772, 1021978203, 4789, 1021128103, 5298, 1037903214, 4782, 1021146319, 4790, 1021122896, 4774, 1021274763, 4791, 1022020537, 5287, 1021863104, 5303, 1022015472, 5290, 1037897425, 5291, 1038334447, 5283, 1038336425, 5284, 1021983010, 5300, 1021952318, 5293, 1021103054, 5285, 1021097457, 5294, 1021142090, 5286, 1021270536, 5302, 1021118673, 5289, 1038304559]
[INFO] (lattice_cell.c: 455): on tick 7 of 50
[INFO] (lattice_cell.c: 172): the unmatched_packets is 56
[5040, 1038748524, 5024, 1038781605, 4776, 1038768501, 4768, 1038781607, 4784, 1038748540, 5041, 1038311761, 5025, 1038309787, 5280, 1038781613, 5042, 1037904293, 5026, 1037873258, 5027, 1038344567, 4778, 1037884712, 5288, 1038768463, 5296, 1038748524, 5044, 1021945521, 5028, 1021985742, 5045, 1021118590, 5029, 1021076876, 4771, 1038346537, 4787, 1038344822, 5030, 1021077016, 5047, 1022016357, 4781, 1021094939, 5043, 1038342851, 4789, 1021116919, 5046, 1021117560, 5031, 1022063484, 4775, 1022066189, 5284, 1021989281, 5281, 1038312376, 5298, 1037904225, 5291, 1038341182, 5292, 1021970044, 4769, 1038307894, 4777, 1038308732, 4785, 1038309837, 4770, 1037873286, 4786, 1037904349, 5300, 1021949120, 5294, 1021140306, 5301, 1021121065, 4779, 1038345791, 4780, 1021963633, 4772, 1021982896, 5289, 1038313242, 4788, 1021942623, 5297, 1038314393, 4782, 1021144068, 4773, 1021075219, 4783, 1021998130, 4774, 1021078463, 4790, 1021119040, 5282, 1037873231, 4791, 1022019069, 5299, 1038340188, 5283, 1038341919, 5285, 1021079358, 5295, 1021991986, 5290, 1037884651, 5286, 1021074780, 5293, 1021099126, 5287, 1022060000, 5302, 1021115261, 5303, 1022012924]
[INFO] (lattice_cell.c: 455): on tick 8 of 50
[INFO] (lattice_cell.c: 172): the unmatched_packets is 56
[5040, 1038751316, 5024, 1038774570, 4776, 1038780820, 4768, 1038774560, 4784, 1038751282, 5288, 1038780852, 5041, 1038303309, 5025, 1038301124, 5042, 1037910972, 5026, 1037890228, 5296, 1038751360, 5280, 1038774584, 4777, 1038299668, 4785, 1038301184, 5043, 1038336534, 4770, 1037890209, 4778, 1037883764, 5028, 1021990935, 4786, 1037910958, 5045, 1021130818, 5030, 1021103145, 4780, 1021974879, 4781, 1021100204, 5027, 1038337974, 5044, 1021949210, 4773, 1021085758, 5029, 1021087149, 4790, 1021133263, 5046, 1021131610, 5047, 1022005808, 4775, 1022042358, 5031, 1022040088, 4791, 1022008122, 5281, 1038303977, 5291, 1038334015, 5299, 1038333698, 5292, 1021979745, 5284, 1021993717, 4769, 1038299017, 5293, 1021103699, 5300, 1021952025, 4779, 1038338895, 5301, 1021132902, 4771, 1038340027, 5302, 1021129302, 4787, 1038338624, 4772, 1021988838, 4788, 1021947066, 4782, 1021133406, 4789, 1021129423, 4783, 1022013240, 4774, 1021104754, 5290, 1037883808, 5298, 1037910980, 5282, 1037890238, 5295, 1022008015, 5294, 1021129503, 5303, 1022002859, 5283, 1038335167, 5289, 1038304650, 5297, 1038306183, 5285, 1021089226, 5286, 1021100868, 5287, 1022037186]
[INFO] (lattice_cell.c: 455): on tick 9 of 50
[INFO] (lattice_cell.c: 172): the unmatched_packets is 56
[5040, 1038749250, 5024, 1038766776, 4776, 1038772880, 4768, 1038766792, 4784, 1038749278, 5280, 1038766754, 5296, 1038749236, 5041, 1038311967, 4769, 1038308321, 4777, 1038309329, 5025, 1038310193, 4785, 1038310044, 5042, 1037903560, 5026, 1037886623, 5027, 1038344744, 4770, 1037886639, 5043, 1038342498, 5044, 1021938483, 5029, 1021086408, 5297, 1038314568, 4780, 1021973145, 5047, 1021997618, 5031, 1022010242, 4772, 1021973604, 4781, 1021086885, 4773, 1021084613, 5028, 1021976375, 5045, 1021125424, 4790, 1021137068, 4783, 1022028185, 5046, 1021135447, 5030, 1021127407, 5299, 1038339839, 4791, 1022000200, 5300, 1021942052, 5301, 1021127992, 5302, 1021133005, 5303, 1021994272, 5290, 1037881000, 5282, 1037886613, 5298, 1037903514, 5291, 1038340181, 5283, 1038342117, 5292, 1021979420, 5293, 1021091290, 5285, 1021088988, 5289, 1038313811, 4786, 1037903618, 4778, 1037881054, 5294, 1021111199, 5295, 1022022297, 5287, 1022006928, 4787, 1038344459, 4771, 1038346679, 4779, 1038344761, 5288, 1038772816, 5281, 1038312765, 4788, 1021935653, 4789, 1021123624, 4782, 1021115223, 5284, 1021979844, 4774, 1021129010, 4775, 1022012800, 5286, 1021124976]
[INFO] (lattice_cell.c: 455): on tick 10 of 50
[INFO] (lattice_cell.c: 172): the unmatched_packets is 56
[5040, 1038757132, 4776, 1038772599, 5024, 1038780308, 4768, 1038780282, 4784, 1038757087, 5041, 1038303672, 5025, 1038301274, 5042, 1037905714, 4777, 1038300187, 5026, 1037884295, 5044, 1021947117, 5028, 1021979944, 4786, 1037905724, 5029, 1021096754, 4771, 1038340424, 5046, 1021132183, 5289, 1038305157, 4772, 1021977763, 5043, 1038335987, 4788, 1021944884, 5027, 1038338386, 4789, 1021132207, 5045, 1021133490, 4774, 1021141047, 5047, 1022004443, 5031, 1022000978, 5030, 1021139609, 5297, 1038306541, 5283, 1038335585, 5291, 1038333794, 5299, 1038333157, 5292, 1021986006, 5286, 1021137477, 4769, 1038299168, 5295, 1022022121, 4785, 1038301543, 5287, 1021997956, 5301, 1021135463, 5303, 1022001357, 4778, 1037891376, 5288, 1038772648, 4770, 1037884279, 5280, 1038780328, 4779, 1038338657, 5281, 1038304123, 5296, 1038757184, 4787, 1038338071, 4780, 1021980992, 4781, 1021095387, 5290, 1037891390, 4782, 1021118760, 4773, 1021095474, 4783, 1022027569, 4790, 1021133667, 4775, 1022003384, 4791, 1022006899, 5282, 1037884297, 5285, 1021098733, 5300, 1021950010, 5298, 1037905696, 5302, 1021130018, 5284, 1021982782, 5293, 1021098666, 5294, 1021115138]
[INFO] (lattice_cell.c: 455): on tick 11 of 50
[INFO] (lattice_cell.c: 172): the unmatched_packets is 56
[5040, 1038752001, 4776, 1038766186, 4768, 1038777527, 4784, 1038752036, 5024, 1038777504, 5288, 1038766101, 5296, 1038751984, 5280, 1038777470, 5041, 1038312245, 5025, 1038309465, 5042, 1037901116, 5026, 1037876811, 5043, 1038342103, 5028, 1021983852, 4770, 1037876829, 5046, 1021123995, 5030, 1021125446, 5289, 1038313736, 5047, 1022009063, 5031, 1022011823, 4772, 1021981226, 5027, 1038344283, 5044, 1021941546, 4783, 1022014043, 5045, 1021123329, 5029, 1021082957, 4774, 1021127163, 5283, 1038341662, 5287, 1022008630, 5302, 1021121447, 5303, 1022005849, 5298, 1037901072, 5291, 1038340232, 4769, 1038307596, 4777, 1038309266, 4785, 1038310327, 4778, 1037887123, 5285, 1021085602, 5295, 1022008436, 4786, 1037901159, 5281, 1038312035, 4779, 1038344818, 4771, 1038346219, 4780, 1021969721, 4787, 1038344073, 5297, 1038314858, 5290, 1037887095, 4781, 1021091214, 5282, 1037876811, 4788, 1021938811, 4782, 1021128040, 4773, 1021081091, 4789, 1021121451, 4790, 1021125755, 4775, 1022014246, 4791, 1022011498, 5300, 1021945030, 5293, 1021095799, 5286, 1021122908, 5299, 1038339445, 5301, 1021125977, 5292, 1021975773, 5284, 1021987246, 5294, 1021123738]
[INFO] (lattice_cell.c: 455): on tick 12 of 50
[INFO] (lattice_cell.c: 172): the unmatched_packets is 56
[5040, 1038754366, 4776, 1038776192, 5024, 1038786684, 4768, 1038786676, 4784, 1038754312, 5288, 1038776226, 5041, 1038304169, 5025, 1038302218, 5042, 1037908215, 5026, 1037878286, 4777, 1038301325, 5280, 1038786701, 5296, 1038754425, 4770, 1037878292, 5029, 1021101677, 5046, 1021125698, 4788, 1021948583, 5043, 1038335823, 5027, 1038337662, 5044, 1021950939, 4789, 1021128260, 5028, 1021974555, 5045, 1021129441, 4790, 1021127057, 5030, 1021110472, 5047, 1022010927, 4791, 1022013509, 5031, 1022031362, 5289, 1038306257, 5282, 1037878282, 5291, 1038333544, 5283, 1038334890, 4785, 1038302038, 5300, 1021953937, 5286, 1021108494, 5295, 1022007055, 4769, 1038300149, 4778, 1037887956, 4786, 1037908235, 4779, 1038338373, 4771, 1038339688, 4787, 1038337893, 4780, 1021970719, 4772, 1021972213, 4781, 1021102004, 5290, 1037887948, 4782, 1021132321, 4773, 1021100486, 4783, 1022012790, 4774, 1021111772, 5298, 1037908185, 4775, 1022033903, 5302, 1021123652, 5303, 1022007731, 5281, 1038305040, 5297, 1038307031, 5299, 1038333005, 5292, 1021975954, 5284, 1021977536, 5293, 1021105145, 5285, 1021103597, 5294, 1021128985, 5287, 1022028216, 5301, 1021131344]
[INFO] (lattice_cell.c: 455): on tick 13 of 50
[INFO] (lattice_cell.c: 172): the unmatched_packets is 56
[5040, 1038747603, 4776, 1038767998, 4768, 1038754070, 4784, 1038747623, 5024, 1038754055, 5288, 1038767916, 5041, 1038311410, 5025, 1038311974, 5296, 1038747577, 5280, 1038754033, 5042, 1037905365, 5026, 1037899128, 5043, 1038342088, 5027, 1038344397, 4770, 1037899138, 5045, 1021123887, 5029, 1021034945, 5030, 1021127688, 5044, 1021944955, 4783, 1022012091, 5047, 1022003490, 5031, 1022009215, 4775, 1022011486, 4791, 1022005801, 5028, 1022023549, 5046, 1021128421, 5285, 1021037639, 5295, 1022006764, 5303, 1022000408, 5289, 1038313531, 5298, 1037905337, 5282, 1037899122, 5291, 1038339932, 4777, 1038309024, 4769, 1038310076, 4785, 1038309475, 4778, 1037885722, 4786, 1037905401, 4779, 1038344534, 4771, 1038346331, 4787, 1038344069, 4780, 1021981413, 5281, 1038314572, 4772, 1022021166, 4788, 1021942375, 4781, 1021082070, 4782, 1021129109, 4773, 1021033041, 4789, 1021121938, 5290, 1037885710, 4774, 1021129535, 4790, 1021130281, 5299, 1038339423, 5283, 1038341768, 5292, 1021987143, 5297, 1038314037, 5300, 1021948327, 5287, 1022006182, 5294, 1021124597, 5301, 1021126553, 5284, 1022026676, 5293, 1021086726, 5286, 1021125032, 5302, 1021125735]
[INFO] (lattice_cell.c: 455): on tick 14 of 50
[INFO] (lattice_cell.c: 172): the unmatched_packets is 56
[5040, 1038757749, 5024, 1038808484, 4776, 1038789926, 4768, 1038808488, 5041, 1038304884, 5025, 1038302279, 5026, 1037856832, 5027, 1038337210, 4769, 1038300262, 4778, 1037874672, 5042, 1037904933, 5044, 1021938738, 5288, 1038789931, 4786, 1037904971, 5045, 1021139945, 4779, 1038337778, 4771, 1038339224, 5046, 1021130554, 5030, 1021110076, 4788, 1021936201, 5043, 1038335448, 5028, 1021884087, 5029, 1021191896, 4774, 1021111261, 4775, 1022033957, 5047, 1022005829, 4791, 1022008567, 5031, 1022031300, 5285, 1021193751, 5303, 1022002505, 5296, 1038757789, 5280, 1038808485, 5289, 1038304264, 5297, 1038307729, 5281, 1038305039, 5290, 1037874664, 5282, 1037856836, 5298, 1037904883, 4784, 1038757714, 5283, 1038334454, 5284, 1021887336, 5294, 1021109566, 5300, 1021941894, 5286, 1021108194, 5301, 1021141816, 4785, 1038302783, 4777, 1038299402, 4770, 1037856826, 4787, 1038337499, 4780, 1021946737, 4772, 1021881485, 4781, 1021135846, 4773, 1021190746, 4782, 1021112653, 4789, 1021138812, 4783, 1022033543, 4790, 1021131799, 5295, 1022027568, 5287, 1022028000, 5302, 1021128601, 5291, 1038332982, 5292, 1021952394, 5299, 1038332647, 5293, 1021138898]
[INFO] (lattice_cell.c: 455): on tick 15 of 50
[INFO] (lattice_cell.c: 172): the unmatched_packets is 56
[5040, 1038740393, 4776, 1038740214, 5024, 1038735290, 4768, 1038735309, 4784, 1038740398, 5288, 1038740171, 5280, 1038735276, 5296, 1038740390, 5041, 1038313884, 5025, 1038309716, 4777, 1038309247, 4769, 1038307771, 4785, 1038311922, 5042, 1037912559, 4786, 1037912583, 5026, 1037917741, 4778, 1037912499, 4770, 1037917745, 5043, 1038342040, 5027, 1038344760, 5281, 1038312376, 5045, 1021094440, 4788, 1021963089, 5044, 1021965475, 5047, 1021995192, 5031, 1021991257, 4789, 1021092463, 4773, 1020937560, 4782, 1021137579, 5029, 1020939487, 5030, 1021144034, 4774, 1021145973, 5028, 1022129361, 5046, 1021135627, 5282, 1037917737, 5291, 1038340235, 5283, 1038342133, 5299, 1038339349, 5284, 1022132234, 5295, 1021997605, 5303, 1021992225, 5297, 1038316545, 4779, 1038344853, 4787, 1038344039, 4771, 1038346681, 4780, 1022058459, 5289, 1038313856, 4772, 1022127215, 4781, 1021005671, 5298, 1037912522, 4790, 1021137604, 4783, 1022002652, 4791, 1021997387, 4775, 1021993410, 5292, 1022063637, 5285, 1020942191, 5290, 1037912470, 5300, 1021968636, 5293, 1021010430, 5294, 1021132905, 5286, 1021141353, 5301, 1021097133, 5287, 1021988351, 5302, 1021132897]
[INFO] (lattice_cell.c: 455): on tick 16 of 50
[INFO] (lattice_cell.c: 172): the unmatched_packets is 56
[5040, 1038780213, 4776, 1038811995, 5024, 1038806902, 4768, 1038806898, 4784, 1038780198, 5041, 1038304973, 5025, 1038303410, 5042, 1037883165, 5288, 1038811963, 5296, 1038780238, 4777, 1038302055, 5043, 1038334995, 5044, 1021877516, 4778, 1037852985, 5045, 1021201989, 5046, 1021112705, 5026, 1037858053, 4787, 1038337040, 5047, 1022023917, 4772, 1021836069, 5027, 1038336745, 5028, 1021838808, 4774, 1021122228, 5030, 1021121128, 4791, 1022026751, 5031, 1022019875, 5029, 1021233386, 5295, 1022029638, 5289, 1038306802, 5297, 1038307763, 5290, 1037852994, 5282, 1037858039, 5299, 1038332225, 5292, 1021841596, 5286, 1021119289, 5301, 1021203834, 5302, 1021110812, 5303, 1022020454, 5280, 1038806919, 4785, 1038302904, 4769, 1038301449, 4770, 1037858069, 4786, 1037883194, 4779, 1038337128, 5298, 1037883129, 4771, 1038338736, 4780, 1021835419, 5281, 1038306117, 5291, 1038332376, 4788, 1021874720, 4781, 1021236689, 4773, 1021232244, 4789, 1021200890, 4782, 1021109999, 4783, 1022035838, 4790, 1021113866, 5285, 1021235271, 5300, 1021880963, 5283, 1038334014, 4775, 1022022629, 5287, 1022016495, 5284, 1021842188, 5293, 1021239702, 5294, 1021106999]
[INFO] (lattice_cell.c: 455): on tick 17 of 50
[INFO] (lattice_cell.c: 172): the unmatched_packets is 56
[5040, 1038713136, 4776, 1038739297, 5024, 1038776875, 4768, 1038776907, 4784, 1038713126, 5288, 1038739229, 5280, 1038776839, 5296, 1038713154, 5041, 1038311550, 4777, 1038308250, 5025, 1038310659, 4769, 1038308710, 4785, 1038309539, 5289, 1038312942, 5281, 1038313315, 5297, 1038314268, 4778, 1037913923, 4770, 1037877782, 5042, 1037939126, 5026, 1037877786, 4786, 1037939170, 5043, 1038341615, 5027, 1038344158, 5044, 1022071917, 5028, 1022046494, 5029, 1021020293, 4772, 1022044402, 5046, 1021144811, 5030, 1021107167, 5047, 1021988536, 5031, 1022028338, 5282, 1037877804, 5045, 1020998727, 4783, 1022005170, 4775, 1022030382, 5291, 1038340173, 5283, 1038341507, 5299, 1038338897, 5284, 1022049340, 4771, 1038346101, 4779, 1038344808, 4787, 1038343618, 5293, 1020949099, 4780, 1022125386, 4788, 1022069779, 5301, 1021001457, 4781, 1020944388, 5295, 1022000295, 5287, 1022025534, 4773, 1021018398, 4789, 1020996741, 4782, 1021134822, 4774, 1021109121, 4790, 1021146828, 5290, 1037913927, 5298, 1037939076, 4791, 1021990661, 5292, 1022130224, 5300, 1022074833, 5286, 1021104432, 5302, 1021142029, 5303, 1021985686, 5285, 1021022949, 5294, 1021130122]
[INFO] (lattice_cell.c: 455): on tick 18 of 50
[INFO] (lattice_cell.c: 172): the unmatched_packets is 56
[5040, 1038787037, 5024, 1038763251, 4776, 1038781073, 4768, 1038763264, 4784, 1038787027, 5288, 1038781049, 5280, 1038763249, 4769, 1038300599, 5041, 1038306400, 4785, 1038304377, 5025, 1038302573, 4777, 1038301861, 5042, 1037876122, 5026, 1037900489, 5043, 1038334919, 4778, 1037882653, 5281, 1038305277, 5027, 1038337231, 5046, 1021115347, 5030, 1021126613, 4772, 1022008905, 5044, 1021790691, 5045, 1021283043, 4782, 1021131797, 5282, 1037900475, 4783, 1022010571, 5031, 1022015390, 5028, 1022011664, 5029, 1021065977, 5291, 1038333229, 5293, 1021190372, 5047, 1022019249, 5301, 1021284895, 5286, 1021124819, 5302, 1021113445, 4770, 1037900501, 5290, 1037882608, 4786, 1037876156, 5299, 1038332169, 4771, 1038339182, 4787, 1038336963, 4779, 1038337934, 5300, 1021794305, 5284, 1022015031, 5285, 1021067837, 4780, 1021886464, 5294, 1021128855, 5295, 1022004258, 4788, 1021787739, 4781, 1021187247, 5289, 1038306556, 5303, 1022015728, 4773, 1021064879, 4789, 1021281921, 5297, 1038309151, 5296, 1038787063, 4774, 1021127677, 5298, 1037876085, 4790, 1021116502, 4775, 1022018183, 4791, 1022022147, 5283, 1038334543, 5287, 1022011912, 5292, 1021892666]
[INFO] (lattice_cell.c: 455): on tick 19 of 50
[INFO] (lattice_cell.c: 172): the unmatched_packets is 56
[5040, 1038741932, 5024, 1038773140, 4776, 1038785306, 4768, 1038773146, 4784, 1038741930, 5296, 1038741938, 5041, 1038311754, 5025, 1038311101, 4769, 1038309174, 5288, 1038785246, 4777, 1038309370, 4785, 1038309709, 5042, 1037911710, 5026, 1037880486, 4778, 1037869217, 5046, 1021132046, 4780, 1021968630, 5043, 1038343720, 4772, 1021940001, 5027, 1038343329, 4773, 1021119998, 5044, 1022056957, 5028, 1021942046, 4783, 1022024144, 5029, 1021121991, 4790, 1021134038, 5030, 1021130188, 5047, 1021991479, 4775, 1022007904, 4791, 1021993589, 5031, 1022005913, 5045, 1021013969, 5301, 1021016582, 5303, 1021988613, 5289, 1038314050, 5281, 1038313756, 5297, 1038314512, 5290, 1037869230, 5298, 1037911670, 5291, 1038339042, 5299, 1038340987, 5292, 1021973525, 4770, 1037880492, 4786, 1037911739, 4787, 1038345739, 4779, 1038343726, 4771, 1038345278, 5285, 1021124716, 5287, 1022003195, 5302, 1021129344, 5280, 1038773135, 4788, 1022054830, 4781, 1021097147, 4789, 1021012029, 4782, 1021116368, 4774, 1021132151, 5282, 1037880484, 5293, 1021101809, 5294, 1021111644, 5295, 1022019371, 5283, 1038340659, 5284, 1021944783, 5300, 1022059842, 5286, 1021127480]
[INFO] (lattice_cell.c: 455): on tick 20 of 50
[INFO] (lattice_cell.c: 172): the unmatched_packets is 56
[5040, 1038732655, 5024, 1038788642, 4776, 1038764590, 4768, 1038788658, 4784, 1038732653, 5288, 1038764502, 5280, 1038788618, 5041, 1038305842, 5025, 1038303384, 5042, 1037928921, 5026, 1037876223, 4785, 1038303824, 5043, 1038335117, 4779, 1038335609, 5046, 1021107178, 5289, 1038306088, 4781, 1021057848, 5027, 1038336916, 4789, 1021154738, 5044, 1021921540, 5028, 1021973412, 5045, 1021155909, 5029, 1021102407, 5291, 1038330963, 4774, 1021123757, 5030, 1021122686, 5047, 1022028532, 4791, 1022031414, 5031, 1022017295, 5286, 1021120824, 5302, 1021105173, 5283, 1038334262, 5296, 1038732665, 5299, 1038332393, 5292, 1022026405, 5293, 1021060874, 5294, 1021113425, 5295, 1022030667, 5301, 1021157850, 5287, 1022013781, 4777, 1038301378, 4769, 1038301421, 4778, 1037899303, 4770, 1037876235, 4786, 1037928949, 4787, 1038337121, 4771, 1038338860, 4780, 1022020165, 5290, 1037899308, 4788, 1021918640, 4772, 1021970623, 4782, 1021116438, 4773, 1021101354, 4783, 1022037035, 4790, 1021108397, 4775, 1022020114, 5298, 1037928877, 5282, 1037876225, 5284, 1021976915, 5300, 1021925065, 5285, 1021104236, 5303, 1022024995, 5281, 1038306067, 5297, 1038308584]
[INFO] (lattice_cell.c: 455): on tick 21 of 50
[INFO] (lattice_cell.c: 172): the unmatched_packets is 56
[5040, 1038785832, 5024, 1038777770, 4776, 1038769706, 4768, 1038777780, 4784, 1038785809, 5041, 1038312560, 5025, 1038310335, 5296, 1038785880, 5288, 1038769690, 4785, 1038310529, 4777, 1038309023, 5042, 1037868473, 5026, 1037876759, 5043, 1038340697, 5044, 1021913595, 4778, 1037883777, 4786, 1037868539, 4780, 1021974885, 5031, 1022009564, 5028, 1022006141, 4782, 1021155823, 5045, 1021153217, 5029, 1021061770, 5046, 1021198936, 5290, 1037883732, 5047, 1021932788, 4774, 1021119554, 5027, 1038345831, 4775, 1022011551, 5030, 1021117674, 5303, 1021929918, 5297, 1038315331, 5298, 1037868393, 5283, 1038343140, 5299, 1038337910, 5293, 1021096610, 5286, 1021115072, 5302, 1021196410, 4769, 1038308398, 5280, 1038777748, 4770, 1037876753, 4779, 1038344166, 5289, 1038313711, 4787, 1038342759, 5281, 1038313018, 4771, 1038347784, 4781, 1021091879, 4788, 1021911403, 4772, 1022004155, 4789, 1021151279, 4773, 1021059831, 4783, 1021982899, 5291, 1038339426, 4790, 1021200798, 4791, 1021934903, 5301, 1021155826, 5282, 1037876765, 5294, 1021151378, 5295, 1021978109, 5292, 1021979617, 5284, 1022008860, 5285, 1021064393, 5300, 1021916527, 5287, 1022006849]
[INFO] (lattice_cell.c: 455): on tick 22 of 50
[INFO] (lattice_cell.c: 172): the unmatched_packets is 56
[5040, 1038724758, 5024, 1038764118, 4776, 1038759094, 4768, 1038764150, 4784, 1038724776, 5288, 1038758984, 5280, 1038764087, 5296, 1038724733, 5041, 1038306196, 5025, 1038303776, 4777, 1038302710, 4769, 1038301836, 4785, 1038304171, 5042, 1037937484, 5026, 1037899506, 5043, 1038336180, 4778, 1037904266, 5027, 1038336898, 4787, 1038338165, 5044, 1021951545, 4781, 1021138165, 5028, 1021988952, 5045, 1021126839, 5029, 1021086559, 4790, 1020997214, 5046, 1020995832, 5030, 1021102567, 5047, 1022135801, 5031, 1022038520, 5285, 1021088514, 5294, 1021064989, 5303, 1022132295, 5297, 1038308909, 5290, 1037904304, 5298, 1037937494, 5283, 1038334288, 5291, 1038333088, 5292, 1021942114, 5284, 1021992389, 5293, 1021141357, 5286, 1021100568, 4786, 1037937474, 4770, 1037899508, 5295, 1022067425, 5287, 1022035015, 4779, 1038337629, 5301, 1021128751, 4771, 1038338788, 4780, 1021935842, 5289, 1038307348, 5281, 1038306426, 4788, 1021948644, 4772, 1021986193, 4789, 1021125696, 4782, 1021068416, 4773, 1021085418, 5282, 1037899507, 4783, 1022073756, 4774, 1021103765, 4791, 1022138680, 4775, 1022041350, 5302, 1020993632, 5299, 1038333499, 5300, 1021955155]
[INFO] (lattice_cell.c: 455): on tick 23 of 50
[INFO] (lattice_cell.c: 172): the unmatched_packets is 56
[5040, 1038773868, 4776, 1038810529, 5024, 1038789796, 4768, 1038789792, 4784, 1038773881, 5288, 1038810496, 5280, 1038789798, 5296, 1038773888, 5041, 1038311644, 4777, 1038308467, 5025, 1038310503, 4769, 1038308564, 4785, 1038309577, 5281, 1038313194, 5042, 1037879696, 5026, 1037864532, 4770, 1037864555, 4786, 1037879774, 5043, 1038341454, 5289, 1038313221, 5297, 1038314443, 5028, 1021976653, 4771, 1038344867, 5045, 1021092491, 5029, 1021091189, 4779, 1038342516, 5046, 1021273486, 5044, 1021977794, 5031, 1021959875, 5027, 1038342864, 4773, 1021089324, 5047, 1021856104, 5030, 1021176535, 5294, 1021228702, 5290, 1037844732, 5298, 1037879616, 5291, 1038337706, 5299, 1038338665, 5283, 1038340121, 5292, 1021999638, 5293, 1021078437, 5300, 1021980675, 4778, 1037844798, 5285, 1021093747, 5286, 1021174175, 5295, 1021906103, 5301, 1021095038, 4787, 1038343515, 5287, 1021957170, 5302, 1021271100, 5303, 1021853194, 4780, 1021994792, 4772, 1021974612, 4781, 1021073957, 4788, 1021975622, 4782, 1021232722, 4789, 1021090596, 4783, 1021910961, 4774, 1021178218, 4790, 1021275239, 4775, 1021961855, 4791, 1021858272, 5282, 1037864500, 5284, 1021979360]
[INFO] (lattice_cell.c: 455): on tick 24 of 50
[INFO] (lattice_cell.c: 172): the unmatched_packets is 56
[5040, 1038737573, 4776, 1038737349, 5024, 1038753504, 4768, 1038753542, 4784, 1038737536, 5288, 1038737243, 5296, 1038737606, 5280, 1038753448, 5041, 1038306670, 4777, 1038302766, 4769, 1038302505, 5025, 1038304415, 4785, 1038304660, 5042, 1037924871, 5026, 1037910233, 5043, 1038334345, 5027, 1038338137, 4770, 1037910215, 5044, 1021932810, 5028, 1021959121, 4779, 1038337274, 5029, 1021114571, 5047, 1022109304, 4782, 1020976720, 4773, 1021113377, 5045, 1021143801, 4789, 1021142545, 5046, 1021028408, 4783, 1022169339, 5030, 1021023528, 5031, 1022111393, 4791, 1022112203, 5294, 1020973050, 5297, 1038309356, 5298, 1037924843, 5292, 1021990428, 5293, 1021094743, 5300, 1021936377, 5285, 1021116617, 5295, 1022163136, 4786, 1037924895, 4778, 1037925872, 5287, 1022107939, 5302, 1021026196, 4771, 1038339988, 4787, 1038336323, 5289, 1038307366, 5290, 1037925946, 4780, 1021984314, 4772, 1021956424, 4788, 1021929946, 4781, 1021091401, 5291, 1038332764, 5283, 1038335576, 4774, 1021024946, 4790, 1021029837, 5299, 1038331667, 4775, 1022114169, 5281, 1038307035, 5282, 1037910271, 5286, 1021021295, 5301, 1021145853, 5303, 1022105713, 5284, 1021962553]
[INFO] (lattice_cell.c: 455): on tick 25 of 50
[INFO] (lattice_cell.c: 172): the unmatched_packets is 56
[5040, 1038747510, 5024, 1038811809, 4776, 1038782906, 4768, 1038811831, 4784, 1038747537, 5288, 1038782788, 5041, 1038312435, 5025, 1038309823, 4777, 1038308610, 4785, 1038310368, 5296, 1038747495, 4769, 1038307856, 5042, 1037905488, 5026, 1037843328, 5027, 1038343429, 5043, 1038343080, 4786, 1037905546, 4770, 1037843358, 4771, 1038345434, 4780, 1021975523, 5044, 1021916506, 5028, 1022006726, 5290, 1037870508, 5045, 1021152854, 5282, 1037843301, 5046, 1021144342, 4783, 1021887597, 5030, 1021257941, 5047, 1021976815, 4774, 1021259445, 5031, 1021875952, 5029, 1021063118, 4775, 1021878008, 5294, 1021243317, 5287, 1021873154, 5302, 1021141969, 5289, 1038313392, 5281, 1038312544, 5299, 1038340247, 4778, 1037870551, 4787, 1038345175, 4779, 1038344409, 5285, 1021065558, 5286, 1021255758, 4788, 1021914230, 4772, 1022004646, 4781, 1021093647, 4789, 1021151067, 5280, 1038811793, 4773, 1021061382, 4782, 1021247232, 4790, 1021146021, 4791, 1021978879, 5284, 1022009491, 5303, 1021974087, 5300, 1021919482, 5293, 1021097985, 5297, 1038315256, 5295, 1021882744, 5298, 1037905434, 5291, 1038339621, 5283, 1038340686, 5292, 1021980405, 5301, 1021155249]
[INFO] (lattice_cell.c: 455): on tick 26 of 50
[INFO] (lattice_cell.c: 172): the unmatched_packets is 56
[5040, 1038771900, 5024, 1038751242, 4776, 1038780355, 4768, 1038751252, 4784, 1038771886, 5288, 1038780326, 5280, 1038751224, 5296, 1038771915, 5041, 1038306295, 5025, 1038304771, 4777, 1038302916, 4769, 1038302868, 4785, 1038304289, 5297, 1038308987, 5281, 1038307355, 5042, 1037891453, 4770, 1037912611, 4778, 1037884191, 5026, 1037912638, 4786, 1037891463, 5043, 1038333637, 4771, 1038337890, 5027, 1038336028, 4787, 1038335570, 4779, 1038334731, 5044, 1021959869, 5028, 1021988188, 5029, 1021085831, 4780, 1021970023, 5046, 1021168690, 4788, 1021957094, 5047, 1021971234, 4773, 1021084510, 5045, 1021116465, 5298, 1037891439, 5030, 1020990038, 5031, 1022154364, 5293, 1021107247, 5303, 1021967544, 5284, 1021991543, 5300, 1021963397, 5292, 1021976062, 4772, 1021985579, 4781, 1021103645, 4789, 1021115106, 4782, 1021089528, 4774, 1020991503, 4783, 1022064269, 4790, 1021170265, 5301, 1021118614, 5286, 1020987748, 4775, 1022157072, 4791, 1021974224, 5302, 1021166319, 5295, 1022057861, 5289, 1038307494, 5290, 1037884210, 5282, 1037912660, 5283, 1038333468, 5285, 1021087979, 5294, 1021085801, 5291, 1038330239, 5299, 1038331008, 5287, 1022150929]
[INFO] (lattice_cell.c: 455): on tick 27 of 50
[INFO] (lattice_cell.c: 172): the unmatched_packets is 56
[5040, 1038747165, 4776, 1038760478, 4768, 1038772598, 5024, 1038772544, 4784, 1038747179, 5288, 1038760327, 5041, 1038312010, 5296, 1038747163, 4769, 1038307588, 5025, 1038309557, 4777, 1038308851, 4785, 1038309927, 5280, 1038772476, 5042, 1037906344, 5026, 1037880780, 5043, 1038342302, 5044, 1021964619, 4770, 1037880788, 4786, 1037906416, 5046, 1021091223, 4787, 1038344434, 5297, 1038314842, 4788, 1021962255, 5027, 1038345718, 4773, 1021099831, 5028, 1021971616, 5045, 1021107835, 5029, 1021101465, 4774, 1021186139, 5283, 1038342973, 5030, 1021184661, 5047, 1022034866, 4775, 1021940689, 4791, 1022037009, 5031, 1021938645, 5302, 1021089096, 5281, 1038312288, 5300, 1021967655, 5292, 1021972308, 5284, 1021974421, 5293, 1021107828, 5285, 1021103776, 5301, 1021110120, 5294, 1021084033, 4778, 1037893188, 5287, 1021935928, 4779, 1038344889, 4771, 1038347705, 5289, 1038313642, 4780, 1021967223, 4772, 1021969456, 4781, 1021103783, 5290, 1037893177, 4782, 1021087710, 5282, 1037880784, 5298, 1037906267, 4789, 1021106177, 4783, 1022045373, 5291, 1038340011, 4790, 1021092678, 5286, 1021182499, 5303, 1022032047, 5299, 1038339424, 5295, 1022040701]
[INFO] (lattice_cell.c: 455): on tick 28 of 50
[INFO] (lattice_cell.c: 172): the unmatched_packets is 56
[5040, 1038740214, 4776, 1038778801, 4768, 1038795005, 4784, 1038740191, 5024, 1038794999, 5041, 1038307135, 5025, 1038304988, 5042, 1037921839, 5280, 1038795001, 5296, 1038740248, 5026, 1037870024, 5043, 1038334060, 5028, 1021981769, 4779, 1038336002, 5045, 1021138405, 4787, 1038335983, 5046, 1021115437, 5047, 1022021396, 5031, 1022001519, 4788, 1021934092, 5027, 1038335244, 5044, 1021936756, 5029, 1021088766, 4790, 1021117185, 5030, 1021143977, 4791, 1022024255, 4775, 1022004302, 5285, 1021091056, 5289, 1038308241, 5281, 1038307562, 5282, 1037870026, 5291, 1038331612, 5292, 1021987092, 4769, 1038303104, 4777, 1038303679, 4785, 1038305148, 5288, 1038778716, 5294, 1021162007, 5286, 1021141618, 4778, 1037885125, 4786, 1037921858, 5287, 1021998002, 5297, 1038309811, 4770, 1037870034, 5302, 1021112883, 4771, 1038337067, 4780, 1021981307, 4781, 1021088861, 5298, 1037921805, 4772, 1021979253, 4782, 1021166157, 4789, 1021136908, 4773, 1021087308, 5299, 1038331445, 4783, 1021982215, 4774, 1021145537, 5283, 1038332713, 5293, 1021092778, 5300, 1021940191, 5295, 1021975893, 5301, 1021140706, 5303, 1022017835, 5284, 1021985047, 5290, 1037885197]
[INFO] (lattice_cell.c: 455): on tick 29 of 50
[INFO] (lattice_cell.c: 172): the unmatched_packets is 56
[5040, 1038753185, 4776, 1038775932, 4768, 1038769078, 5024, 1038769039, 4784, 1038753233, 5041, 1038311260, 5025, 1038311840, 5042, 1037900000, 5288, 1038775774, 4777, 1038308018, 5026, 1037885192, 5043, 1038342849, 5027, 1038344096, 4786, 1037900042, 5045, 1021146353, 5029, 1021082673, 5046, 1021150708, 4780, 1021987219, 5031, 1022060643, 4772, 1021980975, 4781, 1021086698, 5044, 1021927878, 4773, 1021081220, 4789, 1021144830, 5030, 1021070227, 5283, 1038341321, 5047, 1021971234, 4775, 1022062689, 4791, 1021973464, 5028, 1021983254, 5295, 1022004611, 5287, 1022057915, 5303, 1021968352, 5281, 1038314568, 5290, 1037878136, 5299, 1038339983, 5293, 1021090490, 5285, 1021084808, 5300, 1021931006, 5294, 1021123630, 5286, 1021068237, 5301, 1021148522, 5280, 1038768983, 4785, 1038309167, 4769, 1038309854, 4778, 1037878164, 5289, 1038312830, 4770, 1037885202, 5296, 1038753154, 5297, 1038314093, 4779, 1038344085, 4771, 1038346128, 4787, 1038344979, 4788, 1021925389, 4782, 1021126892, 4783, 1022009602, 4774, 1021071489, 4790, 1021152119, 5284, 1021986131, 5302, 1021148641, 5291, 1038339193, 5298, 1037899951, 5292, 1021992461, 5282, 1037885190]
[INFO] (lattice_cell.c: 455): on tick 30 of 50
[INFO] (lattice_cell.c: 172): the unmatched_packets is 56
[5040, 1038767024, 4776, 1038768428, 4768, 1038769413, 5024, 1038769390, 4784, 1038766989, 5041, 1038307424, 5025, 1038305339, 5042, 1037896370, 4777, 1038302038, 5043, 1038333461, 5288, 1038768385, 5044, 1021949464, 5028, 1021986241, 4772, 1021983775, 5026, 1037894345, 4788, 1021946885, 4773, 1021082864, 4782, 1021101524, 5027, 1038336388, 4789, 1021122170, 5029, 1021084515, 4774, 1021134606, 5046, 1021137904, 5030, 1021132883, 4790, 1021139710, 4775, 1022010350, 5047, 1022001499, 5031, 1022007753, 4791, 1022004293, 5045, 1021123828, 5289, 1038306574, 5298, 1037896330, 5291, 1038330504, 5283, 1038333881, 5299, 1038330842, 5292, 1021981162, 5284, 1021989454, 5293, 1021107706, 5285, 1021086973, 5300, 1021952801, 5294, 1021097247, 5286, 1021130345, 5295, 1022043932, 5287, 1022004372, 5302, 1021135341, 4769, 1038303485, 4785, 1038305428, 5280, 1038769355, 5296, 1038767058, 4778, 1037895457, 4770, 1037894329, 4786, 1037896393, 4779, 1038334925, 4771, 1038338192, 4787, 1038335378, 4780, 1021975545, 5281, 1038307900, 5297, 1038310120, 4781, 1021103513, 4783, 1022050018, 5290, 1037895463, 5282, 1037894369, 5301, 1021126231, 5303, 1021997907]
[INFO] (lattice_cell.c: 455): on tick 31 of 50
[INFO] (lattice_cell.c: 172): the unmatched_packets is 56
[5040, 1038748913, 4776, 1038766617, 4768, 1038783210, 4784, 1038748956, 5024, 1038783158, 5041, 1038313519, 5025, 1038308742, 4777, 1038308229, 4769, 1038306739, 4785, 1038311425, 5280, 1038783091, 5042, 1037904686, 5026, 1037870971, 5043, 1038342168, 5027, 1038344936, 4786, 1037904730, 5044, 1021956448, 5296, 1038748890, 4770, 1037870973, 5045, 1021111051, 5029, 1021100192, 4787, 1038344308, 5046, 1021101307, 5281, 1038311519, 5297, 1038316356, 4782, 1021123267, 4789, 1021109689, 5028, 1021976704, 4774, 1021146263, 5030, 1021145078, 5047, 1022023598, 5031, 1021981599, 5286, 1021143178, 5302, 1021099326, 5303, 1022020635, 5289, 1038313058, 5282, 1037870977, 5298, 1037904632, 5290, 1037886986, 5291, 1038339791, 5299, 1038339285, 5283, 1038342179, 5292, 1021968629, 5284, 1021979556, 5300, 1021959681, 5293, 1021113792, 5285, 1021102193, 4778, 1037886962, 5295, 1022004493, 4779, 1038344659, 4771, 1038346930, 5288, 1038766444, 4780, 1021963287, 4788, 1021953871, 4781, 1021110305, 4772, 1021974457, 4773, 1021098917, 4783, 1022009583, 4790, 1021102554, 4791, 1022025930, 4775, 1021983848, 5301, 1021113067, 5294, 1021120027, 5287, 1021978724]
[INFO] (lattice_cell.c: 455): on tick 32 of 50
[INFO] (lattice_cell.c: 172): the unmatched_packets is 56
[5040, 1038743196, 5024, 1038773573, 4776, 1038778480, 4768, 1038773583, 4784, 1038743201, 5041, 1038307717, 5025, 1038307327, 5042, 1037918833, 5026, 1037890768, 5288, 1038778372, 5043, 1038334165, 5027, 1038335334, 5028, 1022004990, 4786, 1037918863, 4779, 1038335759, 5030, 1021118498, 4781, 1021084646, 4782, 1021150118, 5044, 1021945493, 4773, 1021056708, 4789, 1021126091, 5045, 1021127867, 5029, 1021058542, 5046, 1021122842, 5047, 1022013776, 5031, 1022025878, 4775, 1022028396, 4791, 1022016408, 5285, 1021061130, 5300, 1021948766, 5286, 1021115987, 5302, 1021120174, 5289, 1038309151, 5281, 1038309856, 5291, 1038331339, 5292, 1021988065, 4785, 1038305729, 4769, 1038305512, 4777, 1038304647, 5293, 1021089192, 5280, 1038773565, 5297, 1038310394, 5294, 1021145716, 4778, 1037885587, 5296, 1038743217, 4770, 1037890770, 5295, 1021992638, 5282, 1037890758, 5290, 1037885636, 4771, 1038337153, 4787, 1038336107, 4780, 1021982486, 5283, 1038332802, 4772, 1022002534, 5299, 1038331540, 4788, 1021942979, 5284, 1022008183, 4783, 1021998592, 4774, 1021120236, 4790, 1021124757, 5287, 1022022559, 5301, 1021130450, 5303, 1022010339, 5298, 1037918784]
[INFO] (lattice_cell.c: 455): on tick 33 of 50
[INFO] (lattice_cell.c: 172): the unmatched_packets is 56
[5040, 1038751932, 5024, 1038788228, 4776, 1038782366, 4768, 1038788278, 4784, 1038751962, 5041, 1038310687, 5025, 1038309314, 5042, 1037901389, 4769, 1038307297, 5027, 1038343864, 5028, 1021924578, 5029, 1021151608, 5296, 1038751907, 4787, 1038343647, 4781, 1021111803, 5047, 1021984363, 5031, 1022041697, 4772, 1021922267, 5026, 1037866349, 5043, 1038341517, 4782, 1021113475, 5044, 1021928807, 4789, 1021147430, 5045, 1021148642, 4783, 1022023292, 5046, 1021141760, 5030, 1021087984, 4775, 1022043989, 5303, 1021981249, 5289, 1038311113, 5297, 1038313532, 5290, 1037872166, 5291, 1038338756, 5299, 1038338658, 5292, 1021975858, 4777, 1038306217, 4785, 1038308560, 5293, 1021115034, 5300, 1021932028, 4778, 1037872161, 5286, 1021086104, 4770, 1037866335, 5302, 1021139819, 4786, 1037901422, 4779, 1038343595, 4771, 1038345861, 5288, 1038782225, 4780, 1021970544, 5280, 1038788162, 4788, 1021926202, 4773, 1021150488, 4774, 1021089109, 5281, 1038312076, 4790, 1021142988, 5298, 1037901355, 4791, 1021986834, 5282, 1037866364, 5294, 1021110445, 5283, 1038341125, 5284, 1021927528, 5285, 1021153455, 5295, 1022017869, 5287, 1022038758, 5301, 1021150577]
[INFO] (lattice_cell.c: 455): on tick 34 of 50
[INFO] (lattice_cell.c: 172): the unmatched_packets is 56
[5040, 1038757004, 4776, 1038752650, 5024, 1038747192, 4768, 1038747226, 4784, 1038757007, 5041, 1038309589, 5288, 1038752542, 5025, 1038304807, 5042, 1037905884, 5026, 1037915880, 5027, 1038336845, 4785, 1038307618, 5296, 1038757002, 5028, 1022082848, 4779, 1038336313, 4771, 1038338665, 5043, 1038334417, 5047, 1021995481, 5031, 1021991095, 4788, 1021952592, 5044, 1021955122, 5045, 1021110497, 5029, 1020990896, 5298, 1037905848, 5046, 1021139402, 5030, 1021148828, 4791, 1021998063, 5302, 1021136750, 5289, 1038309316, 5297, 1038312264, 5290, 1037910553, 5292, 1022030459, 5284, 1022085889, 5293, 1021048602, 5285, 1020993576, 5294, 1021114985, 4777, 1038304835, 4769, 1038302982, 5280, 1038747166, 4778, 1037910541, 5286, 1021146247, 4786, 1037905920, 4770, 1037915883, 5295, 1022021281, 5301, 1021113131, 4787, 1038336371, 4780, 1022024993, 4772, 1022080554, 4781, 1021043867, 5281, 1038307360, 4782, 1021119481, 4773, 1020988989, 4789, 1021108555, 4783, 1022026940, 5282, 1037915884, 4774, 1021150659, 4790, 1021141335, 4775, 1021993473, 5283, 1038334307, 5291, 1038331847, 5299, 1038331758, 5303, 1021992134, 5300, 1021958434, 5287, 1021987944]
[INFO] (lattice_cell.c: 455): on tick 35 of 50
[INFO] (lattice_cell.c: 172): the unmatched_packets is 56
[5040, 1038766965, 5024, 1038811407, 4776, 1038792273, 4768, 1038811466, 4784, 1038766975, 5288, 1038792077, 5280, 1038811323, 5296, 1038766950, 5041, 1038310943, 4777, 1038308885, 5025, 1038312842, 4769, 1038310870, 4785, 1038308814, 5042, 1037887304, 5026, 1037843689, 5027, 1038343051, 5043, 1038342914, 5044, 1021915475, 5028, 1021849006, 5045, 1021162499, 5030, 1021121086, 4780, 1021876829, 4772, 1021846492, 4789, 1021161359, 5029, 1021211537, 4790, 1021100818, 5047, 1022020559, 5292, 1021882394, 5031, 1022010239, 4775, 1022012745, 5046, 1021099657, 5302, 1021097746, 5291, 1038338265, 5284, 1021852112, 4786, 1037887344, 4778, 1037862102, 4770, 1037843655, 5293, 1021197464, 4787, 1038345001, 4779, 1038343056, 4771, 1038345018, 5286, 1021119252, 5295, 1022019980, 5289, 1038313725, 4788, 1021912851, 5281, 1038315553, 4781, 1021194360, 4782, 1021111583, 4773, 1021210456, 4783, 1022025603, 5297, 1038313789, 4774, 1021122156, 5290, 1037862172, 5298, 1037887263, 4791, 1022023204, 5303, 1022017312, 5301, 1021164358, 5287, 1022007136, 5282, 1037843738, 5299, 1038340084, 5283, 1038340348, 5300, 1021918765, 5285, 1021213416, 5294, 1021108533]
[INFO] (lattice_cell.c: 455): on tick 36 of 50
[INFO] (lattice_cell.c: 172): the unmatched_packets is 56
[5040, 1038723538, 4776, 1038746448, 5024, 1038756942, 4768, 1038756984, 4784, 1038723551, 5280, 1038756895, 5296, 1038723534, 5041, 1038307247, 5025, 1038302903, 4777, 1038300834, 4769, 1038300989, 4785, 1038305252, 5289, 1038305429, 5297, 1038309950, 5281, 1038305528, 5042, 1037937990, 5026, 1037907009, 4778, 1037916750, 4770, 1037907038, 4786, 1037938029, 5043, 1038335162, 5027, 1038336707, 5044, 1022030227, 4788, 1022027828, 5047, 1022001371, 5290, 1037916761, 5028, 1022117000, 5045, 1021046208, 4783, 1021994421, 5029, 1020966479, 4790, 1021133959, 5046, 1021132018, 5030, 1021118847, 4791, 1022003747, 5031, 1022021306, 5298, 1037937950, 5282, 1037906989, 5291, 1038330519, 5299, 1038332463, 5292, 1022109282, 5284, 1022119844, 5294, 1021153506, 5286, 1021116339, 4779, 1038335051, 4787, 1038337160, 4771, 1038338549, 4780, 1022104235, 5288, 1038746309, 4772, 1022114925, 4781, 1020979971, 4789, 1021044241, 4782, 1021157962, 4773, 1020964623, 4774, 1021120626, 5283, 1038334136, 4775, 1022023559, 5300, 1022033439, 5302, 1021129357, 5303, 1021998229, 5293, 1020984761, 5285, 1020969078, 5301, 1021048878, 5295, 1021989039, 5287, 1022018236]
[INFO] (lattice_cell.c: 455): on tick 37 of 50
[INFO] (lattice_cell.c: 172): the unmatched_packets is 56
[5040, 1038777068, 5024, 1038772546, 4776, 1038802427, 4768, 1038772565, 4784, 1038777096, 5288, 1038802265, 5280, 1038772506, 5296, 1038777053, 5041, 1038314831, 4777, 1038311189, 5025, 1038311906, 4769, 1038310021, 4785, 1038312735, 5042, 1037876929, 5026, 1037881165, 5043, 1038339812, 5027, 1038344869, 5044, 1021813200, 5029, 1021154441, 4787, 1038341872, 5281, 1038314541, 5046, 1021119467, 4780, 1021846440, 5031, 1022013500, 4781, 1021215462, 4782, 1021115377, 4789, 1021246873, 5045, 1021248017, 5291, 1038337563, 5030, 1021111194, 4774, 1021112305, 4790, 1021120671, 5047, 1022011212, 5028, 1021910834, 5294, 1021112314, 5302, 1021117505, 5289, 1038315870, 5290, 1037852533, 5299, 1038337044, 5300, 1021816676, 4770, 1037881157, 4786, 1037876957, 4778, 1037852463, 5287, 1022010286, 5303, 1022007732, 4771, 1038346800, 4779, 1038342278, 4772, 1021908224, 4788, 1021810376, 5297, 1038317638, 4773, 1021153218, 5282, 1037881182, 5298, 1037876901, 4783, 1022023937, 4775, 1022016046, 4791, 1022014059, 5295, 1022017918, 5283, 1038342200, 5292, 1021852429, 5284, 1021914055, 5293, 1021218702, 5285, 1021156446, 5286, 1021109274, 5301, 1021249883]
[INFO] (lattice_cell.c: 455): on tick 38 of 50
[INFO] (lattice_cell.c: 172): the unmatched_packets is 56
[5040, 1038732714, 5024, 1038791311, 4776, 1038765115, 4768, 1038791394, 4784, 1038732747, 5288, 1038764898, 5280, 1038791208, 5296, 1038732698, 5041, 1038304791, 5025, 1038305209, 4777, 1038301945, 4769, 1038303263, 4785, 1038302731, 5289, 1038306693, 5281, 1038307868, 5042, 1037929587, 5026, 1037873200, 5297, 1038307566, 5043, 1038337308, 4770, 1037873179, 4786, 1037929615, 5044, 1022079875, 4771, 1038338863, 5029, 1021108331, 4780, 1022071981, 5030, 1021118505, 4772, 1021962509, 4781, 1021009950, 4789, 1021004389, 5027, 1038336973, 5028, 1021964601, 4790, 1021152349, 5045, 1021006307, 5046, 1021150415, 5047, 1021974080, 5031, 1022018335, 5302, 1021147787, 5303, 1021971104, 5298, 1037929552, 5282, 1037873232, 5299, 1038334560, 5292, 1022076749, 5284, 1021967462, 5293, 1021014458, 5301, 1021008927, 5286, 1021116001, 5295, 1022026676, 4778, 1037898866, 5287, 1022015434, 5290, 1037898915, 4779, 1038337511, 4787, 1038339338, 4788, 1022077703, 5291, 1038332895, 4773, 1021106579, 4782, 1021110188, 4774, 1021120284, 4783, 1022031740, 5283, 1038334359, 4775, 1022020453, 4791, 1021976291, 5300, 1022082832, 5285, 1021110790, 5294, 1021105849]
[INFO] (lattice_cell.c: 455): on tick 39 of 50
[INFO] (lattice_cell.c: 172): the unmatched_packets is 56
[5040, 1038761411, 4776, 1038750912, 5024, 1038765864, 4768, 1038765894, 4784, 1038761408, 5041, 1038314234, 5025, 1038311268, 4777, 1038309144, 5042, 1037892267, 5296, 1038761428, 5044, 1021839106, 5028, 1022036805, 4786, 1037892324, 5026, 1037888294, 5045, 1021225474, 5029, 1021031763, 5030, 1021132335, 4788, 1021836103, 5043, 1038339446, 4782, 1021128930, 5298, 1037892213, 4790, 1021103794, 5047, 1022029544, 5031, 1022004113, 4775, 1022006863, 5292, 1021971590, 5027, 1038342366, 5046, 1021102585, 5287, 1022000729, 4785, 1038312213, 4769, 1038309388, 5289, 1038313735, 5297, 1038316975, 5282, 1037888313, 5290, 1037902033, 5299, 1038336708, 5284, 1022039993, 5300, 1021842757, 5285, 1021033830, 5295, 1022012487, 4778, 1037902049, 5301, 1021227492, 5288, 1038750815, 4770, 1037888288, 4779, 1038340651, 5280, 1038765801, 4771, 1038344244, 4787, 1038341472, 4780, 1021965604, 5281, 1038313886, 4772, 1022034196, 4781, 1021105363, 4773, 1021030524, 4789, 1021224184, 4783, 1022018743, 5291, 1038336039, 4774, 1021133453, 4791, 1022032535, 5293, 1021108966, 5294, 1021125830, 5286, 1021130424, 5302, 1021100667, 5303, 1022025919, 5283, 1038339768]
[INFO] (lattice_cell.c: 455): on tick 40 of 50
[INFO] (lattice_cell.c: 172): the unmatched_packets is 56
[5040, 1038774342, 4776, 1038795758, 5024, 1038778880, 4768, 1038778946, 4784, 1038774398, 5288, 1038795504, 5296, 1038774299, 5041, 1038306869, 5025, 1038304099, 5280, 1038778818, 5042, 1037889179, 4777, 1038302509, 4785, 1038304743, 5026, 1037885036, 5044, 1021987155, 4771, 1038340985, 4787, 1038336660, 5043, 1038334585, 5047, 1021980125, 4772, 1021965927, 5027, 1038339075, 4782, 1021146190, 5029, 1021109370, 5046, 1021153738, 4790, 1021155638, 5031, 1022004430, 5028, 1021967882, 5045, 1021091086, 5030, 1021124003, 5295, 1021987424, 5289, 1038307267, 5297, 1038309710, 5298, 1037889197, 5283, 1038336427, 5299, 1038331793, 4769, 1038302155, 4778, 1037868613, 4770, 1037885038, 4786, 1037889171, 4779, 1038337613, 4780, 1021925502, 4788, 1021985004, 4781, 1021151765, 5302, 1021151143, 4773, 1021107595, 4789, 1021089346, 4783, 1021992233, 5281, 1038306786, 4774, 1021125750, 4775, 1022006424, 4791, 1021982302, 5282, 1037885058, 5290, 1037868751, 5284, 1021970586, 5285, 1021111861, 5294, 1021141771, 5291, 1038332915, 5292, 1021930297, 5300, 1021990118, 5293, 1021156077, 5286, 1021121557, 5301, 1021093458, 5287, 1022001680, 5303, 1021977252]
[INFO] (lattice_cell.c: 455): on tick 41 of 50
[INFO] (lattice_cell.c: 172): the unmatched_packets is 56
[5040, 1038705153, 4776, 1038762535, 4768, 1038776030, 4784, 1038705187, 5024, 1038775992, 5041, 1038313652, 5288, 1038762342, 5025, 1038312347, 5296, 1038705143, 5042, 1037946845, 4785, 1038311636, 5280, 1038775944, 5026, 1037878139, 5027, 1038341361, 4786, 1037946913, 4778, 1037891661, 5044, 1021970451, 5045, 1021098102, 4779, 1038342687, 4771, 1038343225, 5030, 1021097469, 4780, 1022004551, 5043, 1038343958, 5031, 1022040564, 4781, 1021064071, 5028, 1021953297, 4783, 1022054794, 5029, 1021112570, 4790, 1021047523, 5046, 1021046272, 4791, 1022073901, 4775, 1022043352, 5047, 1022070927, 5302, 1021044248, 5297, 1038316362, 5281, 1038314922, 5290, 1037891677, 5282, 1037878137, 5283, 1038338782, 5299, 1038341259, 4777, 1038310119, 4769, 1038310496, 4770, 1037878141, 4787, 1038345945, 4788, 1021967539, 4772, 1021950547, 4782, 1021084771, 4789, 1021096684, 4773, 1021111274, 5295, 1022048299, 4774, 1021098594, 5289, 1038314724, 5298, 1037946779, 5293, 1021067717, 5303, 1022067257, 5287, 1022037060, 5291, 1038338140, 5292, 1022010679, 5284, 1021956710, 5285, 1021114686, 5300, 1021974028, 5294, 1021081698, 5286, 1021095559, 5301, 1021100317]
[INFO] (lattice_cell.c: 455): on tick 42 of 50
[INFO] (lattice_cell.c: 172): the unmatched_packets is 56
[5040, 1038790717, 4776, 1038788249, 5024, 1038786412, 4768, 1038786490, 4784, 1038790736, 5288, 1038788074, 5296, 1038790727, 5280, 1038786304, 5041, 1038306124, 5025, 1038304207, 4777, 1038301647, 4769, 1038302223, 4785, 1038304010, 5042, 1037872550, 5026, 1037878151, 5043, 1038332142, 4770, 1037878097, 5045, 1021170168, 5046, 1021260878, 5031, 1021986295, 5027, 1038336969, 5044, 1021908631, 4773, 1021061389, 4789, 1021168468, 5029, 1021063001, 4774, 1021152904, 4783, 1021955338, 5030, 1021151183, 5047, 1021879842, 4775, 1021988250, 5028, 1022013331, 5300, 1021911577, 5294, 1021195529, 5281, 1038306938, 4778, 1037876037, 4786, 1037872556, 4771, 1038338904, 4787, 1038334234, 5282, 1037878220, 4779, 1038333878, 4780, 1022013027, 4772, 1022011442, 4788, 1021906452, 5293, 1021072181, 4781, 1021067904, 5285, 1021065333, 5286, 1021148757, 5301, 1021172535, 5302, 1021258398, 4782, 1021199704, 4790, 1021262733, 5297, 1038308978, 5289, 1038306460, 4791, 1021882102, 5290, 1037876132, 5298, 1037872527, 5292, 1022017534, 5284, 1022015949, 5295, 1021950517, 5287, 1021983605, 5303, 1021876853, 5283, 1038334299, 5291, 1038329132, 5299, 1038329328]
[INFO] (lattice_cell.c: 455): on tick 43 of 50
[INFO] (lattice_cell.c: 172): the unmatched_packets is 56
[5040, 1038735460, 5024, 1038748255, 4776, 1038740131, 4768, 1038748311, 4784, 1038735533, 5288, 1038739900, 5041, 1038314288, 4785, 1038312283, 5025, 1038311500, 4777, 1038310501, 4769, 1038309674, 5296, 1038735403, 5042, 1037918248, 5280, 1038748181, 4770, 1037904884, 5044, 1021930077, 5029, 1021090552, 4771, 1038347731, 5046, 1020989207, 4787, 1038344266, 5026, 1037904862, 5047, 1022133397, 5043, 1038342255, 5028, 1021978334, 4774, 1021065260, 4790, 1020990550, 5030, 1021064060, 5283, 1038343383, 4775, 1022060318, 5031, 1022057548, 5027, 1038345920, 5045, 1021137085, 5301, 1021139290, 5303, 1022129844, 5289, 1038314996, 5282, 1037904852, 5291, 1038340326, 5292, 1021935781, 5284, 1021981672, 5285, 1021092855, 5300, 1021933786, 5294, 1021002477, 5295, 1022118141, 5287, 1022054051, 5302, 1020987127, 4778, 1037912637, 4786, 1037918277, 4779, 1038344836, 5281, 1038314040, 5297, 1038316984, 4780, 1021929492, 4772, 1021975625, 4788, 1021927038, 4781, 1021139063, 5290, 1037912666, 5298, 1037918217, 4773, 1021089084, 4789, 1021135644, 4782, 1021005852, 4783, 1022124402, 5299, 1038339546, 4791, 1022136244, 5293, 1021142991, 5286, 1021062059]
[INFO] (lattice_cell.c: 455): on tick 44 of 50
[INFO] (lattice_cell.c: 172): the unmatched_packets is 56
[5040, 1038761743, 4776, 1038808997, 4768, 1038813901, 4784, 1038761769, 5024, 1038813857, 5288, 1038808805, 5280, 1038813807, 5296, 1038761734, 4777, 1038302306, 4769, 1038302402, 5041, 1038306336, 4785, 1038304162, 5025, 1038304382, 4770, 1037851279, 5042, 1037900920, 5026, 1037851311, 5043, 1038335164, 5289, 1038307203, 5281, 1038307124, 5297, 1038309242, 5045, 1021094832, 5029, 1021096862, 5046, 1021214687, 5047, 1021915881, 5027, 1038334217, 5044, 1021984865, 4789, 1021093245, 5028, 1021978547, 4783, 1021891371, 4774, 1021231311, 5030, 1021229732, 4791, 1021918295, 4775, 1021918213, 5031, 1021916154, 5293, 1021094749, 5282, 1037851345, 5298, 1037900913, 5299, 1038332365, 5292, 1021991146, 5300, 1021987667, 4778, 1037855830, 4786, 1037900931, 5301, 1021097090, 5295, 1021886205, 5303, 1021912767, 4787, 1038337227, 4771, 1038336171, 4779, 1038334923, 4780, 1021986557, 4788, 1021982777, 4772, 1021976628, 4781, 1021090860, 5290, 1037855956, 4773, 1021095344, 4782, 1021257201, 4790, 1021216489, 5283, 1038331511, 5284, 1021981202, 5285, 1021099076, 5294, 1021253232, 5291, 1038330173, 5286, 1021227473, 5287, 1021913384, 5302, 1021212266]
[INFO] (lattice_cell.c: 455): on tick 45 of 50
[INFO] (lattice_cell.c: 172): the unmatched_packets is 56
[4776, 1038749789, 4768, 1038748370, 4784, 1038748737, 5040, 1038748699, 5024, 1038748267, 4769, 1038312164, 5041, 1038313330, 5025, 1038313974, 4785, 1038311365, 4777, 1038309832, 5042, 1037904640, 5043, 1038340675, 5288, 1038749520, 4786, 1037904721, 4770, 1037905346, 5028, 1021968381, 5026, 1037905368, 5045, 1021129043, 5029, 1021092604, 5046, 1021101037, 4788, 1021937597, 5027, 1038344281, 5044, 1021940590, 4790, 1021102361, 4774, 1020981112, 5030, 1020979792, 4775, 1022151103, 5047, 1022027958, 5031, 1022148510, 5297, 1038315984, 5282, 1037905401, 5298, 1037904571, 5283, 1038341762, 5299, 1038337955, 5292, 1022000370, 5284, 1021971780, 5285, 1021094979, 5300, 1021944307, 5295, 1022112946, 5287, 1022145157, 5301, 1021131429, 5302, 1021098913, 5303, 1022024416, 5280, 1038748147, 4778, 1037904035, 5296, 1038748687, 5290, 1037904089, 4779, 1038342193, 4787, 1038342704, 4771, 1038346106, 4780, 1021994272, 5291, 1038337659, 4781, 1021076118, 4772, 1021965674, 4782, 1021023582, 4789, 1021127416, 4773, 1021091094, 4783, 1022118918, 5293, 1021080315, 4791, 1022030734, 5294, 1021020119, 5286, 1020977639, 5289, 1038314318, 5281, 1038316498]
[INFO] (lattice_cell.c: 455): on tick 46 of 50
[INFO] (lattice_cell.c: 172): the unmatched_packets is 56
[5040, 1038744690, 4776, 1038773138, 5024, 1038793238, 4768, 1038793279, 4784, 1038744724, 5041, 1038307172, 5025, 1038304490, 5288, 1038772951, 5280, 1038793185, 5296, 1038744652, 5042, 1037917681, 5043, 1038335216, 5044, 1021916776, 5026, 1037871011, 5045, 1021160975, 5029, 1021068395, 5046, 1021089716, 5031, 1021901211, 4781, 1021114999, 5027, 1038337488, 5282, 1037871041, 4783, 1021970247, 5028, 1022006588, 4790, 1021091460, 4774, 1021234023, 5299, 1038332386, 5030, 1021232542, 5047, 1022039364, 4777, 1038300779, 5289, 1038305688, 5281, 1038307250, 5290, 1037890410, 5298, 1037917700, 5291, 1038332044, 5284, 1022009165, 4769, 1038302476, 4785, 1038304986, 4778, 1037890292, 4786, 1037917652, 4770, 1037870986, 4779, 1038336737, 5285, 1021070528, 5300, 1021919695, 4787, 1038337311, 5286, 1021230402, 4771, 1038339407, 4780, 1021970676, 5301, 1021163062, 5303, 1022036320, 4788, 1021914563, 4772, 1022004686, 4782, 1021171103, 4789, 1021159507, 5297, 1038310079, 4773, 1021066977, 4791, 1022041758, 4775, 1021903456, 5283, 1038334813, 5292, 1021975224, 5293, 1021118842, 5294, 1021167192, 5295, 1021964900, 5287, 1021898242, 5302, 1021087311]
[INFO] (lattice_cell.c: 455): on tick 47 of 50
[INFO] (lattice_cell.c: 172): the unmatched_packets is 56
[5040, 1038759479, 5024, 1038765227, 4776, 1038789239, 4768, 1038765304, 4784, 1038759560, 5288, 1038788983, 5296, 1038759397, 5280, 1038765112, 5041, 1038315140, 5025, 1038310923, 4777, 1038309517, 4769, 1038309125, 4785, 1038313150, 5042, 1037894194, 5026, 1037888653, 5043, 1038340895, 5027, 1038342476, 4786, 1037894225, 4778, 1037865377, 5044, 1021950302, 5029, 1021089409, 4780, 1021970096, 5030, 1021068911, 5297, 1038317805, 5047, 1021951921, 5031, 1022066395, 4773, 1021087765, 4782, 1021143932, 5028, 1021981960, 5045, 1021111378, 4783, 1021999117, 4774, 1021070261, 4790, 1021176486, 5046, 1021174971, 5291, 1038336980, 4775, 1022068855, 4770, 1037888653, 5298, 1037894161, 4779, 1038341520, 5299, 1038338228, 4771, 1038344329, 5283, 1038339926, 4787, 1038342880, 5292, 1021976261, 5284, 1021985264, 5300, 1021953947, 5285, 1021091882, 5289, 1038313979, 5281, 1038313432, 4772, 1021979331, 5286, 1021066722, 4788, 1021947383, 4781, 1021100460, 5295, 1021993092, 5301, 1021113861, 5287, 1022063185, 5290, 1037865402, 4789, 1021109655, 5302, 1021172704, 5303, 1021948358, 5282, 1037888675, 4791, 1021954723, 5293, 1021104802, 5294, 1021140376]
[INFO] (lattice_cell.c: 455): on tick 48 of 50
[INFO] (lattice_cell.c: 172): the unmatched_packets is 56
[5040, 1038758805, 4776, 1038764246, 5024, 1038773668, 4768, 1038773741, 4784, 1038758791, 5041, 1038307068, 5025, 1038306906, 5042, 1037904211, 5026, 1037890204, 4777, 1038303495, 5280, 1038773583, 5027, 1038337639, 4785, 1038304883, 5044, 1021965536, 4778, 1037899611, 5043, 1038335025, 4772, 1021953266, 4788, 1021963310, 5028, 1021955333, 4782, 1021067993, 5029, 1021112062, 4783, 1022076691, 5046, 1021121407, 5030, 1021114454, 4774, 1021115889, 4790, 1021122896, 5047, 1022009872, 5031, 1022017623, 4775, 1022019918, 5045, 1021112424, 5288, 1038764035, 5297, 1038309996, 5282, 1037890256, 5298, 1037904179, 5296, 1038758818, 5291, 1038331539, 5299, 1038332170, 5284, 1021958033, 5300, 1021968453, 5286, 1021112328, 5287, 1022014691, 4769, 1038304926, 4770, 1037890164, 4786, 1037904232, 4779, 1038336313, 4771, 1038339546, 4787, 1038337133, 5281, 1038309644, 4780, 1021987338, 5289, 1038308400, 4781, 1021088897, 4773, 1021110681, 4789, 1021111033, 5290, 1037899754, 4791, 1022012439, 5283, 1038334964, 5293, 1021092467, 5301, 1021114469, 5292, 1021992058, 5294, 1021064388, 5295, 1022071383, 5302, 1021119291, 5303, 1022006653, 5285, 1021114143]
[INFO] (lattice_cell.c: 455): on tick 49 of 50
[INFO] (lattice_cell.c: 172): the unmatched_packets is 56
[5040, 1038740867, 5024, 1038792417, 4776, 1038759532, 4768, 1038792511, 4784, 1038740948, 5296, 1038740807, 5280, 1038792290, 5288, 1038759176, 5041, 1038312983, 4777, 1038307758, 4769, 1038308972, 5025, 1038310818, 4785, 1038310995, 5289, 1038312282, 5297, 1038315646, 5042, 1037912321, 5026, 1037862341, 4778, 1037893753, 4770, 1037862331, 4786, 1037912361, 5281, 1038313368, 5290, 1037893864, 5298, 1037912290, 5282, 1037862379, 5043, 1038340106, 4779, 1038342367, 4771, 1038344806, 5027, 1038342983, 4787, 1038342119, 5044, 1021929496, 5028, 1021993933, 5045, 1021142706, 5029, 1021076825, 4780, 1021983073, 4788, 1021926666, 5046, 1021090600, 5299, 1038337415, 5030, 1021164419, 5047, 1022039041, 5031, 1021967799, 4775, 1021970267, 5293, 1021099064, 5285, 1021079303, 5292, 1021988769, 4772, 1021991459, 4781, 1021094513, 4773, 1021075161, 5286, 1021162146, 5302, 1021088152, 4789, 1021140888, 4782, 1021150011, 5287, 1021964513, 5283, 1038340460, 5303, 1022035712, 5291, 1038337892, 4774, 1021165904, 4783, 1021989595, 4790, 1021092276, 4791, 1022041638, 5284, 1021997110, 5294, 1021145997, 5295, 1021983812, 5300, 1021933116, 5301, 1021145234]
[INFO] (lattice_cell.c: 455): on tick 50 of 50
[INFO] (lattice_cell.c: 466): updating recording regions
[INFO] (recording.c: 507): 	Finalising channel 0 - state info stored in SDRAM
[INFO] (recording.c: 512): closed channel 0.
[INFO] (lattice_cell.c: 470): Simulation complete.

