[INFO] (lattice_cell.c: 604): starting lattice cell
[INFO] (lattice_cell.c: 526): Initialise: started
[INFO] (data_specification.c: 78): magic = ad130ad6, version = 1.0
[INFO] (lattice_cell.c: 555): my key is 4640
[INFO] (lattice_cell.c: 562): I'm in position ( 18, 4)
[INFO] (lattice_cell.c: 568): my n key is 4384
[INFO] (lattice_cell.c: 574): my U_X = -0.009988944046199322
[INFO] (lattice_cell.c: 575): my U_Y = -0.0004619397805072367
[INFO] (lattice_cell.c: 583): input_buffer initialised
[INFO] (recording.c: 563): Recording 1 regions, using output tag 0, size before trigger 7686388, time between triggers 50
[INFO] (recording.c: 665): Recording channel 0 configured to use 7686132 byte memory block starting at 0x60243eac
[INFO] (lattice_cell.c: 588): Recording flags = 0x00000001
[INFO] (lattice_cell.c: 619): setting timer to execute every 200000 microseconds
[INFO] (lattice_cell.c: 627): Starting

[INFO] (simulation.c: 159): Setting the runtime of this model to 50 starting at 0
[INFO] (simulation.c: 161): Setting the flag of infinite run for this model to 0
[INFO] (simulation.c: 175): Resuming
[INFO] (lattice_cell.c: 455): on tick 0 of 50
[4632, 1037884869, 4384, 1037885270, 4648, 1037887883, 4376, 1037884871, 4888, 1037884871, 4904, 1037887885, 4896, 1037885270, 4392, 1037887885, 4633, 1038298139, 4385, 1038296878, 4649, 1038298203, 4889, 1038300204, 4377, 1038296874, 4905, 1038300266, 4897, 1038300210, 4393, 1038296936, 4890, 1038779503, 4386, 1038779066, 4906, 1038776239, 4378, 1038779505, 4892, 1021090191, 4638, 1022024222, 4655, 1021130133, 4894, 1022022027, 4891, 1038337402, 4899, 1038337410, 4908, 1021093200, 4900, 1021090592, 4893, 1021982596, 4909, 1021979340, 4901, 1021982161, 4895, 1021125162, 4911, 1021128186, 4903, 1021125563, 4394, 1038776239, 4898, 1038779066, 4387, 1038340758, 4634, 1038779501, 4379, 1038340752, 4650, 1038776237, 4395, 1038340816, 4388, 1021087459, 4380, 1021087061, 4396, 1021090068, 4907, 1038337466, 4389, 1021978627, 4381, 1021979066, 4397, 1021975810, 4390, 1022025135, 4382, 1022025577, 4398, 1022022302, 4391, 1021128711, 4651, 1038339537, 4635, 1038339473, 4383, 1021128312, 4399, 1021131336, 4652, 1021091259, 4910, 1022018754, 4902, 1022021588, 4636, 1021088252, 4653, 1021977153, 4637, 1021980409, 4654, 1022020947, 4639, 1021127109]
[INFO] (lattice_cell.c: 455): on tick 1 of 50
[INFO] (lattice_cell.c: 172): the unmatched_packets is 56
[4632, 1037880049, 4384, 1037881101, 4648, 1037887807, 4376, 1037880049, 4896, 1037881097, 4888, 1037880043, 4904, 1037887807, 4392, 1037887809, 4633, 1038306898, 4385, 1038305609, 4649, 1038306938, 4377, 1038305605, 4897, 1038308969, 4650, 1038766379, 4386, 1038773356, 4378, 1038774447, 4387, 1038348798, 4652, 1021094034, 4637, 1021974648, 4397, 1021963395, 4654, 1022029712, 4391, 1021122495, 4398, 1022030170, 4655, 1021113050, 4639, 1021121578, 4393, 1038305647, 4895, 1021118753, 4903, 1021117591, 4911, 1021110234, 4889, 1038308961, 4394, 1038766383, 4379, 1038348844, 4898, 1038773352, 4380, 1021081667, 4389, 1021972745, 4381, 1021974204, 4390, 1022021938, 4906, 1038766385, 4382, 1022020632, 4891, 1038345480, 4383, 1021123657, 4907, 1038345152, 4900, 1021087940, 4399, 1021115135, 4892, 1021086552, 4908, 1021096848, 4901, 1021974506, 4893, 1021975959, 4909, 1021965156, 4894, 1022018859, 4902, 1022020171, 4910, 1022028398, 4905, 1038309009, 4890, 1038774437, 4634, 1038774441, 4899, 1038345438, 4651, 1038347223, 4635, 1038347557, 4636, 1021083744, 4395, 1038348510, 4388, 1021083052, 4396, 1021091954, 4653, 1021963839, 4638, 1022020179]
[INFO] (lattice_cell.c: 455): on tick 2 of 50
[INFO] (lattice_cell.c: 172): the unmatched_packets is 56
[4384, 1037882686, 4632, 1037884827, 4648, 1037871641, 4376, 1037884829, 4896, 1037882680, 4888, 1037884833, 4904, 1037871649, 4392, 1037871647, 4385, 1038297072, 4633, 1038298343, 4377, 1038297060, 4393, 1038297145, 4378, 1038780432, 4634, 1038780428, 4379, 1038341516, 4395, 1038342635, 4380, 1021087776, 4397, 1021987752, 4636, 1021089009, 4892, 1021090970, 4390, 1022016966, 4653, 1021989091, 4654, 1021976104, 4638, 1022022781, 4909, 1021991245, 4639, 1021127989, 4895, 1021126030, 4903, 1021132233, 4394, 1038793754, 4387, 1038341725, 4889, 1038300436, 4388, 1021086512, 4396, 1021081076, 4389, 1021981824, 4381, 1021980464, 4898, 1038782611, 4386, 1038782617, 4906, 1038793750, 4382, 1022024132, 4899, 1038338331, 4398, 1021977431, 4891, 1038338126, 4391, 1021135436, 4383, 1021129226, 4399, 1021170390, 4907, 1038339235, 4908, 1021084269, 4897, 1038300444, 4905, 1038300521, 4893, 1021983954, 4901, 1021985309, 4902, 1022013460, 4910, 1021973961, 4649, 1038298434, 4890, 1038780432, 4650, 1038793752, 4651, 1038341334, 4635, 1038340223, 4652, 1021082307, 4894, 1022020621, 4911, 1021167203, 4900, 1021089695, 4637, 1021981787, 4655, 1021169167]
[INFO] (lattice_cell.c: 455): on tick 3 of 50
[INFO] (lattice_cell.c: 172): the unmatched_packets is 56
[4632, 1037882355, 4384, 1037893718, 4376, 1037882359, 4648, 1037925614, 4888, 1037882349, 4904, 1037925610, 4392, 1037925612, 4896, 1037893712, 4385, 1038306175, 4633, 1038307278, 4649, 1038308247, 4377, 1038305975, 4897, 1038309555, 4889, 1038309353, 4905, 1038310312, 4393, 1038306944, 4634, 1038772150, 4898, 1038760300, 4386, 1038760294, 4378, 1038772156, 4394, 1038727007, 4379, 1038348342, 4395, 1038346556, 4390, 1022056966, 4638, 1022026846, 4399, 1021005533, 4639, 1021117050, 4383, 1021119115, 4903, 1021088401, 4911, 1021000607, 4899, 1038343957, 4891, 1038344958, 4907, 1038343230, 4892, 1021087894, 4901, 1021963984, 4893, 1021973702, 4894, 1022025444, 4902, 1022055029, 4910, 1022144248, 4895, 1021114239, 4890, 1038772150, 4906, 1038727031, 4650, 1038727015, 4387, 1038347325, 4900, 1021097461, 4635, 1038347037, 4388, 1021092622, 4380, 1021083061, 4651, 1038345285, 4908, 1021120329, 4396, 1021115499, 4389, 1021962068, 4636, 1021085104, 4397, 1021939385, 4381, 1021971798, 4652, 1021117534, 4637, 1021972308, 4398, 1022146290, 4382, 1022027371, 4391, 1021093286, 4653, 1021939898, 4654, 1022145722, 4655, 1021003455, 4909, 1021941290]
[INFO] (lattice_cell.c: 455): on tick 4 of 50
[INFO] (lattice_cell.c: 172): the unmatched_packets is 56
[4632, 1037875173, 4648, 1037847904, 4384, 1037850501, 4376, 1037875177, 4904, 1037847910, 4649, 1038298511, 4385, 1038296688, 4377, 1038296776, 4905, 1038300628, 4393, 1038297202, 4378, 1038790408, 4394, 1038817386, 4636, 1021081968, 4652, 1021087756, 4388, 1021065832, 4380, 1021080649, 4637, 1021990287, 4389, 1022004573, 4399, 1021306500, 4655, 1021305248, 4911, 1021303283, 4903, 1021221671, 4898, 1038815735, 4906, 1038817350, 4890, 1038790402, 4891, 1038339377, 4899, 1038339513, 4900, 1021069162, 4892, 1021083986, 4633, 1038298079, 4896, 1037850505, 4392, 1037847898, 4888, 1037875179, 4897, 1038300102, 4901, 1022007944, 4893, 1021992377, 4386, 1038815749, 4889, 1038300190, 4909, 1021987098, 4894, 1021993458, 4379, 1038342820, 4902, 1021917667, 4387, 1038342999, 4395, 1038340759, 4381, 1021989016, 4390, 1021920921, 4397, 1021983738, 4382, 1021996824, 4383, 1021150965, 4907, 1038337222, 4634, 1038790406, 4650, 1038817374, 4635, 1038341505, 4651, 1038339396, 4895, 1021147642, 4910, 1021841213, 4653, 1021985028, 4908, 1021089785, 4638, 1021995533, 4654, 1021843150, 4639, 1021149655, 4396, 1021086426, 4391, 1021224930, 4398, 1021844294]
[INFO] (lattice_cell.c: 455): on tick 5 of 50
[INFO] (lattice_cell.c: 172): the unmatched_packets is 56
[4632, 1037908983, 4384, 1037924530, 4648, 1037894007, 4376, 1037908979, 4896, 1037924520, 4888, 1037908981, 4904, 1037894001, 4392, 1037894005, 4385, 1038307172, 4633, 1038307923, 4377, 1038306608, 4649, 1038308797, 4386, 1038728538, 4634, 1038744535, 4378, 1038744539, 4650, 1038760322, 4905, 1038310850, 4394, 1038760302, 4635, 1038345723, 4387, 1038348415, 4906, 1038760358, 4380, 1021101216, 4908, 1021086706, 4399, 1020999650, 4655, 1020997563, 4911, 1020994757, 4903, 1020950432, 4379, 1038347020, 4388, 1021099258, 4396, 1021082045, 4389, 1021955672, 4381, 1021952438, 4889, 1038309999, 4390, 1022190267, 4898, 1038728566, 4382, 1022105228, 4391, 1020955363, 4398, 1022148973, 4890, 1038744531, 4383, 1021046506, 4393, 1038307498, 4899, 1038345130, 4891, 1038343668, 4907, 1038343500, 4900, 1021103947, 4897, 1038310560, 4901, 1021957798, 4909, 1021976705, 4894, 1022102964, 4902, 1022187832, 4895, 1021041635, 4910, 1022146404, 4651, 1038345511, 4395, 1038346754, 4397, 1021974621, 4652, 1021083988, 4636, 1021103193, 4893, 1021954566, 4653, 1021975209, 4637, 1021953047, 4892, 1021105929, 4654, 1022148147, 4638, 1022104540, 4639, 1021044455]
[INFO] (lattice_cell.c: 455): on tick 6 of 50
[INFO] (lattice_cell.c: 172): the unmatched_packets is 56
[4632, 1037841531, 4384, 1037865072, 4648, 1037897306, 4376, 1037841517, 4888, 1037841529, 4392, 1037897316, 4904, 1037897304, 4385, 1038296941, 4633, 1038297628, 4377, 1038296313, 4650, 1038766174, 4378, 1038824893, 4905, 1038301835, 4394, 1038766201, 4651, 1038338990, 4635, 1038339900, 4395, 1038340387, 4388, 1021093565, 4652, 1021100595, 4636, 1021069601, 4653, 1021975045, 4390, 1021869981, 4638, 1021869648, 4908, 1021102724, 4893, 1022005697, 4655, 1021145828, 4639, 1021280116, 4902, 1021867218, 4911, 1021143809, 4903, 1021272212, 4897, 1038300422, 4889, 1038299773, 4393, 1038298361, 4386, 1038799713, 4898, 1038799661, 4896, 1037865078, 4387, 1038342295, 4379, 1038341286, 4891, 1038337690, 4899, 1038338672, 4396, 1021099150, 4380, 1021068143, 4907, 1038336785, 4389, 1021976851, 4397, 1021973840, 4892, 1021071709, 4381, 1022002516, 4398, 1022002564, 4391, 1021275528, 4382, 1021870717, 4901, 1021980030, 4894, 1021867786, 4399, 1021147121, 4383, 1021281439, 4895, 1021278112, 4910, 1021999834, 4649, 1038299690, 4890, 1038824869, 4634, 1038824879, 4906, 1038766152, 4637, 1022003715, 4909, 1021977031, 4654, 1022001576, 4900, 1021097136]
[INFO] (lattice_cell.c: 455): on tick 7 of 50
[INFO] (lattice_cell.c: 172): the unmatched_packets is 56
[4384, 1037873352, 4632, 1037909507, 4376, 1037909507, 4648, 1037884834, 4888, 1037909493, 4392, 1037884810, 4904, 1037884858, 4385, 1038306961, 4377, 1038307064, 4386, 1038781645, 4394, 1038768580, 4651, 1038345679, 4396, 1021095186, 4399, 1021143162, 4908, 1021099661, 4893, 1021973377, 4655, 1021141131, 4639, 1020960372, 4393, 1038307757, 4378, 1038744543, 4902, 1022066096, 4911, 1021138311, 4903, 1021072722, 4387, 1038347671, 4898, 1038781699, 4379, 1038346959, 4395, 1038346926, 4890, 1038744569, 4906, 1038768646, 4388, 1021075492, 4380, 1021083735, 4389, 1021979518, 4381, 1021970974, 4397, 1021960226, 4390, 1022068990, 4899, 1038344431, 4382, 1022189899, 4398, 1022000922, 4907, 1038343668, 4391, 1021077523, 4896, 1037873376, 4383, 1020962420, 4897, 1038310345, 4633, 1038308389, 4889, 1038310472, 4901, 1021981892, 4894, 1022187048, 4895, 1020957578, 4649, 1038309058, 4650, 1038768614, 4634, 1038744553, 4891, 1038343710, 4635, 1038345711, 4900, 1021079985, 4652, 1021097020, 4636, 1021085597, 4909, 1021962565, 4653, 1021960951, 4637, 1021971710, 4910, 1021998104, 4892, 1021088251, 4654, 1021999964, 4638, 1022188929, 4905, 1038311110]
[INFO] (lattice_cell.c: 455): on tick 8 of 50
[INFO] (lattice_cell.c: 172): the unmatched_packets is 56
[4632, 1037886423, 4384, 1037890177, 4648, 1037883687, 4376, 1037886415, 4896, 1037890143, 4888, 1037886427, 4904, 1037883677, 4392, 1037883709, 4385, 1038297797, 4633, 1038298370, 4377, 1038297027, 4393, 1038298438, 4897, 1038301303, 4386, 1038774503, 4634, 1038777825, 4378, 1038777849, 4651, 1038338549, 4395, 1038339952, 4652, 1021102076, 4653, 1021974344, 4908, 1021104315, 4911, 1021130366, 4905, 1038301931, 4889, 1038300537, 4394, 1038780757, 4387, 1038341039, 4379, 1038341835, 4388, 1021086075, 4380, 1021098434, 4898, 1038774470, 4396, 1021100477, 4389, 1021987240, 4381, 1021972386, 4397, 1021973256, 4899, 1038337387, 4891, 1038338146, 4649, 1038299779, 4390, 1022044566, 4907, 1038336321, 4382, 1021944147, 4398, 1022015526, 4892, 1021102280, 4391, 1021105101, 4900, 1021089908, 4383, 1021204237, 4399, 1021133809, 4893, 1021975350, 4901, 1021990205, 4894, 1021941670, 4902, 1022042016, 4895, 1021200738, 4910, 1022012998, 4890, 1038777809, 4906, 1038780703, 4650, 1038780729, 4635, 1038340391, 4909, 1021976188, 4636, 1021100021, 4637, 1021973484, 4903, 1021101607, 4638, 1021943296, 4654, 1022014651, 4639, 1021202849, 4655, 1021132424]
[INFO] (lattice_cell.c: 455): on tick 9 of 50
[INFO] (lattice_cell.c: 172): the unmatched_packets is 56
[4632, 1037870933, 4384, 1037886710, 4376, 1037870918, 4648, 1037881195, 4896, 1037886758, 4888, 1037870943, 4904, 1037881229, 4392, 1037881161, 4633, 1038307765, 4385, 1038307443, 4377, 1038306424, 4650, 1038773009, 4393, 1038308397, 4386, 1038766857, 4378, 1038783802, 4636, 1021082732, 4652, 1021088457, 4381, 1021973339, 4900, 1021088806, 4397, 1021970078, 4654, 1022029406, 4399, 1021114678, 4909, 1021972689, 4894, 1022004752, 4902, 1022012033, 4903, 1021123763, 4898, 1038766896, 4899, 1038344483, 4907, 1038342606, 4891, 1038344546, 4901, 1021973278, 4895, 1021134201, 4910, 1022027418, 4897, 1038310847, 4889, 1038309854, 4394, 1038772979, 4387, 1038347762, 4379, 1038347834, 4649, 1038309700, 4395, 1038345870, 4388, 1021084544, 4380, 1021080989, 4634, 1038783814, 4905, 1038311755, 4396, 1021086744, 4389, 1021970600, 4635, 1038346567, 4651, 1038344620, 4390, 1022015135, 4382, 1022007880, 4391, 1021128459, 4398, 1022030517, 4383, 1021138862, 4637, 1021974213, 4653, 1021970926, 4893, 1021976014, 4638, 1022006777, 4908, 1021090965, 4639, 1021136909, 4655, 1021112716, 4911, 1021109986, 4906, 1038773042, 4890, 1038783821, 4892, 1021085282]
[INFO] (lattice_cell.c: 455): on tick 10 of 50
[INFO] (lattice_cell.c: 172): the unmatched_packets is 56
[4632, 1037879350, 4384, 1037884252, 4648, 1037891307, 4376, 1037879358, 4896, 1037884220, 4888, 1037879337, 4392, 1037891329, 4904, 1037891289, 4385, 1038297970, 4377, 1038298247, 4634, 1038786125, 4386, 1038780220, 4378, 1038786132, 4651, 1038338272, 4394, 1038772525, 4379, 1038340757, 4652, 1021097816, 4391, 1021140955, 4639, 1021105772, 4655, 1021117220, 4910, 1022027934, 4911, 1021115052, 4903, 1021137269, 4897, 1038301502, 4905, 1038302479, 4889, 1038301785, 4387, 1038341401, 4898, 1038780201, 4395, 1038339685, 4388, 1021096208, 4890, 1038786117, 4380, 1021087311, 4906, 1038772500, 4393, 1038298966, 4891, 1038337067, 4389, 1021975814, 4396, 1021096100, 4907, 1038336043, 4381, 1021981535, 4900, 1021100338, 4390, 1022005986, 4633, 1038299606, 4892, 1021091407, 4397, 1021979023, 4649, 1038300310, 4908, 1021100202, 4382, 1022045023, 4650, 1038772512, 4899, 1038337722, 4901, 1021978526, 4398, 1022030221, 4893, 1021984221, 4383, 1021107297, 4909, 1021981709, 4635, 1038339315, 4894, 1022042645, 4399, 1021118723, 4902, 1022003639, 4895, 1021103589, 4636, 1021089045, 4637, 1021982493, 4653, 1021979979, 4638, 1022044244, 4654, 1022029471]
[INFO] (lattice_cell.c: 455): on tick 11 of 50
[INFO] (lattice_cell.c: 172): the unmatched_packets is 56
[4632, 1037892448, 4648, 1037887246, 4384, 1037876890, 4896, 1037876944, 4376, 1037892433, 4888, 1037892458, 4904, 1037887292, 4392, 1037887207, 4650, 1038766313, 4897, 1038310163, 4385, 1038306736, 4905, 1038311742, 4387, 1038347267, 4388, 1021080686, 4395, 1038345903, 4637, 1021998319, 4391, 1021127001, 4900, 1021084718, 4638, 1022029997, 4655, 1021126073, 4894, 1022027885, 4903, 1021122544, 4889, 1038309887, 4898, 1038777613, 4890, 1038761418, 4906, 1038766331, 4899, 1038343963, 4907, 1038342629, 4892, 1021064880, 4908, 1021094718, 4893, 1022000312, 4901, 1021981661, 4377, 1038306460, 4902, 1022012805, 4393, 1038308352, 4895, 1021112040, 4910, 1022012657, 4386, 1038777590, 4378, 1038761400, 4394, 1038766289, 4379, 1038347169, 4649, 1038309675, 4633, 1038307797, 4380, 1021060733, 4634, 1038761410, 4389, 1021978684, 4396, 1021090717, 4381, 1021997259, 4390, 1022016151, 4397, 1021967064, 4382, 1022031223, 4651, 1038344648, 4635, 1038345881, 4398, 1022015977, 4891, 1038343849, 4383, 1021116531, 4399, 1021127896, 4652, 1021092319, 4636, 1021062407, 4653, 1021968076, 4909, 1021969983, 4654, 1022014757, 4639, 1021114683, 4911, 1021123421]
[INFO] (lattice_cell.c: 455): on tick 12 of 50
[INFO] (lattice_cell.c: 172): the unmatched_packets is 56
[4632, 1037869906, 4384, 1037878292, 4648, 1037887934, 4376, 1037869902, 4392, 1037887946, 4634, 1038795104, 4377, 1038296337, 4393, 1038300121, 4651, 1038337957, 4635, 1038339293, 4394, 1038776145, 4379, 1038340734, 4906, 1038776141, 4652, 1021104885, 4636, 1021154018, 4381, 1021924360, 4397, 1021968317, 4382, 1022030506, 4638, 1022029824, 4655, 1021130197, 4894, 1022028310, 4911, 1021127912, 4903, 1021107241, 4905, 1038303620, 4898, 1038786628, 4890, 1038795089, 4891, 1038337040, 4900, 1021105802, 4385, 1038299034, 4893, 1021926722, 4901, 1021972191, 4909, 1021970717, 4378, 1038795110, 4386, 1038786628, 4902, 1022034631, 4895, 1021116732, 4387, 1038340635, 4910, 1022013661, 4908, 1021107408, 4888, 1037869899, 4904, 1037887923, 4395, 1038339371, 4388, 1021101497, 4380, 1021152264, 4389, 1021969783, 4396, 1021103046, 4649, 1038301467, 4633, 1038297749, 4390, 1022036808, 4391, 1021111207, 4650, 1038776139, 4889, 1038299968, 4398, 1022015799, 4383, 1021120710, 4907, 1038335721, 4399, 1021131814, 4892, 1021156421, 4653, 1021969131, 4637, 1021925135, 4654, 1022015139, 4639, 1021119055, 4896, 1037878267, 4899, 1038336947, 4897, 1038302599]
[INFO] (lattice_cell.c: 455): on tick 13 of 50
[INFO] (lattice_cell.c: 172): the unmatched_packets is 56
[4632, 1037912715, 4384, 1037899184, 4648, 1037885820, 4376, 1037912703, 4896, 1037899217, 4888, 1037912723, 4392, 1037885782, 4904, 1037885856, 4385, 1038309147, 4633, 1038307526, 4649, 1038309398, 4377, 1038306226, 4393, 1038308079, 4634, 1038740597, 4386, 1038754109, 4897, 1038312548, 4378, 1038740582, 4889, 1038309592, 4387, 1038347339, 4395, 1038345607, 4388, 1021032551, 4380, 1020971490, 4381, 1022087429, 4390, 1022012985, 4637, 1022088709, 4638, 1021987111, 4900, 1021036578, 4654, 1022012344, 4639, 1021155163, 4655, 1021127644, 4895, 1021152631, 4905, 1038311476, 4898, 1038754124, 4394, 1038768071, 4379, 1038347722, 4899, 1038343979, 4907, 1038342298, 4396, 1021081357, 4389, 1022019293, 4397, 1021979310, 4382, 1021988448, 4398, 1022013644, 4391, 1021129757, 4893, 1022090849, 4383, 1021156895, 4901, 1022022611, 4399, 1021129356, 4894, 1021984934, 4902, 1022009501, 4910, 1022010176, 4911, 1021125141, 4650, 1038768087, 4891, 1038344339, 4635, 1038346406, 4651, 1038344334, 4636, 1020973202, 4890, 1038740601, 4908, 1021085190, 4652, 1021082877, 4906, 1038768097, 4653, 1021980483, 4892, 1020975722, 4903, 1021125507, 4909, 1021982533]
[INFO] (lattice_cell.c: 455): on tick 14 of 50
[INFO] (lattice_cell.c: 172): the unmatched_packets is 56
[4632, 1037843246, 4384, 1037856827, 4648, 1037874689, 4376, 1037843248, 4896, 1037856835, 4888, 1037843242, 4392, 1037874689, 4904, 1037874691, 4634, 1038822778, 4377, 1038299120, 4635, 1038338491, 4386, 1038808469, 4389, 1021878361, 4637, 1021821623, 4654, 1022036241, 4655, 1021109979, 4639, 1021109103, 4398, 1022036833, 4903, 1021106083, 4889, 1038302828, 4905, 1038301846, 4890, 1038822768, 4900, 1021196101, 4909, 1021945848, 4385, 1038299319, 4894, 1022037721, 4902, 1022035097, 4393, 1038298309, 4378, 1038822778, 4911, 1021107590, 4394, 1038789922, 4387, 1038340155, 4379, 1038339927, 4388, 1021191813, 4380, 1021245430, 4396, 1021136999, 4381, 1021821011, 4390, 1022037191, 4397, 1021943733, 4391, 1021110293, 4382, 1022039855, 4383, 1021110912, 4649, 1038299665, 4897, 1038302957, 4633, 1038300575, 4399, 1021111749, 4650, 1038789930, 4891, 1038336257, 4651, 1038337342, 4892, 1021249643, 4906, 1038789942, 4899, 1038336492, 4395, 1038338753, 4652, 1021138885, 4636, 1021247207, 4653, 1021944403, 4895, 1021106639, 4910, 1022034796, 4638, 1022039200, 4908, 1021141421, 4901, 1021880491, 4893, 1021823072, 4898, 1038808460, 4907, 1038335115]
[INFO] (lattice_cell.c: 455): on tick 15 of 50
[INFO] (lattice_cell.c: 172): the unmatched_packets is 56
[4384, 1037917803, 4632, 1037897640, 4648, 1037912564, 4376, 1037897614, 4896, 1037917828, 4888, 1037897658, 4392, 1037912551, 4904, 1037912588, 4633, 1038307205, 4385, 1038306736, 4649, 1038309512, 4377, 1038305893, 4897, 1038310102, 4889, 1038309273, 4393, 1038308206, 4905, 1038311582, 4386, 1038735348, 4634, 1038756725, 4898, 1038735368, 4378, 1038756717, 4635, 1038346002, 4651, 1038344600, 4906, 1038740302, 4387, 1038347636, 4379, 1038347347, 4388, 1020937076, 4383, 1021115330, 4399, 1021138162, 4655, 1021136568, 4639, 1021113720, 4894, 1022027595, 4911, 1021134157, 4899, 1038344216, 4907, 1038342526, 4891, 1038343902, 4901, 1022129628, 4909, 1022060476, 4902, 1021990983, 4910, 1022000346, 4650, 1038740280, 4394, 1038740272, 4903, 1021142504, 4395, 1038345899, 4380, 1020950147, 4396, 1021004948, 4389, 1022126031, 4381, 1022113434, 4390, 1021994601, 4397, 1022057021, 4382, 1022031228, 4391, 1021146510, 4652, 1021006465, 4398, 1022003899, 4636, 1020951764, 4653, 1022058318, 4637, 1022114863, 4654, 1022002555, 4895, 1021111318, 4638, 1022029819, 4908, 1021008813, 4893, 1022117159, 4900, 1020941104, 4890, 1038756717, 4892, 1020954177]
[INFO] (lattice_cell.c: 455): on tick 16 of 50
[INFO] (lattice_cell.c: 172): the unmatched_packets is 56
[4632, 1037895853, 4384, 1037858085, 4648, 1037853025, 4376, 1037895852, 4896, 1037858078, 4888, 1037895845, 4392, 1037853013, 4904, 1037853044, 4649, 1038302461, 4897, 1038304261, 4385, 1038300597, 4377, 1038298256, 4889, 1038301917, 4651, 1038336731, 4387, 1038339654, 4636, 1021128769, 4908, 1021242287, 4390, 1022026027, 4398, 1022039367, 4902, 1022023970, 4910, 1022037375, 4911, 1021104354, 4903, 1021116425, 4905, 1038304638, 4898, 1038806913, 4633, 1038299688, 4890, 1038767934, 4906, 1038812015, 4899, 1038336021, 4891, 1038336548, 4901, 1021834493, 4893, 1021946522, 4894, 1022017403, 4895, 1021127413, 4393, 1038301072, 4386, 1038806889, 4378, 1038767914, 4394, 1038812015, 4650, 1038812021, 4634, 1038767914, 4379, 1038340206, 4388, 1021233443, 4395, 1038338114, 4635, 1038338771, 4380, 1021126784, 4389, 1021832550, 4396, 1021237885, 4652, 1021239760, 4381, 1021944572, 4397, 1021831853, 4653, 1021832416, 4391, 1021120925, 4637, 1021945141, 4382, 1022019518, 4892, 1021131405, 4900, 1021237906, 4654, 1022038804, 4638, 1022018900, 4383, 1021131948, 4655, 1021106902, 4909, 1021833821, 4399, 1021108789, 4639, 1021129995, 4907, 1038334538]
[INFO] (lattice_cell.c: 455): on tick 17 of 50
[INFO] (lattice_cell.c: 172): the unmatched_packets is 56
[4384, 1037877806, 4632, 1037870529, 4648, 1037914010, 4376, 1037870527, 4896, 1037877862, 4888, 1037870536, 4392, 1037913982, 4904, 1037914048, 4633, 1038308452, 4385, 1038307727, 4649, 1038308446, 4377, 1038307073, 4897, 1038311168, 4889, 1038310605, 4905, 1038310520, 4393, 1038307156, 4634, 1038783838, 4386, 1038776930, 4650, 1038739367, 4898, 1038776908, 4378, 1038783840, 4906, 1038739363, 4635, 1038345597, 4892, 1021123370, 4638, 1022012651, 4893, 1021941745, 4639, 1021127980, 4382, 1022014052, 4655, 1021134169, 4902, 1022027794, 4894, 1022010439, 4895, 1021125684, 4903, 1021106139, 4911, 1021131899, 4907, 1038342384, 4900, 1021021359, 4908, 1020947389, 4901, 1022047099, 4909, 1022127963, 4910, 1022002665, 4890, 1038783828, 4394, 1038739363, 4651, 1038344494, 4387, 1038347037, 4379, 1038346974, 4395, 1038345827, 4636, 1021121144, 4652, 1020945100, 4388, 1021017676, 4891, 1038343453, 4899, 1038343555, 4380, 1021119700, 4396, 1020943607, 4389, 1022043376, 4637, 1021939504, 4653, 1022125743, 4381, 1021938093, 4390, 1022031414, 4397, 1022124365, 4654, 1022004865, 4391, 1021109898, 4398, 1022006264, 4383, 1021129505, 4399, 1021135651]
[INFO] (lattice_cell.c: 455): on tick 18 of 50
[INFO] (lattice_cell.c: 172): the unmatched_packets is 56
[4384, 1037900547, 4632, 1037879592, 4376, 1037879576, 4648, 1037882712, 4896, 1037900567, 4888, 1037879608, 4904, 1037882718, 4392, 1037882710, 4633, 1038299686, 4649, 1038302264, 4385, 1038299643, 4377, 1038298296, 4897, 1038303195, 4889, 1038301863, 4905, 1038304419, 4393, 1038300894, 4386, 1038763292, 4650, 1038781125, 4378, 1038785759, 4898, 1038763324, 4651, 1038337532, 4379, 1038339771, 4387, 1038340065, 4388, 1021066480, 4396, 1021188604, 4389, 1022005483, 4390, 1022021678, 4399, 1021130341, 4383, 1021124712, 4909, 1021884640, 4655, 1021128347, 4639, 1021122672, 4902, 1022019530, 4910, 1022012108, 4911, 1021125671, 4903, 1021121411, 4394, 1038781113, 4906, 1038781153, 4891, 1038336153, 4907, 1038335367, 4892, 1021075704, 4901, 1022007542, 4894, 1022025044, 4908, 1021193309, 4899, 1038336469, 4395, 1038338915, 4380, 1021070899, 4900, 1021071330, 4634, 1038785767, 4381, 1022002151, 4397, 1021882787, 4635, 1038338354, 4391, 1021126130, 4398, 1022014155, 4382, 1022027227, 4652, 1021190605, 4890, 1038785765, 4636, 1021072990, 4653, 1021883277, 4637, 1022002802, 4654, 1022013575, 4638, 1022026575, 4893, 1022004317, 4895, 1021119952]
[INFO] (lattice_cell.c: 455): on tick 19 of 50
[INFO] (lattice_cell.c: 172): the unmatched_packets is 56
[4632, 1037885378, 4384, 1037880512, 4376, 1037885364, 4648, 1037869272, 4896, 1037880530, 4888, 1037885386, 4392, 1037869246, 4904, 1037869304, 4633, 1038307914, 4385, 1038308342, 4377, 1038306492, 4649, 1038309737, 4393, 1038308376, 4386, 1038773152, 4378, 1038768754, 4394, 1038785348, 4387, 1038346163, 4890, 1038768732, 4380, 1021062222, 4396, 1021096089, 4381, 1021998985, 4654, 1022023865, 4390, 1022008867, 4399, 1021117362, 4639, 1021121412, 4902, 1022005301, 4911, 1021113823, 4903, 1021129460, 4898, 1038773150, 4906, 1038785344, 4907, 1038341237, 4379, 1038347212, 4395, 1038344723, 4897, 1038311937, 4892, 1021065826, 4388, 1021118971, 4908, 1021099515, 4389, 1021938939, 4901, 1021942433, 4397, 1021967482, 4909, 1021971021, 4382, 1022021241, 4894, 1022017638, 4391, 1021133074, 4889, 1038310113, 4895, 1021119216, 4910, 1022021717, 4398, 1022025224, 4383, 1021122826, 4899, 1038342607, 4891, 1038343600, 4634, 1038768748, 4900, 1021122494, 4650, 1038785352, 4635, 1038345795, 4893, 1022002513, 4651, 1038343375, 4636, 1021063637, 4652, 1021097420, 4637, 1022000354, 4905, 1038311874, 4653, 1021968838, 4638, 1022019838, 4655, 1021115991]
[INFO] (lattice_cell.c: 455): on tick 20 of 50
[INFO] (lattice_cell.c: 172): the unmatched_packets is 56
[4632, 1037888725, 4648, 1037899387, 4384, 1037876283, 4376, 1037888707, 4896, 1037876329, 4888, 1037888731, 4904, 1037899433, 4392, 1037899356, 4385, 1038300443, 4377, 1038299213, 4393, 1038300278, 4386, 1038788710, 4378, 1038775483, 4394, 1038764672, 4387, 1038339755, 4899, 1038336223, 4637, 1021968592, 4908, 1021064444, 4654, 1022039978, 4391, 1021122105, 4398, 1022040607, 4638, 1022023093, 4893, 1021970159, 4655, 1021112812, 4911, 1021110040, 4889, 1038302734, 4379, 1038340150, 4633, 1038300577, 4388, 1021103074, 4380, 1021103188, 4396, 1021059479, 4389, 1021967197, 4381, 1021967916, 4890, 1038775514, 4906, 1038764680, 4390, 1022023549, 4397, 1022016703, 4382, 1022023793, 4907, 1038333084, 4399, 1021114893, 4900, 1021108005, 4649, 1038301584, 4395, 1038336579, 4892, 1021108213, 4897, 1038303914, 4905, 1038303673, 4901, 1021969444, 4650, 1038764682, 4909, 1022018839, 4898, 1038788732, 4634, 1038775497, 4894, 1022021494, 4651, 1038335221, 4902, 1022021316, 4895, 1021120169, 4910, 1022038463, 4635, 1038338753, 4891, 1038336576, 4903, 1021117198, 4652, 1021061627, 4636, 1021105368, 4653, 1022017343, 4639, 1021122976, 4383, 1021125117]
[INFO] (lattice_cell.c: 455): on tick 21 of 50
[INFO] (lattice_cell.c: 172): the unmatched_packets is 56
[4632, 1037875931, 4648, 1037883840, 4384, 1037876779, 4376, 1037875924, 4888, 1037875937, 4392, 1037883828, 4649, 1038309493, 4633, 1038308096, 4385, 1038307583, 4377, 1038306632, 4380, 1021097829, 4653, 1021974862, 4389, 1022003068, 4638, 1022016921, 4382, 1022018274, 4655, 1021155330, 4894, 1022014807, 4911, 1021153247, 4891, 1038342860, 4908, 1021094086, 4893, 1021966901, 4909, 1021976883, 4901, 1022006470, 4393, 1038308093, 4386, 1038777790, 4910, 1021980410, 4378, 1038778417, 4902, 1022009053, 4394, 1038769752, 4387, 1038348650, 4379, 1038346536, 4395, 1038345172, 4388, 1021058869, 4896, 1037876801, 4396, 1021090742, 4381, 1021963468, 4390, 1022012549, 4397, 1021973640, 4904, 1037883855, 4391, 1021120425, 4897, 1038311243, 4398, 1021983940, 4889, 1038310351, 4905, 1038311674, 4650, 1038769764, 4383, 1021125954, 4399, 1021156664, 4634, 1038778414, 4906, 1038769792, 4651, 1038343798, 4898, 1038777784, 4890, 1038778408, 4907, 1038341630, 4635, 1038345090, 4652, 1021092016, 4636, 1021099166, 4892, 1021101270, 4899, 1038345021, 4637, 1021964793, 4654, 1021982579, 4895, 1021122442, 4639, 1021124571, 4903, 1021116967, 4900, 1021062267]
[INFO] (lattice_cell.c: 455): on tick 22 of 50
[INFO] (lattice_cell.c: 172): the unmatched_packets is 56
[4632, 1037884395, 4384, 1037899554, 4376, 1037884372, 4648, 1037904332, 4896, 1037899617, 4392, 1037904298, 4888, 1037884422, 4904, 1037904378, 4633, 1038300587, 4385, 1038300856, 4377, 1038299240, 4649, 1038302940, 4897, 1038304284, 4393, 1038301634, 4889, 1038302712, 4905, 1038305004, 4634, 1038780494, 4386, 1038764206, 4378, 1038780496, 4650, 1038759170, 4394, 1038759170, 4898, 1038764214, 4651, 1038337165, 4379, 1038337678, 4387, 1038339592, 4637, 1021986575, 4900, 1021092257, 4908, 1021144766, 4654, 1022076725, 4639, 1021121788, 4655, 1021065060, 4910, 1022075240, 4895, 1021118918, 4911, 1021062214, 4899, 1038336042, 4907, 1038335039, 4892, 1021090326, 4902, 1022042434, 4395, 1038338529, 4380, 1021085230, 4388, 1021087128, 4906, 1038759158, 4396, 1021139736, 4890, 1038780494, 4389, 1021982989, 4381, 1021985781, 4397, 1021932488, 4390, 1022044731, 4382, 1022034746, 4635, 1038336284, 4398, 1022077318, 4391, 1021102266, 4383, 1021123962, 4399, 1021067142, 4636, 1021087426, 4652, 1021141887, 4653, 1021933204, 4903, 1021097305, 4638, 1022033978, 4891, 1038334133, 4893, 1021988268, 4901, 1021985402, 4909, 1021934798, 4894, 1022032310]
[INFO] (lattice_cell.c: 455): on tick 23 of 50
[INFO] (lattice_cell.c: 172): the unmatched_packets is 56
[4384, 1037864611, 4632, 1037876140, 4376, 1037876130, 4648, 1037844920, 4896, 1037864618, 4888, 1037876145, 4392, 1037844885, 4904, 1037844944, 4633, 1038307728, 4385, 1038307777, 4377, 1038306234, 4649, 1038308912, 4393, 1038307505, 4905, 1038311115, 4635, 1038345339, 4651, 1038342196, 4394, 1038810610, 4652, 1021074164, 4891, 1038343085, 4637, 1021996128, 4380, 1021068899, 4638, 1022000510, 4655, 1021231915, 4894, 1021998393, 4910, 1021908575, 4906, 1038810675, 4899, 1038342190, 4907, 1038340009, 4908, 1021076146, 4898, 1038789868, 4893, 1021998115, 4890, 1038778244, 4386, 1038789818, 4378, 1038778250, 4909, 1021996368, 4897, 1038311493, 4889, 1038310016, 4634, 1038778244, 4650, 1038810648, 4902, 1021959289, 4387, 1038345805, 4379, 1038346798, 4895, 1021137990, 4900, 1021091757, 4395, 1038343565, 4388, 1021088418, 4636, 1021070235, 4389, 1021973261, 4901, 1021976422, 4396, 1021072911, 4381, 1021994893, 4390, 1021962822, 4397, 1021993291, 4653, 1021994439, 4892, 1021072339, 4382, 1022001857, 4391, 1021178693, 4903, 1021175171, 4398, 1021912094, 4654, 1021910744, 4383, 1021141536, 4399, 1021233271, 4639, 1021140127, 4911, 1021229900]
[INFO] (lattice_cell.c: 455): on tick 24 of 50
[INFO] (lattice_cell.c: 172): the unmatched_packets is 56
[4384, 1037910214, 4632, 1037902142, 4376, 1037902118, 4648, 1037925881, 4896, 1037910268, 4888, 1037902172, 4392, 1037925857, 4904, 1037925912, 4633, 1038301410, 4385, 1038301566, 4649, 1038302993, 4377, 1038300068, 4897, 1038304972, 4889, 1038303515, 4393, 1038301706, 4905, 1038305044, 4386, 1038753578, 4378, 1038761721, 4634, 1038761723, 4387, 1038340715, 4379, 1038340057, 4651, 1038336850, 4388, 1021114958, 4380, 1021102385, 4899, 1038337159, 4396, 1021092861, 4381, 1021967287, 4654, 1022171973, 4893, 1021969982, 4639, 1021081062, 4894, 1022062485, 4395, 1038338193, 4394, 1038737376, 4903, 1021018921, 4911, 1020970710, 4389, 1021953507, 4906, 1038737316, 4397, 1021981320, 4390, 1022117449, 4382, 1022064922, 4398, 1022172680, 4391, 1021023863, 4383, 1021083168, 4399, 1020975644, 4891, 1038336448, 4907, 1038334760, 4900, 1021120061, 4892, 1021107565, 4908, 1021097963, 4901, 1021956217, 4650, 1038737357, 4909, 1021983900, 4898, 1038753540, 4902, 1022115153, 4895, 1021078221, 4910, 1022170394, 4635, 1038338635, 4890, 1038761712, 4636, 1021104611, 4652, 1021095047, 4637, 1021968183, 4653, 1021982168, 4638, 1022064152, 4655, 1020973557]
[INFO] (lattice_cell.c: 455): on tick 25 of 50
[INFO] (lattice_cell.c: 172): the unmatched_packets is 56
[4632, 1037851955, 4648, 1037870733, 4384, 1037843457, 4376, 1037851949, 4888, 1037851945, 4904, 1037870783, 4392, 1037870682, 4633, 1038307421, 4649, 1038309079, 4385, 1038307051, 4377, 1038305900, 4897, 1038310787, 4889, 1038309723, 4393, 1038307655, 4905, 1038311297, 4386, 1038811901, 4634, 1038803216, 4378, 1038803189, 4394, 1038783064, 4387, 1038346333, 4635, 1038343575, 4379, 1038345020, 4890, 1038803246, 4380, 1021079492, 4381, 1021985333, 4908, 1021096128, 4654, 1021887763, 4383, 1021213108, 4639, 1021211603, 4655, 1021246166, 4910, 1021885753, 4395, 1038345369, 4388, 1021060728, 4396, 1021092780, 4389, 1022003010, 4397, 1021973748, 4390, 1021879230, 4391, 1021259605, 4382, 1021935116, 4906, 1038783137, 4398, 1021888988, 4399, 1021247573, 4899, 1038342642, 4907, 1038341720, 4900, 1021064100, 4892, 1021082976, 4898, 1038811967, 4901, 1022005944, 4909, 1021976492, 4894, 1021931662, 4902, 1021875838, 4895, 1021209437, 4911, 1021244083, 4903, 1021256088, 4896, 1037843499, 4891, 1038341328, 4650, 1038783101, 4651, 1038343947, 4893, 1021988336, 4636, 1021080881, 4652, 1021094078, 4637, 1021986438, 4653, 1021974723, 4638, 1021933776]
[INFO] (lattice_cell.c: 455): on tick 26 of 50
[INFO] (lattice_cell.c: 172): the unmatched_packets is 56
[4632, 1037916859, 4384, 1037912612, 4648, 1037884196, 4376, 1037916847, 4896, 1037912628, 4888, 1037916883, 4392, 1037884188, 4904, 1037884195, 4633, 1038302724, 4649, 1038303125, 4385, 1038301961, 4377, 1038301372, 4897, 1038305358, 4889, 1038304834, 4905, 1038305155, 4393, 1038301855, 4634, 1038746913, 4650, 1038780345, 4386, 1038751236, 4378, 1038746941, 4898, 1038751205, 4890, 1038746884, 4906, 1038780335, 4394, 1038780351, 4899, 1038335177, 4387, 1038338672, 4652, 1021106885, 4380, 1021104005, 4381, 1021961885, 4639, 1020990692, 4902, 1022157302, 4398, 1022067464, 4903, 1020985744, 4900, 1021090877, 4908, 1021109737, 4892, 1021109085, 4901, 1021986001, 4893, 1021964890, 4379, 1038339486, 4894, 1022155730, 4910, 1022064878, 4895, 1020987851, 4395, 1038335647, 4388, 1021085837, 4396, 1021104786, 4389, 1021983039, 4390, 1022159988, 4397, 1021967300, 4382, 1022158352, 4391, 1020990578, 4383, 1020992754, 4399, 1021088772, 4911, 1021084153, 4635, 1038338067, 4651, 1038334326, 4636, 1021106179, 4891, 1038335903, 4907, 1038332241, 4653, 1021968273, 4637, 1021962939, 4654, 1022066626, 4638, 1022157488, 4909, 1021970116, 4655, 1021086837]
[INFO] (lattice_cell.c: 455): on tick 27 of 50
[INFO] (lattice_cell.c: 172): the unmatched_packets is 56
[4632, 1037852247, 4648, 1037893361, 4384, 1037880891, 4376, 1037852219, 4896, 1037880990, 4888, 1037852277, 4392, 1037893303, 4649, 1038309363, 4633, 1038306639, 4385, 1038306816, 4377, 1038305115, 4904, 1037893433, 4897, 1038310590, 4393, 1038307930, 4905, 1038311619, 4386, 1038772725, 4378, 1038802614, 4634, 1038802633, 4394, 1038760640, 4387, 1038348539, 4379, 1038347219, 4635, 1038345714, 4636, 1021073366, 4652, 1021104679, 4389, 1021967511, 4638, 1021876146, 4654, 1022045653, 4399, 1021087522, 4893, 1021998691, 4909, 1021967646, 4910, 1022043776, 4898, 1038772771, 4395, 1038345947, 4906, 1038760680, 4890, 1038802657, 4388, 1021099497, 4380, 1021071901, 4396, 1021103298, 4899, 1038344791, 4381, 1021995941, 4397, 1021965110, 4891, 1038343415, 4390, 1021942132, 4907, 1038342343, 4889, 1038308951, 4892, 1021075530, 4908, 1021106743, 4398, 1022046784, 4382, 1021877333, 4391, 1021185999, 4650, 1038760670, 4383, 1021261285, 4894, 1021874178, 4902, 1021939093, 4651, 1038344553, 4895, 1021257511, 4911, 1021083613, 4903, 1021182166, 4900, 1021103073, 4637, 1021996947, 4653, 1021965990, 4901, 1021970149, 4639, 1021259723, 4655, 1021085900]
[INFO] (lattice_cell.c: 455): on tick 28 of 50
[INFO] (lattice_cell.c: 172): the unmatched_packets is 56
[4632, 1037895766, 4384, 1037870023, 4648, 1037885133, 4376, 1037895766, 4896, 1037870028, 4888, 1037895758, 4392, 1037885116, 4904, 1037885165, 4385, 1038302189, 4377, 1038299159, 4393, 1038302605, 4386, 1038794987, 4378, 1038768749, 4650, 1038778808, 4394, 1038778826, 4898, 1038794985, 4651, 1038335414, 4380, 1021084079, 4652, 1021091689, 4637, 1021992053, 4382, 1022116554, 4638, 1022115496, 4639, 1021043243, 4655, 1021164231, 4910, 1021982511, 4911, 1021161667, 4903, 1021140680, 4905, 1038305882, 4889, 1038302638, 4387, 1038337765, 4379, 1038336760, 4890, 1038768729, 4906, 1038778781, 4395, 1038336776, 4388, 1021088226, 4396, 1021089663, 4899, 1038334241, 4891, 1038333212, 4907, 1038333310, 4389, 1021977052, 4897, 1038305568, 4381, 1021990891, 4908, 1021094492, 4390, 1022007093, 4397, 1021979013, 4893, 1021994102, 4633, 1038300530, 4901, 1021980259, 4391, 1021145095, 4649, 1038303857, 4909, 1021982075, 4398, 1021985255, 4894, 1022113496, 4383, 1021045175, 4634, 1038768739, 4902, 1022004138, 4895, 1021040518, 4399, 1021165999, 4635, 1038335361, 4892, 1021088975, 4900, 1021093069, 4636, 1021086146, 4653, 1021980097, 4654, 1021984339]
[INFO] (lattice_cell.c: 455): on tick 29 of 50
[INFO] (lattice_cell.c: 172): the unmatched_packets is 56
[4632, 1037890056, 4384, 1037885299, 4648, 1037878347, 4376, 1037890018, 4633, 1038307187, 4385, 1038309083, 4377, 1038305682, 4386, 1038769182, 4378, 1038763683, 4394, 1038776094, 4380, 1021106216, 4653, 1021985467, 4893, 1021965184, 4383, 1021123297, 4399, 1021126247, 4655, 1021124560, 4894, 1022009417, 4911, 1021122208, 4903, 1021066530, 4905, 1038310740, 4392, 1037878281, 4393, 1038307069, 4898, 1038769211, 4890, 1038763692, 4387, 1038347078, 4379, 1038347729, 4906, 1038776150, 4395, 1038345164, 4388, 1021081421, 4899, 1038343390, 4396, 1021086593, 4891, 1038343922, 4389, 1021978737, 4381, 1021962533, 4390, 1022064286, 4397, 1021984726, 4907, 1038341569, 4382, 1022012234, 4391, 1021070730, 4888, 1037890098, 4904, 1037878414, 4900, 1021085195, 4892, 1021110220, 4398, 1022011412, 4897, 1038312862, 4908, 1021090265, 4896, 1037885387, 4901, 1021981250, 4889, 1038309501, 4649, 1038308499, 4909, 1021987003, 4650, 1038776127, 4634, 1038763699, 4902, 1022061404, 4895, 1021119074, 4910, 1022008583, 4651, 1038343772, 4635, 1038346231, 4652, 1021088082, 4636, 1021107885, 4637, 1021963471, 4654, 1022010398, 4638, 1022011189, 4639, 1021121525]
[INFO] (lattice_cell.c: 455): on tick 30 of 50
[INFO] (lattice_cell.c: 172): the unmatched_packets is 56
[4632, 1037875871, 4384, 1037894327, 4648, 1037895498, 4376, 1037875865, 4888, 1037875879, 4377, 1038302027, 4385, 1038302690, 4897, 1038306150, 4634, 1038788767, 4378, 1038788770, 4379, 1038338363, 4636, 1021077228, 4637, 1021987172, 4653, 1021974715, 4638, 1021974551, 4654, 1022051479, 4901, 1021985139, 4639, 1021176277, 4903, 1021130402, 4911, 1021097463, 4889, 1038305606, 4905, 1038304309, 4898, 1038769409, 4392, 1037895480, 4890, 1038788756, 4906, 1038768473, 4386, 1038769427, 4394, 1038768465, 4387, 1038338807, 4907, 1038332294, 4892, 1021079829, 4904, 1037895512, 4900, 1021087752, 4395, 1038335742, 4896, 1037894370, 4393, 1038301001, 4388, 1021083223, 4633, 1038303445, 4649, 1038302274, 4893, 1021989258, 4380, 1021075384, 4650, 1038768464, 4396, 1021103818, 4894, 1021972466, 4389, 1021981823, 4909, 1021976765, 4381, 1021985986, 4902, 1022009608, 4895, 1021173789, 4390, 1022012732, 4635, 1038336917, 4651, 1038334391, 4899, 1038335230, 4397, 1021973530, 4891, 1038334731, 4910, 1022049481, 4382, 1021975736, 4391, 1021134632, 4652, 1021105678, 4398, 1022052534, 4383, 1021178014, 4399, 1021101612, 4908, 1021108372, 4655, 1021099934]
[INFO] (lattice_cell.c: 455): on tick 31 of 50
[INFO] (lattice_cell.c: 172): the unmatched_packets is 56
[4632, 1037864368, 4384, 1037871057, 4648, 1037887106, 4376, 1037864345, 4888, 1037864400, 4904, 1037887186, 4392, 1037887049, 4633, 1038304900, 4649, 1038308625, 4385, 1038305796, 4377, 1038303442, 4897, 1038309473, 4650, 1038766800, 4393, 1038307215, 4889, 1038307158, 4386, 1038783326, 4378, 1038790909, 4387, 1038347811, 4379, 1038346203, 4636, 1021117676, 4388, 1021099787, 4637, 1021963174, 4381, 1021962240, 4397, 1021960643, 4399, 1021122317, 4911, 1021117960, 4905, 1038310848, 4898, 1038783351, 4891, 1038342442, 4907, 1038342129, 4900, 1021104073, 4892, 1021120226, 4901, 1021974602, 4893, 1021964887, 4909, 1021962847, 4902, 1021983304, 4895, 1021083854, 4903, 1021140833, 4394, 1038766781, 4395, 1038345732, 4380, 1021115782, 4396, 1021110815, 4389, 1021972186, 4899, 1038344093, 4634, 1038790922, 4390, 1021985923, 4651, 1038344340, 4382, 1022054054, 4635, 1038344715, 4391, 1021145199, 4908, 1021114877, 4398, 1022011771, 4906, 1038766794, 4383, 1021088321, 4652, 1021112509, 4894, 1022051333, 4910, 1022009304, 4653, 1021961361, 4654, 1022010912, 4638, 1022053065, 4655, 1021120464, 4639, 1021086413, 4896, 1037871152, 4890, 1038790928]
[INFO] (lattice_cell.c: 455): on tick 32 of 50
[INFO] (lattice_cell.c: 172): the unmatched_packets is 56
[4384, 1037890802, 4632, 1037917488, 4376, 1037917472, 4648, 1037885650, 4896, 1037890828, 4888, 1037917495, 4392, 1037885622, 4904, 1037885693, 4385, 1038304859, 4377, 1038302319, 4633, 1038303783, 4649, 1038305040, 4634, 1038745837, 4386, 1038773609, 4394, 1038778561, 4653, 1021981731, 4654, 1021999629, 4638, 1022036249, 4399, 1021150615, 4901, 1022003935, 4893, 1022051528, 4655, 1021149110, 4393, 1038303726, 4894, 1022034044, 4902, 1022026868, 4910, 1021997517, 4911, 1021146822, 4903, 1021116543, 4889, 1038305989, 4905, 1038307113, 4378, 1038745841, 4898, 1038773643, 4890, 1038745835, 4899, 1038334243, 4900, 1021060408, 4895, 1021114966, 4387, 1038337810, 4379, 1038337725, 4897, 1038308415, 4395, 1038336550, 4388, 1021056386, 4380, 1021015370, 4396, 1021084255, 4389, 1022000585, 4381, 1022048140, 4390, 1022030359, 4397, 1021980532, 4650, 1038778559, 4382, 1022037553, 4906, 1038778551, 4391, 1021120508, 4398, 1022000839, 4383, 1021119102, 4651, 1038335181, 4635, 1038336280, 4652, 1021085896, 4636, 1021017029, 4892, 1021019468, 4637, 1022049384, 4639, 1021117430, 4909, 1021983793, 4891, 1038334075, 4907, 1038333050, 4908, 1021088334]
[INFO] (lattice_cell.c: 455): on tick 33 of 50
[INFO] (lattice_cell.c: 172): the unmatched_packets is 56
[4632, 1037851323, 4384, 1037866405, 4648, 1037872312, 4376, 1037851274, 4896, 1037866497, 4888, 1037851373, 4904, 1037872368, 4392, 1037872253, 4385, 1038306324, 4377, 1038306017, 4633, 1038307472, 4649, 1038306433, 4386, 1038788367, 4378, 1038803491, 4897, 1038309960, 4650, 1038782526, 4635, 1038345475, 4380, 1021204339, 4892, 1021209032, 4390, 1022046391, 4654, 1022025121, 4383, 1021130873, 4399, 1021112143, 4655, 1021110177, 4639, 1021128844, 4903, 1021082981, 4911, 1021107569, 4889, 1038309736, 4393, 1038305077, 4905, 1038308591, 4394, 1038782514, 4387, 1038346734, 4379, 1038346967, 4898, 1038788359, 4395, 1038344651, 4388, 1021151915, 4396, 1021112942, 4389, 1021919869, 4890, 1038803439, 4381, 1021862313, 4397, 1021967865, 4382, 1022006083, 4391, 1021087689, 4398, 1022025880, 4891, 1038343180, 4907, 1038341068, 4900, 1021156584, 4908, 1021117492, 4901, 1021922268, 4909, 1021970013, 4894, 1022003678, 4902, 1022043992, 4895, 1021126176, 4906, 1038782535, 4634, 1038803473, 4651, 1038343266, 4899, 1038343032, 4652, 1021114885, 4636, 1021206357, 4653, 1021968556, 4637, 1021863155, 4910, 1022023564, 4638, 1022005271, 4893, 1021864785]
[INFO] (lattice_cell.c: 455): on tick 34 of 50
[INFO] (lattice_cell.c: 172): the unmatched_packets is 56
[4384, 1037915934, 4632, 1037908392, 4376, 1037908376, 4648, 1037910632, 4896, 1037915985, 4888, 1037908397, 4904, 1037910675, 4392, 1037910594, 4633, 1038299753, 4649, 1038305340, 4385, 1038302316, 4377, 1038298322, 4897, 1038305903, 4393, 1038303988, 4650, 1038752768, 4394, 1038752747, 4635, 1038336989, 4906, 1038752772, 4380, 1020957558, 4389, 1022078991, 4637, 1022122640, 4892, 1020961642, 4638, 1021998273, 4398, 1022028698, 4654, 1022027393, 4399, 1021120171, 4901, 1022082463, 4639, 1021152833, 4655, 1021118746, 4911, 1021116534, 4898, 1038747313, 4890, 1038755802, 4386, 1038747288, 4378, 1038755752, 4379, 1038338454, 4387, 1038339289, 4899, 1038335664, 4891, 1038334770, 4395, 1038337138, 4396, 1021043025, 4388, 1020988356, 4900, 1020992207, 4889, 1038301935, 4397, 1022023145, 4908, 1021046746, 4381, 1022121271, 4905, 1038307458, 4390, 1021995040, 4634, 1038755772, 4909, 1022026476, 4382, 1021999721, 4894, 1021995914, 4391, 1021151232, 4902, 1021991412, 4895, 1021150545, 4910, 1022025181, 4651, 1038335770, 4383, 1021154371, 4903, 1021147490, 4907, 1038333647, 4636, 1020959204, 4652, 1021044474, 4653, 1022024378, 4893, 1022124862]
[INFO] (lattice_cell.c: 455): on tick 35 of 50
[INFO] (lattice_cell.c: 172): the unmatched_packets is 56
[4384, 1037843688, 4632, 1037859617, 4376, 1037859597, 4648, 1037862209, 4896, 1037843796, 4888, 1037859635, 4392, 1037862153, 4904, 1037862297, 4633, 1038309930, 4385, 1038310005, 4649, 1038309111, 4377, 1038308402, 4897, 1038313668, 4905, 1038311253, 4386, 1038811536, 4650, 1038792404, 4378, 1038795204, 4635, 1038344115, 4379, 1038345590, 4387, 1038345863, 4651, 1038342699, 4388, 1021211945, 4636, 1021199608, 4890, 1038795187, 4389, 1021843592, 4381, 1021860861, 4391, 1021120563, 4383, 1021099223, 4638, 1022042023, 4654, 1022027904, 4393, 1038307754, 4909, 1021875945, 4894, 1022040491, 4911, 1021105336, 4903, 1021115746, 4395, 1038344080, 4380, 1021197575, 4396, 1021195767, 4898, 1038811493, 4382, 1022042773, 4906, 1038792384, 4398, 1022028559, 4399, 1021110110, 4899, 1038342186, 4889, 1038312235, 4891, 1038341841, 4907, 1038340518, 4634, 1038795204, 4892, 1021202329, 4900, 1021216676, 4394, 1038792398, 4908, 1021200558, 4893, 1021863027, 4901, 1021845771, 4902, 1022013311, 4895, 1021094227, 4910, 1022026444, 4652, 1021197819, 4397, 1021873880, 4390, 1022015558, 4637, 1021861545, 4653, 1021874511, 4639, 1021097066, 4655, 1021108053]
[INFO] (lattice_cell.c: 455): on tick 36 of 50
[INFO] (lattice_cell.c: 172): the unmatched_packets is 56
[4384, 1037907129, 4632, 1037888619, 4376, 1037888573, 4648, 1037916877, 4896, 1037907206, 4392, 1037916833, 4888, 1037888667, 4904, 1037916931, 4385, 1038300128, 4633, 1038301155, 4377, 1038299756, 4649, 1038301204, 4897, 1038303624, 4393, 1038299877, 4889, 1038303333, 4905, 1038303308, 4386, 1038757092, 4378, 1038775999, 4650, 1038746607, 4898, 1038757157, 4394, 1038746589, 4635, 1038337302, 4387, 1038339180, 4379, 1038338788, 4395, 1038335891, 4653, 1022104171, 4639, 1021108101, 4911, 1021155328, 4899, 1038335526, 4891, 1038335055, 4907, 1038332349, 4892, 1021047639, 4388, 1020964106, 4380, 1021043799, 4908, 1020982697, 4396, 1020979024, 4901, 1022117671, 4893, 1022034690, 4389, 1022113925, 4634, 1038775998, 4381, 1022030688, 4909, 1022106277, 4906, 1038746620, 4894, 1022038070, 4397, 1022102856, 4902, 1022020901, 4390, 1022024770, 4399, 1021158799, 4382, 1022041964, 4895, 1021105870, 4910, 1021992195, 4903, 1021117688, 4391, 1021121249, 4398, 1021995866, 4383, 1021109551, 4651, 1038334506, 4900, 1020967962, 4890, 1038775984, 4652, 1020980461, 4636, 1021045336, 4637, 1022032266, 4654, 1021994471, 4638, 1022040448, 4655, 1021157453]
[INFO] (lattice_cell.c: 455): on tick 37 of 50
[INFO] (lattice_cell.c: 172): the unmatched_packets is 56
[4632, 1037895757, 4384, 1037881181, 4648, 1037852556, 4376, 1037895743, 4896, 1037881221, 4392, 1037852507, 4904, 1037852622, 4888, 1037895772, 4633, 1038307485, 4385, 1038309375, 4649, 1038311622, 4377, 1038305970, 4889, 1038309774, 4393, 1038310240, 4634, 1038757758, 4635, 1038344584, 4651, 1038341856, 4386, 1038772601, 4396, 1021216709, 4639, 1021143692, 4383, 1021145906, 4655, 1021111810, 4895, 1021140799, 4890, 1038757742, 4906, 1038802513, 4899, 1038343930, 4900, 1021159498, 4892, 1021064351, 4908, 1021221423, 4901, 1021906803, 4893, 1022011082, 4909, 1021844774, 4894, 1021994085, 4378, 1038757764, 4394, 1038802532, 4911, 1021109085, 4387, 1038347586, 4379, 1038346087, 4898, 1038772593, 4395, 1038343234, 4388, 1021154611, 4380, 1021059197, 4389, 1021904904, 4897, 1038313133, 4905, 1038313796, 4381, 1022009121, 4390, 1022019100, 4650, 1038802527, 4397, 1021842940, 4382, 1021996283, 4391, 1021110614, 4398, 1022027329, 4399, 1021113878, 4636, 1021061423, 4652, 1021218716, 4902, 1022016978, 4891, 1038342303, 4907, 1038339675, 4910, 1022025320, 4903, 1021105579, 4637, 1022009705, 4653, 1021843448, 4638, 1021995584, 4654, 1022026746]
[INFO] (lattice_cell.c: 455): on tick 38 of 50
[INFO] (lattice_cell.c: 172): the unmatched_packets is 56
[4632, 1037873402, 4384, 1037873238, 4376, 1037873365, 4648, 1037899025, 4896, 1037873375, 4888, 1037873432, 4904, 1037899110, 4392, 1037898959, 4385, 1038302351, 4633, 1038301466, 4377, 1038300009, 4649, 1038302075, 4897, 1038305873, 4905, 1038304146, 4393, 1038300792, 4386, 1038791514, 4650, 1038765308, 4378, 1038791274, 4394, 1038765294, 4651, 1038337066, 4387, 1038339587, 4379, 1038336998, 4381, 1021932074, 4391, 1021120920, 4654, 1022031328, 4639, 1021138828, 4911, 1021107464, 4898, 1038791506, 4890, 1038791297, 4395, 1038338439, 4388, 1021106049, 4380, 1021139618, 4889, 1038303677, 4899, 1038335936, 4891, 1038333260, 4396, 1021009261, 4907, 1038334907, 4389, 1021961674, 4900, 1021109614, 4892, 1021143232, 4908, 1021012940, 4634, 1038791286, 4901, 1021965630, 4390, 1022021360, 4397, 1022071058, 4893, 1021935957, 4382, 1022016111, 4635, 1038335507, 4909, 1022074768, 4398, 1022032786, 4902, 1022017479, 4383, 1021140225, 4894, 1022012141, 4906, 1038765285, 4636, 1021141067, 4652, 1021010718, 4910, 1022029023, 4399, 1021110930, 4903, 1021117406, 4637, 1021933588, 4653, 1022072506, 4638, 1022014550, 4895, 1021136680, 4655, 1021109574]
[INFO] (lattice_cell.c: 455): on tick 39 of 50
[INFO] (lattice_cell.c: 172): the unmatched_packets is 56
[4632, 1037871876, 4384, 1037888339, 4376, 1037871846, 4648, 1037902157, 4896, 1037888407, 4888, 1037871909, 4904, 1037902203, 4392, 1037902119, 4385, 1038308666, 4649, 1038309675, 4377, 1038307626, 4634, 1038783163, 4386, 1038765962, 4378, 1038783170, 4635, 1038343113, 4394, 1038751023, 4379, 1038344609, 4652, 1021108591, 4389, 1022030941, 4891, 1038340850, 4653, 1021962319, 4390, 1022010204, 4638, 1022039052, 4892, 1021082441, 4908, 1021111433, 4399, 1021127452, 4639, 1021104255, 4655, 1021125364, 4894, 1022037513, 4910, 1022020225, 4911, 1021122585, 4903, 1021126859, 4897, 1038312330, 4889, 1038311391, 4905, 1038311846, 4890, 1038783141, 4906, 1038751064, 4899, 1038341200, 4900, 1021037173, 4901, 1022032876, 4893, 1021988705, 4909, 1021963556, 4902, 1022008005, 4393, 1038308292, 4895, 1021101346, 4387, 1038344902, 4395, 1038341544, 4388, 1021032036, 4380, 1021077302, 4396, 1021106498, 4898, 1038765954, 4633, 1038309129, 4381, 1021986556, 4397, 1021961934, 4382, 1022039737, 4650, 1038751046, 4391, 1021131825, 4907, 1038337986, 4398, 1022022280, 4383, 1021106479, 4651, 1038340157, 4636, 1021079516, 4637, 1021987213, 4654, 1022021684]
[INFO] (lattice_cell.c: 455): on tick 40 of 50
[INFO] (lattice_cell.c: 172): the unmatched_packets is 56
[4632, 1037896181, 4384, 1037885097, 4376, 1037896133, 4648, 1037868713, 4896, 1037885198, 4888, 1037896221, 4392, 1037868641, 4649, 1038302723, 4385, 1038301299, 4633, 1038300716, 4377, 1038299260, 4378, 1038767913, 4634, 1038767915, 4905, 1038304850, 4387, 1038341720, 4636, 1021062859, 4891, 1038336542, 4892, 1021065110, 4390, 1022007223, 4382, 1022027266, 4654, 1021991936, 4638, 1022025693, 4655, 1021145662, 4910, 1021989752, 4911, 1021143564, 4903, 1021122764, 4898, 1038779059, 4899, 1038338036, 4900, 1021110628, 4893, 1022018321, 4908, 1021154461, 4901, 1021968884, 4394, 1038795908, 4379, 1038340316, 4894, 1022023329, 4393, 1038301404, 4909, 1021928175, 4902, 1022003416, 4395, 1038338584, 4895, 1021114562, 4388, 1021107034, 4380, 1021061343, 4396, 1021151021, 4389, 1021965150, 4381, 1022014419, 4904, 1037868807, 4397, 1021924506, 4897, 1038304902, 4386, 1038779054, 4398, 1021993298, 4889, 1038302943, 4391, 1021126309, 4383, 1021118207, 4399, 1021147010, 4650, 1038795892, 4907, 1038335040, 4651, 1038337209, 4635, 1038338817, 4906, 1038795852, 4652, 1021152370, 4653, 1021925930, 4637, 1022015973, 4639, 1021116749, 4890, 1038767901]
[INFO] (lattice_cell.c: 455): on tick 41 of 50
[INFO] (lattice_cell.c: 172): the unmatched_packets is 56
[4632, 1037884958, 4384, 1037878220, 4376, 1037884939, 4648, 1037891851, 4896, 1037878300, 4888, 1037884968, 4904, 1037891939, 4392, 1037891778, 4385, 1038309846, 4633, 1038308766, 4377, 1038307253, 4649, 1038310492, 4889, 1038311033, 4651, 1038342164, 4379, 1038342797, 4388, 1021112612, 4891, 1038339049, 4636, 1021108137, 4637, 1021958986, 4654, 1022057660, 4638, 1022015495, 4893, 1021960437, 4909, 1022002792, 4655, 1021081254, 4639, 1021134874, 4393, 1038309149, 4911, 1021078507, 4903, 1021091967, 4394, 1038762719, 4378, 1038768806, 4387, 1038343916, 4386, 1038776134, 4898, 1038776154, 4890, 1038768821, 4395, 1038343538, 4380, 1021105934, 4396, 1021065195, 4381, 1021958379, 4389, 1021947076, 4892, 1021111074, 4900, 1021117567, 4397, 1022000950, 4390, 1022046610, 4908, 1021070125, 4382, 1022016254, 4391, 1021096969, 4398, 1022058343, 4383, 1021137091, 4901, 1021949133, 4399, 1021083313, 4894, 1022013868, 4895, 1021131965, 4910, 1022056042, 4897, 1038313485, 4905, 1038312604, 4906, 1038762761, 4650, 1038762757, 4634, 1038768818, 4899, 1038340280, 4635, 1038341300, 4652, 1021067271, 4907, 1038340011, 4653, 1022001461, 4902, 1022044218]
[INFO] (lattice_cell.c: 455): on tick 42 of 50
[INFO] (lattice_cell.c: 172): the unmatched_packets is 56
[4632, 1037870604, 4384, 1037878105, 4648, 1037876108, 4376, 1037870555, 4896, 1037878234, 4888, 1037870655, 4904, 1037876175, 4392, 1037876067, 4633, 1038301639, 4385, 1038301308, 4649, 1038301873, 4377, 1038300170, 4897, 1038304920, 4889, 1038303902, 4905, 1038304028, 4634, 1038794385, 4386, 1038786569, 4635, 1038338836, 4638, 1022001319, 4655, 1021199014, 4639, 1021138651, 4399, 1021200345, 4895, 1021136482, 4911, 1021196950, 4903, 1021149849, 4890, 1038794346, 4891, 1038336521, 4900, 1021064906, 4892, 1021107105, 4902, 1021985615, 4898, 1038786493, 4907, 1038331270, 4393, 1038300537, 4378, 1038794408, 4910, 1021953071, 4394, 1038788343, 4650, 1038788327, 4387, 1038339645, 4379, 1038340357, 4395, 1038334861, 4651, 1038333459, 4388, 1021061181, 4380, 1021103412, 4906, 1038788300, 4389, 1022010858, 4396, 1021067379, 4652, 1021068832, 4636, 1021104910, 4899, 1038335902, 4381, 1021968675, 4390, 1021989161, 4397, 1022012153, 4653, 1022013490, 4637, 1021970196, 4382, 1022002760, 4391, 1021153402, 4398, 1021956496, 4654, 1021955180, 4901, 1022014603, 4383, 1021140093, 4908, 1021071028, 4909, 1022015585, 4893, 1021972519, 4894, 1021999101]
[INFO] (lattice_cell.c: 455): on tick 43 of 50
[INFO] (lattice_cell.c: 172): the unmatched_packets is 56
[4632, 1037887868, 4384, 1037905001, 4376, 1037887829, 4648, 1037912857, 4896, 1037905105, 4888, 1037887905, 4392, 1037912777, 4904, 1037912956, 4633, 1038308728, 4649, 1038310979, 4897, 1038312639, 4377, 1038307234, 4385, 1038309023, 4635, 1038343363, 4390, 1022063401, 4397, 1021925791, 4382, 1022058322, 4900, 1021095130, 4908, 1021144584, 4639, 1021085027, 4895, 1021082142, 4910, 1022125189, 4911, 1020999552, 4903, 1021058810, 4898, 1038748524, 4890, 1038766657, 4891, 1038341136, 4907, 1038342225, 4393, 1038309634, 4378, 1038766620, 4386, 1038748467, 4889, 1038310958, 4905, 1038313096, 4893, 1021995869, 4901, 1021974383, 4394, 1038740356, 4894, 1022055559, 4906, 1038740401, 4387, 1038348335, 4650, 1038740383, 4379, 1038344851, 4634, 1038766641, 4899, 1038344698, 4395, 1038345705, 4388, 1021090118, 4651, 1038344360, 4380, 1021071967, 4892, 1021077068, 4389, 1021972288, 4396, 1021139805, 4381, 1021993550, 4652, 1021141797, 4636, 1021074132, 4391, 1021063778, 4653, 1021926307, 4637, 1021994275, 4398, 1022127610, 4909, 1021927709, 4383, 1021087222, 4399, 1021004510, 4654, 1022126857, 4902, 1022060759, 4638, 1022057378, 4655, 1021002391]
[INFO] (lattice_cell.c: 455): on tick 44 of 50
[INFO] (lattice_cell.c: 172): the unmatched_packets is 56
[4632, 1037876686, 4384, 1037851273, 4648, 1037855881, 4376, 1037876655, 4896, 1037851343, 4888, 1037876723, 4904, 1037855957, 4392, 1037855829, 4633, 1038299257, 4385, 1038301512, 4649, 1038302428, 4377, 1038297762, 4897, 1038305188, 4889, 1038301552, 4393, 1038301097, 4898, 1038813898, 4651, 1038334420, 4378, 1038787753, 4652, 1021092152, 4636, 1021077430, 4892, 1021079735, 4637, 1022007737, 4638, 1021976022, 4902, 1021916057, 4655, 1021256584, 4903, 1021228096, 4911, 1021254647, 4899, 1038333170, 4891, 1038332493, 4900, 1021099057, 4909, 1021988892, 4895, 1021178600, 4905, 1038304569, 4386, 1038813930, 4394, 1038809088, 4387, 1038336936, 4379, 1038336356, 4890, 1038787699, 4388, 1021095317, 4395, 1038335849, 4380, 1021075803, 4634, 1038787727, 4650, 1038809064, 4907, 1038332195, 4389, 1021975751, 4396, 1021090662, 4381, 1022006314, 4390, 1021919442, 4397, 1021985505, 4382, 1021977354, 4635, 1038334824, 4906, 1038809018, 4391, 1021231608, 4893, 1022009913, 4398, 1021893059, 4383, 1021182341, 4399, 1021257850, 4653, 1021986817, 4901, 1021979285, 4654, 1021891895, 4639, 1021180814, 4908, 1021094331, 4894, 1021973923, 4910, 1021889907]
[INFO] (lattice_cell.c: 455): on tick 45 of 50
[INFO] (lattice_cell.c: 172): the unmatched_packets is 56
[4632, 1037906468, 4384, 1037905477, 4376, 1037906425, 4896, 1037905656, 4648, 1037904262, 4904, 1037904380, 4649, 1038310296, 4906, 1038750061, 4390, 1022153692, 4638, 1022100286, 4654, 1022120603, 4655, 1021020043, 4909, 1021993051, 4895, 1021028592, 4910, 1022118737, 4392, 1037904172, 4898, 1038748567, 4899, 1038343197, 4891, 1038343618, 4908, 1021081402, 4901, 1021964980, 4893, 1021947339, 4385, 1038311539, 4377, 1038307519, 4894, 1022098397, 4888, 1037906535, 4393, 1038308964, 4633, 1038309011, 4897, 1038315130, 4386, 1038748560, 4911, 1021017109, 4378, 1038746930, 4903, 1020974688, 4889, 1038311242, 4394, 1038750039, 4387, 1038346767, 4379, 1038347320, 4634, 1038746954, 4650, 1038750073, 4905, 1038312384, 4388, 1021091869, 4395, 1038343174, 4635, 1038345837, 4380, 1021119908, 4651, 1038341873, 4389, 1021962556, 4396, 1021076619, 4890, 1038746964, 4381, 1021944856, 4636, 1021121985, 4652, 1021078600, 4397, 1021990920, 4391, 1020979759, 4382, 1022101281, 4637, 1021945667, 4653, 1021991548, 4398, 1022121570, 4383, 1021033675, 4892, 1021124842, 4399, 1021022218, 4902, 1022150832, 4639, 1021031486, 4907, 1038339803, 4900, 1021096681]
[INFO] (lattice_cell.c: 455): on tick 46 of 50
[INFO] (lattice_cell.c: 172): the unmatched_packets is 56
[4384, 1037870989, 4632, 1037846781, 4376, 1037846767, 4648, 1037890361, 4896, 1037871065, 4888, 1037846798, 4904, 1037890433, 4392, 1037890301, 4385, 1038301536, 4394, 1038773251, 4906, 1038773203, 4379, 1038337498, 4653, 1021970462, 4396, 1021115049, 4381, 1021988455, 4638, 1021897367, 4655, 1021170377, 4639, 1021253277, 4399, 1021171657, 4902, 1021902183, 4895, 1021251105, 4910, 1021969648, 4911, 1021168413, 4903, 1021230843, 4889, 1038304128, 4905, 1038303113, 4898, 1038793287, 4890, 1038818709, 4899, 1038336134, 4891, 1038333572, 4907, 1038333762, 4900, 1021071358, 4892, 1021086202, 4377, 1038300306, 4901, 1022006920, 4893, 1021991836, 4909, 1021972339, 4894, 1021895365, 4649, 1038300953, 4897, 1038305193, 4393, 1038299604, 4650, 1038773241, 4386, 1038793324, 4634, 1038818737, 4378, 1038818757, 4387, 1038340016, 4651, 1038336053, 4635, 1038335937, 4388, 1021067347, 4395, 1038337533, 4652, 1021116644, 4380, 1021082226, 4636, 1021083892, 4389, 1022003648, 4637, 1021989763, 4390, 1021905254, 4397, 1021969344, 4382, 1021898592, 4654, 1021971431, 4391, 1021234232, 4908, 1021118958, 4398, 1021972395, 4383, 1021254759, 4633, 1038301816]
[INFO] (lattice_cell.c: 455): on tick 47 of 50
[INFO] (lattice_cell.c: 172): the unmatched_packets is 56
[4384, 1037888770, 4632, 1037903328, 4376, 1037903261, 4648, 1037865618, 4896, 1037888923, 4888, 1037903410, 4392, 1037865527, 4904, 1037865724, 4385, 1038308496, 4633, 1038306976, 4377, 1038305524, 4649, 1038309953, 4897, 1038312076, 4393, 1038308631, 4889, 1038309171, 4905, 1038312036, 4378, 1038750981, 4634, 1038750979, 4386, 1038765480, 4650, 1038789514, 4898, 1038765507, 4394, 1038789481, 4387, 1038345103, 4379, 1038344319, 4395, 1038342542, 4653, 1021967694, 4638, 1022149241, 4382, 1022150433, 4639, 1020995911, 4655, 1021140844, 4398, 1022001521, 4894, 1022147174, 4902, 1022067610, 4910, 1021998373, 4895, 1020992960, 4911, 1021138085, 4903, 1021063947, 4890, 1038750959, 4891, 1038340677, 4900, 1021092943, 4908, 1021104999, 4909, 1021969354, 4380, 1021079072, 4388, 1021088248, 4906, 1038789516, 4396, 1021100548, 4381, 1021994679, 4389, 1021976577, 4397, 1021966942, 4899, 1038341626, 4390, 1022070883, 4391, 1021069014, 4383, 1020998100, 4651, 1038341264, 4399, 1021142882, 4635, 1038342869, 4636, 1021081150, 4901, 1021979260, 4652, 1021102362, 4907, 1038339215, 4637, 1021995708, 4893, 1021997615, 4892, 1021083982, 4654, 1022000414]
[INFO] (lattice_cell.c: 455): on tick 48 of 50
[INFO] (lattice_cell.c: 172): the unmatched_packets is 56
[4384, 1037890175, 4632, 1037882761, 4376, 1037882732, 4648, 1037899669, 4896, 1037890274, 4888, 1037882786, 4904, 1037899746, 4392, 1037899615, 4634, 1038781090, 4385, 1038304127, 4386, 1038773814, 4890, 1038781083, 4636, 1021089484, 4380, 1021087760, 4389, 1021951668, 4396, 1021089296, 4637, 1021984641, 4397, 1021985637, 4654, 1022078082, 4655, 1021066548, 4895, 1021194527, 4897, 1038307880, 4905, 1038305871, 4377, 1038300622, 4906, 1038764275, 4393, 1038302337, 4378, 1038781096, 4907, 1038333476, 4394, 1038764347, 4387, 1038340112, 4891, 1038335385, 4379, 1038339415, 4889, 1038304521, 4388, 1021111166, 4395, 1038337201, 4900, 1021115210, 4649, 1038303695, 4633, 1038302172, 4898, 1038773764, 4909, 1021988381, 4893, 1021986436, 4381, 1021983596, 4901, 1021954515, 4650, 1038764327, 4390, 1022022067, 4894, 1021944573, 4910, 1022076383, 4899, 1038336179, 4902, 1022019368, 4651, 1038335745, 4635, 1038337802, 4911, 1021064411, 4908, 1021093380, 4382, 1021947463, 4391, 1021115834, 4398, 1022078982, 4652, 1021091000, 4383, 1021198247, 4399, 1021068003, 4653, 1021986636, 4892, 1021091896, 4903, 1021112186, 4638, 1021946429, 4639, 1021196704]
[INFO] (lattice_cell.c: 455): on tick 49 of 50
[INFO] (lattice_cell.c: 172): the unmatched_packets is 56
[4632, 1037875963, 4384, 1037862438, 4648, 1037893985, 4376, 1037875915, 4888, 1037876010, 4904, 1037894125, 4392, 1037893873, 4633, 1038309396, 4649, 1038308051, 4385, 1038308184, 4377, 1038307952, 4897, 1038311650, 4889, 1038311572, 4905, 1038310088, 4393, 1038306757, 4896, 1037862610, 4386, 1038792688, 4634, 1038778635, 4378, 1038778624, 4650, 1038759816, 4898, 1038792676, 4890, 1038778626, 4906, 1038759787, 4635, 1038342475, 4651, 1038341955, 4387, 1038345521, 4379, 1038343895, 4891, 1038340316, 4395, 1038343263, 4908, 1021098975, 4396, 1021094486, 4381, 1021977725, 4893, 1021981043, 4655, 1021147645, 4639, 1021122761, 4383, 1021124860, 4910, 1021988505, 4895, 1021119914, 4903, 1021160522, 4907, 1038339873, 4901, 1021992528, 4902, 1021968672, 4911, 1021144960, 4394, 1038759798, 4899, 1038342007, 4652, 1021096305, 4636, 1021086184, 4900, 1021080155, 4388, 1021075568, 4380, 1021084197, 4389, 1021989367, 4894, 1022020166, 4653, 1021981522, 4637, 1021978944, 4397, 1021980588, 4892, 1021088968, 4390, 1021972175, 4382, 1022023748, 4654, 1021990580, 4638, 1022022392, 4391, 1021165162, 4398, 1021991744, 4909, 1021983340, 4399, 1021149524]
[INFO] (lattice_cell.c: 455): on tick 50 of 50
[INFO] (lattice_cell.c: 466): updating recording regions
[INFO] (recording.c: 507): 	Finalising channel 0 - state info stored in SDRAM
[INFO] (recording.c: 512): closed channel 0.
[INFO] (lattice_cell.c: 470): Simulation complete.

