[INFO] (lattice_cell.c: 604): starting lattice cell
[INFO] (lattice_cell.c: 526): Initialise: started
[INFO] (data_specification.c: 78): magic = ad130ad6, version = 1.0
[INFO] (lattice_cell.c: 555): my key is 5304
[INFO] (lattice_cell.c: 562): I'm in position ( 20, 23)
[INFO] (lattice_cell.c: 568): my n key is 5048
[INFO] (lattice_cell.c: 574): my U_X = 0.007340715266764164
[INFO] (lattice_cell.c: 575): my U_Y = -0.00035355339059606194
[INFO] (lattice_cell.c: 583): input_buffer initialised
[INFO] (recording.c: 563): Recording 1 regions, using output tag 0, size before trigger 7686388, time between triggers 50
[INFO] (recording.c: 665): Recording channel 0 configured to use 7686132 byte memory block starting at 0x63593738
[INFO] (lattice_cell.c: 588): Recording flags = 0x00000001
[INFO] (lattice_cell.c: 619): setting timer to execute every 200000 microseconds
[INFO] (lattice_cell.c: 627): Starting

[INFO] (simulation.c: 159): Setting the runtime of this model to 50 starting at 0
[INFO] (simulation.c: 161): Setting the flag of infinite run for this model to 0
[INFO] (simulation.c: 175): Resuming
[INFO] (lattice_cell.c: 455): on tick 0 of 50
[5568, 1038323253, 5312, 1038323249, 5056, 1038323253, 5560, 1038656489, 5552, 1038758228, 5048, 1038656485, 5040, 1038758220, 5296, 1038758222, 5569, 1038310835, 5313, 1038307449, 5057, 1038304677, 5561, 1038308427, 5297, 1038303382, 5553, 1038306770, 5049, 1038302263, 5041, 1038300604, 5314, 1038323249, 5058, 1038323253, 5570, 1038323253, 5050, 1037999649, 5554, 1037904562, 5059, 1038341877, 5555, 1038331626, 5051, 1038339463, 5060, 1021527461, 5319, 1021561869, 5052, 1021859874, 5061, 1021527461, 5572, 1021533619, 5053, 1021204675, 5302, 1021142270, 5559, 1021994161, 5303, 1021997746, 5564, 1021866310, 5575, 1021558475, 5300, 1021964300, 5047, 1022000692, 5565, 1021210567, 5063, 1021564661, 5055, 1021898711, 5046, 1021144897, 5045, 1021109826, 5042, 1037904554, 5043, 1038337802, 5044, 1021961365, 5298, 1037904558, 5315, 1038339085, 5316, 1021530233, 5299, 1038335016, 5317, 1021530233, 5562, 1037999653, 5318, 1021561869, 5571, 1038335691, 5556, 1021967884, 5062, 1021564661, 5563, 1038333283, 5557, 1021115639, 5054, 1021240238, 5558, 1021139074, 5573, 1021533619, 5301, 1021112444, 5574, 1021558475, 5566, 1021234328, 5567, 1021892259]
[INFO] (lattice_cell.c: 455): on tick 1 of 50
[INFO] (lattice_cell.c: 172): the unmatched_packets is 56
[5568, 1038322873, 5312, 1038322777, 5056, 1038322709, 5552, 1038726139, 5560, 1038575901, 5048, 1038575795, 5040, 1038726115, 5569, 1038313363, 5316, 1021200816, 5059, 1038344008, 5555, 1038337849, 5572, 1021204737, 5302, 1021073244, 5558, 1021070387, 5303, 1022063478, 5559, 1022059493, 5061, 1021847829, 5062, 1021234279, 5058, 1038323773, 5046, 1021075375, 5063, 1021885799, 5574, 1021229402, 5050, 1038072865, 5051, 1038341917, 5060, 1021197376, 5564, 1021688572, 5057, 1038307287, 5049, 1038309163, 5298, 1037926621, 5299, 1038341182, 5052, 1021681114, 5567, 1022140834, 5042, 1037926639, 5053, 1021369231, 5055, 1022148365, 5043, 1038343912, 5047, 1022066966, 5044, 1021914721, 5296, 1038726123, 5313, 1038310021, 5561, 1038315222, 5314, 1038323681, 5553, 1038315057, 5297, 1038311735, 5315, 1038341251, 5554, 1037926601, 5562, 1038072743, 5571, 1038337899, 5041, 1038309013, 5570, 1038323583, 5317, 1021850028, 5318, 1021232200, 5319, 1021882317, 5563, 1038335833, 5045, 1021144934, 5573, 1021852970, 5556, 1021922170, 5557, 1021149961, 5300, 1021918197, 5575, 1021878330, 5565, 1021374273, 5054, 1020993024, 5566, 1020988142, 5301, 1021147084]
[INFO] (lattice_cell.c: 455): on tick 2 of 50
[INFO] (lattice_cell.c: 172): the unmatched_packets is 56
[5568, 1038324606, 5312, 1038324558, 5552, 1038804087, 5056, 1038324510, 5560, 1038648209, 5048, 1038648175, 5040, 1038804105, 5296, 1038804097, 5313, 1038304377, 5553, 1038307599, 5057, 1038301555, 5569, 1038307806, 5315, 1038336405, 5298, 1037859982, 5555, 1038333053, 5059, 1038339217, 5051, 1038336000, 5042, 1037859970, 5053, 1021345008, 5054, 1021325968, 5043, 1038339281, 5302, 1021272855, 5558, 1021269694, 5060, 1021377541, 5559, 1021855114, 5047, 1021861396, 5061, 1021685364, 5055, 1021815298, 5049, 1038303705, 5563, 1038329771, 5574, 1021408857, 5050, 1038006894, 5299, 1038336473, 5052, 1021723576, 5041, 1038301359, 5564, 1021729890, 5300, 1021974916, 5565, 1021350558, 5566, 1021319964, 5046, 1021275437, 5044, 1021972064, 5297, 1038304169, 5314, 1038324902, 5554, 1037860002, 5316, 1021380343, 5561, 1038309939, 5317, 1021687930, 5318, 1021412300, 5045, 1021103381, 5571, 1038332971, 5319, 1021717611, 5570, 1038324876, 5572, 1021383745, 5556, 1021978392, 5062, 1021415129, 5063, 1021720283, 5573, 1021691058, 5058, 1038324918, 5575, 1021714384, 5301, 1021105867, 5557, 1021108937, 5303, 1021858566, 5562, 1038006894, 5567, 1021809171]
[INFO] (lattice_cell.c: 455): on tick 3 of 50
[INFO] (lattice_cell.c: 172): the unmatched_packets is 56
[5568, 1038323001, 5312, 1038322895, 5560, 1038628082, 5552, 1038716500, 5296, 1038716468, 5056, 1038322799, 5048, 1038627923, 5040, 1038716440, 5569, 1038313542, 5313, 1038310242, 5561, 1038315977, 5553, 1038316714, 5057, 1038307544, 5049, 1038310000, 5041, 1038310761, 5297, 1038313437, 5570, 1038323969, 5554, 1037935904, 5058, 1038324249, 5562, 1038022569, 5050, 1038022788, 5555, 1038338354, 5059, 1038343845, 5300, 1021945146, 5557, 1021126954, 5573, 1021715309, 5053, 1021334947, 5054, 1021097528, 5062, 1021372987, 5055, 1022034910, 5574, 1021367879, 5298, 1037935960, 5047, 1022183950, 5299, 1038341651, 5051, 1038342205, 5575, 1021740988, 5046, 1020952209, 5060, 1021334726, 5301, 1021123991, 5566, 1021092660, 5567, 1022027243, 5044, 1021941576, 5302, 1020950120, 5045, 1021121746, 5303, 1022180386, 5042, 1037936016, 5314, 1038324117, 5315, 1038341115, 5043, 1038344354, 5316, 1021338256, 5571, 1038337797, 5317, 1021712286, 5556, 1021949227, 5318, 1021370811, 5319, 1021744963, 5563, 1038336165, 5572, 1021342305, 5052, 1021716134, 5558, 1020947311, 5063, 1021748414, 5564, 1021723861, 5061, 1021709977, 5559, 1022176280, 5565, 1021340126]
[INFO] (lattice_cell.c: 455): on tick 4 of 50
[INFO] (lattice_cell.c: 172): the unmatched_packets is 56
[5568, 1038324714, 5312, 1038324596, 5552, 1038755468, 5296, 1038755474, 5560, 1038628180, 5048, 1038628051, 5056, 1038324500, 5040, 1038755482, 5314, 1038325484, 5057, 1038301301, 5058, 1038325540, 5554, 1037906337, 5059, 1038339378, 5051, 1038335336, 5060, 1021342760, 5052, 1021730428, 5555, 1038330973, 5062, 1021379684, 5054, 1021156893, 5050, 1038027962, 5302, 1021222189, 5557, 1021142286, 5303, 1021911415, 5558, 1021218997, 5563, 1038329048, 5559, 1021908073, 5053, 1021340781, 5063, 1021754453, 5055, 1021982752, 5564, 1021736710, 5049, 1038304524, 5047, 1021914193, 5299, 1038334411, 5567, 1021976661, 5044, 1021939946, 5043, 1038337217, 5046, 1021224793, 5041, 1038302538, 5042, 1037906285, 5313, 1038304141, 5553, 1038308834, 5297, 1038305372, 5569, 1038307613, 5315, 1038336520, 5561, 1038310817, 5316, 1021345511, 5570, 1038325416, 5317, 1021722998, 5318, 1021376924, 5562, 1038027909, 5571, 1038333053, 5319, 1021751791, 5572, 1021348897, 5556, 1021946140, 5061, 1021720606, 5573, 1021725966, 5298, 1037906307, 5300, 1021942742, 5574, 1021373560, 5575, 1021748603, 5565, 1021345985, 5301, 1021139370, 5566, 1021151043, 5045, 1021137026]
[INFO] (lattice_cell.c: 455): on tick 5 of 50
[INFO] (lattice_cell.c: 172): the unmatched_packets is 56
[5568, 1038323327, 5312, 1038323185, 5056, 1038323083, 5560, 1038621582, 5552, 1038755492, 5048, 1038621414, 5296, 1038755468, 5040, 1038755460, 5569, 1038313383, 5553, 1038316836, 5314, 1038324802, 5049, 1038310618, 5298, 1037897518, 5316, 1021331668, 5318, 1021365510, 5299, 1038340884, 5303, 1022002763, 5052, 1021722681, 5061, 1021715658, 5054, 1021158720, 5564, 1021730593, 5055, 1021972943, 5057, 1038307456, 5297, 1038313594, 5575, 1021746845, 5058, 1038324980, 5051, 1038341620, 5566, 1021153554, 5046, 1021127951, 5567, 1021965409, 5053, 1021329478, 5062, 1021367842, 5042, 1037897578, 5300, 1021940550, 5063, 1021754109, 5059, 1038343415, 5301, 1021128016, 5060, 1021328040, 5043, 1038343560, 5044, 1021936939, 5045, 1021125659, 5041, 1038310947, 5047, 1022006321, 5561, 1038316534, 5313, 1038310132, 5570, 1038324597, 5562, 1038028443, 5571, 1038337408, 5315, 1038340714, 5554, 1037897460, 5572, 1021335823, 5563, 1038335645, 5317, 1021718051, 5555, 1038337609, 5573, 1021721166, 5319, 1021750761, 5574, 1021362418, 5565, 1021334834, 5556, 1021944691, 5557, 1021131114, 5558, 1021122917, 5559, 1021998646, 5050, 1038028706, 5302, 1021125790]
[INFO] (lattice_cell.c: 455): on tick 6 of 50
[INFO] (lattice_cell.c: 172): the unmatched_packets is 56
[5568, 1038324654, 5312, 1038324468, 5552, 1038759955, 5056, 1038324300, 5560, 1038626562, 5040, 1038759905, 5296, 1038759927, 5048, 1038626346, 5057, 1038301303, 5314, 1038325908, 5553, 1038309424, 5317, 1021729353, 5557, 1021134627, 5559, 1022012069, 5060, 1021336327, 5573, 1021732172, 5061, 1021727124, 5053, 1021344578, 5054, 1021169521, 5063, 1021759986, 5051, 1038335349, 5574, 1021366953, 5058, 1038326007, 5045, 1021129635, 5575, 1021754127, 5299, 1038333510, 5564, 1021733445, 5043, 1038336336, 5565, 1021349463, 5566, 1021163904, 5567, 1021962486, 5055, 1021968672, 5301, 1021131835, 5050, 1038029657, 5059, 1038339684, 5044, 1021949533, 5047, 1022018334, 5313, 1038304171, 5297, 1038305943, 5554, 1037903224, 5315, 1038336812, 5569, 1038307661, 5041, 1038303095, 5561, 1038310787, 5555, 1038330045, 5298, 1037903214, 5570, 1038325784, 5316, 1021339154, 5318, 1021370221, 5571, 1038333308, 5556, 1021955699, 5562, 1038029552, 5319, 1021757317, 5046, 1021121116, 5062, 1021372908, 5572, 1021342523, 5558, 1021115649, 5303, 1022015472, 5052, 1021727133, 5049, 1038304432, 5563, 1038329016, 5042, 1037903204, 5300, 1021952318, 5302, 1021118673]
[INFO] (lattice_cell.c: 455): on tick 7 of 50
[INFO] (lattice_cell.c: 172): the unmatched_packets is 56
[5568, 1038323173, 5312, 1038323001, 5056, 1038322869, 5552, 1038748532, 5048, 1038626042, 5040, 1038748524, 5296, 1038748524, 5313, 1038310197, 5057, 1038307554, 5553, 1038317594, 5049, 1038310965, 5569, 1038313427, 5554, 1037904167, 5316, 1021334540, 5555, 1038336942, 5319, 1021747484, 5061, 1021712539, 5051, 1038340839, 5557, 1021124243, 5052, 1021716711, 5558, 1021112230, 5559, 1022008875, 5574, 1021366295, 5046, 1021117560, 5058, 1038325101, 5298, 1037904225, 5575, 1021743706, 5050, 1038024672, 5059, 1038343288, 5566, 1021156927, 5567, 1021962162, 5300, 1021949120, 5062, 1021372079, 5054, 1021162371, 5063, 1021750734, 5042, 1037904293, 5301, 1021121065, 5044, 1021945521, 5060, 1021330883, 5041, 1038311761, 5045, 1021118590, 5047, 1022016357, 5043, 1038342851, 5560, 1038626218, 5561, 1038316824, 5297, 1038314393, 5314, 1038324897, 5570, 1038324661, 5315, 1038340589, 5571, 1038337306, 5562, 1038024370, 5299, 1038340188, 5317, 1021715006, 5572, 1021338780, 5556, 1021953296, 5318, 1021369576, 5563, 1038334899, 5573, 1021718184, 5564, 1021724697, 5053, 1021335317, 5565, 1021340829, 5055, 1021969537, 5302, 1021115261, 5303, 1022012924]
[INFO] (lattice_cell.c: 455): on tick 8 of 50
[INFO] (lattice_cell.c: 172): the unmatched_packets is 56
[5568, 1038324628, 5312, 1038324382, 5056, 1038324168, 5552, 1038751398, 5560, 1038629633, 5296, 1038751360, 5048, 1038629327, 5040, 1038751316, 5057, 1038301099, 5569, 1038307481, 5553, 1038309673, 5554, 1037910970, 5059, 1038339656, 5060, 1021341979, 5061, 1021721814, 5062, 1021378278, 5050, 1038027092, 5557, 1021135554, 5303, 1022002859, 5558, 1021126419, 5559, 1021999374, 5052, 1021726953, 5297, 1038306183, 5054, 1021158048, 5049, 1038304788, 5058, 1038326482, 5044, 1021949210, 5574, 1021372520, 5299, 1038333698, 5564, 1021733388, 5565, 1021350306, 5300, 1021952025, 5566, 1021152706, 5041, 1038303309, 5567, 1021972633, 5063, 1021754084, 5301, 1021132902, 5302, 1021129302, 5051, 1038335014, 5046, 1021131610, 5561, 1038311165, 5313, 1038303980, 5570, 1038326170, 5314, 1038326344, 5315, 1038336762, 5562, 1038026914, 5571, 1038333245, 5298, 1037910980, 5316, 1021344845, 5047, 1022005808, 5317, 1021723895, 5572, 1021348269, 5555, 1038330223, 5318, 1021375701, 5042, 1037910972, 5563, 1038328653, 5319, 1021751335, 5573, 1021726562, 5053, 1021345718, 5045, 1021130818, 5556, 1021955411, 5043, 1038336534, 5575, 1021748140, 5055, 1021978976]
[INFO] (lattice_cell.c: 455): on tick 9 of 50
[INFO] (lattice_cell.c: 172): the unmatched_packets is 56
[5568, 1038323245, 5312, 1038323037, 5560, 1038625024, 5552, 1038749230, 5056, 1038322885, 5296, 1038749236, 5048, 1038624825, 5040, 1038749250, 5569, 1038313325, 5313, 1038310100, 5553, 1038317781, 5561, 1038317055, 5049, 1038311217, 5057, 1038307474, 5297, 1038314568, 5554, 1037903464, 5315, 1038340425, 5299, 1038339839, 5318, 1021370499, 5300, 1021942052, 5563, 1038334730, 5301, 1021127992, 5302, 1021133005, 5303, 1021994272, 5061, 1021712283, 5053, 1021333172, 5054, 1021155162, 5046, 1021135447, 5055, 1021976758, 5564, 1021727190, 5058, 1038325451, 5574, 1021367056, 5298, 1037903514, 5042, 1037903560, 5050, 1038025857, 5575, 1021743270, 5043, 1038342498, 5060, 1021330932, 5565, 1021338802, 5566, 1021149409, 5052, 1021719171, 5567, 1021969611, 5047, 1021997618, 5045, 1021125424, 5041, 1038311967, 5051, 1038340665, 5314, 1038325225, 5316, 1021334590, 5570, 1038324955, 5562, 1038025525, 5317, 1021714840, 5555, 1038336609, 5571, 1038337146, 5319, 1021746931, 5556, 1021946217, 5044, 1021938483, 5573, 1021718058, 5062, 1021373162, 5572, 1021338821, 5063, 1021750012, 5059, 1038343122, 5557, 1021131259, 5558, 1021129857, 5559, 1021990326]
[INFO] (lattice_cell.c: 455): on tick 10 of 50
[INFO] (lattice_cell.c: 172): the unmatched_packets is 56
[5568, 1038324466, 5312, 1038324158, 5560, 1038626665, 5552, 1038757246, 5056, 1038323890, 5296, 1038757184, 5048, 1038626288, 5040, 1038757132, 5057, 1038301111, 5553, 1038310046, 5049, 1038304838, 5315, 1038336790, 5058, 1038326878, 5318, 1021373072, 5319, 1021753761, 5572, 1021345716, 5558, 1021127275, 5302, 1021130018, 5559, 1021997789, 5060, 1021339234, 5052, 1021729893, 5061, 1021724629, 5053, 1021343165, 5297, 1038306541, 5054, 1021161052, 5062, 1021375536, 5063, 1021756574, 5059, 1038339682, 5050, 1038030070, 5045, 1021133490, 5299, 1038333157, 5575, 1021750488, 5047, 1022004443, 5564, 1021736516, 5566, 1021155939, 5567, 1021968791, 5055, 1021975328, 5301, 1021135463, 5303, 1022001357, 5042, 1037905714, 5313, 1038303983, 5046, 1021132183, 5314, 1038326686, 5569, 1038307488, 5043, 1038335987, 5561, 1038311228, 5044, 1021947117, 5316, 1021342202, 5554, 1037905676, 5570, 1038326454, 5317, 1021726576, 5041, 1038303672, 5571, 1038333264, 5555, 1038329686, 5562, 1038029819, 5556, 1021953440, 5300, 1021950010, 5573, 1021729129, 5563, 1038328611, 5574, 1021369977, 5557, 1021138045, 5051, 1038334980, 5298, 1037905696, 5565, 1021347504]
[INFO] (lattice_cell.c: 455): on tick 11 of 50
[INFO] (lattice_cell.c: 172): the unmatched_packets is 56
[5568, 1038323183, 5312, 1038322947, 5056, 1038322757, 5552, 1038751968, 5560, 1038624222, 5296, 1038751984, 5048, 1038623989, 5040, 1038752001, 5313, 1038310063, 5057, 1038307430, 5297, 1038314858, 5553, 1038318056, 5049, 1038311248, 5315, 1038340438, 5570, 1038325129, 5317, 1021718081, 5042, 1037901116, 5557, 1021129271, 5302, 1021121447, 5303, 1022005849, 5061, 1021715486, 5053, 1021334844, 5062, 1021370703, 5052, 1021717754, 5045, 1021123329, 5574, 1021364264, 5298, 1037901072, 5058, 1038325671, 5050, 1038026860, 5299, 1038339445, 5575, 1021745977, 5041, 1038312245, 5054, 1021161455, 5055, 1021969956, 5063, 1021752402, 5046, 1021123995, 5059, 1038343151, 5051, 1038340451, 5060, 1021327646, 5044, 1021941546, 5314, 1038325417, 5569, 1038313284, 5554, 1037901026, 5561, 1038317095, 5316, 1021331253, 5562, 1038026521, 5555, 1038336213, 5318, 1021367861, 5047, 1022009063, 5571, 1038337146, 5556, 1021949136, 5319, 1021749469, 5043, 1038342103, 5300, 1021945030, 5572, 1021335498, 5301, 1021125977, 5563, 1038334491, 5573, 1021721301, 5558, 1021118173, 5559, 1022001994, 5564, 1021725710, 5565, 1021340548, 5567, 1021963050, 5566, 1021155454]
[INFO] (lattice_cell.c: 455): on tick 12 of 50
[INFO] (lattice_cell.c: 172): the unmatched_packets is 56
[5568, 1038324294, 5560, 1038628153, 5312, 1038323930, 5056, 1038323619, 5552, 1038754492, 5048, 1038627722, 5296, 1038754425, 5040, 1038754366, 5057, 1038301156, 5314, 1038326972, 5298, 1037908185, 5318, 1021374484, 5053, 1021345309, 5556, 1021957477, 5563, 1038328313, 5059, 1038339605, 5557, 1021133880, 5558, 1021121004, 5559, 1022004018, 5052, 1021727771, 5061, 1021723472, 5062, 1021376866, 5054, 1021162980, 5055, 1021973277, 5574, 1021371445, 5297, 1038307031, 5049, 1038305132, 5058, 1038327204, 5564, 1021734632, 5050, 1038028777, 5575, 1021749112, 5041, 1038304169, 5565, 1021349489, 5566, 1021158084, 5300, 1021953937, 5567, 1021966488, 5051, 1038334670, 5063, 1021755349, 5046, 1021125698, 5044, 1021950939, 5047, 1022010927, 5313, 1038304029, 5569, 1038307516, 5042, 1037908215, 5561, 1038311499, 5562, 1038028437, 5554, 1037908133, 5553, 1038310518, 5315, 1038336726, 5570, 1038326680, 5571, 1038333212, 5555, 1038329545, 5316, 1021343294, 5317, 1021725324, 5572, 1021346940, 5319, 1021752440, 5573, 1021727792, 5045, 1021129441, 5302, 1021123652, 5303, 1022007731, 5060, 1021340187, 5299, 1038333005, 5043, 1038335823, 5301, 1021131344]
[INFO] (lattice_cell.c: 455): on tick 13 of 50
[INFO] (lattice_cell.c: 172): the unmatched_packets is 56
[5568, 1038323223, 5312, 1038322940, 5560, 1038625700, 5056, 1038322716, 5552, 1038747558, 5296, 1038747577, 5048, 1038625430, 5040, 1038747603, 5313, 1038309862, 5057, 1038307218, 5569, 1038313088, 5049, 1038311102, 5554, 1037905315, 5061, 1021713950, 5571, 1038337096, 5319, 1021747092, 5062, 1021372996, 5063, 1021749862, 5557, 1021129883, 5559, 1021996685, 5060, 1021329547, 5303, 1022000408, 5053, 1021336650, 5055, 1021973659, 5564, 1021725001, 5574, 1021366303, 5297, 1038314037, 5047, 1022003490, 5058, 1038325945, 5046, 1021128421, 5575, 1021743763, 5298, 1037905337, 5051, 1038340348, 5565, 1021342328, 5041, 1038311410, 5566, 1021151008, 5042, 1037905365, 5050, 1038025625, 5059, 1038343145, 5570, 1038325373, 5553, 1038317267, 5561, 1038316975, 5562, 1038025277, 5043, 1038342088, 5314, 1038325681, 5315, 1038340410, 5316, 1021333060, 5555, 1038336165, 5563, 1038334345, 5572, 1021337272, 5317, 1021716553, 5299, 1038339423, 5318, 1021370039, 5556, 1021952348, 5573, 1021719757, 5300, 1021948327, 5558, 1021122384, 5044, 1021944955, 5301, 1021126553, 5567, 1021967023, 5054, 1021157213, 5045, 1021123887, 5052, 1021717177, 5302, 1021125735]
[INFO] (lattice_cell.c: 455): on tick 14 of 50
[INFO] (lattice_cell.c: 172): the unmatched_packets is 56
[5312, 1038323705, 5568, 1038324105, 5056, 1038323363, 5552, 1038757859, 5560, 1038628310, 5048, 1038627830, 5057, 1038301451, 5040, 1038757749, 5553, 1038311185, 5058, 1038327516, 5050, 1038028631, 5554, 1037904830, 5318, 1021375371, 5061, 1021722268, 5572, 1021347415, 5303, 1022002505, 5557, 1021144329, 5060, 1021340368, 5558, 1021126036, 5559, 1021998657, 5573, 1021726482, 5054, 1021159199, 5059, 1038339645, 5052, 1021725963, 5296, 1038757789, 5041, 1038304884, 5297, 1038307729, 5298, 1037904883, 5042, 1037904933, 5044, 1021938738, 5045, 1021139945, 5567, 1021970251, 5043, 1038335448, 5300, 1021941894, 5055, 1021977270, 5301, 1021141816, 5313, 1038304299, 5314, 1038327222, 5315, 1038336780, 5569, 1038307774, 5561, 1038312559, 5316, 1021343628, 5317, 1021724065, 5570, 1038326868, 5319, 1021751353, 5555, 1038329223, 5571, 1038333283, 5562, 1038028225, 5556, 1021945579, 5046, 1021130554, 5302, 1021128601, 5053, 1021343570, 5062, 1021377698, 5063, 1021754362, 5051, 1038334492, 5047, 1022005829, 5049, 1038306232, 5566, 1021154444, 5299, 1038332647, 5563, 1038328177, 5574, 1021372372, 5564, 1021733194, 5575, 1021747936, 5565, 1021347641]
[INFO] (lattice_cell.c: 455): on tick 15 of 50
[INFO] (lattice_cell.c: 172): the unmatched_packets is 56
[5568, 1038323197, 5312, 1038322857, 5560, 1038621739, 5056, 1038322594, 5552, 1038740386, 5296, 1038740390, 5048, 1038621397, 5040, 1038740393, 5569, 1038312077, 5313, 1038308815, 5561, 1038316529, 5057, 1038306152, 5553, 1038319814, 5297, 1038316545, 5041, 1038313884, 5049, 1038310592, 5554, 1037912486, 5058, 1038326255, 5315, 1038339652, 5316, 1021334498, 5052, 1021725753, 5557, 1021100466, 5054, 1021160108, 5063, 1021751031, 5055, 1021970498, 5558, 1021129496, 5060, 1021331059, 5563, 1038334170, 5061, 1021716275, 5050, 1038029712, 5574, 1021367648, 5299, 1038339349, 5564, 1021733360, 5575, 1021745232, 5565, 1021335850, 5062, 1021374560, 5046, 1021135627, 5567, 1021964106, 5043, 1038342040, 5303, 1021992225, 5044, 1021965475, 5047, 1021995192, 5042, 1037912559, 5314, 1038325975, 5570, 1038325629, 5555, 1038336069, 5298, 1037912522, 5045, 1021094440, 5556, 1021972435, 5562, 1038029338, 5571, 1038336305, 5317, 1021718848, 5572, 1021338609, 5318, 1021371468, 5319, 1021748421, 5559, 1021988627, 5573, 1021721995, 5566, 1021153749, 5053, 1021330231, 5059, 1038342414, 5051, 1038340243, 5300, 1021968636, 5301, 1021097133, 5302, 1021132897]
[INFO] (lattice_cell.c: 455): on tick 16 of 50
[INFO] (lattice_cell.c: 172): the unmatched_packets is 56
[5568, 1038323946, 5312, 1038323515, 5560, 1038635306, 5056, 1038323156, 5552, 1038780265, 5296, 1038780238, 5048, 1038634837, 5040, 1038780213, 5057, 1038302035, 5313, 1038304839, 5553, 1038311180, 5058, 1038327688, 5316, 1021334769, 5052, 1021708502, 5061, 1021729172, 5051, 1038334978, 5559, 1022016470, 5053, 1021370435, 5062, 1021369784, 5054, 1021154724, 5564, 1021716196, 5297, 1038307763, 5050, 1038021782, 5041, 1038304973, 5299, 1038332225, 5566, 1021150045, 5567, 1021971654, 5063, 1021761437, 5043, 1038334995, 5044, 1021877516, 5059, 1038339863, 5301, 1021203834, 5302, 1021110812, 5303, 1022020454, 5060, 1021331303, 5046, 1021112705, 5314, 1038327358, 5569, 1038308263, 5049, 1038304060, 5561, 1038310309, 5570, 1038326966, 5315, 1038337009, 5554, 1037883081, 5298, 1037883129, 5042, 1037883165, 5555, 1038328820, 5562, 1038021338, 5317, 1021730941, 5318, 1021367487, 5571, 1038333547, 5563, 1038328719, 5572, 1021338749, 5319, 1021758392, 5556, 1021884902, 5047, 1022023917, 5300, 1021880963, 5573, 1021733366, 5557, 1021206291, 5558, 1021108291, 5045, 1021201989, 5574, 1021364452, 5575, 1021754923, 5055, 1021978893, 5565, 1021374437]
[INFO] (lattice_cell.c: 455): on tick 17 of 50
[INFO] (lattice_cell.c: 172): the unmatched_packets is 56
[5568, 1038323029, 5312, 1038322618, 5560, 1038606019, 5056, 1038322279, 5552, 1038713181, 5296, 1038713154, 5048, 1038605548, 5040, 1038713136, 5569, 1038314342, 5313, 1038311043, 5553, 1038317586, 5561, 1038316814, 5057, 1038308341, 5049, 1038310781, 5041, 1038311550, 5297, 1038314268, 5570, 1038326000, 5314, 1038326400, 5554, 1037939017, 5058, 1038326726, 5562, 1038044898, 5298, 1037939076, 5050, 1038045362, 5555, 1038335590, 5317, 1021692597, 5044, 1022071917, 5053, 1021277216, 5557, 1021004818, 5063, 1021723957, 5055, 1021954401, 5558, 1021138629, 5559, 1021982212, 5059, 1038345013, 5299, 1038338897, 5565, 1021282853, 5051, 1038340041, 5046, 1021144811, 5060, 1021348170, 5061, 1021690073, 5575, 1021718312, 5301, 1021001457, 5047, 1021988536, 5062, 1021391046, 5566, 1021170237, 5567, 1021948206, 5043, 1038341615, 5315, 1038342224, 5042, 1037939126, 5571, 1038338840, 5316, 1021351468, 5563, 1038333921, 5556, 1022078374, 5300, 1022074833, 5318, 1021387935, 5572, 1021355446, 5573, 1021695664, 5564, 1021785608, 5319, 1021721414, 5045, 1020998727, 5574, 1021384098, 5302, 1021142029, 5303, 1021985686, 5052, 1021778438, 5054, 1021176650]
[INFO] (lattice_cell.c: 455): on tick 18 of 50
[INFO] (lattice_cell.c: 172): the unmatched_packets is 56
[5568, 1038324057, 5312, 1038323648, 5560, 1038656686, 5056, 1038323306, 5552, 1038787091, 5296, 1038787063, 5048, 1038656253, 5040, 1038787037, 5569, 1038308067, 5313, 1038304700, 5561, 1038312850, 5057, 1038301932, 5553, 1038312512, 5297, 1038309151, 5049, 1038306694, 5314, 1038327325, 5041, 1038306400, 5555, 1038328791, 5557, 1021287395, 5301, 1021284895, 5302, 1021113445, 5559, 1022011685, 5573, 1021786587, 5062, 1021318919, 5047, 1022019249, 5043, 1038334919, 5059, 1038339328, 5299, 1038332169, 5575, 1021807827, 5046, 1021115347, 5300, 1021794305, 5044, 1021790691, 5052, 1021607848, 5053, 1021460920, 5565, 1021464791, 5045, 1021283043, 5567, 1022003871, 5303, 1022015728, 5298, 1037876085, 5570, 1038326944, 5315, 1038336492, 5554, 1037876043, 5316, 1021282001, 5562, 1038000420, 5317, 1021784212, 5042, 1037876122, 5318, 1021316529, 5556, 1021798449, 5572, 1021286242, 5571, 1038333052, 5563, 1038325804, 5319, 1021811253, 5558, 1021110897, 5574, 1021313370, 5054, 1021132589, 5063, 1021814275, 5564, 1021616121, 5055, 1022011210, 5051, 1038332033, 5060, 1021278309, 5061, 1021782499, 5058, 1038327637, 5566, 1021127829, 5050, 1038000836]
[INFO] (lattice_cell.c: 455): on tick 19 of 50
[INFO] (lattice_cell.c: 172): the unmatched_packets is 56
[5568, 1038322637, 5312, 1038322125, 5560, 1038602538, 5056, 1038321703, 5552, 1038741944, 5296, 1038741938, 5048, 1038601988, 5040, 1038741932, 5569, 1038311831, 5057, 1038305739, 5058, 1038327259, 5050, 1038049063, 5570, 1038326336, 5059, 1038342879, 5555, 1038337641, 5301, 1021016582, 5303, 1021988613, 5052, 1021883108, 5559, 1021985150, 5044, 1022056957, 5054, 1021210299, 5564, 1021890033, 5574, 1021482864, 5051, 1038340531, 5297, 1038314512, 5049, 1038309332, 5047, 1021991479, 5298, 1037911670, 5045, 1021013969, 5299, 1038340987, 5060, 1021448488, 5567, 1021913285, 5061, 1021600260, 5053, 1021179104, 5062, 1021489622, 5063, 1021634097, 5046, 1021132046, 5043, 1038343720, 5302, 1021129344, 5313, 1038308483, 5553, 1038317875, 5314, 1038326838, 5554, 1037911636, 5561, 1038315474, 5315, 1038340067, 5041, 1038311754, 5562, 1038048513, 5316, 1021451608, 5556, 1022063385, 5317, 1021602783, 5318, 1021486587, 5571, 1038336650, 5319, 1021631561, 5557, 1021019784, 5558, 1021126021, 5563, 1038334339, 5572, 1021455394, 5565, 1021184607, 5042, 1037911710, 5055, 1021919492, 5573, 1021605882, 5300, 1022059842, 5575, 1021628488, 5566, 1021204105]
[INFO] (lattice_cell.c: 455): on tick 20 of 50
[INFO] (lattice_cell.c: 172): the unmatched_packets is 56
[5568, 1038324145, 5312, 1038323697, 5560, 1038618625, 5056, 1038323321, 5552, 1038732675, 5048, 1038618139, 5040, 1038732655, 5296, 1038732665, 5569, 1038309443, 5313, 1038306130, 5057, 1038303433, 5314, 1038327593, 5553, 1038311914, 5049, 1038306968, 5315, 1038337532, 5058, 1038327907, 5052, 1021581240, 5319, 1021909471, 5053, 1021486685, 5557, 1021160487, 5059, 1038340353, 5051, 1038334390, 5302, 1021105173, 5303, 1022024995, 5061, 1021881221, 5297, 1038308584, 5062, 1021216088, 5564, 1021589649, 5063, 1021912451, 5574, 1021210170, 5060, 1021173074, 5298, 1037928877, 5050, 1038037957, 5299, 1038332393, 5045, 1021155909, 5047, 1022028532, 5565, 1021490739, 5054, 1021074791, 5566, 1021069615, 5055, 1022059077, 5301, 1021157850, 5043, 1038335117, 5561, 1038313019, 5570, 1038327198, 5044, 1021921540, 5562, 1038037523, 5554, 1037928843, 5316, 1021176970, 5571, 1038334117, 5317, 1021882915, 5046, 1021107178, 5563, 1038328230, 5318, 1021213530, 5555, 1038329077, 5572, 1021181437, 5042, 1037928921, 5556, 1021929151, 5573, 1021885250, 5575, 1021906114, 5567, 1022051878, 5300, 1021925065, 5558, 1021102468, 5559, 1022020940, 5041, 1038305842]
[INFO] (lattice_cell.c: 455): on tick 21 of 50
[INFO] (lattice_cell.c: 172): the unmatched_packets is 56
[5568, 1038322606, 5312, 1038322116, 5056, 1038321707, 5552, 1038785946, 5296, 1038785880, 5560, 1038667130, 5040, 1038785832, 5313, 1038308349, 5057, 1038305553, 5554, 1037868297, 5051, 1038338750, 5053, 1021280222, 5054, 1021286574, 5301, 1021155826, 5559, 1021926430, 5303, 1021929918, 5572, 1021481918, 5060, 1021475087, 5052, 1021779305, 5061, 1021574634, 5062, 1021515770, 5063, 1021607080, 5563, 1038332476, 5297, 1038315331, 5049, 1038309925, 5046, 1021198936, 5058, 1038327181, 5298, 1037868393, 5574, 1021509097, 5047, 1021932788, 5299, 1038337910, 5575, 1021601662, 5564, 1021786471, 5042, 1037868473, 5044, 1021913595, 5050, 1037985863, 5059, 1038343156, 5302, 1021196410, 5055, 1021847646, 5048, 1038666582, 5041, 1038312560, 5561, 1038316143, 5314, 1038326762, 5553, 1038318707, 5043, 1038340697, 5315, 1038340329, 5569, 1038311754, 5570, 1038326252, 5316, 1021478181, 5317, 1021577051, 5555, 1038334515, 5571, 1038336882, 5318, 1021512767, 5562, 1037985278, 5319, 1021604649, 5556, 1021920089, 5573, 1021580002, 5557, 1021158992, 5558, 1021193310, 5565, 1021285362, 5566, 1021280738, 5567, 1021841357, 5045, 1021153217, 5300, 1021916527]
[INFO] (lattice_cell.c: 455): on tick 22 of 50
[INFO] (lattice_cell.c: 172): the unmatched_packets is 56
[5568, 1038323705, 5312, 1038323146, 5056, 1038322664, 5560, 1038584044, 5552, 1038724715, 5296, 1038724733, 5048, 1038583481, 5040, 1038724758, 5313, 1038305429, 5569, 1038308697, 5057, 1038302763, 5314, 1038328069, 5049, 1038306045, 5041, 1038306196, 5058, 1038328473, 5554, 1037937506, 5050, 1038072524, 5062, 1021319337, 5055, 1022116198, 5059, 1038339244, 5051, 1038334379, 5303, 1022132295, 5060, 1021276192, 5557, 1021131359, 5053, 1021318939, 5061, 1021780886, 5045, 1021126839, 5558, 1020990717, 5054, 1021020253, 5559, 1022128279, 5046, 1020995832, 5047, 1022135801, 5297, 1038308909, 5564, 1021762443, 5298, 1037937494, 5043, 1038336180, 5574, 1021313345, 5044, 1021951545, 5575, 1021807156, 5566, 1021014921, 5567, 1022108884, 5301, 1021128751, 5042, 1037937484, 5553, 1038312227, 5561, 1038312062, 5570, 1038327578, 5562, 1038072046, 5315, 1038336450, 5316, 1021280070, 5571, 1038333077, 5317, 1021782706, 5563, 1038328269, 5555, 1038330206, 5318, 1021316739, 5572, 1021284527, 5319, 1021810663, 5556, 1021959341, 5573, 1021785179, 5302, 1020993632, 5063, 1021813752, 5052, 1021754064, 5299, 1038333499, 5565, 1021323049, 5300, 1021955155]
[INFO] (lattice_cell.c: 455): on tick 23 of 50
[INFO] (lattice_cell.c: 172): the unmatched_packets is 56
[5568, 1038322740, 5312, 1038322214, 5056, 1038321788, 5552, 1038773915, 5560, 1038631068, 5296, 1038773888, 5048, 1038630494, 5040, 1038773868, 5569, 1038312797, 5313, 1038309372, 5553, 1038317867, 5057, 1038306585, 5561, 1038316732, 5041, 1038311644, 5297, 1038314443, 5049, 1038310503, 5570, 1038326584, 5058, 1038327559, 5059, 1038344606, 5555, 1038335248, 5051, 1038340071, 5318, 1021340344, 5557, 1021098176, 5558, 1021268149, 5046, 1021273486, 5559, 1021849692, 5060, 1021301826, 5053, 1021378621, 5574, 1021336708, 5055, 1021874950, 5063, 1021772883, 5298, 1037879616, 5050, 1038020425, 5047, 1021856104, 5575, 1021767961, 5042, 1037879696, 5299, 1038338665, 5314, 1038327118, 5300, 1021980675, 5052, 1021679073, 5567, 1021868998, 5061, 1021742976, 5045, 1021092491, 5301, 1021095038, 5044, 1021977794, 5554, 1037879536, 5315, 1038341714, 5302, 1021271100, 5303, 1021853194, 5316, 1021305069, 5571, 1038338191, 5562, 1038019810, 5563, 1038333748, 5317, 1021745223, 5556, 1021984108, 5319, 1021770661, 5564, 1021686180, 5573, 1021747950, 5043, 1038341454, 5572, 1021308974, 5054, 1021252310, 5062, 1021343304, 5565, 1021383751, 5566, 1021246455]
[INFO] (lattice_cell.c: 455): on tick 24 of 50
[INFO] (lattice_cell.c: 172): the unmatched_packets is 56
[5568, 1038323725, 5312, 1038323183, 5056, 1038322713, 5560, 1038650228, 5552, 1038737652, 5296, 1038737606, 5048, 1038649579, 5569, 1038308243, 5313, 1038304984, 5057, 1038302309, 5561, 1038312465, 5041, 1038306670, 5315, 1038335689, 5050, 1038007957, 5554, 1037924791, 5299, 1038331667, 5570, 1038327452, 5052, 1021720112, 5060, 1021376402, 5557, 1021148613, 5558, 1021023264, 5559, 1022101583, 5061, 1021682819, 5046, 1021028408, 5063, 1021715938, 5574, 1021414457, 5297, 1038309356, 5049, 1038306470, 5298, 1037924843, 5058, 1038328301, 5051, 1038332200, 5059, 1038338421, 5575, 1021709257, 5565, 1021353848, 5300, 1021936377, 5566, 1021156724, 5567, 1021973110, 5054, 1021162199, 5062, 1021420912, 5044, 1021932810, 5055, 1021980772, 5047, 1022109304, 5302, 1021026196, 5045, 1021143801, 5042, 1037924871, 5314, 1038327925, 5553, 1038312629, 5040, 1038737573, 5043, 1038334345, 5316, 1021380244, 5571, 1038332369, 5317, 1021684634, 5563, 1038326154, 5562, 1038007431, 5318, 1021418079, 5555, 1038328402, 5572, 1021384723, 5319, 1021712821, 5053, 1021349718, 5573, 1021687113, 5556, 1021940559, 5301, 1021145853, 5564, 1021728720, 5303, 1022105713]
[INFO] (lattice_cell.c: 455): on tick 25 of 50
[INFO] (lattice_cell.c: 172): the unmatched_packets is 56
[5568, 1038322326, 5312, 1038321738, 5560, 1038614025, 5056, 1038321252, 5552, 1038747486, 5296, 1038747495, 5048, 1038613430, 5057, 1038305988, 5569, 1038312225, 5041, 1038312435, 5050, 1038037994, 5556, 1021923004, 5302, 1021141969, 5303, 1021974087, 5557, 1021158219, 5052, 1021746589, 5060, 1021335315, 5558, 1021139004, 5559, 1021970773, 5053, 1021314691, 5054, 1021104162, 5063, 1021742202, 5574, 1021369179, 5059, 1038344342, 5046, 1021144342, 5564, 1021753887, 5297, 1038315256, 5049, 1038310087, 5058, 1038327797, 5298, 1037905434, 5566, 1021098661, 5567, 1022015702, 5299, 1038340247, 5042, 1037905488, 5061, 1021712347, 5040, 1038747510, 5055, 1022021515, 5051, 1038340941, 5044, 1021916506, 5045, 1021152854, 5047, 1021976815, 5313, 1038308799, 5553, 1038318692, 5561, 1038316372, 5570, 1038326688, 5314, 1038327296, 5562, 1038037351, 5315, 1038341408, 5571, 1038337854, 5316, 1021338571, 5554, 1037905378, 5317, 1021714553, 5572, 1021342442, 5318, 1021372633, 5555, 1038336794, 5563, 1038334491, 5300, 1021919482, 5319, 1021739955, 5573, 1021717253, 5043, 1038343080, 5575, 1021737202, 5565, 1021319376, 5062, 1021375380, 5301, 1021155249]
[INFO] (lattice_cell.c: 455): on tick 26 of 50
[INFO] (lattice_cell.c: 172): the unmatched_packets is 56
[5568, 1038323706, 5312, 1038323067, 5056, 1038322503, 5560, 1038613026, 5552, 1038771946, 5048, 1038612355, 5040, 1038771900, 5296, 1038771915, 5569, 1038308666, 5313, 1038305435, 5561, 1038312475, 5057, 1038302795, 5553, 1038312251, 5297, 1038308987, 5049, 1038306524, 5041, 1038306295, 5570, 1038328094, 5058, 1038329095, 5562, 1038043220, 5298, 1037891439, 5042, 1037891453, 5059, 1038338650, 5317, 1021749712, 5555, 1038327792, 5051, 1038332837, 5055, 1021956813, 5573, 1021752263, 5557, 1021121479, 5303, 1021967544, 5052, 1021727427, 5053, 1021343107, 5558, 1021163286, 5559, 1021963278, 5054, 1021183113, 5063, 1021780909, 5060, 1021308293, 5043, 1038333637, 5300, 1021963397, 5565, 1021347530, 5301, 1021118614, 5061, 1021747803, 5567, 1021949280, 5062, 1021354007, 5046, 1021168690, 5302, 1021166319, 5047, 1021971234, 5045, 1021116465, 5314, 1038328650, 5554, 1037891408, 5571, 1038332621, 5315, 1038335921, 5563, 1038326876, 5572, 1021316699, 5316, 1021312157, 5556, 1021967539, 5318, 1021351042, 5044, 1021959869, 5564, 1021735849, 5319, 1021777874, 5574, 1021347235, 5575, 1021774398, 5050, 1038043761, 5566, 1021177170, 5299, 1038331008]
[INFO] (lattice_cell.c: 455): on tick 27 of 50
[INFO] (lattice_cell.c: 172): the unmatched_packets is 56
[5568, 1038322370, 5312, 1038321780, 5560, 1038632891, 5552, 1038747168, 5056, 1038321310, 5296, 1038747163, 5048, 1038632267, 5040, 1038747165, 5057, 1038306190, 5297, 1038314842, 5049, 1038310040, 5554, 1037906187, 5555, 1038335927, 5061, 1021719482, 5319, 1021745125, 5302, 1021089096, 5051, 1038340403, 5060, 1021327700, 5573, 1021723896, 5052, 1021701107, 5053, 1021358712, 5062, 1021368827, 5564, 1021708601, 5574, 1021362617, 5575, 1021742515, 5565, 1021363188, 5047, 1022034866, 5300, 1021967655, 5567, 1021932489, 5301, 1021110120, 5054, 1021188067, 5042, 1037906344, 5063, 1021747301, 5041, 1038312010, 5561, 1038316356, 5050, 1038019159, 5059, 1038344737, 5570, 1038326649, 5313, 1038308989, 5562, 1038018472, 5569, 1038312445, 5571, 1038338204, 5314, 1038327241, 5045, 1021107835, 5553, 1038318308, 5315, 1038341781, 5563, 1038333916, 5572, 1021335164, 5298, 1037906267, 5316, 1021331117, 5046, 1021091223, 5317, 1021721465, 5318, 1021366087, 5566, 1021182845, 5043, 1038342302, 5303, 1022032047, 5556, 1021971198, 5044, 1021964619, 5055, 1021938448, 5058, 1038327731, 5299, 1038339424, 5557, 1021112977, 5558, 1021086401, 5559, 1022028662]
[INFO] (lattice_cell.c: 455): on tick 28 of 50
[INFO] (lattice_cell.c: 172): the unmatched_packets is 56
[5568, 1038323455, 5312, 1038322785, 5560, 1038637515, 5056, 1038322212, 5552, 1038740292, 5296, 1038740248, 5048, 1038636735, 5040, 1038740214, 5057, 1038302616, 5553, 1038313065, 5049, 1038306910, 5569, 1038308474, 5041, 1038307135, 5055, 1021994786, 5558, 1021109677, 5559, 1022013698, 5052, 1021722805, 5053, 1021346455, 5044, 1021936756, 5050, 1038020660, 5051, 1038332045, 5574, 1021392365, 5564, 1021731261, 5575, 1021731010, 5058, 1038328990, 5059, 1038338331, 5565, 1021351002, 5060, 1021353548, 5566, 1021141484, 5061, 1021703762, 5567, 1021987223, 5043, 1038334060, 5054, 1021147501, 5313, 1038305256, 5046, 1021115437, 5314, 1038328536, 5297, 1038309811, 5302, 1021112883, 5047, 1022021396, 5561, 1038312852, 5315, 1038335629, 5570, 1038327969, 5298, 1037921805, 5562, 1038020026, 5316, 1021357317, 5042, 1037921839, 5554, 1037921774, 5317, 1021705789, 5045, 1021138405, 5299, 1038331445, 5318, 1021396279, 5319, 1021734486, 5555, 1038328246, 5563, 1038326077, 5300, 1021940191, 5573, 1021708461, 5571, 1038332345, 5301, 1021140706, 5303, 1022017835, 5062, 1021399374, 5556, 1021944270, 5063, 1021737507, 5572, 1021361750, 5557, 1021143702]
[INFO] (lattice_cell.c: 455): on tick 29 of 50
[INFO] (lattice_cell.c: 172): the unmatched_packets is 56
[5568, 1038322303, 5312, 1038321654, 5560, 1038618501, 5056, 1038321131, 5552, 1038753128, 5048, 1038617865, 5040, 1038753185, 5296, 1038753154, 5313, 1038308579, 5057, 1038305781, 5553, 1038317566, 5049, 1038309899, 5555, 1038336489, 5319, 1021741809, 5043, 1038342849, 5557, 1021151254, 5559, 1021964940, 5303, 1021968352, 5563, 1038334248, 5061, 1021716469, 5062, 1021372674, 5054, 1021133781, 5044, 1021927878, 5050, 1038033463, 5574, 1021366737, 5059, 1038344400, 5060, 1021331838, 5058, 1038328204, 5298, 1037899951, 5041, 1038311260, 5299, 1038339983, 5052, 1021734309, 5565, 1021332281, 5566, 1021128658, 5567, 1021985511, 5053, 1021328186, 5300, 1021931006, 5063, 1021744074, 5301, 1021148522, 5051, 1038340773, 5046, 1021150708, 5314, 1038327669, 5569, 1038312039, 5297, 1038314093, 5561, 1038316213, 5315, 1038341421, 5570, 1038327018, 5554, 1037899911, 5316, 1021335355, 5042, 1037900000, 5571, 1038337838, 5045, 1021146353, 5562, 1038032788, 5317, 1021718336, 5318, 1021370083, 5572, 1021339467, 5556, 1021934662, 5047, 1021971234, 5573, 1021720682, 5302, 1021148641, 5558, 1021145936, 5055, 1021991428, 5575, 1021739137, 5564, 1021742085]
[INFO] (lattice_cell.c: 455): on tick 30 of 50
[INFO] (lattice_cell.c: 172): the unmatched_packets is 56
[5568, 1038323327, 5560, 1038618477, 5312, 1038322586, 5056, 1038321964, 5552, 1038767093, 5296, 1038767058, 5048, 1038617698, 5040, 1038767024, 5057, 1038302980, 5049, 1038307585, 5317, 1021737476, 5060, 1021320031, 5054, 1021175994, 5055, 1021964618, 5050, 1038038656, 5051, 1038332637, 5557, 1021129324, 5558, 1021132140, 5061, 1021735386, 5559, 1021993706, 5062, 1021366511, 5563, 1038326685, 5063, 1021768646, 5058, 1038329548, 5298, 1037896330, 5574, 1021359240, 5299, 1038330842, 5575, 1021762435, 5052, 1021726054, 5300, 1021952801, 5045, 1021123828, 5566, 1021169708, 5041, 1038307424, 5059, 1038338705, 5302, 1021135341, 5044, 1021949464, 5561, 1038313535, 5313, 1038305610, 5553, 1038313377, 5314, 1038329028, 5297, 1038310120, 5562, 1038037998, 5046, 1021137904, 5315, 1038335995, 5047, 1022001499, 5316, 1021323756, 5571, 1038332701, 5572, 1021328192, 5554, 1037896276, 5569, 1038308827, 5318, 1021363274, 5319, 1021765775, 5042, 1037896370, 5570, 1038328381, 5573, 1021740202, 5564, 1021734313, 5555, 1038327637, 5565, 1021345009, 5043, 1038333461, 5053, 1021340209, 5556, 1021956804, 5301, 1021126231, 5303, 1021997907, 5567, 1021957264]
[INFO] (lattice_cell.c: 455): on tick 31 of 50
[INFO] (lattice_cell.c: 172): the unmatched_packets is 56
[5568, 1038322232, 5312, 1038321570, 5560, 1038627678, 5056, 1038321024, 5552, 1038748868, 5048, 1038626993, 5040, 1038748913, 5296, 1038748890, 5313, 1038307954, 5057, 1038305161, 5553, 1038319827, 5297, 1038316356, 5569, 1038311385, 5316, 1021331809, 5554, 1037904593, 5053, 1021351676, 5054, 1021175792, 5301, 1021113067, 5302, 1021099326, 5559, 1022017140, 5303, 1022020635, 5060, 1021328095, 5052, 1021711664, 5573, 1021726889, 5061, 1021723065, 5062, 1021370161, 5055, 1021950599, 5059, 1038343698, 5574, 1021364175, 5049, 1038309380, 5563, 1038333648, 5298, 1037904632, 5058, 1038328173, 5041, 1038313519, 5575, 1021744646, 5299, 1038339285, 5051, 1038340172, 5300, 1021959681, 5564, 1021719684, 5042, 1037904686, 5043, 1038342168, 5063, 1021749597, 5050, 1038024555, 5046, 1021101307, 5047, 1022023598, 5044, 1021956448, 5314, 1038327646, 5561, 1038315689, 5315, 1038340724, 5571, 1038337131, 5570, 1038326993, 5317, 1021724739, 5555, 1038335794, 5318, 1021367548, 5562, 1038023858, 5319, 1021747306, 5556, 1021963424, 5045, 1021111051, 5565, 1021355565, 5572, 1021336080, 5567, 1021944416, 5557, 1021115667, 5558, 1021096728, 5566, 1021170843]
[INFO] (lattice_cell.c: 455): on tick 32 of 50
[INFO] (lattice_cell.c: 172): the unmatched_packets is 56
[5568, 1038323131, 5312, 1038322379, 5560, 1038633950, 5056, 1038321747, 5552, 1038743250, 5296, 1038743217, 5048, 1038633105, 5040, 1038743196, 5057, 1038303291, 5569, 1038309158, 5553, 1038313643, 5315, 1038336432, 5318, 1021385400, 5300, 1021948766, 5562, 1038023290, 5557, 1021133674, 5559, 1022006277, 5302, 1021120174, 5061, 1021711981, 5573, 1021716935, 5053, 1021352409, 5046, 1021122842, 5563, 1038327055, 5049, 1038305647, 5058, 1038329541, 5575, 1021739002, 5050, 1038024039, 5044, 1021945493, 5045, 1021127867, 5566, 1021148356, 5567, 1021976056, 5052, 1021722405, 5313, 1038305927, 5054, 1021154687, 5314, 1038328997, 5297, 1038310394, 5561, 1038311619, 5041, 1038307717, 5570, 1038328328, 5060, 1021342417, 5042, 1037918833, 5316, 1021346037, 5059, 1038339161, 5317, 1021714154, 5043, 1038334165, 5554, 1037918738, 5571, 1038333127, 5299, 1038331540, 5555, 1038328324, 5319, 1021742225, 5572, 1021350384, 5556, 1021952733, 5047, 1022013776, 5301, 1021130450, 5303, 1022010339, 5062, 1021388724, 5055, 1021983253, 5063, 1021744976, 5051, 1038333050, 5565, 1021357308, 5558, 1021116890, 5298, 1037918784, 5574, 1021381308, 5564, 1021730629]
[INFO] (lattice_cell.c: 455): on tick 33 of 50
[INFO] (lattice_cell.c: 172): the unmatched_packets is 56
[5568, 1038322227, 5312, 1038321505, 5560, 1038623769, 5056, 1038320906, 5552, 1038751896, 5296, 1038751907, 5048, 1038623042, 5040, 1038751932, 5298, 1037901355, 5554, 1037901319, 5052, 1021727185, 5061, 1021711248, 5555, 1038335191, 5058, 1038328599, 5303, 1021981249, 5059, 1038345486, 5558, 1021137224, 5051, 1038339667, 5559, 1021977662, 5060, 1021331420, 5563, 1038333171, 5573, 1021714934, 5062, 1021373793, 5054, 1021142856, 5063, 1021738087, 5055, 1021985567, 5050, 1038028582, 5297, 1038313532, 5046, 1021141760, 5574, 1021367895, 5564, 1021735418, 5299, 1038338658, 5575, 1021732850, 5041, 1038310687, 5565, 1021340627, 5300, 1021932028, 5047, 1021984363, 5302, 1021139819, 5043, 1038341517, 5044, 1021928807, 5569, 1038313368, 5313, 1038309949, 5553, 1038317020, 5561, 1038315795, 5570, 1038327349, 5314, 1038328038, 5315, 1038342540, 5562, 1038027870, 5571, 1038338971, 5045, 1021148642, 5316, 1021335194, 5317, 1021712823, 5318, 1021371236, 5572, 1021339578, 5556, 1021935753, 5319, 1021735655, 5557, 1021153109, 5053, 1021337085, 5042, 1037901389, 5567, 1021979217, 5566, 1021137903, 5057, 1038307178, 5049, 1038309490, 5301, 1021150577]
[INFO] (lattice_cell.c: 455): on tick 34 of 50
[INFO] (lattice_cell.c: 172): the unmatched_packets is 56
[5568, 1038323014, 5312, 1038322225, 5560, 1038618849, 5056, 1038321548, 5552, 1038757017, 5296, 1038757002, 5040, 1038757004, 5048, 1038618038, 5057, 1038303327, 5314, 1038329284, 5554, 1037905805, 5298, 1037905848, 5060, 1021326625, 5055, 1021975710, 5558, 1021133514, 5302, 1021136750, 5559, 1021988130, 5303, 1021992134, 5047, 1021995481, 5053, 1021333123, 5573, 1021732472, 5051, 1038331451, 5052, 1021730848, 5297, 1038312264, 5049, 1038308341, 5045, 1021110497, 5058, 1038329865, 5574, 1021365569, 5564, 1021739066, 5050, 1038038368, 5575, 1021753842, 5061, 1021727420, 5566, 1021163124, 5567, 1021968804, 5042, 1037905884, 5059, 1038339485, 5301, 1021113131, 5054, 1021169521, 5063, 1021759370, 5041, 1038309589, 5043, 1038334417, 5044, 1021955122, 5561, 1038314296, 5569, 1038309202, 5313, 1038305962, 5553, 1038315530, 5570, 1038328553, 5562, 1038037628, 5315, 1038336714, 5316, 1021330236, 5571, 1038333362, 5317, 1021729680, 5555, 1038328507, 5046, 1021139402, 5572, 1021334568, 5563, 1038325395, 5318, 1021369688, 5319, 1021756862, 5556, 1021962404, 5565, 1021338132, 5062, 1021373020, 5557, 1021116363, 5299, 1038331758, 5300, 1021958434]
[INFO] (lattice_cell.c: 455): on tick 35 of 50
[INFO] (lattice_cell.c: 172): the unmatched_packets is 56
[5568, 1038321979, 5312, 1038321194, 5056, 1038320531, 5560, 1038628462, 5296, 1038766950, 5048, 1038627639, 5552, 1038766950, 5040, 1038766965, 5569, 1038310697, 5313, 1038307299, 5561, 1038313813, 5553, 1038317252, 5057, 1038304514, 5049, 1038307507, 5297, 1038313789, 5058, 1038328922, 5315, 1038339594, 5059, 1038342508, 5051, 1038339223, 5555, 1038336642, 5302, 1021097746, 5303, 1022017312, 5557, 1021166887, 5558, 1021095145, 5559, 1022013538, 5053, 1021364154, 5062, 1021365786, 5054, 1021168337, 5055, 1021960968, 5564, 1021715419, 5061, 1021731071, 5574, 1021359736, 5050, 1038024061, 5047, 1022020559, 5060, 1021322429, 5565, 1021367684, 5566, 1021163381, 5567, 1021954220, 5046, 1021099657, 5042, 1037887304, 5041, 1038310943, 5043, 1038342914, 5044, 1021915475, 5052, 1021707176, 5063, 1021758068, 5570, 1038327572, 5314, 1038328315, 5045, 1021162499, 5562, 1038023269, 5298, 1037887263, 5554, 1037887221, 5571, 1038336087, 5316, 1021326293, 5317, 1021732505, 5563, 1038332814, 5572, 1021330776, 5318, 1021363165, 5319, 1021755481, 5573, 1021734490, 5556, 1021922554, 5575, 1021752564, 5301, 1021164358, 5299, 1038340084, 5300, 1021918765]
[INFO] (lattice_cell.c: 455): on tick 36 of 50
[INFO] (lattice_cell.c: 172): the unmatched_packets is 56
[5568, 1038323053, 5312, 1038322286, 5552, 1038723539, 5560, 1038620732, 5056, 1038321623, 5296, 1038723534, 5048, 1038619912, 5040, 1038723538, 5569, 1038311049, 5313, 1038307803, 5553, 1038313249, 5561, 1038314338, 5057, 1038305165, 5297, 1038309950, 5049, 1038308345, 5041, 1038307247, 5314, 1038329119, 5554, 1037937902, 5570, 1038328424, 5050, 1038036827, 5562, 1038036073, 5317, 1021702713, 5061, 1021700503, 5062, 1021393134, 5055, 1021961799, 5051, 1038334264, 5060, 1021346244, 5558, 1021126127, 5559, 1021994414, 5053, 1021313489, 5564, 1021759062, 5063, 1021730566, 5574, 1021385572, 5045, 1021046208, 5298, 1037937950, 5046, 1021132018, 5059, 1038341686, 5299, 1038332463, 5575, 1021725549, 5566, 1021164939, 5567, 1021955290, 5043, 1038335162, 5044, 1022030227, 5052, 1021750825, 5042, 1037937990, 5315, 1038338865, 5571, 1038335456, 5555, 1038329165, 5563, 1038328079, 5316, 1021349892, 5556, 1022037271, 5318, 1021389764, 5572, 1021354265, 5300, 1022033439, 5557, 1021052119, 5573, 1021705428, 5319, 1021728296, 5302, 1021129357, 5303, 1021998229, 5054, 1021171278, 5047, 1022001371, 5565, 1021318414, 5058, 1038329680, 5301, 1021048878]
[INFO] (lattice_cell.c: 455): on tick 37 of 50
[INFO] (lattice_cell.c: 172): the unmatched_packets is 56
[5568, 1038321810, 5312, 1038320962, 5056, 1038320266, 5552, 1038777035, 5560, 1038644384, 5048, 1038643479, 5296, 1038777053, 5569, 1038310695, 5040, 1038777068, 5313, 1038307304, 5057, 1038304548, 5553, 1038321050, 5561, 1038316433, 5049, 1038310177, 5297, 1038317638, 5041, 1038314831, 5554, 1037876870, 5315, 1038339256, 5059, 1038342113, 5051, 1038336764, 5060, 1021302307, 5053, 1021411681, 5302, 1021117505, 5052, 1021650046, 5558, 1021114894, 5559, 1022003764, 5062, 1021345753, 5054, 1021131047, 5055, 1022007392, 5045, 1021248017, 5058, 1038329293, 5564, 1021658629, 5574, 1021339717, 5299, 1038337044, 5300, 1021816676, 5575, 1021773497, 5565, 1021415117, 5042, 1037876929, 5043, 1038339812, 5063, 1021779399, 5044, 1021813200, 5303, 1022007732, 5046, 1021119467, 5047, 1022011212, 5570, 1038327827, 5314, 1038328638, 5571, 1038335802, 5298, 1037876901, 5316, 1021306198, 5555, 1038333661, 5562, 1038007820, 5563, 1038330444, 5572, 1021310704, 5317, 1021752397, 5318, 1021343142, 5556, 1021820666, 5573, 1021754450, 5319, 1021776610, 5061, 1021750921, 5557, 1021252409, 5050, 1038008662, 5566, 1021126108, 5567, 1022000229, 5301, 1021249883]
[INFO] (lattice_cell.c: 455): on tick 38 of 50
[INFO] (lattice_cell.c: 172): the unmatched_packets is 56
[5568, 1038322938, 5312, 1038322089, 5560, 1038601349, 5056, 1038321380, 5552, 1038732681, 5296, 1038732698, 5048, 1038600490, 5040, 1038732714, 5569, 1038308529, 5313, 1038305250, 5561, 1038310358, 5553, 1038310940, 5057, 1038302597, 5049, 1038304275, 5297, 1038307566, 5058, 1038330117, 5554, 1037929520, 5315, 1038336693, 5050, 1038055766, 5316, 1021406465, 5555, 1038331215, 5060, 1021402871, 5052, 1021849298, 5556, 1022086457, 5061, 1021653849, 5559, 1021967466, 5302, 1021147787, 5303, 1021971104, 5053, 1021231419, 5062, 1021449477, 5054, 1021195020, 5055, 1021936931, 5298, 1037929552, 5574, 1021441923, 5059, 1038339571, 5051, 1038334895, 5299, 1038334560, 5566, 1021188595, 5567, 1021930888, 5301, 1021008927, 5046, 1021150415, 5063, 1021682455, 5047, 1021974080, 5041, 1038304791, 5314, 1038329512, 5043, 1038337308, 5570, 1038328760, 5562, 1038055009, 5571, 1038333234, 5044, 1022079875, 5572, 1021410785, 5563, 1038328622, 5317, 1021655992, 5045, 1021006307, 5318, 1021446077, 5573, 1021658635, 5564, 1021857237, 5575, 1021677734, 5319, 1021680346, 5565, 1021236246, 5042, 1037929587, 5300, 1022082832, 5557, 1021012138, 5558, 1021144568]
[INFO] (lattice_cell.c: 455): on tick 39 of 50
[INFO] (lattice_cell.c: 172): the unmatched_packets is 56
[5568, 1038321795, 5312, 1038320946, 5560, 1038635240, 5056, 1038320238, 5552, 1038761454, 5296, 1038761428, 5048, 1038634373, 5040, 1038761411, 5313, 1038311381, 5057, 1038308660, 5049, 1038312767, 5050, 1038017266, 5298, 1037892213, 5554, 1037892133, 5317, 1021834792, 5318, 1021246178, 5555, 1038333356, 5053, 1021479128, 5557, 1021230178, 5558, 1021098061, 5062, 1021248874, 5559, 1022021757, 5573, 1021836850, 5063, 1021861648, 5047, 1022029544, 5297, 1038316975, 5058, 1038329314, 5574, 1021242614, 5045, 1021225474, 5564, 1021580921, 5299, 1038336708, 5575, 1021855801, 5565, 1021482666, 5054, 1021102281, 5300, 1021842757, 5043, 1038339446, 5567, 1022019472, 5059, 1038345781, 5301, 1021227492, 5060, 1021203540, 5052, 1021571847, 5046, 1021102585, 5569, 1038314703, 5561, 1038318900, 5553, 1038320317, 5042, 1037892267, 5314, 1038328646, 5570, 1038327836, 5044, 1021839106, 5315, 1038342941, 5562, 1038016434, 5316, 1021207629, 5572, 1021212330, 5571, 1038339514, 5319, 1021858901, 5563, 1038332618, 5556, 1021846918, 5041, 1038314234, 5566, 1021097258, 5302, 1021100667, 5303, 1022025919, 5051, 1038338856, 5061, 1021833312, 5055, 1022026926]
[INFO] (lattice_cell.c: 455): on tick 40 of 50
[INFO] (lattice_cell.c: 172): the unmatched_packets is 56
[5568, 1038322637, 5312, 1038321731, 5560, 1038636858, 5552, 1038774240, 5056, 1038320950, 5296, 1038774299, 5048, 1038635927, 5040, 1038774342, 5569, 1038306002, 5553, 1038313136, 5057, 1038299957, 5316, 1021484164, 5050, 1038021399, 5041, 1038306869, 5317, 1021588822, 5319, 1021612681, 5054, 1021265881, 5558, 1021147965, 5559, 1021973739, 5061, 1021586768, 5053, 1021228199, 5297, 1038309710, 5574, 1021518634, 5052, 1021850110, 5045, 1021091086, 5564, 1021857773, 5298, 1037889197, 5575, 1021610111, 5299, 1038331793, 5042, 1037889179, 5051, 1038330832, 5565, 1021232704, 5566, 1021259697, 5060, 1021480713, 5567, 1021874929, 5044, 1021987155, 5047, 1021980125, 5063, 1021614835, 5059, 1038337352, 5302, 1021151143, 5055, 1021881026, 5046, 1021153738, 5313, 1038302666, 5561, 1038311046, 5314, 1038329775, 5570, 1038328964, 5554, 1037889217, 5562, 1038020588, 5315, 1038334478, 5555, 1038328393, 5571, 1038330994, 5556, 1021993759, 5572, 1021488321, 5318, 1021522775, 5563, 1038324478, 5557, 1021096388, 5573, 1021591334, 5062, 1021526117, 5043, 1038334585, 5049, 1038304805, 5058, 1038330429, 5300, 1021990118, 5301, 1021093458, 5303, 1021977252]
[INFO] (lattice_cell.c: 455): on tick 41 of 50
[INFO] (lattice_cell.c: 172): the unmatched_packets is 56
[5568, 1038321729, 5312, 1038320856, 5560, 1038593076, 5552, 1038705144, 5056, 1038320127, 5296, 1038705143, 5048, 1038592128, 5569, 1038313938, 5057, 1038308053, 5314, 1038328804, 5553, 1038319677, 5315, 1038341878, 5554, 1037946710, 5050, 1038058809, 5051, 1038341383, 5062, 1021249186, 5055, 1022087541, 5059, 1038344721, 5557, 1021103219, 5302, 1021044248, 5558, 1021041537, 5303, 1022067257, 5559, 1022063085, 5052, 1021657516, 5573, 1021840815, 5060, 1021201985, 5053, 1021401911, 5297, 1038316362, 5054, 1021032927, 5564, 1021666714, 5574, 1021242746, 5046, 1021046272, 5047, 1022070927, 5041, 1038313652, 5058, 1038329473, 5575, 1021859712, 5565, 1021405866, 5313, 1038310686, 5299, 1038341259, 5566, 1021027649, 5061, 1021837124, 5044, 1021970451, 5040, 1038705153, 5045, 1021098102, 5043, 1038343958, 5063, 1021865355, 5042, 1037946845, 5561, 1038316963, 5570, 1038327958, 5298, 1037946779, 5316, 1021206298, 5555, 1038337972, 5317, 1021838691, 5562, 1038057890, 5571, 1038338443, 5318, 1021246416, 5563, 1038335167, 5572, 1021211236, 5319, 1021862715, 5556, 1021978106, 5049, 1038310976, 5567, 1022080302, 5300, 1021974028, 5301, 1021100317]
[INFO] (lattice_cell.c: 455): on tick 42 of 50
[INFO] (lattice_cell.c: 172): the unmatched_packets is 56
[5568, 1038322872, 5560, 1038666639, 5312, 1038321978, 5056, 1038321213, 5552, 1038790733, 5048, 1038665701, 5296, 1038790727, 5040, 1038790717, 5569, 1038308106, 5057, 1038301917, 5049, 1038305776, 5041, 1038306124, 5060, 1021395419, 5300, 1021911577, 5558, 1021255361, 5052, 1021706863, 5061, 1021663864, 5559, 1021873273, 5573, 1021667994, 5053, 1021367472, 5047, 1021879842, 5564, 1021714783, 5055, 1021864614, 5059, 1038339738, 5574, 1021432956, 5058, 1038330449, 5050, 1037991888, 5044, 1021908631, 5575, 1021685784, 5565, 1021371422, 5566, 1021271133, 5567, 1021858332, 5062, 1021440471, 5054, 1021277192, 5301, 1021172535, 5051, 1038331497, 5302, 1021258398, 5045, 1021170168, 5313, 1038304692, 5297, 1038308978, 5314, 1038329815, 5570, 1038329025, 5553, 1038312433, 5561, 1038312089, 5315, 1038336867, 5298, 1037872527, 5554, 1037872506, 5571, 1038333381, 5316, 1021398773, 5555, 1038325888, 5562, 1037991088, 5317, 1021665676, 5563, 1038325115, 5556, 1021915162, 5318, 1021437078, 5572, 1021402866, 5319, 1021688324, 5046, 1021260878, 5557, 1021175401, 5042, 1037872550, 5043, 1038332142, 5303, 1021876853, 5063, 1021690464, 5299, 1038329328]
[INFO] (lattice_cell.c: 455): on tick 43 of 50
[INFO] (lattice_cell.c: 172): the unmatched_packets is 56
[5568, 1038321161, 5312, 1038320180, 5560, 1038603899, 5056, 1038319358, 5552, 1038735350, 5296, 1038735403, 5048, 1038602942, 5040, 1038735460, 5057, 1038307101, 5314, 1038329181, 5049, 1038311016, 5041, 1038314288, 5556, 1021938053, 5301, 1021139290, 5558, 1020984271, 5559, 1022125735, 5303, 1022129844, 5061, 1021698832, 5053, 1021282994, 5062, 1021391608, 5054, 1021079097, 5055, 1022052881, 5574, 1021385218, 5058, 1038329963, 5575, 1021723023, 5050, 1038048587, 5045, 1021137085, 5566, 1021073806, 5567, 1022045678, 5300, 1021933786, 5042, 1037918248, 5063, 1021728846, 5313, 1038309695, 5059, 1038343393, 5044, 1021930077, 5051, 1038338959, 5302, 1020987127, 5046, 1020989207, 5047, 1022133397, 5561, 1038316988, 5569, 1038312910, 5553, 1038320268, 5043, 1038342255, 5570, 1038328226, 5297, 1038316984, 5562, 1038047655, 5315, 1038340563, 5298, 1037918217, 5316, 1021348906, 5571, 1038337161, 5554, 1037918194, 5317, 1021700615, 5299, 1038339546, 5318, 1021388863, 5563, 1038332733, 5572, 1021353819, 5319, 1021726134, 5555, 1038336254, 5573, 1021702951, 5564, 1021785350, 5060, 1021344638, 5565, 1021287046, 5052, 1021776098, 5557, 1021142141]
[INFO] (lattice_cell.c: 455): on tick 44 of 50
[INFO] (lattice_cell.c: 172): the unmatched_packets is 56
[5568, 1038322812, 5312, 1038321852, 5056, 1038321035, 5560, 1038609856, 5552, 1038761723, 5048, 1038608862, 5296, 1038761734, 5040, 1038761743, 5569, 1038307963, 5313, 1038304553, 5561, 1038312068, 5057, 1038301789, 5553, 1038312752, 5049, 1038305723, 5297, 1038309242, 5041, 1038306336, 5058, 1038330846, 5315, 1038336999, 5050, 1038047401, 5316, 1021279507, 5059, 1038339933, 5555, 1038328944, 5318, 1021318501, 5061, 1021783344, 5062, 1021321850, 5574, 1021314382, 5053, 1021373876, 5298, 1037900913, 5575, 1021803310, 5299, 1038332365, 5300, 1021987667, 5567, 1021948655, 5043, 1038335164, 5054, 1021180247, 5045, 1021094832, 5301, 1021097090, 5055, 1021954751, 5046, 1021214687, 5060, 1021276001, 5047, 1021915881, 5303, 1021912767, 5052, 1021701369, 5042, 1037900920, 5570, 1038329350, 5562, 1038046571, 5314, 1038330177, 5571, 1038333456, 5554, 1037900898, 5563, 1038326883, 5572, 1021283750, 5317, 1021784970, 5556, 1021991101, 5573, 1021787044, 5319, 1021805685, 5564, 1021709045, 5557, 1021099917, 5044, 1021984865, 5558, 1021209338, 5559, 1021909078, 5565, 1021377880, 5566, 1021174127, 5051, 1038333283, 5063, 1021807683, 5302, 1021212266]
[INFO] (lattice_cell.c: 455): on tick 45 of 50
[INFO] (lattice_cell.c: 172): the unmatched_packets is 56
[5568, 1038321446, 5560, 1038649998, 5312, 1038320541, 5056, 1038319778, 5552, 1038748694, 5296, 1038748687, 5313, 1038309845, 5057, 1038307254, 5040, 1038748699, 5553, 1038319237, 5317, 1021694213, 5061, 1021692449, 5558, 1021096093, 5559, 1022020285, 5053, 1021368635, 5573, 1021696557, 5044, 1021940590, 5054, 1021207043, 5063, 1021721873, 5055, 1021924810, 5050, 1038003111, 5297, 1038315984, 5060, 1021350231, 5052, 1021689604, 5049, 1038311028, 5574, 1021392238, 5058, 1038329661, 5298, 1037904571, 5047, 1022027958, 5059, 1038343239, 5575, 1021716226, 5299, 1038337955, 5564, 1021699218, 5041, 1038313330, 5062, 1021399142, 5300, 1021944307, 5301, 1021131429, 5302, 1021098913, 5303, 1022024416, 5043, 1038340675, 5048, 1038649014, 5045, 1021129043, 5046, 1021101037, 5561, 1038316941, 5314, 1038328926, 5042, 1037904640, 5315, 1038340456, 5571, 1038337098, 5562, 1038002125, 5316, 1021354551, 5554, 1037904488, 5569, 1038313037, 5572, 1021359567, 5318, 1021396157, 5570, 1038328038, 5319, 1021719260, 5555, 1038334671, 5563, 1038332021, 5565, 1021372790, 5566, 1021201627, 5567, 1021917399, 5556, 1021948589, 5557, 1021134506, 5051, 1038338190]
[INFO] (lattice_cell.c: 455): on tick 46 of 50
[INFO] (lattice_cell.c: 172): the unmatched_packets is 56
[5568, 1038322344, 5312, 1038321305, 5056, 1038320412, 5560, 1038626469, 5552, 1038744614, 5296, 1038744652, 5048, 1038625394, 5040, 1038744690, 5057, 1038301749, 5049, 1038306185, 5553, 1038313598, 5058, 1038331128, 5570, 1038329489, 5299, 1038332386, 5555, 1038328927, 5571, 1038333641, 5557, 1021165705, 5558, 1021084379, 5061, 1021697850, 5559, 1022032752, 5054, 1021112207, 5062, 1021406066, 5047, 1022039364, 5063, 1021723116, 5041, 1038307172, 5051, 1038333195, 5060, 1021362363, 5042, 1037917681, 5043, 1038335216, 5575, 1021718419, 5313, 1038304554, 5298, 1037917700, 5050, 1038032008, 5565, 1021324346, 5566, 1021106545, 5567, 1022018288, 5300, 1021919695, 5301, 1021163062, 5303, 1022036320, 5044, 1021916776, 5569, 1038307990, 5297, 1038310079, 5314, 1038330410, 5315, 1038337200, 5046, 1021089716, 5562, 1038031141, 5316, 1021365779, 5561, 1038312606, 5554, 1037917727, 5317, 1021699441, 5572, 1021369873, 5318, 1021402951, 5319, 1021720936, 5573, 1021701519, 5563, 1038326694, 5556, 1021923219, 5045, 1021160975, 5574, 1021399084, 5564, 1021761000, 5302, 1021087311, 5052, 1021753163, 5053, 1021320838, 5055, 1022024504, 5059, 1038340143]
[INFO] (lattice_cell.c: 455): on tick 47 of 50
[INFO] (lattice_cell.c: 172): the unmatched_packets is 56
[5568, 1038321317, 5312, 1038320308, 5056, 1038319483, 5560, 1038604253, 5552, 1038759341, 5296, 1038759397, 5048, 1038603290, 5040, 1038759479, 5569, 1038312406, 5313, 1038309251, 5561, 1038316660, 5057, 1038306697, 5553, 1038321058, 5049, 1038310779, 5041, 1038315140, 5297, 1038317805, 5059, 1038342530, 5318, 1021344649, 5319, 1021773022, 5562, 1038046709, 5047, 1021951921, 5558, 1021169749, 5559, 1021944176, 5052, 1021728540, 5061, 1021746500, 5563, 1038332364, 5043, 1038340895, 5044, 1021950302, 5058, 1038330294, 5298, 1037894161, 5575, 1021770148, 5566, 1021145955, 5050, 1038047672, 5299, 1038338228, 5045, 1021111378, 5300, 1021953947, 5570, 1038328525, 5314, 1038329509, 5301, 1021113861, 5315, 1038339721, 5302, 1021172704, 5303, 1021948358, 5571, 1038336345, 5316, 1021301960, 5317, 1021748362, 5554, 1037894143, 5572, 1021307058, 5555, 1038334980, 5573, 1021750753, 5556, 1021958183, 5574, 1021340606, 5046, 1021174971, 5564, 1021737913, 5565, 1021336402, 5567, 1021972775, 5060, 1021297560, 5053, 1021331954, 5062, 1021347800, 5054, 1021151898, 5557, 1021117018, 5063, 1021775460, 5055, 1021979786, 5051, 1038338490, 5042, 1037894194]
[INFO] (lattice_cell.c: 455): on tick 48 of 50
[INFO] (lattice_cell.c: 172): the unmatched_packets is 56
[5568, 1038322494, 5312, 1038321463, 5560, 1038633186, 5056, 1038320574, 5552, 1038758845, 5048, 1038632075, 5313, 1038305042, 5057, 1038302244, 5040, 1038758805, 5060, 1021323205, 5301, 1021114469, 5557, 1021117116, 5559, 1022002871, 5061, 1021734972, 5043, 1038335025, 5053, 1021375678, 5054, 1021200881, 5063, 1021758488, 5055, 1021932104, 5563, 1038327272, 5297, 1038309996, 5059, 1038340710, 5049, 1038304364, 5051, 1038333761, 5574, 1021361057, 5058, 1038331156, 5298, 1037904179, 5047, 1022009872, 5050, 1038024772, 5296, 1038758818, 5299, 1038332170, 5045, 1021112424, 5575, 1021753889, 5041, 1038307068, 5564, 1021712548, 5565, 1021379043, 5062, 1021368119, 5300, 1021968453, 5566, 1021195410, 5567, 1021925561, 5044, 1021965536, 5052, 1021704530, 5569, 1038308484, 5042, 1037904211, 5314, 1038330450, 5553, 1038313536, 5315, 1038337766, 5571, 1038334197, 5554, 1037904132, 5561, 1038310790, 5316, 1021326795, 5562, 1038023844, 5570, 1038329556, 5572, 1021331072, 5046, 1021121407, 5317, 1021736327, 5318, 1021364963, 5555, 1038328691, 5556, 1021971936, 5319, 1021756354, 5558, 1021116658, 5573, 1021738166, 5302, 1021119291, 5303, 1022006653]
[INFO] (lattice_cell.c: 455): on tick 49 of 50
[INFO] (lattice_cell.c: 172): the unmatched_packets is 56
[5568, 1038321119, 5312, 1038320118, 5560, 1038635692, 5056, 1038319277, 5552, 1038740750, 5296, 1038740807, 5048, 1038634681, 5040, 1038740867, 5569, 1038314135, 5313, 1038310968, 5561, 1038316366, 5057, 1038308413, 5553, 1038318879, 5297, 1038315646, 5041, 1038312983, 5049, 1038310479, 5570, 1038328345, 5314, 1038329320, 5562, 1038016564, 5058, 1038330108, 5554, 1037912276, 5298, 1037912290, 5050, 1038017543, 5042, 1037912321, 5571, 1038338050, 5059, 1038344199, 5315, 1038341405, 5563, 1038331333, 5555, 1038334151, 5299, 1038337415, 5051, 1038337508, 5060, 1021346215, 5557, 1021148418, 5558, 1021084967, 5559, 1022031751, 5063, 1021720952, 5044, 1021929496, 5061, 1021691650, 5053, 1021343147, 5046, 1021090600, 5566, 1021146437, 5302, 1021088152, 5303, 1022035712, 5062, 1021396381, 5054, 1021152412, 5055, 1021982503, 5316, 1021350474, 5564, 1021727402, 5317, 1021693611, 5573, 1021696080, 5043, 1038340106, 5318, 1021393137, 5556, 1021937336, 5319, 1021718528, 5565, 1021347535, 5572, 1021355465, 5574, 1021388969, 5575, 1021715695, 5567, 1021975506, 5300, 1021933116, 5052, 1021717886, 5045, 1021142706, 5301, 1021145234, 5047, 1022039041]
[INFO] (lattice_cell.c: 455): on tick 50 of 50
[INFO] (lattice_cell.c: 466): updating recording regions
[INFO] (recording.c: 507): 	Finalising channel 0 - state info stored in SDRAM
[INFO] (recording.c: 512): closed channel 0.
[INFO] (lattice_cell.c: 470): Simulation complete.

