[INFO] (lattice_cell.c: 604): starting lattice cell
[INFO] (lattice_cell.c: 526): Initialise: started
[INFO] (data_specification.c: 78): magic = ad130ad6, version = 1.0
[INFO] (lattice_cell.c: 555): my key is 4856
[INFO] (lattice_cell.c: 562): I'm in position ( 18, 31)
[INFO] (lattice_cell.c: 568): my n key is 4600
[INFO] (lattice_cell.c: 574): my U_X = -0.009999959729611874
[INFO] (lattice_cell.c: 575): my U_Y = -0.0004619397805072367
[INFO] (lattice_cell.c: 583): input_buffer initialised
[INFO] (recording.c: 563): Recording 1 regions, using output tag 0, size before trigger 7686388, time between triggers 50
[INFO] (recording.c: 665): Recording channel 0 configured to use 7686132 byte memory block starting at 0x626ea710
[INFO] (lattice_cell.c: 588): Recording flags = 0x00000001
[INFO] (lattice_cell.c: 619): setting timer to execute every 200000 microseconds
[INFO] (lattice_cell.c: 627): Starting

[INFO] (simulation.c: 159): Setting the runtime of this model to 50 starting at 0
[INFO] (simulation.c: 161): Setting the flag of infinite run for this model to 0
[INFO] (simulation.c: 175): Resuming
[INFO] (lattice_cell.c: 455): on tick 0 of 50
[4864, 1037884798, 4848, 1037884807, 4600, 1037884797, 5112, 1037884799, 5104, 1037884809, 4592, 1037884809, 4352, 1037884796, 4865, 1038300202, 4608, 1037884800, 4849, 1038298139, 4601, 1038296868, 4609, 1038298141, 5113, 1038300202, 5105, 1038300202, 4353, 1038296868, 4866, 1038779582, 4850, 1038779569, 4602, 1038779577, 4867, 1038337402, 5114, 1038779581, 4611, 1038339475, 4605, 1021979140, 4597, 1021979132, 5108, 1021090131, 4614, 1022024302, 4607, 1021128236, 4599, 1021128250, 5109, 1021982664, 5116, 1021090121, 4615, 1021127040, 5118, 1022022103, 4851, 1038339473, 5115, 1038337402, 4852, 1021088191, 4868, 1021090121, 4853, 1021980475, 4869, 1021982674, 4854, 1022024287, 4870, 1022022105, 4855, 1021127047, 4871, 1021125090, 5110, 1022022093, 5119, 1021125092, 4354, 1038779578, 5106, 1038779571, 4593, 1038296872, 4355, 1038340748, 4610, 1038779584, 4356, 1021086987, 4357, 1021979139, 4596, 1021087000, 4594, 1038779571, 4603, 1038340748, 4358, 1022025651, 4595, 1038340752, 4359, 1021128237, 4604, 1021086987, 4612, 1021088184, 4613, 1021980490, 4606, 1022025649, 4598, 1022025642, 5117, 1021982674, 5111, 1021125100, 5107, 1038337402]
[INFO] (lattice_cell.c: 455): on tick 1 of 50
[INFO] (lattice_cell.c: 172): the unmatched_packets is 56
[4864, 1037879860, 4848, 1037879887, 4608, 1037879862, 4600, 1037879863, 5112, 1037879863, 4352, 1037879858, 5104, 1037879885, 4865, 1038308965, 4849, 1038306892, 4592, 1037879889, 4609, 1038306894, 4610, 1038774642, 4851, 1038347565, 5114, 1038774631, 4871, 1021118971, 4855, 1021121831, 4607, 1021123872, 4615, 1021121791, 4599, 1021123906, 4353, 1038305607, 5106, 1038774605, 5116, 1021086302, 4601, 1038305605, 4866, 1038774636, 5108, 1021086268, 5119, 1021118976, 4850, 1038774607, 5113, 1038308965, 4867, 1038345496, 5105, 1038308959, 4868, 1021086305, 4357, 1021974468, 4852, 1021083454, 5111, 1021119003, 5117, 1021976229, 4358, 1022020395, 4869, 1021976223, 4853, 1021974946, 4870, 1022018625, 5107, 1038345492, 5110, 1022018585, 5118, 1022018623, 4854, 1022019903, 4593, 1038305605, 4602, 1038774639, 4594, 1038774617, 4603, 1038348858, 4611, 1038347567, 4595, 1038348858, 4604, 1021081409, 4354, 1038774644, 4612, 1021083494, 4356, 1021081409, 4596, 1021081383, 4613, 1021974916, 4605, 1021974478, 4614, 1022019947, 4597, 1021974508, 4606, 1022020389, 4598, 1022020353, 4359, 1021123868, 5115, 1038345496, 4355, 1038348858, 5109, 1021976259]
[INFO] (lattice_cell.c: 455): on tick 2 of 50
[INFO] (lattice_cell.c: 172): the unmatched_packets is 56
[4864, 1037885234, 4608, 1037885232, 4848, 1037885169, 4600, 1037885225, 5104, 1037885171, 5112, 1037885225, 4352, 1037885230, 4865, 1038300436, 4849, 1038298347, 5105, 1038300434, 4601, 1038297056, 4867, 1038338090, 5113, 1038300432, 4851, 1038340185, 4602, 1038780027, 4354, 1038780022, 4604, 1021088048, 4356, 1021088021, 5107, 1038338086, 4854, 1022024155, 4606, 1022025469, 4855, 1021126808, 4358, 1022025469, 4614, 1022024118, 4598, 1022025505, 5116, 1021091238, 4599, 1021128043, 5117, 1021983650, 5109, 1021983475, 5115, 1038338090, 5119, 1021124875, 4866, 1038780026, 4850, 1038780079, 5114, 1038780029, 4355, 1038341478, 4353, 1038297058, 4357, 1021980196, 4868, 1021091225, 4852, 1021089430, 4359, 1021128084, 4869, 1021983690, 4853, 1021981320, 4870, 1022021958, 5108, 1021091386, 4871, 1021124891, 4592, 1037885169, 4609, 1038298343, 4593, 1038297056, 4610, 1038780020, 4594, 1038780077, 4603, 1038341480, 4612, 1021089255, 4611, 1038340187, 4595, 1038341476, 4596, 1021088189, 4605, 1021980164, 4613, 1021981527, 4597, 1021979984, 4607, 1021128080, 5110, 1022021995, 4615, 1021126844, 5118, 1022021968, 5111, 1021124840, 5106, 1038780081]
[INFO] (lattice_cell.c: 455): on tick 3 of 50
[INFO] (lattice_cell.c: 172): the unmatched_packets is 56
[4864, 1037879934, 4848, 1037880301, 4608, 1037879934, 4600, 1037879979, 5112, 1037879975, 5104, 1037880299, 4592, 1037880299, 4352, 1037879932, 4865, 1038309309, 4849, 1038307195, 4609, 1038307236, 4601, 1038305925, 4593, 1038305892, 5113, 1038309301, 5105, 1038309266, 4866, 1038774670, 4850, 1038774299, 4610, 1038774672, 4602, 1038774633, 4353, 1038305933, 4867, 1038345219, 4851, 1038347308, 4594, 1038774301, 5106, 1038774295, 4611, 1038347298, 5114, 1038774629, 4869, 1021975862, 4853, 1021975442, 4870, 1022019145, 4612, 1021082986, 4854, 1022020187, 5107, 1038345227, 4855, 1021122712, 4606, 1022020994, 4615, 1021122378, 5117, 1021975989, 5118, 1022019081, 5109, 1021976829, 4868, 1021085800, 4852, 1021082182, 5111, 1021119907, 5108, 1021084975, 5115, 1038345221, 5116, 1021085673, 4871, 1021119568, 5110, 1022018797, 4354, 1038774676, 4355, 1038348603, 4603, 1038348605, 4595, 1038348611, 4613, 1021974465, 4604, 1021080830, 4605, 1021974082, 4357, 1021973953, 4596, 1021080130, 4598, 1022020718, 4358, 1022021055, 4356, 1021080954, 4597, 1021974919, 5119, 1021119630, 4359, 1021124433, 4614, 1022020550, 4607, 1021124503, 4599, 1021124781]
[INFO] (lattice_cell.c: 455): on tick 4 of 50
[INFO] (lattice_cell.c: 172): the unmatched_packets is 56
[4864, 1037885152, 4848, 1037883477, 4608, 1037885148, 4600, 1037884951, 4592, 1037883473, 4865, 1038300266, 5104, 1037883477, 5112, 1037884951, 4849, 1038298382, 4352, 1037885146, 4609, 1038298147, 4866, 1038780106, 4593, 1038297073, 4852, 1021093766, 4594, 1038781833, 5113, 1038300297, 4595, 1038341714, 5106, 1038781835, 4596, 1021092445, 4855, 1021124813, 4871, 1021124282, 4606, 1022025085, 5115, 1038338290, 5108, 1021095783, 5109, 1021979242, 5117, 1021983373, 4850, 1038781839, 4867, 1038338302, 4851, 1038340409, 5105, 1038300497, 5114, 1038780305, 4868, 1021091926, 4869, 1021984060, 4853, 1021977153, 4353, 1038296842, 4870, 1022021405, 4854, 1022025064, 4354, 1038780102, 4355, 1038341730, 4356, 1021088585, 4357, 1021980679, 4358, 1022024785, 4359, 1021127619, 5119, 1021124009, 5107, 1038338284, 4603, 1038341724, 4601, 1038296881, 4610, 1038780100, 4602, 1038780311, 4613, 1021981974, 4611, 1038340423, 4605, 1021980008, 4612, 1021089909, 4604, 1021089133, 5111, 1021122800, 4597, 1021975880, 4614, 1022023493, 4598, 1022026358, 4607, 1021127351, 4615, 1021126298, 4599, 1021126136, 5118, 1022021701, 5116, 1021092468, 5110, 1022022967]
[INFO] (lattice_cell.c: 455): on tick 5 of 50
[INFO] (lattice_cell.c: 172): the unmatched_packets is 56
[4864, 1037880346, 4608, 1037880340, 4848, 1037887668, 4600, 1037881294, 5104, 1037887668, 5112, 1037881294, 4352, 1037880342, 4865, 1038309520, 4592, 1037887664, 4849, 1038306373, 4609, 1038307443, 4601, 1038305926, 5105, 1038308446, 4866, 1038774260, 4593, 1038305060, 4353, 1038306122, 4610, 1038774264, 4851, 1038347134, 4868, 1021085014, 4869, 1021975973, 4603, 1038348365, 4853, 1021995807, 4355, 1038348315, 4596, 1021063185, 4854, 1022014550, 4871, 1021119852, 4598, 1022015178, 4606, 1022020537, 5108, 1021067945, 5116, 1021082457, 5110, 1022013019, 5111, 1021126368, 4850, 1038766651, 5107, 1038345053, 5118, 1022018394, 4356, 1021080297, 5114, 1038773272, 4867, 1038344913, 4358, 1022021985, 4852, 1021065176, 5115, 1038344959, 5113, 1038309324, 4870, 1022019851, 4602, 1038773276, 4594, 1038766651, 4354, 1038774268, 4855, 1021129124, 4611, 1038346998, 5106, 1038766645, 4595, 1038348459, 4359, 1021124585, 4612, 1021082262, 4357, 1021973836, 4604, 1021077734, 4597, 1021995187, 4613, 1021974454, 4605, 1021977169, 4614, 1022021374, 4607, 1021125893, 4599, 1021131106, 4615, 1021122613, 5119, 1021121156, 5109, 1021997340, 5117, 1021979316]
[INFO] (lattice_cell.c: 455): on tick 6 of 50
[INFO] (lattice_cell.c: 172): the unmatched_packets is 56
[4864, 1037883218, 4608, 1037883220, 4848, 1037861640, 4600, 1037879168, 5104, 1037861640, 5112, 1037879172, 4865, 1038300355, 4352, 1037883214, 4609, 1038298218, 5113, 1038301192, 4868, 1021093688, 4595, 1038341676, 4853, 1021915075, 4612, 1021091587, 4613, 1021980345, 4855, 1021108826, 4357, 1021979148, 4614, 1022021086, 4598, 1022041823, 4871, 1021124840, 5117, 1021967513, 5118, 1022025628, 5110, 1022038625, 5107, 1038338204, 4849, 1038299185, 5114, 1038786286, 5116, 1021105117, 4866, 1038782090, 4850, 1038804420, 4592, 1037861636, 4354, 1038782096, 4867, 1038338637, 4851, 1038340353, 5105, 1038301356, 4353, 1038296893, 4355, 1038342113, 4852, 1021152550, 5106, 1038804416, 4356, 1021090143, 4869, 1021982330, 4870, 1022019097, 4854, 1022040613, 4358, 1022022289, 5115, 1038338414, 5108, 1021154609, 4601, 1038297720, 4593, 1038297842, 4602, 1038786284, 4610, 1038782096, 4594, 1038804418, 4603, 1038341884, 4611, 1038340786, 5109, 1021917001, 5111, 1021106703, 4596, 1021151172, 4604, 1021101583, 4605, 1021964361, 4606, 1022028820, 4597, 1021913918, 4607, 1021122725, 4359, 1021128399, 4615, 1021126954, 4599, 1021110255, 5119, 1021119182]
[INFO] (lattice_cell.c: 455): on tick 7 of 50
[INFO] (lattice_cell.c: 172): the unmatched_packets is 56
[4864, 1037888914, 4608, 1037888912, 4848, 1037920976, 4600, 1037899660, 4592, 1037920974, 5112, 1037899656, 5104, 1037920980, 4352, 1037888908, 4865, 1038308770, 4849, 1038308015, 4609, 1038306687, 4866, 1038765383, 5105, 1038310039, 4851, 1038347408, 4593, 1038306747, 4594, 1038732301, 4603, 1038348202, 4853, 1022109094, 4854, 1021999030, 4597, 1022108208, 4855, 1021145478, 4614, 1022030738, 4598, 1021999798, 5113, 1038308622, 4599, 1021147356, 5109, 1022110864, 5117, 1022028577, 4850, 1038732295, 5114, 1038754259, 4354, 1038765383, 4867, 1038343824, 5108, 1020948722, 4355, 1038347237, 4357, 1021982677, 4358, 1022031520, 5111, 1021142797, 4852, 1020945929, 4601, 1038305250, 4868, 1021079180, 4869, 1021985102, 5115, 1038344772, 4870, 1022029070, 4871, 1021114892, 5106, 1038732293, 5116, 1021036339, 5119, 1021133103, 5107, 1038345321, 4353, 1038305360, 4602, 1038754253, 4610, 1038765385, 4611, 1038345914, 4595, 1038348751, 4604, 1021031688, 4612, 1021076498, 4596, 1020943920, 4359, 1021119481, 4605, 1022026058, 4613, 1021983437, 4606, 1022009939, 4607, 1021137663, 4615, 1021117574, 4356, 1021074608, 5110, 1021997363, 5118, 1022007504]
[INFO] (lattice_cell.c: 455): on tick 8 of 50
[INFO] (lattice_cell.c: 172): the unmatched_packets is 56
[4864, 1037855028, 4848, 1037848733, 4608, 1037855030, 4600, 1037844792, 5104, 1037848731, 4592, 1037848741, 5112, 1037844792, 4865, 1038300934, 4849, 1038299215, 5105, 1038301460, 4866, 1038811290, 4609, 1038298757, 5113, 1038299525, 4868, 1021120245, 4852, 1021256374, 4595, 1038341815, 5115, 1038339022, 4854, 1022029801, 5109, 1021811526, 5111, 1021115111, 4606, 1022035802, 4614, 1021992404, 5108, 1021258463, 5106, 1038817160, 4599, 1021118935, 4850, 1038817154, 4354, 1038811294, 4355, 1038342723, 4356, 1021116545, 4867, 1038339162, 4851, 1038340464, 5118, 1022032858, 4601, 1038295911, 4353, 1038297386, 4357, 1021950538, 4869, 1021953405, 4853, 1021809841, 4870, 1021990575, 4352, 1037855026, 5110, 1022027923, 5107, 1038338297, 4855, 1021117369, 4871, 1021150406, 4593, 1038297780, 4602, 1038821749, 4610, 1038811294, 4594, 1038817152, 4603, 1038342527, 4611, 1038341352, 4604, 1021204820, 5116, 1021208353, 4597, 1021808954, 4612, 1021118056, 5119, 1021107955, 4607, 1021111736, 4596, 1021254980, 4605, 1021867849, 4613, 1021951574, 4358, 1021993453, 4359, 1021154095, 4598, 1022030886, 4615, 1021152579, 5114, 1038821741, 5117, 1021870588]
[INFO] (lattice_cell.c: 455): on tick 9 of 50
[INFO] (lattice_cell.c: 172): the unmatched_packets is 56
[4864, 1037944871, 4848, 1037889182, 4608, 1037944871, 4600, 1037931529, 5112, 1037931529, 5104, 1037889188, 4865, 1038310924, 4849, 1038306888, 4601, 1038305206, 4609, 1038308880, 4352, 1037944869, 4866, 1038707598, 4850, 1038765712, 5105, 1038308889, 5113, 1038308475, 4594, 1038765727, 4852, 1020978746, 5106, 1038765702, 4605, 1022133732, 4356, 1020999339, 4597, 1022079836, 4613, 1022051655, 4855, 1021111734, 4871, 1021040171, 4614, 1022098087, 4359, 1021044791, 4599, 1021113484, 4615, 1021042891, 4867, 1038346071, 4851, 1038346164, 4868, 1021003946, 5119, 1021105199, 5111, 1021109171, 4869, 1022053548, 4853, 1022080962, 5114, 1038721656, 4870, 1022096178, 4854, 1022038034, 5107, 1038344070, 5116, 1020930093, 5117, 1022136799, 4592, 1037889170, 4354, 1038707602, 5108, 1020981447, 5109, 1022083011, 4355, 1038349418, 4593, 1038305639, 4353, 1038307580, 4602, 1038721668, 4610, 1038707598, 4603, 1038347895, 4611, 1038348126, 4357, 1022050660, 4595, 1038347497, 4604, 1020925387, 5110, 1022036210, 4358, 1022099102, 4596, 1020976804, 4612, 1021001228, 4606, 1022041604, 4598, 1022038939, 4607, 1021109650, 5118, 1022038782, 5115, 1038344484]
[INFO] (lattice_cell.c: 455): on tick 10 of 50
[INFO] (lattice_cell.c: 172): the unmatched_packets is 56
[4864, 1037803280, 4848, 1037886964, 4608, 1037803280, 4600, 1037841776, 4592, 1037886962, 5104, 1037886968, 5112, 1037841760, 4352, 1037803280, 4865, 1038300997, 4849, 1038297955, 4609, 1038298739, 4866, 1038864138, 5105, 1038300219, 4850, 1038777821, 4601, 1038297078, 4593, 1038296521, 4602, 1038824181, 4353, 1038297294, 4595, 1038343223, 5107, 1038339626, 4597, 1021983928, 4871, 1021260569, 4598, 1021994173, 5117, 1021867990, 4615, 1021262764, 5109, 1021986260, 5108, 1021088958, 5106, 1038777825, 5114, 1038824209, 4354, 1038864140, 5118, 1021936047, 5119, 1021211436, 5110, 1021991500, 5111, 1021150117, 4355, 1038342469, 4867, 1038338753, 4356, 1021226902, 4851, 1038341834, 4868, 1021230597, 4852, 1021086739, 5113, 1038300811, 4357, 1021837994, 4869, 1021840386, 4610, 1038864142, 4853, 1021984709, 4358, 1021881202, 4594, 1038777813, 4603, 1038340755, 4870, 1021878804, 4612, 1021228418, 4359, 1021264280, 4611, 1038341019, 4854, 1021993237, 4855, 1021152435, 4604, 1021200519, 5116, 1021204243, 4596, 1021085187, 4605, 1021865699, 4599, 1021154137, 5115, 1038337106, 4613, 1021838794, 4606, 1021938585, 4614, 1021880399, 4607, 1021215294]
[INFO] (lattice_cell.c: 455): on tick 11 of 50
[INFO] (lattice_cell.c: 172): the unmatched_packets is 56
[4864, 1037927764, 4848, 1037902262, 4608, 1037927758, 4600, 1037910667, 4592, 1037902266, 4865, 1038308995, 4849, 1038308305, 4352, 1037927766, 4609, 1038306978, 4610, 1038726460, 5105, 1038310344, 5113, 1038309692, 4868, 1020939489, 4852, 1021125156, 4869, 1022127951, 4853, 1021927805, 4870, 1022169949, 4854, 1022080596, 4855, 1021059552, 4606, 1022177259, 4598, 1022081757, 4871, 1020975150, 4615, 1020977783, 4599, 1021061315, 5117, 1021987221, 4866, 1038726456, 4850, 1038751062, 5110, 1022078584, 5116, 1021076107, 4867, 1038344382, 4851, 1038348148, 5115, 1038343861, 5112, 1037910671, 5118, 1022173966, 5111, 1021056969, 5104, 1037902258, 5119, 1020970786, 5107, 1038346081, 4353, 1038305715, 4354, 1038726456, 4593, 1038307023, 5108, 1021127807, 4601, 1038306379, 4355, 1038347671, 4602, 1038743473, 4594, 1038751078, 4356, 1020934991, 4357, 1022124539, 4603, 1038347161, 4611, 1038346412, 4595, 1038349460, 5114, 1038743437, 4359, 1020979636, 4604, 1021071667, 4596, 1021123332, 4612, 1020936855, 5109, 1021929895, 4605, 1021983814, 4613, 1022125796, 4597, 1021926589, 4614, 1022172113, 4607, 1020975274, 4358, 1022173408, 5106, 1038751062]
[INFO] (lattice_cell.c: 455): on tick 12 of 50
[INFO] (lattice_cell.c: 172): the unmatched_packets is 56
[4864, 1037893972, 4848, 1037839610, 4608, 1037893972, 4600, 1037861227, 5112, 1037861253, 4865, 1038301189, 4849, 1038297846, 4601, 1038295476, 4867, 1038338677, 5105, 1038300090, 4868, 1021158361, 4611, 1038340962, 4853, 1021994618, 4870, 1021952778, 4612, 1021156014, 4605, 1022020090, 4357, 1021912223, 4855, 1021252197, 4871, 1021188321, 4606, 1021867107, 4607, 1021279482, 4598, 1021893563, 5110, 1021891292, 5117, 1022022297, 5107, 1038339283, 5119, 1021275514, 5106, 1038827074, 5104, 1037839622, 5114, 1038804370, 4866, 1038769799, 4850, 1038827066, 4851, 1038341550, 5116, 1021056309, 4852, 1021076019, 4869, 1021914339, 4352, 1037893964, 4353, 1038297452, 4854, 1021892850, 5111, 1021249869, 4354, 1038769803, 4592, 1037839601, 4609, 1038298923, 4355, 1038342437, 5113, 1038299167, 4356, 1021154308, 5109, 1021996130, 4593, 1038296404, 4602, 1038804374, 4610, 1038769799, 4594, 1038827056, 4358, 1021954919, 4603, 1038343212, 4595, 1038343004, 4604, 1021052276, 4359, 1021192409, 5108, 1021078346, 4596, 1021074378, 4613, 1021912874, 4597, 1021993907, 5115, 1038339450, 4614, 1021954259, 4615, 1021190696, 4599, 1021253870, 5118, 1021864938]
[INFO] (lattice_cell.c: 455): on tick 13 of 50
[INFO] (lattice_cell.c: 172): the unmatched_packets is 56
[4864, 1037858086, 4608, 1037858094, 4848, 1037913860, 4600, 1037889665, 5112, 1037889629, 5104, 1037913851, 4592, 1037913872, 4865, 1038310045, 4352, 1037858090, 4849, 1038307703, 4609, 1038307985, 5105, 1038309774, 4593, 1038306385, 4353, 1038306677, 4594, 1038740099, 4603, 1038347711, 4852, 1021075079, 4595, 1038347788, 4611, 1038347466, 4604, 1021080456, 4869, 1021950455, 4597, 1021979416, 4613, 1021948258, 4607, 1021045858, 4871, 1021144919, 5119, 1021041640, 4599, 1020962028, 5113, 1038309227, 5117, 1021978334, 5110, 1022188235, 4866, 1038797124, 4850, 1038740081, 5114, 1038764814, 4851, 1038346496, 4867, 1038345394, 4354, 1038797140, 4355, 1038348771, 4868, 1021108247, 4356, 1021104060, 4853, 1021980751, 4357, 1021946946, 5118, 1022102028, 4854, 1022190446, 4870, 1021991283, 4358, 1021994851, 5115, 1038344365, 4855, 1020960293, 5109, 1021982932, 4601, 1038305835, 5108, 1021077607, 5111, 1020957743, 4602, 1038764808, 4610, 1038797130, 4596, 1021073359, 4612, 1021105745, 4605, 1021974855, 4606, 1022105667, 4359, 1021149112, 4598, 1022191814, 4614, 1021993506, 4615, 1021147406, 5116, 1021084718, 5106, 1038740079, 5107, 1038344450]
[INFO] (lattice_cell.c: 455): on tick 14 of 50
[INFO] (lattice_cell.c: 172): the unmatched_packets is 56
[4864, 1037878137, 4848, 1037879564, 4608, 1037878135, 4600, 1037894391, 5104, 1037879592, 4865, 1038300849, 4849, 1038298044, 5112, 1037894399, 4609, 1038298602, 4866, 1038787995, 4352, 1037878135, 4851, 1038341842, 4603, 1038341157, 4353, 1038297162, 5113, 1038300671, 4595, 1038343312, 5105, 1038300285, 5107, 1038339559, 4870, 1022052402, 4854, 1021911448, 4597, 1021982275, 4606, 1022031453, 4855, 1021233440, 4607, 1021121780, 4598, 1021912048, 4871, 1021092683, 4357, 1022009781, 5111, 1021230972, 5117, 1021957295, 4615, 1021095154, 5106, 1038784747, 5108, 1021089791, 5116, 1021119397, 5109, 1021984382, 4850, 1038784769, 4867, 1038338152, 4868, 1021064486, 4852, 1021087316, 4869, 1022011948, 4853, 1021982907, 4354, 1038787987, 5110, 1021910031, 4355, 1038341843, 4356, 1021060173, 5119, 1021117397, 5114, 1038770032, 5115, 1038337444, 4592, 1037879554, 4358, 1022054590, 4601, 1038296974, 4359, 1021096972, 4593, 1038296600, 4602, 1038770038, 4610, 1038787989, 4594, 1038784775, 4611, 1038340404, 4604, 1021115108, 4612, 1021062018, 4596, 1021085486, 4605, 1021955147, 4613, 1022010451, 4614, 1022053902, 4599, 1021235275, 5118, 1022029383]
[INFO] (lattice_cell.c: 455): on tick 15 of 50
[INFO] (lattice_cell.c: 172): the unmatched_packets is 56
[4864, 1037893981, 4608, 1037893975, 4848, 1037871432, 4600, 1037872356, 5104, 1037871418, 5112, 1037872360, 4352, 1037893977, 4865, 1038309790, 4849, 1038307045, 4609, 1038307673, 4601, 1038305325, 5105, 1038309152, 4593, 1038305703, 5113, 1038308788, 4353, 1038306319, 4866, 1038759953, 4592, 1037871438, 4610, 1038759955, 4850, 1038783370, 4867, 1038345261, 4851, 1038348054, 4602, 1038782327, 4868, 1021065537, 4852, 1021081746, 5106, 1038783382, 4611, 1038347382, 4869, 1021996476, 4595, 1038349397, 4596, 1021080137, 4613, 1021994249, 4871, 1021102880, 4597, 1021971960, 5109, 1021975538, 5118, 1021986116, 5119, 1021153153, 5107, 1038345949, 5115, 1038345185, 4853, 1021973314, 5116, 1021088997, 4854, 1022027638, 4870, 1022035449, 5110, 1022025346, 4855, 1021115549, 4355, 1038348734, 4594, 1038783380, 4356, 1021061536, 5114, 1038782311, 4603, 1038348656, 4354, 1038759971, 4357, 1021992853, 4604, 1021085008, 4612, 1021063124, 4358, 1022039084, 5108, 1021084159, 4605, 1021969457, 5111, 1021113187, 4359, 1021106893, 4606, 1021989725, 4598, 1022029078, 4607, 1021157137, 4614, 1022037670, 4615, 1021105298, 5117, 1021973070, 4599, 1021117105]
[INFO] (lattice_cell.c: 455): on tick 16 of 50
[INFO] (lattice_cell.c: 172): the unmatched_packets is 56
[4864, 1037892708, 4848, 1037889272, 4608, 1037892708, 4600, 1037877124, 4592, 1037889274, 5112, 1037877128, 4865, 1038301316, 4849, 1038298687, 5104, 1037889276, 4352, 1037892698, 4866, 1038771390, 4601, 1038296436, 4867, 1038338200, 4851, 1038340594, 4602, 1038788422, 4610, 1038771390, 5105, 1038300906, 4852, 1021096028, 4354, 1038771396, 4605, 1021997555, 5108, 1021098620, 4597, 1021972851, 4871, 1021138789, 4614, 1022006455, 4599, 1021091475, 5117, 1021999667, 5118, 1022021974, 5107, 1038338366, 5111, 1021086828, 4850, 1038775762, 5113, 1038300095, 5114, 1038788418, 4868, 1021110533, 4869, 1021963640, 4853, 1021973484, 4870, 1022004961, 4854, 1022061290, 4855, 1021089465, 5116, 1021077477, 4353, 1038297655, 4609, 1038299087, 4593, 1038297247, 4594, 1038775762, 4603, 1038341633, 4355, 1038341880, 4611, 1038340437, 4595, 1038342019, 4604, 1021072893, 4356, 1021105949, 4612, 1021107902, 4596, 1021094075, 4357, 1021961527, 4613, 1021962162, 4606, 1022024150, 4358, 1022007089, 4607, 1021130200, 4598, 1022061924, 4359, 1021143403, 4615, 1021141440, 5109, 1021974988, 5110, 1022059795, 5119, 1021125628, 5106, 1038775758, 5115, 1038337967]
[INFO] (lattice_cell.c: 455): on tick 17 of 50
[INFO] (lattice_cell.c: 172): the unmatched_packets is 56
[4864, 1037871380, 4608, 1037871378, 4848, 1037883830, 4600, 1037884878, 5104, 1037883824, 4592, 1037883818, 5112, 1037884878, 4352, 1037871374, 4865, 1038309662, 4609, 1038307497, 4849, 1038306863, 4601, 1038305319, 4593, 1038305470, 5113, 1038308880, 5105, 1038309020, 4866, 1038783501, 4610, 1038783513, 4850, 1038770270, 4602, 1038769483, 4594, 1038770274, 4867, 1038345367, 4851, 1038348360, 5114, 1038769491, 5106, 1038770256, 4603, 1038348471, 4869, 1021961175, 4595, 1038349753, 5107, 1038346197, 5115, 1038344913, 4871, 1021136683, 5116, 1021076025, 4855, 1021129393, 4614, 1022001300, 4358, 1022002728, 4599, 1021130872, 4615, 1021138968, 4868, 1021099554, 4852, 1021083106, 4853, 1021972458, 5118, 1022038543, 4870, 1021999069, 4854, 1022013053, 5110, 1022010849, 5109, 1021974683, 5108, 1021085391, 5117, 1021988417, 4611, 1038347535, 4353, 1038306107, 4354, 1038783517, 4613, 1021958946, 4604, 1021072223, 4607, 1021105530, 4355, 1038348927, 4596, 1021081591, 4612, 1021097262, 4605, 1021984789, 4356, 1021095775, 4597, 1021971033, 4606, 1022042226, 4357, 1021957528, 4598, 1022014453, 4359, 1021140458, 5111, 1021127078, 5119, 1021101746]
[INFO] (lattice_cell.c: 455): on tick 18 of 50
[INFO] (lattice_cell.c: 172): the unmatched_packets is 56
[4864, 1037876636, 4608, 1037876632, 4848, 1037881090, 4600, 1037892756, 4592, 1037881092, 5112, 1037892756, 5104, 1037881094, 4865, 1038301418, 4849, 1038298379, 4609, 1038299211, 4352, 1037876630, 4601, 1038297078, 5105, 1038300585, 4593, 1038296963, 5113, 1038300700, 4353, 1038297801, 4866, 1038789089, 4850, 1038783662, 4851, 1038341171, 4610, 1038789089, 4611, 1038340079, 4603, 1038341213, 4854, 1022004475, 4605, 1021969077, 4855, 1021145877, 4871, 1021113015, 4614, 1022033751, 4359, 1021117832, 4607, 1021124695, 4615, 1021115749, 4867, 1038337871, 4852, 1021085062, 4868, 1021084886, 5110, 1022002947, 5117, 1021971288, 4853, 1021983245, 4869, 1021989622, 4602, 1038771533, 4870, 1022032208, 5109, 1021984752, 5118, 1022028193, 5111, 1021143157, 5119, 1021119815, 4355, 1038341502, 5108, 1021087784, 5116, 1021104570, 5106, 1038783644, 4356, 1021080053, 4594, 1038783672, 4357, 1021987410, 4354, 1038789093, 5114, 1038771537, 4595, 1038342594, 4598, 1022005156, 4358, 1022034454, 4612, 1021082157, 4596, 1021082986, 4604, 1021099769, 4613, 1021988079, 4597, 1021982601, 4606, 1022030390, 4599, 1021147960, 5107, 1038338972, 5115, 1038337595]
[INFO] (lattice_cell.c: 455): on tick 19 of 50
[INFO] (lattice_cell.c: 172): the unmatched_packets is 56
[4864, 1037883781, 4848, 1037877105, 4608, 1037883777, 4600, 1037878065, 4592, 1037877095, 5112, 1037878071, 4865, 1038309567, 4849, 1038306442, 4609, 1038307354, 4352, 1037883777, 5105, 1038308645, 4601, 1038304817, 4850, 1038777537, 4593, 1038305020, 4867, 1038345550, 4610, 1038770541, 5113, 1038308467, 4602, 1038776365, 4852, 1021075945, 4595, 1038349892, 4853, 1021981133, 4604, 1021091717, 4605, 1021964583, 4870, 1022030984, 4356, 1021065462, 4613, 1021992054, 5108, 1021078159, 4855, 1021119999, 4871, 1021105635, 5109, 1021983335, 4615, 1021107840, 4599, 1021121394, 5116, 1021095356, 4866, 1038770545, 5110, 1022019825, 4851, 1038348460, 5107, 1038346238, 5114, 1038776359, 4354, 1038770547, 4868, 1021069068, 5104, 1037877107, 4353, 1038305909, 4355, 1038349208, 4869, 1021994266, 4357, 1021990661, 4854, 1022022030, 5117, 1021968184, 4358, 1022034607, 5118, 1022001874, 4359, 1021109255, 5111, 1021117828, 5115, 1038345359, 4594, 1038777543, 4611, 1038347765, 4603, 1038349020, 4606, 1022005471, 4607, 1021140244, 4612, 1021066860, 4596, 1021074525, 4597, 1021979744, 4614, 1022033198, 4598, 1022023444, 5119, 1021136631, 5106, 1038777549]
[INFO] (lattice_cell.c: 455): on tick 20 of 50
[INFO] (lattice_cell.c: 172): the unmatched_packets is 56
[4864, 1037893320, 4848, 1037888340, 4608, 1037893320, 4600, 1037877865, 5104, 1037888332, 4592, 1037888350, 4865, 1038301786, 4849, 1038299097, 5105, 1038301275, 4609, 1038299616, 5113, 1038300667, 4593, 1038297693, 4851, 1038340614, 4594, 1038776294, 4852, 1021091293, 4853, 1021975452, 4612, 1021091785, 5115, 1038337554, 4870, 1022022007, 4613, 1021977243, 4855, 1021111482, 4871, 1021123518, 4614, 1022023657, 4607, 1021134448, 4359, 1021128557, 4598, 1022041423, 5117, 1021985177, 5111, 1021108641, 5118, 1022019352, 5119, 1021129439, 5106, 1038776285, 5114, 1038787460, 4866, 1038770875, 4850, 1038776290, 4354, 1038770887, 5112, 1037877865, 4352, 1037893318, 4601, 1038297082, 4355, 1038341354, 4353, 1038298214, 4867, 1038337763, 4356, 1021089610, 4868, 1021094639, 4357, 1021976514, 4358, 1022024360, 5116, 1021089784, 4869, 1021978860, 4602, 1038787468, 4610, 1038770881, 4854, 1022040706, 4603, 1038341134, 4611, 1038339949, 4595, 1038341999, 5108, 1021094123, 4604, 1021084794, 4596, 1021089147, 4605, 1021982842, 4606, 1022021699, 4597, 1021974738, 5109, 1021977058, 5110, 1022039076, 4599, 1021113667, 4615, 1021126391, 5107, 1038338452]
[INFO] (lattice_cell.c: 455): on tick 21 of 50
[INFO] (lattice_cell.c: 172): the unmatched_packets is 56
[4864, 1037880032, 4848, 1037882946, 4608, 1037880036, 4600, 1037878790, 4592, 1037882946, 5104, 1037882946, 5112, 1037878800, 4352, 1037880024, 4865, 1038309332, 4849, 1038305300, 4609, 1038307069, 4866, 1038774304, 4850, 1038771153, 4593, 1038303834, 4594, 1038771162, 4868, 1021096915, 5105, 1038307547, 4353, 1038305587, 4870, 1022001943, 5107, 1038346639, 4596, 1021088054, 5108, 1021091572, 4871, 1021132558, 4597, 1021969909, 4606, 1022030718, 4615, 1021134708, 5106, 1038771157, 5115, 1038345375, 4867, 1038345613, 5114, 1038775798, 4851, 1038348912, 4852, 1021089428, 4853, 1021971261, 4869, 1021965970, 4854, 1022017421, 4855, 1021123660, 4354, 1038774308, 4355, 1038349361, 4356, 1021093381, 4357, 1021962497, 4601, 1038304430, 4358, 1022005440, 4610, 1038774308, 4602, 1038775805, 4359, 1021136100, 4611, 1038347880, 4595, 1038350391, 4603, 1038349134, 4612, 1021094776, 4604, 1021071695, 4613, 1021963849, 4605, 1021987876, 5116, 1021075235, 4614, 1022004072, 4598, 1022018768, 4607, 1021115137, 5111, 1021121511, 4599, 1021125036, 5118, 1022027231, 5109, 1021973387, 5117, 1021991347, 5110, 1022015307, 5119, 1021111604, 5113, 1038308164]
[INFO] (lattice_cell.c: 455): on tick 22 of 50
[INFO] (lattice_cell.c: 172): the unmatched_packets is 56
[4864, 1037878199, 4608, 1037878201, 4848, 1037883056, 4600, 1037890813, 4592, 1037883058, 5112, 1037890797, 4352, 1037878193, 5104, 1037883056, 4865, 1038302155, 4849, 1038299520, 4609, 1038299997, 4601, 1038298398, 4593, 1038298128, 5113, 1038301945, 4353, 1038298608, 5105, 1038301682, 4866, 1038787132, 4867, 1038337662, 4610, 1038787130, 4851, 1038340820, 4602, 1038773555, 4852, 1021087189, 4611, 1038339821, 4612, 1021092995, 4869, 1021975854, 4605, 1021978358, 4614, 1022021311, 4855, 1021137586, 5107, 1038338668, 4871, 1021125656, 4598, 1022015666, 4599, 1021139795, 5119, 1021116148, 4850, 1038781637, 5116, 1021090123, 4868, 1021095887, 5117, 1021980876, 5118, 1022033625, 4853, 1021975992, 4854, 1022014860, 4870, 1022019589, 5115, 1038337363, 5108, 1021090069, 5114, 1038773550, 5106, 1038781619, 5110, 1022013139, 4355, 1038341214, 4356, 1021090763, 4603, 1038340897, 4594, 1038781655, 4595, 1038342191, 4354, 1038787134, 4357, 1021973327, 4604, 1021085019, 4358, 1022022140, 4359, 1021130730, 4596, 1021084987, 5109, 1021977701, 5111, 1021134680, 4613, 1021974156, 4597, 1021975184, 4606, 1022036177, 4607, 1021121274, 4615, 1021128528]
[INFO] (lattice_cell.c: 455): on tick 23 of 50
[INFO] (lattice_cell.c: 172): the unmatched_packets is 56
[4864, 1037876618, 4608, 1037876614, 4848, 1037874688, 4600, 1037883013, 5112, 1037883017, 4352, 1037876612, 4592, 1037874680, 4865, 1038308318, 4849, 1038307119, 4609, 1038306009, 4601, 1038303620, 4593, 1038305628, 5113, 1038307440, 4353, 1038304495, 4866, 1038778065, 4850, 1038779986, 5105, 1038309396, 4610, 1038778065, 4602, 1038771110, 5114, 1038771104, 4854, 1022017369, 5107, 1038346726, 4596, 1021077137, 4613, 1021988182, 4855, 1021123274, 5116, 1021096322, 4615, 1021114633, 5117, 1021971896, 5108, 1021080665, 4867, 1038344873, 4851, 1038349041, 5118, 1022011357, 4852, 1021078525, 4868, 1021078256, 4853, 1021974833, 4869, 1021990216, 4870, 1022025862, 4354, 1038778069, 5104, 1037874696, 4594, 1038779986, 4871, 1021112512, 4603, 1038349296, 4611, 1038347184, 4355, 1038348695, 4595, 1038350560, 4612, 1021076126, 4604, 1021092797, 5115, 1038345454, 4356, 1021074753, 4605, 1021968578, 5106, 1038779985, 4357, 1021986899, 4598, 1022018634, 4597, 1021973559, 4606, 1022014656, 4358, 1022029214, 4614, 1022027926, 4607, 1021130307, 4359, 1021116019, 4599, 1021124634, 5119, 1021126791, 5110, 1022015308, 5111, 1021121177, 5109, 1021976905]
[INFO] (lattice_cell.c: 455): on tick 24 of 50
[INFO] (lattice_cell.c: 172): the unmatched_packets is 56
[4864, 1037889866, 4848, 1037890946, 4608, 1037889868, 4600, 1037882831, 4592, 1037890955, 5112, 1037882821, 4352, 1037889866, 5104, 1037890930, 4865, 1038302941, 4849, 1038300004, 4609, 1038300805, 4601, 1038296291, 5113, 1038299831, 4353, 1038299427, 5105, 1038302168, 4866, 1038774570, 4850, 1038773498, 4610, 1038774574, 4602, 1038782058, 4868, 1021083146, 4869, 1021986687, 4854, 1022031256, 5108, 1021072043, 4871, 1021114193, 4855, 1021121953, 4598, 1022032206, 4359, 1021119340, 4615, 1021117130, 4599, 1021124162, 4354, 1038774576, 5117, 1021981096, 5110, 1022029405, 5111, 1021119021, 4593, 1038298585, 5119, 1021132589, 4867, 1038338040, 4356, 1021077996, 4851, 1038340710, 5116, 1021097073, 4358, 1022033057, 5106, 1038773492, 5115, 1038338188, 4852, 1021069163, 5118, 1022013661, 4853, 1021993168, 4870, 1022030262, 5107, 1038338585, 5109, 1021994923, 4594, 1038773491, 4603, 1038341708, 4611, 1038340186, 4595, 1038342074, 4604, 1021091982, 5114, 1038782050, 4612, 1021080217, 4596, 1021067004, 4605, 1021978374, 4613, 1021984832, 4357, 1021983894, 4597, 1021992315, 4606, 1022016431, 4614, 1022032127, 4607, 1021137714, 4355, 1038341570]
[INFO] (lattice_cell.c: 455): on tick 25 of 50
[INFO] (lattice_cell.c: 172): the unmatched_packets is 56
[4864, 1037882851, 4608, 1037882845, 4848, 1037871134, 4600, 1037871092, 4592, 1037871126, 5112, 1037871106, 5104, 1037871149, 4865, 1038310351, 4352, 1037882845, 4849, 1038303986, 4609, 1038308016, 4601, 1038303231, 4353, 1038306477, 5105, 1038306257, 4866, 1038771249, 4867, 1038347166, 4610, 1038771247, 5113, 1038307046, 4602, 1038783783, 4869, 1021970675, 4853, 1021939801, 4612, 1021087120, 4356, 1021085670, 4357, 1021967538, 4614, 1022008238, 4607, 1021121744, 4615, 1021124114, 4850, 1038783354, 4355, 1038351038, 5106, 1038783338, 5119, 1021118181, 4851, 1038348259, 4358, 1022009448, 4354, 1038771255, 4868, 1021089276, 4852, 1021125700, 5108, 1021127914, 5109, 1021941872, 4870, 1022006272, 4854, 1022032644, 4855, 1021111284, 4871, 1021121955, 5110, 1022030727, 5118, 1022021870, 5111, 1021109152, 5115, 1038345009, 4593, 1038302504, 5116, 1021094536, 4594, 1038783364, 4603, 1038348904, 4611, 1038349494, 5114, 1038783773, 4595, 1038349790, 4604, 1021090839, 4597, 1021938492, 4598, 1022033828, 4596, 1021124178, 4605, 1021972610, 4613, 1021968716, 4606, 1022024994, 4359, 1021125568, 4599, 1021112689, 5117, 1021975857, 5107, 1038345914]
[INFO] (lattice_cell.c: 455): on tick 26 of 50
[INFO] (lattice_cell.c: 172): the unmatched_packets is 56
[4864, 1037889882, 4848, 1037909742, 4608, 1037889878, 4600, 1037896926, 4592, 1037909747, 5112, 1037896916, 4352, 1037889876, 5104, 1037909730, 4865, 1038303371, 4849, 1038301841, 4609, 1038301205, 4601, 1038299528, 4593, 1038300391, 5113, 1038303157, 4353, 1038299790, 4866, 1038774698, 4850, 1038753981, 4610, 1038774704, 4602, 1038767314, 5114, 1038767320, 4594, 1038753977, 4354, 1038774704, 4867, 1038337928, 4851, 1038341522, 5106, 1038753987, 4611, 1038340104, 4868, 1021091260, 4869, 1021976149, 4612, 1021088425, 4355, 1038341514, 4871, 1021124161, 4855, 1021146147, 4356, 1021086309, 4615, 1021127028, 4599, 1021148332, 4359, 1021129126, 5117, 1022014035, 4852, 1021010197, 5118, 1022030955, 5111, 1021143239, 5109, 1022045401, 4853, 1022043624, 5110, 1022002992, 5119, 1021125249, 5107, 1038339397, 4870, 1022019678, 4854, 1022004961, 5105, 1038304039, 4357, 1021973241, 4358, 1022022577, 5116, 1021052240, 4603, 1038339471, 4595, 1038342897, 4604, 1021047372, 4596, 1021008164, 4605, 1022011262, 5115, 1038335935, 4613, 1021974242, 4597, 1022042745, 4606, 1022033974, 4614, 1022021586, 4598, 1022006023, 4607, 1021130299, 5108, 1021012992]
[INFO] (lattice_cell.c: 455): on tick 27 of 50
[INFO] (lattice_cell.c: 172): the unmatched_packets is 56
[4864, 1037857927, 4848, 1037842802, 4608, 1037857919, 4600, 1037861063, 5104, 1037842805, 4592, 1037842798, 4352, 1037857923, 4865, 1038307036, 4849, 1038304048, 4609, 1038304725, 5105, 1038306342, 4601, 1038301222, 4593, 1038302573, 4866, 1038797395, 4850, 1038812654, 5113, 1038304996, 4353, 1038303217, 4867, 1038344291, 4610, 1038797397, 4602, 1038793756, 4869, 1021964103, 4604, 1021153496, 4612, 1021106858, 5108, 1021210697, 5109, 1021857510, 4607, 1021116131, 4855, 1021109135, 4615, 1021141816, 4354, 1038797407, 5111, 1021106964, 5107, 1038348020, 4355, 1038348104, 4356, 1021105215, 5117, 1021920758, 4868, 1021109159, 4851, 1038350360, 5112, 1037861074, 4357, 1021960957, 5119, 1021112307, 5106, 1038812618, 4852, 1021208436, 5115, 1038344865, 4594, 1038812682, 4870, 1021999670, 4853, 1021855482, 4603, 1038348726, 4611, 1038346600, 4854, 1022025247, 4871, 1021139506, 4595, 1038351899, 4596, 1021206830, 4605, 1021917509, 4359, 1021143440, 4613, 1021962157, 4597, 1021854244, 4606, 1022030753, 4358, 1022002866, 5116, 1021157480, 4614, 1022001631, 4598, 1022026317, 5118, 1022027742, 4599, 1021110647, 5114, 1038793724, 5110, 1022023421]
[INFO] (lattice_cell.c: 455): on tick 28 of 50
[INFO] (lattice_cell.c: 172): the unmatched_packets is 56
[4864, 1037919696, 4848, 1037916154, 4608, 1037919700, 4600, 1037925036, 4592, 1037916146, 5112, 1037925019, 5104, 1037916156, 4352, 1037919698, 4865, 1038305725, 4849, 1038299648, 4850, 1038747854, 4609, 1038303509, 4867, 1038339761, 5113, 1038302987, 4610, 1038743862, 4603, 1038342686, 4869, 1022026499, 4355, 1038343469, 4356, 1021028895, 4612, 1021030828, 4605, 1022076204, 4613, 1022024560, 4606, 1022021706, 4358, 1022072569, 4855, 1021129860, 4359, 1021073225, 4607, 1021130575, 4871, 1021068538, 4598, 1022023425, 4353, 1038302041, 4615, 1021071280, 4599, 1021131876, 4866, 1038743856, 5111, 1021127065, 5115, 1038339031, 5106, 1038747873, 5114, 1038738335, 5108, 1020942250, 4851, 1038341633, 5105, 1038301822, 5110, 1022020193, 4852, 1020939454, 4868, 1021033544, 4357, 1022023540, 5107, 1038339471, 4853, 1022124501, 5116, 1020987542, 4601, 1038299321, 5119, 1021125832, 4602, 1038738301, 4854, 1022022254, 4593, 1038298221, 4870, 1022069589, 4594, 1038747838, 4354, 1038743866, 4611, 1038341988, 4604, 1020982849, 4595, 1038343064, 4596, 1020937464, 4597, 1022123455, 4614, 1022071536, 5118, 1022018631, 5109, 1022126429, 5117, 1022079123]
[INFO] (lattice_cell.c: 455): on tick 29 of 50
[INFO] (lattice_cell.c: 172): the unmatched_packets is 56
[4864, 1037825624, 4848, 1037862549, 4608, 1037825632, 4600, 1037828226, 5104, 1037862521, 5112, 1037828210, 4865, 1038306978, 4850, 1038791739, 5105, 1038309251, 4609, 1038304692, 4867, 1038344370, 4353, 1038303196, 4610, 1038830272, 4868, 1021171245, 5106, 1038791733, 4595, 1038349173, 4853, 1021871599, 4612, 1021168838, 4613, 1021899313, 4597, 1021870559, 5110, 1022008802, 4855, 1021135132, 4871, 1021199578, 4614, 1021939770, 4599, 1021136873, 5116, 1021223340, 5109, 1021873401, 4849, 1038306914, 5117, 1021844658, 5118, 1021982853, 4866, 1038830258, 5111, 1021132732, 5119, 1021163157, 5114, 1038827595, 4851, 1038347673, 5115, 1038342951, 4354, 1038830270, 4355, 1038348157, 4356, 1021167069, 4357, 1021898198, 5107, 1038345370, 4852, 1021180852, 5108, 1021183238, 4358, 1021940935, 4869, 1021901230, 4592, 1037862579, 4601, 1038303305, 4593, 1038305381, 4359, 1021203753, 4870, 1021937842, 4602, 1038827642, 4854, 1022010599, 5113, 1038307152, 4594, 1038791754, 4603, 1038346724, 4611, 1038346672, 4604, 1021219241, 4352, 1037825626, 4596, 1021179119, 4605, 1021841660, 4606, 1021985836, 4598, 1022011653, 4607, 1021167388, 4615, 1021201994]
[INFO] (lattice_cell.c: 455): on tick 30 of 50
[INFO] (lattice_cell.c: 172): the unmatched_packets is 56
[4864, 1037955224, 4848, 1037893134, 4608, 1037955226, 4600, 1037927200, 5104, 1037893163, 4592, 1037893118, 4865, 1038303587, 5112, 1037927250, 4849, 1038298922, 4609, 1038301373, 4850, 1038771349, 4868, 1020971182, 4611, 1038339877, 4604, 1020980159, 5115, 1038338604, 5108, 1021078170, 4854, 1022069620, 5110, 1022067532, 4871, 1021007271, 4606, 1022115527, 5107, 1038340871, 4607, 1021039427, 5109, 1021992620, 5116, 1020984729, 4599, 1021077122, 5118, 1022112291, 5119, 1021034974, 5114, 1038736612, 5106, 1038771337, 4866, 1038707438, 4867, 1038337652, 4851, 1038343085, 4352, 1037955218, 4353, 1038299900, 4354, 1038707448, 5105, 1038301103, 4852, 1021075623, 4601, 1038296468, 4869, 1022099041, 4853, 1021990445, 4593, 1038297489, 5113, 1038300084, 4356, 1020966587, 4602, 1038736618, 4870, 1022140500, 4610, 1038707440, 4594, 1038771351, 4603, 1038342337, 4357, 1022095811, 4855, 1021075313, 4595, 1038344564, 4355, 1038341362, 4612, 1020968504, 4358, 1022143774, 4596, 1021073808, 4605, 1022092330, 4359, 1021011847, 4613, 1022096986, 4597, 1021989207, 5111, 1021072733, 4614, 1022142579, 4615, 1021009961, 4598, 1022070788, 5117, 1022095692]
[INFO] (lattice_cell.c: 455): on tick 31 of 50
[INFO] (lattice_cell.c: 172): the unmatched_packets is 56
[4864, 1037830868, 4848, 1037869904, 4608, 1037830867, 4600, 1037851261, 5104, 1037869878, 4592, 1037869920, 5112, 1037851198, 4865, 1038310440, 4849, 1038304699, 4352, 1037830859, 4609, 1038308111, 4601, 1038304152, 4850, 1038784733, 5105, 1038307014, 4867, 1038347431, 4851, 1038348370, 4594, 1038784749, 4852, 1021031978, 4603, 1038349502, 4611, 1038349778, 4355, 1038351309, 4853, 1022028817, 4596, 1021030034, 4870, 1021879564, 5115, 1038345680, 4613, 1021840616, 5109, 1022030522, 4855, 1021210863, 4871, 1021243395, 4607, 1021254229, 5118, 1021886423, 4359, 1021247733, 5119, 1021249805, 5117, 1021951900, 4866, 1038824316, 5110, 1021932166, 5107, 1038346074, 4868, 1021214755, 5106, 1038784740, 4869, 1021842334, 4854, 1021933938, 4354, 1038824338, 4356, 1021210427, 4593, 1038303192, 4610, 1038824322, 5113, 1038308050, 4602, 1038803406, 4353, 1038306562, 4357, 1021839697, 4358, 1021882241, 4595, 1038349851, 5114, 1038803446, 5108, 1021034595, 4604, 1021107841, 4612, 1021212265, 4605, 1021949333, 4597, 1022027874, 4606, 1021889220, 4614, 1021881290, 4598, 1021934944, 4615, 1021245878, 4599, 1021212782, 5111, 1021208298, 5116, 1021112309]
[INFO] (lattice_cell.c: 455): on tick 32 of 50
[INFO] (lattice_cell.c: 172): the unmatched_packets is 56
[4864, 1037886226, 4608, 1037886222, 4848, 1037913191, 4600, 1037901339, 5104, 1037913201, 4592, 1037913187, 5112, 1037901354, 4352, 1037886213, 4865, 1038301785, 4849, 1038300771, 4609, 1038299582, 4850, 1038750246, 4601, 1038298380, 4867, 1038336137, 5105, 1038302998, 4602, 1038762934, 4610, 1038779355, 4868, 1021018514, 5114, 1038762898, 4611, 1038338333, 4596, 1021134847, 4605, 1021937663, 4855, 1021016116, 4598, 1022139147, 4871, 1021052879, 4615, 1021055402, 4866, 1038779351, 4851, 1038340910, 4852, 1021136514, 5110, 1022135694, 4869, 1022058095, 4853, 1021921989, 4870, 1022100323, 4854, 1022137868, 5106, 1038750239, 5107, 1038338685, 4354, 1038779355, 4355, 1038339791, 4356, 1021014246, 4593, 1038299288, 4353, 1038298137, 5108, 1021138975, 4357, 1022054349, 5117, 1021941356, 5116, 1021130644, 4594, 1038750263, 4603, 1038338603, 4358, 1022104083, 4359, 1021057147, 4595, 1038342393, 4604, 1021126548, 4612, 1021016004, 4613, 1022055764, 4597, 1021920672, 4606, 1022175914, 4614, 1022102651, 4607, 1020992408, 5118, 1022172325, 4599, 1021017848, 5113, 1038302082, 5111, 1021013607, 5119, 1020988056, 5115, 1038334935, 5109, 1021924187]
[INFO] (lattice_cell.c: 455): on tick 33 of 50
[INFO] (lattice_cell.c: 172): the unmatched_packets is 56
[4864, 1037905995, 4848, 1037838854, 4608, 1037905994, 4600, 1037878121, 4592, 1037838866, 5112, 1037878145, 5104, 1037838840, 4352, 1037905988, 4865, 1038309286, 4609, 1038306952, 4601, 1038302565, 4851, 1038351261, 4602, 1038776139, 4594, 1038816665, 4603, 1038350966, 4869, 1021991166, 4870, 1022027226, 5115, 1038347039, 4871, 1021105088, 4607, 1021210002, 5118, 1021925552, 5111, 1021243790, 4598, 1021885307, 5108, 1021083639, 4615, 1021107842, 4599, 1021248370, 4866, 1038747218, 5113, 1038306389, 4850, 1038816662, 4353, 1038305395, 4867, 1038345961, 4355, 1038349860, 4357, 1021988790, 4868, 1021075254, 4852, 1021080950, 4358, 1022029611, 4853, 1021976561, 4359, 1021109919, 4854, 1021884462, 5109, 1021978201, 5110, 1021882806, 5106, 1038816674, 4855, 1021246397, 4849, 1038305522, 5107, 1038348944, 4593, 1038304013, 4610, 1038747228, 4354, 1038747230, 4611, 1038348302, 4595, 1038352790, 4604, 1021047949, 4596, 1021078923, 4612, 1021072482, 4356, 1021070404, 5116, 1021052804, 4597, 1021975693, 4605, 1022016838, 4606, 1021927913, 4613, 1021989601, 5119, 1021205355, 4614, 1022028787, 5117, 1022019318, 5114, 1038776114, 5105, 1038307819]
[INFO] (lattice_cell.c: 455): on tick 34 of 50
[INFO] (lattice_cell.c: 172): the unmatched_packets is 56
[4864, 1037868671, 4608, 1037868667, 4848, 1037904264, 4600, 1037879958, 4592, 1037904282, 5112, 1037879910, 5104, 1037904264, 4352, 1037868660, 4865, 1038303729, 4849, 1038298895, 4609, 1038301482, 4851, 1038339661, 4868, 1021135516, 4610, 1038795821, 4852, 1021054580, 4611, 1038340420, 4612, 1021133182, 4855, 1021020737, 4871, 1021170100, 4614, 1021974326, 4607, 1021135933, 4598, 1022142630, 5111, 1021018307, 5107, 1038337458, 5109, 1022013861, 5110, 1022138726, 5118, 1022019994, 5119, 1021131951, 5108, 1021056947, 5115, 1038337240, 4866, 1038795829, 4850, 1038760131, 4867, 1038338179, 4353, 1038299995, 4354, 1038795833, 4355, 1038341924, 4356, 1021131607, 4601, 1038297030, 5105, 1038301123, 4869, 1021930377, 5116, 1021086496, 4853, 1022011482, 4357, 1021926559, 4593, 1038297416, 4602, 1038784785, 5113, 1038300764, 4870, 1021971953, 4358, 1021975798, 4854, 1022141110, 4594, 1038760133, 5106, 1038760115, 4603, 1038340925, 5114, 1038784812, 4359, 1021173995, 4595, 1038341098, 4604, 1021082522, 4596, 1021052967, 4605, 1021983727, 4613, 1021928014, 4597, 1022010007, 4606, 1022023961, 4615, 1021172422, 4599, 1021022415, 5117, 1021987501]
[INFO] (lattice_cell.c: 455): on tick 35 of 50
[INFO] (lattice_cell.c: 172): the unmatched_packets is 56
[4864, 1037871769, 4848, 1037896362, 4608, 1037871764, 4600, 1037883203, 4592, 1037896354, 5104, 1037896364, 5112, 1037883192, 4352, 1037871765, 4865, 1038309511, 4849, 1038305862, 4609, 1038307192, 4601, 1038304766, 5105, 1038308171, 4866, 1038783395, 5113, 1038308651, 4353, 1038305653, 4867, 1038345840, 4610, 1038783393, 4868, 1021067598, 4596, 1021090330, 4604, 1021113935, 4854, 1021986440, 4598, 1021987145, 5118, 1022070056, 4871, 1021096306, 4607, 1021076678, 4615, 1021099114, 4599, 1021153861, 4850, 1038756800, 5111, 1021148917, 5106, 1038756803, 5107, 1038347316, 4355, 1038349698, 5114, 1038771104, 4356, 1021062646, 5115, 1038344200, 5108, 1021095373, 4851, 1038349671, 4358, 1022038441, 5117, 1021947148, 4593, 1038304340, 4852, 1021092509, 4602, 1038771110, 4354, 1038783405, 5119, 1021071585, 4869, 1021997687, 4853, 1021964874, 5116, 1021118879, 4594, 1038756806, 4870, 1022036037, 4611, 1038348165, 4855, 1021151735, 5109, 1021966394, 4613, 1021996110, 5110, 1021984989, 4605, 1021944833, 4595, 1038351219, 4614, 1022037635, 4603, 1038348067, 4359, 1021101276, 4612, 1021064788, 4357, 1021995310, 4597, 1021964137, 4606, 1022072311]
[INFO] (lattice_cell.c: 455): on tick 36 of 50
[INFO] (lattice_cell.c: 172): the unmatched_packets is 56
[4864, 1037902376, 4608, 1037902369, 4848, 1037866379, 4600, 1037882433, 5104, 1037866353, 4592, 1037866397, 5112, 1037882455, 4352, 1037902373, 4865, 1038302278, 4609, 1038300018, 4849, 1038299511, 4601, 1038297032, 4593, 1038298022, 5113, 1038300781, 5105, 1038301768, 4353, 1038298521, 4866, 1038761664, 4850, 1038798419, 4610, 1038761664, 4602, 1038782019, 4867, 1038337123, 5106, 1038798415, 4611, 1038339394, 4604, 1021078988, 4355, 1038340904, 4870, 1022043897, 4605, 1021987846, 5107, 1038339961, 5115, 1038337233, 4597, 1021952467, 4855, 1021173436, 4607, 1021151817, 4615, 1021106071, 4599, 1021174938, 4359, 1021107625, 5116, 1021082786, 5111, 1021171207, 4851, 1038342192, 5110, 1021972889, 5119, 1021148036, 4868, 1021069199, 4852, 1021106446, 4354, 1038761670, 4869, 1022004501, 4356, 1021065318, 4853, 1021954011, 5108, 1021108680, 4854, 1021975343, 4357, 1022000517, 4871, 1021103747, 5118, 1022003180, 4358, 1022047922, 5109, 1021956419, 4594, 1038798422, 5114, 1038781982, 4603, 1038340997, 4595, 1038343662, 4612, 1021066891, 4596, 1021104979, 4614, 1022046338, 4598, 1021976905, 4613, 1022002100, 4606, 1022007122, 5117, 1021991881]
[INFO] (lattice_cell.c: 455): on tick 37 of 50
[INFO] (lattice_cell.c: 172): the unmatched_packets is 56
[4864, 1037879612, 4608, 1037879602, 4848, 1037875312, 4600, 1037879315, 5104, 1037875308, 4592, 1037875315, 5112, 1037879306, 4865, 1038310002, 4609, 1038307663, 4352, 1037879602, 4849, 1038305312, 4601, 1038303250, 5113, 1038307106, 4866, 1038774242, 4850, 1038779799, 4852, 1021078213, 5106, 1038779799, 4594, 1038779793, 4869, 1021950116, 4354, 1038774254, 5116, 1021065014, 4871, 1021142927, 4855, 1021076964, 4607, 1021142255, 4598, 1022065328, 5109, 1021983627, 5105, 1038307607, 4615, 1021145865, 5110, 1022063096, 4599, 1021079200, 5111, 1021074035, 5117, 1022004829, 4867, 1038345681, 4851, 1038349077, 5107, 1038346778, 4868, 1021112753, 4853, 1021982069, 4870, 1021988909, 5119, 1021137147, 4854, 1022064611, 5108, 1021081116, 4353, 1038306091, 4355, 1038349579, 4593, 1038303789, 4356, 1021107585, 4602, 1038775069, 4610, 1038774246, 4357, 1021947932, 4603, 1038349681, 5115, 1038345790, 4612, 1021109842, 4358, 1021991113, 5114, 1038775076, 4611, 1038348022, 4595, 1038350612, 4359, 1021148108, 4604, 1021059778, 4606, 1022002368, 4596, 1021075992, 4605, 1022002622, 4613, 1021948622, 4597, 1021981344, 4614, 1021990396, 5118, 1022000085]
[INFO] (lattice_cell.c: 455): on tick 38 of 50
[INFO] (lattice_cell.c: 172): the unmatched_packets is 56
[4864, 1037868840, 4608, 1037868842, 4848, 1037896737, 4600, 1037891395, 5112, 1037891356, 5104, 1037896726, 4352, 1037868834, 4592, 1037896740, 4865, 1038302973, 4609, 1038300696, 4849, 1038299303, 4601, 1038297880, 5113, 1038301690, 4353, 1038299193, 4866, 1038796385, 4850, 1038767127, 5105, 1038301577, 5106, 1038767096, 4602, 1038772789, 5114, 1038772803, 4595, 1038342778, 5115, 1038337176, 4596, 1021068511, 4605, 1021965656, 4870, 1022011774, 4606, 1022048761, 4614, 1022014264, 4359, 1021134027, 4871, 1021130380, 4598, 1022038355, 5108, 1021072199, 5117, 1021969677, 5110, 1022034359, 5119, 1021106118, 5107, 1038339033, 4867, 1038338288, 4355, 1038342085, 4851, 1038341284, 4354, 1038796389, 4852, 1021069996, 4868, 1021097475, 4593, 1038297791, 4610, 1038796383, 4853, 1021993442, 4594, 1038767145, 4869, 1021972523, 4357, 1021968422, 4603, 1038340936, 4611, 1038340570, 4854, 1022036765, 4358, 1022015894, 4604, 1021098690, 4612, 1021095287, 4855, 1021117230, 5116, 1021102354, 4356, 1021093800, 4613, 1021970044, 4597, 1021991846, 4607, 1021109891, 5111, 1021114989, 4599, 1021118734, 4615, 1021132567, 5109, 1021995879, 5118, 1022044643]
[INFO] (lattice_cell.c: 455): on tick 39 of 50
[INFO] (lattice_cell.c: 172): the unmatched_packets is 56
[4864, 1037882685, 4848, 1037880598, 4608, 1037882687, 4600, 1037879381, 5104, 1037880597, 4865, 1038309208, 4849, 1038307343, 4592, 1037880592, 5112, 1037879383, 4867, 1038344381, 4603, 1038348090, 4606, 1022024478, 4854, 1021985612, 4598, 1021986291, 4359, 1021098637, 4615, 1021096314, 4855, 1021154719, 4871, 1021093333, 4866, 1038771934, 4850, 1038773251, 4851, 1038349385, 4868, 1021062872, 4852, 1021081494, 4869, 1022004709, 4853, 1021969067, 5114, 1038774873, 4870, 1022044769, 5106, 1038773261, 5108, 1021084476, 5117, 1021956673, 5118, 1022022301, 5109, 1021970574, 5110, 1021984074, 5119, 1021119185, 5107, 1038347062, 5116, 1021110929, 4355, 1038348254, 5105, 1038309638, 4353, 1038305338, 5113, 1038307958, 4352, 1037882679, 4609, 1038306887, 4356, 1021057593, 4601, 1038304084, 4593, 1038305822, 4357, 1022002437, 4602, 1038774890, 4610, 1038771930, 4594, 1038773246, 4604, 1021105684, 4358, 1022047084, 4354, 1038771946, 4611, 1038346702, 4595, 1038350938, 4614, 1022046337, 4612, 1021059866, 4596, 1021079211, 4605, 1021954408, 4613, 1022003161, 4597, 1021968384, 4607, 1021124491, 4599, 1021156939, 5111, 1021151796, 5115, 1038344205]
[INFO] (lattice_cell.c: 455): on tick 40 of 50
[INFO] (lattice_cell.c: 172): the unmatched_packets is 56
[4864, 1037899962, 4848, 1037878845, 4608, 1037899960, 4600, 1037876903, 5104, 1037878809, 4592, 1037878874, 5112, 1037876890, 4865, 1038302862, 4849, 1038299629, 4609, 1038300554, 5105, 1038301923, 4601, 1038295176, 4352, 1037899954, 4611, 1038340889, 4852, 1021097237, 5106, 1038785806, 4853, 1021963911, 4870, 1022022833, 5107, 1038339982, 4605, 1021993041, 5108, 1021099408, 4854, 1022026718, 4614, 1022025259, 4607, 1021145242, 4871, 1021118585, 4855, 1021122303, 4615, 1021120800, 4599, 1021123787, 5117, 1021997111, 4866, 1038763650, 4850, 1038785797, 5110, 1022024275, 4867, 1038338564, 4851, 1038342244, 4868, 1021085892, 4869, 1021985639, 5109, 1021966324, 4354, 1038763666, 4355, 1038342422, 4356, 1021082158, 4357, 1021981600, 4359, 1021122300, 4593, 1038298113, 5113, 1038298994, 4610, 1038763656, 4353, 1038299016, 4602, 1038787893, 5116, 1021084264, 5119, 1021141613, 4594, 1038785801, 4603, 1038342538, 4598, 1022028336, 4595, 1038343727, 4604, 1021080589, 4612, 1021083675, 4596, 1021095775, 4613, 1021983225, 4597, 1021962303, 4606, 1022008334, 4358, 1022026868, 5118, 1022004289, 5115, 1038338705, 5111, 1021120122, 5114, 1038787863]
[INFO] (lattice_cell.c: 455): on tick 41 of 50
[INFO] (lattice_cell.c: 172): the unmatched_packets is 56
[4864, 1037877909, 4848, 1037881560, 4608, 1037877911, 4600, 1037880217, 5104, 1037881551, 5112, 1037880210, 4865, 1038311674, 4849, 1038304998, 4609, 1038309361, 4601, 1038303457, 5105, 1038307288, 4867, 1038346252, 4868, 1021107212, 4603, 1038347992, 4595, 1038349363, 4355, 1038350138, 4604, 1021064591, 5114, 1038774253, 4612, 1021104219, 4613, 1021947381, 4606, 1022028219, 4359, 1021144125, 4855, 1021102305, 4607, 1021122775, 4871, 1021138872, 5119, 1021117511, 4615, 1021141871, 4599, 1021104577, 4353, 1038307788, 5116, 1021069866, 5111, 1021099282, 4866, 1038776154, 4850, 1038772958, 5108, 1021089694, 5106, 1038772944, 4354, 1038776170, 4851, 1038347825, 4852, 1021086758, 4356, 1021101956, 4853, 1021974329, 4869, 1021948980, 4357, 1021946673, 4854, 1022044092, 4870, 1021990017, 5110, 1022042526, 4592, 1037881551, 4352, 1037877907, 4602, 1038774247, 4593, 1038303462, 5113, 1038307317, 4610, 1038776166, 5107, 1038345522, 4594, 1038772973, 4611, 1038348577, 4358, 1021992376, 4614, 1021991618, 4596, 1021084532, 5115, 1038344124, 4605, 1021998009, 4597, 1021973548, 4598, 1022044809, 5117, 1022000345, 5109, 1021975973, 5118, 1022025819]
[INFO] (lattice_cell.c: 455): on tick 42 of 50
[INFO] (lattice_cell.c: 172): the unmatched_packets is 56
[4864, 1037871182, 4848, 1037887103, 4608, 1037871176, 4600, 1037893394, 5104, 1037887082, 4592, 1037887111, 5112, 1037893352, 4352, 1037871172, 4865, 1038303066, 4849, 1038300998, 4609, 1038300746, 4601, 1038298202, 4593, 1038299463, 4866, 1038794094, 5113, 1038302086, 5105, 1038303327, 4868, 1021093445, 5106, 1038776977, 4595, 1038344407, 5115, 1038336515, 4597, 1021978010, 4870, 1022013301, 4855, 1021133467, 4607, 1021116756, 4598, 1022015844, 4871, 1021124633, 4615, 1021126831, 4359, 1021128359, 4599, 1021134984, 4850, 1038776987, 4851, 1038342876, 4867, 1038339237, 5117, 1021974163, 4852, 1021076059, 4853, 1021979518, 4869, 1021976658, 4854, 1022014300, 5118, 1022040489, 5107, 1038340573, 5110, 1022011960, 5108, 1021078286, 4596, 1021074555, 4613, 1021974263, 4353, 1038299216, 4610, 1038794090, 4602, 1038770506, 4354, 1038794102, 4594, 1038777001, 4603, 1038340364, 4611, 1038341554, 4355, 1038343106, 4604, 1021093037, 4356, 1021089702, 4612, 1021091241, 4605, 1021970290, 4357, 1021972699, 4606, 1022044427, 4358, 1022017297, 4614, 1022015692, 5109, 1021981795, 5111, 1021131241, 5116, 1021096802, 5114, 1038770531, 5119, 1021112929]
[INFO] (lattice_cell.c: 455): on tick 43 of 50
[INFO] (lattice_cell.c: 172): the unmatched_packets is 56
[4864, 1037880279, 4848, 1037881018, 4608, 1037880275, 4600, 1037882145, 5104, 1037881016, 4592, 1037881026, 5112, 1037882142, 4865, 1038308907, 4849, 1038304886, 4609, 1038306607, 4352, 1037880277, 5113, 1038305961, 4354, 1038774355, 4869, 1022000606, 4853, 1021988628, 4612, 1021065474, 4605, 1021962883, 4870, 1022042799, 4613, 1021998862, 4357, 1021997986, 4607, 1021135025, 4598, 1022000331, 4855, 1021138691, 4599, 1021140872, 5105, 1038307145, 5116, 1021109469, 5117, 1021965548, 5118, 1022015562, 5110, 1021997850, 5111, 1021135781, 5119, 1021129825, 4866, 1038774341, 4850, 1038773096, 5114, 1038771894, 5106, 1038773084, 4867, 1038343075, 4851, 1038350011, 5108, 1021074896, 5109, 1021990421, 4868, 1021068444, 4852, 1021071935, 5107, 1038347726, 4353, 1038305055, 4601, 1038302133, 4593, 1038303382, 4602, 1038771925, 4854, 1021999524, 4610, 1038774349, 4594, 1038773114, 4871, 1021100343, 4603, 1038347181, 4355, 1038346923, 4611, 1038345378, 4595, 1038351555, 4356, 1021063235, 4604, 1021104273, 4596, 1021069687, 4358, 1022045434, 4597, 1021987745, 4606, 1022018014, 4359, 1021105538, 4614, 1022044549, 4615, 1021103310, 5115, 1038343324]
[INFO] (lattice_cell.c: 455): on tick 44 of 50
[INFO] (lattice_cell.c: 172): the unmatched_packets is 56
[4864, 1037895555, 4848, 1037876090, 4608, 1037895557, 4600, 1037874493, 4592, 1037876115, 5112, 1037874495, 4352, 1037895549, 5104, 1037876056, 4865, 1038304872, 4609, 1038302493, 4849, 1038298590, 4601, 1038297668, 4593, 1038297020, 5113, 1038301631, 4866, 1038768140, 4850, 1038788632, 4851, 1038343117, 4602, 1038790390, 4611, 1038343544, 4853, 1021951423, 5114, 1038790392, 5107, 1038340788, 4870, 1022018738, 4605, 1021973142, 4597, 1021950070, 4855, 1021109347, 4606, 1022009548, 4614, 1022020937, 4871, 1021112040, 4598, 1022037490, 4607, 1021138714, 4359, 1021115934, 4615, 1021114341, 4867, 1038341161, 4852, 1021114383, 5119, 1021134818, 4868, 1021080712, 4869, 1021983595, 5115, 1038339800, 4854, 1022035986, 5108, 1021116608, 5111, 1021107052, 5105, 1038300962, 4354, 1038768156, 5109, 1021953525, 5118, 1022005845, 5106, 1038788664, 4355, 1038345135, 4610, 1038768144, 4356, 1021076820, 4594, 1038788602, 4604, 1021090549, 4357, 1021979967, 4603, 1038343727, 4595, 1038344651, 4358, 1022022383, 4612, 1021078427, 4596, 1021112848, 5110, 1022033728, 4613, 1021981386, 4599, 1021110977, 4353, 1038300914, 5116, 1021094344, 5117, 1021976695]
[INFO] (lattice_cell.c: 455): on tick 45 of 50
[INFO] (lattice_cell.c: 172): the unmatched_packets is 56
[4864, 1037886682, 4608, 1037886682, 4848, 1037897654, 4600, 1037883958, 5104, 1037897637, 4865, 1038309101, 4849, 1038309602, 5112, 1037883936, 4609, 1038306850, 4850, 1038756033, 5105, 1038311858, 4602, 1038770445, 4595, 1038348443, 4853, 1022007688, 4612, 1021098655, 4605, 1022009167, 4597, 1022006636, 4606, 1022031271, 4614, 1022009623, 4855, 1021122381, 4871, 1021133893, 4607, 1021130359, 4599, 1021124528, 5110, 1022026883, 5117, 1022012201, 5118, 1022028339, 5119, 1021125293, 5111, 1021119468, 4866, 1038767111, 5113, 1038308346, 5106, 1038756009, 5107, 1038344672, 4867, 1038343114, 4851, 1038346928, 5109, 1022009686, 4868, 1021101607, 4852, 1021034818, 4869, 1021965150, 5115, 1038341587, 4352, 1037886680, 4870, 1022007681, 4592, 1037897678, 4854, 1022028655, 4353, 1038305326, 4601, 1038304586, 4593, 1038308091, 4354, 1038767121, 4610, 1038767121, 4355, 1038346888, 4594, 1038756063, 4603, 1038345371, 4611, 1038345371, 4356, 1021096446, 4604, 1021048920, 4357, 1021962194, 4596, 1021032633, 4613, 1021963223, 4358, 1022010691, 4359, 1021139041, 4598, 1022029577, 4615, 1021136840, 5114, 1038770412, 5108, 1021037707, 5116, 1021054087]
[INFO] (lattice_cell.c: 455): on tick 46 of 50
[INFO] (lattice_cell.c: 172): the unmatched_packets is 56
[4864, 1037864731, 4608, 1037864729, 4848, 1037862331, 4600, 1037876888, 4592, 1037862321, 5112, 1037876879, 4865, 1038302225, 4849, 1038295481, 5104, 1037862347, 4352, 1037864723, 4866, 1038800593, 5105, 1038297851, 4610, 1038800595, 4852, 1021172563, 5106, 1038802554, 4869, 1021962086, 4604, 1021132059, 4596, 1021170951, 5115, 1038339379, 4870, 1021997369, 4356, 1021107728, 4854, 1022020363, 4606, 1022039676, 4614, 1021999406, 4607, 1021109090, 4598, 1022021650, 4855, 1021117125, 4871, 1021142242, 4615, 1021144569, 4850, 1038802557, 4867, 1038338548, 5117, 1021953474, 4851, 1038345109, 5110, 1022018299, 4868, 1021111679, 5111, 1021114783, 5118, 1022036355, 5119, 1021105068, 5116, 1021136042, 4853, 1021904280, 5114, 1038787609, 4609, 1038299809, 5113, 1038297493, 5109, 1021906318, 4593, 1038293896, 4353, 1038298175, 4602, 1038787562, 4594, 1038802547, 4603, 1038343419, 4611, 1038340977, 4354, 1038800603, 4595, 1038346704, 4355, 1038342615, 4612, 1021109370, 4605, 1021950244, 4613, 1021960087, 4597, 1021903013, 4357, 1021958836, 4599, 1021118787, 4358, 1022000685, 4601, 1038293466, 4359, 1021146181, 5107, 1038342728, 5108, 1021174847]
[INFO] (lattice_cell.c: 455): on tick 47 of 50
[INFO] (lattice_cell.c: 172): the unmatched_packets is 56
[4864, 1037897828, 4608, 1037897824, 4848, 1037908767, 4600, 1037910328, 5112, 1037910277, 5104, 1037908711, 4592, 1037908801, 4352, 1037897817, 4865, 1038313599, 4849, 1038308366, 4609, 1038311349, 4601, 1038307681, 5113, 1038311479, 4353, 1038309833, 4866, 1038756245, 4850, 1038744720, 4593, 1038306863, 4610, 1038756241, 4602, 1038742807, 4851, 1038347366, 4852, 1020957179, 4868, 1021040453, 4603, 1038347979, 5114, 1038742783, 4605, 1022025777, 4613, 1022007902, 4597, 1022089067, 4870, 1022052626, 5115, 1038344264, 4598, 1022002115, 4607, 1021128963, 4855, 1021149493, 4871, 1021073178, 4615, 1021076045, 4359, 1021078180, 4599, 1021151591, 4867, 1038347450, 4853, 1022090216, 4869, 1022010018, 5116, 1021024667, 5109, 1022092249, 5105, 1038310597, 4854, 1022000962, 5119, 1021123893, 5108, 1020960106, 5106, 1038744716, 4355, 1038351205, 5107, 1038345135, 4356, 1021035472, 5118, 1022019096, 4357, 1022006687, 4594, 1038744725, 4358, 1022055985, 4611, 1038349697, 4354, 1038756249, 4595, 1038348845, 4604, 1021019684, 4612, 1021037596, 4596, 1020955024, 4606, 1022022338, 4614, 1022054754, 5117, 1022029035, 5110, 1021998926, 5111, 1021146629]
[INFO] (lattice_cell.c: 455): on tick 48 of 50
[INFO] (lattice_cell.c: 172): the unmatched_packets is 56
[4864, 1037853142, 4848, 1037852956, 4608, 1037853141, 4600, 1037842182, 5104, 1037852954, 4865, 1038299242, 4849, 1038298729, 5112, 1037842214, 4601, 1038294187, 5105, 1038301134, 4594, 1038812146, 5113, 1038298211, 4603, 1038339062, 4852, 1021211548, 4869, 1021945854, 4355, 1038339718, 4853, 1021852744, 4356, 1021136394, 4597, 1021851616, 4606, 1022003182, 4614, 1021983301, 4598, 1022028721, 4855, 1021119952, 4359, 1021174198, 4615, 1021172414, 4599, 1021121655, 5116, 1021204993, 5118, 1022000163, 5106, 1038812146, 4850, 1038812148, 5114, 1038823441, 5107, 1038339833, 5109, 1021854658, 4352, 1037853130, 4867, 1038335652, 5117, 1021879032, 4353, 1038295183, 5111, 1021117581, 4354, 1038812020, 5119, 1021157644, 4851, 1038342248, 5115, 1038334988, 5108, 1021213792, 4868, 1021140605, 4592, 1037852944, 4609, 1038296816, 4593, 1038297097, 4602, 1038823479, 4610, 1038812012, 4870, 1021981350, 4854, 1022027589, 4357, 1021942754, 4871, 1021169977, 4611, 1038338079, 4866, 1038812012, 4595, 1038343858, 4604, 1021200919, 4358, 1021984461, 4612, 1021138179, 4596, 1021209909, 5110, 1022025702, 4605, 1021875913, 4613, 1021943936, 4607, 1021161798]
[INFO] (lattice_cell.c: 455): on tick 49 of 50
[INFO] (lattice_cell.c: 172): the unmatched_packets is 56
[4864, 1037940204, 4608, 1037940209, 4848, 1037903331, 4600, 1037921182, 5104, 1037903275, 4592, 1037903359, 5112, 1037921131, 4352, 1037940204, 4865, 1038312890, 4849, 1038306458, 4609, 1038310623, 4601, 1038304495, 4593, 1038304980, 5113, 1038308255, 5105, 1038308663, 4353, 1038309080, 4866, 1038712081, 4850, 1038750575, 4610, 1038712097, 4602, 1038732351, 4594, 1038750565, 5114, 1038732366, 5106, 1038750594, 4867, 1038346535, 4611, 1038348813, 4851, 1038351361, 4603, 1038350973, 4868, 1021002454, 4595, 1038352847, 4612, 1020999632, 4869, 1022051689, 5115, 1038347177, 5107, 1038349141, 4596, 1020996119, 5108, 1021001164, 4597, 1022056501, 5116, 1020962010, 4871, 1021037463, 4855, 1021081819, 4598, 1022053623, 5109, 1022060063, 4607, 1021077052, 4615, 1021040277, 4599, 1021083852, 4358, 1022095979, 4359, 1021042301, 4852, 1020998239, 4853, 1022057848, 4870, 1022092529, 4854, 1022052313, 5119, 1021072267, 5110, 1022050128, 5117, 1022105961, 4604, 1020957010, 5118, 1022060346, 4354, 1038712103, 4355, 1038350348, 5111, 1021079025, 4356, 1020997593, 4613, 1022049553, 4357, 1022048259, 4605, 1022102520, 4614, 1022094687, 4606, 1022063871]
[INFO] (lattice_cell.c: 455): on tick 50 of 50
[INFO] (lattice_cell.c: 466): updating recording regions
[INFO] (recording.c: 507): 	Finalising channel 0 - state info stored in SDRAM
[INFO] (recording.c: 512): closed channel 0.
[INFO] (lattice_cell.c: 470): Simulation complete.

