[INFO] (lattice_cell.c: 604): starting lattice cell
[INFO] (lattice_cell.c: 526): Initialise: started
[INFO] (data_specification.c: 78): magic = ad130ad6, version = 1.0
[INFO] (lattice_cell.c: 555): my key is 4128
[INFO] (lattice_cell.c: 562): I'm in position ( 16, 4)
[INFO] (lattice_cell.c: 568): my n key is 3872
[INFO] (lattice_cell.c: 574): my U_X = -0.009988944046199322
[INFO] (lattice_cell.c: 575): my U_Y = -0.0005000000237487257
[INFO] (lattice_cell.c: 583): input_buffer initialised
[INFO] (recording.c: 563): Recording 1 regions, using output tag 0, size before trigger 7686388, time between triggers 50
[INFO] (recording.c: 665): Recording channel 0 configured to use 7686132 byte memory block starting at 0x668e2fc4
[INFO] (lattice_cell.c: 588): Recording flags = 0x00000001
[INFO] (lattice_cell.c: 619): setting timer to execute every 200000 microseconds
[INFO] (lattice_cell.c: 627): Starting

[INFO] (simulation.c: 159): Setting the runtime of this model to 50 starting at 0
[INFO] (simulation.c: 161): Setting the flag of infinite run for this model to 0
[INFO] (simulation.c: 175): Resuming
[INFO] (lattice_cell.c: 455): on tick 0 of 50
[4384, 1037885270, 4120, 1037884865, 4136, 1037887879, 4376, 1037884871, 3872, 1037885270, 4392, 1037887885, 3864, 1037884871, 3880, 1037887885, 4385, 1038296878, 4121, 1038296438, 4137, 1038296500, 4377, 1038296874, 4393, 1038296936, 3873, 1038296878, 4122, 1038779499, 4138, 1038776233, 4386, 1038779066, 4378, 1038779505, 4123, 1038341178, 4139, 1038341240, 3865, 1038296874, 4141, 1021975350, 4125, 1021978606, 4126, 1022026027, 3881, 1038296936, 4124, 1021086653, 4140, 1021089658, 4142, 1022022752, 4143, 1021131736, 4127, 1021128712, 3885, 1021975810, 3879, 1021128711, 3887, 1021131336, 3882, 1038776239, 3875, 1038340758, 3867, 1038340752, 3883, 1038340816, 3877, 1021978627, 3884, 1021090068, 3878, 1022025135, 4394, 1038776239, 3868, 1021087061, 4387, 1038340758, 3874, 1038779066, 3870, 1022025577, 4379, 1038340752, 3886, 1022022302, 4395, 1038340816, 4388, 1021087459, 3869, 1021979066, 4380, 1021087061, 4396, 1021090068, 4389, 1021978627, 4381, 1021979066, 3871, 1021128312, 4397, 1021975810, 3876, 1021087459, 4390, 1022025135, 4382, 1022025577, 4398, 1022022302, 4391, 1021128711, 4383, 1021128312, 4399, 1021131336, 3866, 1038779505]
[INFO] (lattice_cell.c: 455): on tick 1 of 50
[INFO] (lattice_cell.c: 172): the unmatched_packets is 56
[4120, 1037880043, 4384, 1037881101, 4136, 1037887805, 4376, 1037880049, 3872, 1037881101, 3864, 1037880049, 4392, 1037887809, 3880, 1037887809, 4121, 1038305153, 4385, 1038305609, 4137, 1038305193, 4377, 1038305605, 3873, 1038305541, 3865, 1038305539, 3881, 1038305581, 4393, 1038305647, 4122, 1038774441, 4386, 1038773356, 4378, 1038774447, 4138, 1038766379, 4139, 1038348972, 4123, 1038349308, 4140, 1021090691, 4124, 1021080401, 4387, 1038348798, 4125, 1021974631, 4126, 1022020195, 4143, 1021116397, 3874, 1038773356, 4397, 1021963395, 4391, 1021122495, 3882, 1038766383, 3884, 1021090297, 4398, 1022030170, 4142, 1022029730, 4127, 1021124920, 4141, 1021963824, 3875, 1038348866, 4394, 1038766383, 3867, 1038348912, 3883, 1038348576, 4379, 1038348844, 4395, 1038348510, 3868, 1021080007, 4388, 1021083052, 4380, 1021081667, 3866, 1038774445, 4396, 1021091954, 3877, 1021974473, 4389, 1021972745, 4381, 1021974204, 4390, 1022021938, 4382, 1022020632, 3869, 1021975932, 3885, 1021965123, 3879, 1021124164, 3870, 1022018895, 3886, 1022028436, 4383, 1021123657, 3871, 1021125328, 3887, 1021116807, 4399, 1021115135, 3876, 1021081391, 3878, 1022020204]
[INFO] (lattice_cell.c: 455): on tick 2 of 50
[INFO] (lattice_cell.c: 172): the unmatched_packets is 56
[4120, 1037884827, 4384, 1037882686, 4136, 1037871647, 4376, 1037884829, 3872, 1037882678, 3864, 1037884825, 4392, 1037871647, 3880, 1037871645, 4385, 1038297072, 4121, 1038296622, 4377, 1038297060, 4137, 1038296715, 3873, 1038297062, 3865, 1038297050, 4393, 1038297145, 4386, 1038782617, 4378, 1038780432, 4138, 1038793758, 4122, 1038780428, 4139, 1038343075, 4123, 1038341956, 3881, 1038297141, 4140, 1021080612, 4379, 1038341516, 4395, 1038342635, 4142, 1021977897, 4380, 1021087776, 4143, 1021170858, 4127, 1021129696, 4397, 1021987752, 4124, 1021087304, 4390, 1022016966, 4141, 1021987284, 4125, 1021979988, 4126, 1022024608, 3875, 1038341721, 4394, 1038793754, 4387, 1038341725, 3868, 1021087617, 3884, 1021080922, 3869, 1021980405, 3885, 1021987696, 3877, 1021981770, 4388, 1021086512, 4396, 1021081076, 4389, 1021981824, 3878, 1022017020, 3870, 1022024183, 4381, 1021980464, 3886, 1021977462, 3883, 1038342647, 3882, 1038793758, 3887, 1021170518, 4382, 1022024132, 3874, 1038782611, 3866, 1038780426, 4398, 1021977431, 4391, 1021135436, 3867, 1038341510, 4383, 1021129226, 4399, 1021170390, 3879, 1021135562, 3871, 1021129363, 3876, 1021086355]
[INFO] (lattice_cell.c: 455): on tick 3 of 50
[INFO] (lattice_cell.c: 172): the unmatched_packets is 56
[4120, 1037882351, 4384, 1037893718, 4136, 1037925612, 4376, 1037882359, 3872, 1037893706, 3864, 1037882351, 4392, 1037925612, 3880, 1037925598, 4385, 1038306175, 4121, 1038305491, 4137, 1038306472, 4377, 1038305975, 3873, 1038306049, 3865, 1038305847, 3881, 1038306828, 4393, 1038306944, 4122, 1038772162, 4138, 1038727007, 4386, 1038760294, 4378, 1038772156, 4394, 1038727007, 4123, 1038348828, 4139, 1038347014, 4124, 1021081846, 4379, 1038348342, 4140, 1021114304, 4395, 1038346556, 4125, 1021972190, 4141, 1021939788, 4127, 1021120332, 4390, 1022056966, 4126, 1022026982, 4142, 1022145964, 4399, 1021005533, 4383, 1021119115, 4143, 1021006796, 3886, 1022144733, 3887, 1021007195, 3882, 1038727005, 3875, 1038347449, 3867, 1038348478, 3866, 1038772162, 3876, 1021091071, 3877, 1021963740, 3885, 1021941066, 3878, 1022055328, 3874, 1038760302, 3879, 1021094866, 4387, 1038347325, 3871, 1021120667, 4388, 1021092622, 3883, 1038346636, 4380, 1021083061, 3868, 1021081528, 4396, 1021115499, 4389, 1021962068, 3884, 1021113968, 4397, 1021939385, 4381, 1021971798, 3870, 1022025698, 4398, 1022146290, 4382, 1022027371, 4391, 1021093286, 3869, 1021973470]
[INFO] (lattice_cell.c: 455): on tick 4 of 50
[INFO] (lattice_cell.c: 172): the unmatched_packets is 56
[4120, 1037875177, 4136, 1037847896, 4384, 1037850501, 4376, 1037875177, 3864, 1037875169, 3880, 1037847904, 3872, 1037850499, 4121, 1038296332, 4137, 1038296746, 4385, 1038296688, 4377, 1038296776, 3873, 1038296674, 4393, 1038297202, 4122, 1038790406, 4138, 1038817402, 4139, 1038341253, 4378, 1038790408, 4394, 1038817386, 4125, 1021988568, 4388, 1021065832, 4143, 1021306949, 4380, 1021080649, 4389, 1022004573, 4140, 1021085851, 4399, 1021306500, 4141, 1021983300, 3885, 1021983716, 3878, 1021920833, 4126, 1021997258, 4142, 1021844609, 4127, 1021151512, 4123, 1038343274, 4124, 1021080071, 3881, 1038297182, 3866, 1038790412, 3874, 1038815749, 3875, 1038343061, 3883, 1038340865, 3876, 1021065452, 4392, 1037847898, 4386, 1038815749, 4379, 1038342820, 4387, 1038342999, 3868, 1021080265, 4395, 1038340759, 4396, 1021086426, 4381, 1021989016, 4390, 1021920921, 4397, 1021983738, 3869, 1021988989, 4382, 1021996824, 3870, 1021996820, 3879, 1021225165, 3865, 1038296766, 4391, 1021224930, 4398, 1021844294, 4383, 1021150965, 3877, 1022004553, 3867, 1038342847, 3871, 1021151290, 3887, 1021306621, 3884, 1021086040, 3882, 1038817402, 3886, 1021844099]
[INFO] (lattice_cell.c: 455): on tick 5 of 50
[INFO] (lattice_cell.c: 172): the unmatched_packets is 56
[4120, 1037908973, 4384, 1037924530, 4136, 1037893985, 4376, 1037908979, 3872, 1037924514, 3864, 1037908975, 3880, 1037893957, 4392, 1037894005, 4385, 1038307172, 4121, 1038306097, 4377, 1038306608, 4137, 1038307010, 3873, 1038307002, 3865, 1038306421, 4393, 1038307498, 3881, 1038307354, 4122, 1038744537, 4386, 1038728538, 4138, 1038760278, 4378, 1038744539, 3866, 1038744539, 4394, 1038760302, 3874, 1038728536, 4123, 1038347498, 4387, 1038348415, 4139, 1038347174, 4124, 1021100080, 4140, 1021080946, 4125, 1021952744, 4380, 1021101216, 4141, 1021974944, 4126, 1022104990, 4142, 1022148829, 4399, 1020999650, 4127, 1021047683, 4143, 1021000913, 3879, 1020956954, 4379, 1038347020, 4395, 1038346754, 4388, 1021099258, 3883, 1038346776, 4396, 1021082045, 3868, 1021099855, 4389, 1021955672, 4381, 1021952438, 4397, 1021974621, 4390, 1022190267, 3884, 1021080731, 4382, 1022105228, 3882, 1038760262, 4391, 1020955363, 4398, 1022148973, 3867, 1038347150, 3875, 1038348475, 3869, 1021953970, 4383, 1021046506, 3885, 1021976190, 3878, 1022188997, 3876, 1021097916, 3870, 1022103821, 3886, 1022147750, 3887, 1021001326, 3877, 1021957218, 3871, 1021047985]
[INFO] (lattice_cell.c: 455): on tick 6 of 50
[INFO] (lattice_cell.c: 172): the unmatched_packets is 56
[4120, 1037841513, 4384, 1037865072, 4376, 1037841517, 4136, 1037897328, 3872, 1037865086, 4392, 1037897316, 3864, 1037841521, 3880, 1037897348, 4121, 1038295855, 4385, 1038296941, 4137, 1038297897, 4377, 1038296313, 3873, 1038296904, 3865, 1038296283, 3881, 1038298315, 4138, 1038766223, 4122, 1038824891, 4139, 1038340912, 4123, 1038341808, 4378, 1038824893, 4394, 1038766201, 4125, 1022002146, 4395, 1038340387, 4126, 1021870960, 4388, 1021093565, 4127, 1021282006, 4140, 1021098426, 4390, 1021869981, 4142, 1022002745, 4143, 1021147643, 3885, 1021973929, 4124, 1021067448, 4141, 1021973468, 3878, 1021869530, 3866, 1038824895, 4393, 1038298361, 4386, 1038799713, 3867, 1038341444, 4387, 1038342295, 4379, 1038341286, 3884, 1021098490, 3877, 1021976931, 3869, 1022002603, 4396, 1021099150, 4380, 1021068143, 4389, 1021976851, 3870, 1021870354, 3879, 1021275788, 3886, 1022002098, 4397, 1021973840, 3874, 1038799727, 3871, 1021281788, 4381, 1022002516, 3882, 1038766241, 4398, 1022002564, 4391, 1021275528, 4382, 1021870717, 3875, 1038342489, 3876, 1021092893, 4399, 1021147121, 4383, 1021281439, 3883, 1038340554, 3887, 1021147376, 3868, 1021067488]
[INFO] (lattice_cell.c: 455): on tick 7 of 50
[INFO] (lattice_cell.c: 172): the unmatched_packets is 56
[4120, 1037909497, 4384, 1037873352, 4376, 1037909507, 4136, 1037884776, 3872, 1037873314, 4392, 1037884810, 3864, 1037909488, 3880, 1037884746, 4121, 1038306542, 4385, 1038306961, 4137, 1038307260, 4377, 1038307064, 3873, 1038306767, 3865, 1038306844, 4393, 1038307757, 4386, 1038781645, 4378, 1038744543, 4138, 1038768553, 4122, 1038744539, 4394, 1038768580, 4139, 1038347362, 4123, 1038347396, 4125, 1021971176, 4396, 1021095186, 4124, 1021082738, 4399, 1021143162, 4126, 1022189919, 4142, 1022000936, 4140, 1021094206, 4127, 1020963626, 4143, 1021144353, 4141, 1021960444, 3870, 1022188984, 3882, 1038768523, 3875, 1038347736, 3867, 1038347000, 3881, 1038307592, 3876, 1021074406, 3868, 1021082631, 3884, 1021094123, 3869, 1021972299, 3878, 1022068069, 4387, 1038347671, 4379, 1038346959, 3885, 1021961603, 4395, 1038346926, 3879, 1021079041, 3886, 1021999987, 3871, 1020963936, 4388, 1021075492, 4380, 1021083735, 3874, 1038781621, 3866, 1038744535, 4389, 1021979518, 4381, 1021970974, 4397, 1021960226, 4390, 1022068990, 4382, 1022189899, 4398, 1022000922, 4391, 1021077523, 4383, 1020962420, 3883, 1038346982, 3877, 1021980862, 3887, 1021144659]
[INFO] (lattice_cell.c: 455): on tick 8 of 50
[INFO] (lattice_cell.c: 172): the unmatched_packets is 56
[4120, 1037886424, 4384, 1037890177, 4136, 1037883729, 4376, 1037886415, 3872, 1037890197, 3864, 1037886434, 3880, 1037883753, 4392, 1037883709, 4385, 1038297797, 4121, 1038296549, 4137, 1038297970, 4377, 1038297027, 3873, 1038297735, 3865, 1038296960, 4393, 1038298438, 3881, 1038298389, 4386, 1038774503, 4378, 1038777849, 4138, 1038780779, 4122, 1038777867, 4139, 1038340488, 4123, 1038342406, 4140, 1021099633, 3866, 1038777879, 4395, 1038339952, 4127, 1021204902, 4143, 1021134428, 4141, 1021972977, 3885, 1021973522, 4125, 1021972095, 4126, 1021944226, 4142, 1022015566, 4124, 1021097568, 3870, 1021943477, 3871, 1021204778, 3882, 1038780802, 3876, 1021085108, 3868, 1021097453, 3884, 1021099536, 3877, 1021987497, 4394, 1038780757, 3869, 1021972643, 4387, 1038341039, 4379, 1038341835, 4388, 1021086075, 4380, 1021098434, 4396, 1021100477, 3886, 1022014816, 3879, 1021105636, 4389, 1021987240, 4381, 1021972386, 3874, 1038774542, 4397, 1021973256, 3867, 1038342082, 4390, 1022044566, 4382, 1021944147, 4398, 1022015526, 4391, 1021105101, 3875, 1038341244, 4383, 1021204237, 4399, 1021133809, 3878, 1022043879, 3887, 1021134296, 3883, 1038340126]
[INFO] (lattice_cell.c: 455): on tick 9 of 50
[INFO] (lattice_cell.c: 172): the unmatched_packets is 56
[4120, 1037870900, 4384, 1037886710, 4136, 1037881129, 4376, 1037870918, 3872, 1037886662, 3864, 1037870882, 4392, 1037881161, 4137, 1038307893, 4121, 1038305900, 4385, 1038307443, 4377, 1038306424, 3873, 1038307212, 3865, 1038306187, 4393, 1038308397, 4138, 1038772945, 4386, 1038766857, 4122, 1038783792, 4378, 1038783802, 4139, 1038346320, 4123, 1038348289, 4127, 1021139934, 4381, 1021973339, 4140, 1021085903, 4397, 1021970078, 4124, 1021080104, 4141, 1021970163, 4125, 1021973393, 4399, 1021114678, 4142, 1022030688, 4126, 1022008046, 4143, 1021115762, 3868, 1021080124, 3870, 1022007263, 3871, 1021140125, 3880, 1037881090, 3883, 1038345946, 3867, 1038347923, 3876, 1021083693, 3884, 1021085948, 3881, 1038308205, 3866, 1038783776, 3877, 1021971693, 4394, 1038772979, 4387, 1038347762, 4379, 1038347834, 3882, 1038772913, 3885, 1021971206, 3869, 1021974402, 4395, 1038345870, 3878, 1022014503, 4388, 1021084544, 4380, 1021080989, 3879, 1021129737, 4396, 1021086744, 3886, 1022029887, 4389, 1021970600, 3874, 1038766818, 3887, 1021115942, 4390, 1022015135, 4382, 1022007880, 4391, 1021128459, 4398, 1022030517, 4383, 1021138862, 3875, 1038347850]
[INFO] (lattice_cell.c: 455): on tick 10 of 50
[INFO] (lattice_cell.c: 172): the unmatched_packets is 56
[4384, 1037884252, 4120, 1037879367, 4376, 1037879358, 4136, 1037891340, 3872, 1037884267, 4392, 1037891329, 3864, 1037879369, 3880, 1037891360, 4121, 1038297749, 4385, 1038297970, 4137, 1038298487, 4377, 1038298247, 3873, 1038297887, 3865, 1038298154, 4393, 1038298966, 3881, 1038298898, 4386, 1038780220, 4378, 1038786132, 4138, 1038772545, 4122, 1038786144, 4139, 1038340232, 4123, 1038341327, 4394, 1038772525, 4379, 1038340757, 4143, 1021119487, 4124, 1021086312, 4140, 1021095094, 3877, 1021976323, 4391, 1021140955, 4141, 1021978872, 4126, 1022044996, 4142, 1022030146, 4127, 1021108102, 4125, 1021981385, 3882, 1038772575, 3875, 1038341631, 3866, 1038786162, 3883, 1038339884, 4387, 1038341401, 3868, 1021086063, 4395, 1038339685, 4388, 1021096208, 4380, 1021087311, 3884, 1021094855, 3878, 1022005044, 3885, 1021979542, 3870, 1022044134, 3879, 1021141771, 3886, 1022029258, 4389, 1021975814, 4396, 1021096100, 3874, 1038780265, 3871, 1021108146, 4381, 1021981535, 3887, 1021119493, 4390, 1022005986, 4397, 1021979023, 4382, 1022045023, 4398, 1022030221, 3867, 1038341007, 4383, 1021107297, 4399, 1021118723, 3876, 1021094951, 3869, 1021982045]
[INFO] (lattice_cell.c: 455): on tick 11 of 50
[INFO] (lattice_cell.c: 172): the unmatched_packets is 56
[4120, 1037892421, 4136, 1037887169, 4384, 1037876890, 4376, 1037892433, 3872, 1037876845, 4392, 1037887207, 4121, 1038305930, 4137, 1038307834, 3864, 1037892405, 4122, 1038761393, 4385, 1038306736, 4138, 1038766258, 4123, 1038347649, 4387, 1038347267, 4388, 1021080686, 3873, 1038306496, 4395, 1038345903, 4139, 1038346360, 4391, 1021127001, 4140, 1021089999, 4124, 1021059931, 4141, 1021967011, 4125, 1021997139, 4142, 1022016248, 4126, 1022031522, 4143, 1021128855, 4127, 1021117502, 3879, 1021128019, 3881, 1038308143, 3874, 1038777559, 3866, 1038761377, 3883, 1038345994, 3877, 1021979464, 3868, 1021060013, 3884, 1021090160, 3878, 1022015819, 3869, 1021997933, 3885, 1021967895, 4377, 1038306460, 4393, 1038308352, 4386, 1038777590, 3886, 1022015601, 3882, 1038766228, 3875, 1038347382, 4378, 1038761400, 4394, 1038766289, 4379, 1038347169, 3865, 1038306223, 3867, 1038347297, 4380, 1021060733, 4389, 1021978684, 4396, 1021090717, 3876, 1021080072, 4381, 1021997259, 4390, 1022016151, 4397, 1021967064, 4382, 1022031223, 3870, 1022030889, 4398, 1022015977, 3871, 1021117569, 4383, 1021116531, 3887, 1021128904, 4399, 1021127896, 3880, 1037887143]
[INFO] (lattice_cell.c: 455): on tick 12 of 50
[INFO] (lattice_cell.c: 172): the unmatched_packets is 56
[4120, 1037869906, 4384, 1037878292, 4376, 1037869902, 3872, 1037878296, 4136, 1037887958, 3864, 1037869908, 4392, 1037887946, 3880, 1037887958, 4121, 1038295793, 3873, 1038298907, 3865, 1038296135, 4137, 1038299644, 4377, 1038296337, 3881, 1038300043, 4122, 1038795126, 4393, 1038300121, 4123, 1038341319, 3874, 1038786659, 3866, 1038795145, 4124, 1021151218, 4394, 1038776145, 4141, 1021968312, 4379, 1038340734, 4126, 1022030368, 4381, 1021924360, 4397, 1021968317, 4139, 1038339922, 4382, 1022030506, 3869, 1021925294, 4140, 1021101915, 3878, 1022035687, 4138, 1038776153, 4125, 1021924412, 3885, 1021969128, 4142, 1022015615, 4127, 1021121668, 4143, 1021132745, 3879, 1021112328, 3886, 1022014584, 3882, 1038776172, 3875, 1038340878, 3867, 1038341009, 3883, 1038339590, 3876, 1021100061, 3868, 1021150903, 3884, 1021101583, 3870, 1022029396, 3871, 1021121867, 3887, 1021132909, 4385, 1038299034, 4378, 1038795110, 4386, 1038786628, 3877, 1021970609, 4387, 1038340635, 4395, 1038339371, 4388, 1021101497, 4380, 1021152264, 4389, 1021969783, 4396, 1021103046, 4390, 1022036808, 4391, 1021111207, 4398, 1022015799, 4383, 1021120710, 4399, 1021131814]
[INFO] (lattice_cell.c: 455): on tick 13 of 50
[INFO] (lattice_cell.c: 172): the unmatched_packets is 56
[4120, 1037912695, 4384, 1037899184, 4136, 1037885762, 4376, 1037912703, 3872, 1037899148, 3864, 1037912675, 4392, 1037885782, 3880, 1037885738, 4121, 1038305734, 4385, 1038309147, 4137, 1038307573, 3873, 1038308945, 4377, 1038306226, 3865, 1038306076, 4393, 1038308079, 3881, 1038307884, 4386, 1038754109, 4122, 1038740574, 4138, 1038768055, 4378, 1038740582, 4387, 1038347339, 4123, 1038348221, 4139, 1038346074, 4124, 1020970681, 4140, 1021080704, 3874, 1038754086, 4141, 1021979080, 4395, 1038345607, 4388, 1021032551, 4380, 1020971490, 3866, 1038740564, 4381, 1022087429, 4125, 1022087053, 4390, 1022012985, 4126, 1021988875, 4142, 1022014053, 4143, 1021130176, 4127, 1021157741, 4394, 1038768071, 4379, 1038347722, 3882, 1038768027, 3867, 1038347897, 3876, 1021031996, 3868, 1020970768, 4396, 1021081357, 4389, 1022019293, 3884, 1021080951, 3877, 1022019611, 4397, 1021979310, 3869, 1022087593, 4382, 1021988448, 3885, 1021979790, 4398, 1022013644, 3883, 1038345705, 3878, 1022012893, 4391, 1021129757, 3870, 1021988364, 4383, 1021156895, 3879, 1021130534, 4399, 1021129356, 3886, 1022013523, 3871, 1021157666, 3887, 1021130095, 3875, 1038347480]
[INFO] (lattice_cell.c: 455): on tick 14 of 50
[INFO] (lattice_cell.c: 172): the unmatched_packets is 56
[4120, 1037843256, 4136, 1037874686, 4384, 1037856827, 4376, 1037843248, 3872, 1037856824, 3864, 1037843249, 3880, 1037874680, 4392, 1037874689, 4121, 1038298516, 4137, 1038297799, 3873, 1038299079, 3865, 1038298798, 4122, 1038822791, 4377, 1038299120, 3881, 1038298173, 4138, 1038789922, 4123, 1038340508, 4140, 1021135840, 4386, 1038808469, 4141, 1021943909, 4389, 1021878361, 4139, 1038339304, 4124, 1021244360, 4398, 1022036833, 4125, 1021821258, 4126, 1022039643, 4142, 1022036579, 3879, 1021111678, 4127, 1021112006, 4143, 1021112810, 3871, 1021112357, 3874, 1038808481, 3887, 1021113124, 3866, 1038822799, 3867, 1038340196, 3875, 1038340405, 3868, 1021244035, 3877, 1021879622, 3878, 1022035856, 3885, 1021944936, 3870, 1022038566, 3876, 1021190346, 3882, 1038789924, 3869, 1021822361, 3883, 1038338975, 4385, 1038299319, 3884, 1021135456, 4393, 1038298309, 4378, 1038822778, 3886, 1022035476, 4394, 1038789922, 4387, 1038340155, 4379, 1038339927, 4388, 1021191813, 4395, 1038338753, 4380, 1021245430, 4396, 1021136999, 4381, 1021821011, 4390, 1022037191, 4397, 1021943733, 4391, 1021110293, 4382, 1022039855, 4383, 1021110912, 4399, 1021111749]
[INFO] (lattice_cell.c: 455): on tick 15 of 50
[INFO] (lattice_cell.c: 172): the unmatched_packets is 56
[4120, 1037897595, 4384, 1037917803, 4136, 1037912531, 3872, 1037917769, 4376, 1037897614, 4392, 1037912551, 3864, 1037897585, 3880, 1037912517, 4121, 1038305401, 4385, 1038306736, 4137, 1038307728, 4377, 1038305893, 3873, 1038306602, 4393, 1038308206, 3881, 1038308076, 4386, 1038735348, 4122, 1038756721, 4378, 1038756717, 4138, 1038740254, 4123, 1038347869, 4139, 1038346378, 4124, 1020949401, 4387, 1038347636, 4379, 1038347347, 4140, 1021004291, 4388, 1020937076, 4125, 1022112906, 4141, 1022056588, 4383, 1021115330, 4126, 1022031729, 4142, 1022004372, 4399, 1021138162, 4127, 1021116051, 4143, 1021138871, 3878, 1021994705, 3865, 1038305745, 3867, 1038347566, 3882, 1038740238, 3883, 1038346026, 3868, 1020949526, 3884, 1021004535, 3877, 1022125942, 3869, 1022113276, 3885, 1022057082, 3870, 1022031332, 3879, 1021147053, 3866, 1038756708, 3886, 1022003957, 3871, 1021115869, 3887, 1021138672, 3874, 1038735327, 3875, 1038347826, 4394, 1038740272, 3876, 1020936506, 4395, 1038345899, 4380, 1020950147, 4396, 1021004948, 4389, 1022126031, 4381, 1022113434, 4390, 1021994601, 4397, 1022057021, 4382, 1022031228, 4391, 1021146510, 4398, 1022003899]
[INFO] (lattice_cell.c: 455): on tick 16 of 50
[INFO] (lattice_cell.c: 172): the unmatched_packets is 56
[4120, 1037895862, 4384, 1037858085, 4136, 1037853001, 4376, 1037895852, 3872, 1037858075, 4392, 1037853013, 3864, 1037895842, 4121, 1038297670, 4137, 1038300530, 4385, 1038300597, 4377, 1038298256, 4138, 1038812007, 4122, 1038767908, 4123, 1038340795, 4139, 1038338659, 4124, 1021125549, 4387, 1038339654, 4142, 1022039050, 4127, 1021133198, 4390, 1022026027, 4140, 1021236721, 4398, 1022039367, 4125, 1021944855, 4141, 1021832193, 4126, 1022019272, 4143, 1021109958, 3877, 1021834068, 3869, 1021945998, 3887, 1021110361, 3881, 1038300864, 3874, 1038806892, 3866, 1038767914, 3882, 1038812003, 3867, 1038340504, 3883, 1038338325, 3868, 1021125103, 3884, 1021236313, 3878, 1022024606, 3870, 1022018143, 3886, 1022037856, 3871, 1021133662, 3865, 1038297950, 4393, 1038301072, 3880, 1037852993, 4386, 1038806889, 4378, 1038767914, 4394, 1038812015, 4379, 1038340206, 3873, 1038300305, 4388, 1021233443, 3875, 1038339895, 4395, 1038338114, 4380, 1021126784, 4389, 1021832550, 4396, 1021237885, 4381, 1021944572, 4397, 1021831853, 4391, 1021120925, 4382, 1022019518, 3885, 1021833399, 3876, 1021231858, 4383, 1021131948, 3879, 1021122575, 4399, 1021108789]
[INFO] (lattice_cell.c: 455): on tick 17 of 50
[INFO] (lattice_cell.c: 172): the unmatched_packets is 56
[4120, 1037870517, 4384, 1037877806, 4136, 1037913956, 4376, 1037870527, 3872, 1037877782, 3864, 1037870505, 4392, 1037913982, 3880, 1037913938, 3873, 1038307541, 4121, 1038306518, 4385, 1038307727, 3865, 1038306806, 4137, 1038306680, 4377, 1038307073, 4393, 1038307156, 3881, 1038307054, 4122, 1038783842, 4386, 1038776930, 4138, 1038739347, 4378, 1038783840, 4123, 1038347519, 4139, 1038346325, 4124, 1021119092, 4140, 1020942990, 3874, 1038776918, 3866, 1038783840, 4127, 1021130113, 4125, 1021937574, 4382, 1022014052, 4142, 1022006782, 4126, 1022014616, 4143, 1021136250, 3884, 1020943250, 4141, 1022123824, 3886, 1022006409, 3875, 1038347246, 3882, 1038739327, 3883, 1038345981, 3876, 1021017292, 3877, 1022043166, 3869, 1021937938, 3878, 1022031612, 3885, 1022124173, 3870, 1022014257, 3879, 1021110263, 3871, 1021129846, 3887, 1021135977, 3867, 1038347219, 4394, 1038739363, 4387, 1038347037, 4379, 1038346974, 3868, 1021119367, 4395, 1038345827, 4388, 1021017676, 4380, 1021119700, 4396, 1020943607, 4389, 1022043376, 4381, 1021938093, 4390, 1022031414, 4397, 1022124365, 4391, 1021109898, 4398, 1022006264, 4383, 1021129505, 4399, 1021135651]
[INFO] (lattice_cell.c: 455): on tick 18 of 50
[INFO] (lattice_cell.c: 172): the unmatched_packets is 56
[4384, 1037900547, 4120, 1037879560, 4376, 1037879576, 4136, 1037882686, 3872, 1037900517, 3864, 1037879560, 4392, 1037882710, 3880, 1037882671, 4121, 1038297746, 3873, 1038299428, 4137, 1038300358, 4385, 1038299643, 4377, 1038298296, 3865, 1038298055, 4393, 1038300894, 3881, 1038300692, 4386, 1038763292, 4378, 1038785759, 4122, 1038785755, 4138, 1038781087, 4123, 1038340348, 4139, 1038339443, 4379, 1038339771, 4387, 1038340065, 4124, 1021069551, 4140, 1021187335, 4388, 1021066480, 4126, 1022026971, 4396, 1021188604, 4389, 1022005483, 4390, 1022021678, 4125, 1022002400, 4141, 1021883159, 4142, 1022013835, 4399, 1021130341, 4383, 1021124712, 4127, 1021126025, 4143, 1021131615, 4394, 1038781113, 3879, 1021127941, 3886, 1022012628, 3875, 1038340335, 3867, 1038340060, 3883, 1038339109, 3868, 1021068964, 3884, 1021186875, 3878, 1022020222, 3874, 1038763276, 3866, 1038785745, 3870, 1022025812, 3871, 1021126578, 3887, 1021132119, 3882, 1038781077, 4395, 1038338915, 4380, 1021070899, 3876, 1021064604, 4381, 1022002151, 4397, 1021882787, 3877, 1022006937, 4391, 1021126130, 4398, 1022014155, 4382, 1022027227, 3885, 1021884405, 3869, 1022003549]
[INFO] (lattice_cell.c: 455): on tick 19 of 50
[INFO] (lattice_cell.c: 172): the unmatched_packets is 56
[4120, 1037885358, 4384, 1037880512, 4376, 1037885364, 4136, 1037869229, 3872, 1037880494, 4392, 1037869246, 3864, 1037885347, 3873, 1038308049, 4385, 1038308342, 4377, 1038306492, 4137, 1038307859, 4121, 1038305903, 3865, 1038306165, 4393, 1038308376, 3881, 1038308199, 4386, 1038773152, 4378, 1038768754, 4138, 1038785336, 4122, 1038768760, 4394, 1038785348, 3874, 1038773146, 3866, 1038768758, 4139, 1038345245, 4123, 1038347792, 4387, 1038346163, 4140, 1021095598, 4124, 1021061674, 4380, 1021062222, 4142, 1022025728, 4126, 1022021800, 4396, 1021096089, 4381, 1021998985, 4390, 1022008867, 4399, 1021117362, 4127, 1021123428, 4143, 1021117868, 4141, 1021966999, 4125, 1021998443, 3877, 1021938801, 3869, 1021998762, 3885, 1021967374, 3870, 1022021498, 3879, 1021133318, 3887, 1021117547, 3882, 1038785332, 3875, 1038346423, 4379, 1038347212, 3876, 1021118818, 4395, 1038344723, 3868, 1021061984, 3884, 1021095955, 4388, 1021118971, 3880, 1037869221, 4389, 1021938939, 4397, 1021967482, 3878, 1022009083, 4382, 1022021241, 3886, 1022025362, 3883, 1038344907, 3871, 1021123123, 4391, 1021133074, 4398, 1022025224, 3867, 1038347513, 4383, 1021122826]
[INFO] (lattice_cell.c: 455): on tick 20 of 50
[INFO] (lattice_cell.c: 172): the unmatched_packets is 56
[4120, 1037888692, 4384, 1037876283, 4136, 1037899332, 4376, 1037888707, 3872, 1037876247, 3864, 1037888684, 3880, 1037899312, 4392, 1037899356, 4121, 1038298665, 4385, 1038300443, 3873, 1038300250, 4137, 1038299800, 4377, 1038299213, 3865, 1038298973, 4393, 1038300278, 4386, 1038788710, 4378, 1038775483, 4122, 1038775475, 4138, 1038764648, 4123, 1038340728, 4139, 1038337108, 4394, 1038764672, 3881, 1038300167, 4140, 1021058097, 4387, 1038339755, 4142, 1022040306, 4391, 1021122105, 4125, 1021968141, 3876, 1021101105, 3868, 1021101180, 4398, 1022040607, 4141, 1022016977, 4126, 1022023582, 4127, 1021126499, 4143, 1021116238, 4124, 1021101778, 3870, 1022022459, 3879, 1021124026, 3871, 1021127099, 4379, 1038340150, 3882, 1038764618, 3875, 1038339999, 3867, 1038340448, 4388, 1021103074, 4380, 1021103188, 3883, 1038336775, 4396, 1021059479, 4389, 1021967197, 4381, 1021967916, 3877, 1021968578, 3884, 1021057562, 4390, 1022023549, 4397, 1022016703, 4382, 1022023793, 3869, 1021969268, 3878, 1022022139, 3874, 1038788680, 4383, 1021125117, 4399, 1021114893, 3866, 1038775465, 4395, 1038336579, 3885, 1022018147, 3886, 1022039094, 3887, 1021116759]
[INFO] (lattice_cell.c: 455): on tick 21 of 50
[INFO] (lattice_cell.c: 172): the unmatched_packets is 56
[4120, 1037875922, 4136, 1037883808, 4384, 1037876779, 4376, 1037875924, 3872, 1037876755, 4392, 1037883828, 3864, 1037875922, 4137, 1038307546, 4121, 1038306010, 4385, 1038307583, 4377, 1038306632, 4138, 1038769738, 4122, 1038778417, 4140, 1021090273, 4124, 1021097318, 3880, 1037883793, 4126, 1022018787, 4380, 1021097829, 4143, 1021157202, 4389, 1022003068, 4139, 1038345694, 4123, 1038347140, 4382, 1022018274, 4141, 1021973216, 4125, 1021962974, 4142, 1021984455, 4127, 1021126504, 3887, 1021156910, 3881, 1038307856, 3874, 1038777790, 3867, 1038346878, 4393, 1038308093, 3877, 1022002960, 4386, 1038777790, 4378, 1038778417, 3884, 1021090660, 4394, 1038769752, 3885, 1021973636, 4387, 1038348650, 3886, 1021984104, 4379, 1038346536, 3871, 1021126209, 4395, 1038345172, 3873, 1038307263, 3865, 1038306259, 4388, 1021058869, 4396, 1021090742, 4381, 1021963468, 4390, 1022012549, 4397, 1021973640, 4391, 1021120425, 4398, 1021983940, 4383, 1021125954, 4399, 1021156664, 3883, 1038345354, 3866, 1038778421, 3875, 1038348928, 3878, 1022012729, 3876, 1021058687, 3868, 1021097626, 3882, 1038769718, 3869, 1021963333, 3879, 1021120669, 3870, 1022018461]
[INFO] (lattice_cell.c: 455): on tick 22 of 50
[INFO] (lattice_cell.c: 172): the unmatched_packets is 56
[4120, 1037884354, 4384, 1037899554, 4376, 1037884372, 4136, 1037904279, 3872, 1037899516, 4392, 1037904298, 3864, 1037884342, 3880, 1037904269, 4121, 1038298711, 4385, 1038300856, 4377, 1038299240, 4137, 1038301163, 3873, 1038300675, 4393, 1038301634, 3865, 1038299017, 4122, 1038780483, 4386, 1038764206, 4138, 1038759152, 4378, 1038780496, 3874, 1038764174, 4394, 1038759170, 3866, 1038780465, 4123, 1038338251, 4139, 1038339075, 4379, 1038337678, 4387, 1038339592, 3882, 1038759130, 4124, 1021083788, 4140, 1021138360, 4125, 1021985906, 4141, 1021932704, 4127, 1021125359, 4126, 1022034582, 4142, 1022077013, 4143, 1021068428, 3883, 1038338775, 3876, 1021085145, 3868, 1021083183, 3884, 1021137836, 3869, 1021986964, 3879, 1021104103, 3886, 1022075814, 3871, 1021125925, 3887, 1021068873, 3881, 1038301525, 3875, 1038339888, 3867, 1038337986, 4395, 1038338529, 4380, 1021085230, 4388, 1021087128, 4396, 1021139736, 4389, 1021982989, 4381, 1021985781, 4397, 1021932488, 4390, 1022044731, 4382, 1022034746, 4398, 1022077318, 3885, 1021933846, 3878, 1022043360, 4391, 1021102266, 3870, 1022033484, 4383, 1021123962, 4399, 1021067142, 3877, 1021984244]
[INFO] (lattice_cell.c: 455): on tick 23 of 50
[INFO] (lattice_cell.c: 172): the unmatched_packets is 56
[4384, 1037864611, 4120, 1037876126, 4376, 1037876130, 4136, 1037844859, 3872, 1037864587, 3864, 1037876116, 4392, 1037844885, 4121, 1038305596, 4385, 1038307777, 4137, 1038306963, 3873, 1038307427, 4377, 1038306234, 3865, 1038305825, 4393, 1038307505, 4122, 1038778248, 4138, 1038810581, 4123, 1038347402, 4139, 1038344091, 4124, 1021068344, 4394, 1038810610, 4141, 1021992965, 4142, 1021912577, 4380, 1021068899, 4140, 1021072453, 4125, 1021994486, 4126, 1022002380, 4127, 1021142166, 4143, 1021233852, 3879, 1021179171, 3866, 1038778245, 3874, 1038789796, 3867, 1038347130, 4386, 1038789818, 4378, 1038778250, 3884, 1021072811, 3885, 1021993451, 4387, 1038345805, 4379, 1038346798, 3886, 1021912208, 3871, 1021141986, 4395, 1038343565, 4388, 1021088418, 3881, 1038307282, 3887, 1021233672, 4389, 1021973261, 4396, 1021072911, 4381, 1021994893, 4390, 1021962822, 3876, 1021088221, 4397, 1021993291, 4382, 1022001857, 4391, 1021178693, 3875, 1038346049, 3883, 1038343734, 4398, 1021912094, 4383, 1021141536, 3882, 1038810557, 4399, 1021233271, 3868, 1021068619, 3878, 1021963047, 3870, 1022002042, 3869, 1021994880, 3877, 1021973346, 3880, 1037844830]
[INFO] (lattice_cell.c: 455): on tick 24 of 50
[INFO] (lattice_cell.c: 172): the unmatched_packets is 56
[4384, 1037910214, 4120, 1037902096, 4136, 1037925846, 4376, 1037902118, 3872, 1037910200, 4392, 1037925857, 3864, 1037902088, 4137, 1038301236, 4121, 1038299536, 4385, 1038301566, 4377, 1038300068, 3873, 1038301368, 3865, 1038299823, 3880, 1037925858, 4393, 1038301706, 3874, 1038753568, 4122, 1038761725, 3866, 1038761713, 4386, 1038753578, 4138, 1038737388, 4378, 1038761721, 4394, 1038737376, 4387, 1038340715, 4139, 1038338723, 4379, 1038340057, 4123, 1038340677, 4140, 1021091498, 4124, 1021100981, 4388, 1021114958, 4380, 1021102385, 4141, 1021981409, 4125, 1021967315, 4396, 1021092861, 3882, 1038737373, 4126, 1022064780, 3875, 1038341052, 4381, 1021967287, 4142, 1022172443, 4143, 1020976912, 4127, 1021084438, 3869, 1021968282, 4395, 1038338193, 3879, 1021025473, 3887, 1020977266, 3876, 1021113044, 3868, 1021100421, 3881, 1038301595, 3877, 1021954533, 4389, 1021953507, 3885, 1021982426, 3878, 1022116149, 3870, 1022063695, 4397, 1021981320, 3886, 1022171335, 3883, 1038338415, 4390, 1022117449, 4382, 1022064922, 3871, 1021084866, 4398, 1022172680, 4391, 1021023863, 3867, 1038340461, 4383, 1021083168, 4399, 1020975644, 3884, 1021091001]
[INFO] (lattice_cell.c: 455): on tick 25 of 50
[INFO] (lattice_cell.c: 172): the unmatched_packets is 56
[4120, 1037851933, 4136, 1037870632, 4384, 1037843457, 4376, 1037851949, 3872, 1037843396, 3864, 1037851911, 3880, 1037870588, 4392, 1037870682, 4121, 1038305246, 4137, 1038307102, 3873, 1038306710, 4385, 1038307051, 4377, 1038305900, 3865, 1038305480, 4393, 1038307655, 3881, 1038307419, 4122, 1038803171, 4138, 1038783011, 4386, 1038811901, 3874, 1038811855, 4378, 1038803189, 3866, 1038803163, 3882, 1038782961, 4394, 1038783064, 4387, 1038346333, 4123, 1038345608, 4139, 1038345928, 4379, 1038345020, 4124, 1021078904, 4140, 1021092260, 4125, 1021985022, 4142, 1021889354, 4380, 1021079492, 3875, 1038346605, 4143, 1021248236, 4127, 1021213884, 4381, 1021985333, 3867, 1038345311, 4141, 1021973552, 4383, 1021213108, 4126, 1021935635, 3870, 1021935282, 3879, 1021260260, 4395, 1038345369, 3887, 1021248101, 4388, 1021060728, 4396, 1021092780, 3883, 1038345606, 4389, 1022003010, 3876, 1021060373, 3868, 1021079078, 4397, 1021973748, 4390, 1021879230, 3884, 1021092541, 3869, 1021985545, 4391, 1021259605, 4382, 1021935116, 4398, 1021888988, 3878, 1021879288, 4399, 1021247573, 3886, 1021888906, 3871, 1021213871, 3877, 1022003291, 3885, 1021974149]
[INFO] (lattice_cell.c: 455): on tick 26 of 50
[INFO] (lattice_cell.c: 172): the unmatched_packets is 56
[4120, 1037916843, 4384, 1037912612, 4136, 1037884186, 4376, 1037916847, 3872, 1037912613, 3864, 1037916843, 4392, 1037884188, 3880, 1037884191, 4121, 1038300817, 4137, 1038301387, 4385, 1038301961, 4377, 1038301372, 3873, 1038301751, 3865, 1038301094, 4393, 1038301855, 3881, 1038301752, 4122, 1038746952, 4138, 1038780348, 4386, 1038751236, 4378, 1038746941, 3874, 1038751252, 3866, 1038746950, 4394, 1038780351, 4123, 1038340100, 4139, 1038336169, 4387, 1038338672, 4124, 1021102669, 4140, 1021103514, 4380, 1021104005, 4143, 1021089891, 4381, 1021961885, 4141, 1021967285, 4142, 1022067346, 4398, 1022067464, 4126, 1022158290, 4127, 1020993946, 4125, 1021961770, 3879, 1020992080, 3882, 1038780355, 4379, 1038339486, 3875, 1038338961, 3876, 1021084059, 4395, 1038335647, 4388, 1021085837, 3886, 1022066255, 3871, 1020994253, 3887, 1021090154, 4396, 1021104786, 4389, 1021983039, 4390, 1022159988, 4397, 1021967300, 3883, 1038335854, 4382, 1022158352, 4391, 1020990578, 3867, 1038339888, 3868, 1021102183, 4383, 1020992754, 4399, 1021088772, 3884, 1021103122, 3885, 1021968201, 3878, 1022158957, 3869, 1021962593, 3877, 1021983819, 3870, 1022157308]
[INFO] (lattice_cell.c: 455): on tick 27 of 50
[INFO] (lattice_cell.c: 172): the unmatched_packets is 56
[4120, 1037852183, 4384, 1037880891, 4136, 1037893252, 3872, 1037880811, 4376, 1037852219, 3864, 1037852153, 4392, 1037893303, 3880, 1037893218, 3873, 1038306448, 3865, 1038304699, 4385, 1038306816, 4121, 1038304461, 4377, 1038305115, 4137, 1038307354, 4393, 1038307930, 3881, 1038307666, 4122, 1038802594, 4386, 1038772725, 4378, 1038802614, 4138, 1038760594, 3874, 1038772652, 3866, 1038802559, 4394, 1038760640, 4387, 1038348539, 4379, 1038347219, 4139, 1038346479, 4123, 1038347848, 4140, 1021102697, 4124, 1021071181, 4141, 1021965015, 4142, 1022047113, 3867, 1038347594, 4127, 1021262129, 4389, 1021967511, 4125, 1021995770, 4126, 1021877699, 4399, 1021087522, 4143, 1021088359, 3886, 1022046625, 4395, 1038345947, 4388, 1021099497, 4380, 1021071901, 4396, 1021103298, 3883, 1038346125, 3868, 1021071243, 3876, 1021098937, 3884, 1021102856, 4381, 1021995941, 4397, 1021965110, 3882, 1038760541, 3875, 1038348866, 4390, 1021942132, 3878, 1021941976, 3870, 1021877207, 4398, 1022046784, 4382, 1021877333, 4391, 1021185999, 3871, 1021262207, 3887, 1021088427, 3877, 1021968027, 4383, 1021261285, 3869, 1021996387, 3885, 1021965728, 3879, 1021186865]
[INFO] (lattice_cell.c: 455): on tick 28 of 50
[INFO] (lattice_cell.c: 172): the unmatched_packets is 56
[4120, 1037895766, 4384, 1037870023, 4376, 1037895766, 3872, 1037870034, 4136, 1037885108, 3864, 1037895766, 4392, 1037885116, 3880, 1037885112, 4121, 1038298601, 4385, 1038302189, 4377, 1038299159, 4137, 1038302146, 3873, 1038301981, 3865, 1038298848, 4393, 1038302605, 3881, 1038302507, 4386, 1038794987, 4378, 1038768749, 4122, 1038768770, 4138, 1038778828, 4123, 1038337356, 4139, 1038337346, 4394, 1038778826, 4125, 1021990667, 4141, 1021978846, 4380, 1021084079, 4127, 1021046289, 4140, 1021088493, 4382, 1022116554, 4126, 1022116676, 4142, 1021985191, 4143, 1021166938, 4124, 1021082854, 3885, 1021979638, 3879, 1021146253, 3882, 1038778820, 4387, 1038337765, 4379, 1038336760, 4395, 1038336776, 3875, 1038338111, 3867, 1038337139, 3883, 1038337083, 4388, 1021088226, 3868, 1021082525, 4396, 1021089663, 3877, 1021977586, 3874, 1038795003, 3884, 1021088232, 4389, 1021977052, 4381, 1021990891, 3869, 1021991407, 3878, 1022006176, 4390, 1022007093, 4397, 1021979013, 3870, 1022115839, 4391, 1021145095, 3886, 1021984171, 3866, 1038768778, 4398, 1021985255, 3871, 1021046512, 3887, 1021166987, 4383, 1021045175, 4399, 1021165999, 3876, 1021086709]
[INFO] (lattice_cell.c: 455): on tick 29 of 50
[INFO] (lattice_cell.c: 172): the unmatched_packets is 56
[4120, 1037889986, 4384, 1037885299, 4376, 1037890018, 3872, 1037885230, 4136, 1037878235, 3864, 1037889955, 3880, 1037878190, 4121, 1038305034, 3873, 1038308718, 4385, 1038309083, 4137, 1038306501, 3865, 1038305298, 4377, 1038305682, 3881, 1038306821, 4122, 1038763663, 4138, 1038776046, 4386, 1038769182, 4378, 1038763683, 4139, 1038345693, 3866, 1038763628, 4394, 1038776094, 3874, 1038769122, 4380, 1021106216, 4143, 1021127230, 4124, 1021105296, 4140, 1021085848, 4123, 1038348365, 3885, 1021985605, 4141, 1021984772, 4125, 1021962405, 4383, 1021123297, 4399, 1021126247, 4142, 1022011647, 4126, 1022012497, 4127, 1021124332, 3886, 1022011026, 3871, 1021124563, 3887, 1021127435, 3867, 1038348105, 3883, 1038345324, 3876, 1021080512, 3868, 1021105143, 4392, 1037878281, 3869, 1021963071, 3878, 1022064026, 4393, 1038307069, 3879, 1021072029, 3875, 1038347327, 4387, 1038347078, 4379, 1038347729, 4395, 1038345164, 4388, 1021081421, 4396, 1021086593, 4389, 1021978737, 4381, 1021962533, 4390, 1022064286, 4397, 1021984726, 4382, 1022012234, 4391, 1021070730, 4398, 1022011412, 3870, 1022011950, 3877, 1021979446, 3882, 1038775992, 3884, 1021085879]
[INFO] (lattice_cell.c: 455): on tick 30 of 50
[INFO] (lattice_cell.c: 172): the unmatched_packets is 56
[4120, 1037875858, 4384, 1037894327, 4136, 1037895465, 4376, 1037875865, 3872, 1037894315, 3864, 1037875860, 3880, 1037895459, 4121, 1038301405, 4377, 1038302027, 4137, 1038300523, 4385, 1038302690, 3873, 1038302410, 3865, 1038301610, 4393, 1038301001, 4122, 1038788778, 4138, 1038768450, 4123, 1038339003, 4378, 1038788770, 4140, 1021102813, 4379, 1038338363, 4125, 1021985747, 4142, 1022052655, 4124, 1021074412, 3877, 1021982222, 4139, 1038336295, 4141, 1021973279, 4126, 1021975926, 4143, 1021102452, 4127, 1021178909, 3870, 1021975149, 3882, 1038768440, 3875, 1038339207, 3867, 1038338822, 3883, 1038336010, 4392, 1037895480, 3884, 1021102712, 3869, 1021986446, 4386, 1038769427, 3878, 1022012077, 3881, 1038300878, 4394, 1038768465, 3885, 1021973964, 4387, 1038338807, 3879, 1021135503, 3866, 1038788778, 3874, 1038769437, 4395, 1038335742, 3886, 1022051798, 4388, 1021083223, 3871, 1021178955, 3887, 1021102437, 4380, 1021075384, 4396, 1021103818, 4389, 1021981823, 4381, 1021985986, 4390, 1022012732, 3876, 1021082082, 4397, 1021973530, 3868, 1021074321, 4382, 1021975736, 4391, 1021134632, 4398, 1022052534, 4383, 1021178014, 4399, 1021101612]
[INFO] (lattice_cell.c: 455): on tick 31 of 50
[INFO] (lattice_cell.c: 172): the unmatched_packets is 56
[4120, 1037864317, 4384, 1037871057, 4136, 1037886997, 4376, 1037864345, 3872, 1037870993, 3864, 1037864286, 4392, 1037887049, 3880, 1037886972, 4121, 1038302850, 4137, 1038306671, 4385, 1038305796, 4377, 1038303442, 4393, 1038307215, 3873, 1038305539, 3865, 1038303147, 4122, 1038790890, 4138, 1038766744, 4386, 1038783326, 4123, 1038346810, 4139, 1038346248, 4378, 1038790909, 4140, 1021109871, 4387, 1038347811, 4379, 1038346203, 3881, 1038307012, 4126, 1022054218, 4388, 1021099787, 4127, 1021089524, 4124, 1021114617, 4381, 1021962240, 4397, 1021960643, 4125, 1021962113, 4141, 1021960743, 4142, 1022011835, 4399, 1021122317, 4143, 1021123422, 3886, 1022011091, 3887, 1021123750, 3866, 1038790868, 3867, 1038346547, 3875, 1038348105, 3883, 1038345891, 3869, 1021962794, 4394, 1038766781, 3874, 1038783261, 4395, 1038345732, 3882, 1038766695, 4380, 1021115782, 4396, 1021110815, 4389, 1021972186, 4390, 1021985923, 4382, 1022054054, 3885, 1021961625, 4391, 1021145199, 4398, 1022011771, 4383, 1021088321, 3871, 1021089952, 3884, 1021109695, 3876, 1021098432, 3868, 1021114217, 3877, 1021972923, 3878, 1021985333, 3870, 1022053546, 3879, 1021146674]
[INFO] (lattice_cell.c: 455): on tick 32 of 50
[INFO] (lattice_cell.c: 172): the unmatched_packets is 56
[4120, 1037917465, 4384, 1037890802, 4376, 1037917472, 4136, 1037885599, 3872, 1037890775, 3864, 1037917457, 4392, 1037885622, 4385, 1038304859, 4121, 1038301654, 4137, 1038303214, 4377, 1038302319, 3873, 1038304470, 3880, 1037885583, 3865, 1038301814, 4393, 1038303726, 4386, 1038773609, 4122, 1038745842, 4138, 1038778542, 3881, 1038303525, 4123, 1038338366, 4124, 1021014556, 4394, 1038778561, 4125, 1022047833, 4141, 1021980254, 4127, 1021119933, 4140, 1021083483, 4399, 1021150615, 4126, 1022037921, 4142, 1022001065, 4143, 1021151322, 4139, 1038337102, 3878, 1022030009, 4378, 1038745841, 3870, 1022037308, 3874, 1038773597, 3867, 1038338193, 3875, 1038338193, 3883, 1038336839, 3866, 1038745839, 3868, 1021014636, 3877, 1022000957, 3869, 1022048452, 3885, 1021980926, 3879, 1021121167, 3886, 1022000317, 3871, 1021119881, 3887, 1021151157, 3882, 1038778523, 4387, 1038337810, 4379, 1038337725, 4395, 1038336550, 4388, 1021056386, 4380, 1021015370, 4396, 1021084255, 4389, 1022000585, 4381, 1022048140, 4390, 1022030359, 3876, 1021055731, 4397, 1021980532, 4382, 1022037553, 4391, 1021120508, 3884, 1021083620, 4398, 1022000839, 4383, 1021119102]
[INFO] (lattice_cell.c: 455): on tick 33 of 50
[INFO] (lattice_cell.c: 172): the unmatched_packets is 56
[4120, 1037851246, 4384, 1037866405, 4136, 1037872207, 4376, 1037851274, 3872, 1037866349, 4392, 1037872253, 3864, 1037851238, 3880, 1037872179, 4121, 1038305403, 4385, 1038306324, 4137, 1038304585, 3873, 1038306101, 4377, 1038306017, 4393, 1038305077, 3865, 1038305689, 4386, 1038788367, 4378, 1038803491, 4138, 1038782482, 4122, 1038803479, 3881, 1038304972, 4139, 1038345172, 4123, 1038347605, 4140, 1021111746, 4125, 1021862309, 4380, 1021204339, 4390, 1022046391, 4124, 1021203057, 4141, 1021967990, 3876, 1021150170, 3877, 1021920673, 4383, 1021130873, 4142, 1022025827, 4399, 1021112143, 4126, 1022006104, 3878, 1022045563, 4143, 1021113371, 4127, 1021132153, 3874, 1038788328, 3866, 1038803456, 3875, 1038347025, 3883, 1038344826, 3868, 1021202530, 3884, 1021111376, 4394, 1038782514, 4387, 1038346734, 4379, 1038346967, 3869, 1021863101, 4395, 1038344651, 3879, 1021089445, 3870, 1022005303, 4388, 1021151915, 3886, 1022024965, 4396, 1021112942, 4389, 1021919869, 3871, 1021132634, 4381, 1021862313, 4397, 1021967865, 3887, 1021113812, 3867, 1038347362, 4382, 1022006083, 4391, 1021087689, 4398, 1022025880, 3882, 1038782439, 3885, 1021968869]
[INFO] (lattice_cell.c: 455): on tick 34 of 50
[INFO] (lattice_cell.c: 172): the unmatched_packets is 56
[4120, 1037908358, 4384, 1037915934, 4136, 1037910566, 4376, 1037908376, 3872, 1037915899, 4392, 1037910594, 3864, 1037908338, 4121, 1038297703, 4137, 1038303449, 4385, 1038302316, 3880, 1037910548, 4377, 1038298322, 4393, 1038303988, 4122, 1038755732, 4138, 1038752721, 4123, 1038339124, 3873, 1038301936, 4394, 1038752747, 4140, 1021042431, 3865, 1038297914, 4380, 1020957558, 4143, 1021120783, 4389, 1022078991, 4139, 1038337698, 3866, 1038755708, 4398, 1022028698, 4399, 1021120171, 4125, 1022120797, 4141, 1022022838, 4126, 1022000216, 4142, 1022029072, 4127, 1021155085, 4124, 1020956785, 3878, 1021994939, 3870, 1021999754, 3886, 1022028473, 3874, 1038747252, 3882, 1038752691, 3875, 1038339694, 3867, 1038338947, 3876, 1020987883, 4386, 1038747288, 4378, 1038755752, 4379, 1038338454, 4387, 1038339289, 4395, 1038337138, 3884, 1021042718, 4396, 1021043025, 4388, 1020988356, 3869, 1022121215, 3885, 1022023471, 3879, 1021151706, 3871, 1021154962, 4397, 1022023145, 4381, 1022121271, 3887, 1021120539, 4390, 1021995040, 4382, 1021999721, 4391, 1021151232, 4383, 1021154371, 3868, 1020956913, 3881, 1038303727, 3877, 1022079113, 3883, 1038337421]
[INFO] (lattice_cell.c: 455): on tick 35 of 50
[INFO] (lattice_cell.c: 172): the unmatched_packets is 56
[4384, 1037843688, 4120, 1037859591, 4376, 1037859597, 4136, 1037862109, 3872, 1037843658, 4392, 1037862153, 3864, 1037859579, 4385, 1038310005, 4137, 1038307262, 4121, 1038307729, 4377, 1038308402, 3873, 1038309715, 4393, 1038307754, 3865, 1038307939, 3880, 1037862102, 3881, 1038307646, 4386, 1038811536, 4138, 1038792381, 4122, 1038795208, 4378, 1038795204, 3874, 1038811516, 4394, 1038792398, 3866, 1038795206, 4379, 1038345590, 4387, 1038345863, 4139, 1038344608, 4123, 1038346215, 4140, 1021194490, 4124, 1021196282, 4388, 1021211945, 4141, 1021874048, 4142, 1022028377, 4389, 1021843592, 4127, 1021100613, 4381, 1021860861, 4125, 1021861030, 4391, 1021120563, 4383, 1021099223, 4126, 1022042693, 4143, 1021111409, 3884, 1021194004, 4395, 1038344080, 4380, 1021197575, 3875, 1038346166, 3867, 1038345971, 4396, 1021195767, 3883, 1038344261, 4397, 1021873880, 3876, 1021210145, 3868, 1021195776, 4390, 1022015558, 4382, 1022042773, 3869, 1021862031, 4398, 1022028559, 3885, 1021875063, 3878, 1022014491, 3882, 1038792337, 4399, 1021110110, 3870, 1022041787, 3879, 1021122437, 3886, 1022027382, 3871, 1021101219, 3887, 1021111902, 3877, 1021844719]
[INFO] (lattice_cell.c: 455): on tick 36 of 50
[INFO] (lattice_cell.c: 172): the unmatched_packets is 56
[4120, 1037888537, 4384, 1037907129, 4136, 1037916798, 4376, 1037888573, 3872, 1037907070, 3864, 1037888524, 4392, 1037916833, 3880, 1037916766, 4121, 1038299158, 4385, 1038300128, 4137, 1038299358, 4377, 1038299756, 3873, 1038299871, 4393, 1038299877, 3865, 1038299411, 3881, 1038299685, 4122, 1038775981, 4386, 1038757092, 4138, 1038746543, 4378, 1038775999, 3874, 1038757027, 4394, 1038746589, 3866, 1038775955, 3882, 1038746498, 4387, 1038339180, 4123, 1038339448, 4379, 1038338788, 4139, 1038336443, 4395, 1038335891, 4124, 1021043059, 4140, 1020978477, 4125, 1022030045, 3875, 1038339589, 4127, 1021110218, 4141, 1022102423, 4126, 1022042551, 4142, 1021996322, 4399, 1021158799, 3877, 1022113706, 4143, 1021159357, 3883, 1038336157, 3876, 1020963591, 3884, 1020978780, 3867, 1038339279, 3878, 1022024916, 3885, 1022102895, 4388, 1020964106, 3870, 1022042197, 4380, 1021043799, 3879, 1021121639, 4396, 1020979024, 3886, 1021995856, 4389, 1022113925, 3868, 1021043153, 4381, 1022030688, 3871, 1021110045, 3887, 1021159087, 4397, 1022102856, 4390, 1022024770, 3869, 1022030348, 4382, 1022041964, 4391, 1021121249, 4398, 1021995866, 4383, 1021109551]
[INFO] (lattice_cell.c: 455): on tick 37 of 50
[INFO] (lattice_cell.c: 172): the unmatched_packets is 56
[4120, 1037895718, 4384, 1037881181, 4136, 1037852467, 4376, 1037895743, 3872, 1037881163, 4392, 1037852507, 3864, 1037895714, 3880, 1037852453, 4121, 1038305299, 4385, 1038309375, 4137, 1038309697, 4377, 1038305970, 3873, 1038308948, 4393, 1038310240, 3865, 1038305493, 4122, 1038757763, 4138, 1038802514, 4386, 1038772601, 4123, 1038346743, 4126, 1021996134, 4127, 1021147357, 4396, 1021216709, 4139, 1038343771, 4141, 1021843295, 4383, 1021145906, 4142, 1022027049, 4143, 1021115194, 4124, 1021057792, 4140, 1021215452, 4125, 1022009336, 3879, 1021112579, 3887, 1021115691, 3882, 1038802480, 3884, 1021215041, 3870, 1021995136, 3886, 1022025888, 4378, 1038757764, 3871, 1021147969, 4394, 1038802532, 3874, 1038772576, 4387, 1038347586, 4379, 1038346087, 4395, 1038343234, 4388, 1021154611, 4380, 1021059197, 3875, 1038347920, 4389, 1021904904, 3866, 1038757749, 4381, 1022009121, 4390, 1022019100, 4397, 1021842940, 3881, 1038310011, 4382, 1021996283, 4391, 1021110614, 3867, 1038346536, 4398, 1022027329, 4399, 1021113878, 3877, 1021906322, 3876, 1021152849, 3868, 1021057220, 3883, 1038343445, 3869, 1022010349, 3878, 1022017863, 3885, 1021844466]
[INFO] (lattice_cell.c: 455): on tick 38 of 50
[INFO] (lattice_cell.c: 172): the unmatched_packets is 56
[4120, 1037873335, 4384, 1037873238, 4136, 1037898905, 4376, 1037873365, 3872, 1037873181, 4392, 1037898959, 3864, 1037873311, 3880, 1037898869, 4121, 1038299386, 4385, 1038302351, 4137, 1038300331, 3873, 1038302112, 3865, 1038299619, 4377, 1038300009, 4393, 1038300792, 3881, 1038300712, 4138, 1038765257, 4122, 1038791250, 4386, 1038791514, 4378, 1038791274, 3874, 1038791469, 4394, 1038765294, 3866, 1038791217, 3882, 1038765189, 4139, 1038338973, 4123, 1038337650, 4387, 1038339587, 4379, 1038336998, 4140, 1021008648, 4124, 1021138972, 4125, 1021931440, 4381, 1021932074, 3875, 1038339948, 4391, 1021120920, 3884, 1021008880, 4142, 1022033363, 4126, 1022016784, 4143, 1021111503, 4127, 1021140885, 4141, 1022070485, 3871, 1021140695, 3887, 1021111248, 3883, 1038338661, 3876, 1021105607, 3877, 1021961319, 4395, 1038338439, 4388, 1021106049, 4380, 1021139618, 3869, 1021931717, 3878, 1022021659, 4396, 1021009261, 4389, 1021961674, 3870, 1022016500, 3879, 1021121286, 3886, 1022032997, 3867, 1038337456, 3868, 1021139160, 4390, 1022021360, 4397, 1022071058, 4382, 1022016111, 4398, 1022032786, 4383, 1021140225, 3885, 1022070779, 4399, 1021110930]
[INFO] (lattice_cell.c: 455): on tick 39 of 50
[INFO] (lattice_cell.c: 172): the unmatched_packets is 56
[4120, 1037871828, 4384, 1037888339, 4136, 1037902093, 4376, 1037871846, 3872, 1037888291, 3864, 1037871823, 3880, 1037902066, 4392, 1037902119, 4121, 1038306956, 4385, 1038308666, 4137, 1038307719, 4377, 1038307626, 3873, 1038308300, 4386, 1038765962, 4122, 1038783166, 4138, 1038750991, 4378, 1038783170, 4139, 1038342100, 4123, 1038345276, 4140, 1021105225, 4394, 1038751023, 4379, 1038344609, 4125, 1021986784, 4389, 1022030941, 4390, 1022010204, 3874, 1038765924, 4399, 1021127452, 4126, 1022039552, 4142, 1022021971, 4143, 1021128765, 4127, 1021107922, 4124, 1021075878, 4141, 1021962353, 3879, 1021133746, 3871, 1021108519, 3881, 1038308015, 3866, 1038783164, 4393, 1038308292, 3882, 1038750950, 3875, 1038345310, 3867, 1038345088, 3876, 1021030143, 4387, 1038344902, 3883, 1038341798, 3865, 1038307144, 4395, 1038341544, 3877, 1022032307, 4388, 1021032036, 4380, 1021077302, 3884, 1021104850, 4396, 1021106498, 3869, 1021987841, 3878, 1022008820, 4381, 1021986556, 3885, 1021963592, 4397, 1021961934, 4382, 1022039737, 3870, 1022038494, 4391, 1021131825, 3886, 1022020783, 4398, 1022022280, 4383, 1021106479, 3887, 1021129265, 3868, 1021075299]
[INFO] (lattice_cell.c: 455): on tick 40 of 50
[INFO] (lattice_cell.c: 172): the unmatched_packets is 56
[4120, 1037896098, 4384, 1037885097, 4376, 1037896133, 4136, 1037868606, 3872, 1037885052, 3864, 1037896081, 4392, 1037868641, 4121, 1038298651, 4137, 1038300910, 4385, 1038301299, 4377, 1038299260, 3873, 1038301021, 4393, 1038301404, 3865, 1038298908, 3880, 1037868595, 3881, 1038301273, 4386, 1038779054, 4122, 1038767904, 4378, 1038767913, 4138, 1038795887, 4139, 1038339118, 4123, 1038340979, 4140, 1021150467, 4387, 1038341720, 4141, 1021923961, 4143, 1021147536, 3874, 1038779006, 4124, 1021060628, 4390, 1022007223, 4382, 1022027266, 4125, 1022013725, 4142, 1021993810, 4126, 1022027946, 4127, 1021118897, 3878, 1022007574, 3870, 1022027748, 3882, 1038795833, 3875, 1038342078, 3876, 1021106579, 3883, 1038338797, 3868, 1021060732, 3866, 1038767872, 3884, 1021150713, 3869, 1022013892, 4394, 1038795908, 3885, 1021924292, 3879, 1021126728, 4379, 1038340316, 3886, 1021993460, 3871, 1021118788, 3887, 1021147271, 4395, 1038338584, 4388, 1021107034, 4380, 1021061343, 4396, 1021151021, 4389, 1021965150, 3867, 1038340771, 4381, 1022014419, 4397, 1021924506, 4398, 1021993298, 4391, 1021126309, 3877, 1021964803, 4383, 1021118207, 4399, 1021147010]
[INFO] (lattice_cell.c: 455): on tick 41 of 50
[INFO] (lattice_cell.c: 172): the unmatched_packets is 56
[4120, 1037884920, 4384, 1037878220, 4376, 1037884939, 4136, 1037891721, 3872, 1037878176, 3864, 1037884899, 4392, 1037891778, 3880, 1037891681, 4121, 1038306563, 4385, 1038309846, 4377, 1038307253, 4137, 1038308637, 3873, 1038309444, 3865, 1038306711, 4393, 1038309149, 3881, 1038308961, 4378, 1038768806, 4386, 1038776134, 4122, 1038768800, 4138, 1038762680, 4123, 1038343473, 4139, 1038344100, 4124, 1021104564, 4140, 1021063928, 4379, 1038342797, 4125, 1021958631, 4141, 1022001320, 3874, 1038776074, 4126, 1022016094, 4388, 1021112612, 4127, 1021138519, 4143, 1021084623, 3866, 1038768777, 3882, 1038762621, 4142, 1022058082, 3878, 1022045336, 3886, 1022056870, 3867, 1038343307, 3875, 1038344287, 4394, 1038762719, 3876, 1021110871, 4387, 1038343916, 4395, 1038343538, 3877, 1021948539, 4380, 1021105934, 3869, 1021959742, 4396, 1021065195, 3885, 1022002534, 4381, 1021958379, 3870, 1022015035, 4389, 1021947076, 3883, 1038343810, 4397, 1022000950, 3879, 1021098885, 4390, 1022046610, 4382, 1022016254, 3871, 1021139093, 4391, 1021096969, 4398, 1022058343, 3868, 1021104059, 3887, 1021085106, 4383, 1021137091, 4399, 1021083313, 3884, 1021063551]
[INFO] (lattice_cell.c: 455): on tick 42 of 50
[INFO] (lattice_cell.c: 172): the unmatched_packets is 56
[4120, 1037870526, 4384, 1037878105, 3872, 1037878071, 4136, 1037876041, 4376, 1037870555, 3864, 1037870517, 4392, 1037876067, 3880, 1037876027, 4121, 1038299545, 4385, 1038301308, 4377, 1038300170, 4137, 1038300046, 4122, 1038794406, 4138, 1038788333, 4123, 1038341029, 4386, 1038786569, 4124, 1021102664, 3865, 1038299800, 4141, 1022011616, 4142, 1021956973, 4140, 1021066745, 4139, 1038335390, 4125, 1021968019, 4399, 1021200345, 4126, 1022003357, 4143, 1021200931, 4127, 1021140781, 3874, 1038786548, 3882, 1038788302, 3885, 1022011916, 3870, 1022003092, 3879, 1021153873, 3886, 1021956590, 3871, 1021140648, 3887, 1021200727, 3873, 1038301055, 4393, 1038300537, 4378, 1038794408, 4394, 1038788343, 4387, 1038339645, 3881, 1038300415, 4379, 1038340357, 3868, 1021102710, 4395, 1038334861, 4388, 1021061181, 3884, 1021066916, 4380, 1021103412, 3866, 1038794380, 4389, 1022010858, 4396, 1021067379, 3875, 1038340005, 4381, 1021968675, 4390, 1021989161, 4397, 1022012153, 4382, 1022002760, 4391, 1021153402, 3869, 1021968223, 4398, 1021956496, 4383, 1021140093, 3867, 1038340838, 3878, 1021989395, 3883, 1038335071, 3876, 1021060517, 3877, 1022010401]
[INFO] (lattice_cell.c: 455): on tick 43 of 50
[INFO] (lattice_cell.c: 172): the unmatched_packets is 56
[4120, 1037887792, 4384, 1037905001, 4376, 1037887829, 4136, 1037912709, 3872, 1037904912, 3864, 1037887765, 4392, 1037912777, 3880, 1037912667, 3865, 1038306745, 4121, 1038306573, 4377, 1038307234, 3873, 1038308631, 4137, 1038309093, 4385, 1038309023, 3881, 1038309387, 4122, 1038766593, 4138, 1038740308, 3874, 1038748377, 3866, 1038766565, 4127, 1021088623, 4390, 1022063401, 4123, 1038345523, 4397, 1021925791, 4139, 1038346248, 4382, 1022058322, 3868, 1021070160, 4124, 1021070616, 4140, 1021138653, 4125, 1021993718, 4141, 1021926177, 4126, 1022058290, 4142, 1022127456, 3885, 1021927423, 4143, 1021005825, 3886, 1022126371, 3882, 1038740218, 3875, 1038348760, 3883, 1038345955, 3876, 1021088516, 3884, 1021138400, 3869, 1021994786, 4393, 1038309634, 4378, 1038766620, 4386, 1038748467, 3867, 1038345359, 3878, 1022062268, 3870, 1022057302, 3879, 1021065623, 4394, 1038740356, 3871, 1021089187, 4387, 1038348335, 3887, 1021006262, 4379, 1038344851, 3877, 1021973681, 4395, 1038345705, 4388, 1021090118, 4380, 1021071967, 4389, 1021972288, 4396, 1021139805, 4381, 1021993550, 4391, 1021063778, 4398, 1022127610, 4383, 1021087222, 4399, 1021004510]
[INFO] (lattice_cell.c: 455): on tick 44 of 50
[INFO] (lattice_cell.c: 172): the unmatched_packets is 56
[4120, 1037876652, 3872, 1037851271, 4384, 1037851273, 4376, 1037876655, 3864, 1037876646, 4136, 1037855809, 4392, 1037855829, 4385, 1038301512, 4121, 1038297119, 4377, 1038297762, 4137, 1038300634, 3873, 1038301227, 3865, 1038297357, 4393, 1038301097, 3880, 1037855803, 4138, 1038809079, 4122, 1038787762, 4139, 1038336420, 4378, 1038787753, 4123, 1038337049, 4126, 1021977861, 4143, 1021258375, 4140, 1021089949, 4124, 1021074944, 4141, 1021985036, 4125, 1022005705, 4142, 1021893370, 4127, 1021183093, 3881, 1038301031, 3875, 1038337288, 3867, 1038336857, 3874, 1038813934, 3866, 1038787755, 3876, 1021094565, 3868, 1021074880, 3877, 1021975516, 3878, 1021919470, 3885, 1021985390, 3870, 1021977554, 3879, 1021232176, 3886, 1021892803, 3871, 1021183060, 3887, 1021258144, 4386, 1038813930, 3882, 1038809049, 4394, 1038809088, 4387, 1038336936, 4379, 1038336356, 4388, 1021095317, 4395, 1038335849, 4380, 1021075803, 4389, 1021975751, 4396, 1021090662, 4381, 1022006314, 4390, 1021919442, 3883, 1038336113, 4397, 1021985505, 4382, 1021977354, 4391, 1021231608, 3884, 1021090013, 4398, 1021893059, 3869, 1022005914, 4383, 1021182341, 4399, 1021257850]
[INFO] (lattice_cell.c: 455): on tick 45 of 50
[INFO] (lattice_cell.c: 172): the unmatched_packets is 56
[3872, 1037905378, 3864, 1037906334, 4384, 1037905477, 4376, 1037906425, 4136, 1037904106, 4120, 1037906371, 3880, 1037904049, 3873, 1038311130, 4121, 1038306838, 4137, 1038308435, 3865, 1038306988, 4139, 1038343670, 3881, 1038308727, 4125, 1021944974, 4126, 1022101356, 4122, 1038746900, 4390, 1022153692, 4123, 1038348005, 4140, 1021075518, 4124, 1021118692, 4141, 1021991177, 4142, 1022121624, 4143, 1021023550, 4127, 1021035009, 4138, 1038749981, 4392, 1037904172, 3886, 1022120713, 3887, 1021024018, 3876, 1021090449, 3884, 1021075351, 3869, 1021945997, 3878, 1022152885, 3870, 1022100475, 3879, 1020981560, 3871, 1021035491, 4385, 1038311539, 4377, 1038307519, 4393, 1038308964, 3866, 1038746855, 4386, 1038748560, 4378, 1038746930, 3874, 1038748461, 3882, 1038749898, 4394, 1038750039, 4387, 1038346767, 4379, 1038347320, 3867, 1038347854, 4388, 1021091869, 4395, 1038343174, 4380, 1021119908, 4389, 1021962556, 3883, 1038343343, 4396, 1021076619, 3868, 1021118362, 4381, 1021944856, 4397, 1021990920, 4391, 1020979759, 4382, 1022101281, 3877, 1021963749, 3875, 1038347147, 4398, 1022121570, 4383, 1021033675, 4399, 1021022218, 3885, 1021992285]
[INFO] (lattice_cell.c: 455): on tick 46 of 50
[INFO] (lattice_cell.c: 172): the unmatched_packets is 56
[4120, 1037846754, 4384, 1037870989, 4136, 1037890276, 4376, 1037846767, 3872, 1037870974, 4392, 1037890301, 3864, 1037846753, 4137, 1038299123, 4121, 1038299663, 4138, 1038773237, 4122, 1038818767, 4385, 1038301536, 4123, 1038338189, 4125, 1021987964, 4394, 1038773251, 4379, 1038337498, 4396, 1021115049, 4139, 1038338140, 4381, 1021988455, 4140, 1021114225, 4141, 1021969011, 4399, 1021171657, 4142, 1021972525, 4126, 1021898954, 3885, 1021969451, 4143, 1021172217, 4127, 1021255548, 4124, 1021081291, 3878, 1021904892, 4377, 1038300306, 3880, 1037890270, 3874, 1038793316, 3867, 1038337998, 3876, 1021066313, 3877, 1022003537, 3869, 1021988318, 3879, 1021234825, 3886, 1021971800, 3871, 1021255604, 3887, 1021172049, 3881, 1038299511, 3865, 1038299887, 4393, 1038299604, 4386, 1038793324, 4378, 1038818757, 4387, 1038340016, 4388, 1021067347, 4395, 1038337533, 4380, 1021082226, 4389, 1022003648, 4390, 1021905254, 3884, 1021114212, 4397, 1021969344, 4382, 1021898592, 4391, 1021234232, 4398, 1021972395, 3873, 1038301284, 3866, 1038818765, 3882, 1038773199, 4383, 1021254759, 3875, 1038340487, 3883, 1038337882, 3870, 1021898485, 3868, 1021081135]
[INFO] (lattice_cell.c: 455): on tick 47 of 50
[INFO] (lattice_cell.c: 172): the unmatched_packets is 56
[4384, 1037888770, 4120, 1037903212, 4376, 1037903261, 4136, 1037865451, 3872, 1037888678, 4392, 1037865527, 3864, 1037903178, 4121, 1038304870, 4385, 1038308496, 4137, 1038308108, 4377, 1038305524, 3880, 1037865411, 4393, 1038308631, 3873, 1038308093, 3865, 1038305038, 3881, 1038308411, 4122, 1038750961, 4378, 1038750981, 4138, 1038789425, 4386, 1038765480, 3874, 1038765377, 4394, 1038789481, 4123, 1038344967, 4387, 1038345103, 4379, 1038344319, 4139, 1038343021, 3882, 1038789341, 4395, 1038342542, 4124, 1021077874, 4140, 1021099603, 4125, 1021994573, 4141, 1021967100, 4127, 1020999428, 4143, 1021144102, 4382, 1022150433, 4398, 1022001521, 4126, 1022150708, 4142, 1022001671, 3878, 1022070456, 3886, 1022000863, 3887, 1021144445, 3866, 1038750911, 3868, 1021077567, 3876, 1021087002, 3877, 1021977528, 3869, 1021995388, 3885, 1021968152, 3870, 1022150034, 3879, 1021070750, 4380, 1021079072, 4388, 1021088248, 4396, 1021100548, 3871, 1020999863, 4381, 1021994679, 4389, 1021976577, 4397, 1021966942, 3867, 1038344792, 3875, 1038345398, 3883, 1038342680, 4390, 1022070883, 4391, 1021069014, 4383, 1020998100, 4399, 1021142882, 3884, 1021099574]
[INFO] (lattice_cell.c: 455): on tick 48 of 50
[INFO] (lattice_cell.c: 172): the unmatched_packets is 56
[4384, 1037890175, 4120, 1037882718, 4376, 1037882732, 4136, 1037899579, 3872, 1037890156, 3864, 1037882704, 4392, 1037899615, 3880, 1037899583, 4121, 1038299925, 4137, 1038301842, 4138, 1038764342, 4385, 1038304127, 4123, 1038340180, 4386, 1038773814, 4124, 1021086765, 3873, 1038303781, 4126, 1021947664, 4380, 1021087760, 4389, 1021951668, 4396, 1021089296, 4122, 1038781084, 4397, 1021985637, 4140, 1021088395, 4125, 1021983336, 3879, 1021116623, 4141, 1021985424, 4142, 1022079037, 4143, 1021068756, 4127, 1021199075, 4139, 1038337795, 3865, 1038300124, 4377, 1038300622, 3874, 1038773785, 3866, 1038781070, 3882, 1038764306, 3867, 1038340062, 3876, 1021110045, 4393, 1038302337, 3883, 1038337495, 4378, 1038781096, 4394, 1038764347, 3881, 1038302235, 4387, 1038340112, 3869, 1021983863, 4379, 1038339415, 3878, 1022021460, 4388, 1021111166, 4395, 1038337201, 3885, 1021985979, 3870, 1021947006, 3886, 1022078278, 3871, 1021199182, 4381, 1021983596, 3887, 1021068755, 4390, 1022022067, 3868, 1021086587, 3877, 1021951942, 3875, 1038340608, 3884, 1021088235, 4382, 1021947463, 4391, 1021115834, 4398, 1022078982, 4383, 1021198247, 4399, 1021068003]
[INFO] (lattice_cell.c: 455): on tick 49 of 50
[INFO] (lattice_cell.c: 172): the unmatched_packets is 56
[4120, 1037875869, 4384, 1037862438, 4376, 1037875915, 4136, 1037893791, 3872, 1037862346, 4392, 1037893873, 3864, 1037875845, 3880, 1037893753, 4121, 1038307329, 4385, 1038308184, 4377, 1038307952, 4137, 1038306271, 3873, 1038307892, 4393, 1038306757, 3865, 1038307526, 3881, 1038306615, 4122, 1038778608, 4386, 1038792688, 4378, 1038778624, 3874, 1038792596, 4138, 1038759751, 3866, 1038778574, 4139, 1038343785, 4123, 1038344516, 4387, 1038345521, 4379, 1038343895, 4395, 1038343263, 4124, 1021083074, 4140, 1021093564, 3882, 1038759656, 4141, 1021980518, 4126, 1022024179, 4396, 1021094486, 4381, 1021977725, 4125, 1021977426, 3867, 1038344309, 4142, 1021991966, 4383, 1021124860, 4127, 1021126084, 4143, 1021150582, 4394, 1038759798, 3879, 1021166541, 4388, 1021075568, 4380, 1021084197, 4389, 1021989367, 3868, 1021082829, 4397, 1021980588, 4390, 1021972175, 4382, 1022023748, 3877, 1021989855, 4391, 1021165162, 4398, 1021991744, 4399, 1021149524, 3869, 1021978053, 3885, 1021981367, 3871, 1021126441, 3887, 1021150747, 3876, 1021074411, 3878, 1021971871, 3870, 1022023644, 3886, 1021991240, 3883, 1038343480, 3884, 1021093574, 3875, 1038345861]
[INFO] (lattice_cell.c: 455): on tick 50 of 50
[INFO] (lattice_cell.c: 466): updating recording regions
[INFO] (recording.c: 507): 	Finalising channel 0 - state info stored in SDRAM
[INFO] (recording.c: 512): closed channel 0.
[INFO] (lattice_cell.c: 470): Simulation complete.

