[INFO] (lattice_cell.c: 604): starting lattice cell
[INFO] (lattice_cell.c: 526): Initialise: started
[INFO] (data_specification.c: 78): magic = ad130ad6, version = 1.0
[INFO] (lattice_cell.c: 555): my key is 8120
[INFO] (lattice_cell.c: 562): I'm in position ( 31, 23)
[INFO] (lattice_cell.c: 568): my n key is 7864
[INFO] (lattice_cell.c: 574): my U_X = 0.007340715266764164
[INFO] (lattice_cell.c: 575): my U_Y = 0.0004903926164843142
[INFO] (lattice_cell.c: 583): input_buffer initialised
[INFO] (recording.c: 563): Recording 1 regions, using output tag 0, size before trigger 7686388, time between triggers 50
[INFO] (recording.c: 665): Recording channel 0 configured to use 7686132 byte memory block starting at 0x668e2f08
[INFO] (lattice_cell.c: 588): Recording flags = 0x00000001
[INFO] (lattice_cell.c: 619): setting timer to execute every 200000 microseconds
[INFO] (lattice_cell.c: 627): Starting

[INFO] (simulation.c: 159): Setting the runtime of this model to 50 starting at 0
[INFO] (simulation.c: 161): Setting the flag of infinite run for this model to 0
[INFO] (simulation.c: 175): Resuming
[INFO] (lattice_cell.c: 455): on tick 0 of 50
[8128, 1038323247, 7872, 1038323247, 192, 1038323245, 8112, 1038758220, 7856, 1038758216, 7864, 1038656483, 8129, 1038345219, 184, 1038656481, 7873, 1038343944, 176, 1038758216, 8113, 1038341152, 7857, 1038339871, 7865, 1038341534, 8130, 1038323247, 7874, 1038323247, 8114, 1037904556, 7858, 1037904552, 7866, 1037999647, 8131, 1038301339, 7875, 1038302610, 8115, 1038297274, 7859, 1038298539, 7867, 1038300200, 8132, 1021568003, 7876, 1021566728, 8116, 1022004232, 7860, 1022002879, 7868, 1021900872, 193, 1038345649, 8133, 1021568003, 7877, 1021566728, 8117, 1021148057, 185, 1038343241, 8134, 1021524123, 177, 1038341578, 8118, 1021106686, 7861, 1021146848, 8119, 1021957843, 7878, 1021525394, 7869, 1021242217, 194, 1038323245, 178, 1037904550, 186, 1037999645, 8135, 1021524123, 7871, 1021857719, 179, 1038296838, 7862, 1021107879, 7879, 1021525394, 187, 1038298501, 7870, 1021202702, 7863, 1021959180, 188, 1021902655, 180, 1022004682, 197, 1021568433, 189, 1021243848, 190, 1021201079, 181, 1021148457, 198, 1021523693, 182, 1021106276, 199, 1021523693, 183, 1021957383, 191, 1021855944, 195, 1038300909, 196, 1021568433]
[INFO] (lattice_cell.c: 455): on tick 1 of 50
[INFO] (lattice_cell.c: 172): the unmatched_packets is 56
[8128, 1038323887, 8112, 1038726328, 7872, 1038323843, 7856, 1038726317, 7864, 1038576544, 192, 1038323910, 176, 1038726330, 8129, 1038347322, 8113, 1038349092, 7873, 1038346059, 7857, 1038347811, 7865, 1038347949, 184, 1038576586, 8130, 1038322625, 8114, 1037926449, 7874, 1038322657, 7858, 1037926449, 7866, 1038072155, 8131, 1038304003, 8115, 1038303839, 7875, 1038305252, 7859, 1038305126, 7867, 1038303144, 193, 1038347756, 177, 1038349554, 8132, 1021235973, 7860, 1021953554, 7876, 1021235556, 185, 1038349672, 7868, 1021719918, 8116, 1021954006, 7877, 1021888636, 194, 1038322623, 178, 1037926443, 8133, 1021890725, 8134, 1021192436, 8117, 1021187201, 186, 1038072133, 8119, 1022027491, 195, 1038303589, 7863, 1022027961, 8135, 1021845936, 7861, 1021185117, 187, 1038301441, 7869, 1021409432, 8118, 1021033302, 7862, 1021035383, 7878, 1021194546, 7870, 1020953529, 7879, 1021846452, 7871, 1022108825, 196, 1021235521, 197, 1021891990, 181, 1021188458, 189, 1021412762, 182, 1021032039, 198, 1021191137, 199, 1021846322, 191, 1022108720, 188, 1021719914, 179, 1038303391, 180, 1021953561, 190, 1020950164, 183, 1022027916]
[INFO] (lattice_cell.c: 455): on tick 2 of 50
[INFO] (lattice_cell.c: 172): the unmatched_packets is 56
[8128, 1038324924, 8112, 1038803925, 7872, 1038324930, 7856, 1038803933, 7864, 1038648279, 192, 1038324916, 176, 1038803918, 8129, 1038342605, 8113, 1038342419, 7873, 1038341318, 7857, 1038341122, 7865, 1038343474, 184, 1038648263, 8130, 1038324444, 8114, 1037860120, 7874, 1038324478, 7858, 1037860122, 7866, 1038006785, 8131, 1038298177, 8115, 1038298218, 7875, 1038299464, 7859, 1038299523, 7867, 1038296233, 177, 1038342857, 8132, 1021418555, 8116, 1022013960, 7860, 1022012618, 7876, 1021417247, 7868, 1021764101, 185, 1038345209, 8117, 1021140718, 7861, 1021139483, 8133, 1021723539, 7869, 1021381160, 8135, 1021682368, 8119, 1021820357, 194, 1038324430, 178, 1037860122, 186, 1038006761, 8134, 1021374209, 7871, 1021776891, 195, 1038297737, 7877, 1021722278, 8118, 1021237451, 7878, 1021375472, 7862, 1021238677, 179, 1038297762, 7870, 1021287923, 7863, 1021821626, 7879, 1021683498, 196, 1021419005, 188, 1021765916, 198, 1021373792, 180, 1022014441, 197, 1021724001, 182, 1021237023, 193, 1038343037, 199, 1021682030, 191, 1021775334, 181, 1021141193, 183, 1021819945, 189, 1021382875, 190, 1021286286, 187, 1038294474]
[INFO] (lattice_cell.c: 455): on tick 3 of 50
[INFO] (lattice_cell.c: 172): the unmatched_packets is 56
[8128, 1038324434, 8112, 1038717066, 7872, 1038324354, 7856, 1038717038, 7864, 1038629140, 192, 1038324478, 176, 1038717090, 8129, 1038347145, 8113, 1038350381, 7873, 1038345874, 7857, 1038349096, 184, 1038629244, 7865, 1038348320, 193, 1038347573, 177, 1038350843, 8130, 1038322721, 8114, 1037935456, 7874, 1038322747, 7858, 1037935460, 7866, 1038021648, 8131, 1038304324, 8115, 1038304798, 7875, 1038305541, 7859, 1038306049, 7867, 1038303905, 8132, 1021374790, 8116, 1021982350, 7876, 1021374326, 7860, 1021981857, 7868, 1021756692, 185, 1038350035, 8133, 1021753215, 7861, 1021162345, 7877, 1021751194, 7869, 1021375264, 8117, 1021164356, 8134, 1021329659, 8118, 1020910469, 194, 1038322729, 7878, 1021331809, 7862, 1020912545, 178, 1037935460, 7870, 1021057922, 8135, 1021707874, 8119, 1022141925, 7879, 1021708483, 195, 1038303918, 7863, 1022142562, 7871, 1021993469, 179, 1038304370, 180, 1021981952, 197, 1021754387, 181, 1021165559, 189, 1021378437, 191, 1021993075, 187, 1038302262, 196, 1021374342, 198, 1021328338, 182, 1020909179, 190, 1021054532, 199, 1021708154, 183, 1022142207, 186, 1038021642, 188, 1021756760]
[INFO] (lattice_cell.c: 455): on tick 4 of 50
[INFO] (lattice_cell.c: 172): the unmatched_packets is 56
[8128, 1038325573, 8112, 1038755231, 7872, 1038325568, 7856, 1038755251, 7864, 1038628627, 8129, 1038342800, 8113, 1038344048, 7873, 1038341493, 7857, 1038342735, 7865, 1038344715, 192, 1038325553, 176, 1038755215, 8130, 1038324338, 8114, 1037906462, 7874, 1038324400, 7858, 1037906472, 7866, 1038027342, 8131, 1038297893, 8115, 1038295661, 7875, 1038299192, 7859, 1038297014, 7867, 1038295143, 7860, 1021979504, 7876, 1021381725, 7861, 1021172417, 8132, 1021382977, 8134, 1021339416, 193, 1038343238, 177, 1038344500, 8135, 1021717869, 7870, 1021119460, 8133, 1021757790, 185, 1038346476, 8116, 1021980809, 7863, 1021876639, 8118, 1021186505, 7879, 1021718868, 178, 1037906456, 186, 1038027264, 7868, 1021770506, 7877, 1021756479, 7869, 1021375684, 8119, 1021875550, 7878, 1021340691, 7862, 1021187739, 195, 1038297453, 179, 1038295163, 8117, 1021173733, 7871, 1021945620, 181, 1021174322, 197, 1021758350, 191, 1021944322, 187, 1038293358, 180, 1021981259, 198, 1021338976, 183, 1021875290, 199, 1021717652, 188, 1021772263, 196, 1021383407, 182, 1021186080, 194, 1038324288, 190, 1021117808, 184, 1038628600, 189, 1021377536]
[INFO] (lattice_cell.c: 455): on tick 5 of 50
[INFO] (lattice_cell.c: 172): the unmatched_packets is 56
[8128, 1038325234, 8112, 1038756034, 7872, 1038325120, 7856, 1038755986, 7864, 1038622811, 176, 1038756076, 192, 1038325291, 8129, 1038346693, 8113, 1038350189, 7873, 1038345438, 7857, 1038348914, 7865, 1038348583, 184, 1038622954, 8130, 1038322973, 8114, 1037897131, 7874, 1038323003, 7858, 1037897121, 7866, 1038027420, 177, 1038350653, 8131, 1038304276, 8115, 1038304394, 193, 1038347131, 7875, 1038305483, 7859, 1038305633, 7867, 1038303697, 8132, 1021369868, 8116, 1021978963, 7876, 1021369302, 7860, 1021978371, 7868, 1021764891, 185, 1038350298, 8133, 1021758691, 7861, 1021166676, 194, 1038322989, 178, 1037897153, 8118, 1021085721, 8117, 1021168623, 8134, 1021322923, 7879, 1021714056, 7871, 1021931164, 195, 1038303894, 179, 1038303968, 8119, 1021962885, 7877, 1021756791, 7869, 1021369768, 7878, 1021325089, 7862, 1021087782, 8135, 1021713330, 7870, 1021117750, 7863, 1021963693, 187, 1038302059, 196, 1021369483, 180, 1021978619, 197, 1021759758, 183, 1021963028, 182, 1021084465, 199, 1021713498, 186, 1038027433, 188, 1021765133, 181, 1021169688, 191, 1021930548, 189, 1021372698, 198, 1021321623, 190, 1021114378]
[INFO] (lattice_cell.c: 455): on tick 6 of 50
[INFO] (lattice_cell.c: 172): the unmatched_packets is 56
[8128, 1038326075, 8112, 1038759945, 7872, 1038326061, 7856, 1038759965, 7864, 1038627342, 176, 1038759925, 8129, 1038343141, 192, 1038326045, 8113, 1038344915, 7857, 1038343593, 7873, 1038341826, 7865, 1038344953, 184, 1038627324, 8130, 1038324062, 8114, 1037903056, 7874, 1038324164, 7858, 1037903088, 7866, 1038028591, 8131, 1038297872, 8115, 1038294451, 7875, 1038299182, 7859, 1038295821, 7867, 1038294847, 193, 1038343595, 8132, 1021376040, 8116, 1021989467, 7876, 1021374864, 7860, 1021988257, 7868, 1021766665, 177, 1038345377, 8117, 1021165924, 7877, 1021762076, 7861, 1021164498, 185, 1038346728, 8119, 1021980074, 178, 1037903033, 8133, 1021763484, 186, 1038028470, 7863, 1021981050, 8134, 1021332891, 8118, 1021084011, 7871, 1021932122, 195, 1038297437, 8135, 1021724714, 179, 1038293955, 187, 1038293050, 7869, 1021378664, 7878, 1021334235, 7862, 1021085275, 7870, 1021133003, 7879, 1021725564, 196, 1021376379, 180, 1021989850, 188, 1021768265, 197, 1021764149, 181, 1021166614, 182, 1021083498, 198, 1021332394, 191, 1021931115, 190, 1021131250, 183, 1021979918, 194, 1038323992, 189, 1021380714, 199, 1021724635]
[INFO] (lattice_cell.c: 455): on tick 7 of 50
[INFO] (lattice_cell.c: 172): the unmatched_packets is 56
[8128, 1038325390, 8112, 1038749047, 7872, 1038325268, 7856, 1038748995, 7864, 1038627652, 8129, 1038346556, 8113, 1038350770, 7873, 1038345303, 7857, 1038349489, 192, 1038325465, 7865, 1038348681, 176, 1038749103, 184, 1038627826, 8130, 1038322743, 8114, 1037903956, 7874, 1038322789, 7858, 1037903927, 7866, 1038023200, 8131, 1038304402, 8115, 1038303934, 7875, 1038305598, 7859, 1038305169, 7867, 1038303163, 193, 1038347010, 8132, 1021374396, 8116, 1021988817, 177, 1038351237, 7860, 1021988097, 7876, 1021373694, 7868, 1021760376, 8117, 1021161444, 185, 1038350397, 7861, 1021159640, 7877, 1021753261, 8133, 1021755037, 8134, 1021325798, 8118, 1021074334, 194, 1038322771, 178, 1037903984, 8135, 1021710000, 8119, 1021972637, 186, 1038023224, 7863, 1021973576, 7871, 1021927420, 195, 1038304036, 7869, 1021375291, 179, 1038303508, 7862, 1021076354, 7878, 1021327926, 7870, 1021120532, 7879, 1021710827, 187, 1038301554, 196, 1021374121, 180, 1021988574, 198, 1021324572, 189, 1021377962, 183, 1021972637, 182, 1021073146, 188, 1021760859, 197, 1021755961, 191, 1021926547, 190, 1021117293, 199, 1021710027, 181, 1021162382]
[INFO] (lattice_cell.c: 455): on tick 8 of 50
[INFO] (lattice_cell.c: 172): the unmatched_packets is 56
[8128, 1038326595, 8112, 1038751521, 7872, 1038326570, 7856, 1038751537, 7864, 1038630855, 8129, 1038343132, 8113, 1038345325, 7873, 1038341802, 7857, 1038343994, 7865, 1038345480, 192, 1038326567, 176, 1038751499, 184, 1038630862, 8130, 1038323854, 8114, 1037910653, 7874, 1038323990, 7858, 1037910691, 7866, 1038025500, 8131, 1038297656, 8115, 1038294461, 7875, 1038298970, 7859, 1038295845, 7867, 1038294339, 193, 1038343584, 8132, 1021381173, 8116, 1021988315, 177, 1038345780, 185, 1038347262, 7860, 1021987215, 7876, 1021380114, 7868, 1021766200, 8133, 1021757760, 8117, 1021167073, 7861, 1021165537, 7877, 1021756239, 8134, 1021338378, 7878, 1021339794, 194, 1038323774, 7870, 1021122106, 8118, 1021095068, 178, 1037910611, 8135, 1021719716, 8119, 1021967983, 7871, 1021942794, 7869, 1021379247, 7862, 1021096427, 195, 1038297222, 7863, 1021968812, 7879, 1021720397, 179, 1038293948, 187, 1038292539, 188, 1021767579, 180, 1021988580, 197, 1021758572, 181, 1021167906, 189, 1021381549, 198, 1021337752, 183, 1021967966, 190, 1021120183, 191, 1021942050, 199, 1021719755, 182, 1021094471, 186, 1038025346, 196, 1021381423]
[INFO] (lattice_cell.c: 455): on tick 9 of 50
[INFO] (lattice_cell.c: 172): the unmatched_packets is 56
[8128, 1038325773, 8112, 1038749630, 7872, 1038325635, 7856, 1038749576, 7864, 1038626601, 192, 1038325852, 8129, 1038346403, 8113, 1038350867, 7873, 1038345142, 7857, 1038349594, 7865, 1038348834, 176, 1038749688, 184, 1038626791, 8130, 1038322731, 8114, 1037903385, 7874, 1038322783, 7858, 1037903343, 7866, 1038024231, 8131, 1038304349, 8115, 1038303685, 193, 1038346856, 7875, 1038305523, 7859, 1038304915, 7867, 1038303083, 177, 1038351340, 8132, 1021375804, 8116, 1021982726, 7860, 1021981866, 7876, 1021374954, 7868, 1021764148, 185, 1038350550, 8133, 1021754021, 8117, 1021167945, 7861, 1021166265, 7877, 1021752399, 7869, 1021372475, 194, 1038322748, 8135, 1021709531, 8119, 1021953588, 178, 1037903419, 8134, 1021325968, 186, 1038024247, 8118, 1021091825, 7863, 1021954648, 7878, 1021328022, 7862, 1021093774, 7870, 1021112561, 7879, 1021710488, 195, 1038303973, 7871, 1021934736, 179, 1038303249, 187, 1038301497, 188, 1021764913, 197, 1021754786, 189, 1021374832, 182, 1021090768, 199, 1021709430, 191, 1021933590, 180, 1021982620, 198, 1021324831, 190, 1021109533, 183, 1021953462, 196, 1021375658, 181, 1021168743]
[INFO] (lattice_cell.c: 455): on tick 10 of 50
[INFO] (lattice_cell.c: 172): the unmatched_packets is 56
[8128, 1038327050, 8112, 1038757592, 7872, 1038326992, 7856, 1038757586, 7864, 1038628264, 8129, 1038343168, 8113, 1038345702, 7873, 1038341837, 7857, 1038344367, 7865, 1038345557, 192, 1038327036, 176, 1038757570, 8130, 1038323517, 8114, 1037905160, 184, 1038628287, 7874, 1038323672, 7858, 1037905204, 7866, 1038028034, 8131, 1038297668, 8115, 1038293891, 7875, 1038298972, 7859, 1038295275, 7867, 1038294286, 8132, 1021378192, 8116, 1021985616, 193, 1038343623, 177, 1038346154, 7876, 1021377259, 7860, 1021984658, 7868, 1021769079, 8133, 1021760486, 8117, 1021170068, 7877, 1021758839, 7861, 1021168383, 8134, 1021335369, 194, 1038323421, 178, 1037905126, 8118, 1021096033, 8135, 1021722793, 186, 1038027847, 7870, 1021125332, 8119, 1021966540, 195, 1038297228, 179, 1038293371, 7869, 1021376467, 7878, 1021336931, 7862, 1021097490, 7879, 1021723346, 7863, 1021967247, 7871, 1021939255, 187, 1038292480, 196, 1021378287, 180, 1021985749, 188, 1021770187, 181, 1021171045, 182, 1021095316, 191, 1021938759, 190, 1021123165, 199, 1021722990, 189, 1021379006, 198, 1021334626, 185, 1038347329, 197, 1021761410, 183, 1021966654]
[INFO] (lattice_cell.c: 455): on tick 11 of 50
[INFO] (lattice_cell.c: 172): the unmatched_packets is 56
[7872, 1038325863, 7856, 1038752242, 8128, 1038326009, 8112, 1038752294, 7864, 1038625906, 7873, 1038345177, 7857, 1038349941, 8129, 1038346450, 8113, 1038351226, 7865, 1038348941, 8130, 1038322560, 7874, 1038322628, 8114, 1037901017, 7858, 1037900989, 7866, 1038025110, 192, 1038326071, 8131, 1038304323, 8115, 1038303236, 7875, 1038305490, 176, 1038752346, 7859, 1038304474, 7867, 1038302815, 8132, 1021373637, 8116, 1021986496, 7876, 1021372651, 7860, 1021985497, 184, 1038626084, 7868, 1021763634, 8133, 1021756086, 8117, 1021165151, 7861, 1021163631, 7877, 1021754625, 7869, 1021373244, 8134, 1021322842, 8118, 1021080344, 193, 1038346915, 177, 1038351704, 8135, 1021712555, 7879, 1021713609, 8119, 1021965099, 7871, 1021928231, 178, 1037901053, 7862, 1021082149, 7878, 1021324810, 7870, 1021118587, 7863, 1021966297, 195, 1038303956, 196, 1021373653, 188, 1021764712, 189, 1021375312, 198, 1021321847, 199, 1021712344, 187, 1038301233, 191, 1021926870, 197, 1021756709, 185, 1038350665, 183, 1021964847, 179, 1038302808, 194, 1038322564, 186, 1038025106, 180, 1021986553, 181, 1021165831, 182, 1021079383, 190, 1021115806]
[INFO] (lattice_cell.c: 455): on tick 12 of 50
[INFO] (lattice_cell.c: 172): the unmatched_packets is 56
[8128, 1038327450, 8112, 1038755022, 7872, 1038327366, 7856, 1038755006, 7864, 1038630180, 8129, 1038343090, 8113, 1038346046, 7873, 1038341759, 7857, 1038344723, 7865, 1038345710, 192, 1038327444, 176, 1038755018, 184, 1038630239, 8130, 1038323208, 8114, 1037907490, 7874, 1038323379, 7858, 1037907530, 7866, 1038026280, 8131, 1038297731, 8115, 1038293863, 7875, 1038299033, 7859, 1038295241, 7867, 1038294111, 8132, 1021379299, 8116, 1021989223, 193, 1038343548, 7876, 1021378489, 7860, 1021988384, 177, 1038346498, 7868, 1021767172, 8133, 1021759477, 8117, 1021166563, 7861, 1021164745, 7877, 1021757733, 185, 1038347463, 8134, 1021336039, 194, 1038323109, 8135, 1021721872, 8119, 1021972795, 178, 1037907460, 8118, 1021089426, 195, 1038297299, 7869, 1021378729, 7862, 1021091015, 179, 1038293339, 7878, 1021337735, 7870, 1021127234, 7863, 1021973409, 7879, 1021722296, 187, 1038292313, 7871, 1021936898, 196, 1021379257, 188, 1021768032, 197, 1021760526, 181, 1021167652, 189, 1021381493, 198, 1021335120, 182, 1021088554, 190, 1021124766, 191, 1021936649, 183, 1021973009, 199, 1021722192, 180, 1021989218, 186, 1038026089]
[INFO] (lattice_cell.c: 455): on tick 13 of 50
[INFO] (lattice_cell.c: 172): the unmatched_packets is 56
[8128, 1038326287, 8112, 1038747764, 7872, 1038326151, 7856, 1038747724, 7864, 1038627528, 8129, 1038346481, 8113, 1038350606, 7873, 1038345196, 7857, 1038349313, 7865, 1038349012, 192, 1038326347, 176, 1038747808, 184, 1038627697, 8130, 1038322469, 8114, 1037905362, 7874, 1038322557, 7858, 1037905340, 7866, 1038023679, 8131, 1038304098, 8115, 1038303002, 7875, 1038305269, 7859, 1038304245, 7867, 1038302506, 193, 1038346963, 177, 1038351082, 8132, 1021376248, 8116, 1021990182, 7876, 1021375109, 7860, 1021989030, 7868, 1021763621, 185, 1038350745, 8133, 1021753256, 8117, 1021164885, 7877, 1021751943, 7861, 1021163468, 7869, 1021373888, 8134, 1021324952, 194, 1038322451, 8118, 1021085031, 7878, 1021326808, 7862, 1021086710, 178, 1037905386, 8135, 1021710913, 186, 1038023628, 7870, 1021114411, 8119, 1021959958, 195, 1038303749, 7871, 1021932529, 179, 1038302571, 7879, 1021712035, 7863, 1021961232, 196, 1021376393, 180, 1021990382, 188, 1021765001, 181, 1021165435, 197, 1021753756, 182, 1021084223, 190, 1021111892, 199, 1021710606, 189, 1021375670, 198, 1021324091, 187, 1038300928, 191, 1021930997, 183, 1021959588]
[INFO] (lattice_cell.c: 455): on tick 14 of 50
[INFO] (lattice_cell.c: 172): the unmatched_packets is 56
[7872, 1038327710, 8128, 1038327818, 7856, 1038758430, 8112, 1038758464, 7864, 1038630700, 8129, 1038343099, 8113, 1038346508, 7873, 1038341778, 7857, 1038345175, 7865, 1038346535, 8130, 1038322909, 8114, 1037904199, 7858, 1037904235, 7874, 1038323091, 7866, 1038025765, 192, 1038327842, 176, 1038758486, 8131, 1038298055, 8115, 1038293770, 7875, 1038299343, 7859, 1038295146, 7867, 1038294213, 184, 1038630806, 8132, 1021379930, 8116, 1021977278, 7860, 1021976574, 7876, 1021379226, 7868, 1021766080, 8133, 1021758670, 8117, 1021177547, 7877, 1021756828, 7861, 1021175650, 7869, 1021377166, 193, 1038343559, 177, 1038346960, 7862, 1021095684, 185, 1038348274, 7870, 1021122997, 8134, 1021335878, 8118, 1021093960, 194, 1038322815, 186, 1038025579, 7871, 1021940418, 8135, 1021720811, 178, 1037904185, 8119, 1021967005, 195, 1038297622, 7878, 1021337747, 179, 1038293260, 7863, 1021967535, 7879, 1021721165, 187, 1038292438, 188, 1021766676, 189, 1021380099, 182, 1021092951, 196, 1021379738, 197, 1021759804, 190, 1021120262, 183, 1021967313, 199, 1021721216, 191, 1021940329, 181, 1021178716, 180, 1021977122, 198, 1021334826]
[INFO] (lattice_cell.c: 455): on tick 15 of 50
[INFO] (lattice_cell.c: 172): the unmatched_packets is 56
[8128, 1038326601, 8112, 1038740732, 7872, 1038326465, 7856, 1038740702, 7864, 1038623767, 8129, 1038345794, 8113, 1038353370, 7873, 1038344493, 7857, 1038352095, 7865, 1038348832, 192, 1038326649, 176, 1038740774, 184, 1038623920, 8130, 1038322267, 8114, 1037912341, 7874, 1038322395, 7858, 1037912333, 7866, 1038027481, 8131, 1038303019, 8115, 1038302604, 7875, 1038304197, 7859, 1038303860, 7867, 1038302061, 8132, 1021378036, 8116, 1022009959, 7876, 1021376786, 7860, 1022008664, 7868, 1021772228, 193, 1038346276, 8133, 1021754190, 8117, 1021135255, 7877, 1021752982, 7861, 1021133881, 7869, 1021366404, 177, 1038353834, 8134, 1021326710, 8118, 1021092815, 7878, 1021328437, 7862, 1021094368, 7870, 1021117646, 8119, 1021952395, 7863, 1021953717, 7879, 1021714371, 194, 1038322222, 8135, 1021713212, 178, 1037912349, 7871, 1021930258, 195, 1038302668, 179, 1038302163, 187, 1038300486, 180, 1022010315, 196, 1021378307, 197, 1021754610, 189, 1021368042, 188, 1021773904, 198, 1021325971, 199, 1021712824, 183, 1021951963, 191, 1021928625, 190, 1021115392, 185, 1038350575, 186, 1038027392, 181, 1021135792, 182, 1021092124]
[INFO] (lattice_cell.c: 455): on tick 16 of 50
[INFO] (lattice_cell.c: 172): the unmatched_packets is 56
[8128, 1038328056, 8112, 1038780685, 7872, 1038327916, 7856, 1038780651, 7864, 1038637806, 8129, 1038343310, 8113, 1038346223, 7873, 1038341987, 7857, 1038344893, 7865, 1038343991, 192, 1038328094, 176, 1038780715, 8130, 1038322704, 8114, 1037882700, 7874, 1038322883, 7858, 1037882720, 7866, 1038018827, 8131, 1038298689, 8115, 1038293750, 184, 1038637946, 7875, 1038299956, 7859, 1038295108, 7867, 1038295106, 8132, 1021371865, 8116, 1021917777, 7876, 1021371269, 7860, 1021917177, 7868, 1021750137, 8133, 1021765829, 8117, 1021239037, 7877, 1021763949, 7861, 1021237154, 8134, 1021326453, 193, 1038343772, 177, 1038346697, 7870, 1021117886, 185, 1038345738, 8118, 1021075583, 8135, 1021727795, 8119, 1021984077, 194, 1038322622, 178, 1037882706, 7869, 1021403789, 7878, 1021328490, 7862, 1021077426, 7879, 1021728109, 186, 1038018656, 7863, 1021984584, 7871, 1021941226, 179, 1038293246, 187, 1038293359, 196, 1021371551, 188, 1021750498, 197, 1021767018, 198, 1021325233, 182, 1021074469, 191, 1021941215, 199, 1021728237, 183, 1021984442, 190, 1021114887, 180, 1021917466, 195, 1038298272, 181, 1021240196, 189, 1021406730]
[INFO] (lattice_cell.c: 455): on tick 17 of 50
[INFO] (lattice_cell.c: 172): the unmatched_packets is 56
[8128, 1038327117, 8112, 1038713752, 7872, 1038326965, 7856, 1038713698, 7864, 1038608595, 8129, 1038348410, 8113, 1038351449, 7873, 1038347099, 7857, 1038350173, 7865, 1038349436, 192, 1038327157, 176, 1038713788, 184, 1038608766, 8130, 1038321845, 8114, 1037938639, 7874, 1038322013, 7858, 1037938647, 7866, 1038042449, 193, 1038348900, 177, 1038351893, 185, 1038351164, 8115, 1038301696, 8131, 1038305158, 7875, 1038306357, 7859, 1038302978, 7867, 1038301415, 8116, 1022114601, 8132, 1021394706, 7876, 1021393345, 7860, 1022113241, 7868, 1021823589, 8117, 1021039930, 8133, 1021727012, 7861, 1021038521, 7877, 1021725853, 7869, 1021313244, 8118, 1021102872, 8134, 1021344117, 7862, 1021104289, 7878, 1021345689, 7870, 1021134918, 8135, 1021687033, 8119, 1021946640, 194, 1038321772, 7863, 1021947972, 7879, 1021688173, 178, 1037938644, 186, 1038042298, 7871, 1021915119, 195, 1038304798, 179, 1038301237, 196, 1021395095, 188, 1021825440, 180, 1022115088, 181, 1021040451, 199, 1021686650, 187, 1038299803, 191, 1021913438, 189, 1021314842, 183, 1021946167, 198, 1021343514, 197, 1021727402, 182, 1021102285, 190, 1021132920]
[INFO] (lattice_cell.c: 455): on tick 18 of 50
[INFO] (lattice_cell.c: 172): the unmatched_packets is 56
[8128, 1038327998, 8112, 1038787547, 7872, 1038327869, 7856, 1038787504, 7864, 1038659036, 8129, 1038342772, 8113, 1038347201, 7873, 1038341446, 7857, 1038345865, 7865, 1038346172, 192, 1038328032, 176, 1038787575, 184, 1038659169, 8114, 1037875644, 8130, 1038322869, 7874, 1038323044, 7858, 1037875653, 7866, 1037998070, 193, 1038343244, 177, 1038347685, 8131, 1038298657, 8115, 1038294199, 185, 1038347928, 7875, 1038299902, 7859, 1038295516, 7867, 1038292642, 8116, 1021832220, 8132, 1021321011, 7876, 1021320440, 7860, 1021831667, 7868, 1021652095, 8117, 1021320503, 8133, 1021818649, 7877, 1021816773, 7861, 1021318616, 7869, 1021493384, 8118, 1021076929, 8134, 1021273088, 194, 1038322794, 178, 1037875640, 7862, 1021078878, 7878, 1021275305, 7870, 1021094385, 8135, 1021781175, 8119, 1021978786, 179, 1038293714, 7879, 1021781461, 7863, 1021979310, 7871, 1021973154, 196, 1021320635, 180, 1021831844, 197, 1021819832, 182, 1021075686, 190, 1021091146, 199, 1021781648, 189, 1021496289, 187, 1038290971, 188, 1021652392, 186, 1037997907, 181, 1021321663, 191, 1021973185, 195, 1038298269, 183, 1021979188, 198, 1021271750]
[INFO] (lattice_cell.c: 455): on tick 19 of 50
[INFO] (lattice_cell.c: 172): the unmatched_packets is 56
[8128, 1038327751, 8112, 1038742335, 7872, 1038327567, 7856, 1038742295, 7864, 1038605660, 8129, 1038346299, 8113, 1038352131, 7873, 1038344987, 7857, 1038350850, 7865, 1038348451, 192, 1038327814, 176, 1038742374, 184, 1038605857, 8130, 1038321173, 8114, 1037911429, 7874, 1038321382, 7858, 1037911433, 7866, 1038045561, 8131, 1038302491, 8115, 1038303304, 7875, 1038303714, 7859, 1038304611, 7867, 1038301419, 193, 1038346777, 8132, 1021493201, 8116, 1022099796, 177, 1038352571, 7876, 1021491862, 7860, 1022098388, 7868, 1021927257, 8133, 1021637105, 8117, 1021053030, 185, 1038350145, 7877, 1021635958, 7861, 1021051763, 8134, 1021444654, 8118, 1021091979, 7878, 1021446134, 7862, 1021093294, 178, 1037911431, 194, 1038321097, 8135, 1021597210, 8119, 1021949714, 7870, 1021170605, 186, 1038045385, 7869, 1021214287, 179, 1038302834, 7879, 1021598352, 7863, 1021951053, 7871, 1021880078, 187, 1038299760, 196, 1021493609, 180, 1022100310, 188, 1021929188, 197, 1021637489, 181, 1021053504, 182, 1021091502, 190, 1021168781, 183, 1021949258, 189, 1021215845, 199, 1021596810, 198, 1021444120, 191, 1021878388, 195, 1038302113]
[INFO] (lattice_cell.c: 455): on tick 20 of 50
[INFO] (lattice_cell.c: 172): the unmatched_packets is 56
[8128, 1038328242, 8112, 1038733080, 7872, 1038328122, 7856, 1038733038, 7864, 1038621153, 8129, 1038343820, 8113, 1038346102, 7873, 1038342474, 7857, 1038344799, 7865, 1038345970, 192, 1038328261, 176, 1038733112, 184, 1038621279, 8130, 1038322820, 8114, 1037928512, 7874, 1038323030, 7858, 1037928520, 7866, 1038034931, 8131, 1038300259, 8115, 1038294878, 7875, 1038301447, 7859, 1038296191, 7867, 1038295500, 193, 1038344325, 8132, 1021218343, 8116, 1021962730, 7876, 1021217708, 7860, 1021962134, 7868, 1021626156, 8133, 1021916761, 8117, 1021195899, 177, 1038346556, 7861, 1021193855, 7877, 1021914908, 7869, 1021520441, 185, 1038347757, 8134, 1021167559, 8118, 1021066815, 7878, 1021169884, 8119, 1021987947, 178, 1037928517, 7863, 1021988465, 8135, 1021879962, 186, 1038034736, 7862, 1021068868, 7870, 1021033760, 7879, 1021880228, 7871, 1022021890, 195, 1038299907, 179, 1038294394, 187, 1038293865, 196, 1021217954, 180, 1021962414, 197, 1021917936, 181, 1021197191, 189, 1021523414, 198, 1021166184, 191, 1022021980, 182, 1021065547, 183, 1021988332, 188, 1021626442, 194, 1038322720, 190, 1021030386, 199, 1021880427]
[INFO] (lattice_cell.c: 455): on tick 21 of 50
[INFO] (lattice_cell.c: 172): the unmatched_packets is 56
[7872, 1038327503, 7856, 1038786864, 8128, 1038327702, 8112, 1038786923, 7864, 1038670385, 7873, 1038345273, 7857, 1038352171, 8129, 1038346578, 8113, 1038353494, 7865, 1038349509, 192, 1038327780, 176, 1038786983, 8130, 1038321227, 7874, 1038321411, 7858, 1037867579, 8114, 1037867560, 7866, 1037982263, 8131, 1038302219, 8115, 1038299801, 7875, 1038303488, 7859, 1038301104, 7867, 1038299141, 8132, 1021519302, 8116, 1021955565, 7860, 1021954296, 7876, 1021517980, 184, 1038670618, 7868, 1021824334, 8133, 1021610000, 8117, 1021190790, 7861, 1021189631, 7877, 1021608877, 8118, 1021161110, 7870, 1021249144, 8134, 1021471323, 193, 1038347040, 177, 1038353975, 8135, 1021571753, 8119, 1021890799, 185, 1038351228, 7869, 1021312501, 7862, 1021162373, 7878, 1021472780, 7863, 1021892129, 7879, 1021572845, 194, 1038321167, 178, 1037867558, 7871, 1021807989, 179, 1038299339, 187, 1038297477, 196, 1021519698, 180, 1021955962, 197, 1021610374, 189, 1021313807, 190, 1021247429, 183, 1021890320, 181, 1021191130, 199, 1021571394, 195, 1038301805, 191, 1021806329, 182, 1021160628, 198, 1021470793, 188, 1021826161, 186, 1037982115]
[INFO] (lattice_cell.c: 455): on tick 22 of 50
[INFO] (lattice_cell.c: 172): the unmatched_packets is 56
[8128, 1038328886, 8112, 1038724578, 7872, 1038328742, 7856, 1038724569, 7864, 1038586838, 8129, 1038342674, 8113, 1038345917, 7873, 1038341351, 7857, 1038344667, 7865, 1038344555, 192, 1038328911, 8130, 1038322020, 8114, 1037937616, 176, 1038724599, 184, 1038586965, 7874, 1038322284, 7858, 1037937624, 7866, 1038069139, 8131, 1038299627, 8115, 1038296448, 7875, 1038300804, 7859, 1038297742, 7867, 1038295986, 193, 1038343176, 177, 1038346353, 8132, 1021321696, 8116, 1021995163, 7876, 1021321009, 7860, 1021994396, 7868, 1021800079, 185, 1038346255, 8133, 1021818228, 8117, 1021166707, 7877, 1021816318, 7861, 1021164644, 7869, 1021353693, 8134, 1021270788, 8118, 1020953291, 194, 1038321896, 178, 1037937624, 7878, 1021273074, 7862, 1020955366, 186, 1038068894, 8119, 1022095486, 8135, 1021779462, 7870, 1020978378, 7879, 1021779796, 7863, 1022096004, 195, 1038299285, 179, 1038295978, 7871, 1022077918, 187, 1038294423, 196, 1021321360, 180, 1021994957, 188, 1021800664, 197, 1021819430, 181, 1021168031, 198, 1021269452, 190, 1020974965, 199, 1021779926, 189, 1021356841, 182, 1020952051, 191, 1022077862, 183, 1022095862]
[INFO] (lattice_cell.c: 455): on tick 23 of 50
[INFO] (lattice_cell.c: 172): the unmatched_packets is 56
[8128, 1038328104, 8112, 1038774746, 7872, 1038327895, 7856, 1038774672, 7864, 1038634497, 8129, 1038348150, 8113, 1038353005, 7873, 1038346783, 7857, 1038351663, 7865, 1038350556, 192, 1038328185, 176, 1038774817, 8130, 1038321262, 8114, 1037879053, 184, 1038634772, 7874, 1038321468, 7858, 1037879047, 7866, 1038016644, 8131, 1038303301, 8115, 1038300061, 193, 1038348661, 7875, 1038304537, 7859, 1038301410, 7867, 1038300029, 8132, 1021346665, 8116, 1022017950, 7876, 1021345445, 7860, 1022016798, 7868, 1021722419, 177, 1038353490, 8133, 1021775523, 8117, 1021129833, 7877, 1021774508, 7861, 1021128668, 7869, 1021410594, 8134, 1021297701, 8118, 1021237218, 7878, 1021299325, 7862, 1021238436, 7870, 1021214145, 185, 1038352378, 8135, 1021740257, 8119, 1021814496, 194, 1038321206, 178, 1037879083, 7879, 1021741301, 186, 1038016500, 7871, 1021837789, 7863, 1021815748, 195, 1038302940, 179, 1038299569, 196, 1021346949, 180, 1022018247, 197, 1021775845, 181, 1021130210, 189, 1021411836, 182, 1021236707, 190, 1021212274, 188, 1021723931, 199, 1021739883, 183, 1021814096, 191, 1021836328, 198, 1021297028, 187, 1038298326]
[INFO] (lattice_cell.c: 455): on tick 24 of 50
[INFO] (lattice_cell.c: 172): the unmatched_packets is 56
[8128, 1038328694, 8112, 1038738144, 7872, 1038328560, 7856, 1038738118, 7864, 1038653418, 8129, 1038341742, 8113, 1038345983, 7873, 1038340466, 7857, 1038344735, 7865, 1038344558, 8130, 1038322079, 8114, 1037924232, 192, 1038328706, 176, 1038738162, 184, 1038653554, 7874, 1038322337, 7858, 1037924272, 7866, 1038004106, 8131, 1038299141, 8115, 1038295045, 7875, 1038300339, 7859, 1038296306, 7867, 1038294187, 193, 1038342198, 177, 1038346405, 8132, 1021423676, 8116, 1021976967, 7876, 1021422786, 7860, 1021976126, 7868, 1021768415, 8133, 1021720469, 8117, 1021184891, 7861, 1021182833, 7877, 1021718522, 7869, 1021383920, 194, 1038321957, 8134, 1021371156, 8118, 1020986278, 178, 1037924210, 7878, 1021373328, 7862, 1020988269, 8119, 1022066867, 8135, 1021681401, 195, 1038298765, 7870, 1021120957, 179, 1038294601, 7863, 1022067523, 7879, 1021681736, 7871, 1021940364, 196, 1021423530, 180, 1021976841, 188, 1021769271, 197, 1021721690, 181, 1021186174, 189, 1021386936, 185, 1038346198, 199, 1021681880, 186, 1038003833, 187, 1038292612, 198, 1021369975, 190, 1021117865, 191, 1021940269, 182, 1020985082, 183, 1022067155]
[INFO] (lattice_cell.c: 455): on tick 25 of 50
[INFO] (lattice_cell.c: 172): the unmatched_packets is 56
[8128, 1038328412, 8112, 1038748020, 7872, 1038328182, 7856, 1038747950, 7864, 1038617587, 8129, 1038347947, 8113, 1038354175, 7873, 1038346558, 7857, 1038352812, 7865, 1038350477, 8130, 1038320686, 8114, 1037905231, 7874, 1038320904, 7858, 1037905205, 7866, 1038034067, 192, 1038328508, 176, 1038748094, 184, 1038617865, 8131, 1038302708, 8115, 1038301369, 7875, 1038303929, 7859, 1038302722, 7867, 1038300595, 193, 1038348472, 8132, 1021378367, 8116, 1021956436, 177, 1038354678, 7860, 1021955410, 7876, 1021377309, 7868, 1021790313, 8133, 1021744921, 8117, 1021188760, 185, 1038352300, 7861, 1021187587, 7877, 1021743871, 7869, 1021344778, 194, 1038320610, 178, 1037905266, 8134, 1021331102, 8118, 1021106668, 7862, 1021108071, 7878, 1021332796, 186, 1038033922, 8135, 1021709741, 195, 1038302346, 7863, 1021939137, 8119, 1021937994, 179, 1038300894, 187, 1038298975, 7870, 1021066536, 7879, 1021710715, 196, 1021378498, 180, 1021956619, 188, 1021791675, 7871, 1021985233, 181, 1021189189, 189, 1021346093, 198, 1021330290, 191, 1021983811, 197, 1021745273, 190, 1021064349, 199, 1021709415, 183, 1021937659, 182, 1021106011]
[INFO] (lattice_cell.c: 455): on tick 26 of 50
[INFO] (lattice_cell.c: 172): the unmatched_packets is 56
[8128, 1038329563, 8112, 1038772203, 7872, 1038329399, 7856, 1038772177, 7864, 1038616272, 8129, 1038341977, 8113, 1038345281, 7857, 1038344067, 7873, 1038340703, 7865, 1038344341, 8130, 1038321769, 8114, 1037891079, 192, 1038329573, 176, 1038772211, 7874, 1038322075, 7858, 1037891110, 184, 1038616416, 7866, 1038039800, 8131, 1038299679, 8115, 1038294575, 7875, 1038300862, 7859, 1038295859, 193, 1038342450, 7867, 1038295096, 177, 1038345672, 8132, 1021357080, 8116, 1022004990, 7876, 1021356057, 7860, 1022003988, 7868, 1021775817, 8133, 1021785242, 8117, 1021158024, 7877, 1021783421, 7861, 1021156006, 7869, 1021378572, 8134, 1021303106, 8118, 1021127129, 7878, 1021305239, 7862, 1021128932, 7870, 1021140301, 8135, 1021746191, 8119, 1021927176, 7879, 1021746609, 7863, 1021927881, 7871, 1021916685, 194, 1038321623, 178, 1037891052, 186, 1038039502, 195, 1038299328, 179, 1038294089, 187, 1038293483, 196, 1021357018, 180, 1022004999, 188, 1021776932, 197, 1021786367, 181, 1021159209, 189, 1021381491, 182, 1021126131, 199, 1021746539, 183, 1021927436, 191, 1021916470, 185, 1038345973, 190, 1021137446, 198, 1021301980]
[INFO] (lattice_cell.c: 455): on tick 27 of 50
[INFO] (lattice_cell.c: 172): the unmatched_packets is 56
[8128, 1038328328, 8112, 1038747914, 7872, 1038328100, 7856, 1038747829, 7864, 1038636696, 8129, 1038348372, 8113, 1038353960, 7873, 1038346963, 7857, 1038352594, 7865, 1038350646, 8130, 1038320742, 8114, 1037905863, 7874, 1038320956, 7858, 1037905846, 192, 1038328410, 7866, 1038014995, 176, 1038747994, 184, 1038636998, 8131, 1038302907, 8115, 1038300428, 7875, 1038304129, 7859, 1038301747, 7867, 1038299853, 193, 1038348919, 8116, 1022003782, 8132, 1021371697, 7876, 1021370715, 7860, 1022002877, 7868, 1021744483, 177, 1038354455, 8133, 1021750044, 8117, 1021143337, 7877, 1021748961, 7861, 1021142088, 7869, 1021388049, 8134, 1021323161, 8118, 1021054863, 194, 1038320675, 178, 1037905889, 7878, 1021325010, 7862, 1021056392, 8119, 1021995652, 186, 1038014830, 8135, 1021717249, 195, 1038302558, 179, 1038299976, 7870, 1021151145, 7879, 1021718059, 7863, 1021996750, 7871, 1021902548, 196, 1021371732, 180, 1022003845, 188, 1021745533, 197, 1021750491, 181, 1021143853, 189, 1021389443, 199, 1021717074, 182, 1021054062, 183, 1021995382, 190, 1021148789, 191, 1021901392, 185, 1038352481, 187, 1038298231, 198, 1021322224]
[INFO] (lattice_cell.c: 455): on tick 28 of 50
[INFO] (lattice_cell.c: 172): the unmatched_packets is 56
[8128, 1038329479, 8112, 1038740748, 7872, 1038329308, 7856, 1038740718, 7864, 1038641307, 8129, 1038341622, 8113, 1038345977, 7873, 1038340366, 7857, 1038344775, 7865, 1038344560, 8130, 1038321450, 8114, 1037921249, 7874, 1038321769, 7858, 1037921297, 7866, 1038016076, 192, 1038329491, 176, 1038740767, 184, 1038641474, 8131, 1038299497, 8115, 1038295137, 7875, 1038300673, 7859, 1038296426, 7867, 1038294454, 8132, 1021402697, 8116, 1021982165, 7860, 1021981050, 7876, 1021401550, 7868, 1021772667, 8133, 1021741728, 8117, 1021180510, 7861, 1021178604, 7877, 1021739951, 193, 1038342085, 7869, 1021381286, 177, 1038346381, 8134, 1021348644, 8118, 1021072893, 185, 1038346159, 7862, 1021074633, 7878, 1021350623, 7870, 1021105300, 8135, 1021701925, 8119, 1021977510, 194, 1038321298, 178, 1037921223, 186, 1038015755, 7863, 1021978342, 7879, 1021702452, 7871, 1021953358, 195, 1038299119, 179, 1038294652, 187, 1038292891, 188, 1021774058, 181, 1021181613, 189, 1021383931, 182, 1021072015, 190, 1021102695, 183, 1021977658, 196, 1021402798, 180, 1021982292, 197, 1021742740, 191, 1021952868, 199, 1021702169, 198, 1021347668]
[INFO] (lattice_cell.c: 455): on tick 29 of 50
[INFO] (lattice_cell.c: 172): the unmatched_packets is 56
[8128, 1038328864, 8112, 1038753516, 7872, 1038328608, 7856, 1038753448, 7864, 1038622282, 8129, 1038348064, 8113, 1038353264, 7873, 1038346638, 7857, 1038351898, 7865, 1038350565, 8130, 1038320495, 8114, 1037899915, 7874, 1038320735, 7858, 1037899885, 7866, 1038029317, 192, 1038328947, 176, 1038753596, 184, 1038622568, 8131, 1038302510, 8115, 1038300918, 7875, 1038303730, 7859, 1038302246, 7867, 1038300169, 8132, 1021375242, 8116, 1021966882, 7876, 1021374421, 7860, 1021966095, 7868, 1021778329, 8133, 1021746990, 8117, 1021181499, 193, 1038348615, 7861, 1021180161, 7877, 1021745802, 7869, 1021356443, 177, 1038353754, 8134, 1021327061, 8118, 1021113679, 7862, 1021115305, 7878, 1021329022, 7870, 1021096066, 8135, 1021714469, 8119, 1021933257, 7871, 1021956780, 7879, 1021715162, 7863, 1021934168, 178, 1037899949, 194, 1038320407, 186, 1038029133, 196, 1021375111, 180, 1021966828, 198, 1021325970, 182, 1021112774, 183, 1021933144, 188, 1021779183, 187, 1038298577, 189, 1021358073, 199, 1021714416, 191, 1021955898, 179, 1038300455, 197, 1021747558, 190, 1021093398, 185, 1038352418, 195, 1038302171, 181, 1021182129]
[INFO] (lattice_cell.c: 455): on tick 30 of 50
[INFO] (lattice_cell.c: 172): the unmatched_packets is 56
[8128, 1038330111, 8112, 1038767659, 7872, 1038329911, 7856, 1038767621, 7864, 1038622376, 8129, 1038342024, 8113, 1038346250, 7873, 1038340747, 7857, 1038345043, 7865, 1038345251, 8130, 1038321142, 8114, 1037895686, 7874, 1038321470, 7858, 1037895728, 7866, 1038033955, 192, 1038330137, 176, 1038767689, 8131, 1038299866, 8115, 1038294526, 7875, 1038301045, 7859, 1038295814, 7867, 1038295043, 8132, 1021370096, 8116, 1021995190, 7876, 1021368811, 7860, 1021993958, 7868, 1021775797, 8133, 1021772525, 8117, 1021165696, 7861, 1021163916, 7877, 1021770937, 7869, 1021375316, 193, 1038342484, 8134, 1021315251, 8118, 1021096869, 7862, 1021098428, 7878, 1021317165, 177, 1038346628, 7870, 1021133622, 8135, 1021733314, 8119, 1021955941, 178, 1037895669, 186, 1038033624, 7879, 1021733966, 7863, 1021956908, 7871, 1021923192, 195, 1038299514, 179, 1038294046, 187, 1038293448, 196, 1021370331, 180, 1021995449, 197, 1021773405, 181, 1021166616, 189, 1021377699, 188, 1021777422, 183, 1021955947, 185, 1038346841, 194, 1038320973, 184, 1038622551, 198, 1021314386, 190, 1021131288, 182, 1021096152, 199, 1021733436, 191, 1021922469]
[INFO] (lattice_cell.c: 455): on tick 31 of 50
[INFO] (lattice_cell.c: 172): the unmatched_packets is 56
[8128, 1038328804, 8112, 1038749319, 7872, 1038328565, 7856, 1038749249, 7864, 1038631671, 8129, 1038347366, 8113, 1038355410, 7873, 1038345944, 7857, 1038354056, 7865, 1038349945, 8130, 1038320347, 8114, 1037904528, 7874, 1038320606, 7858, 1037904507, 7866, 1038020143, 8131, 1038301920, 8115, 1038300348, 192, 1038328878, 7875, 1038303129, 7859, 1038301660, 7867, 1038299660, 176, 1038749391, 184, 1038631963, 8132, 1021372615, 8116, 1021995588, 7876, 1021371852, 7860, 1021994888, 7868, 1021755881, 8133, 1021752697, 8117, 1021146305, 7877, 1021751409, 7861, 1021144801, 7869, 1021379816, 8134, 1021323001, 8118, 1021064016, 193, 1038347936, 7862, 1021065784, 7878, 1021325139, 7870, 1021138169, 177, 1038355893, 185, 1038351776, 7879, 1021721950, 7863, 1021986558, 8135, 1021721441, 8119, 1021985736, 178, 1037904556, 7871, 1021915807, 194, 1038320240, 186, 1038019930, 195, 1038301593, 179, 1038299905, 196, 1021372381, 180, 1021995433, 188, 1021756509, 197, 1021753401, 189, 1021381685, 181, 1021147102, 183, 1021985728, 198, 1021321798, 190, 1021135297, 191, 1021915226, 182, 1021062959, 199, 1021721538, 187, 1038298089]
[INFO] (lattice_cell.c: 455): on tick 32 of 50
[INFO] (lattice_cell.c: 172): the unmatched_packets is 56
[8128, 1038330134, 8112, 1038743801, 7872, 1038329914, 7856, 1038743751, 7864, 1038638326, 8129, 1038342475, 8113, 1038346755, 7873, 1038341208, 7857, 1038345518, 7865, 1038343462, 8130, 1038320915, 8114, 1037918224, 7874, 1038321248, 7858, 1037918245, 7866, 1038018833, 192, 1038330163, 176, 1038743843, 8131, 1038300158, 8115, 1038295070, 7875, 1038301330, 7859, 1038296361, 7867, 1038295285, 8132, 1021392516, 8116, 1021991035, 7876, 1021391125, 7860, 1021989755, 7868, 1021772713, 8133, 1021748581, 8117, 1021169286, 193, 1038342945, 177, 1038347167, 7861, 1021167708, 7877, 1021747116, 7869, 1021386469, 8134, 1021337854, 8118, 1021081852, 7862, 1021083318, 7878, 1021339648, 7870, 1021113060, 185, 1038345077, 8119, 1021968562, 7863, 1021969655, 7879, 1021710464, 8135, 1021709676, 194, 1038320752, 178, 1037918205, 7871, 1021941525, 195, 1038299788, 179, 1038294580, 187, 1038293719, 188, 1021774538, 197, 1021749315, 181, 1021170013, 189, 1021388465, 190, 1021110957, 196, 1021392823, 186, 1038018499, 199, 1021709667, 191, 1021940511, 180, 1021991336, 184, 1038638558, 183, 1021968436, 182, 1021081244, 198, 1021337110]
[INFO] (lattice_cell.c: 455): on tick 33 of 50
[INFO] (lattice_cell.c: 172): the unmatched_packets is 56
[8128, 1038329264, 8112, 1038752286, 7872, 1038329013, 7856, 1038752219, 7864, 1038627912, 8129, 1038349129, 8113, 1038352237, 7873, 1038347713, 7857, 1038350944, 7865, 1038349803, 8130, 1038320162, 8114, 1037901244, 7874, 1038320453, 7858, 1037901233, 7866, 1038023949, 192, 1038329339, 176, 1038752352, 8131, 1038303936, 8115, 1038299944, 7875, 1038305146, 7859, 1038301254, 7867, 1038299405, 8132, 1021376116, 8116, 1021967718, 7876, 1021375429, 7860, 1021967044, 7868, 1021772432, 8133, 1021741496, 8117, 1021185174, 184, 1038628192, 7861, 1021183457, 193, 1038349689, 7877, 1021740048, 7869, 1021365058, 8134, 1021326113, 8118, 1021103599, 177, 1038352680, 7862, 1021105488, 7878, 1021328335, 7870, 1021104167, 8135, 1021709877, 185, 1038351582, 8119, 1021946709, 7879, 1021710252, 178, 1037901271, 194, 1038320043, 7863, 1021947372, 7871, 1021951143, 186, 1038023703, 195, 1038303611, 187, 1038297859, 180, 1021967551, 181, 1021186193, 189, 1021367303, 198, 1021324797, 191, 1021950841, 190, 1021101051, 199, 1021710130, 196, 1021375812, 197, 1021742361, 188, 1021773016, 179, 1038299507, 183, 1021946877, 182, 1021102473]
[INFO] (lattice_cell.c: 455): on tick 34 of 50
[INFO] (lattice_cell.c: 172): the unmatched_packets is 56
[8128, 1038330526, 8112, 1038757475, 7872, 1038330284, 7856, 1038757425, 7864, 1038623108, 8129, 1038342888, 8113, 1038348987, 7873, 1038341567, 7857, 1038347713, 7865, 1038346475, 8130, 1038320693, 8114, 1037905440, 7874, 1038321037, 7858, 1037905451, 7866, 1038033304, 192, 1038330567, 176, 1038757522, 8131, 1038300239, 8115, 1038295040, 7875, 1038301395, 7859, 1038296335, 7867, 1038293427, 184, 1038623344, 8132, 1021376862, 8116, 1022001027, 7876, 1021375448, 7860, 1021999742, 7868, 1021781348, 8133, 1021762553, 8117, 1021150092, 7861, 1021148763, 7877, 1021761303, 7869, 1021365829, 193, 1038343388, 177, 1038349424, 8134, 1021322110, 8118, 1021099924, 7862, 1021101223, 7878, 1021323876, 185, 1038348151, 178, 1037905435, 194, 1038320529, 8135, 1021724878, 8119, 1021949798, 7871, 1021934509, 186, 1038032986, 7870, 1021128307, 7863, 1021951013, 7879, 1021725784, 195, 1038299902, 179, 1038294560, 187, 1038291862, 180, 1022001361, 196, 1021377225, 181, 1021150592, 189, 1021367360, 182, 1021099394, 190, 1021126376, 199, 1021724685, 191, 1021933273, 183, 1021949551, 198, 1021321364, 197, 1021763089, 188, 1021783222]
[INFO] (lattice_cell.c: 455): on tick 35 of 50
[INFO] (lattice_cell.c: 172): the unmatched_packets is 56
[8128, 1038329617, 8112, 1038767447, 7872, 1038329353, 7856, 1038767380, 7864, 1038633047, 8129, 1038346065, 8113, 1038352074, 7873, 1038344688, 7857, 1038350810, 7865, 1038347415, 8130, 1038319690, 8114, 1037887031, 7874, 1038320022, 7858, 1037887030, 7866, 1038018911, 192, 1038329681, 176, 1038767519, 184, 1038633346, 8131, 1038301269, 8115, 1038301682, 7875, 1038302489, 7859, 1038302984, 7867, 1038299283, 193, 1038346590, 177, 1038352490, 8132, 1021368187, 8116, 1021954696, 7876, 1021367489, 7860, 1021954047, 7868, 1021752334, 185, 1038349102, 8133, 1021761843, 8117, 1021200254, 7861, 1021198360, 7877, 1021760216, 7869, 1021393595, 8134, 1021317006, 8118, 1021061048, 7878, 1021319289, 7862, 1021062986, 7870, 1021129366, 194, 1038319543, 178, 1037887042, 8135, 1021730000, 8119, 1021982226, 7879, 1021730212, 7863, 1021982805, 186, 1038018611, 7871, 1021925738, 195, 1038300916, 187, 1038297706, 196, 1021367854, 180, 1021954476, 188, 1021752888, 181, 1021201435, 197, 1021762876, 189, 1021396215, 198, 1021315690, 190, 1021126196, 199, 1021730444, 179, 1038301229, 182, 1021059835, 183, 1021982491, 191, 1021925732]
[INFO] (lattice_cell.c: 455): on tick 36 of 50
[INFO] (lattice_cell.c: 172): the unmatched_packets is 56
[8128, 1038330306, 8112, 1038724001, 7872, 1038330073, 7856, 1038723944, 7864, 1038625116, 8129, 1038345190, 8113, 1038347074, 7873, 1038343828, 7857, 1038345783, 7865, 1038346899, 192, 1038330340, 176, 1038724056, 184, 1038625372, 8130, 1038320788, 8114, 1037937557, 7874, 1038321129, 7858, 1037937570, 7866, 1038031635, 193, 1038345739, 177, 1038347525, 185, 1038348645, 8131, 1038302105, 8115, 1038295431, 7875, 1038303244, 7859, 1038296709, 7867, 1038295882, 194, 1038320624, 178, 1037937565, 186, 1038031325, 8132, 1021397067, 8116, 1022075289, 7876, 1021395612, 7860, 1022073953, 7868, 1021801706, 8133, 1021733298, 8117, 1021085096, 7877, 1021732249, 7861, 1021083868, 7869, 1021344261, 8134, 1021341724, 8118, 1021092642, 7878, 1021343490, 7862, 1021093959, 7870, 1021130435, 8135, 1021697864, 8119, 1021956804, 7879, 1021698857, 7863, 1021958106, 179, 1038294976, 7871, 1021921579, 196, 1021397438, 180, 1022075667, 188, 1021803640, 181, 1021085481, 189, 1021345453, 198, 1021341006, 182, 1021092154, 190, 1021128519, 199, 1021697566, 183, 1021956425, 191, 1021920100, 197, 1021733667, 195, 1038301799, 187, 1038294391]
[INFO] (lattice_cell.c: 455): on tick 37 of 50
[INFO] (lattice_cell.c: 172): the unmatched_packets is 56
[8128, 1038330071, 8112, 1038777385, 7872, 1038329776, 7856, 1038777324, 7864, 1038649333, 8129, 1038345597, 8113, 1038355527, 7873, 1038344249, 7857, 1038354258, 7865, 1038349618, 8130, 1038319387, 8114, 1037876810, 7874, 1038319723, 7858, 1037876806, 7866, 1038003101, 192, 1038330148, 176, 1038777450, 184, 1038649656, 8131, 1038301289, 8115, 1038299009, 7875, 1038302514, 7859, 1038300309, 7867, 1038297239, 8132, 1021348070, 8116, 1021853779, 7876, 1021347394, 7860, 1021853183, 7868, 1021696782, 193, 1038346093, 8133, 1021783477, 8117, 1021285906, 177, 1038355942, 7877, 1021781702, 7861, 1021283989, 7869, 1021441217, 185, 1038351262, 8134, 1021296842, 8118, 1021080704, 7862, 1021082629, 7878, 1021299141, 7870, 1021092100, 8135, 1021749913, 8119, 1021971657, 7863, 1021972135, 7879, 1021750072, 194, 1038319235, 7871, 1021970638, 178, 1037876819, 186, 1038002793, 195, 1038300919, 179, 1038298534, 196, 1021347741, 180, 1021853474, 188, 1021697307, 181, 1021287082, 197, 1021784646, 189, 1021443987, 182, 1021079504, 191, 1021970790, 183, 1021972054, 199, 1021750418, 190, 1021088906, 198, 1021295481, 187, 1038295660]
[INFO] (lattice_cell.c: 455): on tick 38 of 50
[INFO] (lattice_cell.c: 172): the unmatched_packets is 56
[8128, 1038330773, 8112, 1038732996, 7872, 1038330540, 7856, 1038732940, 7864, 1038605824, 8129, 1038343149, 8113, 1038344966, 7873, 1038341758, 7857, 1038343720, 7865, 1038343292, 8130, 1038320448, 8114, 1037929337, 7874, 1038320820, 7858, 1037929336, 7866, 1038050430, 192, 1038330806, 176, 1038733063, 184, 1038606082, 8131, 1038299544, 8115, 1038297127, 7875, 1038300676, 7859, 1038298412, 7867, 1038296083, 8132, 1021453427, 8116, 1022123477, 193, 1038343718, 7876, 1021451952, 7860, 1022122058, 177, 1038345377, 7868, 1021899135, 185, 1038345032, 8133, 1021684954, 8117, 1021045229, 7877, 1021684013, 7861, 1021043959, 7869, 1021261553, 8134, 1021398418, 8118, 1021111431, 7878, 1021400156, 7862, 1021112704, 7870, 1021153750, 194, 1038320263, 178, 1037929345, 8135, 1021651241, 8119, 1021930811, 7879, 1021652238, 7863, 1021932138, 7871, 1021898923, 195, 1038299260, 179, 1038296679, 187, 1038294608, 196, 1021453825, 180, 1022123978, 188, 1021901183, 197, 1021685279, 181, 1021045695, 189, 1021262730, 186, 1038050066, 182, 1021110956, 199, 1021650913, 183, 1021930386, 198, 1021397708, 190, 1021151880, 191, 1021897402]
[INFO] (lattice_cell.c: 455): on tick 39 of 50
[INFO] (lattice_cell.c: 172): the unmatched_packets is 56
[8128, 1038330090, 8112, 1038762307, 7872, 1038329794, 7856, 1038762221, 7864, 1038640162, 8129, 1038349247, 8113, 1038354529, 7873, 1038347902, 7857, 1038353233, 7865, 1038351764, 8130, 1038319370, 8114, 1037891626, 7874, 1038319709, 7858, 1037891630, 7866, 1038011775, 8131, 1038305465, 8115, 1038299133, 192, 1038330177, 176, 1038762375, 7875, 1038306662, 7859, 1038300418, 184, 1038640502, 7867, 1038299839, 8132, 1021251274, 8116, 1021880237, 7876, 1021250601, 7860, 1021879763, 7868, 1021620374, 8133, 1021865691, 8117, 1021264191, 7877, 1021863947, 7861, 1021262344, 7869, 1021508503, 8134, 1021197784, 8118, 1021063866, 193, 1038349750, 177, 1038354989, 7878, 1021200205, 7862, 1021065821, 7870, 1021062838, 8119, 1021988079, 185, 1038353447, 7863, 1021988602, 7879, 1021832471, 8135, 1021832310, 178, 1037891634, 186, 1038011478, 7871, 1021988808, 195, 1038305114, 179, 1038298665, 180, 1021879788, 188, 1021620713, 198, 1021196351, 190, 1021059620, 182, 1021062667, 183, 1021988507, 199, 1021832811, 191, 1021988984, 187, 1038298263, 181, 1021265275, 194, 1038319231, 196, 1021250896, 197, 1021866846, 189, 1021511077]
[INFO] (lattice_cell.c: 455): on tick 40 of 50
[INFO] (lattice_cell.c: 172): the unmatched_packets is 56
[8128, 1038331137, 8112, 1038774026, 7872, 1038330883, 7856, 1038773989, 7864, 1038641681, 8129, 1038340921, 8113, 1038347498, 7873, 1038339533, 7857, 1038346260, 7865, 1038344222, 8130, 1038319934, 8114, 1037889488, 7874, 1038320337, 7858, 1037889488, 7866, 1038015671, 192, 1038331175, 176, 1038774064, 184, 1038641928, 8115, 1038293957, 8131, 1038296798, 7875, 1038297972, 7859, 1038295231, 7867, 1038291546, 8116, 1022031688, 8132, 1021530099, 7876, 1021528594, 7860, 1022030164, 7868, 1021899374, 193, 1038341448, 8117, 1021127329, 8133, 1021617447, 177, 1038347871, 7877, 1021616438, 7861, 1021126070, 7869, 1021257242, 8134, 1021476534, 8118, 1021115387, 7878, 1021478146, 7862, 1021116650, 7870, 1021226456, 8119, 1021938281, 8135, 1021584369, 194, 1038319734, 178, 1037889489, 7863, 1021939581, 186, 1038015287, 7879, 1021585266, 7871, 1021843108, 195, 1038296478, 179, 1038293519, 187, 1038290052, 196, 1021530573, 188, 1021901633, 197, 1021617821, 181, 1021127823, 190, 1021224706, 183, 1021937877, 191, 1021841663, 182, 1021114927, 185, 1038345854, 199, 1021584109, 180, 1022032296, 189, 1021258570, 198, 1021475948]
[INFO] (lattice_cell.c: 455): on tick 41 of 50
[INFO] (lattice_cell.c: 172): the unmatched_packets is 56
[8128, 1038330265, 8112, 1038705923, 7872, 1038329975, 7856, 1038705830, 7864, 1038598432, 8129, 1038348276, 8113, 1038353430, 7873, 1038346890, 7857, 1038352167, 7865, 1038349535, 8130, 1038319216, 8114, 1037946371, 7874, 1038319580, 7858, 1037946356, 7866, 1038052814, 192, 1038330352, 176, 1038706016, 184, 1038598798, 8131, 1038305020, 8115, 1038304092, 7875, 1038306143, 7859, 1038305391, 7867, 1038302830, 8132, 1021251550, 8116, 1022010820, 7876, 1021250915, 7860, 1022010351, 7868, 1021706238, 8133, 1021869157, 8117, 1021139529, 7877, 1021867526, 7861, 1021137602, 7869, 1021432872, 193, 1038348842, 8118, 1021006292, 8134, 1021195876, 177, 1038353867, 7862, 1021008276, 7878, 1021198477, 7870, 1020991147, 8135, 1021835881, 194, 1038319065, 7879, 1021836173, 7863, 1022029233, 7871, 1022049808, 178, 1037946390, 8119, 1022028662, 195, 1038304745, 179, 1038303616, 187, 1038301334, 196, 1021251090, 180, 1022010404, 197, 1021870164, 181, 1021140633, 189, 1021435316, 198, 1021194310, 190, 1020987723, 199, 1021836250, 191, 1022049838, 185, 1038351290, 182, 1021005062, 183, 1022029028, 186, 1038052496, 188, 1021706466]
[INFO] (lattice_cell.c: 455): on tick 42 of 50
[INFO] (lattice_cell.c: 172): the unmatched_packets is 56
[8128, 1038331142, 8112, 1038791053, 7872, 1038330900, 7856, 1038791017, 7864, 1038671442, 8129, 1038343245, 8113, 1038347207, 7873, 1038341899, 7857, 1038345939, 7865, 1038345594, 8130, 1038320220, 8114, 1037872175, 7874, 1038320623, 7858, 1037872200, 7866, 1037986151, 192, 1038331182, 8131, 1038298621, 8115, 1038291062, 7875, 1038299865, 7859, 1038292360, 7867, 1038291754, 8132, 1021444529, 8116, 1021951834, 7876, 1021442973, 7860, 1021950438, 7868, 1021757336, 8133, 1021693190, 8117, 1021205728, 7861, 1021204530, 7877, 1021692106, 7869, 1021393484, 8134, 1021391377, 8118, 1021224465, 176, 1038791102, 184, 1038671680, 7878, 1021392912, 7862, 1021225656, 7870, 1021239489, 8135, 1021661846, 8119, 1021838169, 193, 1038343746, 177, 1038347611, 185, 1038347228, 7863, 1021839338, 7879, 1021662545, 7871, 1021827080, 194, 1038320021, 178, 1037872153, 195, 1038298243, 179, 1038290622, 196, 1021445035, 180, 1021952337, 188, 1021759577, 197, 1021693714, 189, 1021394738, 186, 1037985747, 199, 1021661746, 198, 1021390856, 191, 1021825971, 183, 1021837846, 181, 1021206218, 182, 1021224058, 190, 1021238000, 187, 1038290188]
[INFO] (lattice_cell.c: 455): on tick 43 of 50
[INFO] (lattice_cell.c: 172): the unmatched_packets is 56
[8128, 1038330880, 8112, 1038735586, 7872, 1038330539, 7856, 1038735513, 7864, 1038609348, 8129, 1038346937, 8113, 1038353631, 7873, 1038345552, 7857, 1038352389, 7865, 1038349141, 8130, 1038318348, 8114, 1037918439, 7874, 1038318745, 7858, 1037918396, 192, 1038330986, 7866, 1038042522, 176, 1038735678, 184, 1038609732, 8131, 1038304137, 8115, 1038302921, 7875, 1038305225, 7859, 1038304148, 7867, 1038300884, 193, 1038347506, 177, 1038354048, 8132, 1021394011, 8116, 1021973258, 185, 1038350821, 7876, 1021393346, 7860, 1021972638, 7868, 1021826093, 8133, 1021732625, 8117, 1021177416, 7877, 1021731037, 7861, 1021175597, 7869, 1021314421, 8134, 1021338546, 8118, 1020947453, 7878, 1021341121, 7862, 1020949546, 7870, 1021036775, 194, 1038318192, 8119, 1022090821, 186, 1038042215, 7863, 1022091513, 8135, 1021697270, 7871, 1022013769, 195, 1038303863, 179, 1038302499, 187, 1038299514, 7879, 1021697708, 196, 1021393553, 180, 1021972913, 188, 1021826570, 181, 1021178435, 198, 1021336993, 190, 1021033206, 191, 1022013400, 189, 1021316838, 178, 1037918477, 199, 1021697527, 183, 1022091044, 197, 1021733555, 182, 1020946182]
[INFO] (lattice_cell.c: 455): on tick 44 of 50
[INFO] (lattice_cell.c: 172): the unmatched_packets is 56
[8128, 1038331546, 8112, 1038761889, 7872, 1038331296, 7856, 1038761843, 7864, 1038614885, 8129, 1038343550, 8113, 1038347751, 7873, 1038342144, 7857, 1038346504, 7865, 1038345930, 8130, 1038319941, 8114, 1037900733, 7874, 1038320386, 7858, 1037900753, 7866, 1038041347, 8131, 1038298553, 8115, 1038293605, 176, 1038761932, 192, 1038331559, 184, 1038615137, 7875, 1038299759, 7859, 1038294969, 7867, 1038293168, 8132, 1021325799, 8116, 1022026059, 7876, 1021324309, 7860, 1022024733, 7868, 1021749462, 8133, 1021810305, 8117, 1021130896, 7877, 1021809231, 7861, 1021129534, 7869, 1021400685, 8134, 1021271664, 8118, 1021179821, 7878, 1021273346, 7862, 1021180902, 7870, 1021141857, 8135, 1021781604, 8119, 1021874712, 7879, 1021782202, 7863, 1021875709, 7871, 1021919543, 193, 1038344102, 177, 1038348124, 194, 1038319714, 178, 1037900723, 186, 1038040897, 195, 1038298217, 196, 1021326210, 180, 1022026516, 188, 1021751428, 189, 1021402071, 190, 1021140279, 179, 1038293093, 183, 1021874578, 187, 1038291528, 181, 1021131491, 197, 1021810815, 198, 1021271013, 182, 1021179455, 199, 1021781557, 191, 1021918752, 185, 1038347629]
[INFO] (lattice_cell.c: 455): on tick 45 of 50
[INFO] (lattice_cell.c: 172): the unmatched_packets is 56
[8128, 1038330523, 7872, 1038330196, 8112, 1038749546, 7856, 1038749447, 7864, 1038655703, 8129, 1038346708, 8113, 1038352363, 7873, 1038345352, 7857, 1038351113, 7865, 1038348814, 8130, 1038318847, 8114, 1037904152, 7874, 1038319212, 7858, 1037904136, 7866, 1037996806, 8131, 1038304262, 8115, 1038301720, 192, 1038330625, 7875, 1038305371, 7859, 1038302911, 7867, 1038300405, 176, 1038749648, 8132, 1021401931, 8116, 1021984104, 7876, 1021401103, 7860, 1021983469, 7868, 1021742090, 8133, 1021725515, 8117, 1021170307, 7861, 1021168581, 7877, 1021723978, 7869, 1021398930, 8134, 1021344212, 8118, 1021059445, 7878, 1021346728, 7862, 1021061497, 7870, 1021165262, 8135, 1021690866, 8119, 1021983580, 193, 1038347251, 7879, 1021691310, 7863, 1021984485, 7871, 1021883931, 177, 1038352806, 194, 1038318709, 178, 1037904183, 195, 1038303973, 179, 1038301344, 196, 1021401646, 180, 1021983807, 197, 1021726404, 181, 1021171196, 189, 1021400981, 198, 1021342766, 187, 1038299046, 190, 1021161960, 186, 1037996489, 185, 1038350476, 191, 1021883434, 182, 1021058187, 199, 1021691090, 183, 1021983636, 188, 1021742709, 184, 1038656118]
[INFO] (lattice_cell.c: 455): on tick 46 of 50
[INFO] (lattice_cell.c: 172): the unmatched_packets is 56
[8128, 1038331917, 8112, 1038744445, 7872, 1038331629, 7856, 1038744423, 7864, 1038631810, 8129, 1038343760, 8113, 1038348829, 7873, 1038342363, 7857, 1038347566, 7865, 1038346614, 8130, 1038319233, 8114, 1037917821, 7874, 1038319716, 7858, 1037917843, 7866, 1038025589, 8131, 1038298477, 8115, 1038293458, 7875, 1038299697, 7859, 1038294817, 7867, 1038292867, 8132, 1021409641, 8116, 1021958117, 7876, 1021408344, 7860, 1021956887, 7868, 1021801764, 192, 1038331940, 176, 1038744480, 8133, 1021726037, 8117, 1021195720, 7877, 1021724832, 7861, 1021194338, 7869, 1021346046, 184, 1038632059, 8134, 1021358086, 8118, 1021053733, 7862, 1021054957, 7878, 1021359758, 7870, 1021075095, 8135, 1021696260, 8119, 1022000464, 193, 1038344291, 177, 1038349216, 7879, 1021696765, 7863, 1022001317, 7871, 1021989220, 194, 1038318998, 178, 1037917810, 195, 1038298117, 179, 1038292971, 196, 1021409955, 180, 1021958478, 197, 1021726685, 189, 1021347667, 198, 1021357345, 182, 1021053273, 185, 1038348263, 199, 1021696348, 183, 1022000438, 187, 1038291313, 190, 1021073263, 186, 1038025112, 181, 1021196410, 191, 1021988525, 188, 1021803689]
[INFO] (lattice_cell.c: 455): on tick 47 of 50
[INFO] (lattice_cell.c: 172): the unmatched_packets is 56
[8128, 1038331231, 8112, 1038759543, 7872, 1038330882, 7856, 1038759451, 7864, 1038609864, 8129, 1038346043, 8113, 1038353925, 7873, 1038344661, 7857, 1038352712, 7865, 1038348417, 8130, 1038318448, 8114, 1037894478, 7874, 1038318855, 7858, 1037894441, 7866, 1038041465, 8131, 1038303797, 8115, 1038302094, 192, 1038331333, 176, 1038759657, 184, 1038610268, 7875, 1038304860, 7859, 1038303305, 7867, 1038300916, 8132, 1021350794, 8116, 1021994681, 7876, 1021349872, 7860, 1021993892, 193, 1038346634, 177, 1038354331, 7868, 1021780835, 8133, 1021778762, 8117, 1021152704, 185, 1038350091, 7877, 1021777407, 7861, 1021151062, 7869, 1021363261, 8134, 1021291532, 8118, 1021133637, 7862, 1021135506, 7878, 1021294049, 7870, 1021107724, 194, 1038318291, 178, 1037894527, 8135, 1021744610, 8119, 1021906524, 7863, 1021907509, 7879, 1021745228, 7871, 1021940266, 186, 1038041144, 195, 1038303556, 179, 1038301675, 196, 1021350569, 197, 1021779456, 181, 1021153512, 180, 1021994525, 182, 1021132585, 199, 1021744684, 187, 1038299540, 183, 1021906541, 188, 1021781704, 189, 1021365168, 198, 1021290129, 190, 1021104541, 191, 1021939585]
[INFO] (lattice_cell.c: 455): on tick 48 of 50
[INFO] (lattice_cell.c: 172): the unmatched_packets is 56
[8128, 1038331921, 8112, 1038759403, 7872, 1038331659, 7856, 1038759347, 7864, 1038638827, 8129, 1038344338, 8113, 1038348827, 7873, 1038342931, 7857, 1038347559, 7865, 1038344878, 8130, 1038319410, 8114, 1037903562, 7874, 1038319883, 7858, 1037903605, 7866, 1038017998, 8131, 1038298953, 8115, 1038293159, 7875, 1038300192, 7859, 1038294505, 7867, 1038293327, 8132, 1021371617, 8116, 1022005121, 7876, 1021370367, 7860, 1022004069, 192, 1038331948, 7868, 1021752666, 176, 1038759449, 8133, 1021761526, 8117, 1021148144, 7861, 1021146622, 7877, 1021760235, 7869, 1021400646, 8134, 1021318610, 8118, 1021087572, 7862, 1021088843, 7878, 1021320439, 7870, 1021164681, 184, 1038639109, 8135, 1021733781, 8119, 1021969506, 7863, 1021970312, 193, 1038344871, 177, 1038349206, 194, 1038319170, 7879, 1021734093, 7871, 1021896617, 178, 1037903534, 195, 1038298598, 179, 1038292687, 196, 1021371812, 180, 1022005323, 188, 1021754230, 197, 1021762278, 198, 1021317764, 186, 1038017507, 185, 1038346539, 189, 1021402374, 190, 1021162773, 199, 1021734028, 183, 1021969560, 182, 1021086965, 187, 1038291731, 191, 1021896304, 181, 1021148951]
[INFO] (lattice_cell.c: 455): on tick 49 of 50
[INFO] (lattice_cell.c: 172): the unmatched_packets is 56
[8128, 1038331041, 8112, 1038741005, 7872, 1038330686, 7856, 1038740917, 7864, 1038641503, 8129, 1038347686, 8113, 1038351731, 7873, 1038346325, 7857, 1038350510, 7865, 1038348019, 8130, 1038318231, 8114, 1037912533, 7874, 1038318641, 7858, 1037912489, 7866, 1038011113, 8131, 1038305478, 8115, 1038301377, 7875, 1038306552, 7859, 1038302566, 192, 1038331138, 7867, 1038299970, 176, 1038741101, 184, 1038641924, 8132, 1021399683, 8116, 1021975012, 7876, 1021398585, 7860, 1021974044, 7868, 1021772287, 193, 1038348246, 177, 1038352138, 8133, 1021724121, 8117, 1021183376, 7877, 1021722838, 7861, 1021181864, 7869, 1021372789, 8134, 1021340486, 8118, 1021047613, 7878, 1021342839, 7862, 1021049463, 7870, 1021109241, 185, 1038349658, 8135, 1021689582, 8119, 1021994884, 7879, 1021690296, 7863, 1021995952, 7871, 1021941779, 194, 1038318057, 178, 1037912568, 195, 1038305220, 187, 1038298664, 179, 1038301006, 196, 1021399594, 180, 1021975003, 188, 1021773505, 197, 1021724753, 189, 1021374393, 182, 1021046614, 183, 1021994738, 181, 1021184087, 198, 1021339240, 199, 1021689548, 191, 1021940772, 190, 1021106295, 186, 1038010763]
[INFO] (lattice_cell.c: 455): on tick 50 of 50
[INFO] (lattice_cell.c: 466): updating recording regions
[INFO] (recording.c: 507): 	Finalising channel 0 - state info stored in SDRAM
[INFO] (recording.c: 512): closed channel 0.
[INFO] (lattice_cell.c: 470): Simulation complete.

