[INFO] (lattice_cell.c: 604): starting lattice cell
[INFO] (lattice_cell.c: 526): Initialise: started
[INFO] (data_specification.c: 78): magic = ad130ad6, version = 1.0
[INFO] (lattice_cell.c: 555): my key is 1832
[INFO] (lattice_cell.c: 562): I'm in position ( 7, 5)
[INFO] (lattice_cell.c: 568): my n key is 1576
[INFO] (lattice_cell.c: 574): my U_X = -0.009928127750754356
[INFO] (lattice_cell.c: 575): my U_Y = 9.754516213433817e-05
[INFO] (lattice_cell.c: 583): input_buffer initialised
[INFO] (recording.c: 563): Recording 1 regions, using output tag 0, size before trigger 7686388, time between triggers 50
[INFO] (recording.c: 665): Recording channel 0 configured to use 7686132 byte memory block starting at 0x6443c6a4
[INFO] (lattice_cell.c: 588): Recording flags = 0x00000001
[INFO] (lattice_cell.c: 619): setting timer to execute every 200000 microseconds
[INFO] (lattice_cell.c: 627): Starting

[INFO] (simulation.c: 159): Setting the runtime of this model to 50 starting at 0
[INFO] (simulation.c: 161): Setting the flag of infinite run for this model to 0
[INFO] (simulation.c: 175): Resuming
[INFO] (lattice_cell.c: 455): on tick 0 of 50
[1824, 1037885280, 1568, 1037885278, 2080, 1037885276, 1584, 1037904562, 1576, 1037887891, 1840, 1037904566, 2088, 1037887891, 1825, 1038323160, 1569, 1038327360, 1826, 1038779076, 2096, 1037904560, 1585, 1038327752, 1577, 1038327414, 1586, 1038758226, 1843, 1038314828, 1828, 1021112168, 1844, 1021131464, 1589, 1021990065, 1829, 1022006486, 1590, 1021971965, 1830, 1021997236, 1831, 1021103962, 2093, 1021999029, 2082, 1038779072, 2099, 1038319186, 2101, 1021981010, 2086, 1022001856, 1841, 1038323556, 1842, 1038758232, 2084, 1021108060, 2100, 1021127344, 1827, 1038314432, 2081, 1038318792, 1570, 1038779074, 1578, 1038776245, 1587, 1038310630, 1571, 1038310238, 1588, 1021135419, 1579, 1038310292, 1845, 1021985630, 1572, 1021116116, 1580, 1021118731, 1573, 1022010936, 2102, 1021981010, 1846, 1021976402, 1581, 1022008105, 1591, 1021119279, 2085, 1022001856, 1847, 1021123236, 2094, 1021999029, 1574, 1021992792, 2087, 1021108060, 1582, 1021989965, 2098, 1038758226, 1575, 1021100020, 1583, 1021102629, 2083, 1038318792, 2092, 1021110675, 2097, 1038319186, 2095, 1021110675, 2103, 1021127344, 2091, 1038318848, 2089, 1038318848, 2090, 1038776245]
[INFO] (lattice_cell.c: 455): on tick 1 of 50
[INFO] (lattice_cell.c: 172): the unmatched_packets is 56
[1824, 1037881089, 1568, 1037881085, 1840, 1037926517, 1584, 1037926497, 1576, 1037887773, 2080, 1037881081, 2088, 1037887777, 2096, 1037926533, 1825, 1038331364, 1569, 1038335520, 1841, 1038331610, 1585, 1038335768, 2081, 1038327054, 2089, 1038327096, 2097, 1038327300, 1826, 1038773348, 1570, 1038773348, 1842, 1038726221, 1586, 1038726241, 1578, 1038766397, 2082, 1038773342, 2090, 1038766389, 2098, 1038726195, 1827, 1038323025, 1843, 1038321291, 1844, 1021166189, 2091, 1038327048, 1574, 1021986229, 1847, 1021054239, 1575, 1021096585, 2102, 1022046168, 1577, 1038335562, 2083, 1038327337, 1828, 1021104476, 2087, 1021105518, 1571, 1038318875, 2095, 1021098189, 2092, 1021108907, 1579, 1038318586, 1587, 1038317143, 1572, 1021108930, 1829, 1022004445, 1588, 1021170645, 1580, 1021117840, 1589, 1021943751, 1581, 1021999084, 1573, 1022008420, 2084, 1021099999, 1845, 1021939771, 1590, 1022037832, 1830, 1021990206, 2101, 1021935448, 2094, 1022002733, 1582, 1021994444, 1591, 1021049798, 1831, 1021101056, 2085, 1022000128, 1846, 1022041824, 2099, 1038325603, 1583, 1021089267, 2086, 1021994510, 2103, 1021058688, 2093, 1021990789, 2100, 1021161715]
[INFO] (lattice_cell.c: 455): on tick 2 of 50
[INFO] (lattice_cell.c: 172): the unmatched_packets is 56
[1824, 1037882698, 1568, 1037882696, 1840, 1037860078, 2088, 1037871683, 1825, 1038323668, 2096, 1037860054, 1841, 1038324589, 1569, 1038327918, 1585, 1038328841, 1842, 1038804021, 1570, 1038782611, 2089, 1038319332, 1587, 1038311814, 2082, 1038782617, 1579, 1038311775, 1830, 1021989945, 1580, 1021108599, 1846, 1021838074, 1831, 1021111722, 1581, 1022019076, 1847, 1021254000, 2087, 1021115724, 2085, 1022004298, 1583, 1021142644, 1826, 1038782613, 1827, 1038315080, 1843, 1038316063, 2084, 1021106143, 1828, 1021110149, 1844, 1021124279, 1584, 1037860086, 1576, 1037871701, 1577, 1038328004, 2080, 1037882696, 1829, 1022008800, 2081, 1038319252, 1586, 1038804001, 1578, 1038793714, 1845, 1021995687, 1571, 1038310830, 1588, 1021128155, 1572, 1021114020, 2097, 1038320169, 1589, 1022000029, 2101, 1021991179, 2086, 1021994454, 2102, 1021842494, 2103, 1021258074, 1573, 1022013150, 2092, 1021100713, 1590, 1021833820, 2083, 1038319504, 2091, 1038320439, 1591, 1021250058, 2093, 1022010218, 1574, 1021985599, 1582, 1021946131, 1575, 1021107851, 2094, 1021954935, 2099, 1038320481, 2100, 1021120263, 2095, 1021150541, 2090, 1038793724, 2098, 1038804035]
[INFO] (lattice_cell.c: 455): on tick 3 of 50
[INFO] (lattice_cell.c: 172): the unmatched_packets is 56
[1824, 1037893676, 1568, 1037893676, 1840, 1037935656, 1584, 1037935602, 2080, 1037893676, 2088, 1037925464, 2096, 1037935712, 1825, 1038331440, 1569, 1038335554, 1841, 1038333051, 1585, 1038337163, 1577, 1038336348, 2081, 1038327178, 1826, 1038760322, 2089, 1038327969, 2097, 1038328795, 1570, 1038760324, 1578, 1038727141, 1843, 1038321981, 1579, 1038317014, 1588, 1021147935, 2083, 1038326279, 2091, 1038325373, 1830, 1022024713, 1846, 1022157722, 1847, 1020931331, 2093, 1021967278, 1842, 1038716746, 1827, 1038322010, 2095, 1020988308, 1828, 1021114939, 2092, 1021133267, 2100, 1021138937, 2082, 1038760316, 1844, 1021143444, 1576, 1037925430, 1829, 1021994343, 1845, 1021967435, 1586, 1038716812, 1587, 1038317887, 1571, 1038317906, 1831, 1021071077, 1572, 1021119470, 1580, 1021142335, 1589, 1021971576, 2087, 1021075622, 1573, 1021998451, 1581, 1021975845, 2101, 1021962956, 1590, 1022153453, 2094, 1022118512, 2090, 1038727095, 1591, 1020926918, 2102, 1022162314, 2098, 1038716674, 2084, 1021110387, 1574, 1022020602, 1582, 1022109873, 1575, 1021066559, 1583, 1020979320, 2085, 1021989908, 2086, 1022029152, 2103, 1020935733, 2099, 1038326240]
[INFO] (lattice_cell.c: 455): on tick 4 of 50
[INFO] (lattice_cell.c: 172): the unmatched_packets is 56
[1568, 1037850585, 1824, 1037850585, 1840, 1037906442, 1584, 1037906458, 2080, 1037850563, 1825, 1038323546, 1842, 1038755384, 1578, 1038817158, 1571, 1038311966, 2082, 1038815697, 1829, 1022030937, 1845, 1021963027, 1830, 1021894314, 1573, 1022035155, 2083, 1038320741, 1581, 1022014170, 1847, 1021203207, 1575, 1021198054, 2098, 1038755412, 1576, 1037848193, 1841, 1038325998, 1826, 1038815685, 2085, 1022026548, 1827, 1038316273, 2091, 1038318644, 2088, 1037848123, 2096, 1037906416, 1569, 1038327840, 1585, 1038330295, 1843, 1038313840, 1577, 1038328336, 2081, 1038319080, 1586, 1038755358, 1570, 1038815677, 1587, 1038309530, 1828, 1021088326, 1844, 1021157216, 2089, 1038319570, 2097, 1038321534, 1579, 1038309863, 1588, 1021161023, 1589, 1021967260, 1572, 1021092140, 2090, 1038817240, 1580, 1021112854, 1590, 1021887851, 1831, 1021201881, 1846, 1021891826, 1591, 1021199232, 2094, 1021822187, 1574, 1021890137, 1582, 1021813858, 2087, 1021205828, 2103, 1021207322, 2093, 1022005591, 2101, 1021958623, 1583, 1021278638, 2095, 1021286576, 2099, 1038318308, 2084, 1021084378, 2092, 1021105059, 2100, 1021153266, 2086, 1021898681, 2102, 1021896014]
[INFO] (lattice_cell.c: 455): on tick 5 of 50
[INFO] (lattice_cell.c: 172): the unmatched_packets is 56
[1824, 1037924324, 1568, 1037924302, 1840, 1037897231, 1584, 1037897189, 1576, 1037893600, 2080, 1037924348, 2088, 1037893680, 2096, 1037897279, 1825, 1038332046, 1569, 1038336126, 1841, 1038333013, 2089, 1038328245, 1826, 1038728684, 2097, 1038328795, 1570, 1038728716, 1842, 1038755682, 1586, 1038755744, 2082, 1038728656, 1827, 1038323182, 2081, 1038327827, 1843, 1038321404, 1571, 1038319118, 1828, 1021122466, 1579, 1038317358, 1572, 1021127015, 2090, 1038760416, 1589, 1021967600, 1573, 1021992590, 1846, 1021979702, 1582, 1022111909, 2086, 1022162652, 2100, 1021143350, 1585, 1038337077, 2101, 1021958709, 2087, 1020937826, 2099, 1038325614, 2084, 1021117881, 2085, 1021983761, 1577, 1038336539, 2103, 1021111139, 2092, 1021100746, 2083, 1038327399, 1578, 1038760500, 1844, 1021147917, 2098, 1038755622, 1587, 1038317346, 1829, 1021988340, 1588, 1021152422, 1845, 1021963331, 2091, 1038325632, 1580, 1021109889, 1830, 1022158001, 1581, 1022011628, 1590, 1021975269, 1831, 1020933269, 2093, 1022002810, 1591, 1021102223, 1574, 1022153656, 1847, 1021106682, 1583, 1020973857, 1575, 1020928738, 2094, 1022121087, 2102, 1021984431, 2095, 1020982764]
[INFO] (lattice_cell.c: 455): on tick 6 of 50
[INFO] (lattice_cell.c: 172): the unmatched_packets is 56
[1824, 1037865335, 1568, 1037865371, 1840, 1037903206, 2088, 1037897545, 2096, 1037903214, 1825, 1038323924, 2080, 1037865295, 1569, 1038328262, 1841, 1038326733, 1585, 1038331061, 1584, 1037903186, 2081, 1038319422, 2089, 1038320824, 2097, 1038322228, 1826, 1038799544, 1576, 1037897581, 1577, 1038329663, 1570, 1038799502, 1842, 1038760003, 1578, 1038766124, 2082, 1038799582, 2090, 1038766184, 2098, 1038759999, 1827, 1038315750, 1571, 1038311397, 1828, 1021114953, 2083, 1038320260, 1581, 1022003902, 1589, 1021976435, 1847, 1021100456, 2086, 1021847727, 2092, 1021116614, 2100, 1021145291, 1843, 1038312779, 1586, 1038760009, 1579, 1038309392, 1587, 1038308439, 1844, 1021149165, 1572, 1021118783, 1580, 1021124353, 1588, 1021152956, 1829, 1022002780, 1845, 1021972301, 2091, 1038318246, 2103, 1021104427, 1830, 1021843586, 2093, 1021995543, 2087, 1021256263, 1573, 1022006870, 1846, 1021995821, 1831, 1021252259, 1590, 1021991884, 1582, 1021972372, 2085, 1021998516, 1574, 1021839659, 1591, 1021096608, 1583, 1021119809, 2101, 1021968008, 2094, 1021980374, 2102, 1021999957, 1575, 1021248378, 2095, 1021127724, 2099, 1038317285, 2084, 1021111031]
[INFO] (lattice_cell.c: 455): on tick 7 of 50
[INFO] (lattice_cell.c: 172): the unmatched_packets is 56
[1824, 1037873109, 1568, 1037873093, 1840, 1037903965, 1576, 1037884575, 2080, 1037873123, 2088, 1037884581, 2096, 1037904003, 1825, 1038331606, 1569, 1038335658, 1841, 1038333663, 2081, 1038327405, 2089, 1038328291, 2097, 1038329471, 1577, 1038336538, 1826, 1038781690, 1570, 1038781716, 1842, 1038748682, 2082, 1038781663, 1586, 1038748738, 1827, 1038322591, 1828, 1021099708, 1571, 1038318565, 1579, 1038317824, 1845, 1021972311, 1572, 1021104244, 1830, 1022036821, 2091, 1038326050, 1573, 1022016529, 2084, 1021095080, 1847, 1021095450, 1574, 1022032264, 2094, 1021973834, 2099, 1038325042, 2085, 1022007474, 1843, 1038320845, 1844, 1021141196, 1584, 1037903933, 2098, 1038748626, 2090, 1038768455, 1585, 1038337705, 1578, 1038768480, 1829, 1022012158, 1587, 1038316816, 2083, 1038326779, 1588, 1021145682, 1580, 1021124060, 1846, 1021990033, 1589, 1021976715, 1581, 1021997270, 1831, 1021055279, 1590, 1021985544, 1582, 1021964581, 1591, 1021090891, 2095, 1021125107, 2100, 1021136640, 2092, 1021114879, 2102, 1021994774, 1575, 1021050791, 2101, 1021967586, 2086, 1022041649, 2103, 1021100026, 1583, 1021115996, 2087, 1021059789, 2093, 1021988234]
[INFO] (lattice_cell.c: 455): on tick 8 of 50
[INFO] (lattice_cell.c: 172): the unmatched_packets is 56
[1824, 1037890272, 1568, 1037890266, 1840, 1037910892, 2080, 1037890268, 2088, 1037883864, 1825, 1038324813, 1569, 1038329166, 1841, 1038327051, 1826, 1038774590, 1842, 1038751518, 1843, 1038312887, 1570, 1038774587, 1586, 1038751534, 1571, 1038310040, 1588, 1021153672, 2083, 1038318935, 2091, 1038317760, 1572, 1021110186, 1846, 1021983097, 2086, 1022021680, 1584, 1037910854, 1576, 1037883864, 1585, 1038331402, 1827, 1038314414, 1828, 1021106344, 1844, 1021149868, 2092, 1021116995, 2093, 1021995096, 2097, 1038322529, 1829, 1022013311, 1845, 1021971829, 1577, 1038329856, 2096, 1037910924, 1830, 1022017564, 2081, 1038320291, 1587, 1038308526, 1578, 1038780838, 1831, 1021083197, 1579, 1038308870, 2089, 1038320978, 1847, 1021111612, 2082, 1038774600, 1580, 1021124774, 1589, 1021975863, 2098, 1038751498, 1590, 1021979221, 1573, 1022017323, 2087, 1021087134, 1581, 1022003241, 2095, 1021115836, 2090, 1038780855, 1591, 1021107812, 2084, 1021102455, 1574, 1022013687, 1582, 1021984345, 2100, 1021146020, 1575, 1021079368, 1583, 1021108124, 2099, 1038317415, 2103, 1021115524, 2085, 1022009123, 2094, 1021992383, 2102, 1021987214, 2101, 1021967613]
[INFO] (lattice_cell.c: 455): on tick 9 of 50
[INFO] (lattice_cell.c: 172): the unmatched_packets is 56
[1824, 1037886613, 1568, 1037886629, 1840, 1037903322, 2080, 1037886605, 2088, 1037880962, 1825, 1038331908, 2096, 1037903346, 1569, 1038335961, 1841, 1038333793, 2081, 1038327726, 2089, 1038328800, 2097, 1038329615, 1826, 1038766686, 1584, 1037903306, 1842, 1038749306, 1570, 1038766688, 1576, 1037880984, 1827, 1038322866, 1843, 1038320548, 1587, 1038316534, 1829, 1022002842, 1846, 1021971554, 1580, 1021116371, 2093, 1021997649, 2086, 1021989032, 1577, 1038337036, 1585, 1038337834, 2083, 1038327045, 2091, 1038325095, 2099, 1038324732, 1578, 1038772757, 1586, 1038749356, 1571, 1038318836, 1828, 1021109484, 1844, 1021148298, 1579, 1038316904, 2082, 1038766684, 2090, 1038772753, 1588, 1021152734, 1572, 1021114001, 1845, 1021965425, 2098, 1038749270, 1589, 1021969931, 1573, 1022007305, 1581, 1022006870, 1830, 1021984255, 1590, 1021967018, 2085, 1021998073, 1574, 1021979724, 1591, 1021108160, 2092, 1021107241, 1831, 1021104693, 2100, 1021143747, 1582, 1021995076, 2095, 1021095600, 2103, 1021117357, 1847, 1021112720, 1575, 1021100119, 1583, 1021086379, 2094, 1022004363, 2102, 1021976329, 2087, 1021109329, 2101, 1021960604, 2084, 1021104881]
[INFO] (lattice_cell.c: 455): on tick 10 of 50
[INFO] (lattice_cell.c: 172): the unmatched_packets is 56
[1824, 1037884291, 1568, 1037884287, 1840, 1037905504, 1576, 1037891354, 1584, 1037905440, 2080, 1037884299, 2088, 1037891378, 2096, 1037905548, 1825, 1038324949, 1569, 1038329308, 1841, 1038327429, 1585, 1038331784, 1577, 1038330365, 2081, 1038320427, 2089, 1038321483, 2097, 1038322909, 1826, 1038780363, 1570, 1038780367, 1842, 1038757460, 1586, 1038757498, 1578, 1038772717, 2082, 1038780364, 1827, 1038314834, 1843, 1038312347, 2090, 1038772711, 1844, 1021152285, 1829, 1022002259, 1845, 1021969820, 1588, 1021156129, 2091, 1038317548, 1581, 1022009381, 1831, 1021120361, 1847, 1021112850, 2086, 1021982092, 2100, 1021148399, 2098, 1038757412, 1828, 1021115735, 1571, 1038310459, 1579, 1038308652, 1587, 1038307979, 1572, 1021119639, 2083, 1038319371, 1580, 1021119643, 1589, 1021973764, 2099, 1038316872, 1573, 1022006176, 1830, 1021977967, 1590, 1021977387, 1846, 1021981265, 1574, 1021974092, 1591, 1021109073, 1582, 1021998289, 2094, 1022006279, 2093, 1022001376, 2092, 1021111802, 2084, 1021111796, 1575, 1021116558, 1583, 1021094159, 2102, 1021985402, 2087, 1021124215, 2085, 1021998157, 2101, 1021965638, 2095, 1021101852, 2103, 1021116706]
[INFO] (lattice_cell.c: 455): on tick 11 of 50
[INFO] (lattice_cell.c: 172): the unmatched_packets is 56
[1824, 1037876867, 1568, 1037876903, 1840, 1037900925, 1584, 1037900925, 2080, 1037876853, 1576, 1037887225, 2088, 1037887155, 1825, 1038331204, 1569, 1038335258, 1841, 1038334103, 2096, 1037900936, 1585, 1038338151, 1577, 1038336988, 2081, 1038327013, 2089, 1038328741, 1570, 1038777337, 1843, 1038320132, 1586, 1038752050, 1579, 1038316930, 1845, 1021968425, 1589, 1021973038, 2099, 1038324316, 2091, 1038325142, 1831, 1021102397, 1575, 1021097824, 1826, 1038777350, 1842, 1038752012, 1827, 1038322405, 2082, 1038777378, 2100, 1021141758, 1578, 1038765902, 1828, 1021106169, 1844, 1021146233, 2097, 1038329913, 1587, 1038316115, 1571, 1038318367, 2086, 1021991001, 1588, 1021150588, 1829, 1022010091, 2093, 1021993901, 2090, 1038765948, 2098, 1038751982, 1580, 1021120858, 1572, 1021110635, 1830, 1021986232, 1581, 1022003224, 1846, 1021983466, 1573, 1022014630, 1590, 1021978920, 1591, 1021096261, 1847, 1021100829, 1582, 1021981613, 1574, 1021981681, 1583, 1021098543, 2102, 1021988207, 2084, 1021101606, 2092, 1021111824, 2101, 1021963545, 2094, 1021990889, 2085, 1022005311, 2083, 1038326591, 2095, 1021107768, 2087, 1021107025, 2103, 1021105479]
[INFO] (lattice_cell.c: 455): on tick 12 of 50
[INFO] (lattice_cell.c: 172): the unmatched_packets is 56
[1824, 1037878224, 1568, 1037878214, 1840, 1037907880, 2080, 1037878244, 2096, 1037907944, 1825, 1038325766, 2088, 1037887902, 1569, 1038330115, 1841, 1038327851, 1576, 1037887859, 1577, 1038331367, 1584, 1037907799, 1585, 1038332188, 2081, 1038321257, 1826, 1038786785, 2089, 1038322522, 1570, 1038786805, 1578, 1038776332, 1843, 1038312271, 1844, 1021148149, 1571, 1038309865, 1572, 1021124456, 1829, 1021997360, 1830, 1022007762, 1846, 1021987217, 1831, 1021091736, 1582, 1021982739, 1591, 1021102942, 1575, 1021087933, 2085, 1021993237, 2100, 1021144230, 2095, 1021116005, 1842, 1038754776, 1827, 1038314233, 2097, 1038323345, 2082, 1038786783, 1586, 1038754832, 1579, 1038308495, 1587, 1038307920, 2090, 1038776309, 1828, 1021120501, 1588, 1021152068, 1580, 1021126261, 1589, 1021977871, 1581, 1021999385, 1573, 1022001245, 2091, 1038317371, 1845, 1021973950, 1590, 1021983337, 2099, 1038316779, 1574, 1022003845, 2102, 1021991403, 2087, 1021095586, 2101, 1021969801, 2086, 1022011952, 2103, 1021110590, 1583, 1021108342, 2083, 1038318745, 1847, 1021106753, 2098, 1038754702, 2092, 1021118286, 2093, 1021991487, 2094, 1021990822, 2084, 1021116551]
[INFO] (lattice_cell.c: 455): on tick 13 of 50
[INFO] (lattice_cell.c: 172): the unmatched_packets is 56
[1824, 1037899134, 1568, 1037899156, 1840, 1037905259, 1576, 1037885865, 2080, 1037899130, 1584, 1037905266, 2096, 1037905260, 2088, 1037885790, 1825, 1038333881, 1569, 1038337944, 1841, 1038333388, 1577, 1038336918, 2081, 1038329663, 2097, 1038329183, 2089, 1038328625, 1585, 1038337454, 1826, 1038753964, 1570, 1038753966, 1842, 1038747565, 1578, 1038767699, 2082, 1038753976, 2098, 1038747545, 2090, 1038767762, 1827, 1038322429, 1571, 1038318359, 1843, 1038319990, 1586, 1038747580, 2083, 1038326640, 1828, 1021058334, 1829, 1022048843, 1830, 1021984429, 2091, 1038324773, 1846, 1021978483, 1573, 1022053364, 1590, 1021973996, 1847, 1021104939, 1574, 1021979945, 2100, 1021142243, 2092, 1021102789, 1844, 1021146655, 1845, 1021971500, 2099, 1038324194, 2084, 1021053744, 1831, 1021104185, 2103, 1021109581, 1579, 1038316499, 2101, 1021966615, 2086, 1021989132, 1587, 1038315949, 1572, 1021062814, 1588, 1021150890, 1580, 1021111727, 2093, 1022004858, 2094, 1021989629, 2087, 1021108858, 2095, 1021108440, 2085, 1022044109, 1581, 1022014153, 1589, 1021976163, 2102, 1021983196, 1582, 1021980438, 1591, 1021100420, 1583, 1021099278, 1575, 1021099633]
[INFO] (lattice_cell.c: 455): on tick 14 of 50
[INFO] (lattice_cell.c: 172): the unmatched_packets is 56
[1824, 1037856908, 1568, 1037856924, 2080, 1037856894, 1840, 1037904543, 1825, 1038325538, 1841, 1038328396, 1585, 1038332705, 1588, 1021162681, 1829, 1021908191, 1830, 1022006968, 1846, 1021981411, 1589, 1021966351, 1831, 1021091604, 2086, 1022011255, 1584, 1037904475, 1826, 1038808418, 1842, 1038758141, 1827, 1038313946, 2091, 1038316922, 2092, 1021151944, 1843, 1038312062, 1576, 1037874635, 1569, 1038329879, 1577, 1038329169, 1578, 1038789939, 2088, 1037874646, 1844, 1021158707, 1570, 1038808404, 1828, 1021210380, 1586, 1038758211, 1587, 1038307748, 1571, 1038309612, 1845, 1021962417, 1579, 1038308113, 1572, 1021214281, 2089, 1038320364, 1580, 1021159930, 1590, 1021977482, 1573, 1021912171, 1581, 1021976644, 2093, 1021968595, 2101, 1021958218, 1847, 1021111855, 2094, 1022010800, 1591, 1021108004, 1575, 1021087753, 1583, 1021089059, 2103, 1021115722, 1574, 1022002988, 2097, 1038323917, 1582, 1022002584, 2082, 1038808442, 2090, 1038789935, 2084, 1021206477, 2100, 1021154733, 2081, 1038321051, 2087, 1021095473, 2085, 1021903928, 2095, 1021096777, 2099, 1038316549, 2102, 1021985692, 2083, 1038318428, 2098, 1038758071, 2096, 1037904617]
[INFO] (lattice_cell.c: 455): on tick 15 of 50
[INFO] (lattice_cell.c: 172): the unmatched_packets is 56
[1824, 1037917757, 1568, 1037917775, 1840, 1037912373, 1584, 1037912350, 2080, 1037917739, 2088, 1037912471, 1576, 1037912504, 1825, 1038331897, 1569, 1038335990, 1841, 1038336103, 2096, 1037912389, 1826, 1038735186, 2081, 1038327640, 1578, 1038740091, 1571, 1038318533, 1579, 1038316609, 1844, 1021117209, 2082, 1038735200, 1829, 1022153335, 1845, 1021991036, 1573, 1022157762, 1846, 1021970888, 2085, 1022148759, 1847, 1021112101, 1842, 1038740487, 1827, 1038322646, 2095, 1021116643, 1843, 1038319758, 2101, 1021986242, 2094, 1021981024, 2087, 1021125187, 1828, 1020963031, 2091, 1038324953, 2084, 1020958418, 2103, 1021116671, 2092, 1021026675, 2097, 1038331855, 1585, 1038340199, 1577, 1038337471, 2089, 1038329117, 1830, 1021967108, 1570, 1038735186, 1586, 1038740521, 2098, 1038740450, 1588, 1021121446, 1831, 1021120597, 1587, 1038315673, 1589, 1021995612, 2099, 1038323994, 1580, 1021035751, 1572, 1020967543, 1581, 1022089360, 1591, 1021107633, 1590, 1021966442, 1583, 1021107546, 2086, 1021971708, 1582, 1021972038, 1574, 1021962658, 2093, 1022080332, 2090, 1038740106, 1575, 1021116127, 2083, 1038326892, 2100, 1021112821, 2102, 1021975484]
[INFO] (lattice_cell.c: 455): on tick 16 of 50
[INFO] (lattice_cell.c: 172): the unmatched_packets is 56
[1824, 1037857953, 1568, 1037857932, 1840, 1037882901, 1576, 1037853084, 1584, 1037882856, 2088, 1037853052, 2096, 1037882936, 1825, 1038326379, 1569, 1038330682, 1841, 1038328190, 2089, 1038322688, 2097, 1038323757, 1826, 1038807009, 1842, 1038780427, 1578, 1038811848, 1586, 1038780482, 1828, 1021252330, 1845, 1021902712, 1830, 1021994975, 1846, 1021998693, 1847, 1021094061, 2100, 1021216516, 2094, 1022012410, 2102, 1022003078, 2087, 1021106517, 1577, 1038331422, 1585, 1038332477, 1827, 1038313710, 1570, 1038807023, 1843, 1038311834, 2080, 1037857969, 2082, 1038806985, 2081, 1038321932, 1844, 1021220411, 1571, 1038309415, 1587, 1038307562, 1579, 1038307747, 2090, 1038811874, 1829, 1021863442, 1588, 1021224340, 1580, 1021260508, 2085, 1021859152, 1572, 1021256339, 2101, 1021898296, 2086, 1021999332, 2083, 1038318148, 1589, 1021906802, 2091, 1038316476, 2099, 1038316268, 2084, 1021248313, 1581, 1021867117, 1573, 1021867425, 1831, 1021102566, 1590, 1021994669, 1591, 1021090146, 1574, 1021990928, 2092, 1021252591, 1583, 1021086331, 2093, 1021858743, 1575, 1021098621, 2095, 1021094191, 2103, 1021097993, 1582, 1022004009, 2098, 1038780386]
[INFO] (lattice_cell.c: 455): on tick 17 of 50
[INFO] (lattice_cell.c: 172): the unmatched_packets is 56
[1824, 1037877993, 1568, 1037878031, 1840, 1037938801, 1576, 1037914107, 2080, 1037877942, 2088, 1037914029, 2096, 1037938846, 1825, 1038333030, 1569, 1038337179, 1841, 1038334078, 1584, 1037938755, 1577, 1038336849, 2081, 1038328730, 2089, 1038328423, 2097, 1038329787, 1826, 1038776614, 1842, 1038713389, 1570, 1038776576, 1571, 1038317659, 1844, 1021021739, 1579, 1038316293, 1846, 1021964891, 1831, 1021083939, 1590, 1021960536, 2103, 1021125958, 1827, 1038321818, 1843, 1038319102, 1828, 1021042954, 2101, 1022091424, 2102, 1021969391, 1585, 1038338207, 1845, 1022096015, 1829, 1022070532, 1578, 1038738981, 1586, 1038713456, 1587, 1038314966, 2082, 1038776663, 1830, 1022004782, 2090, 1038739054, 2083, 1038326121, 1588, 1021025989, 1572, 1021047213, 1847, 1021121449, 1580, 1020974056, 2099, 1038323401, 1589, 1022100434, 2100, 1021017293, 2094, 1021984061, 2084, 1021038549, 1573, 1022074999, 1581, 1022155184, 2095, 1021114108, 2085, 1022065906, 2086, 1022009324, 1591, 1021117083, 1574, 1022000423, 2091, 1038324745, 1582, 1021975195, 2093, 1022146343, 2087, 1021088451, 1575, 1021079580, 1583, 1021105243, 2098, 1038713330, 2092, 1020965137]
[INFO] (lattice_cell.c: 455): on tick 18 of 50
[INFO] (lattice_cell.c: 172): the unmatched_packets is 56
[1824, 1037900448, 1568, 1037900452, 1840, 1037875837, 1584, 1037875789, 2080, 1037900448, 1576, 1037882500, 2088, 1037882533, 2096, 1037875887, 1825, 1038325358, 1569, 1038329604, 1841, 1038329311, 1585, 1038333544, 1577, 1038330888, 2081, 1038320971, 2089, 1038322259, 1826, 1038763239, 1570, 1038763248, 2097, 1038324922, 1842, 1038787257, 1586, 1038787316, 1578, 1038781126, 2082, 1038763237, 1827, 1038314492, 1571, 1038310242, 1587, 1038307776, 1829, 1022036464, 1572, 1021089551, 1580, 1021212357, 1831, 1021107889, 1847, 1021096253, 2101, 1021812381, 2095, 1021115813, 2092, 1021203962, 2099, 1038316372, 1843, 1038311984, 1828, 1021085353, 1844, 1021301686, 1845, 1021816928, 1830, 1021989799, 2086, 1021994285, 1846, 1021993633, 2094, 1021986684, 2085, 1022032113, 2093, 1021909777, 2103, 1021100296, 1579, 1038308899, 2091, 1038317516, 2100, 1021297737, 1588, 1021305651, 1573, 1022040508, 1589, 1021821135, 1581, 1021918079, 1590, 1021989530, 1574, 1021985629, 1582, 1021978113, 1583, 1021107674, 1591, 1021092204, 1575, 1021103839, 2102, 1021998074, 2087, 1021111915, 2084, 1021081188, 2090, 1038781088, 2098, 1038787213, 2083, 1038318880]
[INFO] (lattice_cell.c: 455): on tick 19 of 50
[INFO] (lattice_cell.c: 172): the unmatched_packets is 56
[1824, 1037880505, 1568, 1037880520, 1840, 1037911502, 1576, 1037869422, 2088, 1037869347, 2096, 1037911528, 2080, 1037880501, 1825, 1038333640, 1569, 1038337852, 1841, 1038334577, 1584, 1037911482, 1577, 1038338197, 1585, 1038338768, 2081, 1038329277, 2089, 1038329640, 2097, 1038330237, 1826, 1038773089, 1570, 1038773083, 1842, 1038742060, 1586, 1038742100, 1827, 1038320751, 1828, 1021144866, 1571, 1038316537, 2098, 1038742020, 2090, 1038785087, 1829, 1021965019, 1830, 1021983031, 1847, 1021109495, 2086, 1021987436, 1843, 1038320961, 1844, 1021035879, 1578, 1038785015, 2082, 1038773098, 1845, 1022081025, 1587, 1038316775, 1579, 1038314875, 1572, 1021149098, 1588, 1021039937, 1580, 1021125744, 2094, 1022003476, 1846, 1021967875, 2087, 1021111731, 2095, 1021095929, 1589, 1022085449, 2083, 1038325104, 2091, 1038323437, 1831, 1021107344, 2099, 1038325312, 1590, 1021963543, 2100, 1021031671, 1573, 1021969268, 1581, 1021998529, 1591, 1021105349, 1582, 1021994804, 1574, 1021978774, 1583, 1021087307, 1575, 1021103074, 2092, 1021117280, 2103, 1021113799, 2085, 1021960607, 2093, 1021989720, 2102, 1021972363, 2101, 1022076432, 2084, 1021140472]
[INFO] (lattice_cell.c: 455): on tick 20 of 50
[INFO] (lattice_cell.c: 172): the unmatched_packets is 56
[1824, 1037876271, 1568, 1037876290, 1840, 1037928665, 2080, 1037876250, 2088, 1037899439, 2096, 1037928703, 1825, 1038325910, 1569, 1038330098, 1841, 1038328535, 1576, 1037899529, 1585, 1038332707, 2081, 1038321576, 2089, 1038321669, 2097, 1038324206, 1584, 1037928627, 1577, 1038330176, 1826, 1038788510, 1570, 1038788491, 1842, 1038732815, 1578, 1038764209, 1827, 1038314449, 2082, 1038788528, 1843, 1038312489, 2090, 1038764294, 1571, 1038310259, 2083, 1038318773, 1587, 1038308328, 1580, 1021083112, 1846, 1022002837, 1847, 1021087085, 1591, 1021082822, 2102, 1022007301, 2085, 1021994737, 1586, 1038732857, 1579, 1038306929, 2099, 1038316819, 1828, 1021121722, 1572, 1021125934, 1844, 1021175738, 2098, 1038732768, 1829, 1021999307, 1845, 1021947389, 1581, 1022052554, 1573, 1022003555, 1589, 1021951577, 1588, 1021179959, 1590, 1021998720, 1582, 1022004089, 1574, 1021987068, 1830, 1021991331, 1583, 1021091589, 2087, 1021107539, 2101, 1021942889, 1831, 1021103377, 2086, 1021995902, 2091, 1038315436, 2094, 1022012839, 2084, 1021117534, 2100, 1021171502, 2092, 1021074554, 1575, 1021099178, 2095, 1021099982, 2093, 1022043933, 2103, 1021091338]
[INFO] (lattice_cell.c: 455): on tick 21 of 50
[INFO] (lattice_cell.c: 172): the unmatched_packets is 56
[1824, 1037876854, 1568, 1037876881, 1584, 1037867808, 2080, 1037876831, 1840, 1037867898, 1825, 1038333117, 1841, 1038335585, 1569, 1038337395, 1585, 1038339825, 1570, 1038777622, 2096, 1037867992, 1828, 1021083890, 1571, 1038318740, 1572, 1021088005, 1590, 1021904710, 1847, 1021177755, 1583, 1021128258, 1826, 1038777634, 1842, 1038786335, 2092, 1021112163, 1827, 1038323010, 1843, 1038317605, 2101, 1021933014, 2086, 1021991170, 1844, 1021174608, 2087, 1021099969, 2088, 1037883695, 2091, 1038323632, 2099, 1038322004, 1845, 1021937539, 1829, 1022028725, 1576, 1037883691, 2095, 1021136465, 1830, 1021986795, 1846, 1021909075, 1831, 1021095726, 1588, 1021178485, 1577, 1038338138, 2090, 1038769690, 1575, 1021091652, 1586, 1038786452, 1578, 1038769703, 1587, 1038313372, 2098, 1038786228, 1579, 1038314971, 2083, 1038327421, 2084, 1021079639, 2100, 1021170544, 2093, 1021995002, 1589, 1021941872, 1580, 1021120656, 2081, 1038328706, 2089, 1038329474, 1573, 1022032896, 1581, 1022003352, 1591, 1021173807, 1574, 1021982587, 1582, 1021953605, 2097, 1038331180, 2085, 1022024397, 2094, 1021962268, 2102, 1021913588, 2103, 1021181810, 2082, 1038777659]
[INFO] (lattice_cell.c: 455): on tick 22 of 50
[INFO] (lattice_cell.c: 172): the unmatched_packets is 56
[1824, 1037899642, 1568, 1037899686, 1840, 1037937584, 1576, 1037904639, 1584, 1037937590, 1825, 1038326038, 2096, 1037937560, 2088, 1037904509, 1569, 1038330177, 1841, 1038328662, 2081, 1038321756, 1577, 1038331136, 2089, 1038322731, 2097, 1038324386, 1826, 1038763888, 1842, 1038724609, 1570, 1038763857, 1571, 1038310610, 1844, 1021146472, 1587, 1038309702, 1830, 1022012435, 1846, 1022110309, 2099, 1038318089, 1574, 1022008144, 1582, 1022041116, 1847, 1020974354, 2094, 1022049759, 1827, 1038314755, 1843, 1038313821, 1828, 1021106895, 1829, 1022014699, 1845, 1021978453, 2091, 1038317785, 2085, 1022010128, 1586, 1038724582, 2080, 1037899605, 1585, 1038332776, 2082, 1038763928, 1831, 1021082233, 1578, 1038758595, 1579, 1038309371, 1588, 1021150709, 2090, 1038758708, 1572, 1021111300, 2098, 1038724629, 1580, 1021164274, 1589, 1021982873, 2083, 1038319038, 2087, 1021086565, 2095, 1021050477, 1573, 1022018980, 2084, 1021102519, 1581, 1021968735, 1590, 1022106219, 1591, 1020969849, 2086, 1022017049, 2092, 1021155495, 1575, 1021077887, 1583, 1021041597, 2103, 1020978839, 2093, 1021959898, 2102, 1022114744, 2101, 1021973688, 2100, 1021142281]
[INFO] (lattice_cell.c: 455): on tick 23 of 50
[INFO] (lattice_cell.c: 172): the unmatched_packets is 56
[1824, 1037864373, 1568, 1037864359, 1840, 1037879223, 1584, 1037879158, 2080, 1037864405, 2088, 1037844659, 2096, 1037879281, 1825, 1038333505, 1569, 1038337826, 1841, 1038334934, 1585, 1038339226, 2081, 1038329041, 2089, 1038329146, 2097, 1038330489, 1576, 1037844653, 1826, 1038789892, 1570, 1038789938, 1577, 1038337913, 1842, 1038774191, 1578, 1038810504, 1586, 1038774279, 1827, 1038319733, 1843, 1038318180, 1828, 1021112691, 1572, 1021116693, 2098, 1038774103, 2083, 1038324190, 1846, 1021832370, 2091, 1038321714, 2100, 1021109619, 1591, 1021249503, 2103, 1021257170, 1844, 1021113649, 2084, 1021108561, 1829, 1021998957, 1845, 1022000946, 1830, 1021937102, 1571, 1038315428, 1831, 1021156019, 1587, 1038313892, 1579, 1038312961, 2099, 1038322637, 1847, 1021253271, 1588, 1021117519, 1580, 1021101346, 2082, 1038789872, 1589, 1022005066, 1581, 1022023472, 1573, 1022003029, 2090, 1038810478, 1590, 1021828071, 1574, 1021932883, 1582, 1021881229, 1575, 1021152104, 1583, 1021207108, 2095, 1021214827, 2085, 1021994734, 2094, 1021889995, 2092, 1021093245, 2093, 1022015154, 2086, 1021941482, 2101, 1021996603, 2087, 1021160021, 2102, 1021836853]
[INFO] (lattice_cell.c: 455): on tick 24 of 50
[INFO] (lattice_cell.c: 172): the unmatched_packets is 56
[1824, 1037910595, 1568, 1037910672, 1840, 1037924569, 1584, 1037924497, 2080, 1037910524, 2096, 1037924624, 2088, 1037926238, 1825, 1038326435, 1569, 1038330525, 1841, 1038328896, 1576, 1037926394, 2081, 1038322191, 2089, 1038322588, 1826, 1038753088, 1570, 1038753020, 1842, 1038737877, 1586, 1038737935, 1827, 1038316287, 1843, 1038312162, 2082, 1038753163, 2090, 1038736926, 1844, 1021164322, 1579, 1038309270, 1572, 1021139886, 1580, 1021118380, 2084, 1021130953, 1831, 1021001652, 2092, 1021109360, 1585, 1038332965, 1577, 1038330907, 2103, 1021011422, 2099, 1038316389, 1828, 1021135411, 2094, 1022145464, 1578, 1038736759, 2093, 1022008265, 1571, 1038312174, 1587, 1038308098, 1829, 1021985250, 1845, 1021959759, 2098, 1038737813, 1588, 1021168669, 2097, 1038324667, 2083, 1038320525, 1846, 1022082866, 1573, 1021989672, 1830, 1022085671, 1581, 1022017267, 1589, 1021964265, 2091, 1038317593, 1847, 1021006962, 1574, 1022081424, 1582, 1022136706, 1590, 1022078537, 2101, 1021954936, 2086, 1022090222, 1591, 1021002528, 2102, 1022087506, 1575, 1020997091, 1583, 1020948781, 2087, 1021006207, 2100, 1021159979, 2095, 1020957946, 2085, 1021980544]
[INFO] (lattice_cell.c: 455): on tick 25 of 50
[INFO] (lattice_cell.c: 172): the unmatched_packets is 56
[1824, 1037843218, 1568, 1037843228, 1840, 1037905212, 1576, 1037870629, 1584, 1037905196, 2080, 1037843227, 2096, 1037905242, 2088, 1037870555, 1825, 1038333031, 1569, 1038337391, 1841, 1038335893, 1577, 1038338289, 1585, 1038340224, 2089, 1038329457, 2097, 1038331413, 2081, 1038328531, 1826, 1038811790, 1570, 1038811807, 1842, 1038747597, 1586, 1038747651, 1578, 1038782564, 2082, 1038811776, 2098, 1038747549, 2090, 1038782607, 1827, 1038320157, 1571, 1038315811, 1843, 1038319568, 2083, 1038324654, 1579, 1038314719, 1587, 1038315259, 2091, 1038323557, 2099, 1038324063, 1828, 1021083931, 1572, 1021087834, 1844, 1021173034, 2084, 1021079880, 2092, 1021112682, 1588, 1021176753, 2100, 1021169159, 1846, 1021954549, 1831, 1021238618, 2087, 1021242444, 2093, 1021995471, 2086, 1021857223, 2102, 1021958733, 2094, 1021867070, 2103, 1021127802, 1829, 1022028934, 2085, 1022024780, 1845, 1021939892, 1580, 1021120800, 1830, 1021852805, 1573, 1022032911, 1589, 1021943995, 2095, 1021229579, 1847, 1021123774, 1582, 1021858656, 2101, 1021935574, 1581, 1022003414, 1574, 1021848594, 1590, 1021950528, 1591, 1021119840, 1583, 1021221845, 1575, 1021234878]
[INFO] (lattice_cell.c: 455): on tick 26 of 50
[INFO] (lattice_cell.c: 172): the unmatched_packets is 56
[1824, 1037912839, 1568, 1037912867, 1840, 1037891295, 2080, 1037912803, 1576, 1037884307, 1584, 1037891262, 2096, 1037891333, 1825, 1038326591, 2088, 1037884280, 1569, 1038330654, 1841, 1038328413, 1577, 1038330854, 1826, 1038751037, 2081, 1038322385, 1570, 1038750993, 1586, 1038772076, 2089, 1038322608, 1844, 1021137503, 1588, 1021141885, 1580, 1021131387, 1829, 1022014237, 1582, 1022030021, 2085, 1022009493, 2102, 1021948692, 1842, 1038772046, 2097, 1038324217, 2099, 1038315910, 2091, 1038315184, 1585, 1038332451, 1827, 1038314287, 2092, 1021122258, 1843, 1038311712, 2093, 1021994005, 1578, 1038780215, 2101, 1021982055, 1587, 1038307668, 1828, 1021107363, 1571, 1038310208, 1579, 1038306915, 2082, 1038751087, 2103, 1021151322, 2084, 1021102803, 1572, 1021111898, 2090, 1038780251, 1589, 1021991561, 1845, 1021986954, 2083, 1038318491, 1590, 1021939390, 1573, 1022018734, 1581, 1022003182, 1830, 1022128261, 1591, 1021142552, 1846, 1021943862, 1831, 1020967990, 1574, 1022123860, 1575, 1020963450, 1847, 1021146916, 1583, 1021062086, 2094, 1022039326, 2087, 1020972571, 2095, 1021070953, 2098, 1038772024, 2100, 1021133111, 2086, 1022132967]
[INFO] (lattice_cell.c: 455): on tick 27 of 50
[INFO] (lattice_cell.c: 172): the unmatched_packets is 56
[1824, 1037880936, 1568, 1037880989, 1840, 1037905919, 1576, 1037893470, 2080, 1037880882, 2088, 1037893336, 2096, 1037905976, 1825, 1038332863, 1569, 1038337247, 1584, 1037905883, 1841, 1038335599, 1577, 1038338662, 2081, 1038328335, 2089, 1038329773, 2097, 1038331091, 1826, 1038772197, 1585, 1038339949, 1570, 1038772173, 1842, 1038747375, 1578, 1038759931, 1586, 1038747461, 2082, 1038772242, 2090, 1038760039, 2098, 1038747304, 1827, 1038322372, 1571, 1038317992, 1843, 1038318587, 1579, 1038314928, 1587, 1038314263, 2083, 1038326889, 2091, 1038323800, 2099, 1038323097, 1828, 1021121828, 1844, 1021127456, 1572, 1021125770, 1580, 1021129749, 1581, 1021995553, 2102, 1022016430, 2093, 1021987622, 2094, 1022025732, 1829, 1021993630, 1588, 1021131158, 1845, 1021987984, 2086, 1021920763, 2084, 1021117821, 2092, 1021121858, 1573, 1021997476, 1830, 1021916622, 1589, 1021991977, 1846, 1022012190, 2100, 1021123642, 1574, 1021912655, 1590, 1022008141, 1582, 1022017757, 1831, 1021164901, 1591, 1021068169, 2085, 1021989560, 1847, 1021071976, 1575, 1021160999, 1583, 1021062317, 2087, 1021168890, 2095, 1021070297, 2101, 1021983741, 2103, 1021075837]
[INFO] (lattice_cell.c: 455): on tick 28 of 50
[INFO] (lattice_cell.c: 172): the unmatched_packets is 56
[1824, 1037870061, 1568, 1037870068, 1840, 1037921565, 1576, 1037885570, 1584, 1037921511, 2080, 1037870058, 2088, 1037885438, 2096, 1037921627, 1825, 1038326730, 1569, 1038330783, 1841, 1038329155, 1585, 1038333182, 2081, 1038322545, 2089, 1038323309, 2097, 1038324981, 1826, 1038794967, 1570, 1038794968, 1842, 1038740487, 1586, 1038740532, 1578, 1038778295, 2082, 1038794985, 1827, 1038313650, 2090, 1038778438, 2098, 1038740441, 1828, 1021110871, 1579, 1038308437, 1845, 1021963606, 1588, 1021164565, 1580, 1021117607, 2084, 1021106294, 1847, 1021092730, 2101, 1021958684, 2086, 1021979278, 1583, 1021137677, 1843, 1038312219, 2103, 1021097260, 1844, 1021160146, 2100, 1021155668, 2087, 1021126661, 1577, 1038331531, 1829, 1022007703, 2083, 1038317847, 1846, 1021994560, 1571, 1038309586, 1830, 1021974341, 1587, 1038308182, 1831, 1021122241, 1572, 1021115454, 1589, 1021968269, 2085, 1022002914, 2094, 1021957367, 2093, 1022004748, 1573, 1022012266, 2099, 1038316397, 1581, 1022013934, 1590, 1021990077, 1574, 1021969692, 1591, 1021088299, 1582, 1021948005, 1575, 1021117882, 2102, 1021999356, 2095, 1021146611, 2092, 1021108330, 2091, 1038316694]
[INFO] (lattice_cell.c: 455): on tick 29 of 50
[INFO] (lattice_cell.c: 172): the unmatched_packets is 56
[1824, 1037885320, 1568, 1037885374, 1840, 1037899814, 1576, 1037878384, 1584, 1037899812, 2080, 1037885279, 2088, 1037878262, 1825, 1038335184, 1569, 1038339569, 2096, 1037899826, 1841, 1038334879, 1577, 1038337894, 1826, 1038768745, 2081, 1038330646, 1827, 1038320636, 1843, 1038319130, 1578, 1038775417, 2089, 1038328988, 1571, 1038316253, 1581, 1022015545, 1830, 1022038750, 1574, 1022034842, 1842, 1038753149, 2085, 1022001606, 2095, 1021110678, 1844, 1021165416, 1828, 1021102188, 1845, 1021951575, 1829, 1022005698, 1585, 1038339235, 2082, 1038768785, 2097, 1038330366, 1570, 1038768715, 1846, 1021948751, 1586, 1038753195, 1831, 1021051030, 1580, 1021112301, 2098, 1038753129, 1587, 1038314785, 1579, 1038314077, 2083, 1038325156, 1847, 1021131375, 1572, 1021106055, 2092, 1021104364, 1588, 1021169074, 2100, 1021161641, 1573, 1022009564, 1589, 1021955550, 2102, 1021952871, 2099, 1038323645, 1590, 1021944836, 2084, 1021098249, 1582, 1021980894, 1591, 1021127497, 2093, 1022007778, 2086, 1022042840, 2087, 1021055009, 2103, 1021135325, 1575, 1021047062, 1583, 1021102963, 2091, 1038322962, 2101, 1021947340, 2094, 1021989049, 2090, 1038775499]
[INFO] (lattice_cell.c: 455): on tick 30 of 50
[INFO] (lattice_cell.c: 172): the unmatched_packets is 56
[1824, 1037894603, 1568, 1037894649, 1840, 1037896025, 1576, 1037895574, 2080, 1037894547, 2088, 1037895535, 2096, 1037896087, 1825, 1038327010, 1569, 1038331063, 1841, 1038329484, 1584, 1037895959, 1577, 1038329838, 2081, 1038322811, 2089, 1038321617, 2097, 1038325295, 1826, 1038769097, 1570, 1038769045, 1842, 1038767332, 1586, 1038767394, 2082, 1038769159, 2090, 1038768273, 2098, 1038767269, 1827, 1038314847, 1828, 1021107246, 1845, 1021976098, 1588, 1021150292, 2084, 1021102622, 1831, 1021110261, 1590, 1021969390, 1847, 1021115597, 1583, 1021072867, 2095, 1021081759, 2087, 1021114777, 1843, 1038311605, 1585, 1038333499, 1578, 1038768226, 1571, 1038310764, 1587, 1038307581, 2091, 1038315543, 1579, 1038307303, 1844, 1021145887, 2083, 1038319035, 1829, 1022011890, 2085, 1022007108, 1580, 1021132852, 1572, 1021111789, 2086, 1021986167, 2099, 1038315794, 1589, 1021980805, 1830, 1021981337, 1581, 1022007904, 1846, 1021974070, 2094, 1022025563, 2102, 1021979025, 1573, 1022016474, 2103, 1021119974, 2100, 1021141432, 2101, 1021971137, 1574, 1021976723, 2093, 1021998675, 1591, 1021111338, 1582, 1022016079, 1575, 1021105824, 2092, 1021123576]
[INFO] (lattice_cell.c: 455): on tick 31 of 50
[INFO] (lattice_cell.c: 172): the unmatched_packets is 56
[1824, 1037871163, 1568, 1037871229, 1840, 1037904478, 1576, 1037887465, 1584, 1037904471, 2088, 1037887273, 2096, 1037904492, 1825, 1038332165, 1841, 1038337116, 1569, 1038336526, 2081, 1038327645, 1577, 1038338096, 1570, 1038782755, 1843, 1038318467, 2089, 1038329222, 1844, 1021129614, 1579, 1038314736, 2091, 1038323590, 1831, 1021126260, 2102, 1022004928, 1826, 1038782787, 1842, 1038748943, 1827, 1038321578, 2080, 1037871101, 1585, 1038341459, 1828, 1021119615, 2092, 1021127265, 1586, 1038748988, 1578, 1038765859, 2086, 1021963208, 2095, 1021106660, 1587, 1038314138, 1829, 1021998799, 1845, 1021980533, 1571, 1038317205, 2097, 1038332609, 1830, 1021959066, 1588, 1021133309, 2084, 1021115588, 2103, 1021086260, 2082, 1038782837, 1580, 1021135254, 1846, 1022000811, 1572, 1021123652, 2098, 1038748913, 1589, 1021984514, 2083, 1038326089, 1847, 1021082325, 1581, 1021991919, 1573, 1022002580, 1590, 1021996930, 2099, 1038322968, 2093, 1021984117, 2101, 1021976267, 1591, 1021078375, 1582, 1021981502, 1574, 1021955161, 2100, 1021125858, 2090, 1038766023, 1575, 1021122310, 2085, 1021994770, 1583, 1021098586, 2094, 1021989304, 2087, 1021130203]
[INFO] (lattice_cell.c: 455): on tick 32 of 50
[INFO] (lattice_cell.c: 172): the unmatched_packets is 56
[1824, 1037890800, 1568, 1037890802, 1840, 1037918496, 1576, 1037885990, 1584, 1037918438, 2088, 1037885863, 2096, 1037918553, 2080, 1037890784, 1825, 1038328979, 1569, 1038333061, 1841, 1038329798, 1585, 1038333851, 1577, 1038332469, 2081, 1038324765, 2089, 1038324192, 2097, 1038325605, 1826, 1038773494, 1842, 1038743451, 1570, 1038773484, 1578, 1038777936, 1827, 1038313669, 1843, 1038312240, 2082, 1038773508, 1571, 1038309576, 1829, 1022030720, 1846, 1021987003, 1847, 1021100197, 1591, 1021095931, 1574, 1021994515, 1575, 1021092210, 2094, 1021974221, 1844, 1021150330, 1828, 1021081429, 1845, 1021971850, 1586, 1038743505, 2090, 1038778065, 2098, 1038743387, 1579, 1038308059, 1830, 1021999248, 1587, 1038308184, 1831, 1021096476, 2102, 1021991909, 2095, 1021130366, 1588, 1021154659, 2099, 1038316439, 2084, 1021076897, 1580, 1021114354, 2083, 1038317872, 1572, 1021085835, 1589, 1021976538, 1581, 1022014741, 1573, 1022035305, 1583, 1021121756, 1590, 1021982356, 1582, 1021964579, 2091, 1038316353, 2092, 1021105270, 2093, 1022005517, 2103, 1021104576, 2100, 1021145901, 2087, 1021100836, 2085, 1022025934, 2101, 1021966944, 2086, 1022004205]
[INFO] (lattice_cell.c: 455): on tick 33 of 50
[INFO] (lattice_cell.c: 172): the unmatched_packets is 56
[1824, 1037866623, 1568, 1037866706, 1840, 1037901229, 2080, 1037866559, 1576, 1037872530, 2088, 1037872380, 2096, 1037901239, 1825, 1038332609, 1569, 1038336948, 1841, 1038334232, 1584, 1037901223, 2081, 1038328123, 1585, 1038338542, 1826, 1038787793, 1842, 1038751944, 1827, 1038320639, 1586, 1038751986, 1578, 1038781757, 1844, 1021167261, 2097, 1038329762, 1571, 1038316293, 1579, 1038313854, 2098, 1038751924, 1589, 1021956781, 1847, 1021122550, 2100, 1021163376, 2085, 1021943034, 2084, 1021166602, 1843, 1038317960, 2082, 1038787861, 1828, 1021170673, 1577, 1038336055, 1570, 1038787741, 2089, 1038327257, 1587, 1038313664, 1845, 1021952813, 1829, 1021947130, 2090, 1038781890, 1588, 1021171105, 1830, 1022019286, 1580, 1021136964, 1572, 1021174768, 1846, 1021961187, 1831, 1021068705, 1581, 1021998888, 2103, 1021126583, 1573, 1021950969, 2092, 1021128671, 1590, 1021957344, 2094, 1022002055, 2087, 1021072825, 1591, 1021118512, 2095, 1021097413, 1582, 1021994080, 2083, 1038325134, 1574, 1022015484, 2101, 1021948580, 1583, 1021089350, 2086, 1022023352, 1575, 1021064565, 2102, 1021965291, 2093, 1021991172, 2091, 1038322660, 2099, 1038322444]
[INFO] (lattice_cell.c: 455): on tick 34 of 50
[INFO] (lattice_cell.c: 172): the unmatched_packets is 56
[1824, 1037916014, 1568, 1037916047, 1840, 1037905610, 1576, 1037910785, 1584, 1037905574, 2088, 1037910691, 2096, 1037905664, 2080, 1037915981, 1825, 1038326643, 1569, 1038330758, 1841, 1038331785, 1577, 1038332795, 2081, 1038322389, 2089, 1038324432, 2097, 1038327549, 1826, 1038746970, 1570, 1038746946, 1842, 1038757150, 1578, 1038752211, 2082, 1038747009, 2090, 1038752308, 1827, 1038315045, 2098, 1038757111, 1844, 1021132635, 1581, 1022056926, 2100, 1021128382, 1583, 1021091193, 1575, 1021122420, 2094, 1022003358, 2102, 1021973757, 1585, 1038335869, 1586, 1038757198, 1843, 1038312295, 1571, 1038310916, 1828, 1021014039, 1579, 1038308368, 2083, 1038319289, 2101, 1021976718, 2095, 1021099700, 2103, 1021121519, 1829, 1022107691, 1845, 1021981683, 1587, 1038308212, 2091, 1038316716, 2099, 1038316521, 1580, 1021073514, 2084, 1021009499, 1572, 1021018418, 1588, 1021136756, 1830, 1021965265, 1846, 1021968820, 2093, 1022047740, 1831, 1021126615, 1589, 1021986407, 1573, 1022112198, 1582, 1021993816, 1847, 1021117305, 2092, 1021064644, 1590, 1021964091, 1591, 1021113205, 1574, 1021960593, 2087, 1021130954, 2085, 1022103003, 2086, 1021970153]
[INFO] (lattice_cell.c: 455): on tick 35 of 50
[INFO] (lattice_cell.c: 172): the unmatched_packets is 56
[1824, 1037844152, 1568, 1037844254, 1840, 1037887078, 1576, 1037862778, 2080, 1037844053, 2088, 1037862550, 2096, 1037887104, 1825, 1038335855, 1569, 1038340154, 1841, 1038334340, 1584, 1037887052, 1577, 1038338424, 1585, 1038338601, 2081, 1038331400, 2089, 1038329709, 2097, 1038329906, 1826, 1038810822, 1570, 1038810737, 1842, 1038767059, 1578, 1038791385, 1586, 1038767118, 2082, 1038810924, 2090, 1038791599, 1827, 1038320058, 2098, 1038767019, 1571, 1038315752, 1843, 1038319587, 1579, 1038313596, 2083, 1038324510, 1828, 1021230725, 2091, 1038322325, 1829, 1021872445, 1572, 1021234867, 1580, 1021219501, 1588, 1021185285, 2099, 1038324022, 2085, 1021868275, 2093, 1021898227, 2101, 1021935481, 1844, 1021181299, 1587, 1038315315, 2084, 1021226625, 1845, 1021939777, 1589, 1021943753, 1581, 1021906096, 1573, 1021876353, 2087, 1021106076, 2103, 1021084469, 2086, 1021990960, 1590, 1021992687, 2094, 1022003961, 1830, 1021986781, 1846, 1021996604, 2100, 1021177294, 1582, 1021996011, 1574, 1021982856, 1831, 1021101971, 1591, 1021076315, 1847, 1021080386, 1583, 1021086771, 1575, 1021097827, 2095, 1021095094, 2092, 1021211052, 2102, 1022000803]
[INFO] (lattice_cell.c: 455): on tick 36 of 50
[INFO] (lattice_cell.c: 172): the unmatched_packets is 56
[1824, 1037907044, 1568, 1037907076, 1840, 1037937719, 2080, 1037907024, 1576, 1037917031, 1584, 1037937680, 2088, 1037916920, 2096, 1037937759, 1825, 1038325084, 1569, 1038329227, 1841, 1038329672, 2081, 1038320802, 2089, 1038320770, 2097, 1038325396, 1585, 1038333810, 1577, 1038329188, 1826, 1038756732, 1570, 1038756728, 1842, 1038723660, 2082, 1038756763, 1578, 1038745911, 2090, 1038746013, 2098, 1038723621, 1586, 1038723704, 1827, 1038314683, 1571, 1038310518, 1843, 1038312746, 2083, 1038318974, 1579, 1038306810, 2091, 1038315243, 2099, 1038317022, 1587, 1038308640, 1828, 1020989201, 1572, 1020993542, 1844, 1021068215, 2084, 1020984746, 2092, 1021000909, 2100, 1021064039, 1580, 1021009776, 1588, 1021072256, 1829, 1022140954, 2085, 1022136354, 1573, 1022145426, 2093, 1022125717, 2101, 1022051220, 1574, 1021991012, 1582, 1021962059, 2095, 1021138503, 2102, 1021980620, 1583, 1021130183, 2103, 1021114143, 1845, 1022056078, 1830, 1021995735, 2087, 1021101610, 1846, 1021975803, 2086, 1022000623, 1581, 1022134598, 1831, 1021097439, 2094, 1021971523, 1847, 1021109925, 1590, 1021971190, 1589, 1022060709, 1591, 1021105849, 1575, 1021093393]
[INFO] (lattice_cell.c: 455): on tick 37 of 50
[INFO] (lattice_cell.c: 172): the unmatched_packets is 56
[1824, 1037881336, 1568, 1037881378, 1840, 1037876805, 1576, 1037853076, 1584, 1037876797, 2080, 1037881298, 2088, 1037852873, 1825, 1038334518, 2096, 1037876816, 1569, 1038338799, 1841, 1038337939, 1585, 1038342148, 2081, 1038330111, 2089, 1038331604, 2097, 1038333546, 1826, 1038772305, 1570, 1038772282, 1577, 1038340251, 1842, 1038777084, 1586, 1038777117, 1827, 1038322151, 1843, 1038316800, 1571, 1038317887, 1844, 1021266869, 1579, 1038313175, 1572, 1021179096, 1830, 1021989809, 1588, 1021270871, 1846, 1021986089, 1575, 1021086950, 1828, 1021174763, 1829, 1021934402, 1845, 1021838633, 2095, 1021098873, 2092, 1021232560, 2102, 1021990420, 2085, 1021930267, 1831, 1021091259, 2082, 1038772349, 2090, 1038801842, 2098, 1038777055, 1578, 1038801645, 1847, 1021100047, 2083, 1038326558, 1587, 1038312574, 2091, 1038321824, 2099, 1038321191, 1580, 1021241058, 1573, 1021938218, 1589, 1021842741, 1581, 1021877017, 2093, 1021868966, 1590, 1021982070, 2086, 1021994015, 1574, 1021985926, 1582, 1021992866, 1591, 1021095949, 2084, 1021170448, 2087, 1021095540, 1583, 1021090510, 2100, 1021262857, 2094, 1022001078, 2103, 1021104139, 2101, 1021834203]
[INFO] (lattice_cell.c: 455): on tick 38 of 50
[INFO] (lattice_cell.c: 172): the unmatched_packets is 56
[1824, 1037873684, 1568, 1037873794, 1840, 1037929403, 1576, 1037899500, 1584, 1037929385, 2080, 1037873578, 2088, 1037899270, 2096, 1037929433, 1825, 1038327686, 1569, 1038331872, 1841, 1038327592, 2081, 1038323345, 1577, 1038330807, 2089, 1038322299, 2097, 1038323268, 1585, 1038331758, 1826, 1038790633, 1570, 1038790539, 1842, 1038732711, 1586, 1038732736, 2082, 1038790752, 2090, 1038764373, 2098, 1038732686, 1827, 1038314636, 1571, 1038310419, 1578, 1038764149, 1843, 1038314599, 1587, 1038310452, 2091, 1038317398, 2099, 1038318926, 1828, 1021129535, 2083, 1038318958, 1844, 1021028171, 1572, 1021133555, 1588, 1021032208, 2092, 1021029894, 2100, 1021023990, 1829, 1021988982, 1830, 1021993814, 1582, 1022000526, 2093, 1022092844, 2086, 1021998533, 2084, 1021125384, 1845, 1022104423, 1846, 1021949502, 2085, 1021984244, 1831, 1021097237, 1847, 1021128510, 2103, 1021132700, 2087, 1021101381, 2095, 1021091108, 1579, 1038308877, 2101, 1022099744, 2094, 1022009781, 2102, 1021954180, 1580, 1021038489, 1573, 1021993566, 1581, 1022101712, 1589, 1022108941, 1574, 1021989224, 1590, 1021945022, 1591, 1021124479, 1583, 1021082940, 1575, 1021093217]
[INFO] (lattice_cell.c: 455): on tick 39 of 50
[INFO] (lattice_cell.c: 172): the unmatched_packets is 56
[1824, 1037888525, 1568, 1037888582, 1840, 1037891846, 1584, 1037891785, 2080, 1037888473, 2096, 1037891908, 2088, 1037902126, 1825, 1038333660, 1576, 1037902210, 1569, 1038337878, 1841, 1038336954, 1585, 1038341133, 1577, 1038337779, 2081, 1038329309, 2089, 1038329232, 2097, 1038332611, 1826, 1038765517, 1570, 1038765484, 1842, 1038761734, 1586, 1038761831, 2082, 1038765572, 1578, 1038750574, 2090, 1038750627, 2098, 1038761650, 1571, 1038315794, 1579, 1038311965, 1844, 1021245140, 1572, 1021057477, 2083, 1038324371, 1589, 1021869508, 1845, 1021865339, 1830, 1021978963, 1590, 1021999010, 1831, 1021112601, 1591, 1021079158, 1846, 1022003214, 1847, 1021083243, 1827, 1038320022, 1843, 1038316705, 1828, 1021052947, 2092, 1021123933, 2100, 1021241024, 2085, 1022056240, 2093, 1021987883, 2095, 1021112203, 1829, 1022060376, 1587, 1038312529, 1588, 1021249218, 1580, 1021133043, 2099, 1038321045, 2086, 1021983396, 2102, 1022007774, 1581, 1021995703, 2101, 1021860822, 1573, 1022064216, 2084, 1021048430, 2087, 1021116847, 2103, 1021087343, 2091, 1038320513, 1582, 1021986566, 1574, 1021974830, 1575, 1021108344, 1583, 1021103725, 2094, 1021995068]
[INFO] (lattice_cell.c: 455): on tick 40 of 50
[INFO] (lattice_cell.c: 172): the unmatched_packets is 56
[1824, 1037885354, 1568, 1037885436, 1840, 1037889347, 1576, 1037869615, 1584, 1037889378, 2088, 1037869301, 2096, 1037889302, 2080, 1037885277, 1825, 1038326800, 1569, 1038331048, 1841, 1038330032, 1577, 1038331647, 2081, 1038322416, 2097, 1038325657, 2089, 1038323024, 1585, 1038334240, 1826, 1038778412, 1570, 1038778345, 1842, 1038774042, 1578, 1038794506, 1586, 1038774001, 2082, 1038778486, 2090, 1038794818, 2098, 1038774087, 1827, 1038316456, 1828, 1021130872, 1844, 1021111228, 1587, 1038307357, 2083, 1038320845, 1845, 1022011988, 1846, 1021956363, 2084, 1021126679, 2085, 1021986433, 2086, 1021985474, 1843, 1038311572, 2093, 1021946465, 2099, 1038315938, 1571, 1038312201, 1829, 1021990880, 1579, 1038308596, 1588, 1021114989, 1572, 1021134951, 1580, 1021178941, 1589, 1022016595, 1830, 1021980905, 1573, 1021995222, 1581, 1021955339, 2095, 1021126903, 1831, 1021102962, 1590, 1021952027, 2091, 1038317208, 2103, 1021136306, 1591, 1021128206, 2094, 1021971391, 1582, 1021962617, 1847, 1021132194, 2092, 1021170802, 1575, 1021098971, 1583, 1021118672, 1574, 1021976493, 2102, 1021960845, 2101, 1022007215, 2087, 1021107061, 2100, 1021107335]
[INFO] (lattice_cell.c: 455): on tick 41 of 50
[INFO] (lattice_cell.c: 172): the unmatched_packets is 56
[1824, 1037878266, 1568, 1037878310, 1840, 1037946450, 1576, 1037892111, 2080, 1037878225, 2096, 1037946503, 2088, 1037891936, 1825, 1038334435, 1569, 1038338608, 1841, 1038336136, 1577, 1038338526, 1585, 1038340256, 2081, 1038330129, 2089, 1038330088, 1826, 1038775728, 1842, 1038705350, 1570, 1038775710, 2097, 1038331853, 1578, 1038761772, 1586, 1038705427, 1843, 1038321527, 1828, 1021133614, 2098, 1038705278, 1581, 1022035706, 1573, 1021982480, 1827, 1038319267, 1844, 1021119313, 2095, 1021068165, 2092, 1021082799, 2085, 1021973976, 1845, 1021996165, 1829, 1021978383, 1584, 1037946416, 1579, 1038314384, 1846, 1022044284, 1830, 1022014534, 2082, 1038775761, 1571, 1038315089, 2090, 1038761926, 1587, 1038317394, 1831, 1021077606, 1847, 1021026201, 1588, 1021123684, 1580, 1021091953, 2086, 1022019156, 1572, 1021138058, 2102, 1022048903, 2103, 1021030436, 2083, 1038323559, 2101, 1021991729, 2099, 1038325814, 1589, 1022000267, 2091, 1038322829, 1575, 1021073300, 1590, 1022039983, 1582, 1022020931, 1591, 1021021991, 1574, 1022010254, 2093, 1022027510, 1583, 1021059794, 2094, 1022029967, 2100, 1021114909, 2087, 1021081860, 2084, 1021129183]
[INFO] (lattice_cell.c: 455): on tick 42 of 50
[INFO] (lattice_cell.c: 172): the unmatched_packets is 56
[1824, 1037878826, 1568, 1037878964, 1840, 1037872373, 2080, 1037878694, 2088, 1037876514, 1825, 1038327212, 2096, 1037872413, 1826, 1038785599, 1577, 1038331102, 2081, 1038322772, 1827, 1038314110, 1828, 1021083579, 1572, 1021087575, 1573, 1022040076, 1846, 1021855812, 1583, 1021173258, 1575, 1021126292, 1847, 1021240336, 2084, 1021079499, 1841, 1038329476, 1842, 1038790814, 2082, 1038785746, 2100, 1021186134, 2085, 1022031431, 2091, 1038313248, 2087, 1021134363, 1843, 1038308885, 1576, 1037876743, 1584, 1037872340, 1844, 1021189962, 1569, 1038331503, 1585, 1038333732, 1586, 1038790842, 1829, 1022035802, 1570, 1038785479, 1845, 1021932999, 1578, 1038787371, 1830, 1021963652, 2090, 1038787596, 1579, 1038304536, 1831, 1021130274, 1588, 1021193661, 1571, 1038309800, 1587, 1038304640, 1589, 1021937486, 1580, 1021095376, 1590, 1021851507, 2099, 1038313306, 1581, 1022040981, 2092, 1021087046, 2094, 1021934639, 2093, 1022032642, 1591, 1021236566, 2095, 1021181240, 2102, 1021860315, 2103, 1021244243, 1582, 1021926009, 2089, 1038322395, 2097, 1038325052, 2101, 1021928359, 2086, 1021968019, 2083, 1038318546, 2098, 1038790785, 1574, 1021959433]
[INFO] (lattice_cell.c: 455): on tick 43 of 50
[INFO] (lattice_cell.c: 172): the unmatched_packets is 56
[1824, 1037904980, 1568, 1037905036, 1840, 1037918205, 2080, 1037904932, 1576, 1037913199, 1584, 1037918240, 2096, 1037918192, 2088, 1037912971, 1825, 1038333343, 1569, 1038337462, 1841, 1038336546, 2081, 1038329088, 1577, 1038338498, 2089, 1038330146, 2097, 1038332307, 1585, 1038340625, 1826, 1038747909, 1570, 1038747880, 1842, 1038735264, 1578, 1038739213, 2082, 1038747948, 1586, 1038735289, 2090, 1038739404, 2098, 1038735262, 1827, 1038324099, 1571, 1038319972, 1843, 1038319951, 2083, 1038328360, 1587, 1038315882, 2091, 1038325163, 2099, 1038324185, 1828, 1021113075, 1579, 1038316803, 1572, 1021117740, 1580, 1021167836, 1573, 1022007034, 1846, 1022107033, 1591, 1020963863, 2086, 1022035822, 2095, 1020988038, 2103, 1020972675, 2093, 1021953053, 2084, 1021108372, 1844, 1021157912, 1829, 1022003007, 2102, 1022111686, 1830, 1022031051, 2101, 1021952478, 1845, 1021957206, 1831, 1021043709, 1847, 1020968282, 2094, 1022100181, 1588, 1021162160, 2087, 1021048037, 1589, 1021961590, 2092, 1021158569, 2100, 1021153622, 2085, 1021998672, 1581, 1021961465, 1590, 1022102695, 1582, 1022091251, 1574, 1022026604, 1583, 1020979170, 1575, 1021039359]
[INFO] (lattice_cell.c: 455): on tick 44 of 50
[INFO] (lattice_cell.c: 172): the unmatched_packets is 56
[1824, 1037851703, 1568, 1037851773, 1840, 1037900849, 1576, 1037856681, 2080, 1037851629, 2088, 1037856432, 1825, 1038327550, 2096, 1037900864, 1841, 1038329981, 1569, 1038331881, 1842, 1038761722, 2081, 1038323074, 1585, 1038334273, 1827, 1038311138, 2089, 1038323320, 1828, 1021116792, 1844, 1021114475, 2097, 1038325526, 1829, 1022000881, 1845, 1022008123, 1575, 1021206151, 1583, 1021232248, 1826, 1038813404, 1843, 1038311829, 2095, 1021239736, 2103, 1021198618, 1584, 1037900833, 1577, 1038332092, 1830, 1021893184, 1570, 1038813325, 1846, 1021891534, 1831, 1021209965, 1578, 1038807980, 1586, 1038761728, 1571, 1038306795, 1579, 1038305390, 1587, 1038307528, 1847, 1021194887, 2082, 1038813485, 1572, 1021120689, 1588, 1021118221, 1580, 1021116747, 2091, 1038314191, 1573, 1022005051, 1589, 1022012370, 1581, 1022014752, 1590, 1021887296, 2101, 1022003676, 1574, 1021888969, 2100, 1021110595, 2087, 1021213859, 1582, 1021861200, 2099, 1038316301, 1591, 1021191285, 2093, 1022006416, 2084, 1021112790, 2086, 1021897553, 2090, 1038808246, 2094, 1021869864, 2102, 1021896013, 2092, 1021108772, 2085, 1021996565, 2098, 1038761723, 2083, 1038315610]
[INFO] (lattice_cell.c: 455): on tick 45 of 50
[INFO] (lattice_cell.c: 172): the unmatched_packets is 56
[1824, 1037905861, 1568, 1037905986, 1840, 1037904212, 1576, 1037904774, 1584, 1037904176, 2080, 1037905734, 1825, 1038335631, 1841, 1038335361, 1569, 1038339733, 1585, 1038339412, 1577, 1038337647, 2088, 1037904492, 2096, 1037904272, 1826, 1038747508, 1570, 1038747415, 1843, 1038318470, 1828, 1021115107, 1579, 1038314277, 1844, 1021150857, 1588, 1021155178, 1829, 1021993884, 1845, 1021967820, 1581, 1022025972, 1583, 1020996235, 1847, 1021080101, 1586, 1038749002, 1842, 1038748909, 1827, 1038322609, 2089, 1038329361, 2101, 1021963062, 2094, 1022095145, 2097, 1038331162, 2082, 1038747627, 1830, 1022122696, 1578, 1038748655, 1571, 1038318516, 1846, 1022001077, 2084, 1021110470, 1831, 1020958258, 1587, 1038314444, 2086, 1022127392, 2102, 1022005894, 1580, 1021105985, 1589, 1021972237, 1572, 1021119714, 1590, 1021996530, 2103, 1021084515, 2090, 1038748904, 1573, 1021998132, 1591, 1021075724, 1582, 1022086033, 1574, 1022118271, 2093, 1022017519, 1575, 1020953703, 2098, 1038748831, 2083, 1038326829, 2091, 1038322552, 2085, 1021989332, 2099, 1038322667, 2092, 1021096460, 2100, 1021146450, 2087, 1020962808, 2095, 1021005321, 2081, 1038331408]
[INFO] (lattice_cell.c: 455): on tick 46 of 50
[INFO] (lattice_cell.c: 172): the unmatched_packets is 56
[1824, 1037871383, 1568, 1037871459, 1840, 1037917830, 2080, 1037871304, 2088, 1037890859, 2096, 1037917798, 1825, 1038327826, 1569, 1038332190, 1841, 1038330929, 1576, 1037891116, 1577, 1038330718, 1585, 1038335239, 2081, 1038323329, 2089, 1038321889, 2097, 1038326439, 1826, 1038792786, 1827, 1038314387, 1586, 1038744434, 2082, 1038792867, 2090, 1038772402, 1579, 1038307164, 1591, 1021065873, 1846, 1022016015, 2100, 1021175857, 2085, 1022024016, 2087, 1021217475, 1842, 1038744464, 2094, 1021948730, 2095, 1021153802, 2103, 1021073473, 2098, 1038744499, 1843, 1038311712, 1828, 1021088206, 1584, 1037917840, 1844, 1021179572, 1570, 1038792711, 1829, 1022028153, 1578, 1038772144, 2101, 1021936032, 1845, 1021940470, 1830, 1021877512, 2102, 1022020233, 2083, 1038318895, 1831, 1021213758, 1587, 1038307394, 2093, 1021989874, 2084, 1021084172, 1571, 1038310004, 1847, 1021069623, 1588, 1021183217, 2091, 1038316030, 2099, 1038316201, 2092, 1021133017, 1580, 1021141207, 1589, 1021944745, 1572, 1021092205, 1583, 1021146297, 1575, 1021210123, 1581, 1021997753, 1590, 1022012006, 2086, 1021881923, 1573, 1022032140, 1582, 1021940354, 1574, 1021873305]
[INFO] (lattice_cell.c: 455): on tick 47 of 50
[INFO] (lattice_cell.c: 172): the unmatched_packets is 56
[1824, 1037889006, 1568, 1037889105, 1840, 1037894192, 1576, 1037865987, 2080, 1037888914, 2088, 1037865734, 2096, 1037894158, 1584, 1037894225, 1825, 1038332470, 1569, 1038336544, 1841, 1038337136, 1577, 1038337180, 2081, 1038328268, 2089, 1038328945, 2097, 1038332957, 1826, 1038764623, 1570, 1038764556, 1842, 1038759204, 1578, 1038788226, 1586, 1038759219, 1827, 1038320812, 2082, 1038764709, 1843, 1038318886, 1571, 1038316753, 1844, 1021133541, 2098, 1038759213, 1579, 1038313697, 2090, 1038788427, 1587, 1038314874, 1591, 1021149255, 1828, 1021112479, 2094, 1021974756, 1829, 1022007360, 1845, 1021977579, 2092, 1021120905, 2100, 1021129125, 2103, 1021157977, 2085, 1022002770, 1585, 1038341152, 1846, 1021924600, 1830, 1022040741, 1831, 1021047119, 1847, 1021153585, 1580, 1021130210, 1588, 1021137864, 1572, 1021117103, 2083, 1038325007, 1589, 1021982099, 1581, 1022002818, 1573, 1022011687, 1590, 1021919938, 2101, 1021972730, 2086, 1022045513, 2099, 1038323073, 2095, 1021125746, 1582, 1021965238, 2091, 1038321923, 1574, 1022036203, 2084, 1021107769, 1583, 1021116889, 1575, 1021042542, 2093, 1021993961, 2102, 1021929530, 2087, 1021051694]
[INFO] (lattice_cell.c: 455): on tick 48 of 50
[INFO] (lattice_cell.c: 172): the unmatched_packets is 56
[1824, 1037890738, 1568, 1037890844, 1840, 1037903890, 2080, 1037890639, 2088, 1037900277, 2096, 1037903943, 1825, 1038330212, 1569, 1038334587, 1576, 1037900566, 1841, 1038330916, 1577, 1038333484, 2081, 1038325686, 2089, 1038324631, 2097, 1038326413, 1826, 1038773035, 1842, 1038759047, 1827, 1038314523, 1570, 1038772929, 2082, 1038773145, 1844, 1021131215, 2090, 1038763424, 1845, 1021988661, 1830, 1021994549, 1588, 1021134953, 1581, 1022014654, 1843, 1038311404, 1828, 1021131707, 2091, 1038315431, 1829, 1021977033, 2092, 1021106236, 2085, 1021972993, 1846, 1021985363, 1584, 1037903816, 1585, 1038335227, 1831, 1021095342, 1578, 1038763121, 2101, 1021984362, 1586, 1038759096, 2087, 1021099171, 1847, 1021103025, 1571, 1038310120, 2093, 1022006845, 2099, 1038315906, 1579, 1038306552, 1587, 1038307068, 1580, 1021114366, 1572, 1021135680, 2098, 1038758988, 2083, 1038319043, 1573, 1021980923, 1589, 1021992706, 1590, 1021981227, 2084, 1021127672, 1582, 1022047266, 1583, 1021043666, 1574, 1021990552, 1591, 1021099508, 1575, 1021091603, 2100, 1021127424, 2095, 1021051238, 2103, 1021106636, 2086, 1021998764, 2094, 1022055447, 2102, 1021989772]
[INFO] (lattice_cell.c: 455): on tick 49 of 50
[INFO] (lattice_cell.c: 172): the unmatched_packets is 56
[1824, 1037862863, 1568, 1037862987, 1840, 1037912301, 1576, 1037894875, 1584, 1037912332, 2080, 1037862728, 2088, 1037894474, 2096, 1037912276, 1825, 1038332460, 1569, 1038336521, 1841, 1038334933, 2081, 1038328266, 1826, 1038791647, 1842, 1038740660, 2089, 1038327289, 1828, 1021099742, 2082, 1038791764, 1581, 1022014618, 2098, 1038740655, 1830, 1021941453, 1590, 1022008400, 1846, 1022012945, 1591, 1021063477, 1831, 1021142750, 1575, 1021138335, 1847, 1021067977, 1827, 1038321412, 1843, 1038318058, 1844, 1021164851, 1845, 1021956979, 1829, 1022019265, 2092, 1021115633, 2086, 1021946386, 1578, 1038757978, 2084, 1021095082, 2090, 1038758335, 2085, 1022014574, 2101, 1021952033, 1577, 1038335510, 1585, 1038338954, 2097, 1038330764, 1570, 1038791549, 1586, 1038740681, 1571, 1038317348, 1579, 1038314688, 1587, 1038314056, 1580, 1021125161, 1588, 1021169089, 1589, 1021961636, 1572, 1021104327, 1573, 1022023741, 1582, 1021956605, 1574, 1021936757, 1583, 1021121457, 2103, 1021072563, 2095, 1021130548, 2093, 1022005835, 2100, 1021160497, 2094, 1021965962, 2083, 1038325601, 2091, 1038322921, 2099, 1038322228, 2102, 1022017727, 2087, 1021147214]
[INFO] (lattice_cell.c: 455): on tick 50 of 50
[INFO] (lattice_cell.c: 466): updating recording regions
[INFO] (recording.c: 507): 	Finalising channel 0 - state info stored in SDRAM
[INFO] (recording.c: 512): closed channel 0.
[INFO] (lattice_cell.c: 470): Simulation complete.

