[INFO] (lattice_cell.c: 604): starting lattice cell
[INFO] (lattice_cell.c: 526): Initialise: started
[INFO] (data_specification.c: 78): magic = ad130ad6, version = 1.0
[INFO] (lattice_cell.c: 555): my key is 6304
[INFO] (lattice_cell.c: 562): I'm in position ( 24, 20)
[INFO] (lattice_cell.c: 568): my n key is 6048
[INFO] (lattice_cell.c: 574): my U_X = 0.009988944046199322
[INFO] (lattice_cell.c: 575): my U_Y = -1.2246468422454102e-19
[INFO] (lattice_cell.c: 583): input_buffer initialised
[INFO] (recording.c: 563): Recording 1 regions, using output tag 0, size before trigger 7686388, time between triggers 50
[INFO] (recording.c: 665): Recording channel 0 configured to use 7686132 byte memory block starting at 0x618416e8
[INFO] (lattice_cell.c: 588): Recording flags = 0x00000001
[INFO] (lattice_cell.c: 619): setting timer to execute every 200000 microseconds
[INFO] (lattice_cell.c: 627): Starting

[INFO] (simulation.c: 159): Setting the runtime of this model to 50 starting at 0
[INFO] (simulation.c: 161): Setting the flag of infinite run for this model to 0
[INFO] (simulation.c: 175): Resuming
[INFO] (lattice_cell.c: 455): on tick 0 of 50
[6296, 1038779511, 6312, 1038776245, 6560, 1038779080, 6552, 1038779515, 6568, 1038776249, 6040, 1038779511, 6048, 1038779080, 6056, 1038776249, 6297, 1038318786, 6313, 1038318848, 6561, 1038323164, 6314, 1037887891, 6057, 1038314490, 6569, 1038323218, 6556, 1022006927, 6557, 1021111768, 6318, 1021110675, 6319, 1021999029, 6558, 1021103563, 6571, 1038314490, 6565, 1021112170, 6566, 1021103966, 6573, 1021114785, 6061, 1021106577, 6062, 1021114785, 6054, 1021112170, 6055, 1022006490, 6299, 1038318786, 6300, 1022002295, 6047, 1022006923, 6301, 1021107661, 6043, 1038323152, 6059, 1038323218, 6044, 1021997670, 6052, 1021997240, 6045, 1021103561, 6053, 1021103966, 6302, 1021107661, 6553, 1038323156, 6303, 1022002295, 6051, 1038323164, 6049, 1038314436, 6315, 1038318848, 6041, 1038314424, 6060, 1021994411, 6572, 1022003659, 6298, 1037884877, 6562, 1037885284, 6554, 1037884881, 6316, 1021999029, 6046, 1021111764, 6555, 1038314428, 6042, 1037884877, 6563, 1038314436, 6317, 1021110675, 6058, 1037887895, 6574, 1021106577, 6575, 1021994411, 6567, 1021997240, 6564, 1022006490, 6570, 1037887895, 6559, 1021997674, 6063, 1022003659, 6050, 1037885284]
[INFO] (lattice_cell.c: 455): on tick 1 of 50
[INFO] (lattice_cell.c: 172): the unmatched_packets is 56
[6296, 1038774431, 6560, 1038773350, 6552, 1038774437, 6312, 1038766389, 6568, 1038766395, 6297, 1038327050, 6298, 1037880037, 6561, 1038331368, 6314, 1037887775, 6562, 1037881091, 6563, 1038323027, 6301, 1021098615, 6569, 1038331402, 6564, 1022004449, 6318, 1021098187, 6319, 1022002731, 6567, 1021990212, 6575, 1021998421, 6047, 1021997696, 6043, 1038331689, 6299, 1038327389, 6300, 1022001586, 6044, 1021997106, 6302, 1021106684, 6056, 1038766395, 6303, 1021993208, 6049, 1038322750, 6050, 1037881085, 6042, 1037880037, 6051, 1038331644, 6571, 1038322730, 6052, 1021995651, 6572, 1021995105, 6313, 1038327096, 6046, 1021110994, 6553, 1038331360, 6057, 1038322790, 6573, 1021113378, 6574, 1021093727, 6554, 1037880043, 6315, 1038327046, 6570, 1037887777, 6060, 1021986313, 6059, 1038331350, 6555, 1038323075, 6316, 1021990789, 6062, 1021102497, 6556, 1022005904, 6045, 1021094311, 6055, 1021999002, 6063, 1022007224, 6054, 1021109834, 6557, 1021103091, 6061, 1021104609, 6317, 1021108907, 6558, 1021102218, 6058, 1037887785, 6565, 1021104478, 6559, 1021988910, 6566, 1021101058, 6053, 1021095698, 6048, 1038773350, 6040, 1038774437, 6041, 1038322742]
[INFO] (lattice_cell.c: 455): on tick 2 of 50
[INFO] (lattice_cell.c: 172): the unmatched_packets is 56
[6296, 1038780436, 6560, 1038782609, 6552, 1038780432, 6568, 1038793722, 6312, 1038793730, 6297, 1038319240, 6561, 1038323672, 6562, 1037882696, 6569, 1038323748, 6563, 1038315082, 6315, 1038320439, 6056, 1038793738, 6564, 1022008806, 6318, 1021150539, 6319, 1021954941, 6566, 1021111718, 6571, 1038316019, 6298, 1037884837, 6299, 1038319291, 6053, 1021102150, 6570, 1037871693, 6300, 1022002928, 6061, 1021096718, 6301, 1021107404, 6047, 1022006130, 6060, 1022005721, 6302, 1021109557, 6048, 1038782617, 6040, 1038780436, 6303, 1022001622, 6057, 1038314912, 6042, 1037884837, 6051, 1038323918, 6572, 1022014721, 6046, 1021113538, 6062, 1021154546, 6313, 1038319330, 6553, 1038323660, 6050, 1037882692, 6058, 1037871683, 6573, 1021104725, 6574, 1021146524, 6314, 1037871689, 6059, 1038324859, 6043, 1038323708, 6554, 1037884837, 6049, 1038314834, 6044, 1021998441, 6555, 1038314871, 6054, 1021119724, 6556, 1022007438, 6055, 1021998958, 6063, 1021959424, 6316, 1022010228, 6052, 1021999792, 6045, 1021103415, 6557, 1021111418, 6317, 1021100713, 6558, 1021105550, 6559, 1021997100, 6565, 1021110153, 6567, 1021989941, 6575, 1021950436, 6041, 1038314826]
[INFO] (lattice_cell.c: 455): on tick 3 of 50
[INFO] (lattice_cell.c: 172): the unmatched_packets is 56
[6296, 1038772156, 6560, 1038760316, 6552, 1038772150, 6568, 1038727115, 6312, 1038727101, 6048, 1038760316, 6040, 1038772156, 6056, 1038727073, 6313, 1038327971, 6561, 1038331434, 6553, 1038331226, 6569, 1038332235, 6297, 1038326964, 6298, 1037882341, 6562, 1037893672, 6554, 1037882341, 6057, 1038323717, 6049, 1038322920, 6570, 1037925448, 6314, 1037925468, 6563, 1038322012, 6564, 1021994345, 6303, 1021999522, 6566, 1021071077, 6571, 1038321113, 6573, 1021137822, 6299, 1038327332, 6063, 1022123159, 6044, 1021995014, 6575, 1022114029, 6300, 1021999613, 6053, 1021105985, 6301, 1021100823, 6047, 1022004117, 6061, 1021128870, 6055, 1022033757, 6302, 1021101342, 6572, 1021971729, 6041, 1038322714, 6058, 1037925484, 6315, 1038325377, 6316, 1021967293, 6043, 1038331582, 6555, 1038323066, 6059, 1038329625, 6556, 1022004055, 6042, 1037882341, 6574, 1020983810, 6317, 1021133263, 6050, 1037893674, 6062, 1020992664, 6557, 1021105374, 6046, 1021105736, 6565, 1021114939, 6052, 1021985305, 6318, 1020988318, 6051, 1038330527, 6558, 1021096783, 6319, 1022118512, 6060, 1021962674, 6045, 1021096426, 6559, 1021995082, 6567, 1022024701, 6054, 1021080019]
[INFO] (lattice_cell.c: 455): on tick 4 of 50
[INFO] (lattice_cell.c: 172): the unmatched_packets is 56
[6296, 1038790400, 6560, 1038815683, 6312, 1038817244, 6552, 1038790404, 6568, 1038817192, 6297, 1038319172, 6298, 1037875186, 6561, 1038323546, 6562, 1037850579, 6301, 1021099191, 6563, 1038316271, 6303, 1021974736, 6564, 1022030933, 6557, 1021103134, 6565, 1021088324, 6573, 1021109002, 6059, 1038323102, 6299, 1038320423, 6060, 1022001230, 6570, 1037848153, 6300, 1022011003, 6062, 1021290610, 6046, 1021136160, 6061, 1021101132, 6302, 1021132258, 6049, 1038314616, 6571, 1038314175, 6042, 1037875177, 6572, 1022009961, 6053, 1021080483, 6553, 1038323644, 6313, 1038319568, 6574, 1021282527, 6575, 1021817928, 6554, 1037875192, 6063, 1021826474, 6058, 1037848085, 6569, 1038324032, 6314, 1037848127, 6040, 1038790406, 6056, 1038817276, 6315, 1038318644, 6048, 1038815713, 6043, 1038324887, 6555, 1038315965, 6052, 1022022171, 6044, 1022006615, 6556, 1022015396, 6045, 1021095291, 6057, 1038315114, 6316, 1022005591, 6055, 1021903048, 6050, 1037850557, 6558, 1021128328, 6051, 1038325200, 6559, 1021970345, 6041, 1038314708, 6317, 1021105057, 6566, 1021201885, 6567, 1021894312, 6318, 1021286580, 6319, 1021822187, 6054, 1021209762, 6047, 1021979123]
[INFO] (lattice_cell.c: 455): on tick 5 of 50
[INFO] (lattice_cell.c: 172): the unmatched_packets is 56
[6296, 1038744545, 6560, 1038728684, 6312, 1038760414, 6552, 1038744553, 6568, 1038760456, 6297, 1038327212, 6313, 1038328243, 6561, 1038332050, 6553, 1038331434, 6040, 1038744551, 6056, 1038760372, 6569, 1038332465, 6315, 1038325630, 6562, 1037924328, 6563, 1038323178, 6301, 1021119870, 6316, 1022002800, 6557, 1021124491, 6318, 1020982756, 6319, 1022121089, 6565, 1021122470, 6042, 1037908946, 6573, 1021105337, 6574, 1020978308, 6575, 1022116349, 6298, 1037908944, 6299, 1038326207, 6044, 1021975692, 6300, 1021980389, 6302, 1021028222, 6049, 1038323617, 6050, 1037924374, 6303, 1022077560, 6051, 1038331613, 6571, 1038321416, 6060, 1021998079, 6053, 1021113410, 6572, 1022007387, 6061, 1021096299, 6058, 1037893718, 6054, 1020942200, 6048, 1038728632, 6062, 1020987059, 6063, 1022125951, 6047, 1022082285, 6043, 1038330412, 6059, 1038329849, 6314, 1037893676, 6554, 1037908946, 6057, 1038324037, 6055, 1022167432, 6555, 1038321989, 6046, 1021032689, 6556, 1021984945, 6564, 1021988340, 6052, 1021979038, 6317, 1021100736, 6045, 1021115403, 6558, 1021023618, 6559, 1022072991, 6566, 1020933277, 6567, 1022157999, 6570, 1037893636, 6041, 1038323006]
[INFO] (lattice_cell.c: 455): on tick 6 of 50
[INFO] (lattice_cell.c: 172): the unmatched_packets is 56
[6296, 1038824821, 6560, 1038799540, 6312, 1038766184, 6552, 1038824803, 6568, 1038766152, 6561, 1038323922, 6297, 1038318822, 6569, 1038325329, 6314, 1037897547, 6562, 1037865337, 6300, 1022024271, 6554, 1037841624, 6040, 1038824835, 6563, 1038315752, 6303, 1021848247, 6564, 1022002774, 6318, 1021127730, 6319, 1021980378, 6559, 1021844013, 6567, 1021843588, 6574, 1021123712, 6058, 1037897513, 6298, 1037841606, 6299, 1038319131, 6060, 1021991272, 6054, 1021260247, 6063, 1021984521, 6047, 1021852526, 6301, 1021085633, 6041, 1038314328, 6571, 1038313738, 6302, 1021262944, 6553, 1038323330, 6051, 1038324741, 6573, 1021120524, 6059, 1038322743, 6575, 1021976267, 6313, 1038320830, 6046, 1021266823, 6572, 1021999805, 6048, 1038799619, 6056, 1038766205, 6050, 1037865257, 6042, 1037841594, 6315, 1038318252, 6043, 1038323621, 6555, 1038314619, 6316, 1021995541, 6556, 1022028528, 6557, 1021089534, 6055, 1021851898, 6044, 1022019992, 6061, 1021112775, 6317, 1021116614, 6558, 1021259036, 6052, 1021994251, 6570, 1037897565, 6566, 1021252253, 6565, 1021114945, 6045, 1021081781, 6062, 1021131725, 6049, 1038314920, 6057, 1038316333, 6053, 1021107178]
[INFO] (lattice_cell.c: 455): on tick 7 of 50
[INFO] (lattice_cell.c: 172): the unmatched_packets is 56
[6296, 1038744651, 6560, 1038781686, 6312, 1038768453, 6552, 1038744673, 6568, 1038768462, 6297, 1038327424, 6561, 1038331606, 6553, 1038331622, 6569, 1038332481, 6056, 1038768439, 6562, 1037873107, 6555, 1038321843, 6301, 1021103221, 6558, 1020939935, 6318, 1021125099, 6319, 1021973826, 6567, 1022036811, 6572, 1021992908, 6573, 1021119500, 6574, 1021120538, 6575, 1021969075, 6042, 1037909346, 6298, 1037909326, 6299, 1038326034, 6570, 1037884577, 6300, 1021998892, 6046, 1020948889, 6571, 1038321864, 6302, 1020944489, 6049, 1038323231, 6303, 1022162787, 6057, 1038324111, 6058, 1037884587, 6043, 1038330217, 6060, 1021983425, 6050, 1037873145, 6061, 1021110364, 6045, 1021098713, 6062, 1021129534, 6047, 1022167659, 6313, 1038328285, 6051, 1038330965, 6040, 1038744627, 6059, 1038330236, 6048, 1038781649, 6044, 1021994075, 6052, 1022002662, 6053, 1021090557, 6554, 1037909300, 6314, 1037884579, 6054, 1021064161, 6041, 1038323251, 6055, 1022046567, 6315, 1038326048, 6563, 1038322593, 6556, 1022003566, 6564, 1022012148, 6557, 1021107835, 6316, 1021988238, 6559, 1022158027, 6565, 1021099700, 6063, 1021978699, 6317, 1021114885, 6566, 1021055275]
[INFO] (lattice_cell.c: 455): on tick 8 of 50
[INFO] (lattice_cell.c: 172): the unmatched_packets is 56
[6296, 1038777802, 6560, 1038774598, 6552, 1038777772, 6312, 1038780857, 6568, 1038780843, 6297, 1038319518, 6561, 1038324813, 6313, 1038320978, 6553, 1038324040, 6569, 1038325493, 6298, 1037886573, 6314, 1037883864, 6299, 1038319840, 6562, 1037890272, 6554, 1037886595, 6301, 1021114838, 6302, 1021186007, 6557, 1021118747, 6564, 1022013305, 6570, 1037883868, 6318, 1021115840, 6319, 1021992375, 6565, 1021106356, 6566, 1021083205, 6567, 1022017582, 6062, 1021119687, 6058, 1037883856, 6574, 1021111921, 6300, 1021994219, 6054, 1021091001, 6055, 1022025854, 6063, 1021996586, 6048, 1038774602, 6056, 1038780867, 6041, 1038315006, 6057, 1038316464, 6303, 1021921509, 6052, 1022004921, 6060, 1021990913, 6050, 1037890258, 6047, 1021925617, 6572, 1021999264, 6051, 1038323443, 6043, 1038324348, 6049, 1038315777, 6053, 1021098645, 6573, 1021120919, 6575, 1021988251, 6315, 1038317758, 6046, 1021189925, 6042, 1037886553, 6044, 1021990009, 6061, 1021113186, 6045, 1021111037, 6563, 1038314410, 6316, 1021995096, 6555, 1038315311, 6059, 1038322271, 6556, 1021998398, 6317, 1021117007, 6558, 1021182026, 6040, 1038777825, 6559, 1021917436, 6571, 1038313235]
[INFO] (lattice_cell.c: 455): on tick 9 of 50
[INFO] (lattice_cell.c: 172): the unmatched_packets is 56
[6296, 1038783702, 6560, 1038766682, 6312, 1038772747, 6552, 1038783693, 6568, 1038772751, 6297, 1038326658, 6561, 1038331914, 6553, 1038330850, 6569, 1038332985, 6048, 1038766706, 6040, 1038783712, 6056, 1038772749, 6313, 1038328804, 6298, 1037870851, 6570, 1037880968, 6562, 1037886615, 6554, 1037870859, 6049, 1038323559, 6057, 1038324630, 6563, 1038322868, 6564, 1022002840, 6565, 1021109478, 6571, 1038320923, 6567, 1021984261, 6572, 1022002400, 6574, 1021090959, 6575, 1021999591, 6299, 1038327105, 6300, 1022000678, 6301, 1021101313, 6054, 1021113842, 6043, 1038331279, 6302, 1021119973, 6050, 1037886601, 6042, 1037870843, 6058, 1037880958, 6314, 1037880962, 6573, 1021111853, 6303, 1021981496, 6052, 1021993216, 6044, 1021995835, 6315, 1038325093, 6555, 1038322931, 6041, 1038322504, 6046, 1021124439, 6063, 1022009211, 6556, 1022005437, 6316, 1021997653, 6055, 1021993866, 6557, 1021105952, 6053, 1021100361, 6051, 1038331226, 6558, 1021115394, 6317, 1021107231, 6318, 1021095600, 6060, 1021992801, 6559, 1021976669, 6319, 1022004377, 6566, 1021104693, 6045, 1021096793, 6062, 1021100096, 6059, 1038329269, 6061, 1021102711, 6047, 1021986388]
[INFO] (lattice_cell.c: 455): on tick 10 of 50
[INFO] (lattice_cell.c: 172): the unmatched_packets is 56
[6296, 1038786270, 6568, 1038772717, 6560, 1038780364, 6552, 1038786268, 6312, 1038772709, 6297, 1038320646, 6569, 1038326005, 6313, 1038321475, 6561, 1038324945, 6553, 1038325169, 6298, 1037879342, 6300, 1022003964, 6056, 1038772697, 6562, 1037884295, 6316, 1022001366, 6563, 1038314840, 6042, 1037879352, 6558, 1021086839, 6319, 1022006275, 6565, 1021115721, 6566, 1021120349, 6573, 1021115738, 6050, 1037884305, 6052, 1021993991, 6299, 1038318769, 6060, 1021997221, 6045, 1021099093, 6571, 1038313018, 6043, 1038323276, 6572, 1022005473, 6314, 1037891384, 6301, 1021102895, 6057, 1038316968, 6315, 1038317550, 6554, 1037879331, 6302, 1021090706, 6051, 1038323881, 6574, 1021097964, 6303, 1022021253, 6575, 1022002151, 6555, 1038314237, 6053, 1021108008, 6061, 1021107982, 6556, 1022008095, 6054, 1021128001, 6041, 1038316130, 6557, 1021106804, 6040, 1038786257, 6047, 1022025476, 6570, 1037891370, 6317, 1021111804, 6048, 1038780364, 6564, 1022002271, 6059, 1038322061, 6318, 1021101842, 6559, 1022017102, 6044, 1021999781, 6049, 1038315909, 6567, 1021977963, 6046, 1021094472, 6062, 1021105642, 6058, 1037891390, 6055, 1021986322, 6063, 1022010492]
[INFO] (lattice_cell.c: 455): on tick 11 of 50
[INFO] (lattice_cell.c: 172): the unmatched_packets is 56
[6296, 1038761296, 6560, 1038777352, 6312, 1038765952, 6552, 1038761289, 6568, 1038765922, 6297, 1038326729, 6569, 1038332935, 6313, 1038328737, 6553, 1038330923, 6040, 1038761304, 6056, 1038765979, 6048, 1038777396, 6561, 1038331204, 6298, 1037892377, 6570, 1037887187, 6562, 1037876875, 6300, 1022023468, 6315, 1038325146, 6555, 1038322338, 6565, 1021106177, 6566, 1021102389, 6567, 1021986232, 6053, 1021097079, 6573, 1021116386, 6574, 1021103116, 6575, 1021986143, 6299, 1038326522, 6571, 1038320960, 6062, 1021112343, 6301, 1021081476, 6063, 1021995677, 6049, 1038322839, 6572, 1021998685, 6302, 1021096457, 6303, 1022006237, 6050, 1037876835, 6051, 1038330770, 6044, 1022018645, 6060, 1021989026, 6045, 1021076946, 6314, 1037887153, 6054, 1021111569, 6046, 1021101025, 6055, 1021995809, 6554, 1037892385, 6043, 1038330702, 6059, 1038329322, 6563, 1038322411, 6316, 1021993903, 6556, 1022028242, 6061, 1021107317, 6057, 1038324572, 6564, 1022010097, 6557, 1021086084, 6042, 1037892376, 6058, 1037887123, 6317, 1021111840, 6052, 1022000428, 6558, 1021091795, 6318, 1021107770, 6319, 1021990883, 6559, 1022001487, 6047, 1022011018, 6041, 1038322557]
[INFO] (lattice_cell.c: 455): on tick 12 of 50
[INFO] (lattice_cell.c: 172): the unmatched_packets is 56
[6296, 1038795134, 6568, 1038776322, 6312, 1038776303, 6560, 1038786791, 6552, 1038795116, 6048, 1038786765, 6297, 1038318336, 6569, 1038327033, 6561, 1038325757, 6313, 1038322518, 6553, 1038322849, 6040, 1038795139, 6056, 1038776289, 6298, 1037869994, 6314, 1037887904, 6570, 1037887884, 6562, 1037878226, 6563, 1038314229, 6316, 1021991473, 6049, 1038316759, 6564, 1021997358, 6303, 1022005767, 6317, 1021118276, 6565, 1021120509, 6319, 1021990806, 6566, 1021091740, 6571, 1038312850, 6062, 1021119762, 6299, 1038318899, 6052, 1021989032, 6300, 1021948422, 6301, 1021167326, 6054, 1021099326, 6302, 1021105117, 6050, 1037878254, 6572, 1021995545, 6573, 1021122262, 6044, 1021944152, 6574, 1021112147, 6060, 1021987325, 6575, 1021986651, 6042, 1037869980, 6554, 1037869998, 6043, 1038323382, 6059, 1038321864, 6555, 1038314381, 6041, 1038313843, 6057, 1038318025, 6053, 1021112750, 6315, 1038317375, 6061, 1021114420, 6556, 1021952581, 6046, 1021108850, 6047, 1022010058, 6557, 1021171212, 6055, 1022016275, 6063, 1021995113, 6558, 1021101255, 6559, 1022001569, 6567, 1022007764, 6318, 1021116006, 6058, 1037887918, 6051, 1038323237, 6045, 1021163568]
[INFO] (lattice_cell.c: 455): on tick 13 of 50
[INFO] (lattice_cell.c: 172): the unmatched_packets is 56
[6296, 1038740515, 6568, 1038767720, 6312, 1038767754, 6560, 1038753962, 6552, 1038740510, 6297, 1038326871, 6569, 1038332838, 6561, 1038333881, 6553, 1038331088, 6048, 1038753994, 6040, 1038740509, 6056, 1038767792, 6313, 1038328623, 6298, 1037912617, 6570, 1037885827, 6562, 1037899134, 6563, 1038322429, 6564, 1022048829, 6565, 1021058348, 6319, 1021989631, 6571, 1038320565, 6575, 1021984930, 6299, 1038327121, 6300, 1022111365, 6301, 1020992545, 6302, 1021136074, 6303, 1021964555, 6572, 1022009606, 6060, 1022000041, 6573, 1021107313, 6314, 1037885790, 6049, 1038325468, 6574, 1021103811, 6554, 1037912617, 6057, 1038324435, 6315, 1038324769, 6042, 1037912621, 6050, 1037899120, 6058, 1037885754, 6043, 1038331317, 6059, 1038328967, 6555, 1038322908, 6044, 1022106696, 6316, 1022004842, 6054, 1021113434, 6063, 1021994328, 6556, 1022116030, 6047, 1021969267, 6051, 1038330839, 6317, 1021102783, 6557, 1020997222, 6052, 1022039361, 6053, 1021049209, 6045, 1020987948, 6318, 1021108454, 6558, 1021131424, 6566, 1021104185, 6062, 1021113018, 6046, 1021140651, 6559, 1021959879, 6055, 1021993818, 6567, 1021984441, 6061, 1021098293, 6041, 1038322684]
[INFO] (lattice_cell.c: 455): on tick 14 of 50
[INFO] (lattice_cell.c: 172): the unmatched_packets is 56
[6568, 1038789935, 6552, 1038822862, 6560, 1038808418, 6312, 1038789933, 6296, 1038822860, 6569, 1038324842, 6297, 1038320589, 6561, 1038325536, 6313, 1038320360, 6314, 1037874648, 6562, 1037856906, 6554, 1037843244, 6563, 1038313944, 6318, 1021096781, 6319, 1022010812, 6565, 1021210364, 6567, 1022006976, 6572, 1021972762, 6298, 1037843246, 6299, 1038318248, 6043, 1038322717, 6300, 1021846842, 6301, 1021260334, 6044, 1021842446, 6302, 1021096187, 6303, 1022014090, 6571, 1038312442, 6045, 1021256597, 6049, 1038316593, 6057, 1038315893, 6573, 1021155937, 6553, 1038325092, 6058, 1037874649, 6574, 1021092904, 6575, 1022006526, 6053, 1021202742, 6315, 1038316922, 6062, 1021100524, 6063, 1022015207, 6055, 1022015651, 6555, 1038313770, 6048, 1038808454, 6056, 1038789932, 6050, 1037856884, 6040, 1038822864, 6316, 1021968581, 6570, 1037874642, 6059, 1038321386, 6556, 1021851102, 6564, 1021908197, 6052, 1021899557, 6060, 1021964321, 6557, 1021264229, 6317, 1021151926, 6559, 1022009820, 6558, 1021092309, 6054, 1021099199, 6042, 1037843248, 6051, 1038322888, 6047, 1022018494, 6566, 1021091608, 6061, 1021148094, 6046, 1021099913, 6041, 1038316137]
[INFO] (lattice_cell.c: 455): on tick 15 of 50
[INFO] (lattice_cell.c: 172): the unmatched_packets is 56
[6568, 1038740091, 6296, 1038756501, 6312, 1038740110, 6560, 1038735194, 6552, 1038756463, 6569, 1038333368, 6297, 1038326764, 6313, 1038329119, 6561, 1038331893, 6553, 1038330999, 6048, 1038735218, 6040, 1038756537, 6056, 1038740115, 6570, 1037912490, 6298, 1037897694, 6314, 1037912471, 6562, 1037917759, 6554, 1037897720, 6316, 1022080338, 6041, 1038322518, 6571, 1038320711, 6319, 1021981034, 6565, 1020963045, 6566, 1021120597, 6567, 1021967092, 6053, 1020953845, 6299, 1038326674, 6047, 1022012931, 6574, 1021112029, 6300, 1022136422, 6052, 1022144174, 6061, 1021022143, 6062, 1021121206, 6301, 1020970896, 6572, 1022084925, 6573, 1021031278, 6302, 1021094088, 6043, 1038330902, 6303, 1022008335, 6059, 1038329196, 6575, 1021976441, 6045, 1020966425, 6054, 1021129726, 6046, 1021098623, 6315, 1038324955, 6055, 1021976322, 6044, 1022131763, 6051, 1038331131, 6057, 1038324885, 6555, 1038322423, 6317, 1021026695, 6563, 1038322644, 6049, 1038323407, 6063, 1021985603, 6556, 1022141091, 6564, 1022153337, 6050, 1037917731, 6557, 1020975436, 6318, 1021116646, 6042, 1037897658, 6558, 1021089506, 6559, 1022003685, 6060, 1022075744, 6058, 1037912461]
[INFO] (lattice_cell.c: 455): on tick 16 of 50
[INFO] (lattice_cell.c: 172): the unmatched_packets is 56
[6568, 1038811855, 6296, 1038768034, 6312, 1038811874, 6560, 1038807013, 6552, 1038768046, 6569, 1038327129, 6297, 1038319571, 6313, 1038322688, 6561, 1038326379, 6553, 1038324015, 6048, 1038806972, 6040, 1038768006, 6056, 1038811906, 6298, 1037895730, 6570, 1037853070, 6562, 1037857953, 6554, 1037895704, 6564, 1021863438, 6558, 1021113731, 6571, 1038312030, 6063, 1022016927, 6299, 1038318822, 6300, 1021970527, 6301, 1021141697, 6055, 1022003845, 6572, 1021863084, 6302, 1021117697, 6573, 1021256545, 6303, 1021993045, 6049, 1038317516, 6041, 1038315160, 6057, 1038318271, 6058, 1037853029, 6574, 1021090255, 6575, 1022008069, 6042, 1037895747, 6314, 1037853050, 6044, 1021966141, 6315, 1038316470, 6054, 1021110297, 6043, 1038323231, 6563, 1038313714, 6059, 1038320888, 6316, 1021858735, 6555, 1038314376, 6556, 1021974725, 6061, 1021248783, 6045, 1021137777, 6317, 1021252579, 6062, 1021097989, 6046, 1021121494, 6557, 1021145770, 6050, 1037857991, 6047, 1021997534, 6318, 1021094201, 6319, 1022012398, 6565, 1021252322, 6559, 1021988683, 6060, 1021854258, 6566, 1021102578, 6567, 1021994973, 6053, 1021244456, 6051, 1038322563, 6052, 1021854703]
[INFO] (lattice_cell.c: 455): on tick 17 of 50
[INFO] (lattice_cell.c: 172): the unmatched_packets is 56
[6568, 1038739016, 6312, 1038739050, 6560, 1038776622, 6296, 1038783752, 6552, 1038783738, 6569, 1038332714, 6297, 1038327804, 6313, 1038328417, 6561, 1038333038, 6553, 1038332109, 6048, 1038776707, 6040, 1038783764, 6056, 1038739088, 6570, 1037914067, 6298, 1037870555, 6562, 1037877987, 6554, 1037870571, 6057, 1038324139, 6314, 1037914027, 6571, 1038320447, 6299, 1038326166, 6315, 1038324749, 6563, 1038321814, 6555, 1038321862, 6556, 1021965118, 6051, 1038330399, 6572, 1022150830, 6566, 1021083933, 6567, 1022004804, 6300, 1021960546, 6575, 1021979540, 6301, 1021140940, 6302, 1021107936, 6303, 1021992132, 6062, 1021118561, 6054, 1021092910, 6041, 1038323526, 6574, 1021109602, 6049, 1038324447, 6316, 1022146349, 6059, 1038329026, 6573, 1020969681, 6052, 1022061305, 6317, 1020965141, 6060, 1022141860, 6044, 1021955995, 6043, 1038330433, 6050, 1037877896, 6046, 1021112440, 6055, 1022013804, 6047, 1021996607, 6318, 1021114090, 6564, 1022070518, 6053, 1021034178, 6061, 1020960647, 6565, 1021042949, 6557, 1021145371, 6045, 1021136537, 6319, 1021984061, 6058, 1037913991, 6063, 1021988571, 6558, 1021103415, 6042, 1037870539, 6559, 1021987663]
[INFO] (lattice_cell.c: 455): on tick 18 of 50
[INFO] (lattice_cell.c: 172): the unmatched_packets is 56
[6568, 1038781108, 6296, 1038785643, 6312, 1038781086, 6560, 1038763245, 6552, 1038785629, 6569, 1038326645, 6297, 1038319538, 6313, 1038322253, 6561, 1038325356, 6553, 1038323929, 6048, 1038763238, 6040, 1038785665, 6056, 1038781074, 6570, 1037882517, 6298, 1037879592, 6314, 1037882531, 6562, 1037900450, 6554, 1037879606, 6299, 1038318629, 6315, 1038317514, 6049, 1038316599, 6301, 1021084935, 6555, 1038314248, 6302, 1021110636, 6303, 1021999963, 6564, 1022036454, 6571, 1038313127, 6319, 1021986682, 6565, 1021085359, 6566, 1021107895, 6046, 1021114478, 6300, 1022029120, 6061, 1021199938, 6572, 1021914103, 6045, 1021081061, 6573, 1021208173, 6042, 1037879578, 6058, 1037882547, 6574, 1021111757, 6043, 1038322997, 6575, 1021982225, 6052, 1022027627, 6060, 1021905321, 6563, 1038314490, 6055, 1021998917, 6047, 1022004599, 6316, 1021909761, 6556, 1022033575, 6041, 1038315173, 6057, 1038317894, 6557, 1021088999, 6317, 1021203955, 6050, 1037900453, 6558, 1021106603, 6318, 1021115813, 6051, 1038323234, 6567, 1021989801, 6559, 1021995482, 6053, 1021077191, 6059, 1038321881, 6044, 1022024532, 6054, 1021115769, 6063, 1021991291, 6062, 1021119691]
[INFO] (lattice_cell.c: 455): on tick 19 of 50
[INFO] (lattice_cell.c: 172): the unmatched_packets is 56
[6568, 1038785047, 6312, 1038785081, 6560, 1038773087, 6296, 1038768660, 6552, 1038768642, 6569, 1038333997, 6297, 1038327320, 6313, 1038329648, 6561, 1038333636, 6553, 1038331684, 6048, 1038773110, 6040, 1038768673, 6056, 1038785122, 6570, 1037869391, 6298, 1037885420, 6314, 1037869345, 6300, 1022020277, 6049, 1038324951, 6558, 1021097292, 6319, 1022003482, 6565, 1021144858, 6566, 1021107326, 6567, 1021983039, 6053, 1021136084, 6573, 1021121596, 6299, 1038326310, 6301, 1021083581, 6302, 1021101684, 6303, 1021999872, 6572, 1021994202, 6061, 1021112984, 6041, 1038322992, 6050, 1037880493, 6042, 1037885400, 6058, 1037869305, 6574, 1021091543, 6575, 1021999055, 6052, 1021956222, 6060, 1021985222, 6044, 1022015927, 6315, 1038323431, 6554, 1037885447, 6562, 1037880505, 6316, 1021989700, 6045, 1021079197, 6317, 1021117280, 6564, 1021965031, 6055, 1021991821, 6059, 1038327765, 6318, 1021095927, 6555, 1038321944, 6563, 1038320751, 6054, 1021116113, 6556, 1022024677, 6062, 1021100290, 6046, 1021106037, 6057, 1038325312, 6063, 1022007887, 6557, 1021088013, 6571, 1038319091, 6559, 1021995432, 6043, 1038330630, 6051, 1038329441, 6047, 1022004244]
[INFO] (lattice_cell.c: 455): on tick 20 of 50
[INFO] (lattice_cell.c: 172): the unmatched_packets is 56
[6568, 1038764253, 6296, 1038775446, 6312, 1038764292, 6560, 1038788508, 6552, 1038775455, 6569, 1038325990, 6297, 1038320171, 6313, 1038321671, 6561, 1038325900, 6553, 1038324512, 6048, 1038788549, 6040, 1038775448, 6056, 1038764352, 6570, 1037899481, 6298, 1037888585, 6299, 1038319302, 6300, 1021995081, 6564, 1021999307, 6557, 1021121980, 6571, 1038311107, 6567, 1021991323, 6042, 1037888596, 6052, 1021990044, 6301, 1021117760, 6061, 1021070473, 6572, 1022048400, 6302, 1021110773, 6041, 1038315864, 6573, 1021078816, 6057, 1038317353, 6303, 1021996276, 6574, 1021095793, 6314, 1037899438, 6575, 1022008291, 6050, 1037876242, 6058, 1037899394, 6315, 1038315442, 6051, 1038323089, 6554, 1037888579, 6562, 1037876279, 6044, 1021990449, 6316, 1022043929, 6563, 1038314447, 6555, 1038314973, 6062, 1021103985, 6317, 1021074562, 6055, 1022000612, 6556, 1021999601, 6059, 1038319750, 6049, 1038317272, 6060, 1022039334, 6318, 1021099978, 6053, 1021113564, 6319, 1022012834, 6558, 1021106609, 6043, 1038323611, 6045, 1021113725, 6054, 1021111499, 6565, 1021121718, 6559, 1021991719, 6046, 1021114729, 6063, 1022017530, 6566, 1021103379, 6047, 1022001002]
[INFO] (lattice_cell.c: 455): on tick 21 of 50
[INFO] (lattice_cell.c: 172): the unmatched_packets is 56
[6568, 1038769694, 6296, 1038778382, 6552, 1038778368, 6560, 1038777642, 6569, 1038333880, 6297, 1038327550, 6561, 1038333119, 6313, 1038329470, 6553, 1038331963, 6312, 1038769684, 6048, 1038777685, 6056, 1038769684, 6040, 1038778400, 6570, 1037883689, 6562, 1037876862, 6299, 1038325480, 6554, 1037875984, 6556, 1021989076, 6317, 1021112165, 6041, 1038323180, 6565, 1021083894, 6318, 1021136459, 6567, 1021986802, 6573, 1021116467, 6046, 1021109531, 6575, 1021957861, 6298, 1037875975, 6572, 1021999250, 6300, 1021984764, 6061, 1021107865, 6301, 1021118497, 6302, 1021105270, 6055, 1021995514, 6303, 1021997239, 6057, 1038325080, 6058, 1037883694, 6574, 1021132294, 6042, 1037875957, 6060, 1021990762, 6044, 1021980437, 6045, 1021114273, 6062, 1021140612, 6563, 1038323008, 6555, 1038321068, 6051, 1038331803, 6314, 1037883693, 6052, 1022020088, 6315, 1038323632, 6557, 1021122765, 6049, 1038324328, 6047, 1022001531, 6558, 1021100993, 6316, 1021995018, 6564, 1022028737, 6571, 1038319224, 6050, 1037876812, 6559, 1021992936, 6566, 1021095734, 6043, 1038329852, 6319, 1021962276, 6063, 1021966652, 6054, 1021104161, 6059, 1038328018, 6053, 1021075397]
[INFO] (lattice_cell.c: 455): on tick 22 of 50
[INFO] (lattice_cell.c: 172): the unmatched_packets is 56
[6568, 1038758646, 6296, 1038780265, 6312, 1038758710, 6552, 1038780239, 6560, 1038763892, 6569, 1038327010, 6297, 1038319990, 6313, 1038322727, 6561, 1038326042, 6048, 1038763966, 6040, 1038780304, 6056, 1038758778, 6570, 1037904573, 6553, 1038324277, 6298, 1037884412, 6299, 1038317127, 6562, 1037899636, 6301, 1021100127, 6556, 1022017747, 6571, 1038313504, 6565, 1021106891, 6566, 1021082231, 6567, 1022012429, 6575, 1022045273, 6300, 1022013109, 6302, 1021108832, 6047, 1022011990, 6314, 1037904511, 6303, 1022007229, 6041, 1038315737, 6050, 1037899568, 6573, 1021159868, 6042, 1037884389, 6058, 1037904449, 6051, 1038323286, 6043, 1038321389, 6574, 1021046041, 6554, 1037884438, 6315, 1038317791, 6049, 1038317492, 6061, 1021151288, 6045, 1021096028, 6057, 1038318467, 6316, 1021959898, 6555, 1038312848, 6046, 1021112940, 6563, 1038314753, 6572, 1021964481, 6055, 1022021791, 6317, 1021155481, 6564, 1022014693, 6052, 1022005441, 6060, 1021955214, 6557, 1021104456, 6318, 1021050469, 6059, 1038322042, 6319, 1022049763, 6558, 1021104524, 6054, 1021090718, 6063, 1022054398, 6559, 1022002573, 6062, 1021054754, 6044, 1022008328, 6053, 1021098342]
[INFO] (lattice_cell.c: 455): on tick 23 of 50
[INFO] (lattice_cell.c: 172): the unmatched_packets is 56
[6568, 1038810492, 6296, 1038778222, 6312, 1038810488, 6560, 1038789902, 6552, 1038778219, 6569, 1038333600, 6297, 1038327293, 6313, 1038329150, 6561, 1038333506, 6553, 1038331763, 6040, 1038778230, 6056, 1038810470, 6048, 1038789849, 6570, 1037844655, 6298, 1037876112, 6314, 1037844659, 6562, 1037864375, 6554, 1037876127, 6049, 1038324610, 6041, 1038322879, 6057, 1038324720, 6571, 1038317264, 6299, 1038325475, 6315, 1038321714, 6563, 1038319731, 6564, 1021998958, 6565, 1021112705, 6572, 1022019401, 6566, 1021156021, 6567, 1021937094, 6300, 1022015956, 6574, 1021210910, 6062, 1021218733, 6301, 1021088848, 6302, 1021122422, 6303, 1021980816, 6061, 1021089131, 6055, 1021945833, 6047, 1021985110, 6050, 1037864418, 6575, 1021885525, 6042, 1037876112, 6058, 1037844669, 6051, 1038328619, 6555, 1038321018, 6043, 1038329903, 6316, 1022015148, 6573, 1021097377, 6052, 1021990507, 6044, 1022011768, 6556, 1022020159, 6317, 1021093257, 6045, 1021084725, 6557, 1021093032, 6063, 1021894462, 6558, 1021118344, 6318, 1021214841, 6319, 1021889994, 6060, 1022010899, 6559, 1021976502, 6053, 1021104436, 6046, 1021126462, 6059, 1038326153, 6054, 1021164012]
[INFO] (lattice_cell.c: 455): on tick 24 of 50
[INFO] (lattice_cell.c: 172): the unmatched_packets is 56
[6568, 1038736839, 6312, 1038736926, 6296, 1038761447, 6560, 1038753086, 6552, 1038761409, 6569, 1038326829, 6297, 1038320551, 6313, 1038322592, 6561, 1038326427, 6553, 1038324787, 6040, 1038761495, 6056, 1038737012, 6570, 1037926314, 6298, 1037902235, 6314, 1037926238, 6562, 1037910598, 6315, 1038317597, 6563, 1038316283, 6555, 1038315802, 6564, 1021985254, 6557, 1021122809, 6565, 1021135411, 6319, 1022145446, 6567, 1022085672, 6573, 1021113870, 6299, 1038320043, 6300, 1021994123, 6047, 1022042251, 6301, 1021118352, 6302, 1021066258, 6572, 1022012912, 6054, 1021010634, 6303, 1022037483, 6574, 1020953362, 6554, 1037902273, 6049, 1038317977, 6575, 1022140934, 6316, 1022008255, 6042, 1037902190, 6058, 1037926150, 6043, 1038324244, 6059, 1038321811, 6044, 1021989350, 6060, 1022003506, 6048, 1038753247, 6317, 1021109352, 6556, 1021998813, 6045, 1021114059, 6053, 1021126707, 6041, 1038316339, 6062, 1020962372, 6571, 1038313360, 6057, 1038318361, 6318, 1020957948, 6055, 1022094902, 6558, 1021061775, 6051, 1038324730, 6050, 1037910448, 6559, 1022032829, 6566, 1021001648, 6061, 1021105040, 6046, 1021070568, 6063, 1022150118, 6052, 1021975754]
[INFO] (lattice_cell.c: 455): on tick 25 of 50
[INFO] (lattice_cell.c: 172): the unmatched_packets is 56
[6568, 1038782573, 6296, 1038803277, 6312, 1038782605, 6552, 1038803315, 6560, 1038811782, 6569, 1038333939, 6297, 1038327101, 6313, 1038329457, 6561, 1038333033, 6553, 1038331605, 6048, 1038811774, 6040, 1038803250, 6570, 1037870587, 6298, 1037851694, 6056, 1038782631, 6562, 1037843224, 6555, 1038318869, 6563, 1038320157, 6564, 1022028938, 6566, 1021238612, 6058, 1037870521, 6574, 1021225667, 6299, 1038323367, 6300, 1022006897, 6301, 1021098407, 6572, 1021999531, 6302, 1021196019, 6303, 1021913823, 6573, 1021116810, 6061, 1021108596, 6055, 1021861613, 6049, 1038324067, 6057, 1038324986, 6314, 1037870557, 6315, 1038323553, 6554, 1037851674, 6050, 1037843242, 6042, 1037851730, 6316, 1021995475, 6043, 1038327836, 6317, 1021112688, 6556, 1022011068, 6571, 1038319063, 6053, 1021075857, 6318, 1021229577, 6319, 1021867072, 6557, 1021102456, 6063, 1021871374, 6047, 1021918143, 6059, 1038328026, 6558, 1021192121, 6052, 1022020599, 6044, 1022002716, 6045, 1021094416, 6559, 1021909495, 6054, 1021246207, 6565, 1021083909, 6046, 1021199844, 6567, 1021852825, 6041, 1038322645, 6575, 1021862784, 6060, 1021991376, 6062, 1021233438, 6051, 1038329115]
[INFO] (lattice_cell.c: 455): on tick 26 of 50
[INFO] (lattice_cell.c: 172): the unmatched_packets is 56
[6568, 1038780235, 6296, 1038746635, 6312, 1038780257, 6560, 1038751039, 6552, 1038746575, 6569, 1038326804, 6297, 1038321582, 6313, 1038322598, 6561, 1038326589, 6553, 1038325790, 6048, 1038751128, 6040, 1038746705, 6056, 1038780273, 6570, 1037884283, 6298, 1037917162, 6314, 1037884272, 6562, 1037912837, 6554, 1037917230, 6049, 1038318208, 6041, 1038317398, 6057, 1038318417, 6571, 1038310975, 6299, 1038319636, 6315, 1038315182, 6563, 1038314287, 6555, 1038315437, 6300, 1021988262, 6316, 1021994003, 6564, 1022014239, 6565, 1021107352, 6042, 1037917092, 6572, 1021998737, 6059, 1038319367, 6567, 1022128273, 6051, 1038322668, 6574, 1021066485, 6301, 1021120726, 6302, 1020974317, 6573, 1021126830, 6045, 1021116386, 6303, 1022131754, 6046, 1020978810, 6054, 1020976997, 6575, 1022034525, 6556, 1021993037, 6317, 1021122268, 6043, 1038323807, 6318, 1021070936, 6319, 1022039312, 6060, 1021989193, 6557, 1021125265, 6061, 1021117857, 6058, 1037884254, 6055, 1022137762, 6047, 1022136458, 6558, 1020969644, 6052, 1022004645, 6559, 1022127142, 6566, 1020967997, 6050, 1037912759, 6063, 1022044256, 6044, 1021983409, 6053, 1021098431, 6062, 1021075255]
[INFO] (lattice_cell.c: 455): on tick 27 of 50
[INFO] (lattice_cell.c: 172): the unmatched_packets is 56
[6568, 1038759975, 6296, 1038802374, 6312, 1038760027, 6560, 1038772201, 6552, 1038802354, 6569, 1038334291, 6297, 1038326460, 6313, 1038329767, 6561, 1038332867, 6553, 1038330973, 6040, 1038802390, 6056, 1038760106, 6570, 1037893396, 6048, 1038772296, 6298, 1037852112, 6314, 1037893336, 6562, 1037880942, 6554, 1037852132, 6315, 1038323804, 6563, 1038322368, 6564, 1021993618, 6571, 1038319286, 6303, 1021855393, 6557, 1021093826, 6057, 1038325281, 6318, 1021070282, 6558, 1021241155, 6566, 1021164911, 6567, 1021916622, 6573, 1021125855, 6299, 1038325731, 6574, 1021066278, 6046, 1021248747, 6575, 1022021660, 6300, 1022017871, 6301, 1021089824, 6302, 1021244998, 6053, 1021113857, 6572, 1021991699, 6063, 1022029845, 6062, 1021074221, 6041, 1038321977, 6555, 1038321216, 6316, 1021987628, 6050, 1037880842, 6556, 1022021959, 6049, 1038323855, 6052, 1021985460, 6317, 1021121871, 6044, 1022013749, 6054, 1021172788, 6565, 1021121850, 6058, 1037893275, 6319, 1022025734, 6559, 1021851119, 6047, 1021859694, 6042, 1037852096, 6051, 1038331382, 6043, 1038330212, 6059, 1038328301, 6060, 1021983485, 6045, 1021085892, 6061, 1021117928, 6055, 1021924924]
[INFO] (lattice_cell.c: 455): on tick 28 of 50
[INFO] (lattice_cell.c: 172): the unmatched_packets is 56
[6568, 1038778373, 6296, 1038768810, 6312, 1038778432, 6560, 1038794973, 6552, 1038768806, 6569, 1038327497, 6297, 1038319177, 6313, 1038323313, 6561, 1038326734, 6553, 1038323381, 6570, 1037885508, 6298, 1037895784, 6314, 1037885448, 6562, 1037870061, 6040, 1038768812, 6563, 1038313656, 6301, 1021101978, 6564, 1022007707, 6317, 1021108328, 6318, 1021146607, 6571, 1038312486, 6043, 1038321062, 6299, 1038316895, 6046, 1021031298, 6300, 1022016686, 6302, 1021026923, 6572, 1022009459, 6303, 1022089787, 6573, 1021112986, 6574, 1021142114, 6554, 1037895788, 6315, 1038316683, 6575, 1021952535, 6041, 1038315028, 6057, 1038319137, 6042, 1037895786, 6058, 1037885374, 6316, 1022004757, 6555, 1038312701, 6556, 1022021499, 6056, 1038778509, 6048, 1038794989, 6557, 1021106545, 6045, 1021097525, 6049, 1038318380, 6565, 1021110875, 6054, 1021130981, 6558, 1021022399, 6319, 1021957383, 6055, 1021984294, 6050, 1037870046, 6559, 1022084935, 6566, 1021122239, 6059, 1038320850, 6567, 1021974355, 6052, 1021998069, 6044, 1022011840, 6053, 1021101849, 6061, 1021103814, 6060, 1021999969, 6063, 1021962288, 6051, 1038321988, 6062, 1021151020, 6047, 1022094707]
[INFO] (lattice_cell.c: 455): on tick 29 of 50
[INFO] (lattice_cell.c: 172): the unmatched_packets is 56
[6568, 1038775446, 6296, 1038763264, 6312, 1038775499, 6552, 1038763202, 6560, 1038768749, 6569, 1038333517, 6297, 1038327152, 6313, 1038328992, 6553, 1038331680, 6561, 1038335182, 6570, 1037878320, 6298, 1037890088, 6048, 1038768821, 6314, 1037878262, 6562, 1037885319, 6554, 1037890145, 6555, 1038321668, 6316, 1022007768, 6563, 1038320640, 6057, 1038324503, 6558, 1021103084, 6318, 1021110689, 6319, 1021989063, 6566, 1021051014, 6299, 1038326197, 6300, 1021984603, 6051, 1038329651, 6059, 1038327471, 6301, 1021122709, 6302, 1021107129, 6303, 1021991131, 6572, 1022011766, 6573, 1021108380, 6047, 1021995150, 6574, 1021106799, 6315, 1038322956, 6575, 1021984875, 6049, 1038326161, 6058, 1037878214, 6043, 1038330683, 6056, 1038775555, 6556, 1021988663, 6040, 1038763305, 6317, 1021104368, 6564, 1022005712, 6557, 1021126696, 6045, 1021118819, 6062, 1021114446, 6571, 1038318438, 6041, 1038322657, 6055, 1022046950, 6042, 1037890038, 6559, 1021987120, 6565, 1021102184, 6567, 1022038733, 6052, 1021997440, 6060, 1022003692, 6044, 1021980518, 6061, 1021100435, 6053, 1021094400, 6046, 1021111026, 6054, 1021058860, 6050, 1037885244, 6063, 1021993268]
[INFO] (lattice_cell.c: 455): on tick 30 of 50
[INFO] (lattice_cell.c: 172): the unmatched_packets is 56
[6568, 1038768249, 6296, 1038788678, 6312, 1038768273, 6552, 1038788660, 6560, 1038769103, 6569, 1038325803, 6297, 1038321718, 6313, 1038321609, 6561, 1038327002, 6553, 1038325910, 6570, 1037895559, 6298, 1037875972, 6314, 1037895537, 6562, 1037894601, 6040, 1038788704, 6300, 1022011693, 6315, 1038315549, 6563, 1038314845, 6301, 1021094842, 6316, 1021998677, 6557, 1021099400, 6565, 1021107246, 6559, 1021943952, 6566, 1021110263, 6567, 1021981317, 6060, 1021993928, 6574, 1021077266, 6063, 1022030504, 6302, 1021158869, 6572, 1022003421, 6303, 1021948881, 6573, 1021128254, 6061, 1021119021, 6299, 1038318773, 6575, 1022020687, 6049, 1038318646, 6041, 1038317562, 6057, 1038317446, 6554, 1037875982, 6564, 1022011898, 6555, 1038314579, 6056, 1038768301, 6048, 1038769209, 6044, 1022006833, 6045, 1021090376, 6053, 1021098120, 6556, 1022016497, 6046, 1021163188, 6055, 1021991106, 6058, 1037895511, 6317, 1021123578, 6051, 1038323196, 6558, 1021154418, 6043, 1038322924, 6571, 1038311360, 6318, 1021081741, 6319, 1022025554, 6052, 1022002297, 6050, 1037894502, 6054, 1021119202, 6059, 1038319717, 6062, 1021086130, 6042, 1037875945, 6047, 1021953875]
[INFO] (lattice_cell.c: 455): on tick 31 of 50
[INFO] (lattice_cell.c: 172): the unmatched_packets is 56
[6568, 1038765937, 6296, 1038790666, 6312, 1038766019, 6552, 1038790636, 6560, 1038782793, 6569, 1038333733, 6297, 1038325143, 6313, 1038329224, 6553, 1038329658, 6561, 1038332159, 6570, 1037887366, 6298, 1037864283, 6314, 1037887273, 6562, 1037871167, 6048, 1038782899, 6316, 1021984113, 6563, 1038321574, 6041, 1038320665, 6558, 1021069728, 6565, 1021119617, 6566, 1021126266, 6299, 1038324635, 6300, 1021984478, 6301, 1021130757, 6051, 1038330575, 6302, 1021073679, 6052, 1021990702, 6303, 1022031771, 6572, 1021988141, 6573, 1021131282, 6045, 1021126906, 6047, 1022035947, 6315, 1038323592, 6574, 1021102619, 6575, 1021985294, 6554, 1037864305, 6555, 1038320117, 6317, 1021127273, 6556, 1021988523, 6564, 1021998785, 6057, 1038324735, 6318, 1021106656, 6557, 1021134775, 6042, 1037864263, 6319, 1021989309, 6571, 1038319086, 6043, 1038329109, 6059, 1038328084, 6060, 1021979988, 6061, 1021123360, 6054, 1021134025, 6050, 1037871060, 6040, 1038790684, 6559, 1022027677, 6056, 1038766120, 6567, 1021959081, 6044, 1021980354, 6049, 1038323152, 6053, 1021111657, 6062, 1021110567, 6058, 1037887177, 6063, 1021993391, 6055, 1021967384, 6046, 1021077514]
[INFO] (lattice_cell.c: 455): on tick 32 of 50
[INFO] (lattice_cell.c: 172): the unmatched_packets is 56
[6568, 1038777998, 6296, 1038745760, 6312, 1038778073, 6552, 1038745737, 6560, 1038773498, 6569, 1038328402, 6297, 1038321836, 6313, 1038324200, 6561, 1038328979, 6553, 1038326064, 6570, 1037885932, 6298, 1037917516, 6314, 1037885861, 6562, 1037890788, 6554, 1037917523, 6299, 1038318039, 6563, 1038313664, 6564, 1022030724, 6565, 1021081417, 6319, 1021974223, 6567, 1021999253, 6572, 1022010232, 6573, 1021109865, 6300, 1022073205, 6301, 1021035789, 6302, 1021099137, 6303, 1022012387, 6060, 1022000756, 6063, 1021979215, 6048, 1038773520, 6574, 1021126019, 6575, 1021969268, 6315, 1038316345, 6049, 1038320591, 6057, 1038320018, 6316, 1022005507, 6052, 1022021097, 6040, 1038745773, 6044, 1022068398, 6317, 1021105266, 6555, 1038313828, 6056, 1038778141, 6062, 1021134692, 6046, 1021103545, 6556, 1022077995, 6055, 1022009214, 6318, 1021130382, 6558, 1021094667, 6041, 1038317675, 6557, 1021040315, 6042, 1037917496, 6051, 1038322051, 6059, 1038320522, 6559, 1022007538, 6061, 1021100715, 6571, 1038312136, 6566, 1021096478, 6050, 1037890772, 6058, 1037885794, 6043, 1038322215, 6053, 1021072452, 6045, 1021031302, 6054, 1021105115, 6047, 1022017263]
[INFO] (lattice_cell.c: 455): on tick 33 of 50
[INFO] (lattice_cell.c: 172): the unmatched_packets is 56
[6568, 1038781810, 6296, 1038802907, 6312, 1038781886, 6552, 1038802816, 6560, 1038787799, 6569, 1038331723, 6297, 1038327492, 6313, 1038327249, 6553, 1038331987, 6561, 1038332617, 6570, 1037872450, 6298, 1037851604, 6314, 1037872374, 6562, 1037866627, 6563, 1038320637, 6558, 1021112069, 6319, 1022002061, 6299, 1038325682, 6573, 1021132825, 6300, 1021885572, 6301, 1021218669, 6302, 1021116155, 6303, 1021982980, 6572, 1021995155, 6063, 1022006275, 6574, 1021093374, 6575, 1021997948, 6554, 1037851690, 6315, 1038322658, 6046, 1021120067, 6048, 1038787932, 6040, 1038803007, 6555, 1038321190, 6564, 1021947122, 6316, 1021991176, 6049, 1038323668, 6041, 1038323038, 6557, 1021222719, 6317, 1021128673, 6043, 1038330135, 6565, 1021170679, 6318, 1021097410, 6060, 1021987116, 6057, 1038322783, 6045, 1021214825, 6571, 1038318183, 6055, 1022027460, 6559, 1021978896, 6566, 1021068719, 6567, 1022019282, 6042, 1037851509, 6052, 1021938884, 6053, 1021162696, 6056, 1038781959, 6062, 1021101255, 6058, 1037872305, 6051, 1038329589, 6044, 1021881377, 6061, 1021124668, 6556, 1021889699, 6050, 1037866497, 6054, 1021076747, 6047, 1021987110, 6059, 1038327126]
[INFO] (lattice_cell.c: 455): on tick 34 of 50
[INFO] (lattice_cell.c: 172): the unmatched_packets is 56
[6568, 1038752255, 6296, 1038755695, 6312, 1038752302, 6552, 1038755725, 6560, 1038746972, 6569, 1038328680, 6297, 1038318286, 6313, 1038324440, 6553, 1038322549, 6561, 1038326631, 6570, 1037910733, 6298, 1037908187, 6314, 1037910689, 6562, 1037916014, 6554, 1037908168, 6299, 1038318697, 6316, 1022047740, 6563, 1038315041, 6571, 1038312470, 6040, 1038755694, 6319, 1022003354, 6566, 1021126631, 6567, 1021965277, 6044, 1022139879, 6300, 1022144524, 6572, 1022052462, 6301, 1020978306, 6051, 1038323497, 6302, 1021134862, 6303, 1021974844, 6573, 1021069155, 6315, 1038316718, 6574, 1021095383, 6575, 1021998476, 6047, 1021979797, 6050, 1037915945, 6317, 1021064648, 6056, 1038752363, 6048, 1038747044, 6555, 1038314454, 6049, 1038318176, 6057, 1038320225, 6564, 1022107703, 6565, 1021014022, 6556, 1022149175, 6318, 1021099688, 6557, 1020982886, 6052, 1022098299, 6061, 1021060186, 6558, 1021130612, 6062, 1021103970, 6559, 1021969880, 6055, 1021975043, 6041, 1038314093, 6042, 1037908197, 6058, 1037910645, 6043, 1038322898, 6060, 1022043034, 6059, 1038320932, 6053, 1021005037, 6045, 1020973811, 6054, 1021135237, 6046, 1021139091, 6063, 1022008263]
[INFO] (lattice_cell.c: 455): on tick 35 of 50
[INFO] (lattice_cell.c: 172): the unmatched_packets is 56
[6568, 1038791478, 6296, 1038795016, 6312, 1038791593, 6552, 1038794969, 6560, 1038810820, 6569, 1038334145, 6297, 1038329230, 6313, 1038329704, 6553, 1038333683, 6561, 1038335845, 6570, 1037862662, 6298, 1037859719, 6314, 1037862542, 6562, 1037844158, 6554, 1037859752, 6040, 1038795042, 6056, 1038791716, 6571, 1038317881, 6299, 1038324457, 6315, 1038322329, 6563, 1038320056, 6555, 1038320003, 6316, 1021898227, 6317, 1021211059, 6565, 1021230739, 6558, 1021080475, 6566, 1021101955, 6567, 1021986777, 6300, 1021885526, 6301, 1021212323, 6302, 1021084661, 6044, 1021881266, 6573, 1021215270, 6303, 1022018941, 6574, 1021090944, 6575, 1021999857, 6063, 1022008191, 6060, 1021894043, 6055, 1021995263, 6564, 1021872453, 6318, 1021095096, 6049, 1038326981, 6041, 1038324822, 6057, 1038325281, 6556, 1021889670, 6557, 1021216454, 6050, 1037843956, 6319, 1022003968, 6572, 1021902285, 6042, 1037859680, 6058, 1037862422, 6048, 1038811030, 6559, 1022014837, 6043, 1038328869, 6053, 1021222700, 6061, 1021207027, 6045, 1021208378, 6054, 1021110012, 6051, 1038328926, 6062, 1021099084, 6046, 1021088669, 6052, 1021864012, 6047, 1022023140, 6059, 1038326753]
[INFO] (lattice_cell.c: 455): on tick 36 of 50
[INFO] (lattice_cell.c: 172): the unmatched_packets is 56
[6568, 1038745958, 6296, 1038775505, 6312, 1038746017, 6560, 1038756735, 6552, 1038775437, 6569, 1038325045, 6297, 1038320141, 6313, 1038320770, 6561, 1038325080, 6553, 1038324438, 6570, 1037916976, 6298, 1037888744, 6314, 1037916920, 6562, 1037907046, 6554, 1037888816, 6040, 1038775575, 6056, 1038746089, 6048, 1038756791, 6571, 1038310956, 6299, 1038318792, 6315, 1038315241, 6563, 1038314683, 6555, 1038314510, 6049, 1038316544, 6572, 1022130237, 6300, 1022053641, 6316, 1022125695, 6301, 1021063186, 6041, 1038315898, 6057, 1038316505, 6564, 1022140954, 6303, 1022018433, 6565, 1020989209, 6319, 1021971513, 6559, 1022013621, 6566, 1021097441, 6567, 1021995724, 6573, 1021005409, 6302, 1021089896, 6574, 1021134274, 6575, 1021966697, 6317, 1021000892, 6318, 1021138480, 6044, 1022048888, 6050, 1037907001, 6556, 1022058456, 6042, 1037888683, 6557, 1021067467, 6558, 1021085642, 6051, 1038323214, 6059, 1038319502, 6053, 1020980355, 6061, 1020996408, 6055, 1022005518, 6063, 1021976350, 6043, 1038323041, 6052, 1022131762, 6060, 1022121185, 6045, 1021058973, 6054, 1021105738, 6062, 1021142672, 6046, 1021094058, 6058, 1037916862, 6047, 1022023259]
[INFO] (lattice_cell.c: 455): on tick 37 of 50
[INFO] (lattice_cell.c: 172): the unmatched_packets is 56
[6568, 1038801742, 6296, 1038757531, 6312, 1038801836, 6552, 1038757481, 6560, 1038772310, 6569, 1038336002, 6297, 1038326521, 6313, 1038331612, 6553, 1038330926, 6561, 1038334522, 6570, 1037852972, 6298, 1037895875, 6314, 1037852867, 6562, 1037881345, 6554, 1037895919, 6040, 1038757571, 6056, 1038801942, 6048, 1038772391, 6571, 1038317424, 6299, 1038325421, 6315, 1038321818, 6563, 1038322151, 6564, 1021934403, 6565, 1021174763, 6318, 1021098865, 6558, 1021126868, 6319, 1022001096, 6566, 1021091271, 6300, 1022033308, 6301, 1021075015, 6302, 1021131157, 6303, 1021971426, 6573, 1021236792, 6061, 1021228465, 6574, 1021094698, 6316, 1021868966, 6047, 1021975738, 6575, 1021996820, 6049, 1038325744, 6317, 1021232552, 6555, 1038321014, 6050, 1037881260, 6556, 1022037316, 6042, 1037895833, 6557, 1021079459, 6052, 1021926008, 6044, 1022029197, 6046, 1021135220, 6063, 1022005500, 6559, 1021967249, 6567, 1021989819, 6572, 1021873142, 6060, 1021864633, 6053, 1021166301, 6041, 1038322162, 6045, 1021070760, 6057, 1038327228, 6054, 1021099646, 6055, 1021998298, 6062, 1021102850, 6058, 1037852769, 6043, 1038329781, 6051, 1038330925, 6059, 1038326199]
[INFO] (lattice_cell.c: 455): on tick 38 of 50
[INFO] (lattice_cell.c: 172): the unmatched_packets is 56
[6568, 1038764255, 6296, 1038790945, 6312, 1038764369, 6552, 1038790905, 6560, 1038790647, 6569, 1038326630, 6297, 1038320516, 6313, 1038322301, 6553, 1038324857, 6561, 1038327684, 6570, 1037899392, 6298, 1037873356, 6314, 1037899270, 6048, 1038790873, 6562, 1037873684, 6554, 1037873381, 6040, 1038790983, 6056, 1038764498, 6571, 1038313063, 6299, 1038316678, 6315, 1038317396, 6563, 1038314634, 6555, 1038312337, 6049, 1038319042, 6572, 1022097357, 6300, 1021954473, 6556, 1021959165, 6041, 1038316218, 6564, 1021988980, 6318, 1021091102, 6566, 1021097240, 6567, 1021993808, 6573, 1021034251, 6301, 1021159118, 6302, 1021121204, 6303, 1021993344, 6574, 1021086969, 6316, 1022092838, 6575, 1022005074, 6317, 1021029896, 6565, 1021129521, 6319, 1022009778, 6043, 1038320983, 6053, 1021121275, 6050, 1037873474, 6042, 1037873326, 6058, 1037899153, 6557, 1021163288, 6057, 1038317990, 6059, 1038321700, 6558, 1021117097, 6052, 1021979555, 6559, 1021988550, 6045, 1021154969, 6062, 1021095220, 6046, 1021125261, 6063, 1022014482, 6051, 1038323267, 6060, 1022088357, 6044, 1021949826, 6061, 1021025579, 6054, 1021105468, 6047, 1021998077, 6055, 1022003247]
[INFO] (lattice_cell.c: 455): on tick 39 of 50
[INFO] (lattice_cell.c: 172): the unmatched_packets is 56
[6568, 1038750594, 6296, 1038782877, 6312, 1038750629, 6552, 1038782823, 6560, 1038765524, 6569, 1038333575, 6297, 1038327898, 6313, 1038329228, 6553, 1038332252, 6561, 1038333662, 6570, 1037902178, 6298, 1037872032, 6314, 1037902128, 6562, 1037888527, 6554, 1037872086, 6048, 1038765630, 6040, 1038782924, 6299, 1038324306, 6056, 1038750676, 6563, 1038320014, 6564, 1022060366, 6302, 1021091466, 6571, 1038316174, 6318, 1021112204, 6558, 1021087148, 6319, 1021995056, 6042, 1037871973, 6575, 1021990648, 6300, 1022012302, 6301, 1021092637, 6058, 1037902096, 6303, 1022013747, 6573, 1021128501, 6046, 1021095599, 6315, 1038320519, 6574, 1021107968, 6572, 1021991962, 6316, 1021987881, 6049, 1038324997, 6317, 1021123953, 6555, 1038319950, 6051, 1038328679, 6565, 1021052945, 6556, 1022016578, 6060, 1021983631, 6044, 1022007881, 6050, 1037888422, 6057, 1038324917, 6557, 1021097000, 6566, 1021112615, 6063, 1021999627, 6559, 1022009409, 6043, 1038328607, 6567, 1021978958, 6052, 1022051982, 6059, 1038324837, 6053, 1021044094, 6054, 1021120887, 6055, 1021987952, 6061, 1021119552, 6045, 1021088447, 6062, 1021116234, 6047, 1022018204, 6041, 1038323595]
[INFO] (lattice_cell.c: 455): on tick 40 of 50
[INFO] (lattice_cell.c: 172): the unmatched_packets is 56
[6568, 1038794657, 6296, 1038767408, 6312, 1038794820, 6552, 1038767341, 6560, 1038778412, 6569, 1038327405, 6297, 1038320107, 6313, 1038323038, 6561, 1038326798, 6553, 1038324511, 6570, 1037869451, 6298, 1037896315, 6314, 1037869287, 6562, 1037885354, 6554, 1037896369, 6048, 1038778568, 6040, 1038767481, 6056, 1038794997, 6571, 1038312830, 6299, 1038319719, 6315, 1038317218, 6563, 1038316448, 6564, 1021990886, 6565, 1021130860, 6572, 1021950971, 6566, 1021102958, 6567, 1021980919, 6300, 1022035271, 6301, 1021080361, 6302, 1021099471, 6303, 1022005892, 6573, 1021174944, 6060, 1021941960, 6053, 1021122512, 6574, 1021122713, 6062, 1021131031, 6575, 1021966919, 6316, 1021946449, 6317, 1021170804, 6049, 1038318049, 6555, 1038315332, 6318, 1021126895, 6041, 1038315758, 6556, 1022039761, 6557, 1021084548, 6319, 1021971389, 6042, 1037896241, 6051, 1038325197, 6558, 1021095369, 6052, 1021982001, 6559, 1022001326, 6044, 1022030838, 6045, 1021076236, 6054, 1021111113, 6046, 1021103520, 6055, 1021989993, 6059, 1038321573, 6043, 1038324067, 6061, 1021166683, 6063, 1021975840, 6047, 1022010412, 6057, 1038318658, 6050, 1037885213, 6058, 1037869135]
[INFO] (lattice_cell.c: 455): on tick 41 of 50
[INFO] (lattice_cell.c: 172): the unmatched_packets is 56
[6568, 1038761849, 6296, 1038768672, 6312, 1038761930, 6552, 1038768651, 6560, 1038775734, 6569, 1038334382, 6297, 1038327085, 6313, 1038330092, 6561, 1038334425, 6553, 1038331391, 6570, 1037892022, 6298, 1037884904, 6314, 1037891930, 6562, 1037878265, 6554, 1037884910, 6048, 1038775806, 6040, 1038768679, 6056, 1038762022, 6571, 1038318543, 6299, 1038322815, 6300, 1021984462, 6563, 1038319259, 6303, 1021989525, 6564, 1021978387, 6572, 1022031760, 6566, 1021077588, 6567, 1022014534, 6062, 1021072182, 6301, 1021122610, 6302, 1021121780, 6053, 1021124881, 6574, 1021063997, 6315, 1038322835, 6054, 1021085934, 6047, 1021994150, 6045, 1021118245, 6575, 1022025290, 6316, 1022027502, 6573, 1021087388, 6049, 1038325878, 6317, 1021082797, 6041, 1038322832, 6057, 1038325821, 6318, 1021068183, 6555, 1038318520, 6319, 1022029985, 6556, 1021988763, 6059, 1038327097, 6044, 1021980037, 6557, 1021127186, 6565, 1021133621, 6558, 1021117420, 6559, 1021985002, 6051, 1038327820, 6043, 1038327084, 6058, 1037891846, 6046, 1021125952, 6055, 1022023889, 6050, 1037878194, 6042, 1037884882, 6052, 1021969449, 6060, 1022023112, 6061, 1021078354, 6063, 1022034794]
[INFO] (lattice_cell.c: 455): on tick 42 of 50
[INFO] (lattice_cell.c: 172): the unmatched_packets is 56
[6568, 1038787472, 6296, 1038793764, 6312, 1038787596, 6552, 1038793647, 6560, 1038785612, 6569, 1038326829, 6297, 1038321226, 6313, 1038322403, 6561, 1038327202, 6553, 1038325669, 6570, 1037876625, 6298, 1037870971, 6314, 1037876514, 6562, 1037878828, 6048, 1038785901, 6040, 1038793873, 6056, 1038787719, 6554, 1037871072, 6571, 1038308819, 6299, 1038319584, 6563, 1038314110, 6317, 1021087049, 6302, 1021121540, 6564, 1022035817, 6303, 1021981755, 6557, 1021125207, 6319, 1021934634, 6565, 1021083577, 6572, 1022036882, 6566, 1021130280, 6567, 1021963662, 6300, 1021989599, 6301, 1021121209, 6043, 1038323991, 6573, 1021091252, 6052, 1022027073, 6574, 1021177196, 6062, 1021185225, 6315, 1038313250, 6575, 1021930250, 6063, 1021939036, 6047, 1021986110, 6057, 1038317978, 6316, 1022032652, 6050, 1037878555, 6058, 1037876394, 6555, 1038315144, 6059, 1038317663, 6318, 1021181230, 6556, 1021994076, 6041, 1038316827, 6049, 1038318367, 6044, 1021985188, 6061, 1021082882, 6558, 1021117475, 6055, 1021972372, 6559, 1021977355, 6060, 1022028456, 6053, 1021075484, 6045, 1021117269, 6051, 1038322948, 6042, 1037870871, 6054, 1021138401, 6046, 1021125546]
[INFO] (lattice_cell.c: 455): on tick 43 of 50
[INFO] (lattice_cell.c: 172): the unmatched_packets is 56
[6568, 1038739299, 6296, 1038766322, 6312, 1038739392, 6552, 1038766299, 6560, 1038747903, 6569, 1038334388, 6297, 1038326959, 6313, 1038330146, 6561, 1038333337, 6553, 1038331222, 6570, 1037913075, 6298, 1037887741, 6314, 1037912965, 6562, 1037904990, 6554, 1037887762, 6048, 1038747997, 6040, 1038766342, 6056, 1038739509, 6571, 1038320914, 6299, 1038325117, 6315, 1038325159, 6563, 1038324103, 6564, 1022003007, 6317, 1021158571, 6303, 1022031023, 6565, 1021113064, 6318, 1020988026, 6319, 1022100188, 6300, 1022019874, 6301, 1021089184, 6302, 1021071993, 6051, 1038332572, 6573, 1021163215, 6574, 1020983599, 6575, 1022095580, 6055, 1022040650, 6316, 1021953068, 6041, 1038322755, 6555, 1038320865, 6058, 1037912862, 6042, 1037887720, 6556, 1022024306, 6043, 1038329323, 6049, 1038324871, 6050, 1037904899, 6557, 1021093813, 6060, 1021948548, 6045, 1021084746, 6061, 1021154060, 6558, 1021067679, 6572, 1021957415, 6057, 1038325931, 6062, 1020992265, 6054, 1021052197, 6559, 1022026284, 6566, 1021043708, 6047, 1022035885, 6567, 1022031064, 6063, 1022104957, 6052, 1021994181, 6046, 1021076126, 6059, 1038329384, 6053, 1021103842, 6044, 1022015317]
[INFO] (lattice_cell.c: 455): on tick 44 of 50
[INFO] (lattice_cell.c: 172): the unmatched_packets is 56
[6568, 1038808111, 6296, 1038787364, 6312, 1038808248, 6552, 1038787290, 6560, 1038813404, 6569, 1038327785, 6297, 1038318916, 6313, 1038323316, 6553, 1038323402, 6561, 1038327543, 6570, 1037856558, 6298, 1037877000, 6314, 1037856427, 6562, 1037851698, 6554, 1037877067, 6048, 1038813575, 6040, 1038787449, 6056, 1038808398, 6571, 1038309713, 6299, 1038315418, 6315, 1038314195, 6563, 1038311134, 6555, 1038310939, 6049, 1038318618, 6572, 1022010653, 6300, 1022026429, 6316, 1022006406, 6057, 1038318870, 6041, 1038314481, 6564, 1022000877, 6565, 1021116790, 6050, 1037851537, 6042, 1037876919, 6566, 1021209963, 6567, 1021893177, 6573, 1021112809, 6060, 1022002184, 6301, 1021093039, 6302, 1021164523, 6303, 1021956585, 6574, 1021235950, 6575, 1021865440, 6317, 1021108765, 6055, 1021901921, 6318, 1021239745, 6556, 1022030689, 6058, 1037856291, 6319, 1021869872, 6051, 1038320053, 6557, 1021097089, 6059, 1038318640, 6558, 1021160490, 6559, 1021952332, 6054, 1021217702, 6046, 1021168479, 6047, 1021960821, 6063, 1021874346, 6052, 1021992292, 6044, 1022022203, 6045, 1021089092, 6061, 1021104801, 6053, 1021108889, 6062, 1021243509, 6043, 1038319854]
[INFO] (lattice_cell.c: 455): on tick 45 of 50
[INFO] (lattice_cell.c: 172): the unmatched_packets is 56
[6568, 1038748770, 6296, 1038746385, 6312, 1038748900, 6552, 1038746328, 6560, 1038747518, 6569, 1038333570, 6297, 1038326960, 6313, 1038329369, 6553, 1038331201, 6561, 1038335635, 6570, 1037904630, 6298, 1037906442, 6314, 1037904489, 6562, 1037905859, 6554, 1037906505, 6048, 1038747754, 6040, 1038746446, 6056, 1038749042, 6571, 1038318346, 6299, 1038327831, 6563, 1038322609, 6301, 1021138211, 6564, 1021993880, 6049, 1038327227, 6572, 1022021888, 6318, 1021005319, 6565, 1021115115, 6559, 1022070159, 6566, 1020958260, 6567, 1022122696, 6574, 1021000791, 6300, 1021971358, 6302, 1021016983, 6303, 1022074876, 6575, 1022090463, 6315, 1038322554, 6573, 1021101252, 6052, 1021984684, 6047, 1022079684, 6316, 1022017511, 6042, 1037906391, 6555, 1038323608, 6050, 1037905630, 6317, 1021096470, 6060, 1022012988, 6053, 1021105959, 6556, 1021975883, 6054, 1020967172, 6319, 1022095140, 6557, 1021142873, 6041, 1038322797, 6057, 1038325179, 6063, 1022099904, 6558, 1021012480, 6059, 1038326745, 6044, 1021966704, 6061, 1021091804, 6058, 1037904344, 6045, 1021133724, 6062, 1021009683, 6046, 1021021308, 6055, 1022132166, 6043, 1038332008, 6051, 1038331009]
[INFO] (lattice_cell.c: 455): on tick 46 of 50
[INFO] (lattice_cell.c: 172): the unmatched_packets is 56
[6568, 1038772268, 6296, 1038818503, 6312, 1038772400, 6552, 1038818446, 6560, 1038792789, 6569, 1038326374, 6297, 1038321557, 6313, 1038321895, 6553, 1038326071, 6561, 1038327824, 6570, 1037890991, 6298, 1037847019, 6314, 1037890861, 6562, 1037871383, 6554, 1037847067, 6048, 1038792955, 6040, 1038818563, 6056, 1038772547, 6571, 1038311517, 6299, 1038316493, 6315, 1038316028, 6563, 1038314377, 6316, 1021989854, 6317, 1021133011, 6556, 1022013405, 6564, 1022028158, 6565, 1021088218, 6319, 1021948726, 6566, 1021213748, 6567, 1021877509, 6059, 1038320506, 6574, 1021149987, 6575, 1021944428, 6061, 1021128981, 6300, 1022009174, 6301, 1021098432, 6063, 1021953104, 6573, 1021137134, 6302, 1021238463, 6303, 1021876362, 6045, 1021094590, 6046, 1021242173, 6049, 1038318856, 6041, 1038317094, 6057, 1038317407, 6555, 1038311977, 6051, 1038323354, 6318, 1021153787, 6052, 1022019908, 6053, 1021080244, 6557, 1021102365, 6054, 1021221123, 6062, 1021157547, 6558, 1021234668, 6058, 1037890734, 6572, 1021993896, 6055, 1021886376, 6047, 1021880728, 6559, 1021872018, 6043, 1038320955, 6050, 1037871228, 6044, 1022004972, 6060, 1021985838, 6042, 1037846958]
[INFO] (lattice_cell.c: 455): on tick 47 of 50
[INFO] (lattice_cell.c: 172): the unmatched_packets is 56
[6568, 1038788314, 6296, 1038750158, 6312, 1038788425, 6552, 1038750036, 6560, 1038764625, 6569, 1038333126, 6297, 1038325042, 6313, 1038328953, 6561, 1038332472, 6553, 1038329243, 6570, 1037865855, 6298, 1037903566, 6314, 1037865738, 6562, 1037889016, 6554, 1037903678, 6048, 1038764805, 6040, 1038750265, 6056, 1038788559, 6571, 1038317739, 6299, 1038324756, 6315, 1038321927, 6563, 1038320808, 6572, 1021998524, 6300, 1022020308, 6316, 1021993954, 6302, 1020980575, 6049, 1038324109, 6565, 1021112463, 6558, 1020975921, 6573, 1021125592, 6559, 1022120730, 6051, 1038329169, 6566, 1021047103, 6567, 1022040735, 6301, 1021097569, 6574, 1021121304, 6575, 1021969874, 6303, 1022125444, 6060, 1021989265, 6053, 1021103182, 6555, 1038320560, 6317, 1021120897, 6050, 1037888837, 6057, 1038324785, 6564, 1022007365, 6042, 1037903456, 6058, 1037865618, 6556, 1022024948, 6318, 1021125743, 6557, 1021102255, 6319, 1021974762, 6041, 1038320892, 6046, 1020985049, 6043, 1038328910, 6052, 1021998082, 6044, 1022015598, 6054, 1021056126, 6062, 1021130016, 6059, 1038326097, 6063, 1021979723, 6061, 1021116311, 6055, 1022050318, 6047, 1022130198, 6045, 1021093038]
[INFO] (lattice_cell.c: 455): on tick 48 of 50
[INFO] (lattice_cell.c: 172): the unmatched_packets is 56
[6568, 1038763268, 6296, 1038780830, 6312, 1038763416, 6552, 1038780776, 6560, 1038773035, 6569, 1038329137, 6297, 1038321673, 6313, 1038324625, 6561, 1038330206, 6553, 1038326207, 6570, 1037900431, 6298, 1037882856, 6314, 1037900275, 6562, 1037890744, 6554, 1037882883, 6048, 1038773272, 6040, 1038780864, 6056, 1038763583, 6571, 1038310920, 6299, 1038318730, 6315, 1038315433, 6563, 1038314521, 6300, 1022004667, 6316, 1022006851, 6564, 1021977047, 6565, 1021131694, 6566, 1021095354, 6558, 1021178881, 6319, 1022055451, 6572, 1022010842, 6567, 1021994553, 6574, 1021047418, 6573, 1021110334, 6301, 1021104213, 6302, 1021182617, 6303, 1021924069, 6052, 1021968905, 6575, 1022051246, 6061, 1021102275, 6555, 1038314213, 6317, 1021106252, 6318, 1021051220, 6041, 1038317202, 6057, 1038320140, 6042, 1037882808, 6058, 1037900122, 6556, 1022008690, 6043, 1038323208, 6557, 1021108275, 6045, 1021100275, 6049, 1038321208, 6062, 1021054984, 6050, 1037890523, 6559, 1021919736, 6055, 1022003063, 6051, 1038323509, 6059, 1038319923, 6044, 1022000619, 6060, 1022002818, 6053, 1021123773, 6046, 1021186241, 6054, 1021102921, 6047, 1021928469, 6063, 1022059736]
[INFO] (lattice_cell.c: 455): on tick 49 of 50
[INFO] (lattice_cell.c: 172): the unmatched_packets is 56
[6568, 1038758144, 6296, 1038778114, 6312, 1038758331, 6552, 1038778048, 6560, 1038791649, 6569, 1038331471, 6297, 1038327559, 6313, 1038327291, 6561, 1038332458, 6553, 1038331759, 6570, 1037894679, 6298, 1037876028, 6314, 1037894466, 6562, 1037862863, 6554, 1037876096, 6048, 1038791897, 6040, 1038778184, 6056, 1038758550, 6571, 1038318732, 6299, 1038324161, 6315, 1038322919, 6563, 1038321410, 6555, 1038319975, 6049, 1038324111, 6041, 1038323425, 6057, 1038323123, 6572, 1022010336, 6300, 1022002626, 6316, 1022005825, 6564, 1022019266, 6050, 1037862619, 6042, 1037875969, 6058, 1037894282, 6556, 1022007370, 6573, 1021120448, 6301, 1021103004, 6317, 1021115648, 6565, 1021099738, 6302, 1021107019, 6318, 1021130551, 6043, 1038328327, 6319, 1021965967, 6566, 1021142750, 6567, 1021941449, 6574, 1021125972, 6303, 1021999262, 6575, 1021961178, 6557, 1021107647, 6059, 1038327090, 6558, 1021102433, 6047, 1022004088, 6055, 1021951340, 6052, 1022009829, 6044, 1021997866, 6559, 1021994489, 6060, 1022001251, 6053, 1021090540, 6045, 1021098522, 6051, 1038329753, 6061, 1021110918, 6054, 1021151557, 6062, 1021134985, 6063, 1021970808, 6046, 1021111452]
[INFO] (lattice_cell.c: 455): on tick 50 of 50
[INFO] (lattice_cell.c: 466): updating recording regions
[INFO] (recording.c: 507): 	Finalising channel 0 - state info stored in SDRAM
[INFO] (recording.c: 512): closed channel 0.
[INFO] (lattice_cell.c: 470): Simulation complete.

