[INFO] (lattice_cell.c: 604): starting lattice cell
[INFO] (lattice_cell.c: 526): Initialise: started
[INFO] (data_specification.c: 78): magic = ad130ad6, version = 1.0
[INFO] (lattice_cell.c: 555): my key is 6616
[INFO] (lattice_cell.c: 562): I'm in position ( 25, 27)
[INFO] (lattice_cell.c: 568): my n key is 6360
[INFO] (lattice_cell.c: 574): my U_X = -0.009928127750754356
[INFO] (lattice_cell.c: 575): my U_Y = 9.754516213433817e-05
[INFO] (lattice_cell.c: 583): input_buffer initialised
[INFO] (recording.c: 563): Recording 1 regions, using output tag 0, size before trigger 7686388, time between triggers 50
[INFO] (recording.c: 665): Recording channel 0 configured to use 7686132 byte memory block starting at 0x64b90f74
[INFO] (lattice_cell.c: 588): Recording flags = 0x00000001
[INFO] (lattice_cell.c: 619): setting timer to execute every 200000 microseconds
[INFO] (lattice_cell.c: 627): Starting

[INFO] (simulation.c: 159): Setting the runtime of this model to 50 starting at 0
[INFO] (simulation.c: 161): Setting the flag of infinite run for this model to 0
[INFO] (simulation.c: 175): Resuming
[INFO] (lattice_cell.c: 455): on tick 0 of 50
[6624, 1037885280, 6368, 1037885276, 6352, 1037904560, 6608, 1037904566, 6880, 1037885278, 6864, 1037904562, 6360, 1037887891, 6872, 1037887891, 6625, 1038323160, 6369, 1038318792, 6609, 1038323556, 6881, 1038327360, 6353, 1038319186, 6865, 1038327752, 6361, 1038318848, 6873, 1038327414, 6626, 1038779076, 6610, 1038758232, 6882, 1038779074, 6866, 1038758226, 6874, 1038776245, 6370, 1038779072, 6362, 1038776245, 6884, 1021116116, 6357, 1021981010, 6631, 1021103962, 6870, 1021971965, 6871, 1021119279, 6879, 1021102629, 6867, 1038310630, 6875, 1038310292, 6876, 1021118731, 6869, 1021990065, 6885, 1022010936, 6883, 1038310238, 6877, 1022008105, 6886, 1021992792, 6868, 1021135419, 6878, 1021989965, 6887, 1021100020, 6627, 1038314432, 6611, 1038314828, 6354, 1038758226, 6612, 1021131464, 6628, 1021112168, 6355, 1038319186, 6613, 1021985630, 6371, 1038318792, 6363, 1038318848, 6629, 1022006486, 6372, 1021108060, 6356, 1021127344, 6364, 1021110675, 6614, 1021976402, 6630, 1021997236, 6615, 1021123236, 6373, 1022001856, 6365, 1021999029, 6358, 1021981010, 6374, 1022001856, 6366, 1021999029, 6359, 1021127344, 6375, 1021108060, 6367, 1021110675]
[INFO] (lattice_cell.c: 455): on tick 1 of 50
[INFO] (lattice_cell.c: 172): the unmatched_packets is 56
[6608, 1037926557, 6624, 1037881085, 6880, 1037881087, 6864, 1037926579, 6368, 1037881081, 6352, 1037926537, 6360, 1037887777, 6872, 1037887785, 6609, 1038329905, 6625, 1038331642, 6881, 1038335782, 6865, 1038334047, 6873, 1038335488, 6369, 1038327337, 6882, 1038773352, 6353, 1038325607, 6627, 1038322748, 6874, 1038766387, 6883, 1038318622, 6629, 1021998998, 6875, 1038318660, 6356, 1021058692, 6869, 1022055172, 6871, 1021153449, 6887, 1021091726, 6367, 1021108907, 6879, 1021100631, 6866, 1038726155, 6867, 1038318865, 6626, 1038773350, 6884, 1021113812, 6868, 1021066918, 6876, 1021106469, 6885, 1022003476, 6870, 1021926480, 6611, 1038322989, 6878, 1021981830, 6877, 1022011704, 6886, 1021991170, 6612, 1021062955, 6628, 1021109832, 6613, 1022050667, 6614, 1021930964, 6630, 1021995655, 6615, 1021157419, 6361, 1038327048, 6631, 1021095698, 6354, 1038726197, 6370, 1038773344, 6362, 1038766389, 6610, 1038726175, 6355, 1038327304, 6371, 1038327054, 6363, 1038327096, 6372, 1021105518, 6364, 1021098189, 6373, 1021994510, 6357, 1022046170, 6365, 1022002733, 6358, 1021935452, 6374, 1022000128, 6359, 1021161719, 6366, 1021990789, 6375, 1021099999]
[INFO] (lattice_cell.c: 455): on tick 2 of 50
[INFO] (lattice_cell.c: 172): the unmatched_packets is 56
[6608, 1037860042, 6624, 1037882690, 6880, 1037882692, 6864, 1037860022, 6368, 1037882694, 6352, 1037860052, 6360, 1037871689, 6872, 1037871673, 6609, 1038324899, 6625, 1038323916, 6881, 1038328170, 6865, 1038329145, 6873, 1038329107, 6369, 1038319500, 6610, 1038804059, 6626, 1038782617, 6353, 1038320477, 6611, 1038315753, 6627, 1038314830, 6370, 1038782613, 6875, 1038310672, 6876, 1021158410, 6374, 1022004296, 6869, 1021851190, 6366, 1022010222, 6871, 1021112441, 6878, 1022001410, 6887, 1021098322, 6879, 1021092902, 6882, 1038782617, 6883, 1038310584, 6867, 1038311511, 6884, 1021123545, 6868, 1021266080, 6885, 1022003286, 6877, 1021963749, 6886, 1021995469, 6866, 1038804073, 6874, 1038793746, 6870, 1021982369, 6612, 1021262162, 6628, 1021119716, 6613, 1021846923, 6629, 1021998964, 6614, 1021986682, 6630, 1021999799, 6615, 1021116273, 6631, 1021102142, 6361, 1038320439, 6362, 1038793730, 6354, 1038804033, 6371, 1038319250, 6363, 1038319334, 6355, 1038320167, 6356, 1021258076, 6364, 1021150545, 6372, 1021115728, 6357, 1021842488, 6373, 1021994448, 6365, 1021954947, 6358, 1021991173, 6359, 1021120267, 6375, 1021106139, 6367, 1021100709]
[INFO] (lattice_cell.c: 455): on tick 3 of 50
[INFO] (lattice_cell.c: 172): the unmatched_packets is 56
[6608, 1037935770, 6624, 1037893680, 6880, 1037893680, 6368, 1037893680, 6864, 1037935842, 6352, 1037935714, 6872, 1037925506, 6360, 1037925472, 6609, 1038330492, 6625, 1038330525, 6881, 1038334601, 6369, 1038326279, 6865, 1038334586, 6353, 1038326238, 6873, 1038333715, 6361, 1038325377, 6610, 1038716616, 6626, 1038760312, 6882, 1038760312, 6866, 1038716558, 6370, 1038760316, 6354, 1038716672, 6874, 1038727059, 6611, 1038324539, 6627, 1038322922, 6883, 1038318846, 6867, 1038320466, 6875, 1038319645, 6628, 1021080015, 6371, 1038327178, 6629, 1022033755, 6372, 1021075624, 6885, 1022038352, 6374, 1021989906, 6878, 1021958074, 6871, 1021130536, 6887, 1021101906, 6879, 1021124797, 6868, 1020943882, 6876, 1020996684, 6884, 1021084098, 6877, 1022127791, 6886, 1021980710, 6869, 1022171779, 6870, 1021953679, 6612, 1020939966, 6362, 1038727097, 6355, 1038328797, 6613, 1022167070, 6363, 1038327977, 6614, 1021958301, 6356, 1020935733, 6630, 1021985303, 6364, 1020988316, 6373, 1022029158, 6357, 1022162312, 6615, 1021134565, 6631, 1021105983, 6365, 1022118508, 6358, 1021962962, 6366, 1021967280, 6375, 1021110399, 6359, 1021138933, 6367, 1021133273]
[INFO] (lattice_cell.c: 455): on tick 4 of 50
[INFO] (lattice_cell.c: 172): the unmatched_packets is 56
[6608, 1037906395, 6624, 1037850551, 6880, 1037850545, 6864, 1037906367, 6368, 1037850567, 6352, 1037906416, 6872, 1037848045, 6360, 1037848125, 6609, 1038322766, 6625, 1038325200, 6881, 1038329486, 6865, 1038327042, 6873, 1038327380, 6626, 1038815713, 6369, 1038320737, 6613, 1021900215, 6614, 1021954243, 6875, 1038310818, 6884, 1021213522, 6630, 1022022165, 6631, 1021080479, 6373, 1021898671, 6877, 1021830619, 6871, 1021145661, 6878, 1021997043, 6879, 1021097394, 6367, 1021105059, 6874, 1038817314, 6882, 1038815725, 6883, 1038310322, 6866, 1038755456, 6610, 1038755434, 6611, 1038317070, 6627, 1038314608, 6868, 1021215376, 6876, 1021294476, 6885, 1021907259, 6869, 1021904289, 6886, 1022017942, 6870, 1021950017, 6867, 1038312774, 6887, 1021076753, 6612, 1021211433, 6628, 1021209770, 6629, 1021903046, 6615, 1021149375, 6353, 1038318304, 6361, 1038318646, 6370, 1038815699, 6354, 1038755412, 6362, 1038817242, 6363, 1038319570, 6355, 1038321530, 6371, 1038319074, 6372, 1021205834, 6356, 1021207320, 6364, 1021286572, 6357, 1021896004, 6365, 1021822191, 6358, 1021958631, 6374, 1022026542, 6366, 1022005597, 6359, 1021153274, 6375, 1021084384]
[INFO] (lattice_cell.c: 455): on tick 5 of 50
[INFO] (lattice_cell.c: 172): the unmatched_packets is 56
[6608, 1037897337, 6624, 1037924368, 6880, 1037924408, 6864, 1037897390, 6368, 1037924356, 6352, 1037897275, 6872, 1037893762, 6360, 1037893676, 6609, 1038329826, 6625, 1038331611, 6881, 1038335658, 6865, 1038333880, 6873, 1038333897, 6369, 1038327399, 6610, 1038755574, 6626, 1038728636, 6882, 1038728610, 6353, 1038325612, 6866, 1038755530, 6630, 1021979030, 6884, 1020946266, 6870, 1021949224, 6367, 1021100752, 6887, 1021109258, 6879, 1021092130, 6874, 1038760336, 6875, 1038320005, 6883, 1038319591, 6868, 1021119422, 6885, 1022172143, 6878, 1021993374, 6871, 1021134786, 6886, 1021974345, 6876, 1020991022, 6867, 1038320545, 6877, 1022130744, 6869, 1021994098, 6611, 1038324583, 6627, 1038323617, 6612, 1021115438, 6628, 1020942204, 6613, 1021989299, 6629, 1022167420, 6614, 1021953956, 6615, 1021138911, 6631, 1021113412, 6361, 1038325632, 6370, 1038728658, 6354, 1038755618, 6362, 1038760416, 6371, 1038327825, 6355, 1038328791, 6363, 1038328241, 6372, 1020937822, 6356, 1021111143, 6364, 1020982768, 6373, 1022162658, 6357, 1021984423, 6365, 1022121081, 6374, 1021983769, 6358, 1021958717, 6366, 1022002802, 6359, 1021143344, 6375, 1021117869]
[INFO] (lattice_cell.c: 455): on tick 6 of 50
[INFO] (lattice_cell.c: 172): the unmatched_packets is 56
[6608, 1037903220, 6624, 1037865261, 6880, 1037865231, 6864, 1037903224, 6368, 1037865301, 6872, 1037897483, 6352, 1037903216, 6360, 1037897539, 6609, 1038321770, 6625, 1038324741, 6881, 1038329043, 6865, 1038326087, 6873, 1038327043, 6369, 1038320254, 6610, 1038759987, 6626, 1038799617, 6882, 1038799655, 6874, 1038766229, 6354, 1038759995, 6628, 1021260247, 6883, 1038310605, 6357, 1021999963, 6884, 1021264040, 6870, 1021959539, 6871, 1021137879, 6879, 1021109131, 6866, 1038759973, 6875, 1038312009, 6876, 1021135557, 6867, 1038313400, 6869, 1022008252, 6885, 1021855956, 6886, 1021990138, 6887, 1021103538, 6868, 1021112191, 6877, 1021988566, 6878, 1021987156, 6611, 1038317726, 6627, 1038314924, 6612, 1021108393, 6613, 1022004163, 6629, 1021851892, 6614, 1021963695, 6630, 1021994249, 6615, 1021141469, 6631, 1021107190, 6353, 1038317287, 6361, 1038318246, 6370, 1038799582, 6362, 1038766182, 6371, 1038319422, 6363, 1038320824, 6355, 1038322224, 6356, 1021104429, 6372, 1021256261, 6364, 1021127734, 6373, 1021847721, 6365, 1021980364, 6358, 1021967996, 6374, 1021998530, 6359, 1021145288, 6366, 1021995545, 6375, 1021111025, 6367, 1021116616]
[INFO] (lattice_cell.c: 455): on tick 7 of 50
[INFO] (lattice_cell.c: 172): the unmatched_packets is 56
[6608, 1037904051, 6624, 1037873151, 6880, 1037873169, 6864, 1037904111, 6368, 1037873125, 6872, 1037884605, 6352, 1037904003, 6360, 1037884581, 6609, 1038329220, 6625, 1038330969, 6881, 1038334979, 6865, 1038333243, 6873, 1038334251, 6369, 1038326779, 6353, 1038325038, 6610, 1038748588, 6626, 1038781647, 6882, 1038781627, 6361, 1038326046, 6866, 1038748556, 6874, 1038768453, 6867, 1038321282, 6355, 1038329465, 6372, 1021059786, 6615, 1021132172, 6884, 1021068216, 6366, 1021988232, 6887, 1021086340, 6375, 1021095082, 6879, 1021106117, 6883, 1038319232, 6875, 1038320116, 6868, 1021108579, 6876, 1021133640, 6885, 1022051386, 6877, 1021983463, 6870, 1021957886, 6611, 1038325290, 6886, 1021997910, 6878, 1021978677, 6869, 1022004402, 6871, 1021127987, 6627, 1038323233, 6612, 1021104458, 6628, 1021064165, 6613, 1021999631, 6629, 1022046567, 6614, 1021962709, 6630, 1022002670, 6631, 1021090567, 6370, 1038781667, 6354, 1038748628, 6362, 1038768447, 6363, 1038328285, 6371, 1038327405, 6364, 1021125103, 6356, 1021100028, 6373, 1022041651, 6357, 1021994776, 6365, 1021973834, 6358, 1021967576, 6374, 1022007476, 6359, 1021136630, 6367, 1021114875]
[INFO] (lattice_cell.c: 455): on tick 8 of 50
[INFO] (lattice_cell.c: 172): the unmatched_packets is 56
[6608, 1037910944, 6624, 1037890258, 6880, 1037890254, 6864, 1037910962, 6368, 1037890268, 6352, 1037910922, 6872, 1037883838, 6360, 1037883860, 6609, 1038321925, 6625, 1038323439, 6881, 1038327762, 6865, 1038326245, 6873, 1038326588, 6369, 1038318939, 6353, 1038317415, 6361, 1038317758, 6610, 1038751470, 6626, 1038774600, 6882, 1038774598, 6866, 1038751434, 6874, 1038780865, 6611, 1038318012, 6627, 1038315771, 6628, 1021090993, 6883, 1038311445, 6867, 1038313671, 6613, 1021991407, 6629, 1022025840, 6868, 1021123066, 6363, 1038320974, 6355, 1038322529, 6630, 1022004911, 6364, 1021115824, 6615, 1021142246, 6869, 1021995514, 6885, 1022029921, 6886, 1022000843, 6871, 1021138718, 6887, 1021095084, 6879, 1021109596, 6875, 1038312125, 6876, 1021123330, 6878, 1021986855, 6884, 1021094677, 6877, 1022000695, 6870, 1021959241, 6612, 1021119394, 6614, 1021963357, 6631, 1021098647, 6370, 1038774596, 6354, 1038751492, 6362, 1038780865, 6371, 1038320291, 6372, 1021087122, 6356, 1021115530, 6357, 1021987213, 6373, 1022021676, 6365, 1021992387, 6358, 1021967589, 6374, 1022009123, 6366, 1021995098, 6359, 1021146010, 6375, 1021102449, 6367, 1021117001]
[INFO] (lattice_cell.c: 455): on tick 9 of 50
[INFO] (lattice_cell.c: 172): the unmatched_packets is 56
[6608, 1037903372, 6624, 1037886601, 6880, 1037886595, 6864, 1037903416, 6368, 1037886603, 6872, 1037880964, 6352, 1037903342, 6360, 1037880960, 6609, 1038328898, 6625, 1038331222, 6881, 1038335219, 6865, 1038332917, 6873, 1038333276, 6369, 1038327047, 6353, 1038324732, 6361, 1038325099, 6610, 1038749250, 6626, 1038766708, 6882, 1038766718, 6866, 1038749236, 6874, 1038772769, 6370, 1038766688, 6611, 1038325441, 6627, 1038323557, 6883, 1038319580, 6354, 1038749272, 6362, 1038772751, 6875, 1038320654, 6613, 1021981164, 6614, 1021955665, 6876, 1021104306, 6869, 1021985899, 6372, 1021109327, 6631, 1021100355, 6365, 1022004377, 6886, 1021988438, 6871, 1021135063, 6887, 1021096090, 6366, 1021997665, 6879, 1021098443, 6867, 1038321450, 6868, 1021126095, 6884, 1021118050, 6885, 1021998585, 6877, 1022013929, 6870, 1021950813, 6878, 1021988017, 6612, 1021121869, 6628, 1021113858, 6629, 1021993868, 6630, 1021993218, 6615, 1021139290, 6371, 1038327722, 6363, 1038328802, 6355, 1038329621, 6356, 1021117361, 6364, 1021095596, 6373, 1021989024, 6357, 1021976321, 6358, 1021960586, 6374, 1021998081, 6359, 1021143743, 6375, 1021104882, 6367, 1021107237]
[INFO] (lattice_cell.c: 455): on tick 10 of 50
[INFO] (lattice_cell.c: 172): the unmatched_packets is 56
[6608, 1037905594, 6624, 1037884307, 6880, 1037884307, 6864, 1037905636, 6368, 1037884291, 6872, 1037891392, 6352, 1037905554, 6360, 1037891384, 6609, 1038321384, 6625, 1038323873, 6881, 1038328194, 6865, 1038325707, 6369, 1038319367, 6873, 1038326378, 6353, 1038316878, 6361, 1038317546, 6610, 1038757358, 6626, 1038780356, 6882, 1038780352, 6866, 1038757308, 6874, 1038772690, 6627, 1038315911, 6883, 1038311579, 6370, 1038780364, 6875, 1038312631, 6371, 1038320425, 6364, 1021101840, 6871, 1021141149, 6887, 1021104465, 6879, 1021104428, 6867, 1038314041, 6868, 1021124058, 6884, 1021131572, 6876, 1021109207, 6885, 1021990476, 6877, 1022014655, 6886, 1021989939, 6878, 1021993172, 6869, 1021993820, 6870, 1021957309, 6611, 1038318389, 6612, 1021120487, 6628, 1021127999, 6613, 1021989638, 6629, 1021986326, 6614, 1021961421, 6630, 1021994001, 6354, 1038757406, 6362, 1038772701, 6615, 1021144642, 6631, 1021107996, 6355, 1038322907, 6363, 1038321481, 6372, 1021124219, 6356, 1021116696, 6373, 1021982106, 6357, 1021985400, 6365, 1022006277, 6358, 1021965646, 6374, 1021998159, 6359, 1021148405, 6366, 1022001366, 6375, 1021111801, 6367, 1021111790]
[INFO] (lattice_cell.c: 455): on tick 11 of 50
[INFO] (lattice_cell.c: 172): the unmatched_packets is 56
[6608, 1037900962, 6624, 1037876833, 6880, 1037876813, 6864, 1037900996, 6368, 1037876847, 6352, 1037900941, 6360, 1037887153, 6872, 1037887103, 6609, 1038328503, 6625, 1038330770, 6881, 1038334770, 6865, 1038332516, 6369, 1038326585, 6353, 1038324316, 6873, 1038333327, 6361, 1038325144, 6610, 1038751976, 6626, 1038777396, 6882, 1038777418, 6866, 1038751970, 6874, 1038766019, 6611, 1038325743, 6627, 1038322837, 6370, 1038777366, 6628, 1021111561, 6354, 1038751986, 6362, 1038765950, 6629, 1021995813, 6355, 1038329913, 6371, 1038327013, 6630, 1022000450, 6357, 1021988212, 6870, 1021953728, 6886, 1021995677, 6878, 1021984257, 6871, 1021133111, 6887, 1021092814, 6879, 1021103022, 6883, 1038318858, 6868, 1021114316, 6867, 1038321740, 6884, 1021115828, 6876, 1021116616, 6885, 1022000465, 6875, 1038320576, 6869, 1021997667, 6877, 1022000293, 6612, 1021110036, 6613, 1021993020, 6614, 1021958587, 6615, 1021137326, 6631, 1021097075, 6363, 1038328741, 6356, 1021105473, 6372, 1021107017, 6364, 1021107784, 6373, 1021991001, 6365, 1021990891, 6358, 1021963545, 6374, 1022005291, 6366, 1021993885, 6359, 1021141746, 6375, 1021101602, 6367, 1021111832]
[INFO] (lattice_cell.c: 455): on tick 12 of 50
[INFO] (lattice_cell.c: 172): the unmatched_packets is 56
[6608, 1037908018, 6624, 1037878258, 6880, 1037878264, 6864, 1037908081, 6368, 1037878238, 6352, 1037907946, 6872, 1037887930, 6360, 1037887898, 6609, 1038321277, 6625, 1038323231, 6881, 1038327535, 6865, 1038325587, 6873, 1038326169, 6369, 1038318749, 6353, 1038316777, 6361, 1038317371, 6610, 1038754632, 6626, 1038786761, 6882, 1038786743, 6866, 1038754556, 6874, 1038776281, 6611, 1038318836, 6627, 1038316757, 6883, 1038312451, 6370, 1038786773, 6867, 1038314509, 6362, 1038776315, 6629, 1022016269, 6868, 1021117872, 6356, 1021110600, 6373, 1022011949, 6886, 1021984906, 6871, 1021136949, 6887, 1021109225, 6879, 1021110862, 6876, 1021123256, 6884, 1021102804, 6869, 1021999968, 6877, 1021999356, 6885, 1022020509, 6870, 1021961392, 6878, 1021983249, 6875, 1038313698, 6612, 1021114351, 6628, 1021099315, 6613, 1021995694, 6614, 1021965561, 6630, 1021989023, 6615, 1021140442, 6631, 1021112748, 6354, 1038754698, 6371, 1038321251, 6355, 1038323351, 6363, 1038322524, 6364, 1021116000, 6372, 1021095588, 6365, 1021990814, 6357, 1021991397, 6374, 1021993239, 6358, 1021969791, 6366, 1021991475, 6359, 1021144228, 6375, 1021116553, 6367, 1021118284]
[INFO] (lattice_cell.c: 455): on tick 13 of 50
[INFO] (lattice_cell.c: 172): the unmatched_packets is 56
[6608, 1037905274, 6624, 1037899118, 6880, 1037899114, 6864, 1037905284, 6368, 1037899126, 6352, 1037905266, 6872, 1037885730, 6360, 1037885788, 6609, 1038328401, 6625, 1038330831, 6881, 1038334860, 6865, 1038332439, 6873, 1038332993, 6369, 1038326632, 6353, 1038324198, 6361, 1038324769, 6610, 1038747545, 6626, 1038753990, 6882, 1038754000, 6866, 1038747549, 6874, 1038767829, 6370, 1038753974, 6611, 1038324982, 6627, 1038325464, 6354, 1038747549, 6883, 1038321455, 6867, 1038320958, 6875, 1038320415, 6613, 1021987896, 6629, 1021993812, 6884, 1021117758, 6876, 1021117341, 6630, 1022039357, 6372, 1021108848, 6885, 1021998349, 6373, 1021989112, 6871, 1021133697, 6879, 1021094008, 6868, 1021118474, 6869, 1021992468, 6877, 1021998864, 6886, 1022034745, 6878, 1021995368, 6870, 1021956839, 6887, 1021044911, 6612, 1021114140, 6628, 1021113436, 6614, 1021961660, 6615, 1021137867, 6631, 1021049213, 6362, 1038767750, 6371, 1038329655, 6363, 1038328625, 6355, 1038329177, 6364, 1021108448, 6356, 1021109581, 6365, 1021989625, 6357, 1021983184, 6374, 1022044113, 6358, 1021966611, 6366, 1022004857, 6359, 1021142247, 6375, 1021053734, 6367, 1021102781]
[INFO] (lattice_cell.c: 455): on tick 14 of 50
[INFO] (lattice_cell.c: 172): the unmatched_packets is 56
[6608, 1037904692, 6624, 1037856884, 6880, 1037856864, 6864, 1037904764, 6368, 1037856894, 6352, 1037904617, 6360, 1037874648, 6872, 1037874653, 6609, 1038321008, 6625, 1038322880, 6881, 1038327153, 6865, 1038325291, 6369, 1038318436, 6353, 1038316547, 6873, 1038325656, 6361, 1038316928, 6610, 1038757991, 6626, 1038808452, 6882, 1038808466, 6866, 1038757920, 6874, 1038789935, 6611, 1038319443, 6628, 1021099205, 6354, 1038758067, 6613, 1021990085, 6875, 1038311617, 6363, 1038320370, 6614, 1021953894, 6876, 1021103974, 6356, 1021115718, 6631, 1021202738, 6358, 1021958198, 6879, 1021144548, 6359, 1021154739, 6883, 1038312335, 6867, 1038315143, 6884, 1021102648, 6869, 1021994464, 6877, 1022019577, 6885, 1022020031, 6878, 1021960086, 6871, 1021147409, 6868, 1021122962, 6870, 1021949630, 6886, 1021895223, 6887, 1021199276, 6627, 1038316593, 6612, 1021119476, 6629, 1022015667, 6630, 1021899551, 6615, 1021150926, 6370, 1038808436, 6362, 1038789933, 6371, 1038321059, 6355, 1038323917, 6372, 1021095481, 6364, 1021096779, 6373, 1022011249, 6357, 1021985680, 6365, 1022010816, 6374, 1021903932, 6366, 1021968593, 6375, 1021206475, 6367, 1021151926]
[INFO] (lattice_cell.c: 455): on tick 15 of 50
[INFO] (lattice_cell.c: 172): the unmatched_packets is 56
[6608, 1037912421, 6624, 1037917735, 6880, 1037917725, 6864, 1037912452, 6368, 1037917743, 6872, 1037912462, 6352, 1037912395, 6360, 1037912471, 6609, 1038328242, 6625, 1038331123, 6881, 1038335179, 6865, 1038332312, 6369, 1038326894, 6873, 1038333251, 6353, 1038323992, 6610, 1038740427, 6626, 1038735212, 6882, 1038735229, 6361, 1038324951, 6866, 1038740408, 6874, 1038740139, 6370, 1038735200, 6354, 1038740444, 6611, 1038327614, 6362, 1038740106, 6627, 1038323407, 6883, 1038319348, 6867, 1038323556, 6875, 1038320830, 6612, 1021121216, 6613, 1021980111, 6614, 1021981404, 6363, 1038329119, 6876, 1021125547, 6356, 1021116673, 6870, 1021976760, 6871, 1021104278, 6887, 1020949515, 6879, 1021017796, 6868, 1021125540, 6884, 1021134046, 6869, 1021984539, 6886, 1022139805, 6878, 1022071312, 6885, 1021980733, 6877, 1021990007, 6628, 1021129732, 6629, 1021976324, 6630, 1022144174, 6615, 1021108453, 6631, 1020953835, 6371, 1038327640, 6355, 1038331859, 6372, 1021125179, 6364, 1021116645, 6365, 1021981026, 6373, 1021971712, 6357, 1021975472, 6374, 1022148737, 6366, 1022080348, 6358, 1021986240, 6359, 1021112827, 6375, 1020958416, 6367, 1021026689]
[INFO] (lattice_cell.c: 455): on tick 16 of 50
[INFO] (lattice_cell.c: 172): the unmatched_packets is 56
[6608, 1037882990, 6624, 1037857989, 6880, 1037858005, 6864, 1037883034, 6872, 1037853017, 6368, 1037857969, 6352, 1037882944, 6360, 1037853044, 6609, 1038320688, 6625, 1038322563, 6881, 1038326786, 6865, 1038324921, 6873, 1038325118, 6369, 1038318156, 6353, 1038316270, 6610, 1038780339, 6626, 1038806974, 6882, 1038806944, 6361, 1038316474, 6866, 1038780299, 6874, 1038811926, 6611, 1038319329, 6627, 1038317522, 6867, 1038315084, 6354, 1038780382, 6630, 1021854705, 6356, 1021097987, 6357, 1022003082, 6886, 1021850282, 6887, 1021240918, 6375, 1021248311, 6879, 1021245283, 6883, 1038313306, 6868, 1021105238, 6875, 1038314044, 6876, 1021101457, 6612, 1021101746, 6869, 1022012125, 6877, 1022021424, 6885, 1022008316, 6870, 1021889229, 6878, 1021849784, 6884, 1021113774, 6871, 1021209301, 6629, 1022003836, 6614, 1021893752, 6615, 1021212758, 6631, 1021244470, 6628, 1021110296, 6613, 1022007601, 6370, 1038806989, 6362, 1038811874, 6371, 1038321938, 6363, 1038322686, 6355, 1038323761, 6372, 1021106515, 6364, 1021094185, 6373, 1021999326, 6365, 1022012402, 6374, 1021859142, 6358, 1021898304, 6366, 1021858741, 6359, 1021216514, 6367, 1021252583]
[INFO] (lattice_cell.c: 455): on tick 17 of 50
[INFO] (lattice_cell.c: 172): the unmatched_packets is 56
[6608, 1037938905, 6624, 1037877894, 6880, 1037877854, 6864, 1037938961, 6872, 1037913960, 6368, 1037877936, 6352, 1037938849, 6360, 1037914035, 6609, 1038327685, 6625, 1038330393, 6881, 1038334485, 6865, 1038331801, 6873, 1038333127, 6369, 1038326117, 6353, 1038323401, 6361, 1038324745, 6610, 1038713276, 6626, 1038776707, 6882, 1038776752, 6866, 1038713222, 6370, 1038776663, 6874, 1038739138, 6354, 1038713324, 6362, 1038739052, 6611, 1038325495, 6627, 1038324447, 6883, 1038320357, 6867, 1038321374, 6875, 1038320027, 6371, 1038328730, 6612, 1021130432, 6628, 1021092918, 6884, 1021097170, 6868, 1021134703, 6355, 1038329781, 6876, 1021122830, 6629, 1022013798, 6372, 1021088447, 6630, 1022061299, 6869, 1021978227, 6886, 1022056891, 6871, 1021008687, 6879, 1020956367, 6375, 1021038543, 6877, 1021992874, 6367, 1020965151, 6870, 1022082438, 6885, 1022018138, 6887, 1021030022, 6878, 1022137591, 6613, 1021973902, 6614, 1022086840, 6615, 1021012899, 6631, 1021034182, 6363, 1038328421, 6356, 1021125958, 6364, 1021114099, 6373, 1022009310, 6357, 1021969393, 6365, 1021984073, 6374, 1022065896, 6358, 1022091416, 6366, 1022146347, 6359, 1021017299]
[INFO] (lattice_cell.c: 455): on tick 18 of 50
[INFO] (lattice_cell.c: 172): the unmatched_packets is 56
[6608, 1037875937, 6624, 1037900455, 6880, 1037900455, 6864, 1037875987, 6872, 1037882573, 6368, 1037900450, 6352, 1037875891, 6360, 1037882535, 6609, 1038320734, 6625, 1038323232, 6881, 1038327403, 6865, 1038324936, 6873, 1038326063, 6369, 1038318882, 6353, 1038316374, 6361, 1038317512, 6610, 1038787167, 6626, 1038763244, 6882, 1038763246, 6866, 1038787122, 6874, 1038781069, 6370, 1038763237, 6611, 1038320558, 6627, 1038316601, 6883, 1038312429, 6867, 1038316354, 6875, 1038313714, 6362, 1038781090, 6613, 1022002675, 6629, 1021998915, 6371, 1038320963, 6630, 1022027631, 6876, 1021123240, 6869, 1022007283, 6877, 1021995866, 6373, 1021994275, 6879, 1021196254, 6868, 1021107756, 6885, 1022003505, 6884, 1021119282, 6886, 1022023169, 6870, 1021802964, 6878, 1021900868, 6887, 1021073553, 6871, 1021290447, 6612, 1021104191, 6628, 1021115760, 6614, 1021807650, 6615, 1021293933, 6631, 1021077210, 6354, 1038787213, 6363, 1038322257, 6355, 1038324936, 6372, 1021111913, 6364, 1021115811, 6356, 1021100298, 6365, 1021986688, 6357, 1021998074, 6358, 1021812377, 6374, 1022032105, 6366, 1021909781, 6359, 1021297745, 6375, 1021081186, 6367, 1021203959]
[INFO] (lattice_cell.c: 455): on tick 19 of 50
[INFO] (lattice_cell.c: 172): the unmatched_packets is 56
[6608, 1037911560, 6624, 1037880495, 6880, 1037880488, 6864, 1037911598, 6872, 1037869275, 6368, 1037880495, 6352, 1037911528, 6360, 1037869347, 6609, 1038329646, 6625, 1038329439, 6881, 1038333575, 6865, 1038333810, 6873, 1038331919, 6369, 1038325100, 6353, 1038325310, 6361, 1038323433, 6610, 1038741989, 6626, 1038773108, 6882, 1038773117, 6866, 1038741968, 6874, 1038785164, 6611, 1038325890, 6627, 1038324947, 6883, 1038320817, 6867, 1038321722, 6370, 1038773094, 6628, 1021116121, 6875, 1038321166, 6363, 1038329642, 6364, 1021095927, 6870, 1022067421, 6374, 1021960613, 6878, 1021980929, 6871, 1021023467, 6887, 1021131912, 6879, 1021108880, 6876, 1021104471, 6884, 1021120303, 6868, 1021122226, 6869, 1021981172, 6885, 1021996016, 6886, 1021952009, 6877, 1022012101, 6354, 1038742014, 6612, 1021118099, 6613, 1021976857, 6629, 1021991831, 6614, 1022071815, 6630, 1021956230, 6615, 1021027497, 6631, 1021136096, 6362, 1038785085, 6371, 1038329279, 6355, 1038330243, 6356, 1021113811, 6372, 1021111725, 6373, 1021987428, 6357, 1021972357, 6365, 1022003486, 6358, 1022076418, 6366, 1021989688, 6359, 1021031677, 6375, 1021140452, 6367, 1021117286]
[INFO] (lattice_cell.c: 455): on tick 20 of 50
[INFO] (lattice_cell.c: 172): the unmatched_packets is 56
[6608, 1037928753, 6624, 1037876240, 6880, 1037876230, 6864, 1037928801, 6368, 1037876254, 6872, 1037899362, 6352, 1037928703, 6360, 1037899433, 6609, 1038321129, 6625, 1038323081, 6881, 1038327203, 6865, 1038325274, 6873, 1038323880, 6369, 1038318783, 6353, 1038316819, 6361, 1038315438, 6610, 1038732737, 6626, 1038788551, 6882, 1038788565, 6866, 1038732715, 6874, 1038764402, 6611, 1038319880, 6627, 1038317262, 6883, 1038313141, 6867, 1038315732, 6875, 1038313217, 6370, 1038788524, 6628, 1021111497, 6354, 1038732776, 6629, 1022000612, 6355, 1038324202, 6356, 1021091340, 6631, 1021113564, 6870, 1021933589, 6871, 1021163739, 6879, 1021066743, 6366, 1022043927, 6868, 1021099201, 6876, 1021107643, 6375, 1021117532, 6869, 1022016528, 6367, 1021074560, 6886, 1021985397, 6878, 1022034763, 6884, 1021115133, 6887, 1021109925, 6612, 1021095425, 6885, 1022005268, 6877, 1022022176, 6613, 1022011924, 6614, 1021938232, 6630, 1021990050, 6615, 1021167459, 6362, 1038764294, 6371, 1038321586, 6363, 1038321669, 6364, 1021099972, 6372, 1021107541, 6373, 1021995904, 6365, 1022012835, 6357, 1022007303, 6374, 1021994739, 6358, 1021942883, 6359, 1021171512]
[INFO] (lattice_cell.c: 455): on tick 21 of 50
[INFO] (lattice_cell.c: 172): the unmatched_packets is 56
[6608, 1037868094, 6624, 1037876812, 6880, 1037876786, 6864, 1037868200, 6368, 1037876829, 6352, 1037867994, 6872, 1037883706, 6609, 1038326403, 6625, 1038331801, 6881, 1038335987, 6360, 1037883697, 6369, 1038327419, 6865, 1038330620, 6353, 1038322008, 6873, 1038332217, 6361, 1038323628, 6610, 1038786124, 6626, 1038777687, 6882, 1038777713, 6866, 1038786030, 6874, 1038769680, 6611, 1038326792, 6627, 1038324322, 6875, 1038320891, 6370, 1038777661, 6354, 1038786224, 6868, 1021189742, 6364, 1021136455, 6631, 1021075405, 6869, 1021922428, 6887, 1021071356, 6879, 1021103716, 6883, 1038320146, 6884, 1021108182, 6867, 1038322582, 6612, 1021185860, 6885, 1021999689, 6628, 1021104171, 6870, 1021924125, 6878, 1021986676, 6876, 1021144579, 6877, 1021970882, 6886, 1022015954, 6871, 1021162595, 6613, 1021918120, 6629, 1021995514, 6614, 1021928489, 6630, 1022020092, 6615, 1021166479, 6362, 1038769692, 6371, 1038328706, 6355, 1038331182, 6363, 1038329466, 6372, 1021099953, 6356, 1021181818, 6373, 1021991174, 6357, 1021913576, 6365, 1021962264, 6374, 1022024403, 6358, 1021933024, 6366, 1021995012, 6359, 1021170552, 6375, 1021079634, 6367, 1021112171]
[INFO] (lattice_cell.c: 455): on tick 22 of 50
[INFO] (lattice_cell.c: 172): the unmatched_packets is 56
[6608, 1037937545, 6624, 1037899570, 6880, 1037899545, 6864, 1037937521, 6872, 1037904397, 6368, 1037899605, 6352, 1037937559, 6360, 1037904509, 6609, 1038322361, 6625, 1038323286, 6881, 1038327343, 6865, 1038326442, 6873, 1038326111, 6369, 1038319034, 6353, 1038318093, 6361, 1038317793, 6610, 1038724665, 6626, 1038763972, 6882, 1038764007, 6866, 1038724683, 6874, 1038758852, 6370, 1038763922, 6611, 1038320118, 6627, 1038317498, 6883, 1038313424, 6867, 1038316003, 6875, 1038314382, 6628, 1021090724, 6629, 1022021795, 6876, 1021058692, 6631, 1021098338, 6870, 1021963945, 6871, 1021134562, 6887, 1021094520, 6879, 1021147436, 6868, 1020987185, 6375, 1021102503, 6869, 1022123902, 6885, 1022026474, 6884, 1021094537, 6878, 1021950569, 6877, 1022059007, 6886, 1022000783, 6612, 1020983181, 6613, 1022119325, 6614, 1021968796, 6630, 1022005435, 6615, 1021138253, 6354, 1038724627, 6362, 1038758718, 6371, 1038321760, 6363, 1038322733, 6355, 1038324386, 6372, 1021086559, 6364, 1021050479, 6356, 1020978839, 6365, 1022049753, 6373, 1022017035, 6357, 1022114743, 6374, 1022010122, 6366, 1021959904, 6358, 1021973678, 6359, 1021142277, 6367, 1021155481]
[INFO] (lattice_cell.c: 455): on tick 23 of 50
[INFO] (lattice_cell.c: 172): the unmatched_packets is 56
[6608, 1037879364, 6624, 1037864422, 6880, 1037864445, 6864, 1037879446, 6872, 1037844685, 6368, 1037864397, 6352, 1037879285, 6360, 1037844657, 6609, 1038327075, 6625, 1038328619, 6881, 1038332860, 6865, 1038331331, 6873, 1038330403, 6369, 1038324190, 6353, 1038322635, 6361, 1038321712, 6610, 1038774033, 6626, 1038789849, 6882, 1038789833, 6866, 1038773967, 6874, 1038810476, 6370, 1038789876, 6354, 1038774101, 6362, 1038810482, 6611, 1038326048, 6627, 1038324610, 6883, 1038320398, 6867, 1038321786, 6875, 1038320479, 6371, 1038329043, 6355, 1038330491, 6612, 1021261034, 6628, 1021164004, 6884, 1021167759, 6868, 1021264750, 6876, 1021222413, 6629, 1021945836, 6885, 1021950015, 6630, 1021990511, 6886, 1021986437, 6871, 1021101727, 6887, 1021100485, 6879, 1021085210, 6366, 1022015150, 6869, 1021845675, 6877, 1021898713, 6870, 1021988032, 6367, 1021093259, 6878, 1022006795, 6613, 1021841348, 6614, 1021992237, 6615, 1021105601, 6631, 1021104424, 6363, 1038329148, 6372, 1021160025, 6356, 1021257172, 6364, 1021214841, 6357, 1021836859, 6365, 1021889997, 6373, 1021941484, 6358, 1021996619, 6374, 1021994728, 6359, 1021109620, 6375, 1021108543]
[INFO] (lattice_cell.c: 455): on tick 24 of 50
[INFO] (lattice_cell.c: 172): the unmatched_packets is 56
[6608, 1037924682, 6624, 1037910456, 6880, 1037910381, 6864, 1037924749, 6368, 1037910522, 6872, 1037926076, 6352, 1037924626, 6360, 1037926234, 6609, 1038320608, 6881, 1038328742, 6625, 1038324723, 6865, 1038324664, 6873, 1038325841, 6369, 1038320527, 6353, 1038316393, 6610, 1038737759, 6626, 1038753241, 6882, 1038753313, 6361, 1038317587, 6370, 1038753163, 6866, 1038737701, 6874, 1038737106, 6354, 1038737813, 6611, 1038320435, 6627, 1038317982, 6883, 1038313941, 6867, 1038316374, 6875, 1038314323, 6362, 1038736926, 6628, 1021010636, 6613, 1022092294, 6884, 1021014716, 6614, 1021950015, 6363, 1038322594, 6357, 1022087508, 6886, 1021971032, 6871, 1021151967, 6887, 1021122780, 6868, 1021019737, 6869, 1022097055, 6885, 1022099526, 6870, 1021945167, 6878, 1021998843, 6879, 1021101065, 6876, 1020966460, 6877, 1022154730, 6612, 1021015734, 6629, 1022094908, 6630, 1021975754, 6615, 1021155793, 6631, 1021126695, 6371, 1038322192, 6355, 1038324669, 6372, 1021006219, 6356, 1021011422, 6364, 1020957946, 6373, 1022090212, 6365, 1022145458, 6358, 1021954946, 6374, 1021980547, 6366, 1022008269, 6359, 1021159983, 6375, 1021130955, 6367, 1021109352]
[INFO] (lattice_cell.c: 455): on tick 25 of 50
[INFO] (lattice_cell.c: 172): the unmatched_packets is 56
[6608, 1037905281, 6624, 1037843242, 6880, 1037843250, 6864, 1037905327, 6872, 1037870513, 6368, 1037843222, 6352, 1037905244, 6360, 1037870557, 6609, 1038328536, 6625, 1038329115, 6881, 1038333387, 6865, 1038332833, 6873, 1038332306, 6369, 1038324654, 6353, 1038324055, 6361, 1038323555, 6610, 1038747515, 6626, 1038811772, 6882, 1038811777, 6866, 1038747492, 6874, 1038782687, 6611, 1038326930, 6627, 1038324061, 6883, 1038319811, 6867, 1038322639, 6370, 1038811778, 6875, 1038320718, 6868, 1021135554, 6614, 1021931209, 6885, 1021865841, 6373, 1021857198, 6358, 1021935584, 6887, 1021072061, 6359, 1021169178, 6871, 1021161611, 6879, 1021104682, 6375, 1021079874, 6869, 1021967007, 6367, 1021112692, 6877, 1021875537, 6870, 1021926968, 6612, 1021131776, 6884, 1021249779, 6876, 1021237124, 6886, 1022016556, 6878, 1021987397, 6613, 1021962938, 6629, 1021861615, 6615, 1021165315, 6631, 1021075873, 6628, 1021246213, 6630, 1022020603, 6354, 1038747543, 6362, 1038782607, 6371, 1038328533, 6355, 1038331411, 6363, 1038329454, 6364, 1021229581, 6356, 1021127808, 6372, 1021242442, 6365, 1021867085, 6357, 1021958733, 6374, 1022024782, 6366, 1021995473]
[INFO] (lattice_cell.c: 455): on tick 26 of 50
[INFO] (lattice_cell.c: 172): the unmatched_packets is 56
[6608, 1037891361, 6624, 1037912759, 6880, 1037912723, 6864, 1037891394, 6872, 1037884236, 6368, 1037912803, 6352, 1037891338, 6360, 1037884270, 6609, 1038320091, 6625, 1038322666, 6881, 1038326654, 6865, 1038324103, 6873, 1038323366, 6369, 1038318491, 6353, 1038315910, 6361, 1038315186, 6610, 1038771995, 6626, 1038751126, 6882, 1038751162, 6866, 1038771973, 6370, 1038751077, 6354, 1038772022, 6362, 1038780257, 6874, 1038780296, 6611, 1038320019, 6627, 1038318198, 6883, 1038314204, 6867, 1038315976, 6875, 1038314403, 6371, 1038322389, 6355, 1038324226, 6363, 1038322606, 6612, 1021155639, 6628, 1020976989, 6884, 1020981114, 6868, 1021159678, 6876, 1021079266, 6613, 1021953643, 6614, 1021977059, 6877, 1022049097, 6870, 1021972162, 6879, 1021113784, 6366, 1021994011, 6886, 1021999937, 6878, 1021984484, 6885, 1022142472, 6869, 1021958574, 6887, 1021094398, 6871, 1021124939, 6630, 1022004659, 6615, 1021128868, 6631, 1021098427, 6629, 1022137758, 6372, 1020972582, 6364, 1021070933, 6356, 1021151329, 6373, 1022132949, 6357, 1021948692, 6365, 1022039337, 6358, 1021982043, 6374, 1022009481, 6359, 1021133107, 6375, 1021102803, 6367, 1021122278]
[INFO] (lattice_cell.c: 455): on tick 27 of 50
[INFO] (lattice_cell.c: 172): the unmatched_packets is 56
[6608, 1037906045, 6624, 1037880848, 6880, 1037880812, 6864, 1037906112, 6872, 1037893227, 6352, 1037905976, 6368, 1037880884, 6360, 1037893332, 6609, 1038327607, 6625, 1038331378, 6881, 1038335665, 6865, 1038331937, 6873, 1038332610, 6369, 1038326893, 6353, 1038323104, 6361, 1038323794, 6610, 1038747242, 6626, 1038772296, 6882, 1038772356, 6866, 1038747204, 6874, 1038760175, 6370, 1038772252, 6354, 1038747304, 6362, 1038760031, 6611, 1038326591, 6627, 1038323851, 6883, 1038319580, 6867, 1038322269, 6875, 1038320985, 6612, 1021079627, 6629, 1021924930, 6356, 1021075831, 6631, 1021113853, 6887, 1021110093, 6366, 1021987622, 6871, 1021116256, 6879, 1021114175, 6876, 1021077925, 6367, 1021121875, 6884, 1021176426, 6868, 1021083187, 6885, 1021928938, 6869, 1022024814, 6877, 1022033786, 6886, 1021981476, 6870, 1021975182, 6878, 1021979461, 6628, 1021172795, 6613, 1022020698, 6614, 1021979402, 6630, 1021985470, 6615, 1021119854, 6371, 1038328341, 6355, 1038331091, 6363, 1038329769, 6372, 1021168890, 6364, 1021070291, 6365, 1022025748, 6357, 1022016428, 6373, 1021920767, 6374, 1021989568, 6358, 1021983731, 6359, 1021123652, 6375, 1021117823]
[INFO] (lattice_cell.c: 455): on tick 28 of 50
[INFO] (lattice_cell.c: 172): the unmatched_packets is 56
[6608, 1037921674, 6624, 1037870050, 6880, 1037870046, 6864, 1037921721, 6872, 1037885309, 6368, 1037870056, 6352, 1037921621, 6360, 1037885444, 6609, 1038320570, 6625, 1038321994, 6881, 1038325959, 6865, 1038324567, 6873, 1038324814, 6369, 1038317845, 6353, 1038316401, 6361, 1038316685, 6610, 1038740381, 6626, 1038794991, 6882, 1038794997, 6866, 1038740330, 6874, 1038778589, 6370, 1038794981, 6354, 1038740433, 6611, 1038320788, 6627, 1038318384, 6883, 1038314389, 6867, 1038316766, 6362, 1038778442, 6875, 1038315133, 6612, 1021101707, 6613, 1022004255, 6629, 1021984302, 6868, 1021105912, 6876, 1021155151, 6355, 1038324975, 6372, 1021126655, 6631, 1021101845, 6877, 1021967156, 6871, 1021147294, 6358, 1021958685, 6887, 1021097737, 6879, 1021099608, 6884, 1021135011, 6885, 1021989205, 6869, 1022009090, 6886, 1021993362, 6870, 1021948835, 6878, 1021995318, 6614, 1021953697, 6630, 1021998065, 6615, 1021151322, 6371, 1038322549, 6363, 1038323311, 6356, 1021097255, 6364, 1021146615, 6373, 1021979264, 6357, 1021999348, 6365, 1021957363, 6628, 1021130970, 6374, 1022002907, 6366, 1022004741, 6359, 1021155677, 6375, 1021106286, 6367, 1021108325]
[INFO] (lattice_cell.c: 455): on tick 29 of 50
[INFO] (lattice_cell.c: 172): the unmatched_packets is 56
[6608, 1037899850, 6624, 1037885246, 6880, 1037885214, 6864, 1037899879, 6872, 1037878172, 6368, 1037885277, 6352, 1037899828, 6360, 1037878264, 6609, 1038328152, 6625, 1038329661, 6881, 1038333961, 6865, 1038332491, 6873, 1038331785, 6369, 1038325160, 6353, 1038323643, 6361, 1038322960, 6610, 1038753120, 6626, 1038768825, 6882, 1038768873, 6866, 1038753119, 6874, 1038775629, 6370, 1038768781, 6354, 1038753129, 6611, 1038325856, 6627, 1038326161, 6883, 1038321878, 6867, 1038321534, 6362, 1038775501, 6875, 1038320199, 6628, 1021058850, 6363, 1038328988, 6364, 1021110675, 6887, 1021090794, 6879, 1021096707, 6868, 1021142737, 6375, 1021098239, 6885, 1022050936, 6884, 1021062425, 6877, 1021997395, 6870, 1021938716, 6876, 1021117941, 6886, 1021993382, 6878, 1021999678, 6869, 1021961131, 6871, 1021154427, 6612, 1021139152, 6613, 1021957038, 6629, 1022046949, 6614, 1021942986, 6630, 1021997458, 6615, 1021157937, 6631, 1021094408, 6371, 1038330652, 6355, 1038330368, 6356, 1021135328, 6372, 1021055001, 6373, 1022042836, 6365, 1021989061, 6357, 1021952865, 6358, 1021947336, 6374, 1022001602, 6366, 1022007774, 6359, 1021161657, 6367, 1021104376]
[INFO] (lattice_cell.c: 455): on tick 30 of 50
[INFO] (lattice_cell.c: 172): the unmatched_packets is 56
[6608, 1037896161, 6624, 1037894496, 6880, 1037894451, 6864, 1037896221, 6872, 1037895499, 6368, 1037894549, 6352, 1037896085, 6360, 1037895539, 6609, 1038319964, 6625, 1038323194, 6881, 1038327157, 6865, 1038323958, 6873, 1038323688, 6369, 1038319041, 6353, 1038315795, 6361, 1038315547, 6610, 1038767210, 6626, 1038769221, 6882, 1038769261, 6866, 1038767151, 6874, 1038768328, 6370, 1038769151, 6354, 1038767263, 6611, 1038321118, 6627, 1038318648, 6883, 1038314670, 6867, 1038317091, 6362, 1038768275, 6875, 1038313442, 6612, 1021124303, 6613, 1021984072, 6876, 1021090300, 6630, 1022002303, 6631, 1021098140, 6886, 1021997626, 6878, 1021989292, 6871, 1021132983, 6879, 1021114752, 6358, 1021971147, 6359, 1021141430, 6885, 1021995890, 6884, 1021123387, 6877, 1022035338, 6870, 1021961322, 6868, 1021128418, 6869, 1021989024, 6887, 1021093916, 6628, 1021119200, 6629, 1021991080, 6614, 1021966166, 6615, 1021137069, 6371, 1038322815, 6355, 1038325307, 6363, 1038321617, 6372, 1021114785, 6356, 1021119984, 6364, 1021081727, 6373, 1021986167, 6357, 1021979021, 6365, 1022025573, 6374, 1022007112, 6366, 1021998671, 6375, 1021102615, 6367, 1021123584]
[INFO] (lattice_cell.c: 455): on tick 31 of 50
[INFO] (lattice_cell.c: 172): the unmatched_packets is 56
[6608, 1037904519, 6624, 1037871057, 6880, 1037871016, 6864, 1037904549, 6872, 1037887105, 6368, 1037871105, 6352, 1037904496, 6360, 1037887273, 6609, 1038327467, 6625, 1038330568, 6881, 1038334853, 6865, 1038331798, 6873, 1038332392, 6369, 1038326091, 6353, 1038322966, 6361, 1038323595, 6610, 1038748889, 6626, 1038782901, 6882, 1038782966, 6866, 1038748875, 6874, 1038766225, 6370, 1038782841, 6354, 1038748908, 6362, 1038766029, 6611, 1038328108, 6627, 1038323150, 6883, 1038318866, 6867, 1038323800, 6875, 1038320444, 6628, 1021134035, 6355, 1038332615, 6615, 1021122177, 6364, 1021106656, 6631, 1021111669, 6373, 1021963204, 6357, 1022004925, 6870, 1021967529, 6878, 1021975947, 6887, 1021108048, 6366, 1021984121, 6868, 1021093601, 6876, 1021114197, 6877, 1021997389, 6886, 1021986697, 6871, 1021118743, 6879, 1021119719, 6884, 1021137529, 6885, 1021971470, 6869, 1022013239, 6613, 1022009136, 6629, 1021967386, 6614, 1021971873, 6630, 1021990696, 6371, 1038327649, 6363, 1038329226, 6612, 1021090063, 6372, 1021130207, 6356, 1021086256, 6365, 1021989310, 6374, 1021994778, 6358, 1021976266, 6359, 1021125854, 6375, 1021115578, 6367, 1021127271]
[INFO] (lattice_cell.c: 455): on tick 32 of 50
[INFO] (lattice_cell.c: 172): the unmatched_packets is 56
[6608, 1037918617, 6624, 1037890774, 6880, 1037890770, 6864, 1037918686, 6872, 1037885730, 6368, 1037890782, 6352, 1037918557, 6360, 1037885859, 6609, 1038320621, 6625, 1038322049, 6881, 1038326031, 6865, 1038324629, 6873, 1038324514, 6369, 1038317883, 6353, 1038316435, 6361, 1038316345, 6610, 1038743333, 6626, 1038773523, 6882, 1038773538, 6866, 1038743290, 6874, 1038778218, 6370, 1038773510, 6354, 1038743391, 6362, 1038778075, 6611, 1038321400, 6627, 1038320589, 6883, 1038316612, 6867, 1038317358, 6875, 1038316004, 6613, 1021996875, 6630, 1022021089, 6364, 1021130364, 6356, 1021104582, 6357, 1021991899, 6871, 1021137404, 6366, 1022005521, 6887, 1021068233, 6879, 1021096423, 6876, 1021138780, 6869, 1022001736, 6884, 1021109166, 6885, 1022014073, 6868, 1021113097, 6877, 1021984068, 6870, 1021957197, 6886, 1022016414, 6878, 1021996150, 6612, 1021108935, 6628, 1021105117, 6629, 1022009230, 6614, 1021961978, 6615, 1021141544, 6631, 1021072434, 6371, 1038324765, 6355, 1038325601, 6363, 1038324192, 6372, 1021100824, 6373, 1022004225, 6365, 1021974215, 6374, 1022025919, 6358, 1021966942, 6359, 1021145903, 6375, 1021076897, 6367, 1021105268]
[INFO] (lattice_cell.c: 455): on tick 33 of 50
[INFO] (lattice_cell.c: 172): the unmatched_packets is 56
[6608, 1037901268, 6624, 1037866493, 6880, 1037866437, 6864, 1037901296, 6872, 1037872238, 6368, 1037866557, 6352, 1037901245, 6360, 1037872374, 6609, 1038326917, 6625, 1038329583, 6881, 1038333855, 6865, 1038331214, 6873, 1038331410, 6369, 1038325124, 6353, 1038322442, 6361, 1038322654, 6610, 1038751903, 6626, 1038787941, 6882, 1038788012, 6866, 1038751898, 6874, 1038782051, 6370, 1038787862, 6611, 1038325288, 6627, 1038323664, 6883, 1038319395, 6354, 1038751914, 6867, 1038320984, 6362, 1038781883, 6875, 1038318497, 6614, 1021944202, 6356, 1021126581, 6887, 1021159116, 6374, 1021943040, 6359, 1021163386, 6868, 1021134061, 6884, 1021080367, 6869, 1021973708, 6877, 1022010404, 6612, 1021130458, 6870, 1021939871, 6886, 1021934817, 6876, 1021104816, 6885, 1022031519, 6878, 1021983096, 6871, 1021156172, 6879, 1021120975, 6628, 1021076753, 6613, 1021969520, 6629, 1022027473, 6630, 1021938893, 6615, 1021159640, 6631, 1021162706, 6371, 1038328121, 6363, 1038327247, 6355, 1038329758, 6372, 1021072799, 6364, 1021097403, 6373, 1022023341, 6357, 1021965289, 6365, 1022002059, 6358, 1021948574, 6366, 1021991182, 6375, 1021166596, 6367, 1021128669]
[INFO] (lattice_cell.c: 455): on tick 34 of 50
[INFO] (lattice_cell.c: 172): the unmatched_packets is 56
[6608, 1037905710, 6624, 1037915949, 6880, 1037915925, 6864, 1037905757, 6872, 1037910608, 6368, 1037915979, 6352, 1037905655, 6360, 1037910683, 6609, 1038320744, 6625, 1038323485, 6881, 1038327501, 6865, 1038324787, 6873, 1038324951, 6369, 1038319293, 6353, 1038316529, 6361, 1038316718, 6610, 1038757066, 6626, 1038747043, 6882, 1038747083, 6866, 1038757046, 6874, 1038752416, 6370, 1038746998, 6354, 1038757103, 6362, 1038752310, 6611, 1038323319, 6627, 1038318178, 6883, 1038314171, 6867, 1038319268, 6875, 1038316203, 6612, 1021125752, 6628, 1021135236, 6631, 1021005051, 6869, 1021983599, 6870, 1021966890, 6878, 1022038458, 6871, 1021120084, 6887, 1021000771, 6879, 1021055906, 6884, 1021139330, 6868, 1021129809, 6885, 1021979761, 6877, 1022013015, 6886, 1022093772, 6876, 1021108049, 6629, 1021975047, 6614, 1021971733, 6615, 1021124128, 6371, 1038322395, 6355, 1038327551, 6363, 1038324442, 6613, 1021978751, 6630, 1022098303, 6372, 1021130952, 6364, 1021099696, 6356, 1021121534, 6365, 1022003378, 6373, 1021970147, 6357, 1021973745, 6358, 1021976719, 6366, 1022047745, 6374, 1022103003, 6359, 1021128380, 6375, 1021009495, 6367, 1021064648]
[INFO] (lattice_cell.c: 455): on tick 35 of 50
[INFO] (lattice_cell.c: 172): the unmatched_packets is 56
[6608, 1037887143, 6624, 1037843956, 6880, 1037843866, 6864, 1037887178, 6872, 1037862326, 6368, 1037844053, 6352, 1037887102, 6360, 1037862542, 6609, 1038328459, 6625, 1038328924, 6881, 1038333139, 6865, 1038332713, 6873, 1038330990, 6369, 1038324504, 6353, 1038324018, 6361, 1038322323, 6610, 1038766992, 6626, 1038811030, 6882, 1038811125, 6866, 1038766965, 6874, 1038791840, 6370, 1038810920, 6354, 1038767014, 6362, 1038791600, 6611, 1038325471, 6627, 1038326973, 6883, 1038322767, 6867, 1038321201, 6875, 1038321032, 6612, 1021088370, 6628, 1021110008, 6884, 1021113589, 6868, 1021091983, 6371, 1038331398, 6876, 1021102748, 6629, 1021995257, 6363, 1038329705, 6356, 1021084462, 6630, 1021863998, 6877, 1022012371, 6631, 1021222696, 6365, 1022003974, 6357, 1022000787, 6871, 1021169962, 6366, 1021898239, 6887, 1021219071, 6879, 1021203315, 6869, 1022009429, 6359, 1021177314, 6885, 1021999479, 6886, 1021859774, 6878, 1021889915, 6870, 1021926707, 6613, 1022005153, 6614, 1021931078, 6615, 1021173470, 6355, 1038329910, 6372, 1021106081, 6364, 1021095110, 6373, 1021990958, 6374, 1021868276, 6358, 1021935483, 6375, 1021226617, 6367, 1021211066]
[INFO] (lattice_cell.c: 455): on tick 36 of 50
[INFO] (lattice_cell.c: 172): the unmatched_packets is 56
[6608, 1037937809, 6624, 1037907009, 6880, 1037906996, 6864, 1037937856, 6872, 1037916820, 6368, 1037907016, 6352, 1037937765, 6360, 1037916914, 6609, 1038321289, 6625, 1038323216, 6881, 1038327265, 6865, 1038325384, 6873, 1038323566, 6369, 1038318972, 6353, 1038317024, 6361, 1038315249, 6610, 1038723586, 6626, 1038756785, 6882, 1038756819, 6866, 1038723553, 6874, 1038746165, 6370, 1038756756, 6354, 1038723615, 6362, 1038746019, 6611, 1038321122, 6627, 1038316540, 6883, 1038312474, 6867, 1038317013, 6875, 1038312433, 6371, 1038320802, 6355, 1038325394, 6363, 1038320770, 6612, 1021118364, 6628, 1021105730, 6884, 1021109673, 6868, 1021122415, 6876, 1021146675, 6613, 1021985461, 6629, 1022005502, 6885, 1022010186, 6869, 1021990104, 6877, 1021980985, 6630, 1022131762, 6356, 1021114153, 6373, 1022000626, 6887, 1020976160, 6871, 1021055827, 6886, 1022127369, 6879, 1020992111, 6358, 1022051234, 6870, 1022041637, 6878, 1022116842, 6375, 1020984751, 6614, 1022046339, 6615, 1021059842, 6631, 1020980367, 6372, 1021101610, 6364, 1021138488, 6365, 1021971505, 6357, 1021980624, 6366, 1022125711, 6374, 1022136343, 6359, 1021064026, 6367, 1021000898]
[INFO] (lattice_cell.c: 455): on tick 37 of 50
[INFO] (lattice_cell.c: 172): the unmatched_packets is 56
[6608, 1037876832, 6624, 1037881270, 6880, 1037881229, 6864, 1037876856, 6872, 1037852675, 6368, 1037881300, 6352, 1037876823, 6609, 1038325575, 6625, 1038330923, 6881, 1038335101, 6865, 1038329781, 6360, 1037852869, 6873, 1038330384, 6369, 1038326556, 6353, 1038321185, 6361, 1038321822, 6610, 1038777046, 6626, 1038772389, 6882, 1038772425, 6866, 1038777030, 6874, 1038802057, 6370, 1038772349, 6354, 1038777051, 6362, 1038801848, 6611, 1038329169, 6627, 1038325746, 6883, 1038321589, 6867, 1038324943, 6875, 1038323054, 6371, 1038330103, 6612, 1021108071, 6628, 1021099634, 6884, 1021103389, 6355, 1038333552, 6868, 1021111687, 6363, 1038331604, 6876, 1021106519, 6372, 1021095548, 6877, 1022009887, 6871, 1021255505, 6879, 1021224685, 6885, 1022002551, 6869, 1021999428, 6878, 1021860335, 6887, 1021162497, 6886, 1021921783, 6870, 1021825049, 6613, 1021994920, 6614, 1021829587, 6630, 1021926024, 6615, 1021259022, 6631, 1021166307, 6629, 1021998304, 6364, 1021098867, 6356, 1021104135, 6365, 1022001083, 6357, 1021990433, 6373, 1021993998, 6358, 1021834199, 6366, 1021868962, 6374, 1021930253, 6375, 1021170436, 6359, 1021262860, 6367, 1021232556]
[INFO] (lattice_cell.c: 455): on tick 38 of 50
[INFO] (lattice_cell.c: 172): the unmatched_packets is 56
[6608, 1037929455, 6624, 1037873476, 6880, 1037873372, 6864, 1037929492, 6872, 1037899063, 6368, 1037873579, 6352, 1037929427, 6360, 1037899266, 6609, 1038323236, 6625, 1038323265, 6881, 1038327368, 6865, 1038327390, 6873, 1038325834, 6369, 1038318972, 6353, 1038318920, 6361, 1038317390, 6610, 1038732674, 6626, 1038790863, 6882, 1038790984, 6866, 1038732673, 6874, 1038764639, 6370, 1038790749, 6354, 1038732680, 6362, 1038764369, 6611, 1038318938, 6627, 1038319038, 6883, 1038314918, 6867, 1038314768, 6875, 1038313845, 6371, 1038323351, 6355, 1038323276, 6363, 1038322307, 6612, 1021136886, 6628, 1021105474, 6884, 1021109379, 6868, 1021140893, 6876, 1021099156, 6613, 1021958816, 6629, 1022003246, 6869, 1021963327, 6885, 1022007736, 6877, 1022018970, 6630, 1021979556, 6372, 1021101367, 6364, 1021091092, 6365, 1022009797, 6879, 1021021454, 6871, 1021015819, 6887, 1021117394, 6366, 1022092830, 6886, 1021975084, 6870, 1022090602, 6878, 1022084075, 6614, 1022095063, 6615, 1021019815, 6631, 1021121279, 6356, 1021132707, 6373, 1021998531, 6357, 1021954174, 6358, 1022099738, 6374, 1021984244, 6375, 1021125378, 6367, 1021029884, 6359, 1021023987]
[INFO] (lattice_cell.c: 455): on tick 39 of 50
[INFO] (lattice_cell.c: 172): the unmatched_packets is 56
[6608, 1037891978, 6624, 1037888422, 6880, 1037888375, 6864, 1037892052, 6872, 1037902067, 6368, 1037888471, 6352, 1037891908, 6360, 1037902136, 6609, 1038325376, 6625, 1038328685, 6881, 1038332787, 6865, 1038329524, 6873, 1038328977, 6369, 1038324375, 6353, 1038321037, 6361, 1038320515, 6610, 1038761577, 6626, 1038765633, 6882, 1038765687, 6866, 1038761511, 6874, 1038750717, 6370, 1038765578, 6354, 1038761642, 6362, 1038750629, 6611, 1038328284, 6627, 1038324999, 6883, 1038320885, 6867, 1038324135, 6875, 1038320791, 6628, 1021120911, 6355, 1038332613, 6630, 1022051984, 6631, 1021044106, 6374, 1022056238, 6886, 1022047734, 6366, 1021987888, 6871, 1021233397, 6879, 1021115493, 6887, 1021040119, 6367, 1021123951, 6868, 1021094876, 6884, 1021124605, 6876, 1021119955, 6877, 1022004178, 6885, 1021992480, 6878, 1021979421, 6870, 1021851437, 6612, 1021091263, 6869, 1022017214, 6613, 1022012503, 6615, 1021237073, 6371, 1038329313, 6629, 1021987942, 6363, 1038329230, 6614, 1021856122, 6372, 1021116844, 6356, 1021087344, 6364, 1021112172, 6373, 1021983374, 6365, 1021995078, 6357, 1022007758, 6358, 1021860820, 6375, 1021048430, 6359, 1021241028]
[INFO] (lattice_cell.c: 455): on tick 40 of 50
[INFO] (lattice_cell.c: 172): the unmatched_packets is 56
[6608, 1037889276, 6624, 1037885208, 6880, 1037885147, 6864, 1037889254, 6872, 1037868989, 6368, 1037885275, 6352, 1037889304, 6360, 1037869291, 6609, 1038320314, 6625, 1038325189, 6881, 1038329347, 6865, 1038324516, 6873, 1038325751, 6369, 1038320847, 6353, 1038315939, 6361, 1038317214, 6610, 1038774137, 6626, 1038778573, 6882, 1038778648, 6866, 1038774188, 6874, 1038795173, 6370, 1038778483, 6354, 1038774083, 6362, 1038794824, 6611, 1038321276, 6627, 1038318049, 6883, 1038313883, 6867, 1038317038, 6875, 1038314470, 6612, 1021140400, 6628, 1021111145, 6884, 1021115005, 6868, 1021144353, 6876, 1021134993, 6371, 1038322414, 6885, 1021994320, 6615, 1021103465, 6870, 1021997924, 6365, 1021971373, 6869, 1021969730, 6877, 1021980085, 6886, 1021977779, 6374, 1021986415, 6887, 1021118563, 6878, 1021937670, 6871, 1021099771, 6879, 1021162765, 6613, 1021965373, 6629, 1021989991, 6614, 1022002475, 6630, 1021981999, 6631, 1021122524, 6355, 1038325665, 6363, 1038323030, 6372, 1021107069, 6356, 1021136307, 6364, 1021126868, 6357, 1021960854, 6373, 1021985472, 6358, 1022007223, 6366, 1021946451, 6359, 1021107321, 6375, 1021126670, 6367, 1021170796]
[INFO] (lattice_cell.c: 455): on tick 41 of 50
[INFO] (lattice_cell.c: 172): the unmatched_packets is 56
[6608, 1037946570, 6624, 1037878194, 6880, 1037878171, 6864, 1037946638, 6872, 1037891772, 6368, 1037878227, 6352, 1037946505, 6360, 1037891930, 6609, 1038330087, 6625, 1038327812, 6881, 1038331880, 6865, 1038334195, 6873, 1038331185, 6369, 1038323563, 6353, 1038325816, 6361, 1038322830, 6610, 1038705219, 6626, 1038775808, 6882, 1038775851, 6866, 1038705173, 6874, 1038762129, 6370, 1038775765, 6354, 1038705274, 6362, 1038761928, 6611, 1038327569, 6627, 1038325872, 6883, 1038321822, 6867, 1038323471, 6875, 1038321737, 6612, 1021034485, 6628, 1021085961, 6884, 1021089670, 6868, 1021038243, 6876, 1021075886, 6371, 1038330129, 6629, 1022023903, 6355, 1038331849, 6363, 1038330088, 6877, 1022039565, 6878, 1022018728, 6365, 1022029975, 6871, 1021106711, 6887, 1021120944, 6879, 1021074275, 6374, 1021973990, 6885, 1022028581, 6869, 1022058488, 6870, 1021982537, 6886, 1021964936, 6367, 1021082801, 6614, 1021987130, 6630, 1021969453, 6631, 1021124880, 6613, 1022053722, 6372, 1021081848, 6615, 1021110656, 6356, 1021030427, 6364, 1021068168, 6373, 1022019159, 6357, 1022048915, 6358, 1021991733, 6366, 1022027510, 6375, 1021129158, 6359, 1021114924]
[INFO] (lattice_cell.c: 455): on tick 42 of 50
[INFO] (lattice_cell.c: 172): the unmatched_packets is 56
[6608, 1037872440, 6624, 1037878557, 6880, 1037878434, 6864, 1037872475, 6872, 1037876298, 6368, 1037878689, 6352, 1037872409, 6360, 1037876504, 6609, 1038317724, 6625, 1038322940, 6881, 1038327144, 6865, 1038321970, 6873, 1038321886, 6369, 1038318545, 6353, 1038313308, 6361, 1038313248, 6610, 1038790767, 6626, 1038785897, 6882, 1038786046, 6866, 1038790750, 6874, 1038787848, 6370, 1038785750, 6354, 1038790781, 6362, 1038787602, 6611, 1038320625, 6627, 1038318357, 6883, 1038314144, 6867, 1038316365, 6875, 1038313746, 6612, 1021248163, 6628, 1021138420, 6884, 1021142266, 6868, 1021251928, 6876, 1021189050, 6629, 1021972367, 6371, 1038322772, 6363, 1038322391, 6364, 1021181224, 6615, 1021182337, 6365, 1021934657, 6871, 1021178730, 6879, 1021078911, 6887, 1021071683, 6885, 1021976515, 6869, 1021869205, 6877, 1021943255, 6870, 1021919266, 6878, 1022024426, 6886, 1022022937, 6375, 1021079498, 6613, 1021864825, 6614, 1021923721, 6630, 1022027093, 6631, 1021075486, 6355, 1038325058, 6372, 1021134357, 6356, 1021244249, 6373, 1021968025, 6357, 1021860307, 6374, 1022031426, 6366, 1022032646, 6358, 1021928365, 6359, 1021186144, 6367, 1021087043]
[INFO] (lattice_cell.c: 455): on tick 43 of 50
[INFO] (lattice_cell.c: 172): the unmatched_packets is 56
[6608, 1037918176, 6624, 1037904897, 6880, 1037904869, 6864, 1037918187, 6872, 1037912776, 6368, 1037904930, 6352, 1037918191, 6360, 1037912967, 6609, 1038328420, 6625, 1038332572, 6881, 1038336583, 6865, 1038332499, 6873, 1038333423, 6369, 1038328360, 6353, 1038324191, 6361, 1038325155, 6610, 1038735283, 6626, 1038748003, 6882, 1038748055, 6866, 1038735312, 6874, 1038739631, 6370, 1038747946, 6354, 1038735266, 6362, 1038739402, 6611, 1038328084, 6627, 1038324863, 6883, 1038320858, 6867, 1038324018, 6875, 1038321898, 6612, 1020976913, 6628, 1021052197, 6884, 1021056011, 6868, 1020980838, 6876, 1020996200, 6629, 1022040656, 6615, 1021149473, 6364, 1020988035, 6631, 1021103852, 6878, 1021944053, 6879, 1021149837, 6869, 1022121222, 6886, 1021989750, 6871, 1021145592, 6367, 1021158567, 6885, 1022045436, 6877, 1022109649, 6870, 1021942735, 6887, 1021099629, 6613, 1022116483, 6630, 1021994209, 6614, 1021947589, 6371, 1038329082, 6355, 1038332317, 6363, 1038330152, 6356, 1020972689, 6372, 1021048047, 6357, 1022111693, 6365, 1022100206, 6373, 1022035792, 6374, 1021998654, 6366, 1021953056, 6358, 1021952473, 6359, 1021153624, 6375, 1021108374]
[INFO] (lattice_cell.c: 455): on tick 44 of 50
[INFO] (lattice_cell.c: 172): the unmatched_packets is 56
[6608, 1037900878, 6624, 1037851549, 6880, 1037851474, 6864, 1037900893, 6872, 1037856172, 6368, 1037851615, 6352, 1037900856, 6360, 1037856423, 6609, 1038320748, 6625, 1038320056, 6881, 1038324294, 6865, 1038325014, 6873, 1038322892, 6369, 1038315620, 6353, 1038316289, 6361, 1038314191, 6610, 1038761718, 6626, 1038813585, 6882, 1038813661, 6866, 1038761717, 6874, 1038808538, 6370, 1038813487, 6354, 1038761717, 6362, 1038808252, 6611, 1038321045, 6627, 1038318622, 6883, 1038314377, 6867, 1038316726, 6875, 1038314589, 6371, 1038323076, 6355, 1038325528, 6363, 1038323318, 6612, 1021202389, 6628, 1021217703, 6884, 1021221352, 6868, 1021206006, 6876, 1021247124, 6613, 1021900546, 6629, 1021901921, 6869, 1021904960, 6885, 1021906114, 6877, 1021878655, 6630, 1021992284, 6871, 1021103182, 6357, 1021896003, 6886, 1021988197, 6870, 1021995025, 6878, 1021998122, 6887, 1021105204, 6879, 1021101046, 6614, 1021999261, 6615, 1021106795, 6631, 1021108889, 6372, 1021213860, 6356, 1021198635, 6364, 1021239727, 6373, 1021897533, 6365, 1021869874, 6374, 1021996566, 6366, 1022006390, 6358, 1022003688, 6375, 1021112785, 6359, 1021110607, 6367, 1021108766]
[INFO] (lattice_cell.c: 455): on tick 45 of 50
[INFO] (lattice_cell.c: 172): the unmatched_packets is 56
[6608, 1037904337, 6624, 1037905630, 6880, 1037905532, 6864, 1037904409, 6872, 1037904246, 6368, 1037905739, 6352, 1037904270, 6360, 1037904485, 6609, 1038326875, 6625, 1038331003, 6881, 1038334991, 6865, 1038330917, 6873, 1038330770, 6369, 1038326827, 6353, 1038322673, 6361, 1038322554, 6610, 1038748773, 6626, 1038747754, 6882, 1038747886, 6866, 1038748722, 6874, 1038749199, 6370, 1038747624, 6611, 1038326972, 6627, 1038327229, 6354, 1038748824, 6362, 1038748906, 6883, 1038323251, 6867, 1038322945, 6875, 1038321176, 6612, 1021088725, 6628, 1020967190, 6884, 1020971208, 6868, 1021092639, 6876, 1021013716, 6885, 1022136833, 6877, 1022104596, 6373, 1022127400, 6886, 1021980090, 6357, 1022005907, 6878, 1022008528, 6365, 1022095125, 6887, 1021101784, 6879, 1021087469, 6869, 1022015688, 6871, 1021138127, 6359, 1021146463, 6870, 1021953254, 6613, 1022010840, 6629, 1022132176, 6614, 1021958149, 6630, 1021984688, 6615, 1021142154, 6631, 1021105935, 6371, 1038331418, 6363, 1038329363, 6355, 1038331168, 6372, 1020962806, 6364, 1021005317, 6356, 1021084505, 6358, 1021963070, 6374, 1021989348, 6366, 1022017523, 6375, 1021110459, 6367, 1021096474]
[INFO] (lattice_cell.c: 455): on tick 46 of 50
[INFO] (lattice_cell.c: 172): the unmatched_packets is 56
[6608, 1037917772, 6624, 1037871237, 6880, 1037871162, 6864, 1037917757, 6872, 1037890605, 6368, 1037871308, 6352, 1037917803, 6360, 1037890865, 6609, 1038320681, 6625, 1038323360, 6881, 1038327606, 6865, 1038324972, 6873, 1038324768, 6369, 1038318895, 6353, 1038316207, 6361, 1038316028, 6610, 1038744539, 6626, 1038792959, 6882, 1038793035, 6866, 1038744577, 6874, 1038772697, 6370, 1038792859, 6354, 1038744498, 6362, 1038772412, 6611, 1038321937, 6627, 1038318854, 6883, 1038314574, 6867, 1038317603, 6875, 1038313099, 6612, 1021077326, 6628, 1021221139, 6884, 1021224603, 6868, 1021081009, 6876, 1021161121, 6629, 1021886374, 6371, 1038323331, 6363, 1038321889, 6630, 1022019918, 6356, 1021073487, 6615, 1021172206, 6878, 1021981963, 6871, 1021168800, 6887, 1021076561, 6879, 1021125174, 6885, 1021890698, 6869, 1022028768, 6870, 1021927233, 6886, 1022015946, 6877, 1021957353, 6613, 1022024536, 6614, 1021931541, 6631, 1021080248, 6355, 1038326439, 6372, 1021217467, 6364, 1021153778, 6365, 1021948746, 6373, 1021881923, 6357, 1022020235, 6366, 1021989874, 6374, 1022024000, 6358, 1021936037, 6359, 1021175865, 6367, 1021133018, 6375, 1021084152]
[INFO] (lattice_cell.c: 455): on tick 47 of 50
[INFO] (lattice_cell.c: 172): the unmatched_packets is 56
[6608, 1037894141, 6624, 1037888831, 6880, 1037888764, 6864, 1037894138, 6872, 1037865521, 6368, 1037888912, 6352, 1037894158, 6360, 1037865734, 6609, 1038327245, 6625, 1038329165, 6881, 1038333142, 6865, 1038331264, 6873, 1038330102, 6369, 1038325005, 6353, 1038323075, 6361, 1038321915, 6610, 1038759236, 6626, 1038764803, 6882, 1038764908, 6866, 1038759273, 6874, 1038788700, 6370, 1038764701, 6354, 1038759210, 6362, 1038788425, 6611, 1038328780, 6627, 1038324113, 6883, 1038320159, 6867, 1038324760, 6875, 1038320803, 6371, 1038328270, 6355, 1038332953, 6363, 1038328951, 6612, 1021162234, 6628, 1021056115, 6884, 1021060190, 6868, 1021166213, 6876, 1021133986, 6613, 1021934576, 6629, 1022050314, 6885, 1022054999, 6869, 1021939503, 6877, 1021984524, 6630, 1021998093, 6631, 1021103188, 6886, 1021993487, 6357, 1021929537, 6871, 1021120695, 6879, 1021111984, 6870, 1021962865, 6887, 1021098911, 6878, 1021984634, 6359, 1021129135, 6614, 1021967760, 6615, 1021124786, 6372, 1021051688, 6356, 1021157972, 6364, 1021125752, 6373, 1022045503, 6365, 1021974760, 6374, 1022002766, 6358, 1021972746, 6366, 1021993950, 6375, 1021107749, 6367, 1021120901]
[INFO] (lattice_cell.c: 455): on tick 48 of 50
[INFO] (lattice_cell.c: 172): the unmatched_packets is 56
[6608, 1037904016, 6624, 1037890533, 6880, 1037890430, 6864, 1037904077, 6872, 1037899992, 6368, 1037890637, 6352, 1037903949, 6360, 1037900277, 6609, 1038320409, 6625, 1038323511, 6881, 1038327766, 6865, 1038324713, 6873, 1038324205, 6369, 1038319043, 6353, 1038315906, 6361, 1038315429, 6610, 1038758937, 6626, 1038773260, 6882, 1038773381, 6866, 1038758889, 6874, 1038763746, 6370, 1038773147, 6354, 1038758990, 6362, 1038763426, 6611, 1038321901, 6627, 1038321204, 6883, 1038316924, 6867, 1038317557, 6875, 1038315820, 6371, 1038325688, 6612, 1021110208, 6628, 1021102934, 6884, 1021106468, 6868, 1021113590, 6355, 1038326413, 6876, 1021058500, 6629, 1022003078, 6363, 1038324623, 6615, 1021123695, 6886, 1021964957, 6373, 1021998755, 6887, 1021120127, 6879, 1021098566, 6885, 1022007248, 6869, 1021998683, 6877, 1022063922, 6374, 1021972987, 6870, 1021975864, 6878, 1021998932, 6871, 1021120216, 6613, 1021994262, 6630, 1021968897, 6631, 1021123765, 6614, 1021980046, 6372, 1021099163, 6356, 1021106624, 6364, 1021051234, 6357, 1021989752, 6365, 1022055447, 6358, 1021984370, 6366, 1022006840, 6359, 1021127419, 6375, 1021127676, 6367, 1021106240]
[INFO] (lattice_cell.c: 455): on tick 49 of 50
[INFO] (lattice_cell.c: 172): the unmatched_packets is 56
[6608, 1037912255, 6624, 1037862625, 6880, 1037862519, 6864, 1037912264, 6872, 1037894113, 6368, 1037862740, 6352, 1037912272, 6360, 1037894474, 6609, 1038326403, 6625, 1038329759, 6881, 1038333728, 6865, 1038330424, 6873, 1038331070, 6369, 1038325607, 6353, 1038322231, 6361, 1038322921, 6610, 1038740681, 6626, 1038791893, 6882, 1038792034, 6866, 1038740705, 6874, 1038758761, 6370, 1038791768, 6354, 1038740659, 6362, 1038758341, 6611, 1038326591, 6627, 1038324109, 6883, 1038320145, 6867, 1038322583, 6875, 1038319130, 6371, 1038328272, 6355, 1038330766, 6363, 1038327287, 6612, 1021077023, 6628, 1021151555, 6884, 1021155586, 6868, 1021081218, 6876, 1021139150, 6372, 1021147213, 6356, 1021072569, 6364, 1021130543, 6613, 1022022587, 6629, 1021951334, 6885, 1021956126, 6869, 1022027308, 6877, 1021975515, 6373, 1021946364, 6614, 1021946970, 6630, 1022009835, 6886, 1022005230, 6357, 1022017733, 6870, 1021941999, 6365, 1021965970, 6878, 1021996759, 6615, 1021156198, 6879, 1021106468, 6887, 1021086302, 6871, 1021152113, 6358, 1021952015, 6631, 1021090543, 6374, 1022014564, 6366, 1022005839, 6375, 1021095089, 6367, 1021115639, 6359, 1021160493]
[INFO] (lattice_cell.c: 455): on tick 50 of 50
[INFO] (lattice_cell.c: 466): updating recording regions
[INFO] (recording.c: 507): 	Finalising channel 0 - state info stored in SDRAM
[INFO] (recording.c: 512): closed channel 0.
[INFO] (lattice_cell.c: 470): Simulation complete.

