[INFO] (lattice_cell.c: 604): starting lattice cell
[INFO] (lattice_cell.c: 526): Initialise: started
[INFO] (data_specification.c: 78): magic = ad130ad6, version = 1.0
[INFO] (lattice_cell.c: 555): my key is 2928
[INFO] (lattice_cell.c: 562): I'm in position ( 11, 14)
[INFO] (lattice_cell.c: 568): my n key is 2672
[INFO] (lattice_cell.c: 574): my U_X = 0.009999739937484264
[INFO] (lattice_cell.c: 575): my U_Y = -0.00027778511866927147
[INFO] (lattice_cell.c: 583): input_buffer initialised
[INFO] (recording.c: 563): Recording 1 regions, using output tag 0, size before trigger 7686388, time between triggers 50
[INFO] (recording.c: 665): Recording channel 0 configured to use 7686132 byte memory block starting at 0x65a39f9c
[INFO] (lattice_cell.c: 588): Recording flags = 0x00000001
[INFO] (lattice_cell.c: 619): setting timer to execute every 200000 microseconds
[INFO] (lattice_cell.c: 627): Starting

[INFO] (simulation.c: 159): Setting the runtime of this model to 50 starting at 0
[INFO] (simulation.c: 161): Setting the flag of infinite run for this model to 0
[INFO] (simulation.c: 175): Resuming
[INFO] (lattice_cell.c: 455): on tick 0 of 50
[2920, 1038779509, 2664, 1038779509, 2936, 1038779585, 3192, 1038779583, 2672, 1038779577, 2680, 1038779585, 3184, 1038779571, 3176, 1038779505, 2921, 1038306366, 2665, 1038310230, 2937, 1038306366, 2922, 1037884875, 2938, 1037884803, 2666, 1037884877, 2682, 1037884803, 2923, 1038331222, 2940, 1021989208, 2925, 1021095986, 2941, 1021095915, 3177, 1038302980, 2926, 1021119352, 2683, 1038327348, 2927, 1022015476, 2943, 1022015553, 2924, 1021989130, 2676, 1021993293, 2685, 1021099545, 2677, 1021099557, 2942, 1021119282, 2686, 1021115639, 2670, 1021115713, 2679, 1022011439, 2939, 1038331222, 2671, 1022011373, 3186, 1037884809, 3179, 1038334614, 3187, 1038334614, 3197, 1021092731, 3181, 1021092801, 3198, 1021122472, 2673, 1038310230, 2681, 1038310228, 3182, 1021122542, 3190, 1021122480, 3199, 1022019151, 3191, 1022019138, 3183, 1022019071, 2674, 1037884815, 3193, 1038302980, 3194, 1037884801, 3185, 1038302978, 3178, 1037884871, 3189, 1021092740, 3195, 1038334614, 3196, 1021985618, 2667, 1038327352, 3180, 1021985540, 2675, 1038327350, 2684, 1021993303, 2668, 1021993227, 2669, 1021099619, 2678, 1021115651, 2687, 1022011449, 3188, 1021985606]
[INFO] (lattice_cell.c: 455): on tick 1 of 50
[INFO] (lattice_cell.c: 172): the unmatched_packets is 56
[2920, 1038774441, 2664, 1038774437, 2936, 1038774629, 3192, 1038774631, 2680, 1038774627, 3184, 1038774607, 3176, 1038774443, 2921, 1038315093, 2665, 1038318927, 2937, 1038315099, 3193, 1038311735, 2681, 1038318933, 2673, 1038318937, 3185, 1038311733, 3177, 1038311729, 2922, 1037880047, 2666, 1037880043, 2938, 1037879857, 3194, 1037879861, 2682, 1037879857, 2674, 1037879883, 2923, 1038339350, 2939, 1038339346, 3186, 1037879885, 2924, 1021981455, 2668, 1021984931, 2676, 1021984740, 2940, 1021981218, 2925, 1021093473, 2677, 1021097935, 2941, 1021093677, 2926, 1021111834, 2685, 1021097957, 2942, 1021111585, 2927, 1022013372, 2686, 1021107298, 2943, 1022013625, 2679, 1022010107, 3190, 1021115559, 3188, 1021978392, 3189, 1021089711, 3183, 1022016234, 3197, 1021089739, 3187, 1038342720, 3179, 1038342720, 2672, 1038774607, 3196, 1021978358, 3178, 1037880045, 2667, 1038335514, 2675, 1038335518, 3191, 1022016458, 3198, 1021115525, 3182, 1021115771, 3199, 1022016493, 3195, 1038342722, 2683, 1038335514, 2684, 1021984705, 2669, 1021097749, 2670, 1021107549, 3180, 1021978595, 2678, 1021107337, 2671, 1022009881, 2687, 1022010138, 3181, 1021089535]
[INFO] (lattice_cell.c: 455): on tick 2 of 50
[INFO] (lattice_cell.c: 172): the unmatched_packets is 56
[2920, 1038780432, 2664, 1038780436, 2936, 1038780035, 3192, 1038780033, 2680, 1038780035, 2672, 1038780089, 3184, 1038780085, 2921, 1038306711, 2665, 1038310627, 2937, 1038306675, 2681, 1038310581, 3193, 1038303242, 3185, 1038303248, 2922, 1037884833, 2938, 1037885229, 2666, 1037884837, 2923, 1038331830, 2939, 1038331832, 2682, 1037885227, 3177, 1038303283, 2925, 1021098107, 2941, 1021096991, 2926, 1021118868, 2683, 1038327906, 2927, 1022015793, 2940, 1021990054, 2924, 1021988763, 3187, 1038335262, 2685, 1021100567, 2670, 1021115295, 2678, 1021115490, 2943, 1022015541, 2942, 1021119108, 3190, 1021122230, 3195, 1038335266, 2673, 1038310591, 3179, 1038335264, 3188, 1021986371, 3180, 1021985247, 3189, 1021093990, 3181, 1021094960, 3198, 1021122264, 3182, 1021122027, 3191, 1022019099, 3199, 1022019063, 3176, 1038780428, 3194, 1037885227, 2674, 1037885175, 2667, 1038327912, 3196, 1021986546, 2675, 1038327908, 3186, 1037885173, 2668, 1021992766, 3197, 1021093838, 2676, 1021993896, 2684, 1021994071, 2669, 1021101688, 2677, 1021100711, 2686, 1021115519, 2671, 1022011792, 2679, 1022011563, 2687, 1022011528, 3183, 1022019315, 3178, 1037884829]
[INFO] (lattice_cell.c: 455): on tick 3 of 50
[INFO] (lattice_cell.c: 172): the unmatched_packets is 56
[2920, 1038772156, 2664, 1038772154, 2936, 1038774625, 2680, 1038774629, 3192, 1038774631, 2672, 1038774291, 2921, 1038315154, 3176, 1038772152, 2937, 1038315412, 2665, 1038318954, 3184, 1038774291, 3193, 1038312071, 2922, 1037882343, 2681, 1038319220, 2938, 1037879973, 2923, 1038339146, 2939, 1038339098, 2673, 1038319180, 2666, 1037882341, 2682, 1037879977, 2940, 1021981196, 2667, 1038335336, 2942, 1021112194, 2668, 1021990976, 3194, 1037879977, 2676, 1021985655, 2924, 1021987372, 2670, 1021109907, 2925, 1021087920, 3196, 1021978220, 2678, 1021108130, 2941, 1021093097, 2926, 1021114242, 2679, 1022009962, 2927, 1022011783, 2943, 1022013866, 3187, 1038342458, 3179, 1038342496, 3180, 1021984400, 3188, 1021979056, 3197, 1021089128, 3177, 1038311810, 3181, 1021083951, 2674, 1037880293, 3198, 1021116174, 3190, 1021116447, 3191, 1022016554, 3183, 1022014755, 3186, 1037880297, 3195, 1038342456, 3189, 1021088429, 2683, 1038335300, 2675, 1038335300, 3182, 1021118221, 2684, 1021984808, 3185, 1038312028, 2669, 1021092255, 2685, 1021097439, 2677, 1021096726, 2686, 1021107863, 2671, 1022008158, 2687, 1022010258, 3178, 1037882345, 3199, 1022016852]
[INFO] (lattice_cell.c: 455): on tick 4 of 50
[INFO] (lattice_cell.c: 172): the unmatched_packets is 56
[2920, 1038790398, 2664, 1038790398, 2936, 1038780311, 2672, 1038781839, 3192, 1038780311, 3184, 1038781839, 2921, 1038307715, 2937, 1038306611, 2922, 1037875192, 2665, 1038311667, 3176, 1038790394, 2938, 1037884951, 2939, 1038331963, 2681, 1038310561, 3193, 1038303145, 2674, 1037883475, 2925, 1021120954, 2941, 1021098271, 2667, 1038327940, 2942, 1021118200, 2675, 1038327992, 2923, 1038331896, 2668, 1021966134, 2943, 1022015479, 2684, 1021993488, 2924, 1021962241, 2669, 1021124510, 2940, 1021989592, 2670, 1021106950, 2926, 1021110516, 2686, 1021114640, 2927, 1022023510, 3179, 1038335377, 3188, 1021982046, 3180, 1021958850, 3189, 1021098414, 2680, 1038780311, 3181, 1021117810, 3198, 1021121373, 3191, 1022020161, 2673, 1038310766, 2666, 1037875194, 3185, 1038303341, 3177, 1038304241, 2682, 1037884951, 3194, 1037884955, 2683, 1038328004, 2676, 1021989338, 2685, 1021101821, 2677, 1021105133, 3196, 1021986177, 2678, 1021113435, 2679, 1022012852, 2671, 1022019607, 2687, 1022011583, 3186, 1037883473, 3178, 1037875192, 3195, 1038335445, 3187, 1038335427, 3197, 1021095115, 3190, 1021120156, 3182, 1021113686, 3199, 1022018894, 3183, 1022026920]
[INFO] (lattice_cell.c: 455): on tick 5 of 50
[INFO] (lattice_cell.c: 172): the unmatched_packets is 56
[2920, 1038744557, 2664, 1038744557, 2936, 1038773270, 3192, 1038773276, 2680, 1038773280, 3184, 1038766649, 3176, 1038744553, 2921, 1038314147, 2665, 1038317909, 2672, 1038766659, 2937, 1038315415, 3193, 1038312084, 2673, 1038318308, 2681, 1038319198, 3177, 1038310833, 3185, 1038311196, 2922, 1037908940, 2666, 1037908938, 2938, 1037881288, 3194, 1037881298, 2682, 1037881292, 2674, 1037887666, 2923, 1038339297, 2667, 1038335516, 2939, 1038338864, 2924, 1022064957, 3178, 1037908938, 2940, 1021984785, 2925, 1021014673, 2941, 1021089833, 2677, 1021079684, 2685, 1021094181, 2926, 1021133400, 2942, 1021113768, 2927, 1021992933, 2943, 1022012894, 2671, 1021989188, 2679, 1022003797, 3180, 1022061810, 2687, 1022009151, 3181, 1021010685, 3190, 1021122942, 3196, 1021981673, 3197, 1021085877, 3198, 1021117727, 3182, 1021137367, 3199, 1022016030, 3183, 1021996057, 3187, 1038342286, 3188, 1021999712, 2683, 1038335075, 2675, 1038335172, 2668, 1022068746, 3195, 1038342200, 2676, 1022006583, 3186, 1037887670, 2669, 1021019045, 2684, 1021988529, 3191, 1022010657, 2670, 1021129056, 2678, 1021114621, 2686, 1021109415, 3179, 1038342629, 3189, 1021071367]
[INFO] (lattice_cell.c: 455): on tick 6 of 50
[INFO] (lattice_cell.c: 172): the unmatched_packets is 56
[2920, 1038824773, 2664, 1038824785, 2936, 1038786284, 3192, 1038786282, 2680, 1038786284, 2672, 1038804406, 3176, 1038824751, 3184, 1038804408, 2921, 1038306255, 2665, 1038310273, 2937, 1038307569, 3193, 1038304065, 2681, 1038311561, 3185, 1038304250, 3177, 1038302717, 2922, 1037841654, 2666, 1037841636, 2938, 1037879168, 2923, 1038331660, 2939, 1038332025, 2940, 1021973488, 3194, 1037879170, 2925, 1021251683, 2924, 1021836316, 2926, 1021096940, 2942, 1021113255, 3178, 1037841666, 2927, 1022036386, 2941, 1021111009, 2670, 1021093367, 2686, 1021109662, 2943, 1022019643, 3196, 1021970183, 3188, 1021919653, 3180, 1021833121, 2673, 1038311770, 3197, 1021107802, 3189, 1021157259, 2682, 1037879168, 2674, 1037861642, 2667, 1038327658, 3181, 1021248539, 3198, 1021116469, 3190, 1021104001, 3182, 1021100166, 3191, 1022035934, 3183, 1022039683, 3187, 1038335323, 3179, 1038335169, 3186, 1037861642, 2683, 1038328020, 2675, 1038327831, 2668, 1021839983, 3195, 1038335528, 2684, 1021977258, 2676, 1021926659, 2669, 1021255222, 2685, 1021114569, 2677, 1021163972, 2678, 1021097215, 2671, 1022032629, 2679, 1022028853, 2687, 1022015869, 3199, 1022022933]
[INFO] (lattice_cell.c: 455): on tick 7 of 50
[INFO] (lattice_cell.c: 172): the unmatched_packets is 56
[2920, 1038744728, 2664, 1038744701, 2936, 1038754269, 3192, 1038754261, 3176, 1038744752, 3184, 1038732293, 2680, 1038754275, 2921, 1038314092, 2665, 1038317810, 2672, 1038732293, 2937, 1038314665, 3193, 1038311359, 2681, 1038318419, 2673, 1038319766, 3185, 1038312753, 2922, 1037909260, 3177, 1038310825, 3194, 1037899656, 2666, 1037909280, 2938, 1037899650, 2682, 1037899642, 2674, 1037920978, 3186, 1037920980, 2923, 1038339443, 2939, 1038338680, 2924, 1022149459, 2941, 1021043708, 2683, 1038334908, 2667, 1038335679, 2942, 1021125814, 2669, 1020935395, 2940, 1022034396, 2925, 1020931073, 2677, 1020960545, 2926, 1021116687, 3196, 1022031111, 2927, 1022011852, 2943, 1022001731, 3183, 1022015114, 3180, 1022146019, 3197, 1021039749, 3189, 1020952176, 3190, 1021139446, 3191, 1021994832, 3187, 1038342555, 3178, 1037909236, 3195, 1038342012, 2675, 1038335456, 3182, 1021120586, 2668, 1022153518, 3181, 1020927123, 3198, 1021129744, 2676, 1022120762, 2684, 1022038298, 2685, 1021048064, 2670, 1021112389, 3199, 1022004987, 2678, 1021131189, 2686, 1021121480, 2671, 1022007961, 2679, 1021987664, 3188, 1022113477, 2687, 1021997840, 3179, 1038342771]
[INFO] (lattice_cell.c: 455): on tick 8 of 50
[INFO] (lattice_cell.c: 172): the unmatched_packets is 56
[2920, 1038777726, 2664, 1038777752, 2936, 1038821727, 3192, 1038821741, 2680, 1038821733, 2672, 1038817210, 3176, 1038777703, 3184, 1038817178, 2921, 1038306875, 2665, 1038310933, 2937, 1038306035, 3193, 1038302469, 2681, 1038310079, 2673, 1038312082, 3177, 1038303290, 2922, 1037886639, 3185, 1038304436, 2666, 1037886619, 2938, 1037844802, 2923, 1038332422, 2939, 1038332588, 2674, 1037848692, 2940, 1021876182, 3194, 1037844804, 2924, 1021910156, 2683, 1038328564, 3186, 1037848727, 2675, 1038327847, 2926, 1021126244, 2676, 1021820456, 2925, 1021174518, 2677, 1021267916, 2941, 1021214223, 2942, 1021101872, 2927, 1022006042, 2943, 1022027128, 3180, 1021907207, 3181, 1021171272, 3198, 1021105145, 3199, 1022030301, 3191, 1022025367, 3195, 1038336117, 2682, 1037844802, 3178, 1037886649, 3187, 1038335399, 3179, 1038335956, 2667, 1038328399, 2668, 1021913616, 2684, 1021879806, 2669, 1021178149, 2685, 1021217767, 2670, 1021122602, 2686, 1021098252, 2678, 1021105332, 2671, 1022002378, 3189, 1021261155, 2687, 1022023470, 2679, 1022018565, 3182, 1021129557, 3183, 1022009208, 3196, 1021873081, 3197, 1021211051, 3190, 1021112293, 3188, 1021813909]
[INFO] (lattice_cell.c: 455): on tick 9 of 50
[INFO] (lattice_cell.c: 172): the unmatched_packets is 56
[2920, 1038783695, 2664, 1038783689, 2936, 1038721634, 3192, 1038721648, 2680, 1038721618, 2672, 1038765644, 3184, 1038765680, 3176, 1038783697, 2921, 1038315182, 2665, 1038318897, 2937, 1038314428, 2681, 1038318143, 2922, 1037870879, 2938, 1037931555, 2666, 1037870867, 2923, 1038338676, 2939, 1038338412, 2682, 1037931563, 2674, 1037889225, 2940, 1022143108, 2667, 1038334902, 3185, 1038311574, 2925, 1021106560, 2941, 1020937484, 2669, 1021110867, 2943, 1022032660, 2685, 1020941868, 2926, 1021114739, 2678, 1021097801, 2686, 1021093677, 2927, 1022013901, 3197, 1020933517, 2942, 1021098004, 2924, 1021967942, 3198, 1021101879, 3182, 1021118582, 3199, 1022036086, 3183, 1022017297, 3196, 1022139590, 3189, 1020984815, 3181, 1021102633, 3193, 1038311153, 2673, 1038318553, 3190, 1021105907, 3177, 1038311911, 3186, 1037889198, 2675, 1038334220, 2683, 1038334646, 2668, 1021972103, 3194, 1037931549, 2676, 1022093653, 2684, 1022147195, 2677, 1020993023, 2670, 1021110485, 3179, 1038341988, 2671, 1022009891, 2679, 1022026095, 2687, 1022028626, 3178, 1037870893, 3195, 1038341728, 3188, 1022085877, 3180, 1021964381, 3187, 1038341305, 3191, 1022033527]
[INFO] (lattice_cell.c: 455): on tick 10 of 50
[INFO] (lattice_cell.c: 172): the unmatched_packets is 56
[2920, 1038786293, 2664, 1038786281, 2936, 1038824265, 2680, 1038824305, 3192, 1038824241, 2672, 1038777847, 3176, 1038786293, 3184, 1038777833, 2921, 1038305799, 2665, 1038309859, 2937, 1038307403, 2681, 1038311478, 3193, 1038303798, 2673, 1038310865, 3185, 1038303198, 3177, 1038302212, 2922, 1037879315, 2666, 1037879327, 2938, 1037841714, 2674, 1037886968, 2923, 1038333571, 3194, 1037841740, 2939, 1038330564, 2924, 1022009711, 2940, 1021873152, 2667, 1038329538, 2941, 1021210318, 2926, 1021114426, 2942, 1021205336, 2668, 1022013201, 2925, 1021079455, 2670, 1021110700, 2927, 1022015567, 2686, 1021201722, 2943, 1021930598, 2687, 1021927042, 3199, 1021933645, 3188, 1021988538, 3197, 1021207028, 3198, 1021208620, 3187, 1038336686, 3180, 1022006758, 2682, 1037841680, 3195, 1038334142, 2675, 1038329092, 3178, 1037879291, 2683, 1038326501, 3189, 1021091770, 3181, 1021076198, 3179, 1038337112, 3191, 1021989053, 2684, 1021876591, 2669, 1021083041, 2676, 1021994883, 2685, 1021213927, 3182, 1021117816, 2677, 1021098708, 3186, 1037886968, 3183, 1022018624, 2671, 1022012009, 3196, 1021870247, 2678, 1021140196, 2679, 1021982424, 3190, 1021147225]
[INFO] (lattice_cell.c: 455): on tick 11 of 50
[INFO] (lattice_cell.c: 172): the unmatched_packets is 56
[2920, 1038761288, 2664, 1038761283, 2936, 1038743401, 2680, 1038743383, 3192, 1038743427, 2672, 1038751034, 3184, 1038751048, 2921, 1038314567, 2937, 1038315691, 3176, 1038761288, 2922, 1037892415, 2938, 1037910683, 2681, 1038319426, 2666, 1037892397, 2924, 1021992816, 3193, 1038312407, 2925, 1021082878, 2942, 1020963496, 2675, 1038336271, 2923, 1038338748, 2939, 1038337861, 2940, 1021993850, 2941, 1021083247, 2670, 1021090588, 2678, 1021045505, 2927, 1022036872, 3197, 1021079391, 2687, 1022163406, 2926, 1021094803, 2943, 1022167524, 3178, 1037892421, 3187, 1038343339, 3180, 1021989245, 2665, 1038318293, 3190, 1021053687, 3191, 1022075757, 3183, 1022040393, 2673, 1038320095, 3177, 1038311279, 3194, 1037910675, 3185, 1038313066, 2674, 1037902234, 3186, 1037902248, 2682, 1037910693, 2667, 1038334983, 2683, 1038334122, 2668, 1021996948, 2676, 1021940531, 2684, 1021998073, 3195, 1038341146, 2669, 1021087225, 2677, 1021139357, 2685, 1021087491, 3188, 1021932798, 2686, 1020959141, 2679, 1022068131, 2671, 1022032771, 3181, 1021078973, 3196, 1021990185, 3179, 1038342078, 3189, 1021131133, 3198, 1020967438, 3182, 1021098590, 3199, 1022171093]
[INFO] (lattice_cell.c: 455): on tick 12 of 50
[INFO] (lattice_cell.c: 172): the unmatched_packets is 56
[2920, 1038795093, 2664, 1038795100, 2936, 1038804338, 3192, 1038804356, 2680, 1038804324, 3184, 1038827080, 3176, 1038795076, 2672, 1038827104, 2921, 1038305958, 2665, 1038310013, 2937, 1038305723, 3193, 1038302138, 2681, 1038309779, 2673, 1038310699, 3185, 1038303063, 3177, 1038302379, 2922, 1037870020, 2666, 1037870010, 2938, 1037861295, 2923, 1038331262, 3194, 1037861275, 2682, 1037861321, 2939, 1038332823, 2674, 1037839608, 2924, 1021994191, 3186, 1037839618, 2667, 1038327216, 2925, 1021093786, 2941, 1021062584, 2676, 1022004873, 2677, 1021088128, 2685, 1021066268, 2926, 1021178803, 2670, 1021175086, 2927, 1021960040, 2678, 1021240046, 2943, 1021859791, 2679, 1021882494, 2671, 1021956507, 3180, 1021991254, 2942, 1021269309, 2940, 1022027436, 3197, 1021059222, 3196, 1022024544, 3189, 1021081195, 3198, 1021272640, 3190, 1021246990, 3182, 1021182201, 3183, 1021963017, 3188, 1021998422, 3195, 1038336430, 3178, 1037870012, 3187, 1038336308, 2675, 1038328652, 2683, 1038328744, 2668, 1021997667, 3181, 1021090468, 2684, 1022030906, 3191, 1021888990, 2669, 1021097431, 2686, 1021265658, 2687, 1021856316, 3179, 1038334828, 3199, 1021862700]
[INFO] (lattice_cell.c: 455): on tick 13 of 50
[INFO] (lattice_cell.c: 172): the unmatched_packets is 56
[2920, 1038740522, 2664, 1038740506, 2936, 1038764850, 3192, 1038764832, 2680, 1038764880, 3184, 1038740071, 3176, 1038740523, 2672, 1038740069, 2921, 1038315073, 2665, 1038318838, 2937, 1038315288, 3193, 1038311972, 2681, 1038319069, 2673, 1038319626, 3185, 1038312527, 3177, 1038311749, 2922, 1037912635, 2666, 1037912625, 2938, 1037889579, 2682, 1037889541, 3194, 1037889605, 2674, 1037913805, 2923, 1038338914, 2939, 1038338315, 3186, 1037913831, 2925, 1021122601, 2675, 1038334661, 2926, 1021006073, 2942, 1021034672, 2924, 1021951237, 3195, 1038341628, 2669, 1021126884, 2941, 1021091759, 2670, 1021001796, 2927, 1022124590, 2943, 1022095256, 2940, 1021984894, 2687, 1022091011, 3199, 1022098969, 3196, 1021981286, 3182, 1021009917, 3187, 1038341722, 3179, 1038342239, 3180, 1021947631, 2667, 1038335153, 2683, 1038334552, 3181, 1021118780, 3178, 1037912643, 2668, 1021955376, 2676, 1021993725, 2684, 1021989050, 3190, 1020954479, 2677, 1021088908, 2685, 1021096030, 3197, 1021087953, 3198, 1021038436, 3191, 1022185225, 3188, 1021985917, 2678, 1020946367, 2686, 1021030462, 2671, 1022120499, 2679, 1022177412, 3189, 1021080840, 3183, 1022128181]
[INFO] (lattice_cell.c: 455): on tick 14 of 50
[INFO] (lattice_cell.c: 172): the unmatched_packets is 56
[2920, 1038822861, 2664, 1038822863, 2936, 1038770038, 2680, 1038770044, 2672, 1038784693, 3184, 1038784735, 3176, 1038822855, 3192, 1038770040, 2921, 1038305409, 2665, 1038309430, 2937, 1038307205, 2681, 1038311234, 2673, 1038310836, 3193, 1038303636, 2922, 1037843236, 2938, 1037894409, 2923, 1038333475, 2924, 1022002313, 2940, 1021962519, 3177, 1038301847, 2941, 1021125825, 2667, 1038329437, 2675, 1038328936, 2927, 1021858565, 2943, 1022024299, 2939, 1038330898, 2668, 1022005831, 3178, 1037843222, 2669, 1021088434, 2926, 1021271833, 2942, 1021110794, 2678, 1021220637, 2925, 1021084730, 3190, 1021227929, 3196, 1021959570, 3180, 1021999372, 3197, 1021122395, 3181, 1021081297, 3182, 1021275243, 3199, 1022027171, 3183, 1021861506, 3185, 1038303240, 3194, 1037894405, 2666, 1037843240, 2674, 1037879665, 2682, 1037894407, 3186, 1037879613, 3195, 1038334475, 2683, 1038326857, 2676, 1021993073, 2684, 1021966052, 2677, 1021100032, 2685, 1021129564, 3187, 1038336574, 2670, 1021268111, 3179, 1038337056, 2686, 1021106962, 3188, 1021986630, 3189, 1021092820, 3198, 1021114322, 2679, 1021901513, 2671, 1021855048, 2687, 1022020838, 3191, 1021907832]
[INFO] (lattice_cell.c: 455): on tick 15 of 50
[INFO] (lattice_cell.c: 172): the unmatched_packets is 56
[2920, 1038756410, 2664, 1038756434, 2936, 1038782291, 2680, 1038782279, 2672, 1038783428, 3192, 1038782301, 3176, 1038756390, 2921, 1038314511, 3184, 1038783394, 2665, 1038318313, 2937, 1038314957, 2673, 1038319119, 3193, 1038311582, 2922, 1037897804, 2938, 1037872372, 2923, 1038338900, 2939, 1038339016, 2666, 1037897764, 2940, 1021979693, 3177, 1038311141, 3185, 1038311937, 2675, 1038335992, 2926, 1020983996, 2942, 1021146342, 3194, 1037872366, 2924, 1021995126, 2925, 1021080877, 2685, 1021099972, 2941, 1021095812, 2670, 1020979865, 2686, 1021142166, 2927, 1022149784, 2679, 1022014396, 2943, 1021979536, 2671, 1022145608, 2687, 1021975427, 3180, 1021991503, 3183, 1022153459, 3178, 1037897832, 3195, 1038342383, 2681, 1038318766, 3179, 1038342240, 3188, 1021978499, 3197, 1021092095, 3181, 1021077173, 3198, 1021150031, 3199, 1021983149, 3191, 1022022299, 3186, 1037871389, 3187, 1038343168, 3196, 1021976060, 2674, 1037871341, 2682, 1037872372, 3189, 1021087277, 2667, 1038335107, 2683, 1038335194, 3190, 1021110127, 3182, 1020987695, 2676, 1021986198, 2668, 1021999242, 2684, 1021983804, 2677, 1021095184, 2669, 1021085058, 2678, 1021102390]
[INFO] (lattice_cell.c: 455): on tick 16 of 50
[INFO] (lattice_cell.c: 172): the unmatched_packets is 56
[2920, 1038768089, 2664, 1038768060, 2936, 1038788412, 2680, 1038788408, 3192, 1038788414, 2672, 1038775782, 2921, 1038306086, 2937, 1038306556, 2922, 1037895664, 2938, 1037877134, 2665, 1038310079, 2673, 1038311362, 2681, 1038310548, 2940, 1022004954, 2925, 1021105940, 2941, 1021084187, 2926, 1021153819, 2668, 1021984625, 2927, 1021982135, 2939, 1038331492, 2924, 1021981036, 3178, 1037895646, 2685, 1021088038, 2942, 1021118939, 2686, 1021115090, 2943, 1022016635, 2679, 1022050984, 2671, 1021978645, 2687, 1022013010, 3191, 1022057524, 2923, 1038332317, 3185, 1038303849, 3186, 1037889262, 3187, 1038335428, 3179, 1038335858, 3196, 1022001954, 3197, 1021080624, 3184, 1038775774, 2666, 1037895680, 3181, 1021102395, 3190, 1021083650, 3198, 1021122487, 3176, 1038768103, 3182, 1021157479, 3199, 1022019666, 3193, 1038303030, 3183, 1021985018, 2674, 1037889249, 2682, 1037877146, 2667, 1038328314, 2675, 1038327908, 2683, 1038327492, 3195, 1038335031, 2676, 1021983914, 2684, 1022008550, 3188, 1021977292, 2669, 1021109768, 2677, 1021109099, 2670, 1021149873, 2678, 1021076128, 3177, 1038302558, 3194, 1037877134, 3180, 1021978055, 3189, 1021101736]
[INFO] (lattice_cell.c: 455): on tick 17 of 50
[INFO] (lattice_cell.c: 172): the unmatched_packets is 56
[2920, 1038783716, 2664, 1038783720, 2936, 1038769513, 3192, 1038769503, 2680, 1038769534, 2672, 1038770247, 3184, 1038770256, 3176, 1038783709, 2921, 1038313852, 2937, 1038315152, 2665, 1038317701, 3193, 1038311731, 3185, 1038311863, 2922, 1037870615, 2938, 1037884850, 2923, 1038340141, 2666, 1037870593, 2924, 1021979285, 2682, 1037884830, 2941, 1021082655, 3194, 1037884864, 2683, 1038334757, 2675, 1038336045, 2939, 1038338628, 2926, 1021153696, 2942, 1021095162, 2668, 1021983312, 2927, 1021973599, 2940, 1021994932, 2925, 1021094952, 2686, 1021091109, 2943, 1022031983, 3195, 1038342049, 3188, 1021977657, 3197, 1021079043, 3181, 1021091325, 3190, 1021124069, 3198, 1021098756, 3182, 1021157250, 3191, 1022007918, 3199, 1022035574, 3183, 1021977229, 3186, 1037883822, 2681, 1038319022, 2673, 1038319156, 3187, 1038343345, 3179, 1038343564, 3196, 1021991375, 3180, 1021975747, 3177, 1038310436, 2674, 1037883817, 2667, 1038336272, 2684, 1021998963, 2676, 1021985276, 3178, 1037870624, 2669, 1021099041, 2685, 1021086715, 2677, 1021096074, 2670, 1021149698, 2678, 1021116353, 2671, 1021969550, 2679, 1022000345, 2687, 1022027918, 3189, 1021088396]
[INFO] (lattice_cell.c: 455): on tick 18 of 50
[INFO] (lattice_cell.c: 172): the unmatched_packets is 56
[2920, 1038785599, 2664, 1038785613, 2936, 1038771536, 2680, 1038771544, 3192, 1038771543, 2672, 1038783610, 3176, 1038785599, 3184, 1038783634, 2921, 1038306059, 2665, 1038310005, 2937, 1038307093, 2681, 1038311042, 3193, 1038303597, 2673, 1038310922, 3185, 1038303487, 2922, 1037879643, 3177, 1038302581, 2938, 1037892746, 2666, 1037879628, 2923, 1038332112, 2939, 1038331195, 2940, 1021976721, 2926, 1021097086, 2942, 1021112771, 2675, 1038328632, 2683, 1038327239, 2668, 1021991320, 2924, 1021987623, 2676, 1021993870, 2684, 1021980411, 2925, 1021098616, 2941, 1021111536, 2670, 1021093112, 2927, 1022041393, 2686, 1021108765, 2943, 1022022792, 3198, 1021116510, 3186, 1037881106, 3195, 1038334689, 3179, 1038335589, 3180, 1021984536, 3197, 1021107854, 3181, 1021094955, 3190, 1021139862, 3191, 1022000581, 3183, 1022044484, 3178, 1037879650, 3187, 1038336070, 2674, 1037881124, 2682, 1037892748, 3188, 1021987125, 3189, 1021091058, 2667, 1038328175, 3194, 1037892752, 3182, 1021100796, 3199, 1022025853, 2669, 1021102555, 3196, 1021973640, 2677, 1021098703, 2685, 1021115507, 2678, 1021132192, 2671, 1022037722, 2679, 1021993841, 2687, 1022019125]
[INFO] (lattice_cell.c: 455): on tick 19 of 50
[INFO] (lattice_cell.c: 172): the unmatched_packets is 56
[2920, 1038768598, 2664, 1038768610, 2936, 1038776346, 3192, 1038776360, 2680, 1038776354, 2672, 1038777588, 3176, 1038768586, 3184, 1038777560, 2921, 1038313809, 2665, 1038317730, 2937, 1038314851, 3193, 1038311363, 2681, 1038318784, 2673, 1038318946, 3185, 1038311540, 3177, 1038310342, 2922, 1037885478, 2666, 1037885463, 2938, 1037878067, 3194, 1037878071, 2682, 1037878067, 2674, 1037877059, 3186, 1037877093, 3178, 1037885504, 2923, 1038339831, 2667, 1038335902, 2939, 1038338960, 2924, 1021987216, 2940, 1021974589, 2683, 1038335021, 2925, 1021089090, 2675, 1038335906, 2926, 1021096243, 2942, 1021130208, 2676, 1021993643, 3187, 1038343330, 2927, 1022032833, 2943, 1021995501, 3179, 1038343308, 2941, 1021101740, 2670, 1021092291, 2686, 1021126237, 2678, 1021107553, 2679, 1022009382, 2687, 1021991554, 3198, 1021133709, 3190, 1021114936, 3199, 1021998984, 3196, 1021971090, 3188, 1021986226, 3181, 1021085605, 2668, 1021991168, 2684, 1021978559, 2669, 1021093036, 2685, 1021105694, 2677, 1021088550, 3197, 1021098256, 3189, 1021081067, 3195, 1038342450, 3182, 1021099762, 3183, 1022036317, 2671, 1022028908, 3191, 1022016891, 3180, 1021983715]
[INFO] (lattice_cell.c: 455): on tick 20 of 50
[INFO] (lattice_cell.c: 172): the unmatched_packets is 56
[2920, 1038775475, 2664, 1038775467, 2936, 1038787439, 3192, 1038787453, 2680, 1038787439, 2672, 1038776300, 3184, 1038776286, 3176, 1038775483, 2921, 1038306881, 2665, 1038310785, 2937, 1038306982, 3193, 1038303528, 2681, 1038310880, 2673, 1038311495, 2922, 1037888572, 2923, 1038332586, 2938, 1037877865, 2924, 1021983634, 2925, 1021098360, 3194, 1037877867, 2926, 1021130382, 2927, 1022007531, 2939, 1038331240, 2669, 1021102424, 2940, 1021990811, 2670, 1021126235, 2685, 1021101050, 2942, 1021122229, 3180, 1021980478, 2671, 1022003807, 2943, 1022013691, 2941, 1021096973, 2687, 1022009891, 3179, 1038336026, 3189, 1021097483, 3190, 1021105243, 3198, 1021126053, 3191, 1022036631, 3178, 1037888576, 3185, 1038304149, 3195, 1038334679, 3177, 1038303435, 3187, 1038335583, 3186, 1037888320, 2666, 1037888582, 2674, 1037888300, 2667, 1038328700, 2682, 1037877863, 3188, 1021979506, 3196, 1021987631, 2675, 1038328246, 2668, 1021987440, 2683, 1038327332, 2676, 1021986505, 2684, 1021994634, 2677, 1021105340, 2678, 1021097281, 2679, 1022029684, 3181, 1021094575, 2686, 1021118138, 3182, 1021134229, 3199, 1022016880, 3183, 1022010663, 3197, 1021093157]
[INFO] (lattice_cell.c: 455): on tick 21 of 50
[INFO] (lattice_cell.c: 172): the unmatched_packets is 56
[2920, 1038778345, 2936, 1038775810, 2664, 1038778353, 2680, 1038775824, 2672, 1038771174, 2921, 1038312814, 2937, 1038314665, 2922, 1037876008, 2923, 1038340235, 2665, 1038316786, 3184, 1038771157, 3176, 1038778343, 2924, 1021984927, 2940, 1021997567, 2938, 1037878788, 2925, 1021092993, 2941, 1021081479, 2674, 1037882928, 2926, 1021130691, 2684, 1022001411, 2939, 1038338855, 2677, 1021101635, 2942, 1021105387, 2927, 1021997129, 2687, 1022017096, 2943, 1022020963, 3177, 1038309300, 3178, 1037876014, 3186, 1037882944, 3187, 1038343682, 3179, 1038343771, 3188, 1021976226, 3197, 1021078065, 3199, 1022024386, 3192, 1038775804, 2681, 1038318654, 2673, 1038318023, 2666, 1037876004, 2682, 1037878780, 2667, 1038336246, 3193, 1038311122, 2675, 1038336131, 2683, 1038334856, 2668, 1021988781, 2676, 1021983507, 2669, 1021096847, 3195, 1038342399, 3190, 1021118673, 2685, 1021085329, 3198, 1021108793, 2670, 1021126868, 3191, 1022012510, 3194, 1037878794, 2678, 1021111401, 2686, 1021101552, 3196, 1021994162, 3180, 1021981536, 3183, 1022000529, 2679, 1022005278, 2671, 1021993252, 3189, 1021094403, 3185, 1038310500, 3181, 1021089614, 3182, 1021134063]
[INFO] (lattice_cell.c: 455): on tick 22 of 50
[INFO] (lattice_cell.c: 172): the unmatched_packets is 56
[2920, 1038780188, 2664, 1038780209, 2936, 1038773558, 2680, 1038773566, 3192, 1038773556, 2672, 1038781596, 3176, 1038780174, 3184, 1038781606, 2921, 1038304852, 2665, 1038308710, 2937, 1038308196, 3193, 1038304784, 2673, 1038311778, 2922, 1037884513, 2938, 1037890787, 3177, 1038301441, 2666, 1037884477, 2682, 1037890773, 2923, 1038332249, 2674, 1037883030, 3194, 1037890801, 2939, 1038331111, 3186, 1037883044, 2924, 1021994364, 2667, 1038328419, 2940, 1021986741, 2926, 1021113021, 3178, 1037884539, 2925, 1021096010, 2943, 1022027775, 3195, 1038334524, 2941, 1021097485, 2942, 1021108744, 2927, 1022025994, 2687, 1022023882, 3199, 1022031077, 3196, 1021983443, 3185, 1038304520, 3180, 1021991099, 3189, 1021093545, 3181, 1021092111, 3198, 1021112683, 3182, 1021116943, 2681, 1038312054, 3191, 1022010587, 3187, 1038335844, 2683, 1038327259, 3179, 1038335646, 2675, 1038328599, 2668, 1021998222, 2676, 1021987462, 2684, 1021990671, 3197, 1021093588, 3190, 1021131191, 2669, 1021100192, 2677, 1021101620, 2685, 1021101696, 3188, 1021980267, 2670, 1021108798, 2678, 1021123063, 2686, 1021104532, 2679, 1022003404, 2671, 1022022091, 3183, 1022029269]
[INFO] (lattice_cell.c: 455): on tick 23 of 50
[INFO] (lattice_cell.c: 172): the unmatched_packets is 56
[2920, 1038778215, 2664, 1038778211, 2936, 1038771106, 3192, 1038771106, 2680, 1038771117, 3184, 1038779983, 2672, 1038779981, 3176, 1038778210, 2921, 1038312679, 2665, 1038316695, 2937, 1038314035, 2681, 1038318073, 2673, 1038319997, 3193, 1038310435, 2922, 1037876129, 2938, 1037883015, 2923, 1038340128, 2939, 1038338839, 2666, 1037876131, 2682, 1037883011, 2667, 1038336091, 2941, 1021102412, 2926, 1021100838, 2668, 1021972354, 2924, 1021968510, 2927, 1022027945, 2943, 1022005325, 3194, 1037883017, 2669, 1021114374, 2940, 1021977937, 2925, 1021110678, 2942, 1021120635, 2678, 1021111346, 2687, 1022001587, 3189, 1021083440, 3183, 1022031218, 3178, 1037876139, 3195, 1038342440, 2674, 1037874698, 3179, 1038343722, 2675, 1038336068, 2683, 1038334795, 2676, 1021986763, 2684, 1021981693, 3188, 1021979635, 2677, 1021090514, 3181, 1021107371, 2685, 1021106171, 3198, 1021123979, 2670, 1021097088, 3190, 1021118406, 3182, 1021104159, 3185, 1038312387, 3199, 1022008639, 3191, 1022012585, 3177, 1038309117, 3186, 1037874690, 2686, 1021116857, 2671, 1022024209, 2679, 1022005505, 3187, 1038343715, 3196, 1021974628, 3180, 1021965132, 3197, 1021099094]
[INFO] (lattice_cell.c: 455): on tick 24 of 50
[INFO] (lattice_cell.c: 172): the unmatched_packets is 56
[2920, 1038761340, 2664, 1038761366, 2936, 1038782047, 3192, 1038782046, 2680, 1038782054, 2672, 1038773547, 3184, 1038773498, 2921, 1038307852, 2665, 1038311687, 2937, 1038306045, 2681, 1038309859, 3193, 1038302652, 2673, 1038312230, 3185, 1038305002, 3177, 1038304447, 3176, 1038761312, 2922, 1037902359, 2666, 1037902307, 2938, 1037882803, 3194, 1037882821, 2674, 1037890850, 3186, 1037890906, 2682, 1037882795, 2923, 1038332692, 2667, 1038328878, 2939, 1038331996, 2683, 1038328180, 2924, 1022024609, 2940, 1021987139, 2925, 1021052987, 3178, 1037902393, 2926, 1021131656, 2676, 1022004828, 3195, 1038335371, 2927, 1022007166, 2943, 1022007554, 2677, 1021083757, 2670, 1021127300, 2941, 1021104540, 2671, 1022003213, 2942, 1021125071, 2687, 1022003533, 3179, 1038336053, 3196, 1021983749, 3188, 1021997518, 3180, 1022021362, 3181, 1021049034, 3198, 1021129055, 3190, 1021115507, 3199, 1022010962, 3191, 1022026723, 3187, 1038335775, 2675, 1038328598, 2668, 1022028500, 3189, 1021075519, 3197, 1021100570, 2684, 1021991166, 2669, 1021057289, 2685, 1021108830, 3183, 1022010544, 2678, 1021107221, 2686, 1021120780, 2679, 1022019293, 3182, 1021135658]
[INFO] (lattice_cell.c: 455): on tick 25 of 50
[INFO] (lattice_cell.c: 172): the unmatched_packets is 56
[2920, 1038803374, 2664, 1038803341, 2936, 1038783765, 3192, 1038783770, 2680, 1038783765, 2672, 1038783312, 3184, 1038783330, 3176, 1038803412, 2921, 1038310486, 2665, 1038314524, 2937, 1038313678, 3193, 1038310060, 2673, 1038316885, 3177, 1038306916, 2922, 1037851624, 2681, 1038317744, 2666, 1037851648, 2938, 1037871102, 2682, 1037871110, 2674, 1037871153, 3186, 1037871147, 3178, 1037851602, 3194, 1037871104, 2923, 1038340050, 3185, 1038309243, 2667, 1038335974, 2939, 1038338319, 3195, 1038341960, 2683, 1038334226, 2675, 1038335153, 2924, 1021901446, 2940, 1021981816, 2925, 1021184698, 2926, 1021110049, 2942, 1021112122, 2676, 1021951782, 2669, 1021188298, 2941, 1021100644, 3188, 1021944644, 2678, 1021099393, 2927, 1022018681, 2943, 1022016018, 2671, 1022015044, 3191, 1022028122, 3181, 1021181461, 3190, 1021106373, 3182, 1021113307, 3199, 1022019240, 3197, 1021097338, 2668, 1021905308, 2684, 1021985559, 3198, 1021115412, 2677, 1021137676, 2685, 1021104337, 3187, 1038342875, 2670, 1021106397, 3196, 1021978549, 2686, 1021108424, 3179, 1038343671, 2679, 1022021282, 2687, 1022012347, 3180, 1021898032, 3189, 1021130703, 3183, 1022021881]
[INFO] (lattice_cell.c: 455): on tick 26 of 50
[INFO] (lattice_cell.c: 172): the unmatched_packets is 56
[2920, 1038746449, 2664, 1038746505, 2936, 1038767342, 3192, 1038767328, 2680, 1038767368, 2672, 1038754082, 3184, 1038754010, 3176, 1038746392, 2921, 1038307534, 2665, 1038311342, 2937, 1038309405, 2681, 1038313232, 3193, 1038306007, 2673, 1038314128, 3177, 1038304144, 2922, 1037917340, 2938, 1037896880, 2923, 1038333648, 2939, 1038329756, 2666, 1037917288, 2924, 1022118940, 2940, 1022020126, 2941, 1021059656, 2926, 1021134168, 2668, 1022122830, 2669, 1020965023, 3187, 1038336602, 2925, 1020960598, 2942, 1021117692, 2943, 1022024648, 2678, 1021131247, 2927, 1022001649, 3190, 1021139694, 2687, 1022020567, 3188, 1022048011, 3197, 1021055677, 3181, 1020956550, 3198, 1021121721, 3185, 1038306902, 2682, 1037896862, 3194, 1037896898, 2674, 1037909639, 3183, 1022005152, 2667, 1038329869, 2683, 1038325953, 2675, 1038329450, 3186, 1037909711, 3178, 1037917390, 3195, 1038333127, 2684, 1022024139, 2676, 1022055281, 2685, 1021063967, 2677, 1021024821, 2670, 1021129790, 3189, 1021016470, 2686, 1021113360, 2671, 1021997553, 2679, 1021992627, 3182, 1021138198, 3179, 1038336996, 3196, 1022016705, 3180, 1022115658, 3199, 1022028157, 3191, 1022000208]
[INFO] (lattice_cell.c: 455): on tick 27 of 50
[INFO] (lattice_cell.c: 172): the unmatched_packets is 56
[2920, 1038802346, 2664, 1038802345, 2936, 1038793694, 3192, 1038793720, 2672, 1038812519, 3176, 1038802356, 2921, 1038312753, 2937, 1038311617, 2665, 1038316829, 3193, 1038308005, 2681, 1038315689, 2673, 1038317038, 3177, 1038309137, 2680, 1038793676, 3185, 1038309354, 3184, 1038812587, 2922, 1037852178, 2666, 1037852152, 2938, 1037861086, 3194, 1037861080, 2682, 1037861089, 2674, 1037842840, 3186, 1037842811, 3178, 1037852206, 2923, 1038339466, 2667, 1038335369, 2939, 1038338182, 3195, 1038341816, 2683, 1038334074, 2675, 1038337224, 2924, 1021843258, 2940, 1021926766, 2925, 1021233785, 3187, 1038344976, 2926, 1021101401, 2942, 1021106120, 2676, 1021867372, 3179, 1038343107, 2941, 1021163689, 2677, 1021220365, 2670, 1021097731, 2686, 1021102419, 3180, 1021840000, 2943, 1022021988, 2927, 1022029385, 3189, 1021213509, 2687, 1022018359, 3197, 1021160355, 3198, 1021109472, 3199, 1022025151, 3191, 1022020899, 3183, 1022032454, 3188, 1021860229, 3196, 1021923464, 2668, 1021847029, 2684, 1021930508, 2669, 1021237369, 2685, 1021167362, 2678, 1021097230, 3182, 1021104701, 2679, 1022014164, 2671, 1022025838, 3181, 1021230543, 3190, 1021104181]
[INFO] (lattice_cell.c: 455): on tick 28 of 50
[INFO] (lattice_cell.c: 172): the unmatched_packets is 56
[2920, 1038768785, 2664, 1038768796, 2936, 1038738388, 3192, 1038738360, 2680, 1038738431, 2672, 1038747970, 3184, 1038747899, 3176, 1038768786, 2921, 1038304845, 2665, 1038308637, 2937, 1038309247, 3193, 1038305845, 2681, 1038313071, 3185, 1038304648, 2922, 1037895799, 2938, 1037924981, 3177, 1038301492, 2923, 1038331219, 2666, 1037895785, 2939, 1038332762, 2682, 1037924951, 2924, 1022076205, 3194, 1037925011, 2667, 1038327444, 2941, 1020994951, 2676, 1022136672, 2669, 1021017939, 2670, 1021111123, 2926, 1021115492, 2927, 1022030216, 2943, 1022012276, 2679, 1022009533, 2940, 1022085255, 2925, 1021013678, 2942, 1021118475, 2687, 1022008156, 3196, 1022081845, 3188, 1022129196, 3189, 1020945696, 3198, 1021122423, 3182, 1021119498, 3190, 1021123624, 3199, 1022015799, 3191, 1022017312, 3183, 1022033813, 3195, 1038336168, 3179, 1038334560, 2673, 1038311837, 3181, 1021009807, 2674, 1037916106, 3187, 1038336640, 2675, 1038329458, 3186, 1037916143, 2683, 1038328941, 3180, 1022072636, 2668, 1022080352, 3178, 1037895782, 2684, 1022089291, 2677, 1020954074, 2685, 1020999333, 2678, 1021115329, 2686, 1021114143, 2671, 1022026061, 3197, 1020990970]
[INFO] (lattice_cell.c: 455): on tick 29 of 50
[INFO] (lattice_cell.c: 172): the unmatched_packets is 56
[2920, 1038763128, 2664, 1038763158, 2936, 1038827561, 3192, 1038827574, 2680, 1038827548, 2672, 1038791757, 3184, 1038791729, 3176, 1038763117, 2921, 1038313187, 2665, 1038317272, 2937, 1038313831, 3193, 1038310188, 2673, 1038320052, 3185, 1038312300, 3177, 1038309562, 2922, 1037890252, 2681, 1038317924, 2666, 1037890193, 2938, 1037828197, 2923, 1038340163, 2939, 1038336330, 2674, 1037862398, 3194, 1037828206, 2924, 1021979790, 3186, 1037862481, 2926, 1021134396, 2942, 1021156732, 2668, 1021983283, 2927, 1021995987, 2943, 1021977125, 2676, 1021882618, 2684, 1021854204, 2669, 1021099073, 2940, 1021850488, 2925, 1021095216, 2941, 1021229558, 2685, 1021233207, 3189, 1021186179, 2679, 1021999707, 3179, 1038343804, 3198, 1021160170, 3182, 1021137800, 3187, 1038342349, 2682, 1037828203, 3195, 1038339944, 3197, 1021226238, 3181, 1021091721, 2667, 1038336077, 3191, 1022006323, 3178, 1037890307, 2675, 1038334655, 3196, 1021847261, 2683, 1038332252, 3180, 1021976754, 3190, 1021129735, 2677, 1021193308, 2670, 1021130664, 2678, 1021122516, 2686, 1021152962, 2671, 1021992490, 2687, 1021973523, 3188, 1021875911, 3199, 1021980294, 3183, 1021998998]
[INFO] (lattice_cell.c: 455): on tick 30 of 50
[INFO] (lattice_cell.c: 172): the unmatched_packets is 56
[2920, 1038788602, 2664, 1038788628, 2936, 1038736594, 3192, 1038736605, 2680, 1038736578, 2672, 1038771299, 3184, 1038771322, 3176, 1038788590, 2921, 1038306690, 2665, 1038310499, 2937, 1038306313, 2681, 1038310114, 3193, 1038302921, 2673, 1038311113, 3185, 1038303930, 2922, 1037876022, 2938, 1037927296, 2923, 1038333789, 2939, 1038332274, 2666, 1037876011, 3177, 1038303303, 2924, 1021934975, 2940, 1022102267, 2667, 1038329989, 2675, 1038330759, 2926, 1021108192, 2942, 1021027817, 2943, 1022105817, 2925, 1021145969, 2670, 1021103925, 2941, 1020991978, 3188, 1021995626, 2927, 1022025251, 3179, 1038337177, 3180, 1021931312, 3189, 1021081392, 3198, 1021031691, 3190, 1021069481, 3199, 1022109410, 3191, 1022064632, 2682, 1037927319, 2674, 1037893232, 2683, 1038328426, 2668, 1021939244, 3194, 1037927278, 3186, 1037893179, 2676, 1022003665, 3181, 1021142281, 2684, 1022106446, 2669, 1021150082, 3178, 1037876035, 2677, 1021089267, 2685, 1020996261, 3195, 1038335707, 3196, 1022098624, 2678, 1021061401, 2686, 1021023535, 2671, 1022021100, 2679, 1022056833, 2687, 1022101664, 3197, 1020988062, 3183, 1022028856, 3187, 1038337990, 3182, 1021112038]
[INFO] (lattice_cell.c: 455): on tick 31 of 50
[INFO] (lattice_cell.c: 172): the unmatched_packets is 56
[2920, 1038790612, 2664, 1038790618, 2936, 1038803521, 3192, 1038803479, 2672, 1038784808, 3184, 1038784747, 2921, 1038311667, 2937, 1038314746, 3176, 1038790616, 2922, 1037864374, 2938, 1037851073, 2681, 1038318845, 2923, 1038338092, 2939, 1038339028, 2924, 1022020215, 2667, 1038334024, 3185, 1038310034, 2941, 1021119001, 2668, 1022023768, 2927, 1021995884, 2684, 1021960665, 2669, 1021065736, 2940, 1021957225, 2677, 1021045338, 2925, 1021061903, 2926, 1021142625, 2678, 1021197786, 2943, 1021880814, 2686, 1021239471, 2679, 1021923022, 2942, 1021243257, 3198, 1021246737, 3177, 1038308074, 3178, 1037864404, 3187, 1038343073, 3180, 1022017156, 2680, 1038803596, 3183, 1021998896, 2665, 1038315738, 3179, 1038341687, 2673, 1038317745, 3193, 1038311098, 2666, 1037864341, 2674, 1037869721, 2682, 1037851005, 2675, 1038335393, 2683, 1038334943, 2676, 1022039339, 2685, 1021122887, 2670, 1021138783, 2671, 1021992396, 3189, 1021037789, 3194, 1037851138, 3186, 1037869825, 3199, 1021883942, 2687, 1021877204, 3182, 1021146183, 3195, 1038342648, 3196, 1021954266, 3188, 1022032898, 3197, 1021115425, 3181, 1021058351, 3190, 1021205183, 3191, 1021929676]
[INFO] (lattice_cell.c: 455): on tick 32 of 50
[INFO] (lattice_cell.c: 172): the unmatched_packets is 56
[2920, 1038745700, 2664, 1038745714, 2936, 1038762847, 3192, 1038762878, 2680, 1038762826, 2672, 1038750215, 3184, 1038750226, 3176, 1038745688, 2921, 1038305903, 2665, 1038309727, 2937, 1038308383, 3193, 1038304958, 2681, 1038312219, 2673, 1038313154, 3185, 1038305880, 2922, 1037917563, 2938, 1037901395, 3177, 1038302498, 2923, 1038334012, 2666, 1037917539, 2939, 1038328663, 2924, 1021998670, 2940, 1021948325, 2674, 1037913214, 3194, 1037901379, 2683, 1038324829, 2675, 1038328526, 3186, 1037913204, 2927, 1022086724, 2684, 1021952742, 2925, 1021086180, 2677, 1021149851, 2941, 1021137327, 2942, 1020980938, 2686, 1020976697, 2943, 1022165654, 2926, 1021048935, 2671, 1022082545, 2687, 1022161453, 3188, 1021927222, 3197, 1021133715, 3198, 1020984782, 3190, 1021010369, 3182, 1021052666, 3199, 1022169306, 3195, 1038332078, 3187, 1038335797, 2682, 1037901414, 3189, 1021142090, 2667, 1038330171, 3181, 1021082474, 2668, 1022002911, 2676, 1021935206, 3178, 1037917572, 2669, 1021090292, 2685, 1021141357, 3196, 1021944486, 2670, 1021044776, 2678, 1021002308, 2679, 1022124985, 3191, 1022132739, 3183, 1022090368, 3179, 1038337443, 3180, 1021994959]
[INFO] (lattice_cell.c: 455): on tick 33 of 50
[INFO] (lattice_cell.c: 172): the unmatched_packets is 56
[2920, 1038802654, 2664, 1038802726, 2936, 1038776084, 3192, 1038776103, 2680, 1038776070, 2672, 1038816733, 3184, 1038816688, 3176, 1038802598, 2921, 1038312778, 2665, 1038316832, 2937, 1038313020, 3193, 1038309407, 2681, 1038317083, 2673, 1038318494, 3185, 1038310826, 3177, 1038309181, 2922, 1037851872, 2666, 1037851794, 2938, 1037878171, 2923, 1038340375, 2939, 1038340330, 2924, 1021971590, 3194, 1037878160, 2925, 1021104022, 2942, 1021198506, 2683, 1038336233, 2675, 1038338225, 2927, 1021897090, 2943, 1021920293, 2940, 1022024583, 2676, 1021987108, 2669, 1021107990, 2941, 1021059855, 2926, 1021230728, 2685, 1021063891, 2678, 1021233224, 3189, 1021086844, 2687, 1021916846, 3199, 1021923231, 3181, 1021100362, 3198, 1021202144, 3191, 1021880433, 3183, 1021900071, 3178, 1037851958, 3195, 1038343974, 2674, 1037838743, 2682, 1037878177, 2667, 1038336332, 3187, 1038345917, 2668, 1021975068, 3186, 1037838808, 2684, 1022028022, 3188, 1021980570, 2677, 1021094392, 2670, 1021226796, 2686, 1021194551, 3196, 1022021645, 2671, 1021893574, 3180, 1021968670, 2679, 1021873862, 3190, 1021240642, 3182, 1021234371, 3197, 1021056111, 3179, 1038343955]
[INFO] (lattice_cell.c: 455): on tick 34 of 50
[INFO] (lattice_cell.c: 172): the unmatched_packets is 56
[2920, 1038755756, 2664, 1038755737, 2936, 1038784881, 3192, 1038784841, 2680, 1038784930, 2672, 1038760104, 3184, 1038760097, 2921, 1038306460, 2665, 1038310322, 2937, 1038307124, 3193, 1038303665, 2673, 1038311328, 2922, 1037908151, 2938, 1037879831, 2923, 1038330508, 2939, 1038330915, 2924, 1021960715, 2940, 1021994374, 2925, 1021122549, 3194, 1037879878, 2927, 1022157798, 2943, 1022012846, 2676, 1022025234, 2941, 1021093143, 2677, 1021067470, 2670, 1020987322, 2926, 1020991503, 2942, 1021125382, 3196, 1021990603, 2678, 1021007417, 3189, 1021059942, 2687, 1022008434, 3188, 1022017037, 3197, 1021089530, 2681, 1038310996, 2666, 1037908157, 3181, 1021119064, 3198, 1021128938, 3199, 1022016755, 3191, 1022135578, 3176, 1038755776, 2674, 1037904217, 2682, 1037879776, 2667, 1038326666, 2675, 1038327330, 2683, 1038327050, 2668, 1021965120, 3179, 1038333932, 2684, 1021998677, 2669, 1021126443, 3177, 1038303031, 2685, 1021097161, 2686, 1021121413, 3185, 1038304019, 2671, 1022153668, 3186, 1037904246, 2679, 1022127481, 3178, 1037908151, 3195, 1038334354, 3187, 1038334595, 3182, 1020995251, 3183, 1022161447, 3180, 1021956877, 3190, 1021015195]
[INFO] (lattice_cell.c: 455): on tick 35 of 50
[INFO] (lattice_cell.c: 172): the unmatched_packets is 56
[2920, 1038794921, 2664, 1038794943, 2936, 1038771119, 3192, 1038771106, 2680, 1038771128, 2672, 1038756825, 3184, 1038756805, 3176, 1038794896, 2921, 1038311673, 2665, 1038315688, 2937, 1038315298, 3193, 1038311679, 2681, 1038319348, 2673, 1038318829, 3185, 1038311187, 3177, 1038308110, 2922, 1037859818, 2666, 1037859792, 2938, 1037883165, 3194, 1037883183, 2674, 1037896328, 2682, 1037883152, 3186, 1037896362, 3178, 1037859845, 2923, 1038342067, 2667, 1038338014, 2939, 1038337579, 3195, 1038341185, 2675, 1038336603, 2924, 1022007579, 2940, 1021952424, 2925, 1021072157, 2941, 1021126017, 2926, 1021224582, 2942, 1021064220, 2684, 1021955915, 2669, 1021076240, 2943, 1022064978, 2677, 1021106837, 2670, 1021220597, 2927, 1021897018, 2678, 1021137493, 2679, 1021976633, 3181, 1021068320, 3183, 1021899937, 3180, 1022004668, 3197, 1021122243, 3189, 1021098805, 3198, 1021068124, 3190, 1021145516, 3182, 1021228302, 3191, 1021982805, 2683, 1038333530, 3188, 1021968635, 2668, 1022011005, 3179, 1038345661, 3187, 1038344280, 2676, 1021974874, 3196, 1021949468, 2685, 1021130079, 2686, 1021060007, 2671, 1021893561, 2687, 1022061624, 3199, 1022067840]
[INFO] (lattice_cell.c: 455): on tick 36 of 50
[INFO] (lattice_cell.c: 172): the unmatched_packets is 56
[2920, 1038775320, 2664, 1038775370, 2936, 1038781924, 3192, 1038781955, 2680, 1038781896, 2672, 1038798472, 3184, 1038798427, 3176, 1038775278, 2921, 1038306424, 2665, 1038310326, 2937, 1038307186, 3193, 1038303697, 3185, 1038304693, 3177, 1038302962, 2681, 1038311085, 2673, 1038312075, 2922, 1037888957, 2666, 1037888886, 2938, 1037882500, 2682, 1037882523, 2674, 1037866253, 3194, 1037882483, 3186, 1037866319, 3178, 1037889021, 2923, 1038332458, 2667, 1038328591, 2939, 1038330814, 2683, 1038326897, 2924, 1022004643, 2940, 1021998995, 3187, 1038337062, 2925, 1021077686, 2668, 1022008956, 2926, 1021075574, 2941, 1021089152, 2677, 1021118753, 2685, 1021092998, 2942, 1021141611, 2927, 1022067433, 3196, 1021995113, 2943, 1021996203, 2686, 1021137699, 2671, 1022063107, 2687, 1021991912, 3183, 1022071276, 3180, 1022000833, 3198, 1021145100, 3182, 1021079071, 3191, 1021969659, 2675, 1038329703, 3195, 1038334309, 3188, 1021959612, 3179, 1038335890, 2684, 1022003389, 2676, 1021967814, 2669, 1021081526, 3197, 1021085686, 2670, 1021071656, 3181, 1021074262, 2678, 1021161056, 2679, 1021961411, 3199, 1022000015, 3189, 1021111536, 3190, 1021168347]
[INFO] (lattice_cell.c: 455): on tick 37 of 50
[INFO] (lattice_cell.c: 172): the unmatched_packets is 56
[2920, 1038757402, 2664, 1038757434, 2936, 1038775103, 3192, 1038775091, 2680, 1038775137, 2672, 1038779855, 3184, 1038779817, 3176, 1038757372, 2921, 1038312740, 2665, 1038316733, 2937, 1038313684, 3193, 1038310105, 2681, 1038317691, 3185, 1038310592, 2673, 1038318156, 2922, 1037896004, 2938, 1037879263, 2666, 1037895956, 2923, 1038339226, 2939, 1038339192, 2682, 1037879239, 2674, 1037875228, 2667, 1038335213, 2924, 1021959852, 2675, 1038336210, 3177, 1038309191, 2668, 1021963349, 2926, 1021088270, 3194, 1037879287, 2940, 1022009980, 2943, 1021994763, 2677, 1021092615, 2670, 1021083928, 2942, 1021129836, 2927, 1022044375, 2671, 1022041045, 2941, 1021072516, 2925, 1021118367, 3183, 1022047144, 3178, 1037896028, 3187, 1038343780, 3179, 1038342776, 3196, 1022007073, 3180, 1021956935, 3189, 1021084569, 2683, 1038335161, 2684, 1022013416, 2676, 1021992485, 3199, 1021997760, 2669, 1021122566, 2685, 1021076789, 2686, 1021125668, 2678, 1021062322, 3186, 1037875285, 2687, 1021991211, 2679, 1022054439, 3195, 1038342771, 3197, 1021068545, 3188, 1021985943, 3191, 1022060841, 3181, 1021114464, 3190, 1021070530, 3198, 1021133708, 3182, 1021092282]
[INFO] (lattice_cell.c: 455): on tick 38 of 50
[INFO] (lattice_cell.c: 172): the unmatched_packets is 56
[2920, 1038790870, 2664, 1038790883, 2936, 1038772851, 3192, 1038772821, 2680, 1038772885, 2672, 1038767047, 3184, 1038767072, 3176, 1038790870, 2921, 1038304182, 2665, 1038308117, 2937, 1038308189, 3193, 1038304653, 2681, 1038312147, 2673, 1038312003, 3185, 1038304537, 3177, 1038300691, 2922, 1037873461, 2938, 1037891290, 2666, 1037873411, 2682, 1037891236, 3194, 1037891320, 2674, 1037896714, 3186, 1037896720, 3178, 1037873497, 2923, 1038332991, 2667, 1038329073, 2939, 1038330717, 3195, 1038334227, 2675, 1038328636, 2924, 1021979607, 2940, 1021976671, 2925, 1021109405, 2926, 1021171177, 3187, 1038336082, 2668, 1021983914, 2927, 1021967913, 2943, 1022037630, 2941, 1021108569, 2670, 1021167373, 2942, 1021099778, 3197, 1021105201, 3189, 1021075048, 3198, 1021103231, 3182, 1021174559, 3190, 1021112080, 3183, 1021971653, 3180, 1021975802, 2683, 1038326766, 3181, 1021106095, 2676, 1022007166, 2684, 1021980966, 3179, 1038336486, 2669, 1021113137, 3196, 1021972851, 2677, 1021082217, 2685, 1021112339, 3188, 1021999070, 2678, 1021104755, 2686, 1021095945, 2679, 1022023275, 2671, 1021963684, 2687, 1022033366, 3199, 1022041436, 3191, 1022031223]
[INFO] (lattice_cell.c: 455): on tick 39 of 50
[INFO] (lattice_cell.c: 172): the unmatched_packets is 56
[2920, 1038782735, 2664, 1038782773, 2936, 1038774863, 3192, 1038774865, 2680, 1038774858, 2672, 1038773332, 3184, 1038773272, 3176, 1038782698, 2921, 1038311770, 2665, 1038315715, 2937, 1038314497, 3193, 1038310940, 2681, 1038318480, 2673, 1038320124, 2922, 1037872174, 2938, 1037879391, 2923, 1038340443, 3185, 1038312608, 2924, 1022001738, 2940, 1021962049, 2674, 1037880517, 2941, 1021118447, 2667, 1038336484, 2926, 1021105707, 2942, 1021111480, 2939, 1038337642, 2925, 1021078573, 3187, 1038344065, 2677, 1021096389, 2678, 1021139999, 2927, 1022024124, 2686, 1021107090, 2943, 1022017132, 2687, 1022013666, 3195, 1038341206, 3179, 1038343970, 3189, 1021088039, 3181, 1021074647, 3198, 1021115567, 3190, 1021148258, 3199, 1022020056, 3191, 1021981795, 3183, 1022027095, 3186, 1037880570, 3177, 1038308244, 2666, 1037872134, 2682, 1037879393, 3194, 1037879389, 2675, 1038336536, 2683, 1038333656, 2668, 1022005345, 3182, 1021109667, 2676, 1021979343, 2684, 1021965648, 3196, 1021959033, 2669, 1021082802, 2685, 1021122726, 2670, 1021101429, 3197, 1021114485, 2679, 1021975260, 2671, 1022020573, 3188, 1021972868, 3178, 1037872216, 3180, 1021998728]
[INFO] (lattice_cell.c: 455): on tick 40 of 50
[INFO] (lattice_cell.c: 172): the unmatched_packets is 56
[2920, 1038767223, 2664, 1038767277, 2936, 1038787830, 3192, 1038787849, 2680, 1038787834, 2672, 1038785922, 3184, 1038785824, 3176, 1038767177, 2921, 1038307080, 2665, 1038311066, 2937, 1038305537, 3193, 1038301976, 2681, 1038309526, 2673, 1038312444, 3185, 1038304893, 2922, 1037896521, 2666, 1037896449, 2938, 1037876891, 2923, 1038332729, 2939, 1038332154, 2682, 1037876893, 2924, 1021992741, 2940, 1022004030, 2667, 1038328766, 2941, 1021090393, 2926, 1021092463, 2942, 1021135499, 2927, 1022048212, 2676, 1021977452, 2669, 1021091351, 2925, 1021087615, 2943, 1021997366, 3199, 1022001132, 3183, 1022051850, 3179, 1038336249, 3197, 1021087068, 3190, 1021117310, 3191, 1022021109, 3194, 1037876897, 2674, 1037878625, 3177, 1038303543, 3186, 1037878756, 3195, 1038335723, 3187, 1038337025, 2683, 1038328155, 2675, 1038329511, 2668, 1021996887, 3180, 1021989054, 2684, 1022008275, 3178, 1037896581, 2677, 1021109176, 2685, 1021094108, 2670, 1021088630, 3198, 1021138810, 2678, 1021110245, 2686, 1021131810, 2671, 1022044131, 3182, 1021095877, 2679, 1022013136, 2687, 1021993151, 3188, 1021969473, 3189, 1021102197, 3181, 1021084267, 3196, 1022000263]
[INFO] (lattice_cell.c: 455): on tick 41 of 50
[INFO] (lattice_cell.c: 172): the unmatched_packets is 56
[2920, 1038768636, 2664, 1038768644, 2936, 1038774272, 3192, 1038774266, 2680, 1038774304, 2672, 1038772928, 3184, 1038772938, 3176, 1038768634, 2921, 1038310415, 2665, 1038314337, 2937, 1038313817, 3193, 1038310287, 2681, 1038317752, 2673, 1038317693, 3185, 1038310242, 3177, 1038306935, 2922, 1037884948, 2666, 1037884934, 2938, 1037880186, 2674, 1037881539, 3194, 1037880201, 2923, 1038339506, 3186, 1037881555, 2667, 1038335586, 2939, 1038337623, 2924, 1021977035, 2940, 1022005806, 2675, 1038335116, 2925, 1021108799, 3178, 1037884965, 2668, 1021980791, 2927, 1021996341, 2943, 1022020283, 2669, 1021113040, 2941, 1021077526, 2926, 1021136146, 2677, 1021101448, 2942, 1021109881, 2678, 1021087084, 2687, 1022016569, 3180, 1021973872, 3190, 1021095648, 3196, 1022002699, 3197, 1021073452, 3181, 1021104842, 3189, 1021093214, 3199, 1022023402, 3191, 1022040209, 3183, 1021999303, 3187, 1038342568, 2682, 1037880162, 3188, 1021978428, 2683, 1038333677, 2684, 1022009469, 2676, 1021985388, 3195, 1038341145, 3198, 1021113927, 2685, 1021081901, 2670, 1021131756, 2686, 1021105523, 2671, 1021992771, 2679, 1022033598, 3179, 1038343006, 3182, 1021140232]
[INFO] (lattice_cell.c: 455): on tick 42 of 50
[INFO] (lattice_cell.c: 172): the unmatched_packets is 56
[2920, 1038793447, 2664, 1038793542, 2936, 1038770595, 3192, 1038770555, 2680, 1038770644, 2672, 1038777041, 3184, 1038776995, 2921, 1038306801, 2922, 1037871286, 2923, 1038333987, 3176, 1038793373, 2681, 1038312761, 2937, 1038308717, 2940, 1021980808, 2926, 1021132823, 2667, 1038329980, 2942, 1021106701, 2675, 1038329934, 2927, 1022002462, 2938, 1037893277, 2676, 1021992366, 3186, 1037887057, 2939, 1038329903, 2669, 1021113520, 2924, 1021969138, 2677, 1021088211, 2925, 1021109813, 3188, 1021984789, 3189, 1021081126, 2671, 1021998411, 2687, 1022029760, 2943, 1022033807, 2941, 1021102963, 3194, 1037893326, 3195, 1038333496, 3187, 1038337560, 3179, 1038337546, 3196, 1021977188, 3180, 1021965622, 3197, 1021099620, 3198, 1021110076, 3190, 1021128409, 3191, 1022008924, 2665, 1038310832, 2673, 1038313983, 2666, 1037871185, 2674, 1037886992, 2682, 1037893232, 3178, 1037871377, 3185, 1038306351, 3193, 1038305106, 2683, 1038325866, 2668, 1021973100, 2684, 1021984869, 2685, 1021106678, 2678, 1021121338, 2670, 1021129129, 2686, 1021102974, 2679, 1022001303, 3183, 1022006075, 3181, 1021106491, 3182, 1021136138, 3199, 1022037428, 3177, 1038303220]
[INFO] (lattice_cell.c: 455): on tick 43 of 50
[INFO] (lattice_cell.c: 172): the unmatched_packets is 56
[2920, 1038766273, 2664, 1038766272, 2936, 1038771863, 3192, 1038771876, 2680, 1038771847, 2672, 1038773063, 3184, 1038773072, 3176, 1038766274, 2921, 1038312852, 2665, 1038316717, 2937, 1038312403, 3193, 1038308903, 3185, 1038310057, 3177, 1038309398, 2922, 1037887822, 2681, 1038316293, 2666, 1037887801, 2938, 1037882145, 3194, 1037882155, 2923, 1038339236, 2939, 1038336866, 2924, 1022017766, 2667, 1038335360, 2925, 1021059114, 2941, 1021117020, 2926, 1021102859, 2940, 1021971472, 2676, 1022000301, 2942, 1021122105, 2927, 1022032149, 2678, 1021123830, 2943, 1022009918, 2679, 1021988368, 3188, 1021993032, 3190, 1021132236, 3191, 1021995357, 3183, 1022035267, 3179, 1038342690, 3186, 1037880995, 3178, 1037887860, 2673, 1038317405, 2682, 1037882164, 2674, 1037880966, 2683, 1038332952, 2675, 1038337391, 2668, 1022021803, 3195, 1038340370, 2684, 1021975392, 3198, 1021126216, 3187, 1038344781, 3182, 1021106953, 3199, 1022013092, 2669, 1021063340, 2677, 1021086769, 2685, 1021121336, 2670, 1021098422, 2686, 1021117659, 3197, 1021113027, 2671, 1022028453, 3189, 1021078449, 2687, 1022006184, 3180, 1022014362, 3196, 1021968158, 3181, 1021055205]
[INFO] (lattice_cell.c: 455): on tick 44 of 50
[INFO] (lattice_cell.c: 172): the unmatched_packets is 56
[2920, 1038787144, 2664, 1038787210, 2936, 1038790413, 3192, 1038790403, 2680, 1038790441, 2672, 1038788887, 3184, 1038788716, 2921, 1038302503, 3176, 1038787077, 2665, 1038306575, 2937, 1038308362, 3193, 1038304699, 2673, 1038311759, 3185, 1038304022, 2922, 1037877206, 2938, 1037874473, 2923, 1038331801, 2924, 1021944407, 2682, 1037874457, 2667, 1038327752, 3194, 1037874479, 2683, 1038329006, 2939, 1038333098, 2943, 1021999413, 2940, 1021982926, 2925, 1021152853, 2677, 1021126486, 2941, 1021100544, 2926, 1021104847, 2942, 1021128601, 3180, 1021941044, 2927, 1022038663, 3190, 1021104168, 3178, 1037877257, 3195, 1038336741, 3187, 1038337762, 3188, 1021956329, 3189, 1021119438, 3181, 1021149527, 3198, 1021131949, 3182, 1021108247, 3191, 1022030784, 3199, 1022002900, 3183, 1022042095, 2681, 1038312449, 3186, 1037876004, 2666, 1037877134, 2674, 1037875856, 2675, 1038330076, 3177, 1038298895, 2668, 1021948228, 3197, 1021097185, 2676, 1021963515, 2684, 1021986785, 2669, 1021156555, 2685, 1021104246, 2670, 1021101061, 2678, 1021097074, 2686, 1021124898, 2671, 1022034814, 2679, 1022023320, 2687, 1021995489, 3179, 1038335412, 3196, 1021979519]
[INFO] (lattice_cell.c: 455): on tick 45 of 50
[INFO] (lattice_cell.c: 172): the unmatched_packets is 56
[2920, 1038746251, 3192, 1038770412, 2664, 1038746279, 2936, 1038770412, 2680, 1038770416, 2921, 1038315645, 2937, 1038314705, 3184, 1038755990, 3176, 1038746231, 2665, 1038319489, 2681, 1038318560, 2923, 1038339152, 2939, 1038335209, 3185, 1038314763, 2940, 1022018519, 2682, 1037883886, 3177, 1038312219, 2942, 1021117730, 2683, 1038331345, 2927, 1021983960, 2922, 1037906636, 2668, 1022065704, 2684, 1022022599, 2938, 1037883900, 2676, 1022020210, 2669, 1021007975, 2685, 1021066005, 2924, 1022061675, 3187, 1038341767, 2925, 1021003630, 2941, 1021061658, 3197, 1021057643, 2926, 1021151921, 2679, 1022017135, 2943, 1022022179, 3179, 1038342592, 3196, 1022014989, 3180, 1022058234, 3189, 1021041187, 3181, 1020999608, 3198, 1021121765, 3190, 1021115905, 3199, 1022025620, 2672, 1038755974, 3193, 1038311250, 3194, 1037883922, 2673, 1038322077, 2666, 1037906567, 3178, 1037906706, 2674, 1037897536, 2667, 1038335304, 3195, 1038338675, 2675, 1038334460, 3186, 1037897599, 3188, 1022012507, 2677, 1021049402, 2670, 1021147512, 2686, 1021113385, 2678, 1021107365, 2671, 1021980155, 2687, 1022018152, 3182, 1021155990, 3191, 1022024300, 3183, 1021987187]
[INFO] (lattice_cell.c: 455): on tick 46 of 50
[INFO] (lattice_cell.c: 172): the unmatched_packets is 56
[2920, 1038818326, 2664, 1038818385, 2936, 1038787679, 3192, 1038787637, 2680, 1038787733, 2672, 1038802587, 3184, 1038802560, 2921, 1038303493, 2937, 1038304286, 2922, 1037847168, 2665, 1038307594, 2938, 1037876825, 2924, 1021864030, 2674, 1037862344, 2682, 1037876797, 2667, 1038330441, 2923, 1038334527, 2925, 1021227419, 2941, 1021142355, 2926, 1021110002, 2942, 1021098721, 2675, 1038331855, 2927, 1022021256, 2676, 1021916103, 2684, 1021963110, 2669, 1021230932, 2685, 1021146107, 2670, 1021106274, 2678, 1021104714, 2671, 1022017494, 2939, 1038332568, 2687, 1022026635, 2943, 1022030350, 2940, 1021959411, 3177, 1038299851, 3194, 1037876861, 3178, 1037847205, 3195, 1038336267, 3179, 1038338152, 3196, 1021956174, 3180, 1021860685, 3182, 1021113371, 3199, 1022033631, 3183, 1022024592, 3176, 1038818288, 3193, 1038300600, 3185, 1038300924, 2673, 1038308697, 2681, 1038308405, 2666, 1037847118, 3186, 1037862350, 2683, 1038328441, 2668, 1021867848, 3187, 1038339644, 2677, 1021184699, 3189, 1021177716, 2686, 1021094963, 2679, 1022008524, 3190, 1021111858, 3191, 1022015562, 3188, 1021909026, 3197, 1021138943, 3181, 1021224239, 3198, 1021102144]
[INFO] (lattice_cell.c: 455): on tick 47 of 50
[INFO] (lattice_cell.c: 172): the unmatched_packets is 56
[2920, 1038749852, 2664, 1038749934, 2936, 1038742792, 3192, 1038742779, 2680, 1038742813, 2672, 1038744827, 3184, 1038744736, 2921, 1038312666, 3176, 1038749789, 2665, 1038316479, 2937, 1038317845, 3193, 1038314390, 2681, 1038321685, 2673, 1038320762, 3177, 1038309258, 3185, 1038313489, 2922, 1037903925, 2666, 1037903807, 2938, 1037910199, 2682, 1037910163, 2674, 1037908497, 3194, 1037910239, 3186, 1037908644, 2923, 1038337153, 2939, 1038337951, 2667, 1038333330, 2924, 1022112162, 2940, 1022035571, 2675, 1038335014, 2925, 1020966822, 2926, 1021111338, 3195, 1038341371, 2927, 1022033325, 3179, 1038340553, 2677, 1020972209, 2941, 1021032138, 2942, 1021116274, 2686, 1021111856, 2678, 1021134731, 2943, 1022012685, 2687, 1022008588, 3180, 1022108613, 3197, 1021028150, 3181, 1020962723, 3198, 1021120352, 3182, 1021115378, 3190, 1021143129, 3191, 1021996090, 3183, 1022036742, 3178, 1037904032, 3196, 1022031948, 3188, 1022095083, 2683, 1038334111, 3187, 1038342260, 2668, 1022116261, 3189, 1020963679, 3199, 1022016246, 2684, 1022039744, 2676, 1022102687, 2669, 1020971299, 2685, 1021036452, 2670, 1021106898, 2671, 1022029344, 2679, 1021988435]
[INFO] (lattice_cell.c: 455): on tick 48 of 50
[INFO] (lattice_cell.c: 172): the unmatched_packets is 56
[2920, 1038780706, 2664, 1038780742, 2936, 1038823399, 3192, 1038823424, 2680, 1038823381, 2672, 1038812180, 3184, 1038812149, 3176, 1038780680, 2921, 1038305660, 2665, 1038309799, 2937, 1038305024, 3193, 1038301330, 2681, 1038309163, 2673, 1038312086, 2922, 1037882966, 2938, 1037842273, 2923, 1038334712, 2666, 1037882925, 3177, 1038301973, 2939, 1038328140, 2924, 1021911866, 2674, 1037852927, 3194, 1037842243, 2925, 1021171720, 2682, 1037842295, 2667, 1038330609, 2942, 1021151217, 2675, 1038328897, 2668, 1021915617, 2927, 1022016056, 2943, 1021994429, 2676, 1021864407, 2940, 1021884960, 3187, 1038336725, 2941, 1021211235, 2926, 1021116118, 3180, 1021908641, 3197, 1021207894, 3190, 1021114624, 3199, 1021997573, 3191, 1022023127, 3195, 1038331856, 2683, 1038323986, 3185, 1038304252, 2684, 1021888707, 2669, 1021175205, 3186, 1037852944, 2677, 1021223311, 2685, 1021214876, 2670, 1021112289, 3189, 1021216562, 2678, 1021107469, 3198, 1021154665, 2686, 1021147463, 2671, 1022012523, 2679, 1022016331, 2687, 1021990812, 3181, 1021168575, 3182, 1021119588, 3183, 1022019111, 3178, 1037882996, 3188, 1021857324, 3179, 1038338379, 3196, 1021881694]
[INFO] (lattice_cell.c: 455): on tick 49 of 50
[INFO] (lattice_cell.c: 172): the unmatched_packets is 56
[2920, 1038777950, 2664, 1038777996, 2936, 1038732457, 3192, 1038732403, 2672, 1038750761, 3176, 1038777918, 3184, 1038750634, 2680, 1038732508, 2921, 1038312111, 2665, 1038315908, 2937, 1038314585, 3193, 1038311141, 2681, 1038318421, 2673, 1038318758, 3185, 1038311524, 3177, 1038308726, 2922, 1037876237, 2938, 1037921022, 2923, 1038339632, 2666, 1037876171, 2924, 1021985634, 2940, 1022112488, 2674, 1037903033, 2939, 1038340830, 2667, 1038335832, 3186, 1037903205, 2926, 1021116628, 2942, 1021064857, 2675, 1038339016, 2683, 1038336988, 2668, 1021989861, 2943, 1022053643, 3195, 1038344270, 2684, 1022116602, 2669, 1021097883, 2925, 1021093502, 2685, 1020974175, 2941, 1020969686, 2670, 1021112268, 3196, 1022108882, 2686, 1021060540, 2679, 1022039340, 2671, 1022011885, 2927, 1022016031, 3188, 1022063066, 3180, 1021981954, 3197, 1020965583, 3189, 1021004725, 3194, 1037921083, 3198, 1021068815, 3190, 1021075549, 3199, 1022057349, 3183, 1022019603, 2682, 1037920967, 3187, 1038346263, 3178, 1037876309, 3179, 1038343026, 2676, 1022070876, 2677, 1021013288, 3181, 1021089503, 2678, 1021067140, 2687, 1022049415, 3191, 1022047161, 3182, 1021120613]
[INFO] (lattice_cell.c: 455): on tick 50 of 50
[INFO] (lattice_cell.c: 466): updating recording regions
[INFO] (recording.c: 507): 	Finalising channel 0 - state info stored in SDRAM
[INFO] (recording.c: 512): closed channel 0.
[INFO] (lattice_cell.c: 470): Simulation complete.

