[INFO] (lattice_cell.c: 604): starting lattice cell
[INFO] (lattice_cell.c: 526): Initialise: started
[INFO] (data_specification.c: 78): magic = ad130ad6, version = 1.0
[INFO] (lattice_cell.c: 555): my key is 4112
[INFO] (lattice_cell.c: 562): I'm in position ( 16, 2)
[INFO] (lattice_cell.c: 568): my n key is 3856
[INFO] (lattice_cell.c: 574): my U_X = -0.009999739937484264
[INFO] (lattice_cell.c: 575): my U_Y = -0.0005000000237487257
[INFO] (lattice_cell.c: 583): input_buffer initialised
[INFO] (recording.c: 563): Recording 1 regions, using output tag 0, size before trigger 7686388, time between triggers 50
[INFO] (recording.c: 665): Recording channel 0 configured to use 7686132 byte memory block starting at 0x618416e8
[INFO] (lattice_cell.c: 588): Recording flags = 0x00000001
[INFO] (lattice_cell.c: 619): setting timer to execute every 200000 microseconds
[INFO] (lattice_cell.c: 627): Starting

[INFO] (simulation.c: 159): Setting the runtime of this model to 50 starting at 0
[INFO] (simulation.c: 161): Setting the flag of infinite run for this model to 0
[INFO] (simulation.c: 175): Resuming
[INFO] (lattice_cell.c: 455): on tick 0 of 50
[4104, 1037884795, 4120, 1037884865, 4360, 1037884797, 4376, 1037884871, 4368, 1037884809, 3864, 1037884871, 3848, 1037884797, 3856, 1037884809, 4105, 1038296438, 4121, 1038296438, 4361, 1038296868, 4377, 1038296874, 4106, 1038779577, 4122, 1038779499, 4378, 1038779505, 4107, 1038341178, 4123, 1038341178, 3865, 1038296874, 4370, 1038779571, 4125, 1021978606, 4126, 1022026027, 4111, 1021128642, 4108, 1021086585, 4124, 1021086653, 4109, 1021978684, 4374, 1022025642, 4367, 1021128236, 4110, 1022026107, 3859, 1038340752, 4127, 1021128712, 3850, 1038779577, 3867, 1038340752, 3860, 1021087000, 3852, 1021086987, 4369, 1038296872, 4362, 1038779577, 3851, 1038340748, 3849, 1038296868, 3861, 1021979132, 3853, 1021979140, 3868, 1021087061, 4363, 1038340748, 3870, 1022025577, 3862, 1022025642, 4379, 1038340752, 3854, 1022025649, 4371, 1038340752, 3869, 1021979066, 4380, 1021087061, 3863, 1021128250, 4364, 1021086987, 4372, 1021087000, 4381, 1021979066, 3871, 1021128312, 3855, 1021128236, 3858, 1038779571, 4365, 1021979140, 4373, 1021979132, 3857, 1038296872, 4382, 1022025577, 4366, 1022025649, 4383, 1021128312, 4375, 1021128250, 3866, 1038779505]
[INFO] (lattice_cell.c: 455): on tick 1 of 50
[INFO] (lattice_cell.c: 172): the unmatched_packets is 56
[4120, 1037880043, 4376, 1037880049, 4104, 1037879861, 3864, 1037880049, 4360, 1037879863, 4368, 1037879889, 3856, 1037879891, 3848, 1037879863, 4121, 1038305153, 4377, 1038305605, 4105, 1038305147, 3865, 1038305539, 4361, 1038305605, 3849, 1038305537, 4369, 1038305607, 4122, 1038774441, 4378, 1038774447, 4106, 1038774635, 4370, 1038774617, 4123, 1038349308, 4107, 1038349316, 4124, 1021080401, 4108, 1021080154, 4125, 1021974631, 4126, 1022020195, 4364, 1021081413, 4372, 1021081449, 4365, 1021974459, 4109, 1021974888, 4110, 1022019958, 4127, 1021124920, 4111, 1021125128, 3855, 1021125540, 3858, 1038774615, 4362, 1038774639, 3850, 1038774639, 3857, 1038305539, 3859, 1038348924, 3867, 1038348912, 4379, 1038348844, 4363, 1038348856, 4371, 1038348856, 3860, 1021079790, 3868, 1021080007, 4380, 1021081667, 3866, 1038774445, 4381, 1021974204, 4373, 1021974424, 4382, 1022020632, 3852, 1021079756, 3861, 1021976152, 4366, 1022020408, 3869, 1021975932, 3853, 1021976186, 3862, 1022018699, 3870, 1022018895, 4374, 1022020435, 3854, 1022018665, 3863, 1021125510, 4383, 1021123657, 3871, 1021125328, 4375, 1021123840, 4367, 1021123866, 3851, 1038348924]
[INFO] (lattice_cell.c: 455): on tick 2 of 50
[INFO] (lattice_cell.c: 172): the unmatched_packets is 56
[4120, 1037884827, 4376, 1037884829, 4104, 1037885221, 3864, 1037884825, 4360, 1037885223, 4368, 1037885173, 3856, 1037885169, 3848, 1037885225, 4121, 1038296622, 4377, 1038297060, 4105, 1038296622, 4361, 1038297054, 3865, 1038297050, 3857, 1038297054, 4369, 1038297058, 4378, 1038780432, 4122, 1038780428, 4106, 1038780027, 3849, 1038297052, 4370, 1038780085, 4123, 1038341956, 4107, 1038341918, 4379, 1038341516, 4109, 1021979726, 4371, 1038341482, 4380, 1021087776, 4127, 1021129696, 4124, 1021087304, 4373, 1021980238, 4366, 1022025433, 4125, 1021979988, 4375, 1021128253, 4126, 1022024608, 4110, 1022025907, 4111, 1021128568, 4108, 1021087542, 3861, 1021980182, 4362, 1038780029, 3859, 1038341480, 3851, 1038341476, 3868, 1021087617, 3858, 1038780081, 3850, 1038780027, 3860, 1021087827, 3852, 1021087863, 3869, 1021980405, 4363, 1038341474, 4364, 1021088012, 4372, 1021087980, 3853, 1021980149, 3870, 1022024183, 4381, 1021980464, 3862, 1022025313, 3854, 1022025493, 4365, 1021980196, 4382, 1022024132, 3866, 1038780426, 4374, 1022025261, 3867, 1038341510, 4383, 1021129226, 4367, 1021128108, 3871, 1021129363, 3863, 1021128397, 3855, 1021128254]
[INFO] (lattice_cell.c: 455): on tick 3 of 50
[INFO] (lattice_cell.c: 172): the unmatched_packets is 56
[4120, 1037882351, 4376, 1037882359, 4104, 1037879973, 4360, 1037879977, 3864, 1037882351, 3856, 1037880295, 4368, 1037880301, 3848, 1037879967, 4121, 1038305491, 4105, 1038305449, 4377, 1038305975, 3865, 1038305847, 4361, 1038305933, 4369, 1038305939, 4122, 1038772162, 4106, 1038774637, 4378, 1038772156, 4123, 1038348828, 4107, 1038349081, 4124, 1021081846, 4108, 1021079801, 4379, 1038348342, 4125, 1021972190, 3849, 1038305799, 4127, 1021120332, 4109, 1021974275, 4110, 1022020804, 4126, 1022026982, 4383, 1021119115, 4367, 1021124314, 4111, 1021125531, 3860, 1021079753, 3862, 1022020353, 3863, 1021125151, 3855, 1021125855, 3857, 1038305807, 3867, 1038348478, 3858, 1038774303, 3866, 1038772162, 3851, 1038348726, 3859, 1038348696, 3861, 1021975271, 3853, 1021975559, 4362, 1038774639, 4370, 1038774299, 3854, 1022019515, 4363, 1038348599, 3871, 1021120667, 4371, 1038348563, 4380, 1021083061, 4364, 1021081012, 3868, 1021081528, 4372, 1021081291, 3852, 1021079462, 4381, 1021971798, 4365, 1021973893, 4373, 1021973599, 3870, 1022025698, 4382, 1022027371, 4374, 1022022042, 4366, 1022021195, 4375, 1021123609, 3850, 1038774641, 3869, 1021973470]
[INFO] (lattice_cell.c: 455): on tick 4 of 50
[INFO] (lattice_cell.c: 172): the unmatched_packets is 56
[4120, 1037875177, 4104, 1037884947, 4376, 1037875177, 3864, 1037875169, 3856, 1037883469, 4360, 1037884951, 3848, 1037884951, 4121, 1038296332, 4105, 1038296400, 4377, 1038296776, 4106, 1038780315, 4122, 1038790406, 4378, 1038790408, 4108, 1021087735, 4125, 1021988568, 3857, 1038296820, 4111, 1021128730, 4380, 1021080649, 4109, 1021980554, 4110, 1022024562, 4126, 1021997258, 4127, 1021151512, 4107, 1038342208, 4123, 1038343274, 4124, 1021080071, 3863, 1021131846, 3855, 1021128521, 3849, 1038296828, 3866, 1038790412, 3858, 1038781841, 3850, 1038780313, 3859, 1038341973, 4368, 1037883475, 4361, 1038296836, 4369, 1038296830, 4362, 1038780307, 4370, 1038781839, 4379, 1038342820, 4363, 1038341760, 3868, 1021080265, 4371, 1038341957, 4364, 1021088318, 4372, 1021087111, 4365, 1021980980, 4381, 1021989016, 4373, 1021982249, 3851, 1038341771, 4366, 1022024114, 3869, 1021988989, 4382, 1021996824, 3852, 1021087944, 3870, 1021996820, 3865, 1038296766, 4367, 1021128157, 4375, 1021131487, 4383, 1021150965, 4374, 1022019979, 3860, 1021086734, 3861, 1021982233, 3867, 1038342847, 3871, 1021151290, 3854, 1022024140, 3853, 1021980975, 3862, 1022020009]
[INFO] (lattice_cell.c: 455): on tick 5 of 50
[INFO] (lattice_cell.c: 172): the unmatched_packets is 56
[4120, 1037908973, 4376, 1037908979, 4104, 1037881294, 3864, 1037908975, 4360, 1037881290, 3848, 1037881288, 3856, 1037887656, 4121, 1038306097, 4377, 1038306608, 4368, 1037887660, 4105, 1038305663, 3865, 1038306421, 4361, 1038306173, 4369, 1038306261, 3849, 1038305979, 4122, 1038744537, 4106, 1038773278, 4378, 1038744539, 3866, 1038744539, 4362, 1038773284, 4370, 1038766655, 4123, 1038347498, 4107, 1038348638, 4124, 1021100080, 4363, 1038348130, 4125, 1021952744, 4109, 1021972691, 4380, 1021101216, 4110, 1022025015, 4372, 1021086792, 4373, 1021967031, 4126, 1022104990, 4375, 1021107446, 4108, 1021080477, 4127, 1021047683, 4111, 1021123155, 3852, 1021080243, 3854, 1022023815, 4379, 1038347020, 3858, 1038766667, 3850, 1038773286, 4371, 1038347271, 3859, 1038347447, 3851, 1038348314, 4364, 1021081598, 3868, 1021099855, 4381, 1021952438, 4365, 1021972383, 4382, 1022105228, 4366, 1022025330, 4374, 1022043306, 3860, 1021085430, 3867, 1038347150, 3869, 1021953970, 4383, 1021046506, 4367, 1021122032, 3861, 1021968551, 3853, 1021973912, 3870, 1022103821, 3863, 1021108857, 3855, 1021123390, 3857, 1038306073, 3862, 1022041796, 3871, 1021047985]
[INFO] (lattice_cell.c: 455): on tick 6 of 50
[INFO] (lattice_cell.c: 172): the unmatched_packets is 56
[4120, 1037841513, 4376, 1037841517, 4104, 1037879178, 3864, 1037841521, 4360, 1037879182, 3856, 1037861654, 4368, 1037861658, 3848, 1037879180, 4121, 1038295855, 4377, 1038296313, 4105, 1038296207, 3865, 1038296283, 4361, 1038296665, 4369, 1038296456, 3857, 1038296436, 4122, 1038824891, 4106, 1038786278, 4123, 1038341808, 4378, 1038824893, 4362, 1038786272, 4107, 1038343384, 4125, 1022002146, 4109, 1021985311, 4126, 1021870960, 4110, 1022007911, 4127, 1021282006, 4111, 1021140507, 4373, 1021998637, 4108, 1021083793, 4124, 1021067448, 3862, 1021957062, 3866, 1038824895, 3850, 1038786282, 3867, 1038341444, 3859, 1038343075, 4370, 1038804394, 4379, 1038341286, 4371, 1038342985, 3860, 1021071417, 4363, 1038342920, 3851, 1038342952, 3869, 1022002603, 4380, 1021068143, 3861, 1021998731, 4364, 1021084503, 4372, 1021072075, 3852, 1021083858, 3849, 1038296641, 3870, 1021870354, 3871, 1021281788, 4381, 1022002516, 4365, 1021985671, 4382, 1021870717, 4374, 1021957269, 4366, 1022007547, 4375, 1021189466, 4383, 1021281439, 4367, 1021139833, 3853, 1021985780, 3855, 1021140434, 3858, 1038804402, 3863, 1021189974, 3854, 1022007432, 3868, 1021067488]
[INFO] (lattice_cell.c: 455): on tick 7 of 50
[INFO] (lattice_cell.c: 172): the unmatched_packets is 56
[4120, 1037909497, 4376, 1037909507, 4104, 1037899598, 4360, 1037899600, 3864, 1037909488, 3856, 1037920996, 4368, 1037921006, 3848, 1037899594, 4121, 1038306542, 4377, 1038307064, 4105, 1038305802, 4361, 1038306340, 4369, 1038306883, 3865, 1038306844, 3857, 1038306645, 4378, 1038744543, 4122, 1038744539, 4106, 1038754317, 4362, 1038754315, 4370, 1038732263, 4123, 1038347396, 4107, 1038347682, 4108, 1021091753, 4125, 1021971176, 4109, 1021961264, 4363, 1038347182, 4111, 1021077648, 4124, 1021082738, 4366, 1022074698, 4126, 1022189919, 4110, 1022074573, 4127, 1020963626, 3861, 1021952150, 3870, 1022188984, 3863, 1020989906, 3855, 1021077818, 3850, 1038754327, 3867, 1038347000, 3859, 1038348850, 3851, 1038347362, 3868, 1021082631, 3852, 1021091627, 3869, 1021972299, 4379, 1038346959, 3853, 1021962375, 3862, 1022155821, 4371, 1038348752, 3854, 1022073522, 3871, 1020963936, 4380, 1021083735, 4372, 1021102529, 3866, 1038744535, 4364, 1021092758, 4381, 1021970974, 3858, 1038732269, 4365, 1021961086, 4373, 1021950843, 3849, 1038306100, 4382, 1022189899, 4374, 1022156853, 4383, 1020962420, 4375, 1020988501, 4367, 1021076569, 3860, 1021101381]
[INFO] (lattice_cell.c: 455): on tick 8 of 50
[INFO] (lattice_cell.c: 172): the unmatched_packets is 56
[4120, 1037886424, 4376, 1037886415, 4104, 1037844834, 3864, 1037886434, 4360, 1037844842, 4368, 1037848568, 3856, 1037848564, 3848, 1037844834, 4121, 1038296549, 4105, 1038296688, 4377, 1038297027, 4361, 1038297152, 3865, 1038296960, 4369, 1038296430, 3857, 1038296375, 3849, 1038297104, 4378, 1038777849, 4122, 1038777867, 4106, 1038821709, 4123, 1038342406, 4107, 1038341696, 4370, 1038817328, 3866, 1038777879, 4110, 1021911080, 4127, 1021204902, 4365, 1021993180, 4108, 1021073225, 4109, 1021992925, 4125, 1021972095, 4367, 1021242494, 4126, 1021944226, 4111, 1021243209, 4124, 1021097568, 3870, 1021943477, 3862, 1021850785, 3871, 1021204778, 3863, 1021294049, 3858, 1038817340, 3859, 1038343207, 3851, 1038341334, 4362, 1038821705, 3868, 1021097453, 3869, 1021972643, 4379, 1038341835, 4363, 1038341158, 3852, 1021073144, 4371, 1038342954, 3861, 1021988807, 4380, 1021098434, 4364, 1021074060, 4372, 1021081093, 3853, 1021993499, 3855, 1021243168, 4381, 1021972386, 4373, 1021988529, 3867, 1038342082, 4382, 1021944147, 4374, 1021851458, 4366, 1021910917, 3850, 1038821709, 3860, 1021080144, 4375, 1021293507, 4383, 1021204237, 3854, 1021910396]
[INFO] (lattice_cell.c: 455): on tick 9 of 50
[INFO] (lattice_cell.c: 172): the unmatched_packets is 56
[4120, 1037870900, 4376, 1037870918, 4104, 1037931663, 3864, 1037870882, 4360, 1037931661, 4368, 1037889391, 3856, 1037889375, 3848, 1037931659, 4121, 1038305900, 4105, 1038305607, 4377, 1038306424, 4361, 1038306129, 4369, 1038305767, 3865, 1038306187, 4122, 1038783792, 4106, 1038721508, 4378, 1038783802, 4123, 1038348289, 4107, 1038347574, 4110, 1022182634, 4372, 1021068461, 4127, 1021139934, 4381, 1021973339, 4365, 1021992565, 4108, 1021063504, 4124, 1021080104, 4125, 1021973393, 4109, 1021992558, 4126, 1022008046, 4111, 1020971351, 3868, 1021080124, 3870, 1022007263, 3871, 1021140125, 3850, 1038721518, 3867, 1038347923, 3851, 1038347206, 3860, 1021067564, 3866, 1038783776, 4362, 1038721504, 3857, 1038305508, 3849, 1038305899, 3852, 1021063461, 4370, 1038765528, 4379, 1038347834, 3858, 1038765522, 4363, 1038347125, 3869, 1021974402, 4371, 1038347565, 3853, 1021993501, 4380, 1021080989, 3862, 1022128944, 4364, 1021064451, 3854, 1022181855, 3863, 1021022029, 3859, 1038347626, 4373, 1021989561, 3855, 1020971538, 4382, 1022007880, 4374, 1022129543, 4366, 1022182471, 3861, 1021990599, 4383, 1021138862, 4375, 1021020725, 4367, 1020970243]
[INFO] (lattice_cell.c: 455): on tick 10 of 50
[INFO] (lattice_cell.c: 172): the unmatched_packets is 56
[4120, 1037879367, 4376, 1037879358, 4104, 1037841420, 4360, 1037841428, 3864, 1037879369, 4368, 1037886875, 3848, 1037841420, 3856, 1037886881, 4121, 1038297749, 4377, 1038298247, 4105, 1038294951, 3865, 1038298154, 4361, 1038295493, 4369, 1038297909, 3857, 1038297767, 4378, 1038786132, 4122, 1038786144, 4106, 1038824555, 3849, 1038295295, 4123, 1038341327, 4107, 1038342830, 4362, 1038824535, 4370, 1038777865, 4379, 1038340757, 4110, 1021908083, 4111, 1021239494, 4124, 1021086312, 3859, 1038341968, 4109, 1021895479, 4374, 1022026236, 4126, 1022044996, 4127, 1021108102, 4108, 1021177220, 4125, 1021981385, 3853, 1021896266, 3854, 1021907203, 3863, 1021124287, 3858, 1038777883, 3866, 1038786162, 3868, 1021086063, 4363, 1038342237, 4371, 1038341707, 3851, 1038342532, 3860, 1021115658, 4380, 1021087311, 3861, 1021952093, 4364, 1021178103, 3870, 1022044134, 3862, 1022025341, 4372, 1021116835, 3871, 1021108146, 4381, 1021981535, 3855, 1021239523, 4365, 1021895535, 4373, 1021951508, 4382, 1022045023, 3850, 1038824555, 4366, 1021908158, 3867, 1038341007, 4383, 1021107297, 4375, 1021123429, 4367, 1021238705, 3869, 1021982045, 3852, 1021177077]
[INFO] (lattice_cell.c: 455): on tick 11 of 50
[INFO] (lattice_cell.c: 172): the unmatched_packets is 56
[4120, 1037892421, 4104, 1037910849, 4376, 1037892433, 3856, 1037902267, 4368, 1037902289, 4121, 1038305930, 3864, 1037892405, 4105, 1038304758, 3848, 1037910831, 4122, 1038761393, 4123, 1038347649, 4107, 1038348775, 4369, 1038307608, 4362, 1038743317, 4106, 1038743301, 4124, 1021059931, 4366, 1022032976, 4108, 1020928676, 4125, 1021997139, 4109, 1022129005, 4126, 1022031522, 4110, 1022033289, 4127, 1021117502, 4111, 1021117071, 4360, 1037910853, 3849, 1038305114, 3858, 1038751076, 3866, 1038761377, 3850, 1038743301, 3860, 1021014781, 3868, 1021060013, 3851, 1038348429, 3857, 1038307406, 3861, 1022033987, 3869, 1021997933, 4377, 1038306460, 3852, 1020928617, 4361, 1038305224, 3853, 1022129677, 4378, 1038761400, 3863, 1021169682, 3855, 1021117150, 4370, 1038751094, 3859, 1038349069, 4379, 1038347169, 3865, 1038306223, 3867, 1038347297, 4363, 1038348304, 4371, 1038348933, 4380, 1021060733, 4364, 1020929659, 4372, 1021015656, 4381, 1021997259, 4365, 1022129277, 4373, 1022033442, 4382, 1022031223, 4374, 1021974889, 3870, 1022030889, 4375, 1021168667, 3871, 1021117569, 4383, 1021116531, 3854, 1022032659, 4367, 1021116115, 3862, 1021974552]
[INFO] (lattice_cell.c: 455): on tick 12 of 50
[INFO] (lattice_cell.c: 172): the unmatched_packets is 56
[4120, 1037869906, 4376, 1037869902, 4104, 1037861437, 3864, 1037869908, 4360, 1037861439, 3856, 1037839525, 3848, 1037861443, 4121, 1038295793, 3865, 1038296135, 4105, 1038297647, 3857, 1038297714, 4377, 1038296337, 3849, 1038297917, 4361, 1038298257, 4122, 1038795126, 4106, 1038804130, 4123, 1038341319, 4107, 1038341071, 3866, 1038795145, 4124, 1021151218, 4108, 1021241212, 4379, 1038340734, 4126, 1022030368, 4381, 1021924360, 4365, 1021823524, 4382, 1022030506, 3869, 1021925294, 4375, 1021111219, 4125, 1021924412, 4109, 1021823698, 4110, 1022063225, 4127, 1021121668, 4111, 1021090691, 3862, 1022036758, 3858, 1038827138, 3850, 1038804144, 3867, 1038341009, 3851, 1038340769, 3868, 1021150903, 3861, 1021850681, 3870, 1022029396, 3854, 1022062262, 3871, 1021121867, 3863, 1021112372, 3855, 1021090935, 3859, 1038341689, 3860, 1021215871, 4368, 1037839515, 4369, 1038297996, 4378, 1038795110, 4362, 1038804122, 4370, 1038827112, 4363, 1038340495, 4371, 1038341425, 4380, 1021152264, 4364, 1021242150, 3852, 1021241029, 4372, 1021217071, 4373, 1021849601, 3853, 1021824690, 4366, 1022063347, 4374, 1022037863, 4383, 1021120710, 4367, 1021089740]
[INFO] (lattice_cell.c: 455): on tick 13 of 50
[INFO] (lattice_cell.c: 172): the unmatched_packets is 56
[4120, 1037912695, 4376, 1037912703, 4104, 1037889342, 3864, 1037912675, 4360, 1037889354, 3856, 1037913800, 4368, 1037913824, 3848, 1037889340, 4121, 1038305734, 4377, 1038306226, 4105, 1038305092, 4361, 1038305570, 3865, 1038306076, 4369, 1038305627, 3857, 1038305505, 3849, 1038305432, 4122, 1038740574, 4378, 1038740582, 4106, 1038765138, 4362, 1038765134, 4123, 1038348221, 4107, 1038348434, 4124, 1020970681, 4108, 1021000466, 4110, 1022022583, 4380, 1020971490, 3866, 1038740564, 4111, 1021126927, 4365, 1022057357, 4381, 1022087429, 4125, 1022087053, 4109, 1022056896, 4374, 1022026956, 4375, 1021118702, 4126, 1021988875, 4127, 1021157741, 3861, 1022144458, 3863, 1021119478, 4370, 1038740187, 4379, 1038347722, 3858, 1038740177, 3867, 1038347897, 4371, 1038348480, 4364, 1021001343, 3868, 1020970768, 4372, 1020916671, 3860, 1020915814, 4373, 1022144408, 3850, 1038765134, 3869, 1022087593, 3852, 1021000496, 4382, 1021988448, 4366, 1022022177, 3870, 1021988364, 4383, 1021156895, 4367, 1021126078, 3851, 1038348118, 3862, 1022026911, 3871, 1021157666, 3854, 1022022052, 3855, 1021126836, 3859, 1038348665, 4363, 1038347930, 3853, 1022057414]
[INFO] (lattice_cell.c: 455): on tick 14 of 50
[INFO] (lattice_cell.c: 172): the unmatched_packets is 56
[4120, 1037843256, 4104, 1037894394, 4376, 1037843248, 3864, 1037843249, 3848, 1037894400, 4360, 1037894408, 3856, 1037879840, 4121, 1038298516, 4105, 1038295899, 3865, 1038298798, 4122, 1038822791, 4106, 1038770036, 3857, 1038298331, 4377, 1038299120, 4123, 1038340508, 3849, 1038296179, 4124, 1021244360, 4366, 1021999914, 4108, 1021082802, 4125, 1021821258, 4109, 1021987919, 4126, 1022039643, 4110, 1021999721, 3862, 1022025469, 3854, 1021998662, 4127, 1021112006, 4111, 1021153098, 3871, 1021112357, 4107, 1038342232, 3866, 1038822799, 3867, 1038340196, 3851, 1038341950, 3868, 1021244035, 3852, 1021082428, 3861, 1021869426, 3853, 1021988973, 3870, 1022038566, 3863, 1021124140, 3855, 1021153460, 3859, 1038341574, 3858, 1038784465, 3850, 1038770040, 3869, 1021822361, 4368, 1037879836, 4361, 1038296483, 4369, 1038298679, 4378, 1038822778, 4362, 1038770032, 3860, 1021196026, 4370, 1038784447, 4379, 1038339927, 4363, 1038341643, 4371, 1038341283, 4380, 1021245430, 4364, 1021083930, 4372, 1021197457, 4381, 1021821011, 4365, 1021987712, 4373, 1021868084, 4382, 1022039855, 4374, 1022026737, 4383, 1021110912, 4375, 1021122656, 4367, 1021151982]
[INFO] (lattice_cell.c: 455): on tick 15 of 50
[INFO] (lattice_cell.c: 172): the unmatched_packets is 56
[4120, 1037897595, 4376, 1037897614, 4104, 1037872461, 4360, 1037872463, 3864, 1037897585, 3848, 1037872449, 3856, 1037871175, 4368, 1037871193, 4121, 1038305401, 4377, 1038305893, 4105, 1038305710, 4369, 1038306951, 3857, 1038306741, 4122, 1038756721, 4378, 1038756717, 4106, 1038782217, 4361, 1038306245, 4370, 1038783634, 4362, 1038782219, 4123, 1038347869, 4107, 1038348285, 4124, 1020949401, 4108, 1021111124, 4379, 1038347347, 3849, 1038306006, 4363, 1038347738, 4109, 1021942882, 4111, 1021130915, 3858, 1038783636, 4125, 1022112906, 3850, 1038782225, 4383, 1021115330, 4126, 1022031729, 4110, 1022016373, 4127, 1021116051, 3865, 1038305745, 3867, 1038347566, 3859, 1038348352, 3851, 1038347969, 3868, 1020949526, 3860, 1021072256, 3869, 1022113276, 3861, 1021981658, 3870, 1022031332, 3853, 1021943299, 3862, 1022018179, 3866, 1038756708, 3871, 1021115869, 3854, 1022015981, 3863, 1021126167, 3855, 1021130737, 4371, 1038348121, 4380, 1020950147, 4364, 1021111825, 4372, 1021072812, 4381, 1022113434, 4365, 1021943367, 4373, 1021981747, 4382, 1022031228, 4366, 1022015870, 4374, 1022018090, 3852, 1021111291, 4375, 1021125624, 4367, 1021130185]
[INFO] (lattice_cell.c: 455): on tick 16 of 50
[INFO] (lattice_cell.c: 172): the unmatched_packets is 56
[4120, 1037895862, 4376, 1037895852, 4104, 1037877175, 4360, 1037877175, 4368, 1037889213, 3864, 1037895842, 4121, 1038297670, 4105, 1038296820, 4377, 1038298256, 4122, 1038767908, 4106, 1038788370, 4123, 1038340795, 4124, 1021125549, 4109, 1021978368, 3848, 1037877173, 4127, 1021133198, 4372, 1021053804, 4107, 1038341258, 4108, 1021091929, 4367, 1021110146, 4125, 1021944855, 4110, 1022043071, 4126, 1022019272, 4111, 1021111392, 3869, 1021945998, 3853, 1021979474, 3857, 1038297489, 3849, 1038297107, 3866, 1038767914, 3867, 1038340504, 3850, 1038788368, 3868, 1021125103, 3851, 1038340962, 3856, 1037889203, 3860, 1021052041, 3852, 1021091429, 3861, 1022017932, 3870, 1022018143, 3862, 1022017584, 3871, 1021133662, 3854, 1022041963, 3863, 1021132798, 3855, 1021111898, 4361, 1038297404, 3865, 1038297950, 4369, 1038297764, 4378, 1038767914, 4362, 1038788366, 4370, 1038775844, 4379, 1038340206, 4363, 1038340671, 4371, 1038341464, 4380, 1021126784, 4364, 1021093177, 4381, 1021944572, 3858, 1038775856, 4365, 1021978117, 4373, 1022016583, 4382, 1022019518, 4366, 1022043293, 3859, 1038341766, 4374, 1022018933, 4383, 1021131948, 4375, 1021131067]
[INFO] (lattice_cell.c: 455): on tick 17 of 50
[INFO] (lattice_cell.c: 172): the unmatched_packets is 56
[4120, 1037870517, 4376, 1037870527, 4104, 1037884733, 3864, 1037870505, 4360, 1037884727, 4368, 1037883855, 3856, 1037883843, 3848, 1037884725, 4121, 1038306518, 3865, 1038306806, 4377, 1038307073, 4105, 1038305066, 4361, 1038305635, 3857, 1038306620, 4369, 1038306917, 4122, 1038783842, 4106, 1038769642, 4378, 1038783840, 4370, 1038770249, 4123, 1038347519, 4107, 1038348734, 4108, 1021060369, 3849, 1038305338, 4124, 1021119092, 4371, 1038348322, 3866, 1038783840, 4110, 1022030312, 3858, 1038770260, 4127, 1021130113, 4372, 1021085878, 4365, 1021996935, 4125, 1021937574, 3850, 1038769644, 4382, 1022014052, 4109, 1021996380, 4366, 1022029767, 4126, 1022014616, 4111, 1021117716, 3853, 1021996710, 3859, 1038348604, 3860, 1021085501, 3852, 1021060615, 3869, 1021937938, 3861, 1021969391, 3870, 1022014257, 3862, 1022016398, 3854, 1022029983, 3871, 1021129846, 3863, 1021126699, 3855, 1021117451, 3867, 1038347219, 4362, 1038769634, 4379, 1038346974, 4363, 1038348161, 3868, 1021119367, 4380, 1021119700, 4364, 1021061008, 3851, 1038348455, 4381, 1021938093, 4373, 1021969583, 4374, 1022016148, 4383, 1021129505, 4375, 1021126311, 4367, 1021117076]
[INFO] (lattice_cell.c: 455): on tick 18 of 50
[INFO] (lattice_cell.c: 172): the unmatched_packets is 56
[4120, 1037879560, 4376, 1037879576, 4104, 1037892741, 3864, 1037879560, 4360, 1037892749, 3856, 1037881233, 3848, 1037892730, 4368, 1037881245, 4121, 1038297746, 4377, 1038298296, 4105, 1038296930, 3865, 1038298055, 4361, 1038297496, 3857, 1038298593, 4369, 1038298872, 3849, 1038297208, 4378, 1038785759, 4122, 1038785755, 4106, 1038771571, 4362, 1038771565, 4123, 1038340348, 4107, 1038341351, 4379, 1038339771, 4124, 1021069551, 4371, 1038340665, 4108, 1021085082, 4126, 1022026971, 4364, 1021086452, 4372, 1021109963, 4125, 1022002400, 4109, 1021984074, 4110, 1022015844, 4383, 1021124712, 4127, 1021126025, 4111, 1021138954, 3851, 1038341068, 4370, 1038783543, 3854, 1022014720, 3867, 1038340060, 3859, 1038340962, 3868, 1021068964, 3852, 1021084487, 3861, 1021959648, 3866, 1038785745, 3870, 1022025812, 3862, 1022028150, 3871, 1021126578, 3855, 1021139532, 3863, 1021122805, 3850, 1038771569, 3858, 1038783536, 4363, 1038340758, 4380, 1021070899, 4381, 1022002151, 4373, 1021958256, 4365, 1021983821, 4366, 1022016066, 4374, 1022029544, 4382, 1022027227, 3853, 1021985200, 4375, 1021120902, 4367, 1021137593, 3860, 1021108032, 3869, 1022003549]
[INFO] (lattice_cell.c: 455): on tick 19 of 50
[INFO] (lattice_cell.c: 172): the unmatched_packets is 56
[4120, 1037885358, 4376, 1037885364, 4104, 1037878079, 4360, 1037878078, 3864, 1037885347, 3856, 1037876931, 3848, 1037878061, 4368, 1037876938, 4377, 1038306492, 4121, 1038305903, 4105, 1038305115, 3865, 1038306165, 4361, 1038305719, 4369, 1038306583, 3857, 1038306229, 3849, 1038305356, 4378, 1038768754, 4122, 1038768760, 4106, 1038776355, 4362, 1038776346, 3866, 1038768758, 4123, 1038347792, 4107, 1038348730, 4124, 1021061674, 4108, 1021095765, 4371, 1038348356, 4380, 1021062222, 4126, 1022021800, 4111, 1021136093, 4381, 1021998985, 4373, 1021979067, 4109, 1021961014, 4110, 1022009116, 4127, 1021123428, 4125, 1021998443, 3869, 1021998762, 3853, 1021961319, 3870, 1022021498, 3862, 1022023807, 3858, 1038777705, 4370, 1038777693, 3859, 1038348683, 3851, 1038348476, 4379, 1038347212, 4363, 1038348127, 3868, 1021061984, 3852, 1021096068, 3860, 1021077667, 4364, 1021096336, 4372, 1021077937, 4365, 1021961557, 3861, 1021978822, 3850, 1038776363, 4382, 1022021241, 4366, 1022008561, 3854, 1022008830, 4374, 1022023555, 3871, 1021123123, 3855, 1021135806, 3863, 1021118784, 3867, 1038347513, 4383, 1021122826, 4375, 1021118501, 4367, 1021135514]
[INFO] (lattice_cell.c: 455): on tick 20 of 50
[INFO] (lattice_cell.c: 172): the unmatched_packets is 56
[4120, 1037888692, 4376, 1037888707, 4104, 1037877915, 4360, 1037877923, 3864, 1037888684, 3856, 1037888262, 3848, 1037877905, 4368, 1037888291, 4121, 1038298665, 4377, 1038299213, 4105, 1038297404, 4361, 1038297971, 4369, 1038298810, 3865, 1038298973, 4378, 1038775483, 4122, 1038775475, 4106, 1038787427, 4123, 1038340728, 4107, 1038340795, 3849, 1038297692, 4108, 1021094201, 4371, 1038340829, 4364, 1021095644, 4125, 1021968141, 4109, 1021973894, 4374, 1022022854, 3868, 1021101180, 4126, 1022023582, 4110, 1022030660, 3851, 1038340521, 4127, 1021126499, 4111, 1021124987, 4124, 1021101778, 3861, 1021995024, 3870, 1022022459, 3871, 1021127099, 4362, 1038787423, 4370, 1038776411, 4379, 1038340150, 4363, 1038340226, 3850, 1038787421, 3867, 1038340448, 3859, 1038341126, 4380, 1021103188, 4372, 1021074577, 4381, 1021967916, 4365, 1021973702, 4373, 1021993716, 4382, 1022023793, 4366, 1022030851, 3869, 1021969268, 3852, 1021093576, 3862, 1022021532, 4383, 1021125117, 4375, 1021127903, 4367, 1021123583, 3853, 1021975017, 3866, 1038775465, 3863, 1021129907, 3855, 1021125618, 3857, 1038298555, 3854, 1022029555, 3858, 1038776404, 3860, 1021072517]
[INFO] (lattice_cell.c: 455): on tick 21 of 50
[INFO] (lattice_cell.c: 172): the unmatched_packets is 56
[4120, 1037875922, 4104, 1037878718, 4376, 1037875924, 3864, 1037875922, 4121, 1038306010, 4105, 1038304713, 4377, 1038306632, 4106, 1038775872, 4122, 1038778417, 4107, 1038348865, 4124, 1021097318, 4108, 1021072059, 4370, 1038771208, 4109, 1021987074, 3848, 1037878714, 4126, 1022018787, 4380, 1021097829, 4111, 1021114958, 4123, 1038347140, 4382, 1022018274, 3850, 1038775882, 4125, 1021962974, 4110, 1022031318, 4127, 1021126504, 3854, 1022031008, 3855, 1021114675, 4360, 1037878720, 4368, 1037882886, 3858, 1038771220, 3867, 1038346878, 4361, 1038305353, 4369, 1038306602, 4378, 1038778417, 4362, 1038775864, 3852, 1021072359, 3853, 1021987396, 3862, 1022013208, 4379, 1038346536, 3871, 1021126209, 4371, 1038347650, 3865, 1038306259, 4363, 1038348227, 4372, 1021082188, 4364, 1021072620, 4381, 1021963468, 4373, 1021975934, 4365, 1021987599, 4374, 1022012983, 4366, 1022030798, 4375, 1021130626, 4383, 1021125954, 3856, 1037882882, 4367, 1021114391, 3857, 1038306181, 3849, 1038304940, 3866, 1038778421, 3851, 1038348632, 3860, 1021081937, 3861, 1021975765, 3868, 1021097626, 3863, 1021130912, 3859, 1038348030, 3869, 1021963333, 3870, 1022018461]
[INFO] (lattice_cell.c: 455): on tick 22 of 50
[INFO] (lattice_cell.c: 172): the unmatched_packets is 56
[4120, 1037884354, 4376, 1037884372, 4104, 1037890761, 4360, 1037890767, 3864, 1037884342, 4368, 1037883116, 3856, 1037883097, 3848, 1037890751, 4121, 1038298711, 4377, 1038299240, 4105, 1038297709, 4361, 1038298271, 3865, 1038299017, 3857, 1038299278, 3849, 1038297982, 4122, 1038780483, 4378, 1038780496, 4106, 1038773642, 4362, 1038773634, 4370, 1038781648, 3866, 1038780465, 4123, 1038338251, 4379, 1038337678, 4107, 1038341579, 4124, 1021083788, 4108, 1021079690, 4109, 1021987690, 4125, 1021985906, 4110, 1022027008, 4127, 1021125359, 3850, 1038773642, 4126, 1022034582, 4111, 1021126471, 3851, 1038341311, 3868, 1021083183, 3860, 1021097498, 3869, 1021986964, 3852, 1021079055, 3861, 1021968286, 3853, 1021988745, 3862, 1022022762, 3871, 1021125925, 3854, 1022025955, 3863, 1021127074, 3855, 1021127078, 3858, 1038781635, 3867, 1038337986, 4369, 1038299537, 4363, 1038340991, 4371, 1038340736, 4380, 1021085230, 4364, 1021081135, 4372, 1021099560, 4381, 1021985781, 3859, 1038341038, 4365, 1021987559, 4373, 1021967091, 4382, 1022034746, 4366, 1022027124, 3870, 1022033484, 4374, 1022023950, 4383, 1021123962, 4367, 1021125041, 4375, 1021125053]
[INFO] (lattice_cell.c: 455): on tick 23 of 50
[INFO] (lattice_cell.c: 172): the unmatched_packets is 56
[4120, 1037876126, 4376, 1037876130, 4104, 1037882995, 4360, 1037882997, 3864, 1037876116, 4368, 1037874684, 3848, 1037882989, 4121, 1038305596, 4377, 1038306234, 3865, 1038305825, 4105, 1038304415, 4361, 1038305085, 4369, 1038306337, 4122, 1038778248, 4106, 1038771116, 4123, 1038347402, 3857, 1038305884, 4107, 1038348500, 4124, 1021068344, 4109, 1021972046, 4363, 1038347839, 4380, 1021068899, 4365, 1021972493, 4108, 1021088242, 4125, 1021994486, 4366, 1022010920, 4367, 1021134049, 4126, 1022002380, 4110, 1022011384, 4127, 1021142166, 4111, 1021134644, 3853, 1021972432, 3863, 1021118657, 3855, 1021134411, 3866, 1038778245, 3858, 1038779985, 3850, 1038771126, 3867, 1038347130, 3859, 1038350295, 4378, 1038778250, 3851, 1038348288, 4362, 1038771116, 4370, 1038779965, 3852, 1021088458, 3861, 1021976055, 3862, 1022016138, 4379, 1038346798, 3856, 1037874683, 4371, 1038349897, 3871, 1021141986, 3854, 1022011044, 4372, 1021083457, 4364, 1021088845, 4373, 1021976126, 4381, 1021994893, 3849, 1038304625, 4374, 1022015998, 4382, 1022001857, 4375, 1021118256, 4383, 1021141536, 3868, 1021068619, 3860, 1021083127, 3870, 1022002042, 3869, 1021994880]
[INFO] (lattice_cell.c: 455): on tick 24 of 50
[INFO] (lattice_cell.c: 172): the unmatched_packets is 56
[4120, 1037902096, 4376, 1037902118, 4104, 1037882795, 4360, 1037882803, 4368, 1037890721, 3864, 1037902088, 3856, 1037890695, 3848, 1037882779, 4121, 1038299536, 4377, 1038300068, 4105, 1038298964, 3865, 1038299823, 4361, 1038299529, 4369, 1038299875, 3849, 1038299229, 4122, 1038761725, 3866, 1038761713, 4106, 1038782122, 4378, 1038761721, 4362, 1038782121, 4370, 1038773787, 3858, 1038773780, 4379, 1038340057, 4123, 1038340677, 4107, 1038339005, 4363, 1038338412, 4124, 1021100981, 4108, 1021094932, 4380, 1021102385, 4125, 1021967315, 3850, 1038782118, 4126, 1022064780, 4110, 1022027511, 4381, 1021967287, 4111, 1021134789, 3859, 1038341039, 4109, 1021967288, 4365, 1021967268, 4127, 1021084438, 4375, 1021108890, 3869, 1021968282, 3861, 1021984057, 3853, 1021968244, 4371, 1038340667, 3854, 1022026532, 3855, 1021135337, 3868, 1021100421, 4364, 1021096359, 3857, 1038299597, 3852, 1021094361, 4372, 1021082760, 3870, 1022063695, 3862, 1022040165, 4373, 1021983075, 4382, 1022064922, 3871, 1021084866, 3863, 1021110714, 4366, 1022027538, 3851, 1038338754, 4374, 1022041289, 3867, 1038340461, 4383, 1021083168, 4367, 1021133397, 3860, 1021080751]
[INFO] (lattice_cell.c: 455): on tick 25 of 50
[INFO] (lattice_cell.c: 172): the unmatched_packets is 56
[4120, 1037851933, 4376, 1037851949, 4104, 1037871138, 3864, 1037851911, 4360, 1037871138, 3856, 1037871244, 3848, 1037871128, 4368, 1037871252, 4121, 1038305246, 4377, 1038305900, 4105, 1038303668, 3865, 1038305480, 4361, 1038304353, 3857, 1038304743, 4369, 1038305221, 3849, 1038303860, 4122, 1038803171, 4106, 1038783732, 4378, 1038803189, 3866, 1038803163, 4362, 1038783728, 4370, 1038783252, 3858, 1038783257, 3850, 1038783735, 4123, 1038345608, 4107, 1038348509, 4379, 1038345020, 4371, 1038347212, 4124, 1021078904, 4108, 1021081192, 4125, 1021985022, 4364, 1021081873, 4380, 1021079492, 4372, 1021072603, 4127, 1021213884, 4381, 1021985333, 3867, 1038345311, 4365, 1021982955, 4109, 1021982601, 4110, 1022015143, 4375, 1021163058, 4367, 1021130359, 4383, 1021213108, 4111, 1021131088, 4126, 1021935635, 4363, 1038347859, 3870, 1021935282, 3859, 1038347566, 3851, 1038348275, 3868, 1021079078, 3860, 1021072104, 4373, 1021991907, 3852, 1021081339, 3869, 1021985545, 4366, 1022014689, 4382, 1021935116, 4374, 1021981048, 3861, 1021992043, 3853, 1021983063, 3862, 1021981222, 3854, 1022014761, 3871, 1021213871, 3863, 1021163803, 3855, 1021131010]
[INFO] (lattice_cell.c: 455): on tick 26 of 50
[INFO] (lattice_cell.c: 172): the unmatched_packets is 56
[4120, 1037916843, 4376, 1037916847, 4104, 1037896736, 3864, 1037916843, 4360, 1037896742, 4368, 1037909387, 3856, 1037909369, 3848, 1037896728, 4121, 1038300817, 4377, 1038301372, 4105, 1038297086, 3865, 1038301094, 4361, 1038297670, 4369, 1038301048, 3857, 1038300738, 3849, 1038297317, 4122, 1038746952, 4378, 1038746941, 4106, 1038767532, 3866, 1038746950, 4362, 1038767518, 4370, 1038754377, 4123, 1038340100, 4107, 1038341837, 4124, 1021102669, 4108, 1021086290, 3858, 1038754388, 4371, 1038342054, 4380, 1021104005, 4110, 1022060433, 4381, 1021961885, 4109, 1021984601, 4126, 1022158290, 4375, 1021052140, 4111, 1021091836, 4127, 1020993946, 4125, 1021961770, 3862, 1022090302, 3854, 1022059460, 4379, 1038339486, 3851, 1038341663, 3859, 1038342523, 4363, 1038341199, 3852, 1021085826, 3861, 1021957788, 4364, 1021087644, 3853, 1021985457, 3871, 1020994253, 3863, 1021053624, 3855, 1021092186, 4372, 1021105421, 4365, 1021984716, 4373, 1021957078, 4382, 1022158352, 4366, 1022060439, 3867, 1038339888, 4374, 1022091353, 3868, 1021102183, 4383, 1020992754, 4367, 1021090601, 3850, 1038767522, 3860, 1021103572, 3869, 1021962593, 3870, 1022157308]
[INFO] (lattice_cell.c: 455): on tick 27 of 50
[INFO] (lattice_cell.c: 172): the unmatched_packets is 56
[4120, 1037852183, 4376, 1037852219, 3864, 1037852153, 4104, 1037861245, 3856, 1037843113, 4360, 1037861257, 4368, 1037843146, 3848, 1037861229, 3865, 1038304699, 4121, 1038304461, 4377, 1038305115, 4105, 1038303227, 3857, 1038306626, 4361, 1038303889, 4369, 1038307083, 3849, 1038303451, 4122, 1038802594, 4378, 1038802614, 4106, 1038793582, 3866, 1038802559, 4362, 1038793584, 4370, 1038812382, 3858, 1038812355, 3850, 1038793584, 4379, 1038347219, 4123, 1038347848, 4107, 1038346775, 4363, 1038346155, 4371, 1038347490, 4124, 1021071181, 4108, 1021076725, 4110, 1021960318, 3867, 1038347594, 4372, 1021071929, 4127, 1021262129, 4111, 1021192036, 4125, 1021995770, 4109, 1021988617, 4126, 1021877699, 4375, 1021243790, 3861, 1021984611, 3859, 1038347850, 4380, 1021071901, 4364, 1021077555, 3868, 1021071243, 3860, 1021071185, 4381, 1021995941, 4365, 1021988917, 4373, 1021984292, 3870, 1021877207, 4382, 1021877333, 4366, 1021959890, 3862, 1021897462, 3851, 1038346508, 3854, 1021959947, 3871, 1021262207, 3863, 1021244819, 3852, 1021076659, 4374, 1021897470, 3855, 1021192190, 4383, 1021261285, 4367, 1021191110, 3869, 1021996387, 3853, 1021989120]
[INFO] (lattice_cell.c: 455): on tick 28 of 50
[INFO] (lattice_cell.c: 172): the unmatched_packets is 56
[4120, 1037895766, 4376, 1037895766, 4104, 1037924668, 3864, 1037895766, 4360, 1037924666, 3856, 1037915837, 4368, 1037915834, 3848, 1037924668, 4121, 1038298601, 4377, 1038299159, 3865, 1038298848, 4105, 1038300555, 4361, 1038301211, 3857, 1038301079, 4369, 1038301493, 4378, 1038768749, 4122, 1038768770, 4106, 1038738686, 4123, 1038337356, 4107, 1038341449, 4125, 1021990667, 4380, 1021084079, 4127, 1021046289, 4108, 1021085434, 4382, 1022116554, 4109, 1021972388, 4126, 1022116676, 4110, 1022124656, 4111, 1021028835, 4124, 1021082854, 3862, 1022171050, 3854, 1022123834, 4362, 1038738674, 4370, 1038748139, 4379, 1038336760, 3850, 1038738690, 4363, 1038340779, 4371, 1038339777, 3867, 1038337139, 3859, 1038340210, 3849, 1038300714, 4364, 1021086570, 3868, 1021082525, 3860, 1021086808, 4372, 1021088314, 4381, 1021990891, 3869, 1021991407, 3861, 1021974584, 4365, 1021972515, 3852, 1021085187, 4373, 1021974014, 3870, 1022115839, 3853, 1021973187, 3866, 1038768778, 4366, 1022124578, 3871, 1021046512, 4374, 1022171747, 3863, 1020983629, 4383, 1021045175, 3855, 1021029045, 4375, 1020982278, 4367, 1021027746, 3851, 1038341297, 3858, 1038748165]
[INFO] (lattice_cell.c: 455): on tick 29 of 50
[INFO] (lattice_cell.c: 172): the unmatched_packets is 56
[4120, 1037889986, 4376, 1037890018, 4104, 1037828346, 3864, 1037889955, 3856, 1037862266, 4360, 1037828364, 3848, 1037828320, 4121, 1038305034, 4105, 1038301109, 3865, 1038305298, 4377, 1038305682, 3857, 1038303806, 4361, 1038301719, 4369, 1038304167, 3849, 1038301382, 4122, 1038763663, 4106, 1038827554, 4378, 1038763683, 3866, 1038763628, 4362, 1038827564, 4109, 1021943693, 4371, 1038350262, 4380, 1021106216, 4111, 1021256785, 4124, 1021105296, 4108, 1021128763, 3852, 1021128470, 4123, 1038348365, 4366, 1021884808, 4125, 1021962405, 4383, 1021123297, 3862, 1021912249, 4110, 1021885091, 4126, 1022012497, 4107, 1038348860, 4127, 1021124332, 3854, 1021884534, 3871, 1021124563, 3855, 1021257042, 3858, 1038792083, 3867, 1038348105, 3859, 1038350707, 3851, 1038348632, 3868, 1021105143, 3860, 1021097384, 4368, 1037862314, 3869, 1021963071, 3853, 1021944201, 3863, 1021218116, 3850, 1038827540, 4370, 1038792123, 4379, 1038347729, 4363, 1038348203, 4364, 1021129841, 4372, 1021098636, 4381, 1021962533, 4365, 1021943994, 4373, 1021970251, 4382, 1022012234, 4374, 1021912564, 3870, 1022011950, 4375, 1021216900, 4367, 1021255770, 3861, 1021970583]
[INFO] (lattice_cell.c: 455): on tick 30 of 50
[INFO] (lattice_cell.c: 172): the unmatched_packets is 56
[4120, 1037875858, 4376, 1037875865, 4104, 1037927456, 3864, 1037875860, 3856, 1037893370, 4360, 1037927458, 3848, 1037927460, 4121, 1038301405, 4377, 1038302027, 4105, 1038300239, 3865, 1038301610, 4361, 1038300938, 3857, 1038302583, 4122, 1038788778, 4106, 1038736344, 4123, 1038339003, 4107, 1038338639, 4378, 1038788770, 4362, 1038736330, 4379, 1038338363, 3849, 1038300351, 4125, 1021985747, 4109, 1022066421, 4111, 1021025544, 4124, 1021074412, 4108, 1020993860, 4366, 1022141075, 4126, 1021975926, 4110, 1022141388, 4127, 1021178909, 3870, 1021975149, 3863, 1021117773, 3855, 1021025686, 3850, 1038736356, 3867, 1038338822, 3859, 1038339456, 4368, 1037893372, 3851, 1038338458, 3869, 1021986446, 4369, 1038303108, 3852, 1020993787, 3861, 1022021981, 4370, 1038771087, 4363, 1038337999, 3866, 1038788778, 3853, 1022067157, 3858, 1038771111, 3862, 1022039338, 4371, 1038339012, 3871, 1021178955, 3854, 1022140737, 4380, 1021075384, 4364, 1020994821, 4372, 1021032877, 4381, 1021985986, 4373, 1022021467, 4365, 1022066662, 3860, 1021031855, 3868, 1021074321, 4382, 1021975736, 4374, 1022039783, 4383, 1021178014, 4375, 1021116664, 4367, 1021024522]
[INFO] (lattice_cell.c: 455): on tick 31 of 50
[INFO] (lattice_cell.c: 172): the unmatched_packets is 56
[4120, 1037864317, 4376, 1037864345, 3864, 1037864286, 4104, 1037850535, 4360, 1037850565, 3856, 1037869458, 4368, 1037869494, 3848, 1037850535, 4121, 1038302850, 4377, 1038303442, 4105, 1038304038, 4361, 1038304682, 4369, 1038304955, 3865, 1038303147, 4122, 1038790890, 4106, 1038804168, 4123, 1038346810, 4378, 1038790909, 4370, 1038785236, 4379, 1038346203, 4126, 1022054218, 4107, 1038349608, 4127, 1021089524, 4364, 1021217342, 4124, 1021114617, 4381, 1021962240, 4108, 1021216153, 4125, 1021962113, 4109, 1021846257, 4110, 1021990677, 4111, 1021147472, 3863, 1021070275, 3855, 1021147830, 3866, 1038790868, 3858, 1038785224, 3850, 1038804162, 3867, 1038346547, 3860, 1021173756, 3869, 1021962794, 3861, 1021893250, 3853, 1021846924, 3862, 1022068325, 3849, 1038304282, 3857, 1038304606, 4362, 1038804167, 4363, 1038348918, 4371, 1038348018, 4380, 1021115782, 4372, 1021175413, 3859, 1038348439, 4365, 1021846434, 4373, 1021892786, 4382, 1022054054, 4366, 1021990558, 4374, 1022068763, 4375, 1021068660, 4383, 1021088321, 4367, 1021146330, 3871, 1021089952, 3868, 1021114217, 3851, 1038349404, 3852, 1021215726, 3870, 1022053546, 3854, 1021990011]
[INFO] (lattice_cell.c: 455): on tick 32 of 50
[INFO] (lattice_cell.c: 172): the unmatched_packets is 56
[4120, 1037917465, 4376, 1037917472, 4104, 1037901634, 3864, 1037917457, 4360, 1037901634, 4368, 1037913280, 3856, 1037913266, 3848, 1037901622, 4121, 1038301654, 4377, 1038302319, 4105, 1038296266, 3865, 1038301814, 4361, 1038296911, 4369, 1038300729, 3857, 1038300203, 4122, 1038745842, 4106, 1038762669, 4123, 1038338366, 4362, 1038762667, 4107, 1038340664, 4370, 1038750200, 4124, 1021014556, 4125, 1022047833, 4109, 1022127570, 4363, 1038339978, 3849, 1038296435, 4127, 1021119933, 4372, 1020972772, 4108, 1020946820, 4374, 1021970053, 4126, 1022037921, 4110, 1021988619, 3852, 1020946782, 4111, 1021169721, 3853, 1022128066, 4378, 1038745841, 3870, 1022037308, 3854, 1021988068, 3863, 1021179229, 3850, 1038762664, 3867, 1038338193, 3859, 1038341447, 3851, 1038340521, 3866, 1038745839, 3868, 1021014636, 3860, 1020971932, 3869, 1022048452, 3861, 1022091583, 3862, 1021969837, 3871, 1021119881, 3855, 1021169745, 4379, 1038337725, 4371, 1038340905, 3858, 1038750201, 4380, 1021015370, 4364, 1020947749, 4381, 1022048140, 4365, 1022127997, 4373, 1022091341, 4382, 1022037553, 4366, 1021988198, 4383, 1021119102, 4375, 1021178442, 4367, 1021168851]
[INFO] (lattice_cell.c: 455): on tick 33 of 50
[INFO] (lattice_cell.c: 172): the unmatched_packets is 56
[4120, 1037851246, 4376, 1037851274, 4104, 1037878302, 4360, 1037878302, 3864, 1037851238, 4368, 1037838541, 3848, 1037878296, 4121, 1038305403, 4105, 1038305814, 4377, 1038306017, 4361, 1038306529, 4369, 1038308270, 3865, 1038305689, 3856, 1037838519, 3857, 1038307818, 4378, 1038803491, 4122, 1038803479, 4106, 1038775925, 4362, 1038775923, 4123, 1038347605, 4107, 1038347743, 4125, 1021862309, 4363, 1038347086, 4371, 1038348549, 4110, 1022058369, 4380, 1021204339, 4365, 1021885687, 4124, 1021203057, 4108, 1021170372, 4109, 1021885695, 4383, 1021130873, 4126, 1022006104, 4127, 1021132153, 4111, 1021088097, 3855, 1021088633, 3866, 1038803456, 3850, 1038775949, 3859, 1038348969, 3849, 1038306004, 3868, 1021202530, 4370, 1038817021, 3852, 1021169912, 4379, 1038346967, 3869, 1021863101, 3861, 1021842805, 3853, 1021886534, 3870, 1022005303, 3862, 1022017683, 3858, 1038817022, 4364, 1021171646, 3854, 1022057665, 4372, 1021211019, 3871, 1021132634, 4381, 1021862313, 3863, 1021118547, 4373, 1021841979, 3867, 1038347362, 4382, 1022006083, 4366, 1022058315, 4374, 1022018423, 4375, 1021116737, 4367, 1021086758, 3860, 1021209301, 3851, 1038347526]
[INFO] (lattice_cell.c: 455): on tick 34 of 50
[INFO] (lattice_cell.c: 172): the unmatched_packets is 56
[4120, 1037908358, 4376, 1037908376, 4104, 1037879445, 4360, 1037879457, 3864, 1037908338, 3856, 1037904216, 4368, 1037904253, 4121, 1038297703, 4105, 1038298284, 4377, 1038298322, 3848, 1037879447, 4369, 1038299037, 4122, 1038755732, 4106, 1038785346, 4123, 1038339124, 4107, 1038339657, 3865, 1038297914, 4370, 1038760245, 4362, 1038785344, 4109, 1021973861, 4110, 1022032676, 4380, 1020957558, 4111, 1021126427, 4373, 1022094549, 3866, 1038755708, 4108, 1021093113, 4374, 1022059126, 4125, 1022120797, 4126, 1022000216, 4127, 1021155085, 4124, 1020956785, 3870, 1021999754, 3863, 1021096155, 3855, 1021126343, 3857, 1038298614, 3858, 1038760233, 3867, 1038338947, 3859, 1038339890, 3851, 1038339512, 4361, 1038298942, 4378, 1038755752, 4379, 1038338454, 4363, 1038338964, 4371, 1038339377, 4364, 1021093920, 3869, 1022121215, 4372, 1020979057, 3861, 1022094373, 3853, 1021974259, 3862, 1022059257, 3854, 1022032253, 3871, 1021154962, 4381, 1022121271, 4365, 1021974445, 3849, 1038298455, 4382, 1021999721, 4366, 1022032144, 3850, 1038785332, 4383, 1021154371, 4375, 1021095451, 4367, 1021125654, 3868, 1020956913, 3860, 1020978243, 3852, 1021093135]
[INFO] (lattice_cell.c: 455): on tick 35 of 50
[INFO] (lattice_cell.c: 172): the unmatched_packets is 56
[4120, 1037859591, 4376, 1037859597, 4104, 1037883076, 4360, 1037883086, 4368, 1037896249, 3864, 1037859579, 3856, 1037896238, 3848, 1037883064, 4121, 1038307729, 4377, 1038308402, 4105, 1038303329, 4361, 1038304010, 4369, 1038307176, 3865, 1038307939, 3857, 1038306629, 3849, 1038303507, 4122, 1038795208, 4378, 1038795204, 4106, 1038771253, 4362, 1038771251, 4370, 1038756933, 3866, 1038795206, 3858, 1038756940, 3850, 1038771263, 4379, 1038345590, 4123, 1038346215, 4107, 1038349504, 4124, 1021196282, 4108, 1021035104, 4109, 1022030773, 4364, 1021036535, 4372, 1021113721, 4110, 1021987887, 4127, 1021100613, 4381, 1021860861, 4365, 1022030723, 4125, 1021861030, 4383, 1021099223, 4367, 1021152681, 4126, 1022042693, 4111, 1021154085, 3852, 1021034508, 3862, 1022005132, 3863, 1021132230, 4371, 1038348438, 4380, 1021197575, 3867, 1038345971, 3851, 1038349335, 4373, 1021945290, 3868, 1021195776, 4382, 1022042773, 3860, 1021111816, 4366, 1021987949, 3869, 1021862031, 4374, 1022006055, 4375, 1021130234, 3870, 1022041787, 3853, 1022031641, 3871, 1021101219, 3859, 1038348915, 4363, 1038348798, 3854, 1021987000, 3855, 1021154657, 3861, 1021946352]
[INFO] (lattice_cell.c: 455): on tick 36 of 50
[INFO] (lattice_cell.c: 172): the unmatched_packets is 56
[4120, 1037888537, 4376, 1037888573, 4104, 1037882786, 3864, 1037888524, 4360, 1037882788, 4368, 1037866077, 3848, 1037882770, 3856, 1037866041, 4121, 1038299158, 4377, 1038299756, 4105, 1038297925, 3865, 1038299411, 4361, 1038298608, 3857, 1038300731, 4369, 1038301186, 3849, 1038298072, 4122, 1038775981, 4378, 1038775999, 4106, 1038781685, 4362, 1038781702, 4370, 1038798835, 3866, 1038775955, 4123, 1038339448, 4379, 1038338788, 4107, 1038340099, 4124, 1021043059, 4108, 1021108952, 4125, 1022030045, 4109, 1021958814, 4110, 1022036913, 4127, 1021110218, 4126, 1022042551, 4375, 1021146430, 4367, 1021120369, 4111, 1021121091, 3862, 1022001291, 3855, 1021120999, 3859, 1038340931, 3860, 1021132938, 3852, 1021109082, 3858, 1038798808, 3850, 1038781687, 3867, 1038339279, 3861, 1021928110, 4363, 1038339429, 3853, 1021959138, 4371, 1038340410, 3870, 1022042197, 4380, 1021043799, 4372, 1021133526, 3851, 1038339944, 4364, 1021109669, 3854, 1022036620, 3868, 1021043153, 4381, 1022030688, 3871, 1021110045, 3863, 1021146945, 4365, 1021959422, 4373, 1021928406, 3869, 1022030348, 4382, 1022041964, 4366, 1022036251, 4374, 1022001014, 4383, 1021109551]
[INFO] (lattice_cell.c: 455): on tick 37 of 50
[INFO] (lattice_cell.c: 172): the unmatched_packets is 56
[4120, 1037895718, 4376, 1037895743, 4104, 1037879045, 4360, 1037879047, 3864, 1037895714, 3856, 1037875042, 3848, 1037879038, 4368, 1037875066, 4121, 1038305299, 4377, 1038305970, 4105, 1038305473, 4361, 1038306185, 3865, 1038305493, 4122, 1038757763, 4106, 1038775335, 4123, 1038346743, 4107, 1038347490, 4363, 1038346781, 4126, 1021996134, 4127, 1021147357, 4373, 1022022018, 4109, 1021958223, 3861, 1022023109, 4383, 1021145906, 4110, 1022045504, 4111, 1021101856, 4124, 1021057792, 4108, 1021101371, 4125, 1022009336, 3853, 1021959180, 3863, 1021117632, 3855, 1021102504, 3850, 1038775348, 4369, 1038307040, 3870, 1021995136, 4378, 1038757764, 3854, 1022044574, 3871, 1021147969, 3857, 1038306532, 4362, 1038775331, 4370, 1038780091, 4379, 1038346087, 4371, 1038347351, 3849, 1038305617, 4380, 1021059197, 4364, 1021102839, 4372, 1021038826, 3859, 1038347848, 3866, 1038757749, 4381, 1022009121, 4365, 1021958076, 3851, 1038347322, 3858, 1038780093, 4382, 1021996283, 3867, 1038346536, 4366, 1022045606, 4374, 1022025559, 4375, 1021115514, 4367, 1021100378, 3862, 1022024501, 3868, 1021057220, 3860, 1021036719, 3869, 1022010349, 3852, 1021100744]
[INFO] (lattice_cell.c: 455): on tick 38 of 50
[INFO] (lattice_cell.c: 172): the unmatched_packets is 56
[4120, 1037873335, 4376, 1037873365, 4104, 1037891009, 4360, 1037891020, 3864, 1037873311, 3856, 1037896817, 3848, 1037890999, 4368, 1037896855, 4121, 1038299386, 3865, 1038299619, 4377, 1038300009, 4105, 1038297324, 4361, 1038297989, 4369, 1038299804, 3857, 1038299340, 3849, 1038297505, 4122, 1038791250, 4378, 1038791274, 4106, 1038773231, 4362, 1038773232, 4370, 1038767117, 3866, 1038791217, 3858, 1038767093, 3850, 1038773221, 4123, 1038337650, 4107, 1038341454, 4379, 1038336998, 4124, 1021138972, 4108, 1021068071, 4125, 1021931440, 4110, 1022013294, 4381, 1021932074, 4109, 1022001503, 4126, 1022016784, 4127, 1021140885, 4111, 1021140103, 3853, 1022001688, 3871, 1021140695, 3854, 1022013074, 3855, 1021139982, 4363, 1038340748, 3851, 1038341305, 4371, 1038340691, 4380, 1021139618, 3869, 1021931717, 3852, 1021068150, 3861, 1021991897, 4364, 1021068807, 4372, 1021076978, 3870, 1022016500, 3859, 1038341212, 3862, 1022039233, 4365, 1022002213, 4373, 1021992348, 3867, 1038337456, 3868, 1021139160, 3863, 1021109941, 4382, 1022016111, 4366, 1022012597, 4374, 1022038763, 3860, 1021076390, 4383, 1021140225, 4375, 1021109386, 4367, 1021139447]
[INFO] (lattice_cell.c: 455): on tick 39 of 50
[INFO] (lattice_cell.c: 172): the unmatched_packets is 56
[4120, 1037871828, 4376, 1037871846, 4104, 1037879428, 3864, 1037871823, 3856, 1037880298, 4360, 1037879440, 3848, 1037879430, 4368, 1037880318, 4121, 1038306956, 4377, 1038307626, 4105, 1038304430, 4361, 1038305168, 4369, 1038307983, 4122, 1038783166, 4106, 1038774841, 4378, 1038783170, 4123, 1038345276, 4107, 1038347746, 4379, 1038344609, 4125, 1021986784, 4371, 1038348825, 4111, 1021147858, 4372, 1021115890, 3857, 1038307387, 4108, 1021081010, 4373, 1021941369, 4109, 1021980864, 4366, 1021999469, 4375, 1021120619, 4367, 1021146372, 4126, 1022039552, 4110, 1021999319, 4127, 1021107922, 4124, 1021075878, 3871, 1021108519, 3866, 1038783164, 3858, 1038773554, 4362, 1038774839, 4370, 1038773541, 3867, 1038345088, 3859, 1038349365, 3865, 1038307144, 4363, 1038347022, 3860, 1021113851, 4380, 1021077302, 3852, 1021080385, 4364, 1021082504, 3869, 1021987841, 4381, 1021986556, 3861, 1021942624, 3849, 1038304556, 4365, 1021980696, 3853, 1021981886, 4382, 1022039737, 3870, 1022038494, 3862, 1022011654, 4374, 1022012829, 3850, 1038774850, 3854, 1021998328, 4383, 1021106479, 3863, 1021122700, 3855, 1021148501, 3851, 1038347619, 3868, 1021075299]
[INFO] (lattice_cell.c: 455): on tick 40 of 50
[INFO] (lattice_cell.c: 172): the unmatched_packets is 56
[4120, 1037896098, 4376, 1037896133, 4104, 1037876984, 3864, 1037896081, 3856, 1037878247, 4360, 1037877008, 3848, 1037876974, 4368, 1037878288, 4121, 1038298651, 4377, 1038299260, 4105, 1038298414, 4361, 1038299097, 4369, 1038300190, 3865, 1038298908, 3857, 1038299766, 4122, 1038767904, 4378, 1038767913, 4106, 1038787825, 4362, 1038787835, 4370, 1038786510, 4123, 1038340979, 4107, 1038339277, 4108, 1021104974, 4110, 1022039604, 4124, 1021060628, 4382, 1022027266, 4125, 1022013725, 4109, 1021961688, 3858, 1038786484, 4126, 1022027946, 4127, 1021118897, 4111, 1021120895, 3870, 1022027748, 3853, 1021961883, 3863, 1021136018, 3855, 1021120829, 3850, 1038787823, 3849, 1038298583, 3859, 1038342040, 3868, 1021060732, 3851, 1038339111, 3866, 1038767872, 3860, 1021083336, 3869, 1022013892, 3852, 1021105053, 3861, 1021982117, 3862, 1022008762, 4379, 1038340316, 3871, 1021118788, 3854, 1022039449, 4363, 1038338585, 4371, 1038341539, 4380, 1021061343, 4364, 1021105678, 4372, 1021083998, 3867, 1038340771, 4381, 1022014419, 4365, 1021962406, 4373, 1021982681, 4374, 1022008238, 4366, 1022038878, 4383, 1021118207, 4375, 1021135419, 4367, 1021120170]
[INFO] (lattice_cell.c: 455): on tick 41 of 50
[INFO] (lattice_cell.c: 172): the unmatched_packets is 56
[4120, 1037884920, 4376, 1037884939, 4104, 1037880022, 3864, 1037884899, 3848, 1037880025, 3856, 1037881566, 4360, 1037880040, 4368, 1037881601, 4121, 1038306563, 4377, 1038307253, 4105, 1038304882, 3865, 1038306711, 4361, 1038305631, 3857, 1038306341, 4369, 1038306935, 4378, 1038768806, 4122, 1038768800, 4106, 1038774435, 3849, 1038304990, 4362, 1038774440, 4123, 1038343473, 4107, 1038346579, 4124, 1021104564, 4379, 1038342797, 4125, 1021958631, 4371, 1038345878, 4126, 1022016094, 4110, 1022043689, 4364, 1021081083, 4127, 1021138519, 3866, 1038768777, 4108, 1021079610, 4109, 1021982162, 4367, 1021106645, 4111, 1021108107, 3861, 1022000934, 3863, 1021127465, 3855, 1021108698, 3858, 1038772961, 3850, 1038774447, 3867, 1038343307, 3859, 1038346475, 3851, 1038346475, 4370, 1038772971, 3860, 1021059621, 4363, 1038345838, 3852, 1021079010, 4380, 1021105934, 3869, 1021959742, 4372, 1021061649, 3853, 1021983176, 4381, 1021958379, 3870, 1022015035, 4365, 1021982018, 3862, 1022019516, 4373, 1021999723, 3854, 1022042681, 4382, 1022016254, 3871, 1021139093, 4366, 1022043814, 4374, 1022020653, 3868, 1021104059, 4383, 1021137091, 4375, 1021125430]
[INFO] (lattice_cell.c: 455): on tick 42 of 50
[INFO] (lattice_cell.c: 172): the unmatched_packets is 56
[4120, 1037870526, 4376, 1037870555, 3864, 1037870517, 4104, 1037892915, 4360, 1037892930, 3856, 1037886808, 4121, 1038299545, 4377, 1038300170, 4105, 1038295752, 4369, 1038300429, 4122, 1038794406, 4106, 1038771055, 4123, 1038341029, 4107, 1038342782, 3848, 1037892908, 4124, 1021102664, 4108, 1021076660, 3865, 1038299800, 4109, 1021999792, 4363, 1038342077, 4110, 1022015027, 4371, 1038343355, 4372, 1021095556, 4125, 1021968019, 4126, 1022003357, 4127, 1021140781, 4111, 1021133091, 3862, 1022022159, 3855, 1021133084, 3858, 1038777339, 3860, 1021094791, 3870, 1022003092, 3854, 1022014845, 3871, 1021140648, 3849, 1038295936, 4368, 1037886840, 4361, 1038296425, 3850, 1038771044, 3857, 1038299952, 4378, 1038794408, 4370, 1038777352, 4362, 1038771047, 4379, 1038340357, 3851, 1038342626, 3868, 1021102710, 4380, 1021103412, 3866, 1038794380, 4364, 1021077469, 4381, 1021968675, 4365, 1022000522, 4373, 1021971909, 3863, 1021115073, 4382, 1022002760, 3859, 1038343879, 3869, 1021968223, 4366, 1022014308, 3852, 1021076650, 3853, 1021999928, 4374, 1022021668, 4375, 1021114380, 4383, 1021140093, 4367, 1021132318, 3867, 1038340838, 3861, 1021971402]
[INFO] (lattice_cell.c: 455): on tick 43 of 50
[INFO] (lattice_cell.c: 172): the unmatched_packets is 56
[4120, 1037887792, 4376, 1037887829, 4104, 1037882292, 3864, 1037887765, 3856, 1037880987, 4360, 1037882311, 3848, 1037882280, 3865, 1038306745, 4121, 1038306573, 4377, 1038307234, 4105, 1038304556, 3857, 1038308986, 3849, 1038304642, 4122, 1038766593, 4106, 1038771798, 3866, 1038766565, 4107, 1038344790, 4363, 1038344048, 4110, 1022010940, 4127, 1021088623, 4365, 1021971501, 4123, 1038345523, 4382, 1022058322, 3868, 1021070160, 4108, 1021090285, 4124, 1021070616, 4375, 1021111324, 4125, 1021993718, 4109, 1021971590, 4126, 1022058290, 3853, 1021972593, 4111, 1021147308, 3854, 1022009992, 3855, 1021147873, 3850, 1038771792, 4368, 1037881018, 3852, 1021089751, 3858, 1038773167, 4361, 1038305301, 3869, 1021994786, 4369, 1038309611, 3861, 1021954203, 4378, 1038766620, 3867, 1038345359, 4362, 1038771801, 3870, 1022057302, 3851, 1038344684, 3862, 1022034869, 4370, 1038773185, 3860, 1021096270, 3871, 1021089187, 3863, 1021113341, 4379, 1038344851, 3859, 1038345936, 4371, 1038345379, 4380, 1021071967, 4364, 1021091682, 4372, 1021098096, 4381, 1021993550, 4373, 1021953043, 4366, 1022010954, 4374, 1022035823, 4383, 1021087222, 4367, 1021145887]
[INFO] (lattice_cell.c: 455): on tick 44 of 50
[INFO] (lattice_cell.c: 172): the unmatched_packets is 56
[4120, 1037876652, 4376, 1037876655, 3864, 1037876646, 4104, 1037874336, 3856, 1037875230, 4360, 1037874346, 4368, 1037875242, 4121, 1038297119, 4377, 1038297762, 4105, 1038298732, 3865, 1038297357, 4361, 1038299443, 4369, 1038300275, 3848, 1037874339, 3857, 1038299800, 4122, 1038787762, 4106, 1038790567, 4107, 1038342630, 4378, 1038787753, 4123, 1038337049, 4126, 1021977861, 4363, 1038341888, 4111, 1021130390, 4124, 1021074944, 4108, 1021099404, 4125, 1022005705, 4109, 1021965891, 4367, 1021129582, 4110, 1022016300, 4127, 1021183093, 3862, 1021992742, 3867, 1038336857, 3849, 1038298902, 3866, 1038787755, 3859, 1038341850, 3851, 1038342491, 3868, 1021074880, 3853, 1021966110, 3870, 1021977554, 3854, 1022016064, 3871, 1021183060, 3863, 1021152968, 3855, 1021130416, 4362, 1038790568, 4370, 1038789538, 4379, 1038336356, 4371, 1038341272, 3858, 1038789558, 4380, 1021075803, 3850, 1038790574, 4372, 1021072509, 4364, 1021100271, 4381, 1022006314, 3860, 1021071508, 3852, 1021099312, 4373, 1021994558, 4365, 1021966519, 4382, 1021977354, 4374, 1021992508, 4366, 1022015741, 3869, 1022005914, 4383, 1021182341, 4375, 1021152216, 3861, 1021994099]
[INFO] (lattice_cell.c: 455): on tick 45 of 50
[INFO] (lattice_cell.c: 172): the unmatched_packets is 56
[3864, 1037906334, 4376, 1037906425, 4120, 1037906371, 4104, 1037883896, 3856, 1037897559, 3848, 1037883879, 4121, 1038306838, 4105, 1038303076, 3865, 1038306988, 4369, 1038306811, 3857, 1038306230, 4108, 1021086402, 4362, 1038770529, 3849, 1038303180, 4370, 1038756263, 4125, 1021944974, 4109, 1021982595, 4126, 1022101356, 4110, 1022058240, 4111, 1021092448, 4372, 1021080357, 4106, 1038770529, 4122, 1038746900, 4107, 1038346888, 4123, 1038348005, 4124, 1021118692, 4127, 1021035009, 4360, 1037883915, 3863, 1021076049, 4368, 1037897628, 3858, 1038756214, 3859, 1038350287, 3851, 1038346764, 3860, 1021078663, 3852, 1021085913, 3869, 1021945997, 3861, 1021983218, 3870, 1022100475, 3862, 1022055653, 3854, 1022057431, 3871, 1021035491, 3855, 1021092985, 4377, 1038307519, 4361, 1038303794, 3866, 1038746855, 4378, 1038746930, 4379, 1038347320, 3850, 1038770518, 4363, 1038346164, 3867, 1038347854, 4371, 1038349692, 4380, 1021119908, 4364, 1021087758, 3868, 1021118362, 4381, 1021944856, 4365, 1021982667, 4373, 1021982274, 4382, 1022101281, 4366, 1022058103, 4374, 1022056336, 4375, 1021074165, 4383, 1021033675, 3853, 1021983463, 4367, 1021091028]
[INFO] (lattice_cell.c: 455): on tick 46 of 50
[INFO] (lattice_cell.c: 172): the unmatched_packets is 56
[4120, 1037846754, 4376, 1037846767, 4104, 1037876485, 4360, 1037876490, 3864, 1037846753, 4368, 1037862268, 3856, 1037862269, 4121, 1038299663, 4105, 1038298193, 4122, 1038818767, 4106, 1038788002, 4123, 1038338189, 4107, 1038338684, 4369, 1038302159, 4125, 1021987964, 4110, 1021992299, 4379, 1038337498, 4111, 1021171676, 4381, 1021988455, 4108, 1021069613, 4109, 1021997481, 4126, 1021898954, 4127, 1021255548, 4124, 1021081291, 3862, 1021945540, 3863, 1021209969, 3855, 1021171812, 4377, 1038300306, 3848, 1037876480, 3857, 1038301589, 3858, 1038802636, 3867, 1038337998, 3859, 1038338989, 3851, 1038338568, 3860, 1021079261, 3869, 1021988318, 3852, 1021069461, 3861, 1021979639, 3853, 1021997827, 3871, 1021255604, 3854, 1021991945, 3865, 1038299887, 3849, 1038298310, 4361, 1038298953, 4378, 1038818757, 4362, 1038787990, 4370, 1038802608, 4363, 1038337927, 4371, 1038338423, 4380, 1021082226, 3850, 1038788008, 4364, 1021070544, 4372, 1021080341, 4365, 1021997968, 4373, 1021979786, 4382, 1021898592, 4366, 1021991846, 4374, 1021945451, 3866, 1038818765, 4375, 1021208973, 4383, 1021254759, 4367, 1021170780, 3870, 1021898485, 3868, 1021081135]
[INFO] (lattice_cell.c: 455): on tick 47 of 50
[INFO] (lattice_cell.c: 172): the unmatched_packets is 56
[4120, 1037903212, 4376, 1037903261, 4104, 1037910042, 4360, 1037910071, 3864, 1037903178, 3848, 1037910028, 4368, 1037908161, 4121, 1038304870, 4377, 1038305524, 4105, 1038305884, 4361, 1038306577, 3865, 1038305038, 3857, 1038306841, 3849, 1038306009, 4122, 1038750961, 4378, 1038750981, 4106, 1038743146, 3856, 1037908104, 4369, 1038307389, 4362, 1038743154, 4370, 1038745504, 4123, 1038344967, 4379, 1038344319, 4107, 1038349764, 4363, 1038349027, 4124, 1021077874, 4108, 1021083898, 4125, 1021994573, 4110, 1022075221, 4127, 1020999428, 4382, 1022150433, 4109, 1021973781, 4126, 1022150708, 4111, 1021063859, 3862, 1022136556, 3854, 1022074499, 3859, 1038348846, 3850, 1038743136, 3851, 1038349677, 3866, 1038750911, 3868, 1021077567, 3869, 1021995388, 4371, 1038348254, 3853, 1021974500, 3870, 1022150034, 4380, 1021079072, 3871, 1020999863, 4364, 1021085227, 3863, 1021000902, 4372, 1021107902, 4381, 1021994679, 3855, 1021064260, 3858, 1038745449, 3867, 1038344792, 4365, 1021974020, 4373, 1021953555, 4366, 1022074961, 4374, 1022136997, 3860, 1021106274, 4383, 1020998100, 4375, 1020999237, 3861, 1021954116, 4367, 1021062584, 3852, 1021083481]
[INFO] (lattice_cell.c: 455): on tick 48 of 50
[INFO] (lattice_cell.c: 172): the unmatched_packets is 56
[4120, 1037882718, 4376, 1037882732, 4104, 1037842522, 3864, 1037882704, 3856, 1037852857, 3848, 1037842518, 4368, 1037852870, 4121, 1038299925, 4105, 1038293751, 4106, 1038823137, 4123, 1038340180, 4124, 1021086765, 4108, 1021122803, 4126, 1021947664, 4110, 1021919220, 4363, 1038338755, 4380, 1021087760, 4122, 1038781084, 4107, 1038339516, 4367, 1021237478, 4125, 1021983336, 4109, 1021961196, 4127, 1021199075, 4111, 1021238512, 3863, 1021246933, 3857, 1038298609, 3849, 1038293852, 4360, 1037842524, 3865, 1038300124, 4377, 1038300622, 3866, 1038781070, 3858, 1038812281, 3867, 1038340062, 4361, 1038294525, 3859, 1038342316, 4369, 1038299233, 4378, 1038781096, 4362, 1038823131, 4370, 1038812275, 3860, 1021082536, 3852, 1021122547, 3869, 1021983863, 4379, 1038339415, 3861, 1021987137, 4371, 1038341667, 3853, 1021961683, 3870, 1021947006, 3850, 1038823137, 4364, 1021123817, 3862, 1021895394, 4372, 1021083772, 3854, 1021918769, 3871, 1021199182, 4381, 1021983596, 4365, 1021961496, 3855, 1021238777, 3868, 1021086587, 4373, 1021986925, 3851, 1038339401, 4382, 1021947463, 4366, 1021918881, 4374, 1021895682, 4383, 1021198247, 4375, 1021245819]
[INFO] (lattice_cell.c: 455): on tick 49 of 50
[INFO] (lattice_cell.c: 172): the unmatched_packets is 56
[4120, 1037875869, 4376, 1037875915, 4104, 1037920536, 3864, 1037875845, 4360, 1037920556, 4368, 1037902556, 3856, 1037902500, 3848, 1037920537, 4121, 1038307329, 4377, 1038307952, 4105, 1038308921, 3865, 1038307526, 4361, 1038309654, 4369, 1038311428, 3849, 1038309021, 4122, 1038778608, 4378, 1038778624, 4106, 1038733022, 3866, 1038778574, 4362, 1038733022, 4370, 1038751493, 3858, 1038751474, 4123, 1038344516, 4379, 1038343895, 4107, 1038346546, 4363, 1038345824, 4371, 1038346430, 4124, 1021083074, 4108, 1021032210, 4109, 1022014763, 3850, 1038733020, 4126, 1022024179, 4381, 1021977725, 4125, 1021977426, 3867, 1038344309, 4110, 1022149915, 3859, 1038346937, 4383, 1021124860, 4111, 1021003502, 4127, 1021126084, 3863, 1021042450, 4380, 1021084197, 4364, 1021033395, 4372, 1021039585, 3851, 1038346439, 4365, 1022015127, 4373, 1022005503, 3868, 1021082829, 4382, 1022023748, 4374, 1022103902, 4366, 1022149516, 3852, 1021031911, 4375, 1021040831, 4367, 1021002263, 3869, 1021978053, 3853, 1022015341, 3854, 1022149417, 3871, 1021126441, 3857, 1038310877, 3870, 1022023644, 3860, 1021038100, 3862, 1022103892, 3861, 1022005692, 3855, 1021003805]
[INFO] (lattice_cell.c: 455): on tick 50 of 50
[INFO] (lattice_cell.c: 466): updating recording regions
[INFO] (recording.c: 507): 	Finalising channel 0 - state info stored in SDRAM
[INFO] (recording.c: 512): closed channel 0.
[INFO] (lattice_cell.c: 470): Simulation complete.

