[INFO] (lattice_cell.c: 604): starting lattice cell
[INFO] (lattice_cell.c: 526): Initialise: started
[INFO] (data_specification.c: 78): magic = ad130ad6, version = 1.0
[INFO] (lattice_cell.c: 555): my key is 3936
[INFO] (lattice_cell.c: 562): I'm in position ( 15, 12)
[INFO] (lattice_cell.c: 568): my n key is 3680
[INFO] (lattice_cell.c: 574): my U_X = 0.009988944046199322
[INFO] (lattice_cell.c: 575): my U_Y = -0.0004903926164843142
[INFO] (lattice_cell.c: 583): input_buffer initialised
[INFO] (recording.c: 563): Recording 1 regions, using output tag 0, size before trigger 7686388, time between triggers 50
[INFO] (recording.c: 665): Recording channel 0 configured to use 7686132 byte memory block starting at 0x668e2fc4
[INFO] (lattice_cell.c: 588): Recording flags = 0x00000001
[INFO] (lattice_cell.c: 619): setting timer to execute every 200000 microseconds
[INFO] (lattice_cell.c: 627): Starting

[INFO] (simulation.c: 159): Setting the runtime of this model to 50 starting at 0
[INFO] (simulation.c: 161): Setting the flag of infinite run for this model to 0
[INFO] (simulation.c: 175): Resuming
[INFO] (lattice_cell.c: 455): on tick 0 of 50
[3672, 1038776237, 3944, 1038779505, 3928, 1038776239, 3688, 1038779501, 3680, 1038779070, 4184, 1038776233, 4192, 1038779062, 3673, 1038298203, 3945, 1038296874, 3929, 1038296936, 4200, 1038779499, 3681, 1038298151, 3946, 1037884871, 3930, 1037887885, 3931, 1038340816, 3682, 1037885274, 3947, 1038340752, 3932, 1021975810, 4193, 1038296448, 3949, 1021087061, 3683, 1038339485, 3950, 1021128312, 3951, 1022025577, 3685, 1021088658, 3948, 1021979066, 4187, 1038341240, 3686, 1021127516, 3933, 1021090068, 3934, 1021131336, 4188, 1021975350, 3935, 1022022302, 4198, 1021129115, 3689, 1038298139, 4194, 1037885268, 4202, 1037884865, 3674, 1037887883, 3690, 1037884867, 4203, 1038341178, 4204, 1021978606, 4196, 1021978171, 4189, 1021089658, 4185, 1038296500, 4197, 1021087054, 4206, 1021128712, 3675, 1038339537, 4207, 1022026027, 3691, 1038339471, 3676, 1021977153, 3684, 1021979978, 4201, 1038296438, 3692, 1021980407, 3677, 1021091259, 3693, 1021088250, 3678, 1021130133, 4186, 1037887879, 3687, 1022023788, 3694, 1021127107, 3679, 1022020947, 3695, 1022024220, 4195, 1038341186, 4199, 1022025590, 4205, 1021086653, 4190, 1021131736, 4191, 1022022752]
[INFO] (lattice_cell.c: 455): on tick 1 of 50
[INFO] (lattice_cell.c: 172): the unmatched_packets is 56
[3672, 1038766419, 3928, 1038766425, 3944, 1038774443, 3680, 1038773356, 4192, 1038773356, 3688, 1038774441, 4200, 1038774445, 4184, 1038766423, 3673, 1038306549, 3929, 1038305254, 3945, 1038305591, 3681, 1038306842, 3689, 1038306888, 3930, 1037887771, 3946, 1037880045, 3947, 1038348850, 4185, 1038304806, 4193, 1038305095, 3933, 1021072724, 3949, 1021081198, 3675, 1038347615, 3934, 1021134407, 3950, 1021124117, 4194, 1037881087, 3676, 1021984645, 3931, 1038348898, 4202, 1037880047, 3951, 1022020128, 3677, 1021074804, 3932, 1021984195, 3948, 1021974696, 4187, 1038349364, 3678, 1021132330, 3687, 1022018222, 3935, 1022009333, 4197, 1021078775, 4207, 1022019695, 4188, 1021984622, 4189, 1021071461, 4205, 1021079939, 4206, 1021125386, 4190, 1021135672, 4191, 1022008897, 4199, 1022018237, 4195, 1038349326, 3674, 1037887777, 4186, 1037887769, 4201, 1038305145, 3682, 1037881095, 3690, 1037880049, 3683, 1038347575, 3691, 1038347567, 3684, 1021976450, 3692, 1021975150, 3685, 1021082124, 3693, 1021083282, 3686, 1021123424, 3694, 1021122037, 3679, 1022008886, 3695, 1022019675, 4198, 1021126769, 4203, 1038349320, 4196, 1021976430, 4204, 1021975134]
[INFO] (lattice_cell.c: 455): on tick 2 of 50
[INFO] (lattice_cell.c: 172): the unmatched_packets is 56
[3672, 1038793688, 3928, 1038793688, 3944, 1038780428, 3680, 1038782603, 3688, 1038780428, 4184, 1038793682, 4192, 1038782601, 4200, 1038780426, 3673, 1038299516, 3929, 1038298229, 3945, 1038297095, 3681, 1038298587, 3689, 1038298382, 4185, 1038297779, 4193, 1038296866, 4201, 1038296663, 3674, 1037871711, 3930, 1037871713, 3946, 1037884829, 3690, 1037884829, 3931, 1038341572, 3947, 1038341482, 3932, 1021932330, 3691, 1038340185, 3933, 1021130114, 3949, 1021089167, 3692, 1021980211, 3935, 1022033011, 3693, 1021090397, 3678, 1021119918, 3950, 1021127834, 3687, 1022025733, 3679, 1022031666, 3951, 1022025729, 3948, 1021978858, 3934, 1021121151, 4194, 1037882694, 4203, 1038341912, 4195, 1038341924, 4196, 1021971253, 4189, 1021129650, 4205, 1021088697, 4190, 1021121617, 4206, 1021128310, 4198, 1021127037, 4207, 1022026203, 4191, 1022033487, 3682, 1037882694, 3675, 1038340275, 4199, 1022027568, 3683, 1038340193, 3676, 1021933643, 3684, 1021973049, 4186, 1037871709, 3677, 1021131343, 3685, 1021096570, 3694, 1021126594, 3686, 1021125336, 4202, 1037884833, 3695, 1022024385, 4197, 1021094867, 4187, 1038342010, 4204, 1021978392, 4188, 1021931868]
[INFO] (lattice_cell.c: 455): on tick 3 of 50
[INFO] (lattice_cell.c: 172): the unmatched_packets is 56
[3672, 1038727219, 3944, 1038772162, 3928, 1038727237, 3680, 1038760348, 3688, 1038772158, 4184, 1038727245, 4192, 1038760354, 4200, 1038772168, 3673, 1038305103, 3945, 1038305670, 3929, 1038303834, 3689, 1038306971, 4185, 1038303378, 3681, 1038305941, 3946, 1037882349, 3930, 1037925388, 4201, 1038305182, 3674, 1037925382, 3931, 1038349626, 3948, 1021980247, 3691, 1038347340, 3934, 1021158921, 4194, 1037893660, 4186, 1037925380, 3947, 1038348646, 3935, 1021986589, 3692, 1021980758, 3677, 1020964752, 3932, 1022098821, 3949, 1021075654, 3933, 1020962676, 3693, 1021077701, 4188, 1022099149, 3951, 1022018909, 3695, 1022018394, 3950, 1021126545, 4204, 1021980640, 4205, 1021074441, 3682, 1037893668, 3690, 1037882345, 3675, 1038348323, 3683, 1038347549, 4198, 1021137307, 3676, 1022099390, 4193, 1038304162, 3684, 1022010337, 3685, 1021051986, 4195, 1038349336, 3678, 1021156884, 4187, 1038350102, 3686, 1021134043, 3694, 1021124480, 3679, 1021986061, 4202, 1037882341, 3687, 1022008678, 4203, 1038349134, 4196, 1022010168, 4189, 1020961409, 4190, 1021160125, 4206, 1021127746, 4207, 1022018516, 4191, 1021986186, 4197, 1021048705, 4199, 1022008794]
[INFO] (lattice_cell.c: 455): on tick 4 of 50
[INFO] (lattice_cell.c: 172): the unmatched_packets is 56
[3944, 1038790390, 3672, 1038817030, 3928, 1038817016, 3680, 1038815638, 3688, 1038790392, 4200, 1038790392, 4192, 1038815636, 3929, 1038295977, 3945, 1038297957, 3673, 1038297340, 4184, 1038817006, 3689, 1038299270, 3947, 1038341656, 3930, 1037848279, 3946, 1037875194, 3932, 1021801184, 3682, 1037850617, 3683, 1038340259, 3691, 1038340351, 3934, 1021125650, 3935, 1022027635, 3931, 1038342079, 3948, 1021952711, 3678, 1021124319, 3933, 1021266005, 4187, 1038342529, 3949, 1021111868, 3694, 1021118344, 3687, 1022047368, 3679, 1022026337, 3950, 1021119655, 4188, 1021800881, 3695, 1022031833, 3951, 1022033125, 3681, 1038299511, 3674, 1037848279, 4186, 1037848275, 4194, 1037850609, 4202, 1037875190, 4195, 1038342009, 4205, 1021111298, 4189, 1021265539, 4197, 1021184997, 4206, 1021120222, 4190, 1021126208, 4198, 1021105415, 4207, 1022033558, 4191, 1022028077, 4199, 1022049114, 4185, 1038295485, 3690, 1037875196, 3675, 1038340766, 4203, 1038342103, 3676, 1021802333, 3684, 1021878165, 3692, 1021953987, 4193, 1038297706, 3677, 1021267263, 4204, 1021952287, 4196, 1021876572, 3685, 1021186782, 3693, 1021113170, 3686, 1021103541, 4201, 1038297503]
[INFO] (lattice_cell.c: 455): on tick 5 of 50
[INFO] (lattice_cell.c: 172): the unmatched_packets is 56
[3672, 1038760671, 3928, 1038760705, 3944, 1038744573, 3688, 1038744569, 3680, 1038728817, 4184, 1038760729, 4200, 1038744579, 3673, 1038305635, 3929, 1038304398, 3945, 1038304755, 3689, 1038306048, 3681, 1038307348, 4185, 1038303970, 4193, 1038305647, 4201, 1038304277, 3674, 1037893536, 3946, 1037908940, 3930, 1037893536, 3690, 1037908942, 3931, 1038349723, 3947, 1038348805, 3675, 1038348427, 3932, 1022099472, 4202, 1037908932, 3676, 1022100286, 3935, 1022022959, 3692, 1022057823, 3948, 1022057150, 3677, 1020959419, 3949, 1021002389, 4195, 1038349889, 4187, 1038350217, 3933, 1020957346, 3693, 1021004430, 3950, 1021145538, 3934, 1021126223, 3951, 1022000567, 3694, 1021143561, 4205, 1021001209, 4203, 1038349308, 4204, 1022057382, 4206, 1021146669, 4190, 1021127326, 4198, 1021144536, 4192, 1038728843, 4207, 1022000262, 4186, 1037893546, 3682, 1037924236, 4194, 1037924232, 3683, 1038348063, 3691, 1038347480, 3684, 1022142375, 4199, 1022003692, 3685, 1020914145, 4197, 1020910824, 3678, 1021124277, 3686, 1021141450, 3687, 1022003382, 3679, 1022022368, 3695, 1021999951, 4189, 1020956069, 4196, 1022141796, 4188, 1022099602, 4191, 1022022641]
[INFO] (lattice_cell.c: 455): on tick 6 of 50
[INFO] (lattice_cell.c: 172): the unmatched_packets is 56
[3672, 1038766009, 3928, 1038765993, 3944, 1038824731, 3680, 1038799379, 3688, 1038824739, 4192, 1038799349, 4200, 1038824733, 3673, 1038296698, 3929, 1038295313, 3945, 1038296205, 3681, 1038298660, 3689, 1038297591, 3930, 1037897595, 3946, 1037841680, 3674, 1037897603, 3682, 1037865443, 3948, 1021827651, 3949, 1021242577, 3950, 1021106448, 3934, 1021137475, 3951, 1022045570, 3692, 1021828707, 3947, 1038341520, 3932, 1021960613, 3933, 1021107008, 3686, 1021130470, 3694, 1021105019, 3679, 1022015634, 3935, 1022016852, 3931, 1038343558, 4194, 1037865427, 4203, 1038341983, 4196, 1021827631, 4189, 1021106471, 4205, 1021242003, 4197, 1021235064, 4190, 1021138190, 4198, 1021132623, 4207, 1022045952, 4191, 1022017244, 4184, 1038765973, 4186, 1037897577, 4202, 1037841678, 4185, 1038294791, 4193, 1038296718, 3690, 1037841676, 4201, 1038295677, 3675, 1038342221, 3683, 1038340809, 3691, 1038340197, 3676, 1021961582, 3684, 1021828796, 3677, 1021108310, 3685, 1021236889, 3693, 1021243897, 3678, 1021136026, 4188, 1021960437, 4187, 1038344024, 4204, 1021827421, 4206, 1021107148, 4195, 1038342609, 4199, 1022020200, 3687, 1022018603, 3695, 1022044367]
[INFO] (lattice_cell.c: 455): on tick 7 of 50
[INFO] (lattice_cell.c: 172): the unmatched_packets is 56
[3672, 1038768587, 3928, 1038768625, 3944, 1038744814, 3688, 1038744796, 3680, 1038781826, 4192, 1038781880, 4200, 1038744832, 4184, 1038768663, 3673, 1038306143, 3929, 1038304889, 3945, 1038304899, 3689, 1038306138, 3681, 1038306884, 3946, 1037909214, 3930, 1037884653, 3931, 1038349688, 3674, 1037884631, 3948, 1022140481, 4185, 1038304451, 4193, 1038305209, 3675, 1038348387, 3933, 1021099426, 3683, 1038347547, 3950, 1021128460, 3684, 1022020070, 4194, 1037873101, 3947, 1038348942, 3932, 1021951621, 4203, 1038349466, 3678, 1021138229, 3949, 1020918843, 3686, 1021118439, 4204, 1022140465, 3934, 1021140083, 3951, 1022020067, 3935, 1022009248, 4187, 1038350183, 4188, 1021951628, 4196, 1022019088, 4189, 1021098227, 4205, 1020917641, 4197, 1021033170, 4191, 1022009026, 4186, 1037884675, 4202, 1037909218, 4201, 1038304466, 3682, 1037873075, 3690, 1037909222, 3691, 1038347613, 3676, 1021952566, 3692, 1022141435, 3677, 1021101450, 4190, 1021141057, 4206, 1021129471, 4198, 1021121285, 4207, 1022019876, 3685, 1021036384, 3693, 1020920882, 4199, 1022028373, 4195, 1038349379, 3694, 1021126596, 3687, 1022027842, 3679, 1022008513, 3695, 1022019318]
[INFO] (lattice_cell.c: 455): on tick 8 of 50
[INFO] (lattice_cell.c: 172): the unmatched_packets is 56
[3672, 1038780762, 3928, 1038780750, 3944, 1038777653, 3680, 1038774550, 3688, 1038777667, 4184, 1038780720, 4192, 1038774520, 4200, 1038777647, 3673, 1038296110, 3929, 1038294705, 3945, 1038296638, 3681, 1038297234, 3689, 1038298071, 3930, 1037883792, 4185, 1038294173, 3946, 1037886649, 4193, 1038295270, 3674, 1037883814, 3690, 1037886651, 3947, 1038342394, 4201, 1038296074, 3931, 1038343818, 3948, 1021902376, 3675, 1038342467, 3933, 1021095301, 3691, 1038341037, 3934, 1021138392, 3676, 1021973814, 3684, 1022003165, 3935, 1022015545, 3951, 1022014750, 3677, 1021096671, 3932, 1021972956, 3949, 1021165031, 3678, 1021136811, 3950, 1021136236, 4203, 1038342866, 3694, 1021134650, 4189, 1021094668, 4205, 1021164370, 4199, 1022029999, 4186, 1037883766, 4202, 1037886641, 4195, 1038343638, 4187, 1038344285, 4188, 1021972901, 4204, 1021902326, 4197, 1021065737, 4206, 1021137100, 4190, 1021139259, 4198, 1021124639, 4207, 1022015030, 4191, 1022015831, 4194, 1037890186, 3682, 1037890230, 3683, 1038341805, 3692, 1021903238, 3685, 1021067790, 3693, 1021166441, 3686, 1021122195, 3679, 1022014464, 3687, 1022028608, 3695, 1022013654, 4196, 1022002220]
[INFO] (lattice_cell.c: 455): on tick 9 of 50
[INFO] (lattice_cell.c: 172): the unmatched_packets is 56
[3672, 1038772853, 3928, 1038772892, 3944, 1038783730, 3688, 1038783720, 3680, 1038766728, 4184, 1038772928, 4192, 1038766782, 4200, 1038783744, 3673, 1038305222, 3945, 1038305944, 3929, 1038303965, 3689, 1038307198, 3681, 1038307138, 3946, 1037870929, 3930, 1037881120, 3947, 1038348172, 3931, 1038350189, 4193, 1038305420, 4185, 1038303525, 3682, 1037886711, 3690, 1037870919, 3683, 1038347868, 3933, 1021069994, 3684, 1021967328, 3951, 1022022652, 3685, 1021085662, 3948, 1021958429, 3949, 1021094625, 3678, 1021130160, 3950, 1021126132, 3687, 1022019185, 3694, 1021124387, 3679, 1022018667, 3935, 1022019541, 3932, 1021981544, 3934, 1021131887, 4195, 1038349721, 4204, 1021958278, 4188, 1021981399, 4198, 1021130447, 4207, 1022022608, 4199, 1022020030, 4201, 1038305482, 3674, 1037881090, 4194, 1037886743, 3675, 1038348888, 3691, 1038346835, 3676, 1021982646, 3692, 1021959533, 4203, 1038348708, 3677, 1021071950, 3693, 1021096552, 3686, 1021127846, 4206, 1021127005, 4205, 1021093533, 3695, 1022021752, 4189, 1021068905, 4190, 1021132731, 4196, 1021966093, 4186, 1037881146, 4202, 1037870947, 4197, 1021082615, 4187, 1038350699, 4191, 1022019462]
[INFO] (lattice_cell.c: 455): on tick 10 of 50
[INFO] (lattice_cell.c: 172): the unmatched_packets is 56
[3672, 1038772699, 3928, 1038772687, 3944, 1038786296, 3680, 1038780350, 3688, 1038786292, 4184, 1038772682, 4192, 1038780328, 4200, 1038786288, 3673, 1038295854, 3929, 1038294442, 3945, 1038295560, 3681, 1038297618, 3689, 1038296988, 3946, 1037879243, 3930, 1037891236, 3947, 1038343598, 3690, 1037879263, 3931, 1038344353, 3932, 1021987333, 3948, 1022002061, 4185, 1038293902, 4193, 1038295629, 3949, 1021069723, 3684, 1021963796, 3692, 1022002856, 3685, 1021104815, 3693, 1021071264, 3933, 1021080936, 3678, 1021132120, 3686, 1021132111, 4203, 1038344086, 3950, 1021124870, 3934, 1021133848, 3694, 1021123137, 3687, 1022016989, 3951, 1022023785, 3679, 1022020126, 3935, 1022021098, 4186, 1037891208, 4195, 1038343814, 4204, 1022002098, 4188, 1021987426, 4189, 1021080183, 4205, 1021068926, 4197, 1021102517, 4207, 1022023941, 4199, 1022018121, 4194, 1037884177, 4202, 1037879229, 4201, 1038294994, 3674, 1037891264, 4187, 1038344831, 3682, 1037884217, 3675, 1038342996, 3683, 1038341973, 4196, 1021963088, 3691, 1038342227, 3676, 1021988091, 3677, 1021082452, 4190, 1021134846, 3695, 1022022818, 4198, 1021134856, 4206, 1021125864, 4191, 1022021236]
[INFO] (lattice_cell.c: 455): on tick 11 of 50
[INFO] (lattice_cell.c: 172): the unmatched_packets is 56
[3672, 1038765924, 3944, 1038761323, 3928, 1038765944, 3680, 1038777351, 3945, 1038305252, 3929, 1038303949, 3946, 1037892467, 3930, 1037887421, 3681, 1038306612, 3689, 1038306527, 3947, 1038348265, 3948, 1021983031, 3932, 1021967747, 3690, 1037892453, 3933, 1021082508, 3691, 1038346928, 3950, 1021105935, 3934, 1021135803, 3951, 1022046284, 3676, 1021968934, 3692, 1021984246, 3931, 1038350195, 3677, 1021084346, 3949, 1021071137, 3686, 1021124099, 3694, 1021104255, 3935, 1022016507, 4207, 1022046453, 4185, 1038303497, 4194, 1037877050, 4203, 1038348809, 3688, 1038761304, 4187, 1038350713, 4200, 1038761343, 4205, 1021070161, 4196, 1021967410, 4188, 1021967471, 4184, 1038765984, 4192, 1038777392, 4206, 1021106743, 4197, 1021080870, 4189, 1021081535, 4190, 1021136532, 3673, 1038305219, 4191, 1022016576, 3682, 1037877007, 3674, 1037887389, 4201, 1038304770, 3683, 1038347207, 3675, 1038348878, 4193, 1038304880, 3684, 1021968906, 3685, 1021083688, 4186, 1037887449, 3693, 1021072986, 3678, 1021134228, 4204, 1021982740, 3687, 1022027006, 4195, 1038349076, 3679, 1022015499, 3695, 1022045199, 4198, 1021126464, 4199, 1022028158, 4202, 1037892477]
[INFO] (lattice_cell.c: 455): on tick 12 of 50
[INFO] (lattice_cell.c: 172): the unmatched_packets is 56
[3672, 1038776377, 3928, 1038776376, 3944, 1038795048, 3680, 1038786832, 3688, 1038795052, 3673, 1038295721, 3929, 1038294305, 3945, 1038295719, 3681, 1038297033, 3689, 1038297159, 3930, 1037887747, 3946, 1037869998, 3931, 1038345334, 3947, 1038341422, 3932, 1021972031, 3690, 1037870002, 3675, 1038343987, 3933, 1021094659, 3950, 1021189333, 3684, 1021993663, 3951, 1021967721, 3935, 1022010517, 3948, 1021986804, 4186, 1037887730, 3685, 1021075845, 3934, 1021141069, 3686, 1021137221, 3679, 1022009701, 3949, 1021083632, 4197, 1021073245, 4185, 1038293751, 4201, 1038295145, 4202, 1037869990, 4203, 1038341972, 4195, 1038344696, 4192, 1038786837, 3674, 1037887767, 3682, 1037878133, 4204, 1021986952, 4205, 1021082670, 4189, 1021093744, 3683, 1038342807, 4206, 1021190376, 3691, 1038340008, 3676, 1021972668, 4190, 1021142188, 4184, 1038776374, 4200, 1038795039, 3692, 1021987478, 3677, 1021096296, 4193, 1038295035, 3693, 1021085281, 3678, 1021139212, 3694, 1021187574, 3687, 1022011651, 3695, 1021966944, 4199, 1022012492, 4187, 1038345820, 4188, 1021972200, 4196, 1021993126, 4194, 1037878099, 4207, 1021967683, 4198, 1021140165, 4191, 1022010513]
[INFO] (lattice_cell.c: 455): on tick 13 of 50
[INFO] (lattice_cell.c: 172): the unmatched_packets is 56
[3672, 1038767695, 3928, 1038767714, 3944, 1038740572, 3680, 1038753993, 3688, 1038740556, 4184, 1038767745, 4192, 1038754041, 4200, 1038740586, 3673, 1038304710, 3929, 1038303442, 3945, 1038305623, 3681, 1038306507, 3689, 1038306937, 3930, 1037886053, 3946, 1037912669, 4185, 1038302974, 3674, 1037886018, 3931, 1038350173, 4193, 1038304729, 3948, 1021941171, 3682, 1037899217, 3950, 1021017376, 4202, 1037912678, 4187, 1038350685, 3932, 1021966324, 3947, 1038348354, 3949, 1021111278, 3933, 1021083732, 3678, 1021124815, 3686, 1021076244, 3951, 1022134543, 3935, 1022028000, 3934, 1021126328, 3695, 1022133252, 4188, 1021965944, 4205, 1021110429, 4190, 1021126960, 4206, 1021018184, 4191, 1022028230, 4199, 1022067672, 4201, 1038305119, 4203, 1038348846, 3690, 1037912657, 4195, 1038351733, 3675, 1038348846, 3683, 1038349890, 3691, 1038347044, 3676, 1021967630, 3684, 1021967116, 4186, 1037886069, 3692, 1021942494, 3677, 1021085453, 3685, 1021085756, 3693, 1021112995, 4196, 1021965406, 4197, 1021083187, 3694, 1021015671, 4189, 1021082905, 3687, 1022066103, 3679, 1022026803, 4194, 1037899243, 4198, 1021078576, 4204, 1021940770, 4207, 1022134932]
[INFO] (lattice_cell.c: 455): on tick 14 of 50
[INFO] (lattice_cell.c: 172): the unmatched_packets is 56
[3672, 1038789954, 3944, 1038822859, 3928, 1038789974, 3688, 1038822863, 3680, 1038808367, 3673, 1038295422, 3945, 1038295231, 3929, 1038294007, 3689, 1038296663, 3681, 1038296870, 3930, 1037874616, 3946, 1037843193, 3674, 1037874612, 3690, 1037843204, 3947, 1038343765, 3931, 1038343150, 3948, 1021995009, 4200, 1038822859, 3691, 1038342301, 3934, 1021174842, 3684, 1021992808, 3932, 1021991900, 3692, 1021995636, 3933, 1021074854, 3949, 1021074066, 3950, 1021282444, 3935, 1021987393, 3951, 1021865821, 4204, 1021995220, 4188, 1021992162, 4197, 1021072420, 4198, 1021229857, 3682, 1037856931, 3675, 1038341782, 3683, 1038342631, 3676, 1021992487, 3677, 1021076607, 3685, 1021075290, 3693, 1021075875, 3678, 1021172961, 3686, 1021226909, 4194, 1037856926, 4202, 1037843172, 4195, 1038344609, 3694, 1021280667, 4196, 1021992436, 4205, 1021072977, 3679, 1021986720, 4189, 1021073794, 3687, 1021922440, 4206, 1021283511, 4184, 1038789985, 4192, 1038808367, 3695, 1021865204, 4207, 1021865575, 4191, 1021987221, 4193, 1038294882, 4185, 1038293460, 4199, 1021922898, 4190, 1021176004, 4201, 1038294655, 4186, 1037874608, 4187, 1038343663, 4203, 1038344361]
[INFO] (lattice_cell.c: 455): on tick 15 of 50
[INFO] (lattice_cell.c: 172): the unmatched_packets is 56
[3672, 1038740140, 3944, 1038756380, 3928, 1038740168, 3688, 1038756379, 3680, 1038735218, 4192, 1038735255, 4200, 1038756394, 3673, 1038304675, 3929, 1038303373, 4184, 1038740192, 3945, 1038304907, 3681, 1038306517, 3689, 1038306251, 4185, 1038302889, 4193, 1038304673, 4201, 1038304383, 3674, 1037912575, 3946, 1037897902, 3930, 1037912591, 3947, 1038348394, 3932, 1021957911, 3675, 1038349426, 3950, 1020994806, 3691, 1038347086, 3931, 1038350730, 3684, 1021949769, 3935, 1022103351, 3677, 1021094084, 3948, 1021984910, 3685, 1021102699, 3949, 1021070032, 3933, 1021092503, 3693, 1021071637, 3934, 1021050501, 3951, 1022160243, 3679, 1022102053, 4197, 1021100371, 4195, 1038349741, 4188, 1021957458, 4204, 1021984413, 3682, 1037917840, 3690, 1037897887, 4205, 1021069320, 4190, 1021051154, 4206, 1020995572, 4198, 1020983376, 4191, 1022103800, 3683, 1038347945, 3676, 1021959274, 4186, 1037912599, 4194, 1037917864, 4202, 1037897920, 3692, 1021986297, 3678, 1021048990, 3686, 1020981045, 3694, 1020993217, 3687, 1022170616, 3695, 1022158785, 4187, 1038351214, 4203, 1038348888, 4196, 1021947904, 4189, 1021091771, 4207, 1022160789, 4199, 1022172523]
[INFO] (lattice_cell.c: 455): on tick 16 of 50
[INFO] (lattice_cell.c: 172): the unmatched_packets is 56
[3672, 1038811811, 3944, 1038768156, 3928, 1038811833, 3945, 1038295975, 3929, 1038293807, 3673, 1038295195, 3681, 1038296805, 4192, 1038807122, 3947, 1038342484, 3931, 1038345398, 3948, 1021973683, 3949, 1021094715, 3950, 1021165312, 3691, 1038341041, 3946, 1037895606, 3935, 1021877837, 3684, 1021980664, 3930, 1037853141, 3933, 1021071540, 3686, 1021269439, 3951, 1021989204, 3932, 1021993288, 3934, 1021275352, 4186, 1037853145, 4194, 1037857850, 3680, 1038807101, 4187, 1038345942, 3688, 1038768145, 3689, 1038297402, 4205, 1021093468, 4197, 1021082462, 4190, 1021276502, 4184, 1038811843, 4200, 1038768165, 4193, 1038294819, 3674, 1037853141, 4185, 1038293270, 3690, 1037895616, 3682, 1037857869, 3675, 1038344008, 3683, 1038343385, 3676, 1021993845, 4201, 1038295392, 3692, 1021974300, 3677, 1021073424, 3693, 1021096670, 3685, 1021085600, 4188, 1021993619, 3678, 1021273453, 3694, 1021163312, 4204, 1021973939, 3687, 1021877485, 3679, 1021877256, 3695, 1021988634, 4202, 1037895598, 4203, 1038343072, 4195, 1038345417, 4196, 1021980358, 4189, 1021070357, 4206, 1021166537, 4191, 1021877516, 4199, 1021877720, 4207, 1021988903, 4198, 1021272511]
[INFO] (lattice_cell.c: 455): on tick 17 of 50
[INFO] (lattice_cell.c: 172): the unmatched_packets is 56
[3672, 1038738953, 3928, 1038738969, 3944, 1038783711, 3680, 1038776496, 4184, 1038739003, 4192, 1038776516, 4200, 1038783716, 3673, 1038304177, 3688, 1038783713, 3681, 1038305477, 3929, 1038302847, 3945, 1038304092, 3689, 1038305462, 4193, 1038303590, 4185, 1038302349, 3674, 1037914254, 4201, 1038303546, 3930, 1037914282, 3946, 1037870645, 3682, 1037878176, 3931, 1038350197, 3947, 1038349933, 3948, 1021969199, 3675, 1038348893, 3949, 1021084514, 3676, 1021962489, 3684, 1021987656, 4194, 1037878196, 3950, 1021163888, 4202, 1037870643, 3951, 1021983872, 3677, 1021092338, 3693, 1021086017, 3933, 1021090864, 3934, 1020988535, 3694, 1021162446, 3687, 1022088107, 3935, 1022169311, 3932, 1021961091, 3695, 1021982437, 4203, 1038350489, 4187, 1038350665, 3690, 1037870649, 4188, 1021960591, 4205, 1021083867, 4190, 1020989149, 4198, 1021061943, 3683, 1038349333, 3691, 1038348552, 4186, 1037914292, 3692, 1021970602, 3685, 1021066652, 3678, 1020987040, 3686, 1021059879, 4195, 1038351188, 4196, 1021985724, 3679, 1022167898, 4191, 1022169855, 4204, 1021968655, 4189, 1021090250, 4197, 1021064554, 4206, 1021164496, 4207, 1021984396, 4199, 1022090138]
[INFO] (lattice_cell.c: 455): on tick 18 of 50
[INFO] (lattice_cell.c: 172): the unmatched_packets is 56
[3672, 1038781224, 3928, 1038781259, 3944, 1038785602, 3688, 1038785600, 4184, 1038781285, 3673, 1038296489, 3945, 1038296067, 3680, 1038763298, 3929, 1038295109, 4192, 1038763338, 4200, 1038785616, 4185, 1038294580, 4201, 1038295500, 4193, 1038295776, 3689, 1038297483, 3681, 1038297752, 3674, 1037882476, 3930, 1037882474, 3946, 1037879680, 3931, 1038344697, 3947, 1038342053, 3948, 1021980066, 3675, 1038343326, 3691, 1038340662, 3950, 1021108878, 4194, 1037900463, 3932, 1021967149, 3685, 1021090368, 3949, 1021086953, 3933, 1021092217, 3678, 1021226117, 3686, 1021103454, 3934, 1021228139, 4188, 1021967478, 3951, 1022049039, 3687, 1022050791, 3935, 1021928576, 4199, 1022051114, 3690, 1037879676, 3682, 1037900455, 4205, 1021085615, 4206, 1021110233, 4187, 1038345241, 3683, 1038342057, 4195, 1038343988, 4203, 1038342606, 4186, 1037882482, 3676, 1021967716, 4202, 1037879696, 3684, 1021975057, 3692, 1021980689, 3677, 1021094225, 3693, 1021089023, 3694, 1021106796, 3679, 1021928054, 4204, 1021980320, 3695, 1022048376, 4196, 1021974741, 4189, 1021090938, 4197, 1021087024, 4190, 1021229391, 4198, 1021106858, 4191, 1021928214, 4207, 1022048813]
[INFO] (lattice_cell.c: 455): on tick 19 of 50
[INFO] (lattice_cell.c: 172): the unmatched_packets is 56
[3672, 1038784969, 3928, 1038784985, 3944, 1038768581, 3680, 1038773096, 4192, 1038773128, 4200, 1038768581, 3673, 1038302593, 3929, 1038301242, 3945, 1038303854, 3681, 1038304147, 3688, 1038768577, 3689, 1038305264, 4185, 1038300715, 4193, 1038302204, 4201, 1038303268, 3930, 1037869566, 3946, 1037885522, 3674, 1037869554, 3947, 1038349839, 3682, 1037880548, 3932, 1021981045, 3690, 1037885522, 3931, 1038351864, 3949, 1021079076, 3691, 1038348407, 3951, 1022042750, 3935, 1022012514, 3692, 1021978625, 3933, 1021073532, 3950, 1021106289, 3934, 1021139183, 3694, 1021104863, 3948, 1021977215, 3695, 1022041369, 4195, 1038352295, 4203, 1038350431, 4184, 1038785002, 4196, 1021964409, 4204, 1021976658, 4197, 1021088564, 4190, 1021139670, 3675, 1038350507, 3683, 1038350309, 3676, 1021982405, 3684, 1021966320, 4186, 1037869572, 3677, 1021074901, 4194, 1037880542, 3685, 1021090542, 3693, 1021080497, 4202, 1037885520, 3678, 1021137864, 3686, 1021161518, 3687, 1021981708, 3679, 1022011161, 4188, 1021980555, 4189, 1021072998, 4199, 1021983573, 4206, 1021106839, 4207, 1022043299, 4191, 1022013033, 4187, 1038352388, 4205, 1021078507, 4198, 1021163395]
[INFO] (lattice_cell.c: 455): on tick 20 of 50
[INFO] (lattice_cell.c: 172): the unmatched_packets is 56
[3672, 1038764155, 3928, 1038764177, 3944, 1038775552, 3680, 1038788508, 3688, 1038775523, 4184, 1038764199, 4192, 1038788546, 4200, 1038775562, 3673, 1038294679, 3929, 1038293320, 3945, 1038297009, 3689, 1038298395, 3946, 1037888590, 3930, 1037899717, 3931, 1038343640, 3932, 1021992807, 3674, 1037899687, 3933, 1021075530, 3675, 1038342325, 3947, 1038342413, 3935, 1022063813, 4194, 1037876393, 3949, 1021086260, 3678, 1021097341, 3934, 1021099474, 3687, 1022014506, 3694, 1021140483, 3951, 1022015361, 3948, 1021975773, 3950, 1021142654, 4196, 1021975793, 4189, 1021074194, 4205, 1021084858, 4197, 1021081705, 4207, 1022015132, 4191, 1022063558, 4199, 1022014985, 3681, 1038297945, 4187, 1038344127, 4201, 1038296430, 3682, 1037876363, 4185, 1038292800, 3690, 1037888578, 4190, 1021100837, 4193, 1038296015, 4198, 1021143457, 3683, 1038342356, 3691, 1038341028, 4203, 1038342962, 3684, 1021976197, 3676, 1021993425, 3692, 1021976458, 3685, 1021085219, 4204, 1021975992, 3677, 1021077626, 3693, 1021088404, 3686, 1021139941, 4188, 1021993123, 4186, 1037899735, 3679, 1022063166, 3695, 1022014656, 4206, 1021144041, 4195, 1038344218, 4202, 1037888590]
[INFO] (lattice_cell.c: 455): on tick 21 of 50
[INFO] (lattice_cell.c: 172): the unmatched_packets is 56
[3672, 1038769790, 3944, 1038778347, 3928, 1038769819, 3688, 1038778337, 3680, 1038777590, 3945, 1038302675, 3673, 1038302509, 3929, 1038301149, 3946, 1037876012, 3681, 1038306162, 4200, 1038778348, 3931, 1038352074, 3932, 1021939826, 3682, 1037876933, 3933, 1021115037, 3675, 1038350674, 3683, 1038350037, 3930, 1037883711, 3947, 1038350453, 3948, 1021975276, 3693, 1021084649, 3949, 1021083282, 3686, 1021100037, 3950, 1021140296, 3694, 1021138962, 3934, 1021134004, 3679, 1022015173, 4188, 1021939332, 3951, 1022006798, 3935, 1022016419, 4201, 1038302082, 4186, 1037883707, 4202, 1037876004, 4203, 1038351079, 4187, 1038352624, 4196, 1021968432, 4197, 1021077746, 4206, 1021140823, 4190, 1021134454, 4207, 1022007305, 4198, 1021101869, 4191, 1022016842, 4192, 1038777614, 4193, 1038304161, 4185, 1038300619, 3689, 1038304132, 3674, 1037883701, 4194, 1037876938, 4184, 1038769853, 4195, 1038352069, 4204, 1021974775, 3690, 1037876020, 3691, 1038348982, 3676, 1021941183, 3684, 1021970280, 3692, 1021976621, 3677, 1021116377, 3685, 1021079645, 3678, 1021132719, 4199, 1022046883, 3687, 1022045057, 3695, 1022005459, 4205, 1021082723, 4189, 1021114501]
[INFO] (lattice_cell.c: 455): on tick 22 of 50
[INFO] (lattice_cell.c: 172): the unmatched_packets is 56
[3672, 1038758480, 3944, 1038780182, 3928, 1038758481, 3680, 1038763831, 4192, 1038763867, 4200, 1038780194, 3688, 1038780174, 3673, 1038297209, 3945, 1038295066, 3929, 1038295848, 4184, 1038758504, 3681, 1038298366, 3689, 1038296449, 4185, 1038295306, 4193, 1038296406, 4201, 1038294496, 3674, 1037904839, 3946, 1037884605, 3930, 1037904865, 3682, 1037899799, 3690, 1037884587, 3947, 1038341935, 3931, 1038344463, 3948, 1021986184, 3683, 1038342285, 3949, 1021083609, 3932, 1022030031, 3950, 1021125504, 3684, 1021997102, 3685, 1021063501, 3933, 1021024990, 3678, 1021178793, 3934, 1021180948, 3951, 1022034338, 3935, 1021980469, 3687, 1022030168, 3695, 1022033529, 4196, 1021996652, 4204, 1021986347, 4205, 1021082195, 4198, 1021129536, 4191, 1021980269, 3675, 1038343172, 3691, 1038340580, 4194, 1037899834, 4202, 1037884611, 3676, 1022030621, 4187, 1038344948, 4186, 1037904883, 3692, 1021986933, 3677, 1021027109, 4195, 1038344124, 4188, 1022030346, 3693, 1021085781, 4203, 1038342478, 3686, 1021125929, 3694, 1021123309, 3679, 1021979749, 4189, 1021023684, 4197, 1021060014, 4190, 1021182314, 4206, 1021126940, 4207, 1022034220, 4199, 1022030786]
[INFO] (lattice_cell.c: 455): on tick 23 of 50
[INFO] (lattice_cell.c: 172): the unmatched_packets is 56
[3672, 1038810640, 3928, 1038810680, 3944, 1038778223, 3680, 1038790060, 4184, 1038810729, 4192, 1038790119, 4200, 1038778235, 3673, 1038300404, 3945, 1038302444, 3929, 1038299034, 3689, 1038303910, 3681, 1038302779, 3946, 1037876138, 3930, 1037844703, 3947, 1038350505, 4201, 1038301844, 3682, 1037864301, 3932, 1021867402, 3675, 1038350559, 3950, 1021110372, 3691, 1038349010, 3676, 1021868745, 3931, 1038351972, 3948, 1021958883, 3949, 1021101066, 3933, 1021194397, 3686, 1021128446, 4196, 1021918615, 3934, 1021114152, 3951, 1022037171, 3935, 1022036217, 3695, 1022035916, 4190, 1021114603, 4187, 1038352514, 4204, 1021958374, 4188, 1021866918, 4205, 1021100446, 4197, 1021138320, 4206, 1021110926, 4198, 1021130247, 3688, 1038778217, 4193, 1038300806, 4185, 1038298506, 4202, 1037876134, 4194, 1037864300, 3674, 1037844687, 3690, 1037876145, 4186, 1037844717, 3683, 1038350642, 4195, 1038352720, 3684, 1021920507, 3692, 1021960214, 3685, 1021140371, 3677, 1021195730, 3693, 1021102480, 3678, 1021112909, 3694, 1021109023, 3687, 1022014692, 4207, 1022037611, 4191, 1022036555, 3679, 1022035057, 4199, 1022016300, 4203, 1038351148, 4189, 1021193803]
[INFO] (lattice_cell.c: 455): on tick 24 of 50
[INFO] (lattice_cell.c: 172): the unmatched_packets is 56
[3672, 1038736559, 3928, 1038736549, 3944, 1038761312, 3680, 1038752851, 3688, 1038761295, 4184, 1038736551, 4192, 1038752858, 4200, 1038761318, 3673, 1038297268, 3929, 1038295922, 3945, 1038297999, 4193, 1038298008, 4201, 1038297383, 3930, 1037926620, 3674, 1037926606, 3946, 1037902460, 3690, 1037902454, 4186, 1037926615, 3947, 1038342303, 3931, 1038344105, 4202, 1037902471, 3675, 1038342812, 3683, 1038342529, 3691, 1038340953, 3948, 1022016411, 3932, 1022125144, 3676, 1022125826, 3950, 1021144396, 3684, 1022070489, 3951, 1022015886, 3935, 1022029645, 3949, 1021040605, 3693, 1021042719, 3934, 1021135383, 3694, 1021142161, 3933, 1020931925, 3695, 1022014973, 4205, 1021039309, 4191, 1022029565, 4199, 1022002350, 4196, 1022069998, 4189, 1020930672, 4197, 1020978991, 4198, 1021158182, 4185, 1038295406, 4194, 1037910882, 3681, 1038299988, 3689, 1038299422, 3682, 1037910865, 4188, 1022125365, 4204, 1022016572, 4203, 1038342842, 4187, 1038344586, 4190, 1021136762, 4206, 1021145786, 3692, 1022017182, 4207, 1022015852, 4195, 1038344377, 3677, 1020934025, 3685, 1020982344, 3678, 1021133221, 3686, 1021154612, 3679, 1022028786, 3687, 1022001484]
[INFO] (lattice_cell.c: 455): on tick 25 of 50
[INFO] (lattice_cell.c: 172): the unmatched_packets is 56
[3672, 1038782632, 3928, 1038782678, 3944, 1038803509, 3680, 1038811917, 3688, 1038803483, 4184, 1038782738, 4200, 1038803534, 3673, 1038301960, 4192, 1038812002, 3929, 1038300543, 3945, 1038300243, 3681, 1038302994, 3689, 1038301695, 4185, 1038299985, 4201, 1038299665, 3674, 1037870819, 3946, 1037851580, 3930, 1037870868, 3682, 1037843268, 3947, 1038350520, 3931, 1038352493, 3932, 1021845701, 3675, 1038351068, 4186, 1037870901, 3948, 1021891784, 3949, 1021175016, 4202, 1037851583, 4194, 1037843304, 3950, 1021119498, 3934, 1021133813, 3684, 1021836382, 3951, 1022027487, 3685, 1021223435, 3933, 1021208857, 3935, 1022015221, 3694, 1021118139, 4206, 1021120090, 4191, 1022015448, 4204, 1021891306, 4197, 1021221306, 4190, 1021134348, 4198, 1021101358, 4199, 1022045513, 4187, 1038353052, 4203, 1038351187, 4188, 1021845326, 4196, 1021834655, 4189, 1021208189, 4205, 1021174246, 3690, 1037851589, 4193, 1038300976, 3683, 1038350296, 3691, 1038349008, 3676, 1021846900, 3692, 1021893124, 3677, 1021210274, 3693, 1021176522, 3678, 1021132516, 3686, 1021099451, 3687, 1022044129, 3679, 1022014215, 4207, 1022027804, 3695, 1022026367, 4195, 1038352383]
[INFO] (lattice_cell.c: 455): on tick 26 of 50
[INFO] (lattice_cell.c: 172): the unmatched_packets is 56
[3672, 1038780185, 3928, 1038780194, 3944, 1038746317, 3680, 1038750895, 3688, 1038746330, 4192, 1038750897, 4200, 1038746311, 4184, 1038780208, 3673, 1038295009, 3945, 1038297745, 3929, 1038293683, 3681, 1038298171, 4193, 1038296240, 4201, 1038297125, 4185, 1038293170, 3689, 1038299155, 3674, 1037884316, 3946, 1037917450, 3930, 1037884311, 3682, 1037912933, 3690, 1037917435, 3947, 1038343254, 3931, 1038343932, 3948, 1022110498, 3932, 1022017407, 4194, 1037912925, 3691, 1038341892, 3683, 1038342599, 3949, 1020948122, 3933, 1021046071, 3676, 1022018223, 3935, 1022016174, 3677, 1021048019, 4195, 1038344442, 3693, 1020950197, 3950, 1021146816, 3934, 1021148236, 3678, 1021146130, 3951, 1022010993, 3694, 1021144657, 3687, 1022031000, 4205, 1020946924, 3675, 1038342650, 4188, 1022017531, 4196, 1022111305, 4197, 1020945626, 4190, 1021149503, 4206, 1021148168, 4198, 1021130200, 4207, 1022011105, 4191, 1022016200, 4199, 1022032131, 4187, 1038344389, 4203, 1038343812, 4186, 1037884300, 4204, 1022110551, 3684, 1022112147, 4189, 1021044937, 3692, 1022111343, 3685, 1020948865, 3686, 1021126720, 3679, 1022015195, 4202, 1037917445, 3695, 1022009935]
[INFO] (lattice_cell.c: 455): on tick 27 of 50
[INFO] (lattice_cell.c: 172): the unmatched_packets is 56
[3672, 1038759914, 3928, 1038759957, 3944, 1038802423, 3680, 1038772168, 3688, 1038802387, 4192, 1038772260, 4200, 1038802456, 3673, 1038302202, 4184, 1038760006, 3929, 1038300800, 3945, 1038302324, 3681, 1038305051, 3689, 1038303819, 4193, 1038302978, 4185, 1038300270, 4201, 1038301692, 3674, 1037893738, 3930, 1037893793, 3946, 1037852291, 3682, 1037881201, 3690, 1037852260, 3931, 1038352976, 3947, 1038349986, 3932, 1022005539, 3675, 1038351528, 4194, 1037881274, 4186, 1037893839, 3683, 1038350254, 3949, 1021223968, 4202, 1037852311, 3676, 1022006638, 3934, 1021142764, 3950, 1021111104, 3948, 1021834188, 3951, 1022037688, 3933, 1021048369, 3685, 1021148854, 3678, 1021141393, 3935, 1022007016, 3694, 1021109638, 3687, 1022008121, 4196, 1021899999, 4190, 1021143353, 4198, 1021139690, 4207, 1022037903, 4195, 1038352373, 4187, 1038353549, 4203, 1038350640, 3691, 1038348461, 3684, 1021901435, 3692, 1021835362, 3677, 1021049977, 3693, 1021225532, 3686, 1021137609, 4189, 1021047494, 3679, 1022006124, 4197, 1021146425, 4205, 1021223125, 3695, 1022036666, 4188, 1022005236, 4199, 1022009260, 4204, 1021833858, 4206, 1021111808, 4191, 1022007136]
[INFO] (lattice_cell.c: 455): on tick 28 of 50
[INFO] (lattice_cell.c: 172): the unmatched_packets is 56
[3672, 1038778126, 3928, 1038778126, 3944, 1038768783, 3680, 1038794972, 3688, 1038768777, 4192, 1038794982, 4200, 1038768777, 4184, 1038778129, 3673, 1038296447, 3929, 1038295088, 3945, 1038295147, 3681, 1038297532, 3689, 1038296538, 3930, 1037885737, 3946, 1037895744, 3674, 1037885727, 3931, 1038344533, 4185, 1038294522, 4193, 1038295552, 4201, 1038294544, 3934, 1021134392, 3691, 1038339468, 3947, 1038340847, 3935, 1022027396, 3948, 1022066744, 3932, 1021935084, 3949, 1021001810, 3933, 1021122190, 3686, 1021130065, 3950, 1021127857, 3694, 1021125815, 3951, 1022039934, 3695, 1022038765, 4198, 1021133306, 4202, 1037895727, 4203, 1038341410, 4187, 1038344997, 4195, 1038344501, 4204, 1022066646, 4188, 1021935158, 4205, 1021000680, 4189, 1021121237, 4206, 1021129077, 4190, 1021135538, 4207, 1022040156, 4191, 1022027570, 4199, 1022026305, 4194, 1037870013, 3682, 1037870046, 3690, 1037895754, 3675, 1038343269, 3683, 1038342667, 3676, 1021935979, 3684, 1021957197, 4186, 1037885733, 3692, 1022067824, 3677, 1021123949, 3685, 1021104158, 3693, 1021003740, 3678, 1021132344, 3687, 1022024927, 3679, 1022026286, 4197, 1021101312, 4196, 1021956143]
[INFO] (lattice_cell.c: 455): on tick 29 of 50
[INFO] (lattice_cell.c: 172): the unmatched_packets is 56
[3672, 1038775426, 3928, 1038775470, 3944, 1038763143, 3680, 1038768720, 3688, 1038763122, 3673, 1038301342, 3929, 1038299963, 3945, 1038302743, 4184, 1038775530, 4192, 1038768786, 3681, 1038303412, 3946, 1037890433, 3930, 1037878702, 3674, 1037878650, 3682, 1037885559, 3947, 1038350660, 3931, 1038352195, 4185, 1038299428, 3675, 1038350755, 4193, 1038301391, 3950, 1021144707, 3934, 1021125766, 3948, 1021971510, 3932, 1021968817, 3678, 1021124274, 3686, 1021118063, 3949, 1021084433, 3933, 1021088964, 3687, 1022020090, 3951, 1022004070, 3935, 1022026334, 4205, 1021083395, 4197, 1021031545, 3689, 1038304241, 3690, 1037890394, 4202, 1037890459, 4186, 1037878736, 4203, 1038351302, 4195, 1038354712, 4204, 1021971281, 4188, 1021968625, 4196, 1022022571, 3683, 1038352594, 4200, 1038763165, 3691, 1038349147, 4206, 1021145633, 4190, 1021126502, 3676, 1021969838, 3684, 1022023879, 4207, 1022004236, 4198, 1021120421, 4191, 1022026310, 4199, 1022021052, 4194, 1037885619, 3692, 1021972557, 3677, 1021090676, 4187, 1038352765, 3685, 1021034377, 4201, 1038302107, 3693, 1021086216, 3694, 1021143057, 3679, 1022025569, 3695, 1022003120, 4189, 1021087988]
[INFO] (lattice_cell.c: 455): on tick 30 of 50
[INFO] (lattice_cell.c: 172): the unmatched_packets is 56
[3672, 1038768207, 3928, 1038768230, 3944, 1038788576, 3680, 1038768931, 3688, 1038788578, 3673, 1038295340, 3929, 1038293987, 3945, 1038296839, 3681, 1038298626, 4184, 1038768254, 3689, 1038298278, 3930, 1037895627, 3946, 1037876032, 3674, 1037895627, 3947, 1038343593, 3932, 1022002484, 3949, 1021134888, 3933, 1021057723, 3683, 1038343070, 3951, 1022035086, 3935, 1022021727, 3931, 1038342902, 3694, 1021117954, 3687, 1022029275, 3934, 1021149075, 3679, 1022020529, 3695, 1022033873, 3948, 1021925137, 3950, 1021119798, 4202, 1037876018, 4187, 1038343385, 4204, 1021924937, 4188, 1022002380, 4205, 1021133977, 4197, 1021089620, 4190, 1021150080, 4198, 1021128916, 4191, 1022021982, 4192, 1038768934, 4200, 1038788585, 3682, 1037894762, 3690, 1037876040, 4194, 1037894769, 3675, 1038341626, 4185, 1038293440, 4193, 1038296600, 4201, 1038296205, 3691, 1038342171, 3676, 1022003544, 3684, 1021964114, 4195, 1038344985, 3692, 1021926302, 3677, 1021059417, 3685, 1021092233, 3693, 1021136627, 3678, 1021147197, 3686, 1021126037, 4196, 1021962880, 4189, 1021056879, 4186, 1037895622, 4203, 1038344215, 4206, 1021120782, 4199, 1022030811, 4207, 1022035345]
[INFO] (lattice_cell.c: 455): on tick 31 of 50
[INFO] (lattice_cell.c: 172): the unmatched_packets is 56
[3672, 1038765749, 3928, 1038765771, 3944, 1038790674, 3680, 1038782726, 3688, 1038790641, 4184, 1038765824, 4192, 1038782793, 3673, 1038302006, 3945, 1038301302, 3929, 1038300619, 3689, 1038302781, 3930, 1037887874, 3946, 1037864483, 3682, 1037871432, 3690, 1037864457, 3948, 1022012025, 4185, 1038300089, 3683, 1038349377, 3947, 1038348403, 3950, 1021153742, 3951, 1022003970, 3685, 1021109461, 3932, 1021970394, 3933, 1021083666, 3949, 1021050736, 3678, 1021147782, 3686, 1021136549, 3934, 1021149462, 3931, 1038352293, 3687, 1022012830, 3679, 1022001885, 3935, 1022002607, 3695, 1022003013, 4206, 1021154895, 4190, 1021150409, 4202, 1037864496, 4195, 1038351387, 4187, 1038352841, 4188, 1021970344, 4198, 1021139420, 4207, 1022004119, 4191, 1022002544, 4199, 1022013710, 3681, 1038304321, 4200, 1038790696, 3674, 1037887811, 4201, 1038300685, 4193, 1038302277, 4194, 1037871496, 4186, 1037887904, 3675, 1038350884, 3691, 1038346939, 3676, 1021971232, 3684, 1021944487, 3692, 1022012983, 3677, 1021085525, 3693, 1021052661, 4203, 1038348986, 3694, 1021151843, 4205, 1021049551, 4197, 1021106454, 4189, 1021082541, 4204, 1022011852, 4196, 1021943465]
[INFO] (lattice_cell.c: 455): on tick 32 of 50
[INFO] (lattice_cell.c: 172): the unmatched_packets is 56
[3672, 1038777806, 3928, 1038777816, 3944, 1038745694, 3680, 1038773502, 3688, 1038745677, 4192, 1038773547, 4184, 1038777842, 4200, 1038745701, 3673, 1038296026, 3929, 1038294656, 3945, 1038296005, 3681, 1038297426, 3930, 1037886211, 3946, 1037917577, 3932, 1021950396, 3675, 1038344401, 3949, 1021075200, 3950, 1021059934, 3676, 1021951560, 3684, 1021981194, 3947, 1038343995, 3931, 1038345723, 3685, 1021079267, 3948, 1021988503, 3678, 1021127947, 3933, 1021107475, 3686, 1021099200, 4188, 1021950165, 3934, 1021129572, 4204, 1021988166, 3694, 1021058279, 3951, 1022096727, 3679, 1022027394, 3935, 1022028614, 4191, 1022028907, 4186, 1037886221, 4202, 1037917573, 4195, 1038347265, 4187, 1038346243, 4203, 1038344671, 4196, 1021979609, 3689, 1038297448, 3674, 1037886185, 3682, 1037890824, 4197, 1021076897, 4205, 1021074366, 4206, 1021060731, 4199, 1022049779, 4185, 1038294087, 3690, 1037917580, 4193, 1038295419, 3683, 1038345250, 4201, 1038295358, 4194, 1037890825, 3691, 1038342526, 3692, 1021989805, 3677, 1021108990, 3693, 1021076882, 3687, 1022048241, 3695, 1022095475, 4207, 1022097055, 4189, 1021106765, 4198, 1021101577, 4190, 1021130336]
[INFO] (lattice_cell.c: 455): on tick 33 of 50
[INFO] (lattice_cell.c: 172): the unmatched_packets is 56
[3672, 1038781697, 3928, 1038781729, 3944, 1038802543, 3680, 1038787666, 3688, 1038802538, 4184, 1038781785, 4192, 1038787712, 4200, 1038802554, 3673, 1038301195, 3929, 1038299814, 3945, 1038302378, 3681, 1038303484, 3689, 1038303879, 3930, 1037872857, 3947, 1038350667, 3674, 1037872817, 3946, 1037852117, 3948, 1021963945, 3675, 1038348617, 3949, 1021092415, 3683, 1038349679, 3684, 1022005294, 4186, 1037872889, 3692, 1021964770, 3685, 1021050968, 3931, 1038349979, 4187, 1038350483, 3693, 1021094440, 3678, 1021150465, 3932, 1021983073, 3933, 1021074095, 3687, 1021961305, 3950, 1021242279, 3934, 1021152402, 3695, 1021904081, 4202, 1037852127, 3951, 1021904919, 3935, 1022009349, 4196, 1022004496, 4204, 1021963961, 4188, 1021983127, 4198, 1021191528, 4207, 1021904965, 4191, 1022009262, 4199, 1021962156, 4193, 1038301439, 3682, 1037866937, 3690, 1037852075, 4185, 1038299284, 4201, 1038301750, 3691, 1038349200, 3676, 1021983826, 4206, 1021243563, 4194, 1037866988, 4190, 1021153579, 3677, 1021076066, 4195, 1038351656, 4203, 1038351268, 4205, 1021091152, 4197, 1021047652, 3686, 1021188261, 3694, 1021240259, 3679, 1022008655, 4189, 1021072864]
[INFO] (lattice_cell.c: 455): on tick 34 of 50
[INFO] (lattice_cell.c: 172): the unmatched_packets is 56
[3672, 1038752167, 3928, 1038752194, 3944, 1038755868, 3680, 1038746923, 3688, 1038755838, 3929, 1038294884, 3945, 1038296456, 4192, 1038746964, 3673, 1038296258, 3946, 1037908148, 3681, 1038298623, 3930, 1037910982, 3949, 1021112294, 3683, 1038343047, 3934, 1021087828, 3947, 1038340417, 3931, 1038346266, 3948, 1021949943, 3932, 1021979313, 3933, 1021077294, 3687, 1022125097, 3950, 1021002449, 3935, 1022070865, 3951, 1022168078, 4194, 1037916168, 4202, 1037908158, 4187, 1038346814, 4203, 1038341044, 4195, 1038345075, 4188, 1021978956, 4196, 1021945460, 4199, 1022126845, 4184, 1038752228, 4186, 1037910998, 4200, 1038755903, 3689, 1038297930, 3674, 1037910958, 3682, 1037916139, 4185, 1038294331, 4204, 1021949459, 4193, 1038296576, 4201, 1038295797, 3690, 1037908146, 4189, 1021076661, 3675, 1038344909, 4205, 1021111556, 3691, 1038338978, 3676, 1021980629, 3684, 1021947233, 3692, 1021951397, 3677, 1021078740, 3685, 1021109772, 3693, 1021113841, 4197, 1021107611, 4190, 1021088408, 3678, 1021086374, 4206, 1021003225, 3686, 1021031489, 4198, 1021033673, 3694, 1021000826, 4191, 1022071197, 3679, 1022069620, 3695, 1022166682, 4207, 1022168579]
[INFO] (lattice_cell.c: 455): on tick 35 of 50
[INFO] (lattice_cell.c: 172): the unmatched_packets is 56
[3672, 1038791184, 3944, 1038794884, 3928, 1038791197, 3680, 1038810533, 3688, 1038794882, 4192, 1038810560, 4200, 1038794894, 4184, 1038791240, 3673, 1038301027, 3945, 1038301383, 3929, 1038299648, 3681, 1038303039, 4185, 1038299117, 4193, 1038301010, 4201, 1038300761, 3674, 1037863143, 3946, 1037859895, 3930, 1037863195, 3682, 1037844551, 3947, 1038352519, 3931, 1038352244, 4186, 1037863218, 3948, 1022000140, 3675, 1038350895, 3949, 1021059944, 3933, 1021070893, 4194, 1037844601, 3950, 1021236312, 3684, 1021972627, 3932, 1021985442, 3692, 1022000874, 3678, 1021233391, 3686, 1021248502, 3934, 1021235440, 3687, 1021886544, 3935, 1021916595, 4197, 1021080649, 3951, 1021904368, 4188, 1021985634, 4204, 1022000217, 4205, 1021058566, 4190, 1021236722, 4206, 1021237613, 4207, 1021904220, 3689, 1038302860, 3690, 1037859889, 3683, 1038352869, 3691, 1038350996, 4202, 1037859887, 3676, 1021986103, 4198, 1021251838, 4191, 1021916417, 4187, 1038352743, 4195, 1038354895, 3677, 1021072946, 3685, 1021084073, 3693, 1021062098, 3694, 1021234278, 3679, 1021915945, 3695, 1021903688, 4199, 1021887118, 4203, 1038353189, 4196, 1021972039, 4189, 1021069577]
[INFO] (lattice_cell.c: 455): on tick 36 of 50
[INFO] (lattice_cell.c: 172): the unmatched_packets is 56
[3672, 1038745873, 3928, 1038745909, 3944, 1038775261, 3680, 1038756780, 3688, 1038775247, 4184, 1038745958, 4192, 1038756859, 4200, 1038775283, 3673, 1038294582, 3929, 1038293199, 3945, 1038296333, 3681, 1038298107, 3689, 1038297813, 4185, 1038292630, 4193, 1038296033, 4201, 1038295664, 3674, 1037917247, 3930, 1037917286, 3946, 1037889167, 3682, 1037907197, 3690, 1037889131, 4186, 1037917308, 3931, 1038342661, 3947, 1038342342, 3675, 1038341316, 4194, 1037907247, 3691, 1038340924, 3933, 1021116735, 3950, 1021085855, 3934, 1021024039, 3676, 1021948730, 3932, 1021947348, 3948, 1021993819, 3951, 1022078503, 3935, 1022148475, 3692, 1021995306, 4195, 1038343385, 4187, 1038343186, 3949, 1021067689, 3693, 1021069167, 4203, 1038342939, 3678, 1021022616, 3694, 1021084324, 4205, 1021067005, 4204, 1021993256, 4197, 1021079258, 4206, 1021086597, 4207, 1022079138, 4199, 1022160657, 4202, 1037889187, 3683, 1038341451, 3684, 1021977286, 4196, 1021975284, 3677, 1021118118, 3685, 1021081297, 4189, 1021116190, 3686, 1021006530, 3687, 1022158598, 3679, 1022147146, 4188, 1021946901, 3695, 1022076906, 4190, 1021024595, 4198, 1021008734, 4191, 1022148918]
[INFO] (lattice_cell.c: 455): on tick 37 of 50
[INFO] (lattice_cell.c: 172): the unmatched_packets is 56
[3672, 1038801456, 3928, 1038801476, 3944, 1038757365, 3680, 1038772238, 4184, 1038801506, 3688, 1038757357, 4192, 1038772274, 4200, 1038757377, 3673, 1038300708, 3945, 1038302442, 3929, 1038299326, 3681, 1038305264, 3689, 1038303941, 3930, 1037853443, 3946, 1037896080, 3674, 1037853397, 4185, 1038298777, 4193, 1038303216, 3675, 1038352742, 4201, 1038301775, 3683, 1038351572, 3934, 1021256969, 3947, 1038349589, 3931, 1038354131, 3692, 1021953162, 3948, 1021952481, 3932, 1021982240, 3677, 1021076651, 4203, 1038350258, 3949, 1021105904, 3933, 1021074576, 3950, 1021100993, 3694, 1021098768, 4196, 1021975468, 3695, 1022050645, 3951, 1022051255, 3935, 1021887238, 4194, 1037881475, 4202, 1037896075, 4187, 1038354674, 4188, 1021982527, 4204, 1021952649, 4189, 1021073262, 4205, 1021104464, 4197, 1021068996, 4206, 1021102405, 4190, 1021258209, 4191, 1021886931, 3682, 1037881467, 3690, 1037896070, 4186, 1037853457, 3691, 1038348067, 3684, 1021975913, 4195, 1038353721, 3676, 1021982822, 3685, 1021072595, 3693, 1021108125, 3686, 1021193306, 3678, 1021254951, 3687, 1021947918, 3679, 1021886733, 4207, 1022051060, 4199, 1021948191, 4198, 1021196696]
[INFO] (lattice_cell.c: 455): on tick 38 of 50
[INFO] (lattice_cell.c: 172): the unmatched_packets is 56
[3672, 1038763956, 3944, 1038790919, 3928, 1038763991, 3680, 1038790350, 3688, 1038790884, 4184, 1038764037, 4192, 1038790390, 4200, 1038790945, 3673, 1038296570, 3945, 1038294017, 3929, 1038295192, 4201, 1038293364, 4185, 1038294651, 3674, 1037899907, 4193, 1038295903, 3946, 1037873578, 3930, 1037899975, 3690, 1037873557, 3682, 1037874145, 3947, 1038343070, 3931, 1038344207, 3948, 1021968657, 3675, 1038342909, 3932, 1021985777, 3950, 1021180986, 3934, 1021052469, 3677, 1021070979, 3949, 1021099736, 3933, 1021069610, 3693, 1021101163, 3686, 1021145601, 3951, 1021978698, 3935, 1022116087, 4187, 1038344670, 4203, 1038343697, 4196, 1021973629, 4188, 1021985235, 4204, 1021968008, 4197, 1021079234, 4206, 1021181629, 4190, 1021053081, 4207, 1021979354, 4191, 1022116698, 3689, 1038295499, 3681, 1038297942, 4195, 1038346141, 4186, 1037900012, 3683, 1038344218, 4194, 1037874230, 3691, 1038341617, 4202, 1037873596, 3676, 1021987242, 3684, 1021975751, 3692, 1021970217, 3685, 1021081249, 3678, 1021051024, 3694, 1021179561, 3679, 1022114627, 3687, 1022007198, 4198, 1021147626, 4199, 1022009439, 3695, 1021977153, 4205, 1021099077, 4189, 1021069020]
[INFO] (lattice_cell.c: 455): on tick 39 of 50
[INFO] (lattice_cell.c: 172): the unmatched_packets is 56
[3672, 1038750596, 3928, 1038750632, 3944, 1038782678, 3680, 1038765401, 3688, 1038782672, 4184, 1038750687, 3929, 1038298190, 3945, 1038301532, 4200, 1038782685, 3673, 1038299581, 3930, 1037902380, 3946, 1037872289, 3933, 1021087617, 3950, 1021118318, 3684, 1021964307, 3947, 1038350692, 3932, 1021975623, 3685, 1021094179, 4203, 1038351368, 3949, 1021066012, 3693, 1021068234, 3934, 1021149842, 3686, 1021072391, 3951, 1022031571, 3687, 1022074029, 3935, 1022005381, 4197, 1021090657, 3679, 1022004969, 3948, 1021994219, 4199, 1022074353, 3931, 1038351583, 4195, 1038352488, 4205, 1021064589, 4190, 1021151101, 4206, 1021119741, 4185, 1038297626, 4186, 1037902394, 4194, 1037888774, 3681, 1038303211, 3689, 1038303032, 4201, 1038300865, 3674, 1037902353, 3682, 1037888740, 4193, 1038301108, 3690, 1037872273, 3675, 1038350183, 3683, 1038350422, 3691, 1038349198, 3676, 1021976206, 3692, 1021994907, 4187, 1038352152, 3677, 1021089698, 3678, 1021147758, 4196, 1021963916, 3694, 1021116100, 4204, 1021994431, 4188, 1021975956, 4189, 1021086280, 4198, 1021075983, 4207, 1022031392, 4191, 1022004980, 3695, 1022030903, 4192, 1038765445, 4202, 1037872289]
[INFO] (lattice_cell.c: 455): on tick 40 of 50
[INFO] (lattice_cell.c: 172): the unmatched_packets is 56
[3672, 1038794160, 3928, 1038794165, 3944, 1038767172, 3680, 1038778252, 3688, 1038767154, 4184, 1038794197, 4192, 1038778301, 3673, 1038296181, 3945, 1038296805, 3929, 1038294794, 3681, 1038299573, 3946, 1037896722, 3930, 1037870161, 3931, 1038345296, 4185, 1038294260, 3682, 1037885677, 3690, 1037896692, 3933, 1021105358, 3683, 1038343594, 3950, 1021102515, 3947, 1038342877, 3935, 1021969613, 3932, 1021948685, 3949, 1021077779, 3678, 1021190810, 3686, 1021147132, 3934, 1021192160, 3951, 1022058837, 3948, 1021982063, 3695, 1022057258, 4191, 1021970182, 4188, 1021948173, 4204, 1021981386, 3689, 1038298299, 4190, 1021192704, 4207, 1022059547, 4186, 1037870188, 4194, 1037885730, 4202, 1037896739, 4201, 1038296148, 3674, 1037870103, 3675, 1038343957, 3691, 1038341419, 4203, 1038343494, 4200, 1038767192, 3676, 1021950049, 3684, 1021963414, 3692, 1021983614, 4193, 1038297504, 3677, 1021106715, 3685, 1021086997, 3693, 1021079254, 3694, 1021101012, 3687, 1022008094, 3679, 1021968169, 4197, 1021084957, 4196, 1021961302, 4189, 1021104805, 4205, 1021077070, 4206, 1021103237, 4198, 1021149177, 4199, 1022010207, 4187, 1038345785, 4195, 1038345592]
[INFO] (lattice_cell.c: 455): on tick 41 of 50
[INFO] (lattice_cell.c: 172): the unmatched_packets is 56
[3672, 1038761705, 3928, 1038761743, 3944, 1038768679, 3680, 1038775713, 3688, 1038768659, 4192, 1038775789, 4200, 1038768697, 3673, 1038302126, 3929, 1038300751, 3945, 1038300252, 4184, 1038761806, 3681, 1038302690, 3689, 1038301757, 4185, 1038300188, 3930, 1037892525, 3946, 1037884996, 3674, 1037892460, 3947, 1038349734, 3931, 1038352015, 3949, 1021096220, 3691, 1038348223, 3935, 1022046065, 4194, 1037878498, 3684, 1021999099, 3948, 1021969080, 3932, 1022009150, 3933, 1021043820, 3685, 1021059048, 3950, 1021148954, 3934, 1021108820, 3686, 1021152603, 3951, 1022003688, 3687, 1021992913, 4191, 1022045741, 3695, 1022003051, 4195, 1038353121, 4201, 1038299582, 4197, 1021055489, 4190, 1021110066, 4198, 1021156006, 4193, 1038300637, 4186, 1037892567, 4202, 1037885004, 3682, 1037878450, 3690, 1037884989, 3675, 1038350677, 3683, 1038351044, 3676, 1022009825, 4204, 1021969241, 3692, 1021969810, 3677, 1021045908, 3693, 1021098439, 4188, 1022009432, 3678, 1021106721, 3694, 1021146747, 4196, 1021998563, 4207, 1022003472, 3679, 1022045539, 4205, 1021094775, 4199, 1021993269, 4189, 1021042505, 4187, 1038352543, 4206, 1021150318, 4203, 1038350433]
[INFO] (lattice_cell.c: 455): on tick 42 of 50
[INFO] (lattice_cell.c: 172): the unmatched_packets is 56
[3672, 1038787132, 3928, 1038787133, 3944, 1038793292, 3680, 1038785143, 3688, 1038793293, 4184, 1038787163, 4192, 1038785151, 4200, 1038793298, 3673, 1038291979, 3929, 1038290578, 3945, 1038296391, 3681, 1038297016, 3930, 1037877095, 3946, 1037871540, 3947, 1038344260, 3931, 1038344914, 3675, 1038343564, 4201, 1038295709, 3934, 1021109130, 3677, 1021161589, 3932, 1021912429, 3948, 1021959066, 3693, 1021101536, 3933, 1021160237, 3949, 1021100079, 4204, 1021958469, 3687, 1022052871, 3679, 1022053041, 3950, 1021142649, 3935, 1022054410, 3951, 1022012965, 4186, 1037877111, 4187, 1038345415, 3689, 1038297906, 4198, 1021101946, 4191, 1022054958, 3674, 1037877059, 4199, 1022055037, 3682, 1037879343, 3690, 1037871498, 3683, 1038344146, 3691, 1038342777, 3676, 1021913738, 4185, 1038290030, 4193, 1038294922, 3684, 1021947077, 3692, 1021960494, 4194, 1037879401, 4202, 1037871551, 3685, 1021114352, 3678, 1021107679, 3686, 1021099720, 4203, 1038344890, 3694, 1021141141, 4188, 1021911964, 3695, 1022011428, 4195, 1038346120, 4196, 1021945155, 4205, 1021099385, 4189, 1021159647, 4197, 1021112291, 4206, 1021143386, 4190, 1021109769, 4207, 1022013633]
[INFO] (lattice_cell.c: 455): on tick 43 of 50
[INFO] (lattice_cell.c: 172): the unmatched_packets is 56
[3672, 1038739124, 3928, 1038739167, 3944, 1038766350, 3680, 1038747915, 3688, 1038766316, 3673, 1038304693, 3929, 1038303339, 3945, 1038302785, 4184, 1038739238, 3681, 1038307629, 4200, 1038766387, 3946, 1037887962, 3930, 1037913691, 3674, 1037913619, 3947, 1038349309, 3931, 1038351970, 3682, 1037905249, 3948, 1022008971, 3949, 1021046637, 3933, 1020962515, 3934, 1021184493, 3676, 1022080029, 3935, 1021972125, 3932, 1022079274, 3693, 1021048842, 3678, 1021182498, 3950, 1021115635, 3951, 1022040040, 3694, 1021113463, 3687, 1022017429, 4205, 1021045242, 3695, 1022039284, 4193, 1038305550, 4194, 1037905325, 4187, 1038352517, 4203, 1038349985, 4195, 1038351845, 4188, 1022079454, 3689, 1038304278, 4196, 1022014181, 4197, 1021021493, 4206, 1021116958, 4190, 1021185627, 3690, 1037887933, 4207, 1022039907, 4199, 1022017831, 4192, 1038748024, 3675, 1038350603, 3683, 1038349786, 4185, 1038302787, 3691, 1038347833, 3684, 1022014930, 3692, 1022009886, 4201, 1038302118, 3677, 1020964653, 3685, 1021025015, 4186, 1037913746, 3686, 1021132731, 4202, 1037887977, 3679, 1021971603, 4189, 1020961199, 4198, 1021136111, 4191, 1021971789, 4204, 1022009027]
[INFO] (lattice_cell.c: 455): on tick 44 of 50
[INFO] (lattice_cell.c: 172): the unmatched_packets is 56
[3672, 1038807673, 3928, 1038807663, 3944, 1038787004, 3680, 1038813148, 3688, 1038787014, 4200, 1038787002, 4184, 1038807682, 3673, 1038292649, 3929, 1038291218, 3945, 1038291993, 3681, 1038293923, 3689, 1038293530, 3930, 1037857078, 3946, 1037877333, 3931, 1038345929, 3948, 1021934844, 3690, 1037877326, 3947, 1038342218, 3933, 1021220028, 3949, 1021142956, 4185, 1038290650, 3934, 1021130263, 4201, 1038291311, 3676, 1021849236, 3684, 1021876803, 3932, 1021848068, 3677, 1021221295, 3693, 1021144475, 4187, 1038346403, 3686, 1021132704, 3935, 1022028061, 3687, 1022017390, 3950, 1021115078, 4197, 1021192505, 3951, 1022048607, 3695, 1022047148, 4207, 1022049226, 4186, 1037857089, 4202, 1037877333, 3674, 1037857043, 4188, 1021847764, 4205, 1021142187, 4190, 1021130991, 4199, 1022019338, 3682, 1037851966, 4193, 1038291819, 4192, 1038813148, 4194, 1037851976, 3675, 1038344592, 3683, 1038344673, 3691, 1038340716, 3692, 1021936176, 4203, 1038342865, 3685, 1021194603, 3678, 1021128788, 4196, 1021875079, 3694, 1021113485, 3679, 1022026739, 4191, 1022028565, 4195, 1038346696, 4204, 1021934352, 4189, 1021219479, 4206, 1021115961, 4198, 1021134982]
[INFO] (lattice_cell.c: 455): on tick 45 of 50
[INFO] (lattice_cell.c: 172): the unmatched_packets is 56
[3672, 1038748495, 3928, 1038748532, 3944, 1038746295, 3680, 1038747265, 3688, 1038746259, 3673, 1038302385, 3945, 1038305619, 3929, 1038301079, 3946, 1037906870, 3930, 1037905368, 3947, 1038349211, 3948, 1022052650, 3683, 1038351955, 3934, 1021122795, 3951, 1021992215, 3935, 1022037107, 3932, 1022073169, 3949, 1020990994, 3933, 1020979141, 3931, 1038350983, 3693, 1020993159, 3686, 1021134379, 3950, 1021164416, 3687, 1022009300, 4189, 1020977778, 4193, 1038304310, 4185, 1038300575, 4201, 1038304943, 4194, 1037906537, 4186, 1037905433, 4202, 1037906904, 4192, 1038747350, 4187, 1038351518, 4195, 1038354008, 4188, 1022073130, 4204, 1022052590, 4196, 1022105292, 4197, 1020935266, 4206, 1021165623, 3681, 1038306338, 3689, 1038307105, 4207, 1021992127, 4198, 1021137528, 4191, 1022036896, 4184, 1038748604, 4200, 1038746337, 3674, 1037905287, 3682, 1037906412, 3690, 1037906822, 3675, 1038349639, 3691, 1038347715, 3676, 1022074128, 3684, 1022106292, 3692, 1022053635, 4203, 1038349898, 3677, 1020981333, 3685, 1020938808, 3678, 1021120821, 4205, 1020989626, 3694, 1021162350, 3679, 1022036480, 3695, 1021991391, 4190, 1021123883, 4199, 1022009971]
[INFO] (lattice_cell.c: 455): on tick 46 of 50
[INFO] (lattice_cell.c: 172): the unmatched_packets is 56
[3672, 1038771859, 3928, 1038771855, 3944, 1038818220, 3680, 1038792534, 3688, 1038818227, 3945, 1038292882, 3929, 1038292729, 3681, 1038296899, 4184, 1038771880, 4192, 1038792552, 3689, 1038294437, 3946, 1037847248, 4200, 1038818216, 3931, 1038344676, 3948, 1021854763, 3682, 1037871645, 3932, 1021928248, 3930, 1037891512, 3934, 1021155320, 3947, 1038345016, 3949, 1021217855, 3933, 1021133987, 3950, 1021120275, 3951, 1022030765, 4197, 1021197023, 3935, 1022009987, 4185, 1038292103, 3673, 1038294218, 4202, 1037847233, 4195, 1038347016, 4204, 1021854376, 4196, 1021860151, 4205, 1021217053, 4189, 1021133412, 4206, 1021121189, 3674, 1037891475, 3690, 1037847238, 4193, 1038294678, 3675, 1038343316, 4201, 1038292179, 3683, 1038345009, 3691, 1038343493, 3676, 1021929222, 3684, 1021861540, 4194, 1037871660, 3692, 1021855966, 3677, 1021135285, 3685, 1021199064, 4186, 1037891525, 4203, 1038345679, 3693, 1021219351, 3678, 1021153708, 4187, 1038345173, 3686, 1021104686, 3687, 1022043806, 3694, 1021118615, 3679, 1022008838, 3695, 1022029436, 4188, 1021928124, 4190, 1021156127, 4207, 1022031266, 4198, 1021107244, 4191, 1022010326, 4199, 1022045566]
[INFO] (lattice_cell.c: 455): on tick 47 of 50
[INFO] (lattice_cell.c: 172): the unmatched_packets is 56
[3672, 1038788118, 3944, 1038749760, 3928, 1038788158, 3680, 1038764483, 3688, 1038749743, 4192, 1038764575, 4200, 1038749789, 4184, 1038788236, 3673, 1038301900, 3945, 1038302773, 3929, 1038300617, 4185, 1038300126, 4193, 1038302805, 4201, 1038302126, 3674, 1037866465, 3946, 1037904283, 3930, 1037866546, 3690, 1037904212, 3682, 1037889450, 3947, 1038347072, 3931, 1038350436, 3948, 1022102537, 3932, 1021951422, 3691, 1038345615, 4186, 1037866609, 3950, 1021123794, 3934, 1021146236, 3692, 1022103724, 3949, 1020953964, 3933, 1021100511, 4196, 1022022094, 3694, 1021121747, 3951, 1022042438, 3679, 1022014042, 3935, 1022014808, 4204, 1022102294, 4197, 1021024086, 4194, 1037889551, 4205, 1020952638, 4190, 1021147171, 4207, 1022042580, 4199, 1022024242, 4198, 1021134694, 4195, 1038350765, 4203, 1038347724, 3681, 1038304746, 3689, 1038304227, 3675, 1038349104, 3683, 1038348717, 4187, 1038350965, 3676, 1021952535, 3684, 1022023530, 3677, 1021102577, 3685, 1021027601, 3693, 1020956172, 3678, 1021144424, 4188, 1021951270, 3686, 1021131656, 4189, 1021099274, 4202, 1037904315, 4206, 1021124995, 4191, 1022014679, 3687, 1022023315, 3695, 1022041376]
[INFO] (lattice_cell.c: 455): on tick 48 of 50
[INFO] (lattice_cell.c: 172): the unmatched_packets is 56
[3672, 1038762761, 3928, 1038762747, 3944, 1038780667, 3680, 1038772689, 3688, 1038780657, 3929, 1038292200, 3945, 1038294822, 3673, 1038293666, 3930, 1037901013, 3946, 1037883045, 3932, 1022035626, 3674, 1037900982, 4192, 1038772692, 3949, 1021162150, 3683, 1038347569, 3951, 1022024470, 3691, 1038343811, 3684, 1021979627, 3947, 1038345374, 3692, 1021904226, 3677, 1021032095, 3685, 1021079961, 3948, 1021903190, 3933, 1021030634, 3934, 1021128713, 3678, 1021127032, 3950, 1021126728, 3935, 1022026373, 3694, 1021125009, 3931, 1038347522, 4207, 1022024753, 4199, 1021993238, 4193, 1038294678, 4201, 1038294056, 4194, 1037891168, 4187, 1038348019, 4203, 1038346078, 4200, 1038780682, 4188, 1022035560, 4204, 1021903020, 4205, 1021161302, 4189, 1021029857, 4206, 1021127715, 4190, 1021129657, 3689, 1038296440, 3681, 1038296936, 4191, 1022026632, 4185, 1038291613, 3682, 1037891133, 4202, 1037883049, 4186, 1037901040, 3690, 1037883043, 3675, 1038346145, 3676, 1022036506, 4195, 1038349673, 3693, 1021163699, 4196, 1021978577, 3686, 1021148221, 3687, 1021991897, 3679, 1022025353, 4197, 1021077679, 3695, 1022023405, 4198, 1021150834, 4184, 1038762777]
[INFO] (lattice_cell.c: 455): on tick 49 of 50
[INFO] (lattice_cell.c: 172): the unmatched_packets is 56
[3672, 1038757668, 3944, 1038777941, 3928, 1038757693, 3688, 1038777915, 3680, 1038791375, 4184, 1038757769, 4192, 1038791457, 4200, 1038777975, 3673, 1038302807, 3945, 1038302324, 3929, 1038301493, 3689, 1038303749, 4185, 1038300955, 4193, 1038303316, 3681, 1038305291, 4201, 1038301711, 3674, 1037895543, 3946, 1037876450, 3930, 1037895644, 3947, 1038349468, 3931, 1038348608, 4194, 1037863530, 3675, 1038347309, 3683, 1038348509, 4202, 1037876476, 3949, 1021081048, 3676, 1021943952, 3950, 1021128804, 3692, 1021976688, 3934, 1021141471, 3684, 1021923508, 4187, 1038349103, 3951, 1022025870, 3935, 1022027122, 3677, 1021107217, 3948, 1021975324, 3693, 1021083130, 3685, 1021124192, 3678, 1021139636, 3933, 1021105313, 3694, 1021126813, 4196, 1021921891, 3679, 1022026178, 4197, 1021121111, 3695, 1022024630, 3932, 1021942780, 4198, 1021121639, 4191, 1022027205, 4203, 1038350108, 4204, 1021974914, 4189, 1021104232, 3682, 1037863417, 3690, 1037876410, 4206, 1021129950, 4190, 1021142396, 4199, 1022037616, 4195, 1038350443, 3691, 1038348036, 4186, 1037895710, 4188, 1021942569, 4205, 1021079811, 3686, 1021118700, 3687, 1022036199, 4207, 1022026189]
[INFO] (lattice_cell.c: 455): on tick 50 of 50
[INFO] (lattice_cell.c: 466): updating recording regions
[INFO] (recording.c: 507): 	Finalising channel 0 - state info stored in SDRAM
[INFO] (recording.c: 512): closed channel 0.
[INFO] (lattice_cell.c: 470): Simulation complete.

