[INFO] (lattice_cell.c: 604): starting lattice cell
[INFO] (lattice_cell.c: 526): Initialise: started
[INFO] (data_specification.c: 78): magic = ad130ad6, version = 1.0
[INFO] (lattice_cell.c: 555): my key is 6008
[INFO] (lattice_cell.c: 562): I'm in position ( 23, 15)
[INFO] (lattice_cell.c: 568): my n key is 5752
[INFO] (lattice_cell.c: 574): my U_X = 0.009999959729611874
[INFO] (lattice_cell.c: 575): my U_Y = -9.754516213433817e-05
[INFO] (lattice_cell.c: 583): input_buffer initialised
[INFO] (recording.c: 563): Recording 1 regions, using output tag 0, size before trigger 7686388, time between triggers 50
[INFO] (recording.c: 665): Recording channel 0 configured to use 7686132 byte memory block starting at 0x61f95efc
[INFO] (lattice_cell.c: 588): Recording flags = 0x00000001
[INFO] (lattice_cell.c: 619): setting timer to execute every 200000 microseconds
[INFO] (lattice_cell.c: 627): Starting

[INFO] (simulation.c: 159): Setting the runtime of this model to 50 starting at 0
[INFO] (simulation.c: 161): Setting the flag of infinite run for this model to 0
[INFO] (simulation.c: 175): Resuming
[INFO] (lattice_cell.c: 455): on tick 0 of 50
[6016, 1038779590, 6264, 1038779589, 6000, 1038779579, 5744, 1038779577, 6272, 1038779590, 6017, 1038314422, 6001, 1038314424, 6256, 1038779577, 5745, 1038310230, 5753, 1038310228, 5761, 1038310228, 6018, 1037884806, 6002, 1037884815, 6265, 1038318786, 6019, 1038323150, 6003, 1038323152, 5746, 1037884815, 6006, 1021111703, 6023, 1022007000, 6020, 1021997748, 6004, 1021997737, 6021, 1021103488, 6273, 1038318786, 5757, 1021099545, 6005, 1021103499, 6022, 1021111692, 6007, 1022006989, 5767, 1022011449, 5751, 1022011439, 6268, 1022002373, 5752, 1038779585, 6276, 1022002374, 6269, 1021107591, 6261, 1021107599, 6277, 1021107590, 6270, 1021107591, 6266, 1037884807, 6262, 1021107599, 5760, 1038779586, 6278, 1021107590, 6271, 1022002373, 6263, 1022002361, 6274, 1037884806, 6267, 1038318786, 6259, 1038318784, 5762, 1037884802, 5754, 1037884803, 5755, 1038327348, 5747, 1038327350, 5763, 1038327348, 5756, 1021993303, 5748, 1021993293, 6257, 1038318784, 5764, 1021993303, 6279, 1022002374, 5749, 1021099557, 6258, 1037884815, 5765, 1021099545, 6275, 1038318786, 5758, 1021115639, 5750, 1021115651, 5766, 1021115639, 5759, 1022011449, 6260, 1022002361]
[INFO] (lattice_cell.c: 455): on tick 1 of 50
[INFO] (lattice_cell.c: 172): the unmatched_packets is 56
[6016, 1038774636, 6000, 1038774603, 5752, 1038774631, 5744, 1038774603, 6017, 1038322746, 6001, 1038322740, 6003, 1038331699, 6021, 1021094065, 5762, 1037879852, 6022, 1021111206, 6007, 1021997416, 6019, 1038331703, 6264, 1038774625, 6020, 1021997372, 6272, 1038774630, 6256, 1038774599, 6004, 1021997408, 5757, 1021090085, 6005, 1021094027, 6006, 1021111238, 5749, 1021090051, 6023, 1021997456, 5766, 1021115188, 5750, 1021115218, 6018, 1037879852, 5759, 1022001926, 6002, 1037879875, 6278, 1021106894, 6266, 1037879851, 6259, 1038327395, 6277, 1021098365, 6270, 1021106901, 5760, 1038774638, 6262, 1021106936, 6271, 1021992969, 6263, 1021992934, 5761, 1038318616, 5753, 1038318612, 5745, 1038318608, 6257, 1038327046, 5754, 1037879853, 5746, 1037879873, 5755, 1038335835, 5763, 1038335839, 6265, 1038327046, 5747, 1038335831, 6273, 1038327046, 5756, 1021992901, 5764, 1021992895, 5748, 1021992929, 5765, 1021090091, 5758, 1021115189, 5767, 1022001937, 6269, 1021098355, 5751, 1022001891, 6279, 1021992976, 6274, 1037879846, 6258, 1037879875, 6267, 1038327395, 6268, 1022001858, 6275, 1038327393, 6260, 1022001889, 6276, 1022001854, 6261, 1021098330]
[INFO] (lattice_cell.c: 455): on tick 2 of 50
[INFO] (lattice_cell.c: 172): the unmatched_packets is 56
[6016, 1038780034, 6000, 1038780089, 6017, 1038314822, 6001, 1038314828, 5744, 1038780089, 6019, 1038323667, 6003, 1038323663, 6020, 1021998169, 6004, 1021997964, 6021, 1021103659, 6005, 1021103837, 6018, 1037885234, 6022, 1021112402, 6007, 1022007500, 6272, 1038780024, 5747, 1038327913, 6002, 1037885179, 6256, 1038780087, 5765, 1021099837, 5749, 1021100006, 6006, 1021112355, 6023, 1022007465, 5750, 1021116177, 5751, 1022011833, 6275, 1038319247, 6263, 1022002990, 6279, 1022002948, 6266, 1037885235, 6258, 1037885177, 6259, 1038319243, 6269, 1021107681, 6277, 1021107649, 6270, 1021108400, 6262, 1021108364, 5752, 1038780035, 6271, 1022002956, 5760, 1038780032, 5761, 1038310580, 5753, 1038310574, 5745, 1038310584, 6265, 1038319244, 6264, 1038780035, 5754, 1037885229, 5762, 1037885238, 5746, 1037885175, 6257, 1038319246, 6273, 1038319238, 5755, 1038327917, 5763, 1038327923, 5756, 1021993810, 5764, 1021993844, 5748, 1021993648, 5757, 1021099857, 6261, 1021107832, 5766, 1021116226, 5758, 1021116216, 5767, 1022011796, 5759, 1022011803, 6268, 1022002642, 6260, 1022002462, 6274, 1037885232, 6278, 1021108406, 6267, 1038319249, 6276, 1022002668]
[INFO] (lattice_cell.c: 455): on tick 3 of 50
[INFO] (lattice_cell.c: 172): the unmatched_packets is 56
[6016, 1038774674, 6000, 1038774297, 5752, 1038774639, 5744, 1038774297, 5760, 1038774682, 6264, 1038774631, 6256, 1038774297, 6272, 1038774672, 6017, 1038322670, 6001, 1038322626, 5753, 1038318588, 5745, 1038318556, 5761, 1038318596, 6265, 1038326912, 6018, 1037879922, 6257, 1038326878, 6002, 1037880283, 5754, 1037879965, 6019, 1038331849, 6273, 1038326914, 6020, 1021997175, 6004, 1021998140, 6003, 1038331853, 6005, 1021093496, 5763, 1038335927, 6007, 1021997442, 5748, 1021993557, 6021, 1021094305, 5765, 1021090234, 6006, 1021111366, 6022, 1021111030, 6023, 1021997806, 5750, 1021115460, 5767, 1022002394, 5751, 1022002037, 6279, 1021993203, 6263, 1021992850, 6259, 1038327607, 6268, 1022001907, 6260, 1022002744, 6277, 1021098708, 6261, 1021097899, 6270, 1021106696, 6266, 1037879965, 6278, 1021106626, 6262, 1021106966, 6271, 1021993134, 5746, 1037880287, 5762, 1037879920, 5755, 1038335927, 5747, 1038335931, 6267, 1038327603, 6269, 1021098611, 5756, 1021992717, 6275, 1038327597, 5764, 1021992580, 5757, 1021090116, 5749, 1021089419, 6276, 1022001776, 5758, 1021115174, 5766, 1021115118, 5759, 1022002334, 6258, 1037880291, 6274, 1037879924]
[INFO] (lattice_cell.c: 455): on tick 4 of 50
[INFO] (lattice_cell.c: 172): the unmatched_packets is 56
[6016, 1038780108, 6000, 1038781845, 5752, 1038780319, 5744, 1038781841, 5760, 1038780110, 6017, 1038314784, 6001, 1038315004, 6019, 1038323751, 6021, 1021103233, 6005, 1021107118, 6264, 1038780313, 6022, 1021112928, 6006, 1021111450, 6018, 1037885154, 6023, 1022007183, 5763, 1038328051, 6002, 1037883475, 6256, 1038781839, 6003, 1038323737, 5748, 1021989281, 6020, 1021998295, 6004, 1021993491, 6007, 1022008735, 5766, 1021116645, 6274, 1037885150, 5750, 1021115157, 5759, 1022011700, 6279, 1022002782, 6259, 1038319269, 6275, 1038319287, 6261, 1021111022, 6270, 1021108765, 6262, 1021107557, 6271, 1022003078, 6278, 1021109041, 6263, 1022004356, 6258, 1037883477, 6257, 1038319468, 6273, 1038319246, 5753, 1038310526, 5761, 1038310494, 5745, 1038310710, 5754, 1037884953, 5762, 1037885152, 5746, 1037883471, 5755, 1038328039, 5747, 1038328027, 6272, 1038780106, 5756, 1021993407, 5764, 1021994091, 5757, 1021100073, 6265, 1038319276, 6267, 1038319283, 6268, 1022001999, 6260, 1021997876, 5765, 1021099530, 5749, 1021103388, 6269, 1021107696, 6277, 1021107144, 6266, 1037884951, 5758, 1021116378, 5767, 1022011408, 5751, 1022012960, 6276, 1022002679]
[INFO] (lattice_cell.c: 455): on tick 5 of 50
[INFO] (lattice_cell.c: 172): the unmatched_packets is 56
[6016, 1038774274, 6000, 1038766661, 5752, 1038773286, 5744, 1038766659, 5760, 1038774272, 6017, 1038322520, 6001, 1038321504, 6002, 1037887660, 6003, 1038332055, 6018, 1037880334, 6264, 1038773280, 5745, 1038317484, 6272, 1038774274, 5754, 1037881282, 6256, 1038766655, 5755, 1038335981, 6019, 1038331906, 5764, 1021992402, 6021, 1021094460, 6005, 1021077271, 5757, 1021087713, 5749, 1021073096, 6022, 1021110381, 6006, 1021116889, 6023, 1021998694, 5758, 1021115856, 6020, 1021997086, 6007, 1021991875, 6004, 1022018335, 5759, 1022001922, 5751, 1021996556, 6259, 1038327840, 6275, 1038327707, 6268, 1022005126, 6260, 1022023031, 6276, 1022001797, 6269, 1021096355, 6261, 1021081731, 6277, 1021098936, 6270, 1021107205, 6271, 1021992520, 6278, 1021105907, 6263, 1021987164, 6279, 1021993979, 6257, 1038325710, 6273, 1038326726, 6265, 1038326537, 5753, 1038318302, 5761, 1038318492, 5762, 1037880330, 5746, 1037887660, 5763, 1038335938, 5747, 1038336075, 5756, 1021995720, 5748, 1022013657, 5765, 1021090308, 5766, 1021114551, 5750, 1021121063, 6262, 1021112407, 5767, 1022003373, 6274, 1037880336, 6267, 1038327752, 6266, 1037881288, 6258, 1037887656]
[INFO] (lattice_cell.c: 455): on tick 6 of 50
[INFO] (lattice_cell.c: 172): the unmatched_packets is 56
[6016, 1038782098, 6000, 1038804418, 5752, 1038786296, 5744, 1038804422, 6017, 1038314920, 6001, 1038315678, 6018, 1037883210, 6020, 1021996697, 6004, 1021931857, 5745, 1038311375, 6264, 1038786288, 6272, 1038782100, 6007, 1022024291, 6256, 1038804406, 6003, 1038323601, 6021, 1021103783, 6005, 1021165136, 6022, 1021114733, 6023, 1022004748, 5766, 1021118361, 6002, 1037861640, 5767, 1022008889, 6006, 1021096637, 6019, 1038324046, 6268, 1021986274, 6261, 1021168984, 6278, 1021110903, 6266, 1037879168, 6258, 1037861644, 6275, 1038319548, 5760, 1038782102, 6260, 1021936150, 6269, 1021119126, 6277, 1021107615, 6270, 1021105264, 6262, 1021092804, 6263, 1022019994, 6279, 1022000466, 6276, 1022000974, 6265, 1038320200, 5753, 1038311389, 6257, 1038320175, 5761, 1038310598, 6273, 1038319422, 5746, 1037861634, 5754, 1037879168, 5762, 1037883208, 5747, 1038327923, 5755, 1038328132, 5763, 1038328368, 5748, 1021927712, 5756, 1021977865, 5764, 1021992556, 5749, 1021161510, 5757, 1021111661, 5765, 1021100155, 6259, 1038319105, 6274, 1037883214, 6267, 1038319303, 5750, 1021100256, 5758, 1021112707, 6271, 1022007016, 5751, 1022028419, 5759, 1022015432]
[INFO] (lattice_cell.c: 455): on tick 7 of 50
[INFO] (lattice_cell.c: 172): the unmatched_packets is 56
[6016, 1038765397, 6000, 1038732289, 5752, 1038754281, 5744, 1038732297, 5760, 1038765397, 6017, 1038321538, 6001, 1038323302, 6264, 1038754279, 6002, 1037920986, 6018, 1037888900, 5745, 1038319288, 6005, 1020958068, 5754, 1037899632, 6006, 1021132313, 5747, 1038336588, 5755, 1038336046, 6003, 1038332599, 5764, 1022000814, 6020, 1022005544, 6004, 1022130364, 6021, 1021089515, 6022, 1021104508, 6023, 1022008596, 5766, 1021108744, 6007, 1021976744, 6019, 1038331048, 6263, 1021971933, 6274, 1037888904, 6258, 1037920992, 6259, 1038328422, 6268, 1022053384, 6276, 1022010335, 6269, 1021050875, 6261, 1020962576, 6277, 1021094034, 6270, 1021118106, 6262, 1021127792, 6278, 1021099988, 6271, 1021982151, 6279, 1022003803, 6272, 1038765393, 6256, 1038732287, 5753, 1038317566, 5761, 1038317542, 6257, 1038327484, 6265, 1038325747, 6273, 1038325706, 5746, 1037920974, 5762, 1037888908, 6266, 1037899630, 5763, 1038335043, 6267, 1038327874, 5748, 1022125656, 5756, 1022043915, 5749, 1020953875, 6275, 1038326872, 5757, 1021042134, 5765, 1021085282, 5750, 1021136550, 5758, 1021126860, 5767, 1022013346, 5751, 1021981488, 5759, 1021991691, 6260, 1022135160]
[INFO] (lattice_cell.c: 455): on tick 8 of 50
[INFO] (lattice_cell.c: 172): the unmatched_packets is 56
[6016, 1038811306, 6000, 1038817222, 5752, 1038821753, 5744, 1038817204, 6017, 1038315266, 6001, 1038315204, 6264, 1038821741, 6256, 1038817242, 6002, 1037848656, 6019, 1038324801, 5761, 1038310939, 6020, 1021968753, 6018, 1037855018, 5754, 1037844806, 6005, 1021268989, 5746, 1037848668, 5762, 1037855018, 5755, 1038328826, 6007, 1022013216, 5763, 1038329138, 6265, 1038318051, 5756, 1021882396, 6003, 1038323748, 6004, 1021827755, 6021, 1021129409, 5749, 1021265327, 5765, 1021125863, 6022, 1021141224, 6006, 1021106269, 5758, 1021102597, 6023, 1021975259, 5759, 1022022035, 5751, 1022017286, 6260, 1021831949, 6258, 1037848642, 6274, 1037855014, 6267, 1038319965, 6259, 1038319237, 6272, 1038811290, 5760, 1038811306, 6269, 1021221922, 5745, 1038310902, 5753, 1038309222, 6261, 1021272840, 6278, 1021137438, 6263, 1022009005, 5747, 1038328084, 6273, 1038319780, 6257, 1038319712, 5748, 1021823651, 5764, 1021964632, 5757, 1021214565, 5766, 1021144772, 6268, 1021890794, 5750, 1021109838, 5767, 1021979380, 6266, 1037844816, 6271, 1022013718, 6279, 1021970997, 6277, 1021133189, 6270, 1021095256, 6262, 1021102453, 6275, 1038320287, 6276, 1021972999]
[INFO] (lattice_cell.c: 455): on tick 9 of 50
[INFO] (lattice_cell.c: 172): the unmatched_packets is 56
[6016, 1038707614, 6000, 1038765678, 5752, 1038721618, 5744, 1038765702, 5760, 1038707602, 6264, 1038721588, 6272, 1038707608, 6256, 1038765656, 6017, 1038323925, 6001, 1038322260, 5753, 1038317785, 5745, 1038318258, 5761, 1038319930, 6018, 1037944863, 6002, 1037889289, 6265, 1038325965, 6019, 1038333066, 6003, 1038331438, 6020, 1022072052, 5746, 1037889261, 6273, 1038328091, 6005, 1020990916, 5755, 1038335745, 6006, 1021097760, 6023, 1022077666, 6257, 1038326435, 6004, 1022101289, 6021, 1021014487, 5765, 1021010204, 6022, 1021029549, 6007, 1022016473, 6266, 1037931581, 5751, 1022021253, 5759, 1022024251, 6260, 1022106205, 6278, 1021024982, 6279, 1022072891, 6267, 1038327599, 6259, 1038327273, 6268, 1022159680, 6276, 1022076824, 6269, 1020944463, 6277, 1021019082, 6270, 1021089562, 6262, 1021093226, 6271, 1022014677, 6263, 1022011615, 6258, 1037889309, 6274, 1037944859, 5754, 1037931551, 5762, 1037944857, 5747, 1038335415, 5763, 1038337053, 5748, 1022096519, 5756, 1022150172, 5764, 1022067379, 6261, 1020995345, 5749, 1020986780, 5757, 1020935709, 5750, 1021102013, 5758, 1021098377, 5766, 1021033849, 5767, 1022082336, 6275, 1038328893]
[INFO] (lattice_cell.c: 455): on tick 10 of 50
[INFO] (lattice_cell.c: 172): the unmatched_packets is 56
[6016, 1038864154, 6000, 1038777807, 5752, 1038824289, 5744, 1038777807, 5760, 1038864154, 6264, 1038824351, 6272, 1038864152, 6017, 1038314662, 6001, 1038313901, 6256, 1038777817, 5753, 1038310072, 6018, 1037803272, 6006, 1021142254, 6022, 1021251530, 6002, 1037886889, 6003, 1038325411, 5756, 1021881068, 5748, 1021999142, 6004, 1022003229, 6020, 1021857641, 6021, 1021239628, 6007, 1021975580, 6023, 1021861550, 5750, 1021145755, 6019, 1038325057, 5767, 1021865732, 6005, 1021098260, 5759, 1021923594, 6266, 1037841584, 6274, 1037803270, 6259, 1038320896, 6268, 1021889346, 6260, 1022007383, 6276, 1021861896, 6269, 1021217525, 6265, 1038318873, 6261, 1021102104, 6273, 1038319170, 6257, 1038318403, 6277, 1021243384, 6270, 1021199308, 6262, 1021138487, 6278, 1021247770, 6271, 1021915191, 6263, 1021971366, 6275, 1038320550, 6279, 1021857310, 5761, 1038310361, 5745, 1038309590, 5754, 1037841642, 5762, 1037803266, 5746, 1037886889, 6258, 1037886883, 6267, 1038318615, 5755, 1038327440, 5763, 1038329368, 5747, 1038329742, 5764, 1021853464, 5757, 1021210080, 5765, 1021236099, 5749, 1021094652, 5758, 1021206567, 5766, 1021255063, 5751, 1021979679]
[INFO] (lattice_cell.c: 455): on tick 11 of 50
[INFO] (lattice_cell.c: 172): the unmatched_packets is 56
[6264, 1038743433, 6256, 1038751131, 6272, 1038726454, 6016, 1038726464, 6000, 1038751127, 5752, 1038743465, 5760, 1038726462, 6017, 1038322288, 6001, 1038323429, 6002, 1037902305, 6019, 1038331093, 6003, 1038333186, 5745, 1038319435, 5761, 1038318284, 6265, 1038327024, 6020, 1022144845, 6005, 1021138773, 5746, 1037902303, 5755, 1038334662, 5748, 1021942221, 6018, 1037927752, 5757, 1021082484, 6004, 1021946841, 6273, 1038326459, 6257, 1038327605, 6022, 1020964559, 5758, 1020963933, 6006, 1021045236, 6023, 1022153056, 6021, 1020950006, 6007, 1022061020, 5751, 1022065670, 6260, 1021951624, 6268, 1022009204, 6276, 1022149682, 6261, 1021143340, 6277, 1020954490, 6262, 1021040656, 6270, 1020955026, 6278, 1020960072, 6271, 1022152315, 6263, 1022056228, 5744, 1038751123, 5753, 1038318845, 5754, 1037910745, 6266, 1037910789, 5762, 1037927756, 6275, 1038326915, 6274, 1037927758, 5763, 1038335104, 6258, 1037902311, 5747, 1038337191, 5756, 1021999622, 5764, 1022140169, 5765, 1020945789, 5749, 1021134492, 6267, 1038326481, 5766, 1020968779, 6279, 1022148216, 5750, 1021049549, 6259, 1038329017, 5767, 1022157758, 5759, 1022161679, 6269, 1021091159]
[INFO] (lattice_cell.c: 455): on tick 12 of 50
[INFO] (lattice_cell.c: 172): the unmatched_packets is 56
[6264, 1038804224, 6256, 1038827051, 6016, 1038769819, 6000, 1038827053, 5752, 1038804284, 6272, 1038769813, 5744, 1038827051, 5760, 1038769827, 6017, 1038314602, 6001, 1038313722, 6018, 1037893958, 6002, 1037839521, 5745, 1038309433, 6003, 1038325691, 6020, 1021932230, 5754, 1037861233, 6005, 1021086070, 6022, 1021180172, 6006, 1021242249, 6019, 1038325235, 6023, 1021934884, 6007, 1021873133, 6257, 1038318211, 6273, 1038319096, 5748, 1022010166, 6004, 1022014411, 6021, 1021166511, 5766, 1021183749, 5767, 1021939021, 5759, 1021850846, 6260, 1022018716, 6262, 1021238526, 6268, 1022044502, 6261, 1021089789, 6277, 1021170355, 6278, 1021176328, 6263, 1021868819, 6279, 1021930680, 5753, 1038308475, 5761, 1038310326, 6258, 1037839517, 6274, 1037893958, 6266, 1037861287, 5762, 1037893960, 5746, 1037839527, 5755, 1038330354, 5763, 1038329528, 5747, 1038329986, 6259, 1038321201, 5756, 1022036058, 5764, 1021928094, 6265, 1038317259, 5757, 1021060609, 5765, 1021162923, 5749, 1021082601, 5758, 1021270962, 6271, 1021842349, 6275, 1038320744, 5750, 1021245701, 6267, 1038321585, 6276, 1021936426, 6269, 1021067906, 5751, 1021877410, 6270, 1021263672]
[INFO] (lattice_cell.c: 455): on tick 13 of 50
[INFO] (lattice_cell.c: 172): the unmatched_packets is 56
[6264, 1038764982, 6016, 1038797136, 6000, 1038740194, 6256, 1038740202, 6272, 1038797130, 5752, 1038764926, 6017, 1038323083, 6001, 1038322756, 6018, 1037858070, 6002, 1037913898, 5761, 1038319067, 6021, 1021120094, 6022, 1021133013, 6257, 1038326951, 6273, 1038327275, 5756, 1021989555, 6019, 1038332359, 6003, 1038331211, 6020, 1021966423, 6004, 1021998662, 6005, 1021089426, 6023, 1021975368, 6007, 1022172733, 6006, 1020946038, 6270, 1021025685, 6262, 1020941463, 6267, 1038326987, 6259, 1038327005, 6268, 1021998777, 6269, 1021101277, 6261, 1021093981, 6277, 1021124618, 6271, 1022081386, 6279, 1021970595, 6274, 1037858070, 6266, 1037889519, 6258, 1037913886, 5744, 1038740185, 5760, 1038797134, 5753, 1038318196, 6265, 1038326407, 5745, 1038318741, 5754, 1037889583, 5762, 1037858066, 5746, 1037913896, 5755, 1038335206, 5763, 1038336374, 5747, 1038335238, 6275, 1038328162, 6276, 1021971169, 6263, 1022168008, 5764, 1021961823, 6260, 1022003372, 5748, 1021994127, 6278, 1021128503, 5757, 1021092381, 5765, 1021115815, 5749, 1021085136, 5758, 1021034366, 5766, 1021137286, 5750, 1020950314, 5767, 1021979950, 5759, 1022090838, 5751, 1022177267]
[INFO] (lattice_cell.c: 455): on tick 14 of 50
[INFO] (lattice_cell.c: 172): the unmatched_packets is 56
[6264, 1038770042, 6272, 1038788011, 6256, 1038784606, 6016, 1038788017, 6000, 1038784647, 5760, 1038788025, 6017, 1038314285, 6001, 1038313726, 6003, 1038326326, 5753, 1038309802, 6265, 1038318509, 6002, 1037879624, 6019, 1038324684, 6020, 1022030951, 6021, 1021070972, 6005, 1021096465, 5765, 1021067530, 6022, 1021086139, 6006, 1021223789, 6023, 1022033404, 6007, 1021890956, 6018, 1037878135, 6004, 1022003355, 6275, 1038320224, 6260, 1022007714, 6262, 1021219954, 6259, 1038321863, 6269, 1021129709, 6277, 1021074713, 6270, 1021106657, 6263, 1021886647, 6279, 1022029000, 6267, 1038319585, 6273, 1038318741, 6257, 1038318182, 6274, 1037878129, 6258, 1037879662, 5752, 1038770056, 5744, 1038784675, 5745, 1038309470, 5761, 1038310040, 5754, 1037894377, 5746, 1037879592, 5762, 1037878129, 5755, 1038328298, 5747, 1038330576, 5763, 1038328947, 5756, 1021972022, 6268, 1021980746, 5748, 1021999052, 6278, 1021082402, 6271, 1022006354, 5764, 1022026608, 5757, 1021122517, 5749, 1021092993, 6276, 1022035350, 6261, 1021100252, 5766, 1021089579, 5758, 1021114040, 5750, 1021227349, 6266, 1037894391, 5767, 1022037740, 5759, 1022014902, 5751, 1021895226]
[INFO] (lattice_cell.c: 455): on tick 15 of 50
[INFO] (lattice_cell.c: 172): the unmatched_packets is 56
[6264, 1038782287, 6256, 1038783512, 6272, 1038759957, 6016, 1038759961, 6000, 1038783496, 5752, 1038782325, 5760, 1038759959, 6265, 1038325920, 5744, 1038783472, 6017, 1038322676, 6001, 1038322110, 5753, 1038317648, 5745, 1038318060, 5761, 1038318627, 6018, 1037893957, 6002, 1037871336, 6019, 1038332373, 6273, 1038326897, 6020, 1022011100, 6005, 1021096924, 5755, 1038336343, 5763, 1038336419, 6003, 1038332924, 6007, 1022010403, 6004, 1021990205, 6021, 1021078217, 5757, 1021097340, 6022, 1021090162, 6266, 1037872404, 6006, 1021100790, 6023, 1022020860, 6275, 1038328144, 6260, 1021994798, 6276, 1022015687, 6269, 1021106151, 6261, 1021101475, 6277, 1021082762, 6270, 1021135819, 6262, 1021096368, 6278, 1021085635, 6271, 1021966717, 6279, 1022016255, 6268, 1021992407, 6258, 1037871314, 6267, 1038328068, 6257, 1038326335, 5754, 1037872382, 5762, 1037893957, 5746, 1037871358, 6259, 1038328692, 5747, 1038336967, 5756, 1021983356, 5764, 1022006687, 5748, 1021985804, 6263, 1022005688, 5765, 1021073916, 5749, 1021092593, 5758, 1021144652, 5766, 1021094480, 6274, 1037893963, 5767, 1022025258, 5750, 1021104995, 5759, 1021975778, 5751, 1022014935]
[INFO] (lattice_cell.c: 455): on tick 16 of 50
[INFO] (lattice_cell.c: 172): the unmatched_packets is 56
[6264, 1038788418, 6256, 1038775838, 6272, 1038771418, 6016, 1038771418, 6000, 1038775830, 5752, 1038788440, 5744, 1038775825, 5760, 1038771424, 6017, 1038314553, 6001, 1038314151, 6018, 1037892702, 6002, 1037889254, 5761, 1038310346, 6019, 1038324932, 6020, 1021983282, 5754, 1037877130, 6021, 1021116343, 6022, 1021132944, 6006, 1021080945, 6023, 1021985307, 5756, 1022014951, 5764, 1021978866, 5748, 1021990390, 6004, 1021994851, 6273, 1038318975, 5757, 1021079729, 6257, 1038318564, 6005, 1021104334, 5749, 1021100884, 5758, 1021123372, 6007, 1022040266, 5767, 1021989748, 6003, 1038324994, 6261, 1021108109, 6262, 1021077123, 6267, 1038320258, 6268, 1022023855, 6276, 1021987741, 6269, 1021086999, 6277, 1021120140, 6270, 1021116154, 6278, 1021129146, 6271, 1021997658, 6265, 1038317786, 5753, 1038309163, 5745, 1038309941, 6266, 1037877150, 5762, 1037892698, 5746, 1037889258, 5755, 1038328887, 5763, 1038329158, 5747, 1038329216, 6279, 1021980845, 6275, 1038320522, 6258, 1037889258, 5765, 1021112840, 6274, 1037892704, 6263, 1022035825, 6260, 1021999372, 5766, 1021136438, 5750, 1021084463, 5759, 1022006662, 5751, 1022044687, 6259, 1038320584]
[INFO] (lattice_cell.c: 455): on tick 17 of 50
[INFO] (lattice_cell.c: 172): the unmatched_packets is 56
[6264, 1038769547, 6256, 1038770274, 6272, 1038783517, 6016, 1038783519, 6000, 1038770281, 5752, 1038769535, 5744, 1038770298, 5760, 1038783519, 6273, 1038326741, 6017, 1038322468, 6001, 1038321883, 6257, 1038326146, 5753, 1038317615, 5745, 1038317793, 5761, 1038318392, 6265, 1038325972, 6018, 1037871344, 6002, 1037883824, 5754, 1037884804, 5746, 1037883810, 5762, 1037871352, 6019, 1038332549, 6003, 1038333370, 6266, 1037884783, 6020, 1021975094, 6274, 1037871350, 6258, 1037883831, 5755, 1038336173, 6022, 1021123497, 5747, 1038337446, 5764, 1021970783, 6004, 1021988496, 6021, 1021112689, 5748, 1021984203, 6005, 1021098465, 6006, 1021113778, 6023, 1021985154, 6267, 1038327808, 6007, 1021996989, 5750, 1021118058, 5759, 1022028998, 5751, 1022001269, 6262, 1021109276, 6275, 1038328278, 6259, 1038329089, 6276, 1021979579, 6261, 1021102938, 6268, 1022006718, 5763, 1038336628, 6260, 1021992995, 6269, 1021093633, 6277, 1021117148, 6270, 1021084236, 6271, 1022020152, 6263, 1021992499, 6279, 1021980655, 5756, 1021997948, 6278, 1021119055, 5757, 1021084889, 5765, 1021108440, 5749, 1021094211, 5758, 1021092931, 5766, 1021127767, 5767, 1021989489]
[INFO] (lattice_cell.c: 455): on tick 18 of 50
[INFO] (lattice_cell.c: 172): the unmatched_packets is 56
[6264, 1038771575, 6256, 1038783655, 6272, 1038789109, 6016, 1038789115, 6000, 1038783680, 5752, 1038771577, 5760, 1038789111, 6017, 1038314509, 6001, 1038313679, 6265, 1038318114, 5753, 1038309595, 6018, 1037876626, 6002, 1037881169, 6257, 1038318036, 5762, 1037876620, 5746, 1037881148, 6022, 1021107762, 6006, 1021137739, 6019, 1038324746, 5747, 1038329960, 6003, 1038325795, 6020, 1022009787, 6004, 1022005027, 6021, 1021090078, 6005, 1021093113, 5766, 1021111265, 6023, 1022012071, 5750, 1021141277, 6007, 1021982752, 5759, 1022012717, 5751, 1021987301, 6259, 1038321431, 6260, 1022009605, 6276, 1022014392, 6261, 1021096994, 6277, 1021093919, 6270, 1021110563, 6262, 1021133853, 6258, 1037881183, 6278, 1021103911, 6266, 1037892763, 6271, 1022003628, 6263, 1021978135, 6279, 1022007454, 6273, 1038318873, 5744, 1038783692, 6267, 1038320076, 5745, 1038309510, 5761, 1038310351, 6275, 1038320386, 5754, 1037892754, 5763, 1038328912, 5755, 1038328608, 5764, 1022005215, 5756, 1021986932, 6269, 1021113678, 5748, 1022000470, 5765, 1021086546, 5757, 1021106295, 6268, 1021996080, 5749, 1021089598, 6274, 1037876628, 5758, 1021118003, 5767, 1022016643]
[INFO] (lattice_cell.c: 455): on tick 19 of 50
[INFO] (lattice_cell.c: 172): the unmatched_packets is 56
[6272, 1038770547, 6256, 1038777603, 6016, 1038770559, 6000, 1038777599, 6264, 1038776369, 5744, 1038777593, 6017, 1038322296, 6001, 1038321517, 5753, 1038317112, 6265, 1038325564, 5745, 1038317394, 5761, 1038318174, 6018, 1037883749, 6002, 1037877010, 6019, 1038332811, 6257, 1038325845, 5746, 1037877008, 6021, 1021082208, 6005, 1021091343, 6022, 1021092455, 6003, 1038333462, 6020, 1022007560, 6004, 1021996619, 6006, 1021104634, 5766, 1021096621, 5767, 1022021872, 6023, 1022017681, 6007, 1022006290, 5759, 1021992667, 6275, 1038328486, 6268, 1021985892, 6276, 1022011947, 6261, 1021095727, 6262, 1021100309, 6271, 1021984090, 6263, 1022001868, 6258, 1037876992, 5752, 1038776383, 6266, 1037878054, 5760, 1038770561, 5754, 1037878046, 6267, 1038328300, 6259, 1038329131, 6260, 1022000982, 5762, 1037883747, 6269, 1021112847, 6277, 1021086583, 6270, 1021118966, 5755, 1038336752, 5763, 1038336929, 5747, 1038337581, 5756, 1021977323, 5764, 1022003374, 5748, 1021992453, 6279, 1022013306, 5757, 1021104306, 5765, 1021078045, 6273, 1038326621, 5749, 1021087151, 5758, 1021127529, 6278, 1021088060, 5750, 1021108793, 5751, 1022010526, 6274, 1037883763]
[INFO] (lattice_cell.c: 455): on tick 20 of 50
[INFO] (lattice_cell.c: 172): the unmatched_packets is 56
[6264, 1038787490, 6256, 1038776404, 6272, 1038770901, 6016, 1038770899, 6000, 1038776398, 5752, 1038787502, 5760, 1038770907, 6017, 1038314690, 6001, 1038314147, 5753, 1038309448, 6018, 1037893310, 5745, 1038310039, 6020, 1021999082, 5754, 1037877882, 6021, 1021099815, 6005, 1021099371, 6006, 1021103346, 6273, 1038318991, 6002, 1037888357, 6007, 1022018947, 5763, 1038328954, 6257, 1038318449, 6019, 1038324839, 6003, 1038325374, 6004, 1021997504, 5765, 1021096182, 6022, 1021118299, 6023, 1022001817, 5767, 1022006472, 5751, 1022023580, 6263, 1022014263, 6268, 1022010217, 6260, 1022002208, 6276, 1022003772, 6269, 1021098937, 6261, 1021103330, 6277, 1021103789, 6262, 1021099365, 6278, 1021114317, 6258, 1037888353, 6266, 1037877902, 5744, 1038776390, 6265, 1038317861, 5761, 1038310585, 5762, 1037893312, 5746, 1037888351, 5755, 1038328693, 5747, 1038329494, 5756, 1022000856, 6267, 1038320270, 6279, 1021997122, 6259, 1038321062, 5764, 1021994453, 5748, 1021992828, 5757, 1021091365, 6275, 1038320536, 6270, 1021120281, 6271, 1021994385, 6274, 1037893314, 5749, 1021095758, 5758, 1021127830, 5766, 1021121917, 5750, 1021106985, 5759, 1022003749]
[INFO] (lattice_cell.c: 455): on tick 21 of 50
[INFO] (lattice_cell.c: 172): the unmatched_packets is 56
[6264, 1038775825, 6016, 1038774322, 6000, 1038771188, 5752, 1038775825, 5760, 1038774322, 6272, 1038774318, 6265, 1038325296, 6017, 1038322032, 6001, 1038320379, 5753, 1038316750, 6018, 1037880006, 6002, 1037882897, 6019, 1038332917, 6004, 1021986561, 6006, 1021108482, 5763, 1038337079, 6003, 1038333918, 5764, 1021975041, 6257, 1038324747, 6273, 1038326408, 6021, 1021109725, 6005, 1021104320, 5765, 1021105666, 6022, 1021119675, 6007, 1022002066, 5767, 1021992889, 6023, 1021988774, 5750, 1021112573, 6020, 1021979129, 6279, 1021984491, 6275, 1038328537, 6269, 1021092254, 6262, 1021104216, 6270, 1021094551, 6278, 1021115432, 6271, 1022009689, 5744, 1038771196, 5745, 1038316212, 5761, 1038317868, 6274, 1037880012, 5754, 1037878737, 5762, 1037880004, 6256, 1038771192, 5746, 1037882907, 5755, 1038336854, 5747, 1038338080, 6261, 1021108563, 5756, 1022000386, 6263, 1021997790, 6266, 1037878731, 6258, 1037882895, 6259, 1038329537, 5748, 1021982458, 6260, 1021990852, 6267, 1038328314, 5757, 1021083919, 6276, 1021983406, 6277, 1021113997, 6268, 1022008739, 5749, 1021100270, 5766, 1021123748, 5758, 1021102831, 5759, 1022018117, 5751, 1022006162]
[INFO] (lattice_cell.c: 455): on tick 22 of 50
[INFO] (lattice_cell.c: 172): the unmatched_packets is 56
[6264, 1038773629, 6256, 1038781720, 6272, 1038787146, 6016, 1038787150, 6000, 1038781732, 5752, 1038773629, 5744, 1038781734, 5760, 1038787156, 6265, 1038318872, 6017, 1038314865, 6001, 1038314376, 5753, 1038310562, 5745, 1038310318, 5761, 1038310805, 6273, 1038319111, 6018, 1037878185, 6002, 1037883113, 6019, 1038324928, 6257, 1038318630, 6004, 1021997856, 5754, 1037890806, 6005, 1021095695, 6006, 1021129007, 5755, 1038328614, 6023, 1021999570, 6003, 1038325786, 6020, 1021995915, 5748, 1021993135, 5765, 1021097653, 5757, 1021091932, 6022, 1021120107, 5766, 1021123819, 5750, 1021132745, 6021, 1021101381, 6007, 1021993154, 6279, 1021994770, 6267, 1038320303, 6260, 1022002625, 6276, 1022000704, 6270, 1021106518, 6278, 1021116030, 6271, 1022008919, 6263, 1021988370, 6274, 1037878185, 6266, 1037890802, 6258, 1037883127, 6275, 1038320668, 5762, 1037878177, 5746, 1037883105, 5763, 1038328989, 5747, 1038329851, 6269, 1021099747, 5764, 1021991199, 5756, 1021996265, 6277, 1021105458, 6262, 1021124912, 6268, 1022005756, 5749, 1021091967, 5758, 1021114327, 5767, 1022004296, 5759, 1022018410, 5751, 1021997857, 6261, 1021099796, 6259, 1038321521]
[INFO] (lattice_cell.c: 455): on tick 23 of 50
[INFO] (lattice_cell.c: 172): the unmatched_packets is 56
[6264, 1038771121, 6256, 1038779985, 6272, 1038778083, 6016, 1038778083, 6000, 1038779987, 5752, 1038771127, 5744, 1038779999, 5760, 1038778085, 6265, 1038324573, 6273, 1038325403, 6257, 1038326724, 6017, 1038320986, 6001, 1038322292, 5753, 1038315940, 5745, 1038318085, 5761, 1038316783, 6266, 1037882988, 6018, 1037876586, 6002, 1037874652, 6003, 1038334032, 5762, 1037876586, 6274, 1037876594, 6020, 1022003543, 6258, 1037874656, 6005, 1021092525, 6006, 1021108934, 6019, 1038332196, 5748, 1021986157, 6004, 1021990200, 6021, 1021090258, 5758, 1021118542, 5766, 1021104345, 6023, 1022012530, 6007, 1022001759, 6022, 1021100418, 5759, 1022002008, 5751, 1022005814, 6259, 1038329614, 6262, 1021104833, 6268, 1021989460, 6271, 1021993762, 6263, 1021997521, 5754, 1037882992, 5746, 1037874644, 6275, 1038327775, 5747, 1038338237, 5755, 1038337005, 5763, 1038336402, 5756, 1021981211, 5764, 1021999512, 5757, 1021104386, 6276, 1022007761, 5765, 1021086346, 6260, 1021994419, 5749, 1021088616, 6277, 1021094390, 6261, 1021096638, 6270, 1021110442, 6278, 1021096299, 6279, 1022008301, 6269, 1021112433, 5750, 1021112850, 5767, 1022016582, 6267, 1038328378]
[INFO] (lattice_cell.c: 455): on tick 24 of 50
[INFO] (lattice_cell.c: 172): the unmatched_packets is 56
[6264, 1038782129, 6256, 1038773692, 6272, 1038774588, 6016, 1038774598, 6000, 1038773668, 5752, 1038782125, 5744, 1038773650, 5760, 1038774600, 6265, 1038316460, 6017, 1038315458, 6001, 1038314428, 5753, 1038308249, 5745, 1038310431, 6018, 1037889854, 6002, 1037890880, 6019, 1038325501, 6273, 1038319669, 6020, 1022006106, 5754, 1037882820, 6022, 1021107963, 6006, 1021112752, 6007, 1022010044, 5756, 1021995962, 6003, 1038325867, 6266, 1037882826, 6004, 1022014874, 5757, 1021099616, 6274, 1037889858, 6021, 1021089333, 6005, 1021078975, 6023, 1022010880, 5750, 1021116613, 6260, 1022019672, 6277, 1021093559, 6269, 1021107698, 6261, 1021083239, 6278, 1021103756, 6270, 1021122118, 6262, 1021108530, 6279, 1022006031, 6271, 1021989390, 6263, 1022005193, 6267, 1038321364, 6275, 1038321295, 6259, 1038321659, 6257, 1038318626, 6258, 1037890864, 5761, 1038311437, 5762, 1037889840, 5746, 1037890900, 5755, 1038329595, 5763, 1038329516, 5747, 1038329896, 5764, 1022001349, 5748, 1022010136, 5765, 1021085471, 6268, 1022005554, 5749, 1021075065, 6276, 1022010939, 5758, 1021130183, 5766, 1021111801, 5767, 1022015637, 5759, 1021999001, 5751, 1022014798]
[INFO] (lattice_cell.c: 455): on tick 25 of 50
[INFO] (lattice_cell.c: 172): the unmatched_packets is 56
[6264, 1038783762, 6256, 1038783339, 6272, 1038771255, 6016, 1038771267, 6000, 1038783365, 5752, 1038783788, 5744, 1038783373, 5760, 1038771267, 6017, 1038323070, 6001, 1038319511, 6018, 1037882827, 6002, 1037871187, 5745, 1038315259, 6265, 1038324464, 6020, 1021984391, 6005, 1021137706, 6273, 1038327514, 6257, 1038323976, 6006, 1021097857, 5755, 1038336601, 6023, 1021992565, 5747, 1038337415, 6003, 1038333177, 6021, 1021100110, 5749, 1021134022, 6022, 1021111050, 5766, 1021114831, 5750, 1021101661, 6019, 1038334445, 5759, 1022011953, 6004, 1021955117, 6007, 1022016693, 5751, 1022020722, 6278, 1021107042, 6263, 1022012521, 6267, 1038327910, 6268, 1021993452, 6261, 1021141613, 6277, 1021104105, 6270, 1021103101, 6262, 1021093843, 6279, 1021988400, 6274, 1037882829, 6266, 1037871103, 6258, 1037871205, 5753, 1038315757, 6259, 1038328720, 5761, 1038318829, 6260, 1021959336, 6276, 1021988555, 5754, 1037871091, 6269, 1021108826, 6271, 1022003737, 5762, 1037882825, 5746, 1037871177, 5763, 1038338677, 5756, 1021985280, 5764, 1021980391, 5748, 1021951068, 5757, 1021101130, 5765, 1021096330, 5758, 1021110873, 6275, 1038329981, 5767, 1021996589]
[INFO] (lattice_cell.c: 455): on tick 26 of 50
[INFO] (lattice_cell.c: 172): the unmatched_packets is 56
[6264, 1038767445, 6256, 1038754215, 6272, 1038774720, 6016, 1038774734, 6000, 1038754185, 5752, 1038767409, 5744, 1038754148, 5760, 1038774740, 6265, 1038319146, 6257, 1038319977, 6273, 1038319592, 6017, 1038315422, 6001, 1038315803, 5753, 1038311012, 5745, 1038311846, 5761, 1038311454, 6266, 1037896831, 6274, 1037889866, 6258, 1037909569, 6018, 1037889858, 6002, 1037909598, 5754, 1037896855, 5746, 1037909623, 5762, 1037889852, 6019, 1038325848, 6003, 1038326922, 6020, 1021995218, 6004, 1022064953, 6022, 1021116402, 6007, 1021984588, 6267, 1038319439, 6021, 1021099012, 6005, 1021021861, 6275, 1038321682, 6006, 1021135922, 6023, 1022000623, 6259, 1038322748, 5766, 1021120411, 5767, 1022005384, 6269, 1021064954, 6270, 1021113578, 6262, 1021131566, 6271, 1022007442, 6263, 1021979753, 6268, 1022038355, 6260, 1022069732, 6276, 1022000086, 6277, 1021103354, 6261, 1021026310, 5755, 1038327588, 6278, 1021112049, 5747, 1038330905, 5763, 1038329825, 6279, 1021995750, 5756, 1022028770, 5748, 1022060268, 5764, 1021990461, 5757, 1021056506, 5749, 1021017719, 5765, 1021094992, 5758, 1021121886, 5750, 1021139926, 5759, 1022017054, 5751, 1021989304]
[INFO] (lattice_cell.c: 455): on tick 27 of 50
[INFO] (lattice_cell.c: 172): the unmatched_packets is 56
[6264, 1038793705, 6272, 1038797401, 6256, 1038812622, 6016, 1038797405, 6000, 1038812653, 5752, 1038793749, 5760, 1038797411, 6265, 1038322771, 6273, 1038324646, 6257, 1038324116, 6017, 1038320170, 6001, 1038319636, 5753, 1038314010, 6018, 1037857905, 6002, 1037842998, 6019, 1038331160, 6003, 1038335146, 6020, 1021977809, 6004, 1021871586, 6021, 1021117795, 6005, 1021218844, 6006, 1021097005, 5747, 1038339413, 6023, 1021986016, 6007, 1022008634, 6266, 1037861173, 6022, 1021130779, 5766, 1021134391, 6271, 1022009386, 6269, 1021169434, 6261, 1021222585, 6277, 1021121654, 6262, 1021093126, 6278, 1021126930, 6274, 1037857907, 6258, 1037843036, 6267, 1038327444, 5744, 1038812687, 6275, 1038326668, 5745, 1038315359, 5761, 1038315892, 6259, 1038330668, 5754, 1037861136, 5746, 1037842959, 5762, 1037857895, 5755, 1038336194, 5763, 1038335431, 5756, 1021930324, 5764, 1021973802, 5748, 1021867477, 5757, 1021162083, 5765, 1021114194, 6263, 1022004459, 6279, 1021981847, 5749, 1021215375, 6268, 1021938588, 6260, 1021875886, 6270, 1021099086, 5758, 1021106608, 5750, 1021100657, 5767, 1021990027, 5759, 1022017565, 5751, 1022012682, 6276, 1021981965]
[INFO] (lattice_cell.c: 455): on tick 28 of 50
[INFO] (lattice_cell.c: 172): the unmatched_packets is 56
[6264, 1038738487, 6272, 1038743880, 6256, 1038747963, 6016, 1038743890, 6000, 1038747933, 5752, 1038738433, 5744, 1038747905, 5760, 1038743892, 6265, 1038318694, 6017, 1038317198, 6001, 1038313705, 6273, 1038321340, 5745, 1038309750, 6004, 1022144600, 6021, 1021043263, 6005, 1020951830, 5746, 1037915972, 6022, 1021058799, 5747, 1038331448, 6002, 1037915946, 6019, 1038328264, 6003, 1038327494, 6266, 1037924816, 6020, 1022045166, 6018, 1037919682, 5758, 1021120667, 6006, 1021118313, 5767, 1022055660, 5759, 1022004970, 6023, 1022050934, 5751, 1022006965, 6007, 1022002191, 6268, 1022102341, 6276, 1022049992, 6261, 1020956372, 6277, 1021047733, 6262, 1021113910, 6279, 1022046083, 6274, 1037919686, 6258, 1037915931, 6257, 1038317861, 5753, 1038310615, 5761, 1038313269, 5754, 1037924879, 5762, 1037919668, 5755, 1038331300, 5763, 1038332199, 6271, 1021995359, 6269, 1021001958, 6263, 1021997312, 6270, 1021112084, 6278, 1021054327, 6267, 1038323211, 6275, 1038324120, 5756, 1022092904, 6259, 1038323335, 5748, 1022139974, 5764, 1022040429, 6260, 1022149366, 5757, 1020993203, 5749, 1020947614, 5765, 1021039090, 5766, 1021062960, 5750, 1021122401]
[INFO] (lattice_cell.c: 455): on tick 29 of 50
[INFO] (lattice_cell.c: 172): the unmatched_packets is 56
[6264, 1038827684, 6272, 1038830274, 6256, 1038792079, 6016, 1038830276, 6000, 1038792043, 5752, 1038827714, 5744, 1038792009, 6265, 1038324654, 6017, 1038320254, 6001, 1038322160, 6019, 1038331100, 6003, 1038332091, 6020, 1021915804, 6004, 1021888264, 6018, 1037825598, 6021, 1021178125, 5746, 1037862583, 6022, 1021192627, 6006, 1021124774, 6023, 1021923306, 6007, 1021994216, 5763, 1038335383, 5764, 1021911713, 6005, 1021191041, 6266, 1037828346, 5750, 1021128351, 6002, 1037862562, 5767, 1021927428, 5759, 1021972534, 6268, 1021863956, 6260, 1021892425, 6261, 1021194848, 6277, 1021181844, 6262, 1021120901, 6271, 1021964366, 6274, 1037825600, 6273, 1038324737, 6267, 1038325091, 6258, 1037862544, 6259, 1038327596, 6257, 1038326645, 5760, 1038830278, 5753, 1038315901, 5745, 1038317893, 5761, 1038315971, 5754, 1037828314, 5762, 1037825594, 5747, 1038336376, 5755, 1038333878, 6276, 1021920026, 6278, 1021188925, 6270, 1021152064, 5748, 1021884247, 5756, 1021855533, 6275, 1038326617, 5749, 1021187476, 5757, 1021227029, 6269, 1021234151, 5765, 1021174682, 6263, 1021990121, 6279, 1021919069, 5766, 1021196059, 5758, 1021159388, 5751, 1021998212]
[INFO] (lattice_cell.c: 455): on tick 30 of 50
[INFO] (lattice_cell.c: 172): the unmatched_packets is 56
[6264, 1038736442, 6272, 1038707468, 6256, 1038771207, 6016, 1038707474, 6000, 1038771239, 5752, 1038736518, 5744, 1038771278, 5760, 1038707484, 6265, 1038316029, 6273, 1038319220, 6257, 1038317083, 6017, 1038315060, 6001, 1038312939, 6018, 1037955210, 6002, 1037893174, 5745, 1038308982, 5762, 1037955202, 6006, 1021062019, 5763, 1038330094, 6003, 1038329317, 6266, 1037927284, 6020, 1022116049, 6004, 1022010584, 5749, 1021084002, 6021, 1020981729, 6022, 1020996652, 5766, 1021000907, 6007, 1022049705, 6019, 1038326142, 5759, 1022099387, 5751, 1022054450, 6005, 1021088058, 6267, 1038323118, 6023, 1022123518, 6275, 1038321998, 6259, 1038325171, 6268, 1022117566, 6260, 1022015587, 6261, 1021092376, 6277, 1020986294, 6270, 1021019777, 6262, 1021057561, 6278, 1020992099, 6271, 1022089852, 6263, 1022044810, 6279, 1022118767, 6274, 1037955210, 6258, 1037893208, 5753, 1038307937, 5761, 1038311131, 5754, 1037927222, 5746, 1037893137, 5755, 1038331196, 5747, 1038333252, 5756, 1022108066, 5748, 1022005730, 5764, 1022111437, 6276, 1022120786, 5757, 1020990557, 6269, 1020999216, 5765, 1020977456, 5758, 1021028461, 5750, 1021066202, 5767, 1022128141]
[INFO] (lattice_cell.c: 455): on tick 31 of 50
[INFO] (lattice_cell.c: 172): the unmatched_packets is 56
[6264, 1038803832, 6272, 1038824334, 6256, 1038785082, 6016, 1038824336, 6000, 1038785037, 6265, 1038325307, 5752, 1038803698, 5744, 1038784996, 5760, 1038824342, 6017, 1038323249, 6001, 1038320074, 6273, 1038327718, 6003, 1038332779, 5761, 1038319001, 6004, 1022045450, 6021, 1021221425, 6005, 1021041215, 6018, 1037830828, 5755, 1038336879, 5747, 1038337054, 6266, 1037850929, 6002, 1037869806, 6020, 1021858262, 5749, 1021037602, 6258, 1037869769, 6022, 1021236657, 6006, 1021202097, 6007, 1021916931, 6019, 1038334619, 5767, 1021867783, 6023, 1021863689, 6279, 1021859478, 6270, 1021239892, 6271, 1021866599, 6263, 1021912744, 6267, 1038328131, 6274, 1037830840, 6259, 1038328288, 6275, 1038330149, 6260, 1022049492, 6276, 1021862446, 6257, 1038324550, 6269, 1021123178, 6277, 1021225221, 6261, 1021045145, 5745, 1038315813, 5753, 1038316570, 5762, 1037830834, 5754, 1037851061, 5746, 1037869840, 5763, 1038338870, 6268, 1021971398, 6262, 1021198301, 5764, 1021854174, 5756, 1021963353, 5748, 1022041523, 5765, 1021217953, 5757, 1021115647, 5766, 1021240154, 5758, 1021247078, 5750, 1021205598, 6278, 1021232890, 5759, 1021874948, 5751, 1021920986]
[INFO] (lattice_cell.c: 455): on tick 32 of 50
[INFO] (lattice_cell.c: 172): the unmatched_packets is 56
[6264, 1038762867, 6256, 1038750290, 6272, 1038779377, 6265, 1038317777, 6016, 1038779375, 6000, 1038750297, 5752, 1038762928, 5744, 1038750311, 6273, 1038317713, 6017, 1038313547, 6018, 1037886213, 6002, 1037913226, 6003, 1038327061, 6020, 1022074358, 6001, 1038314516, 6021, 1021028806, 6266, 1037901516, 5762, 1037886205, 6023, 1022084073, 6019, 1038324347, 5749, 1021146064, 6022, 1021042512, 5750, 1021006164, 6007, 1022119478, 5759, 1022161110, 6004, 1021941036, 6005, 1021150201, 6006, 1021001881, 6269, 1021145379, 6262, 1020997349, 6263, 1022114732, 6268, 1021963283, 6260, 1021945923, 6267, 1038318968, 6275, 1038320176, 5760, 1038779385, 6259, 1038322887, 6274, 1037886213, 6257, 1038318683, 6258, 1037913244, 5753, 1038309672, 5745, 1038310570, 5761, 1038309587, 5754, 1037901438, 5746, 1037913213, 5755, 1038327099, 5763, 1038328311, 5747, 1038331023, 5756, 1021953455, 5764, 1022069594, 5748, 1021936324, 6270, 1020972509, 5757, 1021137133, 6271, 1022151752, 6279, 1022079113, 5765, 1021024734, 5758, 1020981211, 5766, 1021046548, 6276, 1022079281, 5767, 1022088844, 5751, 1022124072, 6261, 1021154588, 6277, 1021033118, 6278, 1021038196]
[INFO] (lattice_cell.c: 455): on tick 33 of 50
[INFO] (lattice_cell.c: 172): the unmatched_packets is 56
[6264, 1038776021, 6272, 1038747238, 6256, 1038816886, 6265, 1038323703, 6016, 1038747248, 6000, 1038816846, 5752, 1038776082, 5744, 1038816820, 6017, 1038321857, 6273, 1038326298, 6257, 1038325211, 6018, 1037905958, 6002, 1037838731, 6019, 1038333392, 6003, 1038336124, 5745, 1038316522, 6004, 1021994766, 6001, 1038320763, 5762, 1037905962, 6022, 1021098856, 6266, 1037878178, 6023, 1022011365, 6007, 1021865821, 5755, 1038338801, 5763, 1038337621, 6020, 1022007038, 6005, 1021089294, 5757, 1021054896, 5766, 1021102533, 6006, 1021237879, 5758, 1021202693, 5751, 1021870014, 6275, 1038328942, 5759, 1021912895, 6021, 1021081442, 6277, 1021085455, 6270, 1021195202, 6262, 1021234082, 6263, 1021861542, 6269, 1021062469, 5760, 1038747240, 6268, 1022039305, 6260, 1021998968, 6271, 1021904637, 5753, 1038315017, 6259, 1038331670, 5761, 1038317634, 6276, 1022011052, 6261, 1021093152, 5746, 1037838749, 5754, 1037878140, 6278, 1021094843, 6279, 1022007330, 5747, 1038340355, 5748, 1021990648, 6274, 1037905968, 5756, 1022031239, 5764, 1022003113, 6258, 1037838705, 5749, 1021085782, 5765, 1021077758, 6267, 1038330128, 5750, 1021241350, 5767, 1022015315]
[INFO] (lattice_cell.c: 455): on tick 34 of 50
[INFO] (lattice_cell.c: 172): the unmatched_packets is 56
[6264, 1038785113, 6256, 1038760293, 6272, 1038795847, 6265, 1038316566, 6016, 1038795857, 6000, 1038760287, 5752, 1038785011, 6017, 1038315343, 6273, 1038319534, 5744, 1038760279, 5760, 1038795865, 6257, 1038317052, 6001, 1038312855, 6018, 1037868653, 6003, 1038325352, 5761, 1038311362, 6004, 1022029358, 6266, 1037879733, 5754, 1037879823, 6022, 1021158741, 6006, 1021007108, 6274, 1037868655, 5763, 1038330520, 6023, 1021956311, 6007, 1022123939, 6002, 1037904335, 6019, 1038326533, 6020, 1021946036, 5757, 1021093851, 6021, 1021146796, 6005, 1021068079, 5758, 1021125072, 5766, 1021162752, 6267, 1038321160, 5750, 1021011214, 5751, 1022128539, 6260, 1022034237, 6277, 1021151043, 6271, 1021999674, 6263, 1022119148, 6279, 1021951411, 6275, 1038322345, 6259, 1038321147, 6258, 1037904333, 5753, 1038308384, 5745, 1038308863, 5762, 1037868643, 6261, 1021072348, 5746, 1037904331, 6278, 1021154500, 5755, 1038329355, 5747, 1038329358, 6276, 1021950947, 5756, 1021998267, 5764, 1021941338, 5748, 1022024680, 6269, 1021102289, 6270, 1021116895, 6262, 1021002765, 5765, 1021142771, 5749, 1021064051, 6268, 1022007678, 5767, 1021961039, 5759, 1022009371]
[INFO] (lattice_cell.c: 455): on tick 35 of 50
[INFO] (lattice_cell.c: 172): the unmatched_packets is 56
[6264, 1038771206, 6256, 1038756894, 6272, 1038783403, 6265, 1038325410, 6016, 1038783415, 6273, 1038326392, 6000, 1038756894, 5752, 1038771193, 6257, 1038325151, 5760, 1038783417, 6017, 1038321998, 6001, 1038320736, 6266, 1037883134, 5753, 1038316823, 6002, 1037896285, 6003, 1038335001, 5745, 1038316552, 5754, 1037883148, 6258, 1037896288, 6018, 1037871735, 5747, 1038339179, 6023, 1022018845, 6019, 1038333366, 6004, 1021983366, 6020, 1022014922, 6021, 1021072754, 6005, 1021101056, 5758, 1021069605, 6022, 1021091097, 6275, 1038328959, 6006, 1021142695, 5767, 1022023004, 6007, 1021967625, 6268, 1021968808, 6276, 1022019156, 6269, 1021128181, 6263, 1021963515, 6267, 1038327325, 6259, 1038330589, 5744, 1038756880, 5761, 1038317801, 6274, 1037871743, 5762, 1037871731, 6261, 1021105127, 6278, 1021087157, 5746, 1037896295, 5755, 1038335930, 5763, 1038337550, 6260, 1021987501, 6277, 1021076703, 6270, 1021061784, 6262, 1021138614, 5756, 1021960400, 6271, 1022049162, 5764, 1022010742, 5748, 1021979327, 5757, 1021120623, 5765, 1021069162, 5749, 1021097344, 5766, 1021094705, 5750, 1021146446, 6279, 1022014595, 5759, 1022057278, 5751, 1021971692]
[INFO] (lattice_cell.c: 455): on tick 36 of 50
[INFO] (lattice_cell.c: 172): the unmatched_packets is 56
[6264, 1038781916, 6256, 1038798728, 6272, 1038761678, 6265, 1038316859, 6273, 1038318307, 6257, 1038317864, 6016, 1038761688, 6000, 1038798688, 5752, 1038781992, 5744, 1038798662, 6266, 1037882628, 6274, 1037902359, 6258, 1037866294, 6017, 1038314068, 6001, 1038313609, 5753, 1038308608, 5745, 1038309582, 5761, 1038310046, 6018, 1037902363, 6002, 1037866319, 6021, 1021080494, 6022, 1021092396, 6006, 1021159809, 6019, 1038325315, 6007, 1021958318, 6003, 1038327820, 6275, 1038321066, 6020, 1022018475, 6004, 1021971225, 6259, 1038323574, 6005, 1021120163, 6023, 1022029989, 6268, 1022011137, 5751, 1021962952, 6277, 1021084738, 6261, 1021124329, 6262, 1021155661, 6279, 1022025249, 6260, 1021976073, 6270, 1021132216, 6276, 1022023191, 5760, 1038761696, 6271, 1021984058, 6263, 1021953485, 6267, 1038321161, 6269, 1021098013, 5754, 1037882554, 5762, 1037902351, 5746, 1037866344, 6278, 1021088154, 5747, 1038331865, 5755, 1038329428, 5763, 1038329347, 5748, 1021966620, 5756, 1022001702, 5764, 1022013972, 5749, 1021116211, 5757, 1021089943, 5765, 1021076469, 5750, 1021163753, 5758, 1021140421, 5766, 1021096393, 5767, 1022034494, 5759, 1021993395]
[INFO] (lattice_cell.c: 455): on tick 37 of 50
[INFO] (lattice_cell.c: 172): the unmatched_packets is 56
[6264, 1038775202, 6256, 1038779988, 6272, 1038774258, 6265, 1038323642, 6273, 1038326324, 6257, 1038324268, 6016, 1038774270, 6000, 1038779968, 5752, 1038775157, 5744, 1038779948, 5760, 1038774272, 6266, 1037879167, 6274, 1037879584, 6258, 1037875201, 6017, 1038321975, 6001, 1038319918, 5753, 1038315140, 5745, 1038315775, 5761, 1038317845, 6018, 1037879572, 6002, 1037875215, 6004, 1022001834, 6005, 1021086240, 6022, 1021137279, 6023, 1021970933, 6267, 1038329400, 6019, 1038333703, 6003, 1038334479, 5756, 1022018430, 6275, 1038329356, 6021, 1021118343, 6259, 1038330110, 5757, 1021066634, 6006, 1021068451, 5766, 1021141057, 5758, 1021135559, 5750, 1021072206, 6007, 1022045143, 6020, 1021968084, 5759, 1021986060, 6260, 1022006159, 6261, 1021090271, 6270, 1021127869, 6262, 1021064330, 6278, 1021133148, 6271, 1021977387, 6279, 1021966695, 6277, 1021122485, 5746, 1037875230, 5762, 1037879573, 5754, 1037879205, 5763, 1038337827, 5755, 1038337884, 6269, 1021074567, 5747, 1038338621, 6263, 1022040880, 5764, 1021963908, 5748, 1021997562, 5765, 1021114596, 5749, 1021082574, 5767, 1021975118, 5751, 1022049345, 6268, 1022026836, 6276, 1021972308]
[INFO] (lattice_cell.c: 455): on tick 38 of 50
[INFO] (lattice_cell.c: 172): the unmatched_packets is 56
[6264, 1038773073, 6272, 1038796403, 6256, 1038767238, 6265, 1038317861, 6273, 1038319275, 6257, 1038317871, 6016, 1038796407, 6000, 1038767244, 5752, 1038773000, 5744, 1038767248, 5760, 1038796417, 6266, 1037891242, 6274, 1037868818, 6258, 1037896864, 6017, 1038314988, 6001, 1038313587, 5753, 1038309510, 5745, 1038309501, 5761, 1038310913, 6018, 1037868824, 6002, 1037896850, 6019, 1038326250, 6004, 1022009437, 6267, 1038320683, 6006, 1021103478, 6023, 1021998209, 5747, 1038330867, 6275, 1038321949, 5764, 1021981616, 6003, 1038326786, 6020, 1021986149, 6259, 1038322485, 6021, 1021108359, 6005, 1021083385, 5749, 1021079508, 6022, 1021119441, 6268, 1021987927, 6007, 1022021195, 5758, 1021099004, 5759, 1022036000, 6269, 1021117568, 6270, 1021091015, 6262, 1021099290, 6263, 1022016591, 6279, 1021993452, 6260, 1022014105, 5746, 1037896830, 5762, 1037868814, 5754, 1037891302, 5763, 1038330330, 6261, 1021087482, 5755, 1038329068, 5756, 1021978784, 6277, 1021112393, 5748, 1022004981, 6278, 1021115406, 6271, 1022026918, 6276, 1021990889, 5765, 1021104542, 5757, 1021109628, 5766, 1021123244, 5750, 1021107441, 5767, 1022002754, 5751, 1022025580]
[INFO] (lattice_cell.c: 455): on tick 39 of 50
[INFO] (lattice_cell.c: 172): the unmatched_packets is 56
[6264, 1038774892, 6256, 1038773415, 6272, 1038771954, 6265, 1038324020, 6273, 1038325241, 6257, 1038325916, 6016, 1038771960, 5752, 1038774908, 6000, 1038773393, 5744, 1038773373, 5760, 1038771958, 6017, 1038320947, 6001, 1038321613, 6018, 1037882653, 6003, 1038335296, 6004, 1021989259, 5762, 1037882655, 6266, 1037879399, 6005, 1021090268, 6274, 1037882668, 6023, 1022026324, 6258, 1037880439, 5764, 1022018865, 5748, 1021984957, 6019, 1038332640, 6020, 1022023192, 6021, 1021068310, 6022, 1021087803, 6002, 1037880467, 6007, 1021965025, 6006, 1021145737, 6269, 1021120506, 6270, 1021108846, 6271, 1021999540, 6267, 1038328204, 6275, 1038328345, 6259, 1038330987, 5753, 1038315636, 5745, 1038317530, 5761, 1038316882, 5754, 1037879385, 5746, 1037880481, 5755, 1038336581, 5763, 1038336707, 6268, 1021979828, 5747, 1038339374, 6277, 1021072500, 5756, 1021971053, 6263, 1021960609, 5757, 1021112553, 5765, 1021064493, 6276, 1022027563, 6260, 1021993613, 5749, 1021086411, 6261, 1021094492, 6262, 1021141550, 6278, 1021083622, 5758, 1021117049, 5766, 1021091617, 6279, 1022021926, 5750, 1021149559, 5767, 1022030629, 5759, 1022008098, 5751, 1021969396]
[INFO] (lattice_cell.c: 455): on tick 40 of 50
[INFO] (lattice_cell.c: 172): the unmatched_packets is 56
[6264, 1038787935, 6256, 1038786269, 6272, 1038763672, 6265, 1038315526, 6273, 1038319314, 6257, 1038318510, 6016, 1038763672, 6000, 1038786205, 5752, 1038787959, 5744, 1038786136, 5760, 1038763690, 6266, 1037876973, 6017, 1038314966, 6001, 1038314162, 6018, 1037899941, 5753, 1038307060, 6019, 1038326434, 6003, 1038327385, 6020, 1021998206, 6004, 1021979334, 6258, 1037878654, 5746, 1037878748, 6002, 1037878692, 6021, 1021096468, 6005, 1021110065, 5763, 1038330563, 5756, 1022005569, 5764, 1021993923, 6267, 1038322116, 6275, 1038322092, 6023, 1022010293, 6007, 1022011585, 5767, 1022014600, 6022, 1021107951, 5751, 1022015929, 6006, 1021109531, 6276, 1022002751, 6268, 1022014498, 6278, 1021103922, 6263, 1022007021, 6259, 1038323030, 6271, 1021986776, 6279, 1022005749, 6260, 1021983928, 6269, 1021098641, 6261, 1021114041, 6277, 1021100513, 6270, 1021127069, 6262, 1021105548, 5761, 1038310848, 6274, 1037899941, 5745, 1038310034, 5754, 1037876941, 5762, 1037899932, 5755, 1038330588, 5747, 1038331537, 5748, 1021974981, 5757, 1021090921, 5765, 1021092664, 5749, 1021106291, 5758, 1021134767, 5766, 1021111747, 5750, 1021113318, 5759, 1021995738]
[INFO] (lattice_cell.c: 455): on tick 41 of 50
[INFO] (lattice_cell.c: 172): the unmatched_packets is 56
[6264, 1038774350, 6256, 1038773031, 6272, 1038776180, 6265, 1038323021, 6273, 1038327267, 6257, 1038323129, 6016, 1038776184, 5752, 1038774323, 6000, 1038773032, 5744, 1038773040, 5760, 1038776180, 6017, 1038323028, 6001, 1038318884, 6266, 1037880115, 6018, 1037877884, 6274, 1037877893, 6020, 1021967954, 5762, 1037877882, 6021, 1021113452, 6005, 1021095512, 6006, 1021092589, 6002, 1037881590, 6007, 1022023643, 6019, 1038334899, 6004, 1021995425, 5757, 1021072038, 6022, 1021132554, 6267, 1038328451, 5758, 1021115331, 5767, 1021975495, 6275, 1038330653, 6003, 1038333925, 6023, 1021971074, 6263, 1022019206, 6260, 1022000049, 6261, 1021099656, 6262, 1021088209, 6271, 1022002211, 6279, 1021966554, 6259, 1038329672, 6268, 1022023844, 6270, 1021107201, 6269, 1021080250, 6277, 1021117749, 6276, 1021972431, 5753, 1038314754, 6278, 1021128269, 5761, 1038319021, 5745, 1038314855, 6258, 1037881602, 5754, 1037880139, 5746, 1037881588, 5755, 1038336724, 5763, 1038338907, 5747, 1038337946, 5756, 1022014907, 5764, 1021963531, 5748, 1021990874, 5765, 1021109521, 5749, 1021091695, 5766, 1021136490, 5750, 1021096582, 5759, 1022011233, 5751, 1022028033]
[INFO] (lattice_cell.c: 455): on tick 42 of 50
[INFO] (lattice_cell.c: 172): the unmatched_packets is 56
[6264, 1038770830, 6272, 1038794122, 6256, 1038777269, 6265, 1038318702, 6273, 1038319799, 6257, 1038320030, 6016, 1038794124, 5752, 1038770730, 6000, 1038777233, 5744, 1038777211, 5760, 1038794136, 6266, 1037893175, 6017, 1038315407, 6001, 1038315638, 5753, 1038310155, 5745, 1038311465, 5761, 1038311239, 6018, 1037871148, 6274, 1037871148, 6004, 1021994271, 5746, 1037887046, 5754, 1037893255, 6002, 1037887034, 6006, 1021121130, 5763, 1038331051, 6007, 1021999624, 6019, 1038326868, 6258, 1037887006, 6003, 1038328029, 6020, 1021989049, 5765, 1021099430, 6267, 1038319671, 6021, 1021103096, 6005, 1021088651, 6022, 1021114948, 6023, 1022000937, 5751, 1022003816, 5759, 1022032563, 6263, 1021995219, 6276, 1021993505, 6260, 1021998615, 6271, 1022023991, 6279, 1021996480, 6261, 1021092672, 6262, 1021117171, 6275, 1038322477, 6259, 1038323635, 6269, 1021110691, 6270, 1021099230, 5762, 1037871147, 6277, 1021106977, 6278, 1021111069, 6268, 1021990942, 5747, 1038332215, 5755, 1038328237, 5748, 1021990121, 5764, 1021984812, 5756, 1021982364, 5749, 1021084885, 5757, 1021103010, 5766, 1021118592, 5750, 1021124860, 5758, 1021106872, 5767, 1022005197]
[INFO] (lattice_cell.c: 455): on tick 43 of 50
[INFO] (lattice_cell.c: 172): the unmatched_packets is 56
[6264, 1038771921, 6272, 1038774361, 6256, 1038773248, 6265, 1038321455, 6273, 1038324278, 6257, 1038322934, 5752, 1038771956, 6016, 1038774367, 6000, 1038773238, 5760, 1038774367, 6266, 1037882255, 6017, 1038320086, 6001, 1038318727, 5753, 1038313264, 5761, 1038316112, 6018, 1037880243, 6019, 1038331900, 6003, 1038336378, 6002, 1037881071, 6020, 1022019597, 6004, 1022009489, 6274, 1037880256, 5746, 1037881063, 6005, 1021081007, 6022, 1021093719, 6258, 1037881074, 6007, 1021978429, 6021, 1021074948, 6267, 1038327943, 6006, 1021128458, 6023, 1022023841, 5751, 1021983003, 6278, 1021089413, 6269, 1021119862, 6270, 1021118184, 6263, 1021973764, 6279, 1022019159, 6275, 1038327699, 6268, 1021989403, 5744, 1038773237, 5745, 1038314746, 5754, 1037882215, 5762, 1037880249, 5755, 1038336123, 5747, 1038340362, 5763, 1038335869, 6261, 1021085248, 5756, 1021980036, 6260, 1022014202, 6277, 1021079258, 5748, 1022004842, 5764, 1022015020, 5757, 1021111735, 6276, 1022024252, 5749, 1021077127, 5765, 1021071014, 6262, 1021124141, 6271, 1021991942, 6259, 1038332173, 5758, 1021126639, 5766, 1021097654, 5750, 1021132465, 5767, 1022028422, 5759, 1022001036]
[INFO] (lattice_cell.c: 455): on tick 44 of 50
[INFO] (lattice_cell.c: 172): the unmatched_packets is 56
[6264, 1038790517, 6272, 1038768162, 6256, 1038789086, 6265, 1038318206, 6273, 1038321459, 6257, 1038317643, 5752, 1038790485, 6016, 1038768174, 6000, 1038789005, 5744, 1038788921, 6266, 1037874411, 6274, 1037895537, 6258, 1037875656, 6017, 1038317033, 6001, 1038313213, 5753, 1038309586, 5745, 1038309006, 5761, 1038312836, 6018, 1037895528, 6002, 1037875730, 6019, 1038328973, 6020, 1021995904, 6267, 1038322989, 6005, 1021126603, 6275, 1038324537, 6004, 1021966426, 6021, 1021090071, 5765, 1021086370, 6003, 1038328097, 6022, 1021102624, 6006, 1021098139, 5766, 1021106323, 6023, 1022006428, 5767, 1022010497, 6007, 1022021580, 5759, 1021997552, 5751, 1022025659, 6261, 1021130565, 6269, 1021107906, 6277, 1021094019, 6278, 1021098675, 6279, 1022002206, 6260, 1021970660, 6259, 1038323652, 5760, 1038768184, 6268, 1021993645, 6276, 1022000139, 6270, 1021121921, 6271, 1021989144, 6263, 1022017280, 6262, 1021094252, 5762, 1037895525, 5754, 1037874423, 5746, 1037875811, 5755, 1038331622, 5763, 1038333179, 5747, 1038332322, 5756, 1021985347, 5764, 1021991875, 5748, 1021962404, 5757, 1021100284, 5749, 1021122875, 5758, 1021129414, 5750, 1021101782]
[INFO] (lattice_cell.c: 455): on tick 45 of 50
[INFO] (lattice_cell.c: 172): the unmatched_packets is 56
[6264, 1038770555, 6272, 1038767121, 6256, 1038756346, 6265, 1038323840, 6273, 1038324529, 6257, 1038327343, 5752, 1038770554, 5744, 1038756313, 6016, 1038767129, 5760, 1038767129, 6000, 1038756332, 6017, 1038320374, 6001, 1038323182, 6018, 1037886646, 6019, 1038331846, 6003, 1038333310, 6266, 1037883970, 5754, 1037883968, 6022, 1021126928, 6023, 1021989397, 5763, 1038335785, 6258, 1037897789, 5756, 1022025844, 6002, 1037897785, 6020, 1021983482, 6004, 1022028425, 6005, 1021044285, 6006, 1021111225, 6007, 1022008210, 6275, 1038327681, 6021, 1021108476, 6260, 1022033337, 6276, 1021988245, 6261, 1021048517, 6259, 1038329138, 5753, 1038315721, 5745, 1038319228, 6267, 1038326166, 5761, 1038316423, 5762, 1037886653, 5746, 1037897785, 5755, 1038334284, 6274, 1037886656, 5747, 1038337262, 6277, 1021112819, 6270, 1021113745, 6263, 1022003539, 5764, 1021978815, 5748, 1022023657, 6268, 1022035383, 5757, 1021056699, 6269, 1021064947, 6262, 1021106750, 6278, 1021122600, 5765, 1021104502, 5749, 1021040416, 6271, 1022004929, 6279, 1021984612, 5758, 1021122051, 5766, 1021130905, 5750, 1021115343, 5767, 1021994095, 5759, 1022014436, 5751, 1022012791]
[INFO] (lattice_cell.c: 455): on tick 46 of 50
[INFO] (lattice_cell.c: 172): the unmatched_packets is 56
[6264, 1038787759, 6272, 1038800625, 6256, 1038802584, 6265, 1038314019, 6273, 1038318656, 6257, 1038314686, 6016, 1038800629, 6000, 1038802583, 5752, 1038787692, 5744, 1038802583, 5760, 1038800633, 6266, 1037876649, 6274, 1037864719, 6017, 1038314206, 6001, 1038310228, 6002, 1037862256, 6020, 1021975319, 6258, 1037862253, 6018, 1037864717, 5762, 1037864705, 6006, 1021106179, 5747, 1038334584, 6003, 1038330358, 6004, 1021919832, 5765, 1021116798, 6021, 1021120430, 6005, 1021183515, 6022, 1021133419, 5766, 1021137042, 6259, 1038325888, 6023, 1021984165, 6007, 1022005295, 5751, 1022009315, 6275, 1038322101, 6019, 1038326550, 6276, 1021979481, 6278, 1021129562, 6263, 1022001129, 6279, 1021980009, 6267, 1038322835, 5753, 1038305353, 5745, 1038305996, 5761, 1038309991, 5754, 1037876710, 6277, 1021124324, 5746, 1037862254, 5755, 1038331510, 6268, 1021970813, 5763, 1038330769, 5756, 1021962693, 5764, 1021971318, 5748, 1021915780, 6269, 1021148716, 6261, 1021187355, 6260, 1021924051, 5757, 1021141175, 6270, 1021092535, 6262, 1021102298, 5749, 1021179928, 6271, 1022019210, 5758, 1021100061, 5750, 1021109782, 5767, 1021988194, 5759, 1022027341]
[INFO] (lattice_cell.c: 455): on tick 47 of 50
[INFO] (lattice_cell.c: 172): the unmatched_packets is 56
[6264, 1038743081, 6272, 1038756251, 6256, 1038745273, 6265, 1038326701, 6273, 1038328960, 6257, 1038326033, 6016, 1038756261, 5752, 1038743027, 6000, 1038745211, 5744, 1038745139, 5760, 1038756263, 6266, 1037910271, 6274, 1037897796, 6258, 1037908583, 6017, 1038324814, 6001, 1038321889, 5753, 1038318630, 5745, 1038317960, 5761, 1038320895, 6018, 1037897788, 6002, 1037908641, 6267, 1038328718, 6003, 1038333653, 5746, 1037908698, 6005, 1020968228, 6019, 1038336228, 6022, 1021065588, 6275, 1038332081, 6259, 1038329500, 5764, 1022022788, 6020, 1022027517, 6004, 1022109444, 5766, 1021069588, 5750, 1021142417, 6006, 1021138322, 6023, 1022035165, 6007, 1021981288, 6021, 1021048005, 6277, 1021052330, 6261, 1020972718, 6270, 1021111506, 6262, 1021133890, 6271, 1021997027, 6276, 1022032387, 6268, 1022051565, 6260, 1022114172, 5762, 1037897786, 5754, 1037910312, 6278, 1021061252, 5763, 1038340149, 5755, 1038336800, 5747, 1038337603, 6263, 1021976479, 5756, 1022041990, 5748, 1022104839, 6269, 1021036751, 6279, 1022030272, 5765, 1021044004, 5757, 1021028356, 5749, 1020964084, 5758, 1021120025, 5767, 1022039888, 5759, 1022006453, 5751, 1021985959]
[INFO] (lattice_cell.c: 455): on tick 48 of 50
[INFO] (lattice_cell.c: 172): the unmatched_packets is 56
[6264, 1038823326, 6272, 1038812036, 6256, 1038812230, 6265, 1038314794, 6273, 1038315709, 6257, 1038317701, 6016, 1038812038, 6000, 1038812229, 5752, 1038823395, 5744, 1038812228, 5760, 1038812056, 6266, 1037842337, 6274, 1037853126, 6017, 1038311248, 6001, 1038313233, 6258, 1037852902, 6018, 1037853120, 6020, 1021959641, 6004, 1021870021, 6005, 1021221298, 6006, 1021109601, 6002, 1037852902, 6019, 1038323613, 6003, 1038327581, 5748, 1021865808, 5757, 1021208687, 6021, 1021148000, 5765, 1021144444, 6022, 1021162500, 6023, 1021967572, 5750, 1021113176, 5767, 1021971573, 6007, 1022011503, 6277, 1021151824, 6262, 1021105770, 6278, 1021158687, 6263, 1022007340, 6267, 1038318513, 6275, 1038319149, 6259, 1038323104, 5753, 1038306107, 5761, 1038307021, 5745, 1038309005, 5754, 1037842261, 6270, 1021146015, 5746, 1037852906, 5762, 1037853108, 5755, 1038327209, 5747, 1038331822, 5763, 1038327845, 6261, 1021224941, 5756, 1021889336, 6279, 1021963416, 5764, 1021955653, 6268, 1021897705, 6276, 1021963793, 6269, 1021215816, 5749, 1021217926, 6271, 1021981924, 6260, 1021874390, 5758, 1021153417, 5766, 1021166055, 5759, 1021990070, 5751, 1022015502]
[INFO] (lattice_cell.c: 455): on tick 49 of 50
[INFO] (lattice_cell.c: 172): the unmatched_packets is 56
[6264, 1038732717, 6256, 1038751130, 6272, 1038712105, 6265, 1038323596, 6273, 1038328008, 6257, 1038324361, 6016, 1038712109, 5752, 1038732607, 6000, 1038751047, 5744, 1038750964, 5760, 1038712115, 6266, 1037920874, 6274, 1037940179, 6258, 1037903016, 6017, 1038323876, 6001, 1038320216, 5753, 1038315534, 5745, 1038316279, 5761, 1038319962, 6267, 1038331939, 6275, 1038331415, 6259, 1038333531, 6018, 1037940169, 6002, 1037903089, 5754, 1037920983, 5746, 1037903161, 5762, 1037940163, 6268, 1022126316, 6276, 1022072595, 6260, 1022080270, 6019, 1038335552, 6003, 1038337685, 5755, 1038340004, 5747, 1038341620, 5763, 1038339454, 6020, 1022067881, 6004, 1022075570, 6021, 1021011665, 6022, 1021028183, 6007, 1022033866, 5757, 1020966815, 6269, 1020975643, 6005, 1021009747, 6277, 1021016195, 6006, 1021069925, 5766, 1021032399, 6023, 1022076386, 5759, 1022048532, 6261, 1021014284, 5767, 1022080961, 6271, 1022038997, 6270, 1021058981, 6279, 1022071636, 5748, 1022071025, 5764, 1022063309, 5756, 1022117155, 6263, 1022029066, 6278, 1021023677, 5749, 1021005542, 5765, 1021007457, 5758, 1021067503, 5750, 1021074084, 5751, 1022038495, 6262, 1021065454]
[INFO] (lattice_cell.c: 455): on tick 50 of 50
[INFO] (lattice_cell.c: 466): updating recording regions
[INFO] (recording.c: 507): 	Finalising channel 0 - state info stored in SDRAM
[INFO] (recording.c: 512): closed channel 0.
[INFO] (lattice_cell.c: 470): Simulation complete.

