[INFO] (lattice_cell.c: 604): starting lattice cell
[INFO] (lattice_cell.c: 526): Initialise: started
[INFO] (data_specification.c: 78): magic = ad130ad6, version = 1.0
[INFO] (lattice_cell.c: 555): my key is 328
[INFO] (lattice_cell.c: 562): I'm in position ( 1, 9)
[INFO] (lattice_cell.c: 568): my n key is 72
[INFO] (lattice_cell.c: 574): my U_X = 0.007340715266764164
[INFO] (lattice_cell.c: 575): my U_Y = 0.0004903926164843142
[INFO] (lattice_cell.c: 583): input_buffer initialised
[INFO] (recording.c: 563): Recording 1 regions, using output tag 0, size before trigger 7686388, time between triggers 50
[INFO] (recording.c: 665): Recording channel 0 configured to use 7686132 byte memory block starting at 0x61f95e40
[INFO] (lattice_cell.c: 588): Recording flags = 0x00000001
[INFO] (lattice_cell.c: 619): setting timer to execute every 200000 microseconds
[INFO] (lattice_cell.c: 627): Starting

[INFO] (simulation.c: 159): Setting the runtime of this model to 50 starting at 0
[INFO] (simulation.c: 161): Setting the flag of infinite run for this model to 0
[INFO] (simulation.c: 175): Resuming
[INFO] (lattice_cell.c: 455): on tick 0 of 50
[320, 1038323247, 64, 1038323245, 576, 1038323247, 336, 1038758220, 72, 1038656481, 592, 1038758216, 80, 1038758216, 584, 1038656483, 65, 1038345649, 321, 1038345219, 577, 1038343944, 337, 1038341152, 73, 1038343241, 81, 1038341578, 593, 1038339871, 66, 1038323245, 322, 1038323247, 578, 1038323247, 338, 1037904556, 82, 1037904550, 323, 1038301339, 67, 1038300909, 339, 1038297274, 324, 1021568003, 68, 1021568433, 340, 1022004232, 596, 1022002879, 325, 1021568003, 341, 1021148057, 581, 1021566728, 326, 1021524123, 342, 1021106686, 327, 1021524123, 583, 1021525394, 343, 1021957843, 599, 1021959180, 589, 1021242217, 83, 1038296838, 585, 1038341534, 74, 1037999645, 594, 1037904552, 586, 1037999647, 579, 1038302610, 595, 1038298539, 75, 1038298501, 580, 1021566728, 588, 1021900872, 69, 1021568433, 597, 1021146848, 70, 1021523693, 78, 1021201079, 71, 1021523693, 79, 1021855944, 87, 1021957383, 591, 1021857719, 587, 1038300200, 84, 1022004682, 77, 1021243848, 85, 1021148457, 86, 1021106276, 582, 1021525394, 598, 1021107879, 76, 1021902655, 590, 1021202702]
[INFO] (lattice_cell.c: 455): on tick 1 of 50
[INFO] (lattice_cell.c: 172): the unmatched_packets is 56
[336, 1038726105, 64, 1038322623, 592, 1038726107, 320, 1038322625, 72, 1038575741, 80, 1038726097, 576, 1038322655, 584, 1038575763, 65, 1038347754, 337, 1038347160, 593, 1038345933, 81, 1038347556, 321, 1038347322, 73, 1038345613, 577, 1038346055, 585, 1038343952, 66, 1038323910, 338, 1037926663, 82, 1037926663, 74, 1038072957, 594, 1037926653, 322, 1038323887, 578, 1038323841, 586, 1038072913, 67, 1038303589, 83, 1038305385, 75, 1038305511, 339, 1038305775, 595, 1038307008, 323, 1038304003, 579, 1038305252, 68, 1021891990, 84, 1022073242, 76, 1022154626, 340, 1022071945, 324, 1021890721, 325, 1021235971, 341, 1021077160, 85, 1021076752, 326, 1021845938, 342, 1021143119, 327, 1021192440, 343, 1021909760, 87, 1021908448, 79, 1021674820, 589, 1020994299, 588, 1022151229, 587, 1038307148, 596, 1022069832, 580, 1021888636, 69, 1021235521, 597, 1021076700, 598, 1021143595, 583, 1021194544, 591, 1021678252, 77, 1020994288, 581, 1021235556, 70, 1021846322, 86, 1021143505, 71, 1021191137, 582, 1021846448, 78, 1021367784, 599, 1021911871, 590, 1021367884]
[INFO] (lattice_cell.c: 455): on tick 2 of 50
[INFO] (lattice_cell.c: 172): the unmatched_packets is 56
[336, 1038804109, 72, 1038648137, 320, 1038324446, 592, 1038804109, 64, 1038324430, 80, 1038804111, 584, 1038648165, 576, 1038324484, 337, 1038342633, 65, 1038343035, 81, 1038343047, 73, 1038339764, 593, 1038341360, 321, 1038342603, 338, 1037859948, 594, 1037859956, 322, 1038324924, 586, 1038006894, 578, 1038324934, 339, 1038297991, 323, 1038298177, 67, 1038297739, 324, 1021723537, 340, 1021864827, 325, 1021418555, 326, 1021682370, 78, 1021341770, 342, 1021100461, 327, 1021374213, 343, 1021968670, 75, 1038299907, 68, 1021724001, 588, 1021817365, 597, 1021277358, 84, 1021865280, 591, 1021721471, 580, 1021722276, 581, 1021417245, 587, 1038301622, 577, 1038341320, 585, 1038338075, 66, 1038324918, 82, 1037859944, 74, 1038006874, 595, 1038299276, 579, 1038299474, 76, 1021819130, 77, 1021329647, 341, 1021278533, 598, 1021101557, 599, 1021969963, 71, 1021373792, 583, 1021375478, 83, 1038297561, 596, 1021863523, 69, 1021419007, 86, 1021100151, 70, 1021682028, 589, 1021327975, 79, 1021719765, 87, 1021968265, 582, 1021683500, 85, 1021278909, 590, 1021343188]
[INFO] (lattice_cell.c: 455): on tick 3 of 50
[INFO] (lattice_cell.c: 172): the unmatched_packets is 56
[336, 1038716408, 320, 1038322717, 72, 1038627875, 592, 1038716414, 64, 1038322729, 80, 1038716412, 576, 1038322747, 584, 1038627887, 337, 1038347594, 73, 1038345905, 321, 1038347141, 593, 1038346367, 65, 1038347575, 81, 1038348002, 577, 1038345878, 585, 1038344230, 338, 1037936088, 66, 1038324478, 322, 1038324434, 74, 1038022972, 594, 1037936058, 82, 1037936110, 339, 1038307589, 323, 1038304324, 340, 1022188932, 324, 1021753217, 587, 1038308005, 341, 1020953932, 588, 1022037788, 325, 1021374800, 342, 1021119734, 326, 1021707872, 598, 1021120317, 343, 1021936501, 599, 1021938662, 327, 1021329657, 78, 1021333224, 71, 1021328334, 583, 1021331807, 578, 1038324354, 586, 1038022878, 67, 1038303916, 75, 1038306394, 595, 1038308786, 83, 1038307211, 579, 1038305541, 68, 1021754391, 580, 1021751186, 597, 1020953494, 77, 1021098761, 589, 1021098802, 590, 1021333502, 79, 1021709686, 76, 1022041048, 84, 1022190127, 596, 1022186827, 69, 1021374344, 85, 1020953485, 70, 1021708152, 86, 1021120056, 87, 1021935208, 581, 1021374326, 591, 1021713192, 582, 1021708485]
[INFO] (lattice_cell.c: 455): on tick 4 of 50
[INFO] (lattice_cell.c: 172): the unmatched_packets is 56
[80, 1038755458, 64, 1038324284, 72, 1038627915, 336, 1038755468, 592, 1038755478, 320, 1038324340, 576, 1038324404, 584, 1038627997, 81, 1038340923, 65, 1038343240, 73, 1038339129, 337, 1038340539, 321, 1038342798, 585, 1038337430, 82, 1037906213, 338, 1037906239, 322, 1038325571, 339, 1038299147, 323, 1038297889, 579, 1038299188, 340, 1021917667, 324, 1021757796, 325, 1021382979, 341, 1021227897, 77, 1021160447, 326, 1021717873, 327, 1021339414, 342, 1021134392, 582, 1021718858, 71, 1021338974, 343, 1021936612, 67, 1038297453, 587, 1038302415, 580, 1021756475, 593, 1038339286, 577, 1038341491, 594, 1037906259, 74, 1038027942, 66, 1038325553, 578, 1038325568, 586, 1038027968, 595, 1038300437, 596, 1021916307, 76, 1021986765, 597, 1021226727, 598, 1021135337, 599, 1021937880, 87, 1021936189, 583, 1021340691, 591, 1021728333, 75, 1038300692, 83, 1038298712, 84, 1021918212, 68, 1021758344, 588, 1021984841, 85, 1021228270, 581, 1021381721, 69, 1021383407, 589, 1021158861, 78, 1021337970, 70, 1021717650, 590, 1021339115, 86, 1021134180, 79, 1021726591]
[INFO] (lattice_cell.c: 455): on tick 5 of 50
[INFO] (lattice_cell.c: 172): the unmatched_packets is 56
[336, 1038755466, 320, 1038322977, 592, 1038755460, 72, 1038621390, 80, 1038755490, 64, 1038322987, 576, 1038323003, 584, 1038621380, 337, 1038346763, 73, 1038345288, 321, 1038346689, 593, 1038345548, 65, 1038347131, 81, 1038347173, 338, 1037897676, 322, 1038325234, 594, 1037897630, 577, 1038345436, 66, 1038325293, 74, 1038028943, 82, 1037897718, 578, 1038325122, 586, 1038028803, 585, 1038343625, 67, 1038303890, 339, 1038307810, 75, 1038307086, 83, 1038307448, 595, 1038308998, 323, 1038304274, 587, 1038308659, 68, 1021759752, 84, 1022012215, 340, 1022011124, 324, 1021758685, 325, 1021369868, 77, 1021160234, 341, 1021129771, 326, 1021713340, 598, 1021124099, 342, 1021123405, 590, 1021327939, 327, 1021322923, 599, 1021934012, 583, 1021325095, 343, 1021931877, 579, 1038305487, 76, 1021978779, 596, 1022009137, 580, 1021756793, 588, 1021975727, 589, 1021160105, 78, 1021327430, 79, 1021716217, 69, 1021369475, 597, 1021129300, 86, 1021123593, 70, 1021713494, 87, 1021930601, 71, 1021321629, 85, 1021129379, 582, 1021714055, 581, 1021369308, 591, 1021719709]
[INFO] (lattice_cell.c: 455): on tick 6 of 50
[INFO] (lattice_cell.c: 172): the unmatched_packets is 56
[336, 1038759849, 320, 1038324058, 592, 1038759877, 72, 1038626130, 64, 1038323992, 80, 1038759823, 576, 1038324166, 584, 1038626252, 337, 1038339676, 73, 1038339169, 321, 1038343145, 593, 1038338419, 65, 1038343589, 81, 1038340064, 577, 1038341824, 585, 1038337456, 338, 1037903160, 66, 1038326043, 74, 1038029644, 82, 1037903136, 594, 1037903180, 322, 1038326071, 578, 1038326055, 586, 1038029679, 75, 1038300573, 83, 1038299236, 67, 1038297433, 595, 1038300968, 339, 1038299672, 323, 1038297872, 579, 1038299182, 587, 1038302311, 68, 1021764129, 340, 1022021992, 324, 1021763470, 341, 1021123953, 325, 1021376038, 342, 1021127288, 326, 1021724718, 327, 1021332895, 343, 1021946138, 87, 1021945669, 69, 1021376385, 589, 1021171353, 76, 1021973015, 84, 1022022670, 596, 1022020535, 580, 1021762078, 588, 1021970868, 597, 1021122911, 77, 1021172767, 598, 1021128109, 582, 1021725568, 599, 1021947452, 583, 1021334235, 591, 1021724990, 85, 1021124243, 78, 1021342195, 70, 1021724635, 86, 1021127229, 79, 1021723135, 71, 1021332398, 590, 1021343064, 581, 1021374860]
[INFO] (lattice_cell.c: 455): on tick 7 of 50
[INFO] (lattice_cell.c: 172): the unmatched_packets is 56
[336, 1038748572, 320, 1038322751, 592, 1038748540, 72, 1038626020, 64, 1038322771, 80, 1038748606, 576, 1038322787, 584, 1038625998, 337, 1038346025, 593, 1038344818, 321, 1038346566, 73, 1038344504, 65, 1038347008, 81, 1038346421, 585, 1038342833, 577, 1038345309, 338, 1037904403, 74, 1038024956, 82, 1037904451, 322, 1038325394, 594, 1037904347, 66, 1038325461, 578, 1038325270, 586, 1038024801, 67, 1038304030, 75, 1038307456, 339, 1038308671, 83, 1038308319, 595, 1038309835, 323, 1038304412, 579, 1038305600, 68, 1021755951, 76, 1021975022, 340, 1022020932, 324, 1021755035, 580, 1021753267, 341, 1021119651, 325, 1021374400, 77, 1021164225, 85, 1021119346, 326, 1021709990, 582, 1021710843, 327, 1021325808, 343, 1021940544, 599, 1021942619, 79, 1021710360, 69, 1021374117, 78, 1021332892, 71, 1021324574, 598, 1021116909, 590, 1021333660, 583, 1021327930, 587, 1038309016, 596, 1022019065, 84, 1022021879, 588, 1021972220, 342, 1021116091, 591, 1021713722, 597, 1021119037, 70, 1021710035, 581, 1021373702, 86, 1021116154, 87, 1021939352, 589, 1021163894]
[INFO] (lattice_cell.c: 455): on tick 8 of 50
[INFO] (lattice_cell.c: 172): the unmatched_packets is 56
[336, 1038751238, 320, 1038323858, 592, 1038751278, 576, 1038323988, 64, 1038323766, 72, 1038629055, 584, 1038629214, 80, 1038751210, 337, 1038339879, 321, 1038343136, 593, 1038338618, 65, 1038343584, 73, 1038338862, 577, 1038341806, 81, 1038340253, 338, 1037910940, 322, 1038326595, 66, 1038326571, 82, 1037910920, 323, 1038297660, 339, 1038299880, 324, 1021757760, 340, 1022009709, 588, 1021981265, 341, 1021134173, 69, 1021381413, 598, 1021129427, 327, 1021338366, 342, 1021128757, 78, 1021343800, 343, 1021945691, 67, 1038297220, 77, 1021160928, 579, 1038298974, 581, 1021380124, 583, 1021339802, 585, 1038337133, 594, 1037910960, 74, 1038027121, 578, 1038326564, 75, 1038300907, 587, 1038302655, 586, 1038027138, 76, 1021983671, 68, 1021758564, 325, 1021381175, 326, 1021719712, 589, 1021159766, 70, 1021719763, 582, 1021720399, 590, 1021344359, 87, 1021945116, 591, 1021724732, 595, 1038301186, 596, 1022008120, 85, 1021134345, 580, 1021756247, 597, 1021133247, 86, 1021128834, 71, 1021337758, 79, 1021722689, 83, 1038299448, 84, 1022010516, 599, 1021947074]
[INFO] (lattice_cell.c: 455): on tick 9 of 50
[INFO] (lattice_cell.c: 172): the unmatched_packets is 56
[336, 1038749311, 320, 1038322733, 592, 1038749278, 64, 1038322748, 72, 1038624802, 584, 1038624781, 80, 1038749356, 576, 1038322775, 337, 1038345660, 321, 1038346403, 593, 1038344451, 65, 1038346847, 73, 1038344329, 81, 1038346050, 585, 1038342657, 577, 1038345140, 338, 1037903676, 74, 1038026150, 322, 1038325771, 66, 1038325846, 594, 1037903618, 82, 1037903724, 586, 1038025983, 578, 1038325637, 67, 1038303975, 75, 1038307728, 339, 1038308891, 83, 1038308538, 595, 1038310044, 323, 1038304347, 579, 1038305525, 76, 1021981818, 340, 1022001921, 324, 1021754021, 341, 1021137795, 325, 1021375804, 581, 1021374960, 342, 1021122675, 326, 1021709529, 327, 1021325956, 343, 1021933675, 69, 1021375652, 85, 1021137628, 78, 1021330424, 582, 1021710486, 587, 1038309270, 68, 1021754790, 596, 1022000184, 84, 1022002744, 580, 1021752413, 588, 1021979298, 597, 1021137062, 77, 1021157439, 589, 1021156816, 70, 1021709428, 590, 1021331438, 599, 1021935661, 79, 1021713041, 583, 1021328028, 598, 1021123630, 71, 1021324829, 87, 1021932601, 86, 1021122603, 591, 1021716221]
[INFO] (lattice_cell.c: 455): on tick 10 of 50
[INFO] (lattice_cell.c: 172): the unmatched_packets is 56
[336, 1038757046, 320, 1038323513, 592, 1038757083, 64, 1038323419, 72, 1038625971, 80, 1038757010, 576, 1038323674, 584, 1038626145, 337, 1038339323, 73, 1038338827, 321, 1038343166, 593, 1038338069, 65, 1038343619, 81, 1038339703, 577, 1038341843, 585, 1038337104, 338, 1037905710, 66, 1038327030, 74, 1038030140, 82, 1037905698, 594, 1037905720, 322, 1038327044, 578, 1038326996, 586, 1038030140, 67, 1038297222, 75, 1038300952, 339, 1038300235, 83, 1038299797, 595, 1038301541, 323, 1038297670, 587, 1038302706, 68, 1021761410, 324, 1021760484, 340, 1022008613, 341, 1021134449, 325, 1021378196, 326, 1021722787, 342, 1021131673, 327, 1021335363, 343, 1021943400, 87, 1021942707, 77, 1021163507, 85, 1021134483, 78, 1021341647, 86, 1021131903, 590, 1021341942, 598, 1021132209, 583, 1021336933, 579, 1038298976, 76, 1021980431, 596, 1022006889, 84, 1022009558, 588, 1021977749, 580, 1021758856, 597, 1021133670, 589, 1021162624, 599, 1021944886, 71, 1021334630, 69, 1021378293, 70, 1021722986, 79, 1021725239, 591, 1021727541, 581, 1021377267, 582, 1021723350]
[INFO] (lattice_cell.c: 455): on tick 11 of 50
[INFO] (lattice_cell.c: 172): the unmatched_packets is 56
[336, 1038752064, 320, 1038322560, 592, 1038752030, 64, 1038322566, 72, 1038623943, 80, 1038752120, 584, 1038623937, 576, 1038322624, 337, 1038345276, 73, 1038344143, 81, 1038345666, 65, 1038346917, 593, 1038344067, 321, 1038346456, 577, 1038345173, 585, 1038342457, 66, 1038326081, 74, 1038027152, 338, 1037901203, 82, 1037901249, 594, 1037901161, 322, 1038326007, 578, 1038325865, 323, 1038304313, 339, 1038309174, 579, 1038305492, 83, 1038308829, 324, 1021756080, 340, 1022013084, 84, 1022013761, 325, 1021373651, 341, 1021126638, 589, 1021163269, 85, 1021126606, 342, 1021120382, 590, 1021333021, 343, 1021936944, 76, 1021974615, 69, 1021373641, 71, 1021321849, 599, 1021938825, 586, 1038026998, 595, 1038310325, 67, 1038303952, 75, 1038307769, 68, 1021756721, 580, 1021754627, 597, 1021125755, 598, 1021121439, 326, 1021712551, 582, 1021713618, 327, 1021322834, 583, 1021324800, 587, 1038309307, 596, 1022011494, 588, 1021972371, 581, 1021372659, 77, 1021164162, 78, 1021331783, 86, 1021120200, 79, 1021711919, 87, 1021936014, 70, 1021712338, 591, 1021714879]
[INFO] (lattice_cell.c: 455): on tick 12 of 50
[INFO] (lattice_cell.c: 172): the unmatched_packets is 56
[336, 1038754282, 320, 1038323206, 592, 1038754312, 64, 1038323111, 72, 1038627388, 576, 1038323379, 80, 1038754261, 584, 1038627556, 337, 1038339138, 321, 1038343094, 593, 1038337885, 65, 1038343538, 73, 1038338505, 81, 1038339509, 577, 1038341757, 585, 1038336783, 338, 1037908246, 322, 1038327450, 66, 1038327448, 82, 1037908238, 594, 1037908233, 74, 1038028919, 578, 1038327366, 339, 1038300747, 323, 1038297731, 75, 1038301243, 579, 1038299035, 340, 1022015372, 324, 1021759479, 325, 1021379291, 341, 1021127682, 342, 1021127822, 326, 1021721868, 582, 1021722300, 327, 1021336026, 343, 1021946962, 591, 1021725275, 589, 1021164411, 588, 1021975815, 581, 1021378491, 583, 1021337737, 586, 1038028878, 67, 1038297299, 595, 1038302036, 83, 1038300302, 587, 1038302999, 596, 1022013503, 84, 1022016437, 580, 1021757735, 76, 1021978771, 69, 1021379257, 598, 1021128264, 71, 1021335124, 68, 1021760530, 77, 1021165031, 85, 1021127565, 597, 1021127065, 70, 1021722182, 86, 1021128159, 78, 1021344128, 87, 1021946132, 79, 1021722677, 590, 1021344193, 599, 1021948581]
[INFO] (lattice_cell.c: 455): on tick 13 of 50
[INFO] (lattice_cell.c: 172): the unmatched_packets is 56
[336, 1038747662, 320, 1038322467, 592, 1038747627, 64, 1038322449, 72, 1038625326, 80, 1038747687, 576, 1038322558, 584, 1038625350, 337, 1038345276, 321, 1038346481, 593, 1038344065, 65, 1038346953, 73, 1038344086, 81, 1038345679, 577, 1038345196, 585, 1038342381, 338, 1037905429, 74, 1038025895, 322, 1038326287, 594, 1037905399, 66, 1038326351, 82, 1037905466, 586, 1038025749, 578, 1038326149, 67, 1038303747, 339, 1038308313, 75, 1038307608, 595, 1038309483, 83, 1038307970, 323, 1038304100, 579, 1038305271, 587, 1038309153, 68, 1021753756, 76, 1021977941, 340, 1022007277, 84, 1022007841, 596, 1022005803, 324, 1021753256, 588, 1021975947, 69, 1021376389, 341, 1021131304, 325, 1021376240, 342, 1021120786, 326, 1021710911, 598, 1021121936, 343, 1021940655, 327, 1021324952, 87, 1021939863, 79, 1021711693, 591, 1021714401, 580, 1021751929, 77, 1021160343, 85, 1021131414, 597, 1021130279, 582, 1021712037, 590, 1021334775, 70, 1021710598, 599, 1021942369, 78, 1021333378, 581, 1021375099, 86, 1021120504, 71, 1021324080, 583, 1021326800, 589, 1021159147]
[INFO] (lattice_cell.c: 455): on tick 14 of 50
[INFO] (lattice_cell.c: 172): the unmatched_packets is 56
[336, 1038757687, 320, 1038322911, 72, 1038627505, 64, 1038322819, 592, 1038757710, 80, 1038757688, 576, 1038323089, 337, 1038338726, 321, 1038343103, 65, 1038343557, 81, 1038339102, 338, 1037904989, 322, 1038327826, 82, 1037905007, 339, 1038301501, 323, 1038298049, 596, 1022008555, 597, 1021131793, 326, 1021720811, 327, 1021335876, 342, 1021138425, 599, 1021936207, 343, 1021934386, 586, 1038028761, 598, 1021138804, 585, 1038336597, 580, 1021756816, 589, 1021160541, 591, 1021723306, 584, 1038627666, 593, 1038337497, 73, 1038338312, 577, 1038341780, 74, 1038028840, 595, 1038302783, 587, 1038304113, 340, 1022010530, 324, 1021758670, 588, 1021979928, 325, 1021379922, 341, 1021132304, 582, 1021721171, 590, 1021342515, 71, 1021334834, 66, 1038327842, 594, 1037904975, 578, 1038327708, 75, 1038302368, 67, 1038297622, 83, 1038301072, 68, 1021759798, 76, 1021983080, 84, 1022011697, 579, 1038299349, 85, 1021132049, 77, 1021160917, 69, 1021379740, 70, 1021721212, 78, 1021342616, 86, 1021138824, 87, 1021933405, 79, 1021720380, 581, 1021379228, 583, 1021337741]
[INFO] (lattice_cell.c: 455): on tick 15 of 50
[INFO] (lattice_cell.c: 172): the unmatched_packets is 56
[592, 1038740398, 336, 1038740411, 320, 1038322267, 576, 1038322391, 64, 1038322224, 72, 1038621224, 584, 1038621287, 80, 1038740437, 593, 1038344035, 337, 1038345258, 321, 1038345794, 577, 1038344489, 65, 1038346277, 73, 1038344033, 585, 1038342296, 81, 1038345658, 594, 1037912585, 338, 1037912615, 322, 1038326601, 66, 1038326645, 74, 1038029958, 578, 1038326465, 82, 1037912643, 586, 1038029838, 339, 1038310733, 75, 1038307047, 323, 1038303025, 83, 1038310351, 324, 1021754193, 596, 1021997381, 340, 1021998748, 580, 1021752974, 325, 1021378038, 341, 1021138734, 326, 1021713204, 598, 1021092469, 327, 1021326718, 590, 1021328362, 583, 1021328435, 343, 1021961571, 71, 1021325969, 591, 1021723138, 595, 1038311916, 67, 1038302672, 579, 1038304201, 587, 1038308615, 84, 1021999216, 76, 1021974488, 597, 1021137608, 69, 1021378309, 77, 1021163572, 589, 1021162148, 582, 1021714357, 342, 1021091302, 70, 1021712844, 79, 1021720730, 588, 1021972652, 581, 1021376774, 85, 1021138962, 86, 1021090978, 78, 1021326876, 87, 1021960976, 599, 1021963075, 68, 1021754604]
[INFO] (lattice_cell.c: 455): on tick 16 of 50
[INFO] (lattice_cell.c: 172): the unmatched_packets is 56
[336, 1038780202, 320, 1038322700, 592, 1038780206, 64, 1038322622, 72, 1038634537, 80, 1038780210, 576, 1038322885, 584, 1038634674, 337, 1038338267, 593, 1038337038, 321, 1038343300, 73, 1038338783, 65, 1038343768, 81, 1038338639, 577, 1038341989, 585, 1038337073, 66, 1038328096, 338, 1037883218, 74, 1038022040, 594, 1037883192, 82, 1037883232, 322, 1038328054, 578, 1038327920, 339, 1038301649, 67, 1038298276, 83, 1038301253, 323, 1038298681, 340, 1022028826, 324, 1021765825, 84, 1022030080, 341, 1021114269, 325, 1021371853, 77, 1021156152, 326, 1021727789, 342, 1021200533, 86, 1021200946, 327, 1021326449, 343, 1021872705, 76, 1021984976, 580, 1021763947, 598, 1021200894, 590, 1021369417, 583, 1021328492, 586, 1038021926, 595, 1038302906, 75, 1038300269, 579, 1038299958, 587, 1038301972, 596, 1022026742, 68, 1021767010, 597, 1021113883, 589, 1021155992, 70, 1021728239, 78, 1021369566, 591, 1021705612, 69, 1021371551, 85, 1021113924, 71, 1021325241, 87, 1021871507, 581, 1021371259, 79, 1021702295, 582, 1021728096, 599, 1021874724, 588, 1021981660]
[INFO] (lattice_cell.c: 455): on tick 17 of 50
[INFO] (lattice_cell.c: 172): the unmatched_packets is 56
[336, 1038713132, 320, 1038321839, 592, 1038713128, 64, 1038321768, 72, 1038605270, 80, 1038713148, 576, 1038322015, 584, 1038605394, 337, 1038344839, 321, 1038348408, 593, 1038343614, 65, 1038348890, 73, 1038343846, 81, 1038345228, 577, 1038347094, 585, 1038342107, 338, 1037939205, 594, 1037939166, 322, 1038327113, 74, 1038045632, 66, 1038327165, 82, 1037939229, 578, 1038326965, 586, 1038045510, 339, 1038308310, 323, 1038305154, 83, 1038307910, 340, 1021991945, 324, 1021727006, 596, 1021990657, 341, 1021148016, 325, 1021394714, 85, 1021148349, 342, 1020995552, 326, 1021687033, 327, 1021344120, 599, 1022069771, 343, 1022068470, 68, 1021727404, 78, 1021273849, 597, 1021146832, 86, 1020995232, 590, 1021275351, 75, 1038307152, 595, 1038309541, 67, 1038304792, 581, 1021393343, 589, 1021178757, 598, 1020996737, 582, 1021688187, 87, 1022068046, 583, 1021345693, 579, 1038306359, 84, 1021992362, 580, 1021725839, 77, 1021180382, 588, 1021956485, 70, 1021686651, 71, 1021343512, 79, 1021773907, 69, 1021395085, 76, 1021958213, 587, 1038308773, 591, 1021775989]
[INFO] (lattice_cell.c: 455): on tick 18 of 50
[INFO] (lattice_cell.c: 172): the unmatched_packets is 56
[336, 1038787033, 320, 1038322867, 592, 1038787029, 64, 1038322794, 72, 1038655979, 80, 1038787039, 576, 1038323044, 584, 1038656104, 337, 1038338194, 321, 1038342766, 593, 1038336955, 65, 1038343242, 81, 1038338574, 73, 1038335868, 577, 1038341442, 585, 1038334124, 338, 1037876182, 322, 1038328004, 74, 1038001066, 66, 1038328032, 594, 1037876160, 82, 1037876195, 578, 1038327867, 586, 1038000966, 339, 1038303159, 75, 1038302988, 323, 1038298659, 83, 1038302777, 67, 1038298263, 595, 1038304381, 579, 1038299896, 587, 1038304647, 68, 1021819828, 340, 1022024260, 84, 1022025518, 324, 1021818653, 580, 1021816765, 341, 1021116859, 325, 1021321007, 77, 1021133884, 581, 1021320428, 589, 1021133846, 342, 1021281563, 326, 1021781189, 70, 1021781652, 343, 1021785574, 327, 1021273088, 597, 1021116496, 86, 1021281986, 78, 1021460141, 71, 1021271758, 79, 1021601082, 76, 1022017378, 596, 1022022147, 588, 1022013998, 69, 1021320637, 85, 1021116433, 582, 1021781461, 599, 1021787749, 591, 1021604720, 598, 1021281917, 87, 1021784260, 590, 1021459961, 583, 1021275297]
[INFO] (lattice_cell.c: 455): on tick 19 of 50
[INFO] (lattice_cell.c: 172): the unmatched_packets is 56
[336, 1038741940, 320, 1038321175, 592, 1038741932, 64, 1038321095, 72, 1038601662, 80, 1038741960, 584, 1038601807, 337, 1038346965, 321, 1038346303, 576, 1038321386, 593, 1038345745, 65, 1038346773, 73, 1038344359, 81, 1038347353, 577, 1038344983, 585, 1038342613, 338, 1037911771, 322, 1038327757, 66, 1038327814, 594, 1037911745, 74, 1038049405, 82, 1037911795, 578, 1038327569, 339, 1038308452, 323, 1038302489, 75, 1038305579, 340, 1021994867, 579, 1038303716, 84, 1021995294, 341, 1021135257, 325, 1021493199, 69, 1021493613, 581, 1021491851, 342, 1021010880, 326, 1021597204, 327, 1021444670, 343, 1022053553, 71, 1021444112, 87, 1022053168, 70, 1021596812, 79, 1021878879, 591, 1021880795, 586, 1038049245, 67, 1038302111, 83, 1038308040, 595, 1038309709, 324, 1021637095, 596, 1021993599, 68, 1021637475, 587, 1038307279, 77, 1021213977, 598, 1021012034, 590, 1021177274, 582, 1021598372, 599, 1022054840, 580, 1021635960, 76, 1021923293, 588, 1021921568, 597, 1021134032, 86, 1021010538, 78, 1021175778, 589, 1021212347, 85, 1021135619, 583, 1021446152]
[INFO] (lattice_cell.c: 455): on tick 20 of 50
[INFO] (lattice_cell.c: 172): the unmatched_packets is 56
[336, 1038732661, 320, 1038322822, 592, 1038732651, 64, 1038322716, 72, 1038617817, 80, 1038732686, 576, 1038323022, 584, 1038617969, 337, 1038338327, 321, 1038343816, 593, 1038337119, 65, 1038344317, 73, 1038338200, 81, 1038338699, 577, 1038342478, 585, 1038336462, 338, 1037928974, 322, 1038328248, 594, 1037928947, 74, 1038038170, 66, 1038328263, 82, 1037928990, 586, 1038038087, 75, 1038303382, 339, 1038302593, 67, 1038299917, 83, 1038302199, 323, 1038300259, 579, 1038301445, 340, 1022033526, 324, 1021916753, 341, 1021108797, 325, 1021218343, 342, 1021154380, 326, 1021879962, 327, 1021167561, 343, 1021916546, 84, 1022034805, 597, 1021108407, 78, 1021485799, 583, 1021169884, 581, 1021217695, 590, 1021485655, 578, 1038328128, 595, 1038303822, 587, 1038304969, 68, 1021917932, 596, 1022031408, 76, 1022065217, 588, 1022061863, 589, 1021076178, 86, 1021154866, 582, 1021880234, 70, 1021880427, 599, 1021918657, 71, 1021166180, 580, 1021914902, 77, 1021076317, 69, 1021217964, 598, 1021154736, 87, 1021915304, 79, 1021574364, 591, 1021578066, 85, 1021108359]
[INFO] (lattice_cell.c: 455): on tick 21 of 50
[INFO] (lattice_cell.c: 172): the unmatched_packets is 56
[336, 1038785803, 320, 1038321223, 592, 1038785816, 64, 1038321165, 72, 1038666282, 80, 1038785821, 337, 1038344017, 321, 1038346580, 73, 1038342636, 338, 1037868589, 322, 1038327704, 66, 1038327780, 82, 1037868628, 339, 1038309296, 323, 1038302217, 324, 1021610002, 84, 1021936608, 597, 1021200804, 326, 1021571753, 581, 1021517985, 327, 1021471311, 342, 1021150063, 582, 1021572855, 87, 1021909515, 343, 1021910045, 77, 1021290050, 86, 1021149637, 78, 1021277014, 71, 1021470781, 79, 1021774753, 68, 1021610380, 599, 1021911403, 591, 1021776859, 583, 1021472788, 578, 1038327501, 598, 1021151277, 576, 1038321405, 584, 1038666399, 593, 1038342759, 65, 1038347036, 81, 1038344419, 577, 1038345271, 585, 1038340865, 586, 1037986069, 579, 1038303482, 75, 1038306130, 587, 1038307845, 340, 1021936190, 580, 1021608885, 325, 1021519315, 341, 1021201909, 85, 1021202242, 70, 1021571397, 74, 1037986252, 67, 1038301805, 594, 1037868543, 83, 1038308913, 595, 1038310534, 76, 1021851547, 596, 1021934897, 69, 1021519712, 588, 1021849782, 589, 1021288506, 590, 1021278491]
[INFO] (lattice_cell.c: 455): on tick 22 of 50
[INFO] (lattice_cell.c: 172): the unmatched_packets is 56
[336, 1038724790, 320, 1038322024, 72, 1038583095, 64, 1038321896, 80, 1038724801, 592, 1038724782, 576, 1038322288, 584, 1038583294, 337, 1038339363, 321, 1038342670, 73, 1038338217, 593, 1038338161, 65, 1038343172, 81, 1038339728, 585, 1038336450, 577, 1038341343, 338, 1037937468, 594, 1037937476, 322, 1038328894, 74, 1038072735, 66, 1038328907, 82, 1037937470, 339, 1038302940, 67, 1038299285, 323, 1038299629, 579, 1038300806, 340, 1022140765, 324, 1021818232, 580, 1021816308, 341, 1020997731, 84, 1022142020, 588, 1022118971, 325, 1021321692, 342, 1021125392, 599, 1021948645, 343, 1021946572, 78, 1021318164, 578, 1038328746, 586, 1038072662, 595, 1038304172, 75, 1038302392, 83, 1038302519, 587, 1038304031, 76, 1022122279, 597, 1020997208, 85, 1020997352, 581, 1021321007, 326, 1021779474, 598, 1021125695, 327, 1021270796, 582, 1021779784, 583, 1021273074, 87, 1021945413, 596, 1022138666, 68, 1021819416, 69, 1021321364, 77, 1021021893, 86, 1021125889, 70, 1021779916, 589, 1021021697, 71, 1021269454, 79, 1021747466, 590, 1021317934, 591, 1021750947]
[INFO] (lattice_cell.c: 455): on tick 23 of 50
[INFO] (lattice_cell.c: 172): the unmatched_packets is 56
[336, 1038773905, 320, 1038321260, 592, 1038773872, 64, 1038321202, 72, 1038630217, 80, 1038773945, 584, 1038630318, 576, 1038321468, 337, 1038344756, 321, 1038348154, 593, 1038343515, 65, 1038348663, 73, 1038343979, 81, 1038345146, 585, 1038342206, 338, 1037879832, 577, 1038346779, 322, 1038328110, 594, 1037879773, 66, 1038328189, 74, 1038020840, 82, 1037879882, 586, 1038020640, 339, 1038308318, 323, 1038303307, 67, 1038302946, 340, 1021859613, 324, 1021775516, 76, 1021878720, 341, 1021276270, 325, 1021346673, 342, 1021089416, 326, 1021740252, 86, 1021089019, 327, 1021297709, 343, 1021974224, 79, 1021674305, 85, 1021276539, 582, 1021741299, 71, 1021297022, 591, 1021676587, 578, 1038327895, 595, 1038309569, 75, 1038306776, 579, 1038304537, 83, 1038307924, 587, 1038308425, 596, 1021858260, 588, 1021876959, 597, 1021275229, 581, 1021345445, 69, 1021346947, 78, 1021375352, 599, 1021975624, 583, 1021299331, 580, 1021774524, 68, 1021775845, 84, 1021860110, 77, 1021255687, 70, 1021739899, 87, 1021973678, 589, 1021254235, 598, 1021090582, 590, 1021376879]
[INFO] (lattice_cell.c: 455): on tick 24 of 50
[INFO] (lattice_cell.c: 172): the unmatched_packets is 56
[336, 1038737517, 320, 1038322083, 592, 1038737533, 64, 1038321949, 80, 1038737511, 72, 1038649123, 576, 1038322339, 584, 1038649344, 337, 1038337536, 321, 1038341740, 593, 1038336325, 65, 1038342194, 81, 1038337916, 577, 1038340468, 585, 1038334241, 338, 1037924902, 73, 1038335977, 322, 1038328696, 594, 1037924889, 66, 1038328708, 82, 1037924895, 586, 1038008116, 339, 1038303441, 323, 1038299137, 595, 1038304666, 67, 1038298770, 74, 1038008192, 340, 1022114293, 324, 1021720463, 341, 1021030395, 580, 1021718520, 325, 1021423686, 342, 1021142131, 326, 1021681399, 343, 1021927945, 327, 1021371156, 85, 1021030080, 87, 1021926851, 582, 1021681734, 578, 1038328558, 75, 1038302804, 83, 1038303026, 579, 1038300343, 587, 1038304463, 596, 1022112201, 68, 1021721686, 76, 1021987133, 84, 1022115492, 588, 1021983692, 597, 1021029847, 69, 1021423532, 583, 1021373315, 77, 1021164205, 86, 1021142564, 78, 1021348767, 70, 1021681876, 71, 1021369967, 79, 1021713544, 581, 1021422790, 598, 1021142553, 590, 1021348642, 591, 1021716956, 589, 1021163744, 599, 1021929962]
[INFO] (lattice_cell.c: 455): on tick 25 of 50
[INFO] (lattice_cell.c: 172): the unmatched_packets is 56
[336, 1038747583, 320, 1038320688, 592, 1038747539, 64, 1038320611, 80, 1038747639, 576, 1038320892, 72, 1038613131, 584, 1038613244, 337, 1038346440, 321, 1038347947, 593, 1038345171, 65, 1038348469, 73, 1038345024, 81, 1038346849, 577, 1038346550, 585, 1038343132, 338, 1037905602, 322, 1038328414, 594, 1037905545, 66, 1038328508, 74, 1038038419, 82, 1037905647, 578, 1038328174, 586, 1038038210, 339, 1038309108, 75, 1038306307, 323, 1038302708, 595, 1038310364, 67, 1038302352, 83, 1038308724, 579, 1038303935, 587, 1038307991, 340, 1021980182, 68, 1021745273, 84, 1021980673, 76, 1022025201, 596, 1021978879, 324, 1021744921, 580, 1021743869, 588, 1022023506, 341, 1021146975, 69, 1021378492, 85, 1021147139, 77, 1021106943, 597, 1021146037, 325, 1021378376, 342, 1021149980, 326, 1021709741, 582, 1021710721, 343, 1021912724, 327, 1021331094, 583, 1021332796, 79, 1021741527, 581, 1021377308, 589, 1021105880, 70, 1021709427, 598, 1021151067, 78, 1021311827, 86, 1021149658, 599, 1021914226, 71, 1021330280, 590, 1021313111, 87, 1021912043, 591, 1021744010]
[INFO] (lattice_cell.c: 455): on tick 26 of 50
[INFO] (lattice_cell.c: 172): the unmatched_packets is 56
[592, 1038771886, 576, 1038322075, 336, 1038771874, 320, 1038321776, 584, 1038612124, 64, 1038321623, 72, 1038611887, 80, 1038771871, 593, 1038335564, 577, 1038340699, 337, 1038336724, 321, 1038341979, 585, 1038334843, 65, 1038342454, 73, 1038336504, 81, 1038337076, 594, 1037891463, 578, 1038329396, 338, 1037891458, 586, 1038043929, 322, 1038329563, 66, 1038329569, 74, 1038043985, 82, 1037891445, 595, 1038304299, 579, 1038300860, 323, 1038299683, 587, 1038304534, 83, 1038302627, 596, 1021974220, 340, 1021976355, 324, 1021785246, 341, 1021171004, 325, 1021357076, 326, 1021746182, 85, 1021170902, 580, 1021783409, 342, 1021114579, 327, 1021303108, 343, 1021955183, 588, 1021959652, 339, 1038303062, 75, 1038302880, 67, 1038299328, 68, 1021786351, 597, 1021170267, 84, 1021977586, 581, 1021356050, 77, 1021185696, 599, 1021957100, 86, 1021114930, 87, 1021954235, 79, 1021721231, 76, 1021962966, 69, 1021357010, 589, 1021184886, 78, 1021341837, 70, 1021746545, 71, 1021301992, 590, 1021341907, 583, 1021305241, 591, 1021724395, 598, 1021115100, 582, 1021746608]
[INFO] (lattice_cell.c: 455): on tick 27 of 50
[INFO] (lattice_cell.c: 172): the unmatched_packets is 56
[336, 1038747218, 320, 1038320740, 592, 1038747185, 64, 1038320663, 72, 1038631980, 80, 1038747278, 584, 1038632077, 576, 1038320957, 337, 1038345743, 321, 1038348382, 593, 1038344430, 65, 1038348919, 73, 1038344528, 81, 1038346181, 577, 1038346967, 585, 1038342608, 338, 1037906479, 322, 1038328333, 594, 1037906416, 66, 1038328420, 74, 1038019613, 82, 1037906530, 578, 1038328098, 586, 1038019392, 339, 1038308665, 323, 1038302902, 67, 1038302556, 595, 1038309919, 75, 1038306262, 83, 1038308266, 587, 1038307936, 579, 1038304132, 340, 1022038368, 68, 1021750491, 76, 1021942479, 84, 1022038923, 596, 1022037009, 324, 1021750052, 588, 1021940521, 341, 1021093398, 325, 1021371705, 581, 1021370724, 342, 1021105224, 326, 1021717245, 343, 1021960647, 327, 1021323173, 86, 1021104999, 598, 1021106163, 582, 1021718077, 583, 1021325024, 599, 1021962249, 580, 1021748969, 69, 1021371714, 77, 1021190518, 597, 1021092670, 85, 1021093354, 589, 1021189669, 70, 1021717077, 71, 1021322217, 79, 1021695629, 591, 1021698422, 78, 1021356157, 87, 1021959855, 590, 1021357243]
[INFO] (lattice_cell.c: 455): on tick 28 of 50
[INFO] (lattice_cell.c: 172): the unmatched_packets is 56
[336, 1038740173, 320, 1038321456, 592, 1038740197, 64, 1038321290, 72, 1038636208, 576, 1038321763, 80, 1038740178, 584, 1038636475, 337, 1038337142, 321, 1038341626, 593, 1038335985, 65, 1038342073, 73, 1038335767, 81, 1038337483, 577, 1038340362, 585, 1038334071, 338, 1037921860, 322, 1038329479, 66, 1038329496, 594, 1037921859, 74, 1038020945, 82, 1037921859, 578, 1038329304, 586, 1038020856, 339, 1038303909, 67, 1038299123, 75, 1038303254, 595, 1038305148, 83, 1038303491, 323, 1038299489, 340, 1022026241, 324, 1021741704, 84, 1022027339, 341, 1021118076, 325, 1021402697, 69, 1021402809, 342, 1021136250, 589, 1021149368, 326, 1021701928, 327, 1021348637, 343, 1021932307, 85, 1021118093, 78, 1021344850, 87, 1021931456, 582, 1021702454, 583, 1021350621, 579, 1038300672, 587, 1038304921, 68, 1021742740, 76, 1022000729, 596, 1022024247, 580, 1021739943, 588, 1021997580, 598, 1021136916, 599, 1021934088, 71, 1021347676, 77, 1021150377, 70, 1021702173, 581, 1021401536, 86, 1021136454, 79, 1021716828, 590, 1021345168, 597, 1021117179, 591, 1021719804]
[INFO] (lattice_cell.c: 455): on tick 29 of 50
[INFO] (lattice_cell.c: 172): the unmatched_packets is 56
[336, 1038753288, 320, 1038320497, 592, 1038753233, 64, 1038320409, 72, 1038617559, 80, 1038753352, 576, 1038320735, 584, 1038617669, 337, 1038346288, 73, 1038344931, 65, 1038348611, 321, 1038348063, 593, 1038344981, 81, 1038346713, 577, 1038346634, 585, 1038342986, 66, 1038328951, 338, 1037900092, 82, 1037900131, 74, 1038033889, 594, 1037900048, 322, 1038328860, 586, 1038033688, 323, 1038302506, 75, 1038306127, 339, 1038307905, 324, 1021746998, 340, 1021974951, 588, 1021993551, 341, 1021152753, 325, 1021375246, 342, 1021144005, 589, 1021135283, 582, 1021715166, 327, 1021327043, 343, 1021923648, 596, 1021973460, 578, 1038328604, 67, 1038302171, 595, 1038309161, 83, 1038307506, 579, 1038303724, 587, 1038307796, 580, 1021745806, 68, 1021747555, 77, 1021135866, 581, 1021374411, 326, 1021714474, 70, 1021714418, 590, 1021326908, 599, 1021925384, 71, 1021325966, 76, 1021995650, 84, 1021975664, 69, 1021375111, 85, 1021152637, 78, 1021326130, 597, 1021152117, 86, 1021143917, 87, 1021922728, 79, 1021728443, 598, 1021144824, 591, 1021731475, 583, 1021329032]
[INFO] (lattice_cell.c: 455): on tick 30 of 50
[INFO] (lattice_cell.c: 172): the unmatched_packets is 56
[336, 1038766984, 320, 1038321140, 592, 1038766989, 64, 1038320973, 72, 1038617176, 80, 1038766983, 576, 1038321474, 584, 1038617424, 337, 1038336532, 321, 1038342018, 593, 1038335382, 65, 1038342488, 73, 1038336318, 81, 1038336887, 577, 1038340743, 585, 1038334645, 338, 1037896411, 322, 1038330115, 66, 1038330137, 594, 1037896395, 74, 1038038952, 82, 1037896409, 586, 1038038849, 578, 1038329909, 339, 1038304187, 323, 1038299868, 67, 1038299510, 75, 1038303917, 83, 1038303739, 595, 1038305424, 579, 1038301047, 587, 1038305590, 340, 1022006248, 324, 1021772531, 84, 1022007216, 341, 1021140707, 325, 1021370094, 342, 1021121364, 326, 1021733312, 70, 1021733438, 327, 1021315262, 343, 1021945204, 79, 1021720452, 77, 1021179328, 591, 1021723172, 596, 1022004295, 76, 1021970216, 68, 1021773395, 580, 1021770936, 588, 1021967319, 69, 1021370305, 581, 1021368803, 589, 1021177988, 598, 1021122164, 582, 1021733972, 86, 1021121426, 590, 1021338791, 78, 1021338200, 71, 1021314392, 87, 1021944480, 85, 1021140836, 599, 1021946897, 597, 1021139701, 583, 1021317172]
[INFO] (lattice_cell.c: 455): on tick 31 of 50
[INFO] (lattice_cell.c: 172): the unmatched_packets is 56
[336, 1038748989, 320, 1038320347, 592, 1038748950, 64, 1038320244, 72, 1038626650, 576, 1038320610, 80, 1038749041, 584, 1038626778, 337, 1038345617, 321, 1038347373, 593, 1038344308, 65, 1038347933, 73, 1038344345, 81, 1038346065, 585, 1038342392, 577, 1038345940, 338, 1037904771, 322, 1038328806, 66, 1038328884, 339, 1038310145, 323, 1038301918, 595, 1038311413, 340, 1022027540, 324, 1021752700, 76, 1021955328, 341, 1021103056, 68, 1021753395, 325, 1021372617, 597, 1021102554, 69, 1021372386, 326, 1021721433, 342, 1021109027, 327, 1021323001, 343, 1021952027, 598, 1021109685, 74, 1038024981, 594, 1037904734, 578, 1038328569, 82, 1037904811, 579, 1038303134, 75, 1038305596, 587, 1038307279, 596, 1022025935, 580, 1021751425, 589, 1021177186, 582, 1021721954, 86, 1021109087, 590, 1021350520, 599, 1021953877, 71, 1021321785, 583, 1021325127, 67, 1038301597, 84, 1022028363, 77, 1021177548, 588, 1021952876, 586, 1038024789, 70, 1021721544, 78, 1021349988, 581, 1021371862, 79, 1021705388, 87, 1021951013, 83, 1038309740, 85, 1021102788, 591, 1021708698]
[INFO] (lattice_cell.c: 455): on tick 32 of 50
[INFO] (lattice_cell.c: 172): the unmatched_packets is 56
[336, 1038743193, 320, 1038320913, 592, 1038743195, 64, 1038320750, 576, 1038321248, 72, 1038632565, 80, 1038743220, 584, 1038632812, 337, 1038337264, 321, 1038342477, 593, 1038336095, 65, 1038342941, 73, 1038336788, 81, 1038337604, 577, 1038341202, 585, 1038335082, 338, 1037918885, 322, 1038330128, 66, 1038330167, 594, 1037918859, 74, 1038024412, 82, 1037918898, 578, 1038329912, 339, 1038304504, 75, 1038301982, 323, 1038300156, 67, 1038299790, 340, 1022018184, 324, 1021748581, 326, 1021709682, 342, 1021125106, 589, 1021156738, 86, 1021124965, 343, 1021941360, 85, 1021126130, 78, 1021349972, 598, 1021126087, 87, 1021940690, 580, 1021747094, 586, 1038024275, 83, 1038304089, 595, 1038305729, 579, 1038301338, 596, 1022016416, 68, 1021749317, 76, 1021988473, 341, 1021125869, 588, 1021985841, 84, 1022019022, 587, 1038303647, 325, 1021392518, 327, 1021337858, 582, 1021710458, 590, 1021350867, 583, 1021339643, 69, 1021392843, 77, 1021158248, 597, 1021124761, 70, 1021709653, 581, 1021391113, 79, 1021716983, 71, 1021337107, 591, 1021719574, 599, 1021942963]
[INFO] (lattice_cell.c: 455): on tick 33 of 50
[INFO] (lattice_cell.c: 172): the unmatched_packets is 56
[592, 1038751970, 336, 1038752003, 576, 1038320453, 584, 1038622799, 320, 1038320166, 64, 1038320045, 80, 1038752049, 72, 1038622614, 593, 1038343641, 337, 1038344946, 577, 1038347711, 585, 1038341891, 321, 1038349131, 65, 1038349681, 73, 1038343856, 81, 1038345389, 594, 1037901424, 338, 1037901454, 578, 1038329013, 586, 1038028809, 322, 1038329264, 66, 1038329341, 74, 1038028989, 82, 1037901490, 595, 1038308552, 579, 1038305144, 339, 1038307240, 323, 1038303930, 587, 1038307380, 75, 1038305674, 596, 1021986832, 324, 1021741497, 340, 1021988601, 325, 1021376112, 581, 1021375433, 598, 1021147420, 326, 1021709883, 341, 1021143434, 582, 1021710256, 599, 1021926195, 327, 1021326111, 342, 1021146924, 343, 1021924352, 589, 1021144196, 591, 1021724127, 67, 1038303609, 83, 1038306795, 580, 1021740048, 76, 1021990658, 597, 1021142998, 70, 1021710143, 87, 1021923317, 588, 1021987951, 68, 1021742355, 77, 1021144401, 69, 1021375796, 85, 1021143095, 78, 1021335978, 86, 1021147212, 590, 1021336113, 79, 1021720709, 583, 1021328333, 84, 1021989573, 71, 1021324813]
[INFO] (lattice_cell.c: 455): on tick 34 of 50
[INFO] (lattice_cell.c: 172): the unmatched_packets is 56
[336, 1038757029, 320, 1038320693, 592, 1038757001, 64, 1038320537, 72, 1038617542, 584, 1038617767, 576, 1038321033, 80, 1038757064, 337, 1038337546, 321, 1038342888, 593, 1038336363, 65, 1038343386, 73, 1038335240, 81, 1038337911, 585, 1038333508, 577, 1038341571, 338, 1037905945, 594, 1037905928, 322, 1038330524, 74, 1038038721, 66, 1038330577, 82, 1037905965, 578, 1038330286, 586, 1038038596, 339, 1038306411, 75, 1038304717, 595, 1038307612, 83, 1038306026, 323, 1038300237, 67, 1038299898, 587, 1038306348, 340, 1021999727, 324, 1021762561, 84, 1022000471, 341, 1021142505, 597, 1021141349, 325, 1021376870, 342, 1021107412, 326, 1021724870, 343, 1021950983, 327, 1021322107, 583, 1021323884, 69, 1021377231, 591, 1021727999, 579, 1038301399, 68, 1021763087, 596, 1021998060, 76, 1021980461, 580, 1021761317, 581, 1021375451, 598, 1021108566, 582, 1021725798, 86, 1021107077, 599, 1021952625, 71, 1021321370, 588, 1021978135, 77, 1021173286, 85, 1021142853, 78, 1021330221, 70, 1021724695, 589, 1021171632, 79, 1021725420, 87, 1021950298, 590, 1021331478]
[INFO] (lattice_cell.c: 455): on tick 35 of 50
[INFO] (lattice_cell.c: 172): the unmatched_packets is 56
[336, 1038767006, 320, 1038319684, 592, 1038766977, 64, 1038319545, 72, 1038627171, 576, 1038320020, 584, 1038627374, 80, 1038767046, 337, 1038346287, 321, 1038346074, 593, 1038345005, 65, 1038346594, 81, 1038346719, 585, 1038341405, 577, 1038344690, 73, 1038343298, 338, 1037887382, 322, 1038329623, 594, 1037887350, 66, 1038329687, 74, 1038024486, 82, 1037887409, 586, 1038024304, 339, 1038307494, 323, 1038301263, 595, 1038308806, 67, 1038300918, 75, 1038303606, 579, 1038302481, 587, 1038305384, 578, 1038329361, 83, 1038307016, 340, 1022025105, 68, 1021762892, 324, 1021761851, 76, 1021966617, 84, 1022026213, 596, 1022023210, 588, 1021963543, 341, 1021101216, 325, 1021368177, 342, 1021161004, 326, 1021730000, 343, 1021910964, 327, 1021317018, 599, 1021912847, 590, 1021363270, 580, 1021760214, 69, 1021367864, 77, 1021169835, 85, 1021100786, 597, 1021100836, 589, 1021169678, 581, 1021367477, 598, 1021161355, 87, 1021909887, 70, 1021730436, 78, 1021363409, 71, 1021315672, 79, 1021700649, 582, 1021730210, 86, 1021161413, 591, 1021704095, 583, 1021319298]
[INFO] (lattice_cell.c: 455): on tick 36 of 50
[INFO] (lattice_cell.c: 172): the unmatched_packets is 56
[336, 1038723575, 320, 1038320784, 592, 1038723547, 64, 1038320626, 72, 1038619407, 576, 1038321121, 80, 1038723612, 584, 1038619643, 337, 1038338373, 321, 1038345195, 593, 1038337158, 65, 1038345733, 73, 1038338230, 577, 1038343826, 81, 1038338771, 585, 1038336380, 338, 1037938051, 322, 1038330298, 594, 1037938025, 66, 1038330336, 74, 1038037203, 82, 1037938067, 578, 1038330079, 586, 1038037063, 339, 1038304042, 323, 1038302107, 595, 1038305250, 67, 1038301805, 75, 1038304762, 83, 1038303647, 579, 1038303244, 587, 1038306354, 340, 1022005233, 324, 1021733290, 68, 1021733659, 76, 1021966034, 596, 1022003739, 84, 1022005787, 580, 1021732231, 588, 1021964034, 341, 1021135143, 69, 1021397466, 77, 1021175025, 325, 1021397075, 85, 1021135500, 597, 1021133967, 589, 1021173366, 581, 1021395614, 342, 1021043020, 70, 1021697558, 78, 1021310345, 326, 1021697863, 590, 1021311799, 343, 1022026275, 599, 1022027818, 327, 1021341715, 583, 1021343482, 591, 1021747985, 86, 1021042599, 598, 1021044247, 582, 1021698855, 71, 1021340998, 79, 1021745463, 87, 1022025701]
[INFO] (lattice_cell.c: 455): on tick 37 of 50
[INFO] (lattice_cell.c: 172): the unmatched_packets is 56
[336, 1038777135, 592, 1038777098, 320, 1038319387, 576, 1038319729, 64, 1038319241, 72, 1038642977, 584, 1038643183, 80, 1038777177, 337, 1038343120, 593, 1038341864, 321, 1038345602, 577, 1038344257, 65, 1038346087, 585, 1038338906, 338, 1037876982, 73, 1038340759, 594, 1037876959, 322, 1038330065, 81, 1038343516, 82, 1037877006, 586, 1038008938, 339, 1038311438, 323, 1038301285, 595, 1038312729, 579, 1038302517, 75, 1038306287, 340, 1022016138, 596, 1022014047, 324, 1021783495, 341, 1021121086, 325, 1021348094, 581, 1021347404, 589, 1021132390, 326, 1021749905, 77, 1021132518, 342, 1021246518, 590, 1021410828, 327, 1021296822, 343, 1021808341, 583, 1021299138, 86, 1021246930, 76, 1022013555, 79, 1021643210, 66, 1038330152, 74, 1038009138, 578, 1038329774, 67, 1038300913, 587, 1038308064, 83, 1038310989, 580, 1021781700, 68, 1021784641, 598, 1021246881, 582, 1021750081, 599, 1021810394, 84, 1022017423, 588, 1022010173, 597, 1021120679, 85, 1021120702, 69, 1021347731, 78, 1021411095, 70, 1021750420, 71, 1021295475, 87, 1021807119, 591, 1021646866]
[INFO] (lattice_cell.c: 455): on tick 38 of 50
[INFO] (lattice_cell.c: 172): the unmatched_packets is 56
[336, 1038732783, 320, 1038320448, 592, 1038732751, 64, 1038320263, 72, 1038599954, 584, 1038600206, 576, 1038320820, 80, 1038732829, 337, 1038340581, 321, 1038343157, 593, 1038339332, 65, 1038343722, 73, 1038338962, 81, 1038340989, 585, 1038337053, 577, 1038341756, 338, 1037929639, 322, 1038330775, 594, 1037929613, 82, 1037929662, 74, 1038056120, 66, 1038330814, 586, 1038055992, 578, 1038330540, 339, 1038301446, 323, 1038299536, 595, 1038302729, 67, 1038299256, 75, 1038300633, 83, 1038300991, 579, 1038300672, 587, 1038302251, 340, 1021977663, 76, 1021940744, 324, 1021684984, 596, 1021976305, 68, 1021685288, 84, 1021978140, 580, 1021684025, 588, 1021938982, 341, 1021153516, 69, 1021453829, 85, 1021153888, 597, 1021152358, 77, 1021198865, 325, 1021453415, 342, 1021003234, 326, 1021651253, 598, 1021004387, 343, 1022076372, 327, 1021398414, 79, 1021844276, 590, 1021229767, 583, 1021400148, 591, 1021846584, 581, 1021451938, 589, 1021197160, 70, 1021650912, 582, 1021652240, 86, 1021002872, 78, 1021228358, 599, 1022077704, 71, 1021397741, 87, 1022075937]
[INFO] (lattice_cell.c: 455): on tick 39 of 50
[INFO] (lattice_cell.c: 172): the unmatched_packets is 56
[336, 1038761433, 320, 1038319366, 592, 1038761413, 64, 1038319225, 72, 1038633892, 576, 1038319715, 80, 1038761478, 584, 1038634098, 337, 1038342709, 321, 1038349252, 593, 1038341478, 65, 1038349746, 73, 1038342807, 81, 1038343111, 577, 1038347904, 585, 1038340981, 338, 1037892374, 322, 1038330094, 594, 1037892329, 74, 1038017747, 66, 1038330183, 82, 1037892404, 586, 1038017545, 578, 1038329796, 339, 1038310984, 323, 1038305461, 75, 1038309001, 595, 1038312209, 67, 1038305110, 83, 1038310589, 340, 1022034742, 324, 1021865705, 68, 1021866852, 341, 1021104195, 325, 1021251284, 342, 1021223688, 326, 1021832314, 598, 1021224184, 327, 1021197790, 78, 1021478303, 590, 1021478226, 343, 1021833880, 87, 1021832509, 77, 1021103798, 79, 1021564464, 579, 1038306662, 587, 1038310703, 596, 1022032538, 76, 1022033335, 84, 1022036073, 580, 1021863957, 588, 1022029807, 86, 1021223982, 71, 1021196345, 591, 1021568428, 69, 1021250881, 597, 1021103786, 581, 1021250598, 70, 1021832825, 589, 1021103628, 582, 1021832465, 85, 1021103789, 583, 1021200205, 599, 1021836103]
[INFO] (lattice_cell.c: 455): on tick 40 of 50
[INFO] (lattice_cell.c: 172): the unmatched_packets is 56
[64, 1038319730, 336, 1038774442, 72, 1038635344, 80, 1038774485, 592, 1038774399, 320, 1038319932, 576, 1038320343, 584, 1038635613, 81, 1038338376, 65, 1038341458, 73, 1038334945, 337, 1038337933, 593, 1038336656, 321, 1038340917, 577, 1038339531, 585, 1038333015, 66, 1038331185, 74, 1038021776, 82, 1037889176, 594, 1037889181, 338, 1037889173, 322, 1038331143, 578, 1038330883, 586, 1038021642, 67, 1038296475, 75, 1038300930, 83, 1038302931, 339, 1038303421, 595, 1038304749, 323, 1038296800, 76, 1021884919, 324, 1021617441, 340, 1021983639, 341, 1021156813, 325, 1021530106, 326, 1021584360, 342, 1021088339, 327, 1021476522, 599, 1021985014, 343, 1021983729, 87, 1021983368, 591, 1021847563, 70, 1021584125, 579, 1038297981, 587, 1038302702, 68, 1021617817, 84, 1021984096, 596, 1021982300, 588, 1021883104, 85, 1021157172, 597, 1021155654, 589, 1021267931, 598, 1021089350, 86, 1021088075, 590, 1021226712, 79, 1021845527, 580, 1021616434, 77, 1021269608, 69, 1021530581, 581, 1021528605, 71, 1021475926, 78, 1021225557, 582, 1021585268, 583, 1021478132]
[INFO] (lattice_cell.c: 455): on tick 41 of 50
[INFO] (lattice_cell.c: 172): the unmatched_packets is 56
[336, 1038705226, 320, 1038319218, 592, 1038705175, 64, 1038319067, 584, 1038591834, 72, 1038591621, 80, 1038705293, 337, 1038347149, 576, 1038319578, 321, 1038348280, 593, 1038345945, 73, 1038345363, 577, 1038346892, 585, 1038343498, 65, 1038348843, 81, 1038347531, 338, 1037946965, 322, 1038330261, 594, 1037946913, 74, 1038059325, 66, 1038330352, 339, 1038310402, 323, 1038305012, 595, 1038311632, 75, 1038307408, 67, 1038304743, 579, 1038306135, 340, 1022076074, 324, 1021869154, 341, 1021047986, 325, 1021251560, 596, 1022073901, 581, 1021250907, 342, 1021096098, 598, 1021096676, 78, 1021400639, 327, 1021195864, 343, 1021965367, 580, 1021867530, 85, 1021047590, 591, 1021654022, 599, 1021967525, 583, 1021198468, 82, 1037947017, 578, 1038329969, 586, 1038059099, 83, 1038309985, 84, 1022077369, 587, 1038308986, 77, 1021034507, 69, 1021251084, 326, 1021835874, 582, 1021836172, 590, 1021400829, 71, 1021194308, 76, 1022093644, 68, 1021870162, 588, 1022090322, 597, 1021047543, 70, 1021836272, 589, 1021034363, 86, 1021096366, 79, 1021649888, 87, 1021964036]
[INFO] (lattice_cell.c: 455): on tick 42 of 50
[INFO] (lattice_cell.c: 172): the unmatched_packets is 56
[336, 1038790737, 320, 1038320218, 592, 1038790728, 64, 1038320027, 72, 1038665082, 576, 1038320625, 584, 1038665379, 80, 1038790765, 337, 1038335519, 321, 1038343249, 593, 1038334237, 65, 1038343736, 73, 1038335567, 81, 1038335950, 577, 1038341895, 585, 1038333682, 338, 1037872562, 322, 1038331148, 594, 1037872556, 66, 1038331180, 578, 1038330898, 339, 1038302680, 595, 1038304004, 323, 1038298625, 67, 1038298241, 340, 1021883527, 587, 1038303632, 579, 1038299867, 324, 1021693216, 580, 1021692115, 68, 1021693711, 341, 1021263861, 325, 1021444532, 581, 1021442951, 78, 1021365179, 327, 1021391375, 343, 1021905126, 583, 1021392920, 85, 1021264234, 70, 1021661742, 71, 1021390866, 74, 1037992230, 82, 1037872558, 586, 1037992128, 75, 1038301815, 597, 1021262734, 326, 1021661835, 342, 1021167458, 582, 1021662551, 87, 1021904696, 599, 1021906444, 83, 1038302218, 76, 1021868984, 84, 1021884099, 596, 1021882092, 77, 1021281041, 69, 1021445059, 588, 1021866840, 86, 1021167179, 79, 1021702035, 590, 1021366172, 591, 1021704200, 589, 1021279251, 598, 1021168488]
[INFO] (lattice_cell.c: 455): on tick 43 of 50
[INFO] (lattice_cell.c: 172): the unmatched_packets is 56
[336, 1038735613, 320, 1038318348, 592, 1038735541, 72, 1038602451, 80, 1038735687, 64, 1038318197, 576, 1038318741, 584, 1038602641, 337, 1038345506, 321, 1038346941, 593, 1038344260, 65, 1038347512, 73, 1038343059, 81, 1038345921, 585, 1038341106, 577, 1038345546, 338, 1037918317, 322, 1038330884, 594, 1037918284, 66, 1038330990, 74, 1038049122, 82, 1037918359, 578, 1038330537, 586, 1038048890, 339, 1038311057, 323, 1038304127, 595, 1038312281, 67, 1038303871, 75, 1038307382, 83, 1038310650, 579, 1038305217, 587, 1038309016, 340, 1022138275, 324, 1021732638, 76, 1022058628, 68, 1021733570, 596, 1022136241, 84, 1022139430, 580, 1021731028, 588, 1022055574, 341, 1020990998, 69, 1021393556, 77, 1021080550, 85, 1020990589, 597, 1020990540, 325, 1021394015, 342, 1021135016, 326, 1021697256, 78, 1021281652, 327, 1021338550, 343, 1021924838, 599, 1021927033, 71, 1021336975, 581, 1021393352, 589, 1021080500, 598, 1021135636, 70, 1021697541, 86, 1021135210, 582, 1021697695, 583, 1021341115, 79, 1021768660, 87, 1021923519, 591, 1021772630, 590, 1021281876]
[INFO] (lattice_cell.c: 455): on tick 44 of 50
[INFO] (lattice_cell.c: 172): the unmatched_packets is 56
[592, 1038761761, 336, 1038761779, 320, 1038319944, 576, 1038320378, 584, 1038608519, 64, 1038319715, 72, 1038608218, 80, 1038761809, 593, 1038337223, 337, 1038338467, 321, 1038343556, 577, 1038342144, 585, 1038335456, 65, 1038344102, 73, 1038337304, 81, 1038338850, 594, 1037900929, 338, 1037900925, 322, 1038331540, 586, 1038047644, 74, 1038047745, 339, 1038302800, 323, 1038298553, 75, 1038301797, 324, 1021810289, 597, 1021216482, 325, 1021325790, 341, 1021217597, 77, 1021184064, 343, 1021981501, 583, 1021273354, 84, 1021920661, 589, 1021182311, 71, 1021271022, 87, 1021981085, 79, 1021696531, 85, 1021217980, 591, 1021698748, 578, 1038331298, 66, 1038331565, 595, 1038304162, 579, 1038299759, 82, 1037900936, 596, 1021918305, 340, 1021919907, 598, 1021093233, 326, 1021781600, 342, 1021092355, 78, 1021371704, 327, 1021271680, 599, 1021982790, 86, 1021092185, 587, 1038303588, 67, 1038298217, 83, 1038302288, 580, 1021809241, 76, 1021959247, 68, 1021810811, 588, 1021956950, 69, 1021326220, 581, 1021324323, 70, 1021781573, 582, 1021782214, 590, 1021372590]
[INFO] (lattice_cell.c: 455): on tick 45 of 50
[INFO] (lattice_cell.c: 172): the unmatched_packets is 56
[336, 1038748795, 320, 1038318846, 592, 1038748743, 64, 1038318700, 72, 1038648523, 576, 1038319207, 584, 1038648706, 80, 1038748874, 337, 1038343970, 321, 1038346717, 593, 1038342714, 65, 1038347247, 73, 1038342263, 81, 1038344439, 585, 1038340325, 577, 1038345354, 338, 1037904782, 322, 1038330519, 594, 1037904730, 66, 1038330619, 74, 1038003689, 82, 1037904838, 578, 1038330194, 586, 1038003429, 339, 1038310160, 323, 1038304248, 67, 1038303965, 595, 1038311361, 340, 1022032663, 324, 1021725515, 596, 1022030734, 341, 1021102848, 588, 1021927577, 325, 1021401942, 587, 1038309054, 342, 1021126618, 326, 1021690854, 582, 1021691326, 327, 1021344206, 343, 1021935392, 580, 1021723981, 70, 1021691086, 75, 1038307442, 83, 1038309769, 579, 1038305369, 76, 1021930635, 84, 1022033680, 68, 1021726392, 581, 1021401106, 69, 1021401638, 78, 1021366898, 591, 1021686034, 79, 1021681974, 597, 1021102377, 77, 1021208844, 598, 1021127419, 86, 1021126671, 87, 1021934128, 71, 1021342765, 590, 1021367437, 85, 1021102465, 599, 1021937579, 583, 1021346738, 589, 1021208551]
[INFO] (lattice_cell.c: 455): on tick 46 of 50
[INFO] (lattice_cell.c: 172): the unmatched_packets is 56
[336, 1038744743, 320, 1038319232, 592, 1038744716, 576, 1038319713, 72, 1038624682, 80, 1038744779, 584, 1038625021, 64, 1038319004, 337, 1038338573, 321, 1038343758, 593, 1038337307, 65, 1038344293, 81, 1038338968, 585, 1038335422, 73, 1038337371, 577, 1038342357, 338, 1037917642, 322, 1038331917, 594, 1037917658, 66, 1038331936, 74, 1038032366, 82, 1037917622, 339, 1038303630, 323, 1038298471, 595, 1038304990, 67, 1038298121, 340, 1022043390, 324, 1021726029, 596, 1022041750, 341, 1021092514, 325, 1021409648, 84, 1022044210, 342, 1021158755, 85, 1021092804, 326, 1021696256, 327, 1021358075, 343, 1021913171, 87, 1021912630, 588, 1022026760, 582, 1021696775, 578, 1038331633, 586, 1038032269, 75, 1038302167, 579, 1038299707, 587, 1038304013, 83, 1038303124, 68, 1021726688, 581, 1021408332, 598, 1021159521, 78, 1021319258, 583, 1021359757, 76, 1022029165, 580, 1021724812, 69, 1021409959, 77, 1021115474, 70, 1021696348, 86, 1021158718, 589, 1021114083, 71, 1021357373, 79, 1021748157, 590, 1021319779, 599, 1021914571, 597, 1021091482, 591, 1021750500]
[INFO] (lattice_cell.c: 455): on tick 47 of 50
[INFO] (lattice_cell.c: 172): the unmatched_packets is 56
[80, 1038759747, 336, 1038759652, 72, 1038602805, 64, 1038318285, 592, 1038759574, 320, 1038318454, 576, 1038318852, 584, 1038602990, 65, 1038346629, 73, 1038342516, 337, 1038344113, 81, 1038344530, 593, 1038342888, 321, 1038346043, 577, 1038344661, 585, 1038340600, 66, 1038331341, 74, 1038048217, 338, 1037894284, 82, 1037894330, 594, 1037894237, 322, 1038331229, 578, 1038330886, 67, 1038303556, 75, 1038307231, 83, 1038311503, 339, 1038311925, 323, 1038303799, 595, 1038313144, 579, 1038304860, 68, 1021779468, 84, 1021957635, 340, 1021956655, 324, 1021778758, 588, 1021982366, 341, 1021177143, 325, 1021350800, 326, 1021744609, 342, 1021108744, 327, 1021291540, 343, 1021945311, 71, 1021290117, 591, 1021725095, 589, 1021153622, 85, 1021176945, 597, 1021176476, 586, 1038047980, 587, 1038308821, 76, 1021985118, 596, 1021954715, 581, 1021349860, 598, 1021109642, 582, 1021745224, 70, 1021744693, 590, 1021330583, 599, 1021947371, 580, 1021777401, 77, 1021154250, 69, 1021350553, 78, 1021329836, 86, 1021108712, 79, 1021721321, 87, 1021944156, 583, 1021294041]
[INFO] (lattice_cell.c: 455): on tick 48 of 50
[INFO] (lattice_cell.c: 172): the unmatched_packets is 56
[336, 1038758804, 320, 1038319412, 592, 1038758787, 72, 1038631357, 80, 1038758823, 584, 1038631693, 576, 1038319887, 64, 1038319166, 337, 1038338418, 321, 1038344332, 593, 1038337131, 65, 1038344869, 577, 1038342932, 585, 1038335980, 338, 1037904247, 73, 1038337914, 81, 1038338835, 322, 1038331921, 594, 1037904236, 66, 1038331954, 339, 1038303503, 323, 1038298960, 340, 1022014214, 324, 1021761516, 341, 1021123725, 84, 1022015151, 325, 1021371619, 581, 1021370335, 326, 1021733789, 589, 1021202625, 342, 1021110372, 85, 1021123838, 343, 1021961831, 71, 1021317769, 588, 1021934540, 599, 1021963294, 74, 1038025159, 82, 1037904242, 578, 1038331657, 586, 1038025047, 595, 1038304875, 75, 1038300346, 579, 1038300196, 83, 1038302986, 67, 1038298602, 580, 1021760249, 76, 1021937320, 587, 1038302196, 597, 1021122893, 69, 1021371826, 327, 1021318598, 582, 1021734108, 78, 1021374318, 583, 1021320445, 596, 1022012438, 68, 1021762285, 77, 1021203859, 70, 1021734010, 86, 1021110430, 598, 1021111041, 87, 1021961166, 590, 1021374674, 79, 1021699046, 591, 1021701720]
[INFO] (lattice_cell.c: 455): on tick 49 of 50
[INFO] (lattice_cell.c: 172): the unmatched_packets is 56
[336, 1038741021, 320, 1038318235, 592, 1038740940, 72, 1038634145, 584, 1038634357, 576, 1038318643, 64, 1038318065, 80, 1038741107, 337, 1038343365, 593, 1038342115, 321, 1038347690, 65, 1038348244, 73, 1038341637, 585, 1038339649, 81, 1038343809, 577, 1038346316, 338, 1037912396, 594, 1037912359, 322, 1038331035, 66, 1038331140, 586, 1038017871, 339, 1038309775, 82, 1037912441, 323, 1038305470, 83, 1038309360, 340, 1022043353, 324, 1021724125, 341, 1021093083, 325, 1021399687, 589, 1021154179, 326, 1021689588, 327, 1021340477, 343, 1021924702, 579, 1038306557, 69, 1021399594, 67, 1038305220, 87, 1021923687, 581, 1021398589, 590, 1021341742, 578, 1038330688, 74, 1038018111, 595, 1038310991, 587, 1038308502, 596, 1022041637, 580, 1021722840, 77, 1021154953, 598, 1021140888, 342, 1021139895, 582, 1021690292, 78, 1021340795, 599, 1021926676, 71, 1021339228, 75, 1038306883, 68, 1021724754, 76, 1021987589, 85, 1021093007, 597, 1021092268, 86, 1021139743, 70, 1021689555, 79, 1021710869, 583, 1021342842, 84, 1022044174, 591, 1021714449, 588, 1021985018]
[INFO] (lattice_cell.c: 455): on tick 50 of 50
[INFO] (lattice_cell.c: 466): updating recording regions
[INFO] (recording.c: 507): 	Finalising channel 0 - state info stored in SDRAM
[INFO] (recording.c: 512): closed channel 0.
[INFO] (lattice_cell.c: 470): Simulation complete.

