[INFO] (lattice_cell.c: 604): starting lattice cell
[INFO] (lattice_cell.c: 526): Initialise: started
[INFO] (data_specification.c: 78): magic = ad130ad6, version = 1.0
[INFO] (lattice_cell.c: 555): my key is 3000
[INFO] (lattice_cell.c: 562): I'm in position ( 11, 23)
[INFO] (lattice_cell.c: 568): my n key is 2744
[INFO] (lattice_cell.c: 574): my U_X = 0.007340715266764164
[INFO] (lattice_cell.c: 575): my U_Y = -0.00027778511866927147
[INFO] (lattice_cell.c: 583): input_buffer initialised
[INFO] (recording.c: 563): Recording 1 regions, using output tag 0, size before trigger 7686388, time between triggers 50
[INFO] (recording.c: 665): Recording channel 0 configured to use 7686132 byte memory block starting at 0x60243eac
[INFO] (lattice_cell.c: 588): Recording flags = 0x00000001
[INFO] (lattice_cell.c: 619): setting timer to execute every 200000 microseconds
[INFO] (lattice_cell.c: 627): Starting

[INFO] (simulation.c: 159): Setting the runtime of this model to 50 starting at 0
[INFO] (simulation.c: 161): Setting the flag of infinite run for this model to 0
[INFO] (simulation.c: 175): Resuming
[INFO] (lattice_cell.c: 455): on tick 0 of 50
[3008, 1038323253, 2752, 1038323253, 2736, 1038758226, 2992, 1038758228, 3264, 1038323249, 3248, 1038758222, 3256, 1038656487, 2744, 1038656489, 3009, 1038310835, 2753, 1038314699, 2737, 1038310630, 2993, 1038306770, 3265, 1038307449, 3010, 1038323253, 2994, 1037904562, 3011, 1038335691, 2995, 1038331626, 2738, 1037904562, 3012, 1021533619, 2996, 1021967884, 3249, 1038303382, 3013, 1021533619, 3014, 1021558475, 2747, 1038329411, 2756, 1021537483, 2999, 1021994161, 2757, 1021537483, 2749, 1021214260, 2750, 1021230626, 2998, 1021139074, 3260, 1021862774, 3015, 1021558475, 2759, 1021554603, 2997, 1021115639, 3258, 1037999651, 3252, 1021964300, 3269, 1021530233, 3253, 1021112444, 3270, 1021561869, 3254, 1021142270, 3263, 1021895803, 2745, 1038312289, 2754, 1038323253, 3257, 1038305041, 3271, 1021561869, 3255, 1021997746, 2746, 1037999653, 2755, 1038331819, 2739, 1038327752, 3266, 1038323249, 3259, 1038336677, 3268, 1021530233, 2740, 1021971965, 2748, 1021870342, 3250, 1037904558, 2741, 1021119279, 2758, 1021554603, 2742, 1021135419, 2751, 1021888216, 3267, 1038339085, 3251, 1038335016, 2743, 1021990065, 3261, 1021207331, 3262, 1021237574]
[INFO] (lattice_cell.c: 455): on tick 1 of 50
[INFO] (lattice_cell.c: 172): the unmatched_packets is 56
[2992, 1038726149, 3008, 1038322935, 2736, 1038726167, 2752, 1038323049, 2744, 1038576019, 3256, 1038575881, 3264, 1038322833, 3248, 1038726135, 2993, 1038315321, 3009, 1038313431, 2737, 1038319157, 2753, 1038317253, 2745, 1038319237, 3257, 1038312053, 3265, 1038310085, 3249, 1038311961, 2994, 1037926619, 2738, 1037926595, 2754, 1038323545, 3010, 1038323655, 2746, 1038072723, 2995, 1038337614, 3011, 1038337967, 2996, 1021914771, 3258, 1038072859, 2997, 1021157025, 3013, 1021859956, 2755, 1038334153, 2739, 1038333784, 3014, 1021221894, 2756, 1021200665, 3012, 1021197247, 2749, 1021385556, 3267, 1038341313, 2998, 1021063222, 2758, 1021217641, 2999, 1022066825, 3015, 1021885333, 2743, 1022063315, 3252, 1021911913, 3254, 1021067145, 3271, 1021888272, 3255, 1022069721, 3266, 1038323749, 3260, 1021678246, 3250, 1037926637, 2747, 1038331921, 3253, 1021153088, 3268, 1021194446, 3270, 1021225826, 2748, 1021684582, 2740, 1021918255, 3262, 1020984694, 2757, 1021864291, 3259, 1038339103, 2741, 1021161297, 2750, 1020976580, 3261, 1021377353, 2742, 1021058957, 2751, 1022144423, 2759, 1021881774, 3269, 1021855979, 3263, 1022150944, 3251, 1038340984]
[INFO] (lattice_cell.c: 455): on tick 2 of 50
[INFO] (lattice_cell.c: 172): the unmatched_packets is 56
[2992, 1038804063, 2736, 1038804047, 3008, 1038324482, 2752, 1038324524, 2744, 1038648144, 3256, 1038648132, 3264, 1038324454, 3248, 1038804077, 2993, 1038307623, 2737, 1038311533, 3009, 1038307779, 2753, 1038311687, 3257, 1038306539, 3265, 1038304349, 3249, 1038304189, 2745, 1038313887, 2994, 1037859976, 3010, 1038324754, 2738, 1037859988, 2995, 1038332889, 2746, 1038006798, 3011, 1038332945, 2996, 1021978634, 2755, 1038329023, 2997, 1021109580, 3014, 1021409040, 2756, 1021387824, 3015, 1021714944, 2741, 1021113158, 3013, 1021691638, 2758, 1021405133, 2742, 1021265848, 2999, 1021855271, 2759, 1021711346, 2743, 1021851363, 3012, 1021383909, 2998, 1021269489, 3262, 1021323312, 3251, 1038336331, 3268, 1021380475, 3252, 1021975117, 3261, 1021348062, 3253, 1021106429, 3270, 1021412462, 3263, 1021812899, 2754, 1038324706, 3271, 1021718086, 3258, 1038006830, 3255, 1021858703, 3266, 1038324800, 3267, 1038336381, 2739, 1038328955, 3260, 1021726614, 2747, 1038325676, 2748, 1021734132, 3250, 1037859962, 3269, 1021688427, 2740, 1021982639, 2749, 1021354801, 2757, 1021695293, 2750, 1021316280, 3254, 1021272677, 2751, 1021805845, 3259, 1038333053]
[INFO] (lattice_cell.c: 455): on tick 3 of 50
[INFO] (lattice_cell.c: 172): the unmatched_packets is 56
[2992, 1038716612, 3008, 1038323221, 2736, 1038716678, 2752, 1038323381, 2744, 1038628405, 3256, 1038628153, 3248, 1038716552, 2993, 1038317089, 3009, 1038313694, 2737, 1038320883, 2994, 1037936018, 3010, 1038324196, 3257, 1038312876, 2997, 1021133341, 3013, 1021721513, 2755, 1038334179, 3014, 1021360330, 2756, 1021338341, 2995, 1038338242, 3011, 1038337953, 3015, 1021747208, 2749, 1021350627, 2757, 1021725860, 2996, 1021941920, 3012, 1021334783, 2758, 1021355941, 2751, 1022029720, 3251, 1038341562, 2998, 1020939958, 2742, 1020935717, 2759, 1021743570, 2999, 1022182666, 2743, 1022178869, 3266, 1038324316, 3250, 1037936068, 3259, 1038339533, 2753, 1038317472, 3252, 1021938939, 2745, 1038319981, 3268, 1021331863, 3253, 1021129424, 3269, 1021717549, 2754, 1038324061, 2746, 1038022666, 3249, 1038313757, 3262, 1021089086, 3254, 1020943865, 3270, 1021364394, 3263, 1022036695, 3255, 1022185826, 3271, 1021750261, 2738, 1037935972, 3258, 1038022864, 3267, 1038341241, 3260, 1021713382, 3261, 1021342493, 2747, 1038332458, 2739, 1038334467, 3264, 1038323065, 2748, 1021720054, 3265, 1038310372, 2740, 1021945550, 2750, 1021080940, 2741, 1021137638]
[INFO] (lattice_cell.c: 455): on tick 4 of 50
[INFO] (lattice_cell.c: 172): the unmatched_packets is 56
[2992, 1038755344, 2736, 1038755326, 3008, 1038324434, 2752, 1038324526, 2744, 1038628013, 2993, 1038308926, 3264, 1038324354, 3248, 1038755372, 3009, 1038307617, 2994, 1037906203, 3256, 1038627925, 3010, 1038325139, 2995, 1038330506, 3011, 1038333053, 2746, 1038027606, 2996, 1021946263, 2754, 1038325013, 2998, 1021218768, 3249, 1038305448, 2748, 1021740703, 3015, 1021750002, 2749, 1021351026, 2741, 1021147456, 3012, 1021348789, 2750, 1021147202, 2997, 1021143911, 2758, 1021369636, 3014, 1021373484, 2999, 1021909263, 3013, 1021727407, 3258, 1038027750, 2753, 1038311565, 2737, 1038312878, 3253, 1021140751, 3269, 1021724212, 3254, 1021221985, 3255, 1021912428, 3271, 1021752987, 2745, 1038314840, 2738, 1037906223, 3265, 1038304143, 3257, 1038307412, 2747, 1038324852, 2739, 1038326523, 2755, 1038329090, 2740, 1021950178, 2756, 1021352631, 3251, 1038334013, 2757, 1021730996, 3267, 1038336525, 3266, 1038325252, 2751, 1021974395, 2742, 1021215103, 3252, 1021942837, 2743, 1021905621, 2759, 1021746563, 3259, 1038332316, 3260, 1021733290, 3268, 1021345432, 3250, 1037906199, 3261, 1021344415, 3262, 1021154142, 3263, 1021981106, 3270, 1021376861]
[INFO] (lattice_cell.c: 455): on tick 5 of 50
[INFO] (lattice_cell.c: 172): the unmatched_packets is 56
[2992, 1038755746, 2736, 1038755814, 3008, 1038323669, 2752, 1038323889, 2744, 1038622058, 3256, 1038621760, 3264, 1038323471, 3248, 1038755688, 2993, 1038317255, 3009, 1038313598, 2737, 1038321011, 2753, 1038317344, 2745, 1038320570, 3249, 1038313958, 2994, 1037897716, 3010, 1038324966, 2754, 1038324779, 2738, 1037897682, 2746, 1038028651, 3266, 1038325108, 3258, 1038028865, 3250, 1037897747, 2995, 1038337521, 3011, 1038337628, 2996, 1021937836, 2998, 1021115843, 3014, 1021355240, 2756, 1021332388, 2748, 1021727382, 3012, 1021328651, 2997, 1021136529, 2999, 1022003908, 3015, 1021752059, 2757, 1021730641, 3259, 1038338979, 3013, 1021726352, 2750, 1021142122, 2742, 1021111548, 3260, 1021720380, 2759, 1021748341, 2743, 1021999932, 3268, 1021325574, 3252, 1021934715, 3269, 1021722474, 3253, 1021132648, 3270, 1021359419, 3254, 1021119782, 3271, 1021755178, 3255, 1022007236, 3257, 1038313528, 2755, 1038333901, 2739, 1038333781, 2747, 1038331966, 3265, 1038310308, 3261, 1021336294, 2740, 1021941596, 3262, 1021150486, 3251, 1038340803, 2749, 1021344311, 3267, 1038340890, 2741, 1021140819, 2758, 1021350701, 3263, 1021973952, 2751, 1021966798]
[INFO] (lattice_cell.c: 455): on tick 6 of 50
[INFO] (lattice_cell.c: 172): the unmatched_packets is 56
[2992, 1038759733, 3008, 1038324251, 2736, 1038759736, 2752, 1038324406, 2744, 1038626327, 3256, 1038626173, 3264, 1038324119, 3248, 1038759747, 2993, 1038309529, 2737, 1038313514, 3009, 1038307687, 2753, 1038311689, 2745, 1038314828, 3257, 1038307343, 3265, 1038304197, 3249, 1038306020, 2994, 1037903007, 3010, 1038325400, 2738, 1037902980, 2995, 1038329550, 2746, 1038029089, 3011, 1038333337, 2997, 1021137338, 3013, 1021734654, 3258, 1038029329, 2739, 1038325535, 2996, 1021955277, 3015, 1021756591, 3267, 1038336833, 2749, 1021355527, 3012, 1021341802, 2751, 1021961436, 3014, 1021366246, 2999, 1022014258, 2759, 1021753323, 2998, 1021114725, 3252, 1021951950, 2754, 1038325200, 3261, 1021348941, 3269, 1021731484, 3263, 1021967905, 3255, 1022017333, 3271, 1021759399, 2747, 1038324802, 2755, 1038329346, 3259, 1038332315, 3250, 1037903027, 2756, 1021345561, 2748, 1021736761, 3251, 1038333082, 2740, 1021959073, 2757, 1021738212, 2750, 1021159540, 2741, 1021140895, 2758, 1021362416, 2742, 1021111139, 2743, 1022010694, 3266, 1038325583, 3253, 1021134158, 3262, 1021166373, 3270, 1021369644, 3254, 1021117878, 3268, 1021338514, 3260, 1021729516]
[INFO] (lattice_cell.c: 455): on tick 7 of 50
[INFO] (lattice_cell.c: 172): the unmatched_packets is 56
[2992, 1038748904, 2736, 1038748963, 3008, 1038323559, 2752, 1038323819, 2744, 1038626808, 3256, 1038626457, 3264, 1038323326, 3248, 1038748829, 2993, 1038318093, 2737, 1038321834, 3009, 1038313716, 2753, 1038317448, 2745, 1038320874, 3265, 1038310445, 3257, 1038313876, 2994, 1037904528, 2738, 1037904504, 3010, 1038325063, 2754, 1038324858, 2746, 1038024633, 2995, 1038336813, 3011, 1038337588, 2996, 1021947243, 3250, 1037904536, 2756, 1021336248, 2999, 1022012942, 3251, 1038340071, 2997, 1021128566, 3013, 1021722240, 3014, 1021359870, 3012, 1021332338, 3260, 1021715035, 3015, 1021747746, 2743, 1022008905, 2998, 1021105895, 3268, 1021329080, 3261, 1021341223, 3262, 1021154648, 3270, 1021364097, 3263, 1021969661, 3255, 1022016363, 3271, 1021750933, 3266, 1038325247, 3249, 1038314807, 3258, 1038024873, 3267, 1038340835, 3259, 1038338248, 3254, 1021109873, 2739, 1038333090, 2747, 1038331295, 2755, 1038333897, 3269, 1021718466, 3253, 1021124749, 2740, 1021951148, 2748, 1021722411, 2749, 1021349055, 2741, 1021132801, 2757, 1021726428, 2750, 1021146201, 2742, 1021101535, 2758, 1021355225, 2751, 1021962328, 3252, 1021943963, 2759, 1021744008]
[INFO] (lattice_cell.c: 455): on tick 8 of 50
[INFO] (lattice_cell.c: 172): the unmatched_packets is 56
[2992, 1038751151, 2736, 1038751168, 3008, 1038324153, 2752, 1038324376, 2744, 1038629412, 3256, 1038629163, 3264, 1038323981, 3248, 1038751144, 2993, 1038309783, 2737, 1038313790, 3009, 1038307528, 2753, 1038311533, 2745, 1038315217, 3257, 1038307702, 3265, 1038304014, 3249, 1038306272, 2994, 1037910721, 2738, 1037910677, 3010, 1038325719, 2995, 1038329678, 2746, 1038026352, 3011, 1038333289, 2996, 1021954144, 3012, 1021346616, 2997, 1021139486, 2999, 1022002735, 2748, 1021735738, 2749, 1021357530, 2741, 1021143077, 3013, 1021730208, 2998, 1021124551, 2750, 1021147405, 2751, 1021972832, 3015, 1021751767, 3014, 1021370893, 2743, 1021999241, 3263, 1021979102, 3268, 1021343438, 3269, 1021727000, 3262, 1021154251, 2754, 1038325455, 3258, 1038026700, 3259, 1038331974, 3251, 1038333234, 2755, 1038329282, 3266, 1038325977, 2747, 1038324428, 2739, 1038325639, 2756, 1021350312, 2740, 1021957832, 2757, 1021733757, 2758, 1021367021, 3250, 1037910766, 2742, 1021121009, 3253, 1021136237, 3254, 1021127718, 3270, 1021374316, 2759, 1021748610, 3255, 1022005719, 3271, 1021754425, 3267, 1038336809, 3252, 1021950949, 3261, 1021350905, 3260, 1021728639]
[INFO] (lattice_cell.c: 455): on tick 9 of 50
[INFO] (lattice_cell.c: 172): the unmatched_packets is 56
[2992, 1038749633, 3008, 1038323631, 2736, 1038749689, 2752, 1038323924, 2744, 1038625653, 3256, 1038625271, 3264, 1038323368, 2993, 1038318301, 3248, 1038749574, 3009, 1038313674, 2737, 1038322040, 2753, 1038317397, 2745, 1038321142, 3265, 1038310406, 2994, 1037903843, 3010, 1038325361, 3257, 1038314146, 2995, 1038336465, 2738, 1037903838, 2739, 1038332760, 2747, 1038331191, 2997, 1021134417, 3013, 1021720935, 2748, 1021726092, 2999, 1021993196, 3015, 1021746118, 3266, 1038325571, 3012, 1021333367, 2750, 1021139669, 3011, 1038337500, 2998, 1021124540, 3014, 1021361622, 2996, 1021941187, 2759, 1021742350, 2743, 1021989094, 3269, 1021717284, 3254, 1021128490, 3258, 1038026038, 3250, 1037903843, 3251, 1038339716, 3259, 1038338120, 3268, 1021329923, 3261, 1021338157, 3253, 1021130701, 3263, 1021975987, 3271, 1021749340, 3255, 1021996724, 2754, 1038325115, 2746, 1038025773, 3249, 1038315029, 2755, 1038333812, 2756, 1021337455, 2740, 1021945219, 2749, 1021345718, 2757, 1021724984, 2741, 1021138577, 2758, 1021356910, 2742, 1021120181, 2751, 1021968556, 3270, 1021365889, 3260, 1021718361, 3262, 1021148153, 3267, 1038340723, 3252, 1021937782]
[INFO] (lattice_cell.c: 455): on tick 10 of 50
[INFO] (lattice_cell.c: 172): the unmatched_packets is 56
[2992, 1038757031, 2736, 1038757079, 3008, 1038323986, 2752, 1038324275, 2744, 1038626503, 3256, 1038626168, 3264, 1038323745, 3248, 1038757001, 2993, 1038310124, 2737, 1038314132, 3009, 1038307555, 2753, 1038311563, 2745, 1038315257, 3257, 1038307743, 3265, 1038304040, 3249, 1038306609, 2994, 1037905458, 2738, 1037905394, 3010, 1038326011, 2746, 1038029218, 2995, 1038329098, 3011, 1038333329, 3258, 1038029648, 2996, 1021951101, 2997, 1021143129, 2755, 1038329323, 3250, 1037905524, 3014, 1021367174, 2999, 1022002262, 3015, 1021755263, 3259, 1038331950, 3013, 1021733911, 2998, 1021124257, 2751, 1021970230, 3260, 1021730729, 3012, 1021342906, 2759, 1021752205, 3263, 1021976359, 3255, 1022005185, 3266, 1038326320, 3251, 1038332652, 3252, 1021948010, 2754, 1038325677, 2739, 1038325054, 3267, 1038336846, 2747, 1038324399, 3269, 1021730645, 3262, 1021156425, 3270, 1021370706, 2740, 1021954692, 2748, 1021737680, 2756, 1021346540, 2741, 1021146795, 2749, 1021355879, 2757, 1021737499, 3254, 1021127449, 2750, 1021149499, 2742, 1021120693, 2758, 1021363253, 3271, 1021757827, 3268, 1021339808, 2743, 1021998812, 3261, 1021349182, 3253, 1021139777]
[INFO] (lattice_cell.c: 455): on tick 11 of 50
[INFO] (lattice_cell.c: 172): the unmatched_packets is 56
[2992, 1038752351, 2736, 1038752399, 3008, 1038323502, 2752, 1038323819, 3256, 1038624417, 3248, 1038752309, 2993, 1038318631, 3009, 1038313712, 2994, 1037901377, 3010, 1038325461, 2745, 1038321225, 2995, 1038336067, 3011, 1038337588, 2996, 1021945315, 3012, 1021331162, 2738, 1037901379, 3013, 1021723063, 2747, 1038331010, 2755, 1038333892, 2999, 1022003748, 3015, 1021747701, 2741, 1021135399, 2757, 1021726995, 2997, 1021131343, 2750, 1021146933, 2998, 1021114028, 2743, 1021999625, 2759, 1021743955, 3014, 1021359975, 3271, 1021750935, 3259, 1038337945, 3268, 1021327569, 3261, 1021338905, 3253, 1021127739, 3269, 1021719593, 3264, 1038323203, 3262, 1021155330, 2744, 1038624821, 2737, 1038322375, 2753, 1038317447, 3265, 1038310425, 2746, 1038026689, 3249, 1038315350, 2754, 1038325164, 3257, 1038314213, 3258, 1038026990, 2739, 1038332359, 3266, 1038325701, 3250, 1037901373, 2748, 1021725888, 2740, 1021949475, 2756, 1021335402, 2749, 1021346181, 2751, 1021960909, 2742, 1021109707, 3260, 1021717864, 2758, 1021355244, 3251, 1038339322, 3255, 1022007320, 3267, 1038340804, 3252, 1021941772, 3270, 1021364230, 3254, 1021117927, 3263, 1021968403]
[INFO] (lattice_cell.c: 455): on tick 12 of 50
[INFO] (lattice_cell.c: 172): the unmatched_packets is 56
[2992, 1038754371, 2736, 1038754433, 3008, 1038323867, 2752, 1038324218, 2744, 1038628133, 3256, 1038627696, 3264, 1038323568, 3248, 1038754317, 2993, 1038310589, 2737, 1038314576, 3009, 1038307600, 2753, 1038311600, 2745, 1038315482, 3257, 1038307996, 3249, 1038307081, 2994, 1037907998, 2754, 1038325897, 3010, 1038326299, 3265, 1038304095, 2738, 1037907912, 2995, 1038328926, 3011, 1038333302, 3012, 1021342902, 2755, 1038329297, 3258, 1038028378, 3266, 1038326657, 3250, 1037908072, 2997, 1021139974, 2998, 1021116778, 2999, 1022009530, 2748, 1021734545, 3259, 1038331651, 2996, 1021953916, 2741, 1021143729, 2750, 1021150352, 3013, 1021733598, 2758, 1021363370, 3014, 1021367412, 3015, 1021754893, 2743, 1022006081, 3260, 1021727690, 3261, 1021352080, 3270, 1021371058, 3254, 1021120045, 3271, 1021757380, 3255, 1022012402, 3267, 1038336805, 2746, 1038027867, 3251, 1038332475, 2739, 1038324889, 2747, 1038324124, 3268, 1021339870, 2756, 1021346487, 2740, 1021957453, 3269, 1021730263, 3253, 1021136538, 3262, 1021157420, 2757, 1021737236, 2749, 1021358898, 2742, 1021113153, 2751, 1021968994, 2759, 1021751901, 3263, 1021975054, 3252, 1021950917]
[INFO] (lattice_cell.c: 455): on tick 13 of 50
[INFO] (lattice_cell.c: 172): the unmatched_packets is 56
[2992, 1038747862, 2736, 1038747891, 3008, 1038323401, 2752, 1038323747, 2744, 1038626219, 3256, 1038625791, 3264, 1038323092, 3248, 1038747834, 2993, 1038317823, 2737, 1038321588, 3009, 1038313602, 2753, 1038317357, 2745, 1038321157, 3257, 1038314098, 3249, 1038314520, 3265, 1038310280, 2994, 1037905566, 3010, 1038325580, 2738, 1037905570, 2754, 1038325246, 2746, 1038025299, 2995, 1038336035, 3011, 1038337609, 2996, 1021949801, 3250, 1037905555, 2739, 1038332302, 2997, 1021131080, 3013, 1021720609, 2998, 1021119461, 3014, 1021363201, 2740, 1021954038, 2748, 1021726510, 2756, 1021338448, 2999, 1021997518, 2749, 1021346869, 2741, 1021135028, 3012, 1021334118, 2750, 1021143756, 2758, 1021358496, 3015, 1021744554, 3269, 1021717277, 3251, 1038339307, 3268, 1021330396, 3270, 1021367406, 3254, 1021123252, 3263, 1021971503, 3271, 1021747783, 3255, 1022001102, 3267, 1038340844, 3258, 1038025648, 2755, 1038333896, 2747, 1038330926, 3266, 1038325864, 3253, 1021127585, 2757, 1021724375, 3260, 1021718237, 3252, 1021946167, 2742, 1021115201, 3261, 1021339914, 2751, 1021964007, 2743, 1021993406, 2759, 1021740881, 3262, 1021152015, 3259, 1038337890]
[INFO] (lattice_cell.c: 455): on tick 14 of 50
[INFO] (lattice_cell.c: 172): the unmatched_packets is 56
[2992, 1038757877, 2736, 1038757953, 3008, 1038323781, 2752, 1038324211, 2744, 1038628458, 3256, 1038627936, 3264, 1038323425, 3248, 1038757814, 2993, 1038311314, 2737, 1038315286, 3009, 1038307863, 2753, 1038311838, 2745, 1038316508, 2994, 1037904816, 3010, 1038326597, 3011, 1038333384, 3257, 1038309072, 3265, 1038304381, 2995, 1038328578, 2754, 1038326144, 2997, 1021150992, 3013, 1021733074, 2747, 1038324042, 2998, 1021120637, 3014, 1021367116, 2999, 1022004972, 3015, 1021754505, 2740, 1021944128, 2749, 1021357798, 2996, 1021940629, 2757, 1021736771, 3012, 1021342147, 2750, 1021145458, 2742, 1021116955, 2758, 1021362942, 3258, 1038028283, 3268, 1021339152, 3261, 1021350872, 3269, 1021729659, 3253, 1021147486, 3270, 1021370917, 3263, 1021979645, 3254, 1021124015, 3249, 1038307834, 3250, 1037904885, 2738, 1037904745, 2746, 1038027710, 3266, 1038326996, 2739, 1038324571, 2755, 1038329417, 2748, 1021731846, 2756, 1021345741, 2741, 1021154809, 3255, 1022007868, 2751, 1021973566, 3267, 1038336866, 3251, 1038332098, 3259, 1038331513, 3252, 1021937683, 3260, 1021725010, 3262, 1021152761, 2743, 1022001505, 2759, 1021751532, 3271, 1021756941]
[INFO] (lattice_cell.c: 455): on tick 15 of 50
[INFO] (lattice_cell.c: 172): the unmatched_packets is 56
[2992, 1038740606, 2736, 1038740650, 3008, 1038323202, 2752, 1038323588, 2744, 1038622139, 3256, 1038621678, 3264, 1038322866, 3248, 1038740564, 2993, 1038320203, 2737, 1038323988, 3009, 1038312639, 2753, 1038316438, 2745, 1038320668, 2994, 1037912657, 3010, 1038325675, 2754, 1038325294, 2995, 1038335918, 3257, 1038313570, 2738, 1037912628, 3249, 1038316877, 2996, 1021971429, 2746, 1038029177, 3011, 1038336874, 3013, 1021722219, 2747, 1038330786, 2998, 1021127620, 3014, 1021365665, 2757, 1021725846, 2741, 1021105309, 3012, 1021336580, 2997, 1021101392, 2742, 1021123452, 3251, 1038339219, 2999, 1021988780, 3015, 1021745424, 3255, 1021992338, 3250, 1037912666, 3259, 1038337807, 3260, 1021727802, 3269, 1021719045, 3253, 1021097926, 3270, 1021369794, 3271, 1021748567, 3266, 1038326015, 3267, 1038340130, 3268, 1021332769, 3252, 1021967770, 3261, 1021333037, 3265, 1038309290, 2755, 1038333133, 2739, 1038332146, 3262, 1021155758, 2756, 1021340986, 2748, 1021736215, 2740, 1021975651, 3263, 1021967929, 2749, 1021339743, 3258, 1038029604, 2750, 1021147694, 2758, 1021361030, 2751, 1021960529, 2759, 1021741825, 2743, 1021984710, 3254, 1021131301]
[INFO] (lattice_cell.c: 455): on tick 16 of 50
[INFO] (lattice_cell.c: 172): the unmatched_packets is 56
[2992, 1038780389, 2736, 1038780451, 3008, 1038323740, 2752, 1038324209, 2744, 1038635616, 3256, 1038635049, 3264, 1038323344, 2993, 1038311489, 3009, 1038308468, 2994, 1037883153, 2737, 1038315435, 2753, 1038312408, 2995, 1038328246, 2996, 1021878506, 3012, 1021332273, 2997, 1021213016, 2739, 1038324295, 2755, 1038329823, 2998, 1021101973, 2999, 1022023357, 3015, 1021761837, 2756, 1021335914, 3011, 1038333749, 2741, 1021216784, 3266, 1038327234, 2751, 1021975448, 3013, 1021740316, 3010, 1038326804, 2742, 1021098208, 2758, 1021353656, 3014, 1021358014, 2759, 1021758870, 3271, 1021764250, 3265, 1038305011, 3249, 1038308028, 3258, 1038021504, 3259, 1038332088, 3267, 1038337188, 3251, 1038331734, 3268, 1021329266, 2745, 1038314335, 3269, 1021736860, 3248, 1038780345, 3253, 1021209549, 3262, 1021147471, 2738, 1037883108, 2746, 1038020933, 3263, 1021981605, 3270, 1021362013, 3254, 1021105444, 3255, 1022026313, 3257, 1038306953, 2754, 1038326321, 2747, 1038324695, 3250, 1037883191, 2748, 1021713601, 2740, 1021882127, 2749, 1021384736, 2757, 1021744040, 2750, 1021139966, 3252, 1021875498, 2743, 1022019804, 3260, 1021706616, 3261, 1021377834]
[INFO] (lattice_cell.c: 455): on tick 17 of 50
[INFO] (lattice_cell.c: 172): the unmatched_packets is 56
[2992, 1038713383, 3008, 1038322890, 2736, 1038713450, 2752, 1038323352, 2744, 1038606387, 3256, 1038605808, 3248, 1038713324, 2993, 1038317771, 3009, 1038314834, 2737, 1038321580, 2753, 1038318668, 2745, 1038320851, 3257, 1038313680, 2994, 1037939154, 3010, 1038325901, 3249, 1038314423, 2738, 1037939102, 2995, 1038335305, 2996, 1022078588, 2739, 1038331488, 3014, 1021383153, 2740, 1022082668, 2756, 1021358869, 3011, 1038339338, 3012, 1021354465, 2997, 1021005706, 3013, 1021695744, 2742, 1021133511, 2751, 1021944461, 3252, 1022075009, 2999, 1021981955, 3015, 1021718367, 2743, 1021977948, 2759, 1021714842, 2998, 1021137569, 3267, 1038342650, 3259, 1038337516, 3260, 1021781229, 3269, 1021692658, 3253, 1021002217, 3262, 1021173055, 3270, 1021387131, 3254, 1021141142, 3263, 1021951711, 3271, 1021721450, 3266, 1038326327, 3258, 1038045118, 3251, 1038338657, 3264, 1038322495, 3265, 1038311456, 3261, 1021279907, 2754, 1038325429, 2746, 1038044556, 2747, 1038330403, 3255, 1021985470, 2755, 1038335559, 2748, 1021789531, 3250, 1037939196, 2749, 1021286572, 2741, 1021009670, 2757, 1021699252, 2750, 1021165242, 2758, 1021378626, 3268, 1021350641]
[INFO] (lattice_cell.c: 455): on tick 18 of 50
[INFO] (lattice_cell.c: 172): the unmatched_packets is 56
[2992, 1038787253, 2736, 1038787315, 3008, 1038323876, 2752, 1038324320, 2744, 1038657000, 3256, 1038656470, 3264, 1038323490, 3248, 1038787194, 2993, 1038312993, 2737, 1038316890, 3009, 1038308436, 2753, 1038312332, 2745, 1038316954, 3257, 1038309643, 3265, 1038305003, 3249, 1038309551, 2994, 1037876116, 3010, 1038326797, 2995, 1038328389, 2746, 1038000030, 3012, 1021278949, 3011, 1038333424, 2747, 1038322081, 2739, 1038324488, 3014, 1021306137, 2748, 1021612863, 2756, 1021282766, 2996, 1021791194, 2999, 1022018748, 2740, 1021794907, 2997, 1021294165, 2741, 1021297969, 3013, 1021793676, 2998, 1021103838, 2742, 1021099906, 2743, 1022015140, 3015, 1021814859, 3261, 1021468269, 3255, 1022021739, 3258, 1038000563, 3259, 1038329350, 3268, 1021275799, 3252, 1021788128, 2738, 1037876066, 3269, 1021790241, 3253, 1021290661, 3262, 1021124684, 3266, 1038327209, 3250, 1037876151, 3263, 1022014018, 2754, 1038326337, 3251, 1038331824, 2755, 1038329546, 3270, 1021310405, 3254, 1021107451, 3271, 1021817230, 2749, 1021474994, 2757, 1021797360, 2750, 1021116822, 3267, 1038336806, 2758, 1021301501, 2751, 1022007823, 2759, 1021811955, 3260, 1021605481]
[INFO] (lattice_cell.c: 455): on tick 19 of 50
[INFO] (lattice_cell.c: 172): the unmatched_packets is 56
[2992, 1038742154, 2736, 1038742202, 3008, 1038322535, 2752, 1038323116, 2744, 1038603036, 3256, 1038602330, 3264, 1038322033, 3248, 1038742108, 2993, 1038317984, 2737, 1038321837, 3009, 1038312226, 2753, 1038316111, 2745, 1038319338, 3257, 1038312105, 3249, 1038314603, 3265, 1038308822, 2994, 1037911774, 2738, 1037911745, 3010, 1038326290, 2754, 1038325708, 2746, 1038048143, 3258, 1038048805, 3250, 1037911800, 2995, 1038337277, 2739, 1038333406, 3011, 1038337048, 2996, 1022063882, 2747, 1038330709, 3012, 1021454796, 3267, 1038340405, 3015, 1021628392, 2997, 1021020323, 2749, 1021188206, 3013, 1021605801, 2998, 1021125589, 3014, 1021482299, 2742, 1021121756, 2758, 1021477980, 2999, 1021984957, 3253, 1021017030, 3271, 1021631491, 3255, 1021988463, 3263, 1021916715, 3259, 1038337917, 3260, 1021886245, 3252, 1022060278, 2755, 1038333209, 2740, 1022067984, 2748, 1021894405, 2756, 1021459030, 3254, 1021128959, 3270, 1021486100, 2741, 1021024069, 3251, 1038340669, 2757, 1021609301, 3266, 1038326812, 2750, 1021199773, 3269, 1021602717, 3261, 1021181706, 3262, 1021207186, 2751, 1021909434, 2743, 1021980967, 3268, 1021451103, 2759, 1021624880]
[INFO] (lattice_cell.c: 455): on tick 20 of 50
[INFO] (lattice_cell.c: 172): the unmatched_packets is 56
[2992, 1038732887, 2736, 1038732940, 3008, 1038323762, 2752, 1038324229, 2744, 1038618879, 3256, 1038618310, 3248, 1038732837, 2993, 1038312166, 2737, 1038316012, 3009, 1038310093, 2753, 1038313960, 2745, 1038317296, 2994, 1037928933, 3010, 1038326862, 3257, 1038310046, 2995, 1038328598, 3011, 1038334767, 3265, 1038306677, 2996, 1021922385, 2754, 1038326366, 3014, 1021202690, 2748, 1021586312, 3015, 1021913093, 2740, 1021926088, 2749, 1021501162, 3012, 1021173890, 2997, 1021168006, 3013, 1021892280, 2758, 1021197785, 2998, 1021095190, 2999, 1022027999, 2743, 1022024383, 3260, 1021578826, 3262, 1021066603, 3270, 1021207179, 3254, 1021098992, 3258, 1038037562, 3264, 1038323372, 3249, 1038308794, 2746, 1038036961, 3251, 1038331990, 3259, 1038331792, 2738, 1037928887, 3267, 1038338083, 2755, 1038330957, 2747, 1038324624, 2739, 1038324730, 3250, 1037928959, 2756, 1021177956, 3266, 1038327310, 2757, 1021895908, 2750, 1021058221, 2741, 1021172068, 3252, 1021919328, 2751, 1022056033, 2742, 1021091081, 3261, 1021494182, 3253, 1021164253, 3269, 1021888925, 2759, 1021910252, 3263, 1022062059, 3268, 1021170529, 3271, 1021915422, 3255, 1022030993]
[INFO] (lattice_cell.c: 455): on tick 21 of 50
[INFO] (lattice_cell.c: 172): the unmatched_packets is 56
[2992, 1038786219, 3008, 1038322652, 2736, 1038786341, 2752, 1038323235, 2993, 1038319139, 3009, 1038311956, 2994, 1037868473, 3010, 1038326357, 2753, 1038315875, 3256, 1038667011, 3264, 1038322153, 2995, 1038334295, 3011, 1038337085, 3248, 1038786106, 2996, 1021919576, 3012, 1021481333, 2754, 1038325787, 3014, 1021508536, 2739, 1038330382, 2747, 1038328825, 2999, 1021926195, 3257, 1038312731, 2757, 1021583475, 3267, 1038340497, 2997, 1021158670, 3013, 1021580096, 2742, 1021189008, 2998, 1021192642, 3015, 1021601758, 3263, 1021845059, 3265, 1038308513, 3249, 1038315695, 3266, 1038326859, 3250, 1037868543, 3259, 1038336123, 3251, 1038337721, 3260, 1021782031, 3268, 1021477671, 3261, 1021282212, 3252, 1021916094, 3253, 1021155556, 3254, 1021195847, 2744, 1038667765, 2737, 1038323065, 2745, 1038320049, 2738, 1037868382, 2746, 1037985004, 2755, 1038333186, 2740, 1021923541, 2748, 1021790275, 2756, 1021485527, 2749, 1021288106, 2741, 1021162231, 2750, 1021276669, 2751, 1021837758, 3255, 1021929722, 2758, 1021504251, 3258, 1037985678, 2743, 1021922184, 3262, 1021283647, 3269, 1021577143, 2759, 1021598376, 3271, 1021604703, 3270, 1021512292]
[INFO] (lattice_cell.c: 455): on tick 22 of 50
[INFO] (lattice_cell.c: 172): the unmatched_packets is 56
[2992, 1038724812, 2736, 1038724805, 3008, 1038323203, 2752, 1038323791, 2744, 1038584215, 3256, 1038583600, 3264, 1038322712, 3248, 1038724822, 2993, 1038312269, 2737, 1038316060, 3009, 1038309352, 2753, 1038313176, 2745, 1038315970, 3265, 1038305986, 3257, 1038308844, 3249, 1038308950, 2994, 1037937480, 3010, 1038327121, 2738, 1037937494, 2754, 1038326485, 2995, 1038329791, 3011, 1038333740, 2739, 1038325975, 3266, 1038327695, 3258, 1038072014, 2996, 1021953515, 3250, 1037937476, 2747, 1038324912, 3012, 1021277415, 3013, 1021792226, 2998, 1020983861, 2748, 1021760415, 3015, 1021814146, 2999, 1022135242, 2757, 1021796046, 2997, 1021139134, 2750, 1021003524, 3251, 1038333137, 2758, 1021301406, 3014, 1021306287, 2751, 1022112493, 2743, 1022131633, 3262, 1021012061, 3267, 1038337018, 3252, 1021950190, 3260, 1021752584, 3268, 1021274009, 3253, 1021135372, 3263, 1022118759, 2746, 1038071332, 3271, 1021816619, 3255, 1022138217, 3259, 1038331970, 2755, 1038329979, 2740, 1021957473, 2756, 1021281519, 3269, 1021788716, 3261, 1021326957, 2749, 1021334185, 2741, 1021143205, 3254, 1020987817, 2742, 1020979552, 2759, 1021811134, 3270, 1021310762]
[INFO] (lattice_cell.c: 455): on tick 23 of 50
[INFO] (lattice_cell.c: 172): the unmatched_packets is 56
[2992, 1038774363, 2736, 1038774471, 3008, 1038322770, 2752, 1038323384, 2744, 1038631834, 3256, 1038631039, 3264, 1038322244, 3248, 1038774258, 2993, 1038318213, 2737, 1038322174, 3009, 1038313407, 2753, 1038317389, 2745, 1038321032, 3257, 1038313590, 3265, 1038309899, 2994, 1037879864, 3010, 1038326676, 2995, 1038334778, 3011, 1038338808, 2754, 1038326074, 2738, 1037879808, 2996, 1021983004, 2755, 1038334890, 2997, 1021098108, 2739, 1038330811, 3013, 1021747774, 2747, 1038329971, 3014, 1021334957, 2756, 1021311406, 3015, 1021767741, 2757, 1021750857, 3012, 1021307183, 2750, 1021241751, 2998, 1021267193, 2999, 1021850033, 3261, 1021380427, 3266, 1038327207, 3250, 1037879903, 2746, 1038019552, 3267, 1038342228, 3251, 1038338265, 2748, 1021688647, 2740, 1021986799, 2749, 1021386240, 3260, 1021680820, 2741, 1021101651, 3253, 1021095006, 3262, 1021248934, 3269, 1021745055, 3254, 1021270287, 3263, 1021872741, 3249, 1038314738, 3270, 1021338868, 3255, 1021853473, 3271, 1021770478, 2758, 1021330536, 2742, 1021263675, 3258, 1038020256, 2751, 1021865940, 2759, 1021764595, 2743, 1021846070, 3259, 1038337358, 3252, 1021979711, 3268, 1021303538]
[INFO] (lattice_cell.c: 455): on tick 24 of 50
[INFO] (lattice_cell.c: 172): the unmatched_packets is 56
[2992, 1038737667, 3008, 1038323172, 2736, 1038737736, 2752, 1038323734, 2744, 1038650379, 3256, 1038649685, 3264, 1038322702, 3248, 1038737613, 2993, 1038312679, 3009, 1038308572, 2737, 1038316433, 2753, 1038312331, 2745, 1038316145, 3257, 1038309120, 3265, 1038305252, 3249, 1038309392, 2994, 1037924685, 2738, 1037924616, 3010, 1038326953, 2754, 1038326336, 2746, 1038006584, 3258, 1038007360, 3266, 1038327507, 3250, 1037924751, 2995, 1038328164, 2739, 1038324405, 3011, 1038332704, 2747, 1038322765, 2996, 1021935379, 3012, 1021378995, 2741, 1021160050, 3013, 1021694334, 2742, 1021012663, 3014, 1021408775, 2999, 1022107932, 3015, 1021716426, 2997, 1021155874, 2998, 1021016904, 3252, 1021931989, 3254, 1021020795, 3255, 1022111108, 3260, 1021719318, 3268, 1021375360, 3261, 1021357231, 3269, 1021690781, 3271, 1021718912, 2755, 1038328957, 3251, 1038331467, 3267, 1038335970, 3259, 1038329764, 2756, 1021383294, 2740, 1021939417, 2748, 1021727639, 2757, 1021698174, 2749, 1021364298, 2750, 1021146724, 2758, 1021403821, 2751, 1021976728, 2759, 1021713404, 2743, 1022104098, 3253, 1021152046, 3262, 1021155008, 3270, 1021413253, 3263, 1021983351]
[INFO] (lattice_cell.c: 455): on tick 25 of 50
[INFO] (lattice_cell.c: 172): the unmatched_packets is 56
[2992, 1038748010, 2736, 1038748086, 3008, 1038322401, 2752, 1038323093, 2744, 1038614812, 3256, 1038613984, 3248, 1038747935, 3264, 1038321797, 2993, 1038319171, 2737, 1038323173, 3009, 1038312961, 2753, 1038316994, 2745, 1038320666, 3257, 1038313171, 3249, 1038315659, 2994, 1037905730, 3265, 1038309420, 2738, 1037905718, 3010, 1038326812, 2754, 1038326136, 2746, 1038037093, 3258, 1038037813, 3266, 1038327408, 3250, 1037905746, 2995, 1038336487, 3011, 1038338593, 2739, 1038332492, 2755, 1038334644, 2996, 1021920877, 3012, 1021339505, 2740, 1021924618, 2998, 1021136950, 3014, 1021366302, 2997, 1021158597, 2999, 1021971414, 3015, 1021737405, 3267, 1038342041, 2757, 1021720624, 3013, 1021717516, 2750, 1021092408, 2758, 1021361965, 3260, 1021747809, 2751, 1022012734, 3263, 1022019375, 3269, 1021714787, 3261, 1021316864, 3254, 1021140236, 3262, 1021099678, 3271, 1021740098, 3255, 1021974619, 3268, 1021336077, 2747, 1038331129, 3253, 1021155585, 2748, 1021755619, 2756, 1021343492, 2741, 1021162028, 3259, 1038338522, 2749, 1021322422, 3251, 1038339988, 3270, 1021370184, 2742, 1021133272, 2743, 1021967731, 2759, 1021734322, 3252, 1021917655]
[INFO] (lattice_cell.c: 455): on tick 26 of 50
[INFO] (lattice_cell.c: 172): the unmatched_packets is 56
[2992, 1038771958, 2736, 1038772002, 3008, 1038323063, 2752, 1038323727, 3256, 1038612456, 2744, 1038613179, 3264, 1038322511, 3248, 1038771928, 2993, 1038312112, 2737, 1038315824, 3009, 1038309134, 2753, 1038312880, 2745, 1038316122, 3265, 1038305833, 3257, 1038309146, 3249, 1038308867, 2994, 1037891297, 3010, 1038327522, 2995, 1038327232, 2754, 1038326796, 2996, 1021963487, 2746, 1038042305, 3011, 1038333095, 2997, 1021128031, 3013, 1021758547, 2740, 1021967666, 2999, 1021969595, 2756, 1021316175, 3015, 1021780646, 2749, 1021357486, 3012, 1021311704, 2998, 1021158607, 3014, 1021342290, 2742, 1021154467, 2743, 1021965625, 2738, 1037891247, 3270, 1021346834, 3266, 1038328176, 3263, 1021959027, 3258, 1038043124, 2739, 1038323477, 2755, 1038329382, 2747, 1038323263, 3250, 1037891337, 2748, 1021735950, 3267, 1038336329, 2741, 1021132208, 2757, 1021762345, 3251, 1038330530, 2750, 1021168334, 3252, 1021959942, 2758, 1021337251, 3259, 1038330236, 2751, 1021952364, 3260, 1021727492, 2759, 1021777570, 3269, 1021755059, 3262, 1021176752, 3268, 1021307914, 3261, 1021350245, 3253, 1021124202, 3254, 1021162357, 3271, 1021783187, 3255, 1021972918]
[INFO] (lattice_cell.c: 455): on tick 27 of 50
[INFO] (lattice_cell.c: 172): the unmatched_packets is 56
[2992, 1038747709, 2736, 1038747807, 3008, 1038322396, 2752, 1038323074, 2744, 1038633777, 3256, 1038632893, 3248, 1038747611, 3264, 1038321814, 2993, 1038318748, 2737, 1038322763, 3009, 1038313267, 2753, 1038317315, 2745, 1038320712, 3257, 1038313172, 3265, 1038309690, 3249, 1038315210, 2994, 1037906575, 2738, 1037906531, 3010, 1038326725, 2754, 1038326057, 2746, 1038018182, 3258, 1038018960, 3250, 1037906603, 3266, 1038327314, 2995, 1038335893, 2739, 1038331896, 3011, 1038339027, 2755, 1038335062, 2747, 1038330569, 2996, 1021968037, 3012, 1021331213, 3013, 1021725091, 2748, 1021708934, 2999, 1022029807, 3015, 1021743615, 2998, 1021082832, 2997, 1021114241, 3260, 1021701328, 3014, 1021358754, 3261, 1021361306, 3253, 1021111215, 3262, 1021183004, 3271, 1021746059, 3263, 1021937180, 3255, 1022033011, 3259, 1038338006, 3268, 1021327764, 3251, 1038339395, 2740, 1021971670, 2756, 1021335277, 2741, 1021117669, 2749, 1021366774, 2757, 1021728030, 2750, 1021175772, 3270, 1021362810, 2742, 1021079224, 2758, 1021354249, 3267, 1038342478, 2751, 1021930744, 3252, 1021964938, 2743, 1022026105, 2759, 1021740799, 3269, 1021722467, 3254, 1021086077]
[INFO] (lattice_cell.c: 455): on tick 28 of 50
[INFO] (lattice_cell.c: 172): the unmatched_packets is 56
[2992, 1038740343, 3008, 1038322798, 2736, 1038740408, 2752, 1038323478, 3256, 1038636883, 2744, 1038637733, 3264, 1038322222, 3248, 1038740291, 2993, 1038312956, 3009, 1038308834, 2737, 1038316650, 2753, 1038312562, 2745, 1038316394, 3257, 1038309456, 3249, 1038309718, 2994, 1037921653, 3010, 1038327388, 2995, 1038327669, 3011, 1038332696, 2738, 1037921591, 2754, 1038326633, 2755, 1038329001, 3013, 1021713931, 3014, 1021388668, 2740, 1021945477, 2996, 1021941243, 3259, 1038329598, 2757, 1021717734, 3012, 1021358021, 2997, 1021149247, 2750, 1021133715, 2998, 1021106003, 2758, 1021383679, 2999, 1022018878, 2743, 1022014863, 3015, 1021736444, 3262, 1021141919, 3254, 1021109779, 3270, 1021393129, 3263, 1021996159, 3255, 1022022266, 3271, 1021739108, 3267, 1038335933, 3265, 1038305556, 3268, 1021354133, 3260, 1021723735, 3269, 1021710456, 3266, 1038328056, 2746, 1038019039, 2739, 1038323934, 2747, 1038322668, 3251, 1038330957, 3252, 1021937613, 3261, 1021352697, 3258, 1038019963, 3250, 1037921715, 2756, 1021362583, 2748, 1021732578, 2749, 1021359683, 2741, 1021153464, 2742, 1021101806, 2751, 1021989155, 2759, 1021733248, 3253, 1021145415]
[INFO] (lattice_cell.c: 455): on tick 29 of 50
[INFO] (lattice_cell.c: 172): the unmatched_packets is 56
[2992, 1038753684, 2736, 1038753738, 3008, 1038322295, 2752, 1038323036, 2744, 1038619304, 3256, 1038618436, 3264, 1038321655, 3248, 1038753617, 2993, 1038318002, 2737, 1038322025, 3009, 1038312941, 2753, 1038317004, 2745, 1038320615, 3257, 1038313057, 3265, 1038309356, 3249, 1038314463, 2994, 1037900249, 2738, 1037900243, 3010, 1038327067, 2995, 1038336389, 2754, 1038326331, 2996, 1021930375, 3012, 1021334260, 3011, 1038338745, 3013, 1021722893, 2747, 1038331035, 3250, 1037900244, 2998, 1021141589, 3014, 1021361596, 2756, 1021338224, 2748, 1021741488, 2757, 1021725875, 2758, 1021357054, 2742, 1021137885, 2999, 1021967448, 3015, 1021741269, 2997, 1021153510, 2743, 1021963922, 3255, 1021970482, 3269, 1021720215, 3267, 1038342202, 2746, 1038032426, 3268, 1021330932, 3266, 1038327717, 3258, 1038033213, 3261, 1021331602, 3252, 1021927353, 3253, 1021150455, 3262, 1021127732, 3270, 1021365721, 3263, 1021990969, 2755, 1038334781, 2739, 1038332385, 3271, 1021743617, 2740, 1021933960, 3259, 1038338463, 3251, 1038339900, 2749, 1021336987, 2741, 1021156937, 2750, 1021120224, 3260, 1021733862, 2751, 1021984880, 3254, 1021144945, 2759, 1021738522]
[INFO] (lattice_cell.c: 455): on tick 30 of 50
[INFO] (lattice_cell.c: 172): the unmatched_packets is 56
[2992, 1038767222, 2736, 1038767299, 3008, 1038322708, 2752, 1038323468, 2744, 1038618786, 3256, 1038617909, 3264, 1038322055, 3248, 1038767152, 2993, 1038313146, 2737, 1038316846, 3009, 1038309275, 2753, 1038313011, 2745, 1038317035, 3257, 1038310100, 3265, 1038305992, 3249, 1038309912, 2994, 1037896211, 3010, 1038327839, 2995, 1038327070, 2738, 1037896134, 2754, 1038327005, 2746, 1038037014, 3012, 1021325360, 2997, 1021133576, 3013, 1021744413, 2998, 1021129647, 2756, 1021330032, 2740, 1021959117, 2999, 1021997922, 3015, 1021766596, 2741, 1021137694, 2996, 1021954813, 2750, 1021163242, 2758, 1021351438, 3014, 1021356457, 3011, 1038333150, 3253, 1021129833, 3270, 1021360919, 3251, 1038330353, 3268, 1021321338, 3262, 1021171342, 3263, 1021965233, 3271, 1021769321, 3250, 1037896279, 3259, 1038330111, 3252, 1021951111, 2755, 1038329457, 2739, 1038323329, 2747, 1038323172, 3258, 1038037956, 3269, 1021741075, 2748, 1021736734, 2749, 1021352507, 3266, 1038328572, 2757, 1021748106, 2742, 1021125639, 2751, 1021958111, 3267, 1038336368, 3261, 1021345604, 3254, 1021133223, 2759, 1021763391, 2743, 1021993723, 3260, 1021727779, 3255, 1022001498]
[INFO] (lattice_cell.c: 455): on tick 31 of 50
[INFO] (lattice_cell.c: 172): the unmatched_packets is 56
[2992, 1038749361, 3008, 1038322083, 2736, 1038749420, 2752, 1038322819, 2744, 1038628478, 3256, 1038627558, 2993, 1038320158, 3264, 1038321439, 3248, 1038749300, 3009, 1038312383, 2994, 1037904892, 3010, 1038326907, 2745, 1038320034, 2738, 1037904882, 2996, 1021958371, 3013, 1021730353, 2747, 1038330514, 2998, 1021091126, 3014, 1021358065, 2740, 1021961927, 2749, 1021361377, 3011, 1038338128, 3012, 1021329912, 2995, 1038335827, 3268, 1021326554, 2999, 1022020641, 3015, 1021748018, 3261, 1021355878, 2997, 1021119357, 3254, 1021094561, 3255, 1022023609, 3251, 1038339314, 3269, 1021727665, 3263, 1021951174, 2737, 1038324164, 2753, 1038316449, 3265, 1038308793, 2754, 1038326148, 2746, 1038023371, 3249, 1038316642, 3257, 1038312504, 2755, 1038334181, 2739, 1038331829, 3266, 1038327574, 2748, 1021717926, 2756, 1021333943, 3258, 1038024215, 2757, 1021733282, 2741, 1021122839, 2750, 1021161453, 3252, 1021955368, 2751, 1021945197, 2758, 1021353341, 2742, 1021087361, 2759, 1021745452, 2743, 1022017156, 3270, 1021362365, 3250, 1037904898, 3267, 1038341575, 3259, 1038337923, 3260, 1021710385, 3253, 1021116210, 3262, 1021169032, 3271, 1021750181]
[INFO] (lattice_cell.c: 455): on tick 32 of 50
[INFO] (lattice_cell.c: 172): the unmatched_packets is 56
[2992, 1038743487, 2736, 1038743565, 3008, 1038322567, 2752, 1038323363, 2744, 1038634420, 3256, 1038633433, 3264, 1038321893, 3248, 1038743416, 2993, 1038313661, 2737, 1038317384, 3009, 1038309581, 2753, 1038313325, 2745, 1038315181, 3257, 1038308208, 3265, 1038306279, 3249, 1038310387, 2994, 1037918747, 3010, 1038327834, 2995, 1038327728, 2746, 1038022324, 3011, 1038333547, 2755, 1038329843, 3014, 1021379512, 2996, 1021951142, 2999, 1022009256, 2740, 1021955450, 2756, 1021353235, 3012, 1021348516, 2997, 1021136226, 3013, 1021720014, 2998, 1021115391, 2750, 1021142860, 2742, 1021111406, 2758, 1021374584, 3015, 1021742013, 3268, 1021344449, 3260, 1021724680, 3269, 1021716783, 3253, 1021132635, 3270, 1021383886, 3254, 1021118905, 3271, 1021744786, 3255, 1022012874, 3266, 1038328584, 3259, 1038330593, 3267, 1038336788, 3251, 1038331040, 2738, 1037918673, 2754, 1038326985, 2739, 1038323977, 2747, 1038323641, 3258, 1038023359, 3262, 1021150727, 3250, 1037918805, 2748, 1021733807, 3252, 1021947436, 2749, 1021363116, 2741, 1021140257, 2757, 1021723607, 2751, 1021975651, 2743, 1022005054, 2759, 1021738761, 3261, 1021356590, 3263, 1021982952]
[INFO] (lattice_cell.c: 455): on tick 33 of 50
[INFO] (lattice_cell.c: 172): the unmatched_packets is 56
[2992, 1038752344, 2736, 1038752398, 3008, 1038321976, 2752, 1038322767, 2744, 1038624466, 3256, 1038623510, 3264, 1038321290, 3248, 1038752278, 2993, 1038316969, 2737, 1038320926, 3009, 1038314313, 2753, 1038318353, 2745, 1038319908, 3265, 1038310750, 3257, 1038312441, 3249, 1038313491, 2994, 1037901520, 3010, 1038327179, 2995, 1038335194, 2738, 1037901498, 2746, 1038027225, 3012, 1021332643, 3011, 1038339923, 2998, 1021130914, 2747, 1038330157, 2996, 1021930532, 2999, 1021982484, 3015, 1021737577, 2741, 1021162256, 3013, 1021719687, 3014, 1021360991, 2758, 1021356192, 2997, 1021158587, 3254, 1021134451, 3269, 1021716885, 3253, 1021155235, 3270, 1021365386, 3263, 1021987021, 2754, 1038326361, 2739, 1038331219, 3267, 1038343342, 2755, 1038335992, 3251, 1038338667, 3266, 1038327901, 3250, 1037901531, 2748, 1021733454, 2740, 1021934054, 2756, 1021336668, 3258, 1038028120, 2749, 1021348155, 2757, 1021722746, 2750, 1021127474, 3261, 1021342489, 2742, 1021127031, 2751, 1021981257, 2743, 1021979070, 2759, 1021735045, 3255, 1021985360, 3271, 1021739655, 3259, 1038337507, 3268, 1021329291, 3252, 1021927563, 3260, 1021725747, 3262, 1021135348]
[INFO] (lattice_cell.c: 455): on tick 34 of 50
[INFO] (lattice_cell.c: 172): the unmatched_packets is 56
[2992, 1038757336, 2736, 1038757407, 3008, 1038322527, 2752, 1038323375, 2744, 1038619386, 3256, 1038618418, 3264, 1038321802, 3248, 1038757274, 2993, 1038315781, 2737, 1038319549, 3009, 1038309910, 2753, 1038313711, 2745, 1038318182, 3257, 1038311125, 2994, 1037905880, 3010, 1038328133, 2995, 1038328008, 3011, 1038334070, 3249, 1038312474, 2754, 1038327237, 2738, 1037905825, 3012, 1021332900, 2739, 1038324232, 2998, 1021132848, 2748, 1021742398, 2999, 1021990148, 2740, 1021965251, 2996, 1021960906, 2757, 1021737373, 2750, 1021158447, 3013, 1021733988, 2751, 1021967236, 2742, 1021129036, 3014, 1021363971, 3015, 1021755262, 2997, 1021117063, 2759, 1021752039, 3267, 1038337323, 3252, 1021957144, 3268, 1021328800, 3253, 1021113731, 3255, 1021993863, 3266, 1038328930, 3258, 1038037722, 3250, 1037905917, 2746, 1038036723, 2755, 1038330348, 2747, 1038322061, 2756, 1021337627, 2749, 1021341992, 2741, 1021120852, 2758, 1021359045, 3265, 1038306572, 3263, 1021974555, 2743, 1021985861, 3251, 1038331334, 3259, 1038329061, 3260, 1021733214, 3269, 1021730959, 3254, 1021136185, 3271, 1021758067, 3261, 1021335896, 3262, 1021166143, 3270, 1021368342]
[INFO] (lattice_cell.c: 455): on tick 35 of 50
[INFO] (lattice_cell.c: 172): the unmatched_packets is 56
[2992, 1038767363, 2736, 1038767430, 3008, 1038321604, 2752, 1038322470, 2744, 1038629203, 3256, 1038628151, 3264, 1038320870, 3248, 1038767296, 2993, 1038316977, 2737, 1038320888, 3009, 1038311425, 2753, 1038315414, 2745, 1038317537, 3257, 1038310180, 3265, 1038307913, 3249, 1038313547, 2994, 1037887407, 2738, 1037887382, 3010, 1038327271, 2754, 1038326380, 2746, 1038022498, 3258, 1038023505, 3250, 1037887436, 3266, 1038328071, 2995, 1038336574, 2739, 1038332639, 3011, 1038336806, 2755, 1038332892, 2747, 1038329605, 2996, 1021917044, 3012, 1021323726, 2997, 1021173663, 2998, 1021088227, 3251, 1038340025, 2748, 1021713251, 2749, 1021376840, 3013, 1021740807, 2741, 1021177497, 2750, 1021152703, 3014, 1021352739, 3015, 1021758823, 2999, 1022019424, 3253, 1021170129, 3271, 1021760803, 3261, 1021370741, 3262, 1021160674, 3263, 1021963484, 3267, 1038340210, 3268, 1021320301, 3260, 1021705594, 3252, 1021914063, 3259, 1038336907, 2756, 1021327832, 3269, 1021737866, 2740, 1021920593, 2757, 1021743969, 2758, 1021347822, 2751, 1021957721, 2742, 1021084296, 2759, 1021756373, 2743, 1022015967, 3254, 1021091848, 3270, 1021357220, 3255, 1022022301]
[INFO] (lattice_cell.c: 455): on tick 36 of 50
[INFO] (lattice_cell.c: 172): the unmatched_packets is 56
[2992, 1038723907, 2736, 1038723981, 3008, 1038322520, 2752, 1038323333, 2744, 1038621315, 3256, 1038620319, 3248, 1038723846, 2993, 1038313523, 2737, 1038317333, 3009, 1038312060, 2753, 1038315906, 2745, 1038318456, 3249, 1038310188, 3265, 1038308659, 3264, 1038321820, 2994, 1037937999, 3257, 1038311303, 2738, 1037937944, 3010, 1038327947, 2754, 1038327073, 2746, 1038035134, 3258, 1038036152, 3250, 1037938029, 2995, 1038328896, 2739, 1038325086, 3011, 1038336462, 3266, 1038328724, 2755, 1038332716, 2747, 1038325132, 2996, 1022036356, 3012, 1021352766, 2997, 1021052098, 3013, 1021705760, 3014, 1021384149, 3015, 1021725768, 3267, 1038339729, 2741, 1021055782, 2998, 1021125605, 2999, 1021995204, 2758, 1021379175, 2742, 1021121809, 2743, 1021990989, 3252, 1022032649, 3269, 1021702991, 3253, 1021048870, 3262, 1021167960, 3271, 1021728467, 3255, 1021998868, 3254, 1021128923, 3259, 1038332146, 3251, 1038332229, 2740, 1022040641, 2756, 1021357554, 2748, 1021762671, 2757, 1021708872, 2749, 1021320820, 3260, 1021753394, 2750, 1021160309, 2751, 1021952506, 3270, 1021388551, 2759, 1021722652, 3261, 1021315219, 3263, 1021959783, 3268, 1021348587]
[INFO] (lattice_cell.c: 455): on tick 37 of 50
[INFO] (lattice_cell.c: 172): the unmatched_packets is 56
[2992, 1038777446, 3008, 1038321508, 2736, 1038777502, 2752, 1038322440, 2744, 1038645170, 3256, 1038644033, 3264, 1038320705, 3248, 1038777398, 2993, 1038320882, 2737, 1038324770, 3009, 1038311216, 2753, 1038315147, 2745, 1038319995, 3257, 1038312726, 2994, 1037877024, 3010, 1038327609, 3265, 1038307752, 2995, 1038333393, 2738, 1037877010, 2746, 1038007020, 3011, 1038336314, 2739, 1038329485, 2996, 1021814175, 3012, 1021303368, 2747, 1038327142, 2755, 1038332427, 2997, 1021259205, 3013, 1021761606, 2756, 1021307463, 2748, 1021656145, 2757, 1021764957, 2749, 1021424824, 2998, 1021108168, 2758, 1021327480, 3014, 1021332419, 2999, 1022010895, 2751, 1022004622, 3015, 1021780582, 2743, 1022007355, 3255, 1022013789, 3267, 1038339697, 2754, 1038326644, 3262, 1021123286, 2740, 1021817807, 3271, 1021782642, 2741, 1021263035, 3249, 1038317494, 2750, 1021115329, 2742, 1021104234, 3266, 1038328454, 2759, 1021778028, 3258, 1038008098, 3259, 1038334391, 3260, 1021648240, 3250, 1037877041, 3251, 1038336812, 3268, 1021299958, 3252, 1021811141, 3261, 1021418665, 3253, 1021255666, 3269, 1021758473, 3263, 1022010559, 3254, 1021111791, 3270, 1021336926]
[INFO] (lattice_cell.c: 455): on tick 38 of 50
[INFO] (lattice_cell.c: 172): the unmatched_packets is 56
[2992, 1038733106, 2736, 1038733163, 3008, 1038322280, 2752, 1038323162, 2744, 1038601861, 3256, 1038600855, 3264, 1038321526, 3248, 1038733054, 2993, 1038310754, 2737, 1038314580, 3009, 1038309730, 2753, 1038313630, 2745, 1038314450, 3257, 1038307224, 3265, 1038306271, 3249, 1038307403, 2994, 1037929635, 2738, 1037929600, 3010, 1038328176, 2754, 1038327219, 2746, 1038053920, 3266, 1038329014, 3258, 1038055000, 3250, 1037929655, 2995, 1038331046, 2739, 1038327200, 3011, 1038334428, 2755, 1038330647, 2747, 1038325772, 2996, 1022086830, 3012, 1021409512, 3267, 1038337718, 2997, 1021012596, 3013, 1021658519, 3251, 1038334419, 2740, 1022091002, 2998, 1021144110, 3014, 1021440697, 2756, 1021414298, 2999, 1021967564, 3015, 1021677558, 2751, 1021927718, 2743, 1021963471, 3261, 1021233139, 3254, 1021147403, 3271, 1021680165, 3260, 1021852362, 3252, 1022083140, 3253, 1021009313, 3270, 1021445064, 3262, 1021191827, 3255, 1021971179, 2748, 1021861554, 3259, 1038332858, 2741, 1021016302, 2749, 1021238627, 2757, 1021661484, 3268, 1021405357, 2750, 1021184117, 2742, 1021140356, 2758, 1021435787, 2759, 1021674590, 3263, 1021934656, 3269, 1021655910]
[INFO] (lattice_cell.c: 455): on tick 39 of 50
[INFO] (lattice_cell.c: 172): the unmatched_packets is 56
[2992, 1038761915, 2736, 1038762024, 3008, 1038321535, 2752, 1038322466, 2744, 1038636138, 3256, 1038635000, 3264, 1038320717, 3248, 1038761810, 2993, 1038320590, 3009, 1038315356, 2737, 1038324441, 2753, 1038319246, 2745, 1038322690, 2994, 1037892310, 3010, 1038327647, 3011, 1038340152, 2995, 1038333110, 3249, 1038317197, 2746, 1038015658, 2997, 1021236057, 3013, 1021843890, 2739, 1038329251, 2755, 1038336328, 2998, 1021091198, 3014, 1021234828, 2999, 1022029206, 3015, 1021862778, 2756, 1021208770, 3258, 1038016724, 2749, 1021491572, 2996, 1021839124, 3012, 1021204495, 2741, 1021239951, 2750, 1021086399, 2751, 1022024126, 2758, 1021229659, 3250, 1037892360, 3260, 1021569323, 3252, 1021836115, 3261, 1021485541, 3269, 1021840807, 3253, 1021232495, 3262, 1021094477, 3270, 1021239557, 3263, 1022030273, 3271, 1021864832, 3257, 1038315487, 2738, 1037892244, 2754, 1038326683, 2747, 1038329364, 2748, 1021577449, 3254, 1021094822, 2740, 1021842770, 3267, 1038343484, 3268, 1021200959, 2757, 1021847247, 2742, 1021087238, 2743, 1022025499, 2759, 1021860233, 3255, 1022032245, 3251, 1038336489, 3266, 1038328498, 3265, 1038311920, 3259, 1038336523]
[INFO] (lattice_cell.c: 455): on tick 40 of 50
[INFO] (lattice_cell.c: 172): the unmatched_packets is 56
[2992, 1038774558, 2736, 1038774546, 3008, 1038321904, 2752, 1038322859, 2744, 1038637387, 3256, 1038636302, 3264, 1038321085, 3248, 1038774559, 2993, 1038312664, 2737, 1038316524, 3009, 1038306925, 2753, 1038310855, 2745, 1038314601, 3257, 1038307361, 3265, 1038303450, 3249, 1038309302, 2994, 1037889256, 3010, 1038328296, 2754, 1038327273, 2995, 1038328389, 3011, 1038331903, 2996, 1021994782, 3258, 1038020566, 2999, 1021973901, 2757, 1021594851, 2741, 1021100843, 3012, 1021487744, 2750, 1021255618, 3267, 1038335252, 3251, 1038331785, 3013, 1021591915, 2998, 1021147588, 3014, 1021518132, 3015, 1021610597, 2997, 1021097367, 3260, 1021853933, 3269, 1021589316, 3253, 1021094287, 3262, 1021262942, 3263, 1021878958, 2738, 1037889268, 2746, 1038019422, 3271, 1021613101, 3255, 1021977387, 3266, 1038329217, 3259, 1038328771, 3250, 1037889237, 2739, 1038324510, 2755, 1038328062, 2747, 1038321599, 2756, 1021492446, 2748, 1021863125, 2740, 1021999085, 3252, 1021990996, 2749, 1021235915, 3261, 1021230529, 2758, 1021513369, 2742, 1021143909, 2751, 1021872072, 3254, 1021150821, 2759, 1021607730, 2743, 1021969919, 3268, 1021483665, 3270, 1021522323]
[INFO] (lattice_cell.c: 455): on tick 41 of 50
[INFO] (lattice_cell.c: 172): the unmatched_packets is 56
[2992, 1038705787, 2736, 1038705890, 3008, 1038321412, 2752, 1038322376, 2744, 1038594059, 3256, 1038592829, 3264, 1038320585, 3248, 1038705683, 2993, 1038319794, 2737, 1038323598, 3009, 1038315137, 2753, 1038319018, 2745, 1038321166, 3257, 1038313994, 3265, 1038311712, 2994, 1037947013, 2738, 1037946972, 3010, 1038327714, 2754, 1038326725, 2746, 1038057061, 2995, 1038337578, 3249, 1038316463, 3266, 1038328594, 3011, 1038339640, 3250, 1037947051, 2739, 1038333756, 2996, 1021970535, 3012, 1021202506, 2997, 1021109086, 3013, 1021846772, 2747, 1038332221, 2998, 1021034717, 2741, 1021113239, 3014, 1021234073, 2750, 1021016012, 2742, 1021030634, 2758, 1021228677, 2999, 1022070130, 3015, 1021865568, 2759, 1021862990, 3251, 1038340930, 3268, 1021198852, 3260, 1021654559, 3269, 1021843770, 3261, 1021407778, 3253, 1021105303, 3270, 1021239049, 3254, 1021038443, 3263, 1022090325, 3271, 1021867703, 3255, 1022073253, 3267, 1038342896, 3259, 1038339269, 3258, 1038058217, 2755, 1038335895, 2740, 1021974151, 3252, 1021967597, 2748, 1021662637, 2756, 1021206920, 2757, 1021850027, 3262, 1021024585, 2749, 1021413992, 2751, 1022084176, 2743, 1022066340]
[INFO] (lattice_cell.c: 455): on tick 42 of 50
[INFO] (lattice_cell.c: 172): the unmatched_packets is 56
[2992, 1038790973, 2736, 1038791039, 3008, 1038322128, 2752, 1038323067, 2744, 1038667114, 2993, 1038312150, 3009, 1038308591, 3010, 1038328378, 3256, 1038666019, 2995, 1038325840, 2746, 1037989822, 2994, 1037872408, 2997, 1021176249, 2748, 1021719912, 3015, 1021687481, 2756, 1021407525, 3011, 1038333851, 2996, 1021915429, 2750, 1021268039, 3012, 1021402831, 2751, 1021857003, 3013, 1021669747, 2759, 1021684810, 2998, 1021255220, 2743, 1021870446, 2999, 1021874363, 3014, 1021432970, 3258, 1037990992, 3250, 1037872444, 3267, 1038337269, 3251, 1038329275, 3252, 1021911790, 3268, 1021398736, 3253, 1021173244, 3269, 1021667186, 3263, 1021863667, 3248, 1038790926, 2753, 1038312533, 2737, 1038316064, 3257, 1038308275, 3265, 1038305101, 3264, 1038321340, 2745, 1038315596, 2754, 1038327366, 2738, 1037872354, 3249, 1038308735, 3266, 1038329274, 2747, 1038321938, 2755, 1038329942, 2739, 1038321915, 3259, 1038329226, 2740, 1021919583, 2749, 1021374594, 3260, 1021710557, 2757, 1021672613, 2741, 1021179675, 3261, 1021369739, 2758, 1021428286, 2742, 1021251728, 3262, 1021274963, 3254, 1021258291, 3270, 1021437096, 3255, 1021877799, 3271, 1021689760]
[INFO] (lattice_cell.c: 455): on tick 43 of 50
[INFO] (lattice_cell.c: 172): the unmatched_packets is 56
[2992, 1038736047, 3008, 1038320903, 2736, 1038736087, 2752, 1038321996, 2744, 1038604950, 3256, 1038603693, 3264, 1038319952, 3248, 1038735989, 2993, 1038320301, 2737, 1038324066, 3009, 1038314226, 2753, 1038318064, 3257, 1038313783, 3249, 1038317010, 3265, 1038310813, 2994, 1037918541, 3010, 1038328037, 2754, 1038326919, 2738, 1037918565, 3258, 1038048014, 2995, 1038336305, 3011, 1038338466, 2996, 1021930948, 3012, 1021345192, 3250, 1037918524, 2755, 1038334760, 2739, 1038332552, 2747, 1038330320, 2997, 1021147363, 2756, 1021349591, 2748, 1021782333, 3015, 1021728130, 3251, 1038339586, 3013, 1021708149, 2742, 1020972888, 3014, 1021376661, 3268, 1021341541, 2751, 1022047945, 2999, 1022131600, 2998, 1020977142, 3255, 1022134823, 3252, 1021927715, 3269, 1021705024, 3262, 1021070349, 3263, 1022054515, 3267, 1038341675, 2745, 1038320836, 2746, 1038046844, 2740, 1021934825, 3266, 1038329028, 2757, 1021711563, 2749, 1021295108, 3270, 1021381587, 3254, 1020981048, 3259, 1038337227, 2741, 1021151394, 2750, 1021061637, 2758, 1021371266, 2759, 1021725302, 2743, 1022127732, 3260, 1021773912, 3271, 1021730463, 3253, 1021143724, 3261, 1021288805]
[INFO] (lattice_cell.c: 455): on tick 44 of 50
[INFO] (lattice_cell.c: 172): the unmatched_packets is 56
[2992, 1038761983, 2736, 1038762032, 3008, 1038321886, 2752, 1038322863, 2744, 1038610328, 3256, 1038609192, 3264, 1038321051, 3248, 1038761955, 2993, 1038312177, 3009, 1038308836, 2737, 1038316108, 2753, 1038312848, 2745, 1038315798, 2994, 1037900840, 3010, 1038328510, 2995, 1038328381, 3011, 1038334320, 3257, 1038308409, 2738, 1037900805, 2754, 1038327433, 2996, 1021991300, 3013, 1021789119, 2998, 1021209510, 3014, 1021313387, 2748, 1021713180, 3266, 1038329475, 3012, 1021282715, 2741, 1021105370, 2750, 1021170683, 2751, 1021948604, 2999, 1021911736, 2759, 1021802939, 2743, 1021907898, 3269, 1021786731, 3253, 1021098765, 3262, 1021177789, 3015, 1021805322, 2997, 1021101881, 3267, 1038337737, 3260, 1021704306, 3261, 1021376599, 3270, 1021317679, 3254, 1021212406, 3263, 1021954714, 3271, 1021807379, 3249, 1038308748, 3265, 1038305308, 3258, 1038046404, 3250, 1037900870, 2746, 1038045169, 2755, 1038330402, 2739, 1038324387, 2747, 1038323429, 3268, 1021278631, 3252, 1021987840, 2756, 1021287423, 2740, 1021995255, 2749, 1021381663, 2757, 1021791745, 2758, 1021308564, 2742, 1021206160, 3255, 1021915027, 3251, 1038331893, 3259, 1038330801]
[INFO] (lattice_cell.c: 455): on tick 45 of 50
[INFO] (lattice_cell.c: 172): the unmatched_packets is 56
[2992, 1038749406, 2736, 1038749519, 3256, 1038649835, 3008, 1038321240, 2752, 1038322261, 3264, 1038320355, 2744, 1038651156, 3248, 1038749299, 2993, 1038319415, 3009, 1038314127, 2994, 1037904853, 2745, 1038320776, 3257, 1038313784, 3249, 1038316141, 2739, 1038331341, 3010, 1038327894, 2995, 1038335055, 3011, 1038338179, 2996, 1021941767, 2757, 1021704647, 2750, 1021190705, 3012, 1021352029, 2751, 1021919204, 2997, 1021138550, 3013, 1021701338, 2998, 1021089157, 2759, 1021718134, 3014, 1021384781, 2999, 1022024835, 3015, 1021720906, 3265, 1038310767, 3266, 1038328811, 3250, 1037904886, 3267, 1038341373, 3251, 1038338285, 3252, 1021938497, 3261, 1021373322, 3253, 1021134890, 3262, 1021199198, 3270, 1021389821, 2753, 1038317934, 2737, 1038323149, 2754, 1038326845, 2746, 1038001320, 2738, 1037904809, 2747, 1038329619, 2755, 1038334498, 2748, 1021696638, 3259, 1038336480, 2756, 1021356699, 3260, 1021687737, 2740, 1021945693, 3258, 1038002540, 2749, 1021379244, 2741, 1021142616, 2758, 1021379275, 2742, 1021084923, 3269, 1021698308, 2743, 1022020766, 3254, 1021093033, 3263, 1021926117, 3255, 1022028267, 3271, 1021723241, 3268, 1021348158]
[INFO] (lattice_cell.c: 455): on tick 46 of 50
[INFO] (lattice_cell.c: 172): the unmatched_packets is 56
[2992, 1038744855, 2736, 1038744854, 3008, 1038321410, 2752, 1038322493, 3256, 1038625706, 3264, 1038320497, 2993, 1038313106, 3009, 1038308759, 2994, 1037917584, 3011, 1038334405, 3010, 1038328649, 3012, 1021368092, 2997, 1021168410, 2755, 1038330449, 2748, 1021764759, 2996, 1021922447, 2757, 1021707490, 2995, 1038328537, 3013, 1021704680, 2998, 1021083633, 2751, 1022018751, 3014, 1021397336, 2742, 1021080155, 2999, 1022036184, 3015, 1021721512, 2743, 1022032594, 2744, 1038626910, 3251, 1038332051, 3268, 1021364268, 3270, 1021401482, 3254, 1021086698, 3271, 1021723566, 3255, 1022039260, 3248, 1038744844, 3265, 1038305211, 2737, 1038317071, 3249, 1038309655, 2753, 1038312782, 2745, 1038316130, 2754, 1038327474, 2746, 1038029635, 2738, 1037917567, 3257, 1038308721, 2747, 1038323610, 3258, 1038030945, 2739, 1038324533, 2756, 1021372529, 3266, 1038329695, 2740, 1021926382, 2749, 1021329278, 3259, 1038330993, 2750, 1021101842, 2741, 1021171790, 3261, 1021324391, 2758, 1021392692, 3262, 1021108835, 2759, 1021719065, 3263, 1022024829, 3250, 1037917591, 3267, 1038337849, 3260, 1021755854, 3252, 1021919031, 3253, 1021165359, 3269, 1021702155]
[INFO] (lattice_cell.c: 455): on tick 47 of 50
[INFO] (lattice_cell.c: 172): the unmatched_packets is 56
[2992, 1038760132, 2736, 1038760172, 3008, 1038321038, 2752, 1038322152, 2744, 1038605413, 3256, 1038604114, 3264, 1038320071, 3248, 1038760081, 2993, 1038320975, 2737, 1038324672, 3009, 1038313846, 2753, 1038317645, 2745, 1038320568, 3257, 1038313592, 3249, 1038317728, 3265, 1038310468, 2994, 1037894553, 2738, 1037894588, 3010, 1038328326, 2754, 1038327180, 2746, 1038045865, 3258, 1038047070, 3250, 1037894527, 2995, 1038335053, 3011, 1038337768, 2996, 1021952550, 2755, 1038334122, 3012, 1021299950, 2997, 1021120215, 2740, 1021956610, 2998, 1021164424, 3259, 1038336728, 2999, 1021948389, 3015, 1021773389, 2757, 1021757310, 3013, 1021754107, 2750, 1021135761, 3014, 1021333550, 2751, 1021973610, 2743, 1021944199, 3253, 1021116604, 3271, 1021775769, 3252, 1021949162, 3261, 1021336056, 3269, 1021751220, 3270, 1021338673, 3254, 1021168168, 3263, 1021980391, 3255, 1021951951, 3266, 1038329348, 3260, 1021727487, 2739, 1038331346, 2747, 1038329897, 3268, 1021295904, 3267, 1038340929, 2756, 1021304754, 2748, 1021736486, 2741, 1021124267, 2749, 1021342089, 2742, 1021160259, 2758, 1021327912, 2759, 1021770586, 3251, 1038338285, 3262, 1021144584]
[INFO] (lattice_cell.c: 455): on tick 48 of 50
[INFO] (lattice_cell.c: 172): the unmatched_packets is 56
[2992, 1038759123, 2736, 1038759204, 3008, 1038321534, 2752, 1038322595, 2744, 1038633744, 3256, 1038632464, 3264, 1038320628, 3248, 1038759049, 2993, 1038312963, 3009, 1038309267, 2737, 1038316925, 2753, 1038313298, 2745, 1038314362, 3257, 1038306924, 3265, 1038305698, 2994, 1037904032, 3010, 1038328671, 3249, 1038309500, 2995, 1038328438, 2754, 1038327517, 2746, 1038022290, 3012, 1021328347, 2997, 1021120786, 3013, 1021742472, 2747, 1038324044, 2998, 1021114595, 3250, 1037904096, 2996, 1021970066, 2999, 1022007138, 3011, 1038334962, 3267, 1038338411, 2741, 1021124289, 3260, 1021706089, 3014, 1021358431, 2758, 1021353589, 3015, 1021758105, 3254, 1021117553, 3263, 1021933604, 2743, 1022003438, 3251, 1038331958, 3262, 1021197193, 3271, 1021759934, 3255, 1022010276, 3259, 1038331456, 3258, 1038023669, 2738, 1037903946, 2755, 1038331001, 2739, 1038324427, 2748, 1021714732, 2756, 1021332878, 2740, 1021973809, 2749, 1021384546, 2757, 1021745142, 2750, 1021190280, 3266, 1038329706, 2751, 1021927668, 2742, 1021111259, 3261, 1021379634, 2759, 1021755929, 3253, 1021117605, 3270, 1021362730, 3268, 1021324483, 3252, 1021966865, 3269, 1021740009]
[INFO] (lattice_cell.c: 455): on tick 49 of 50
[INFO] (lattice_cell.c: 172): the unmatched_packets is 56
[2992, 1038741484, 2736, 1038741535, 3008, 1038320790, 2752, 1038321910, 2744, 1038636822, 3256, 1038635476, 3264, 1038319829, 3248, 1038741427, 2993, 1038318836, 2737, 1038322547, 3009, 1038315429, 2753, 1038319216, 2745, 1038320101, 3257, 1038313161, 3265, 1038312068, 3249, 1038315605, 2994, 1037912617, 3010, 1038328097, 2995, 1038334464, 3011, 1038339329, 3012, 1021349736, 3266, 1038329108, 3013, 1021698715, 2739, 1038330777, 3250, 1037912594, 2998, 1021080401, 2740, 1021937085, 2999, 1022034592, 2756, 1021354628, 2749, 1021351909, 2757, 1021701914, 2997, 1021150689, 3014, 1021383287, 3261, 1021346306, 2759, 1021715332, 3015, 1021718239, 2996, 1021932898, 3268, 1021345587, 3252, 1021929336, 2738, 1037912631, 3262, 1021145835, 2746, 1038015642, 2754, 1038326948, 3258, 1038016895, 3267, 1038342501, 2755, 1038335685, 2747, 1038329192, 3259, 1038335973, 2748, 1021727360, 3260, 1021717852, 2741, 1021154635, 3251, 1038337677, 2750, 1021137297, 2742, 1021076136, 2758, 1021377737, 2751, 1021975096, 3253, 1021147173, 3269, 1021695861, 2743, 1022030492, 3270, 1021388297, 3254, 1021084276, 3263, 1021982231, 3271, 1021720696, 3255, 1022038133]
[INFO] (lattice_cell.c: 455): on tick 50 of 50
[INFO] (lattice_cell.c: 466): updating recording regions
[INFO] (recording.c: 507): 	Finalising channel 0 - state info stored in SDRAM
[INFO] (recording.c: 512): closed channel 0.
[INFO] (lattice_cell.c: 470): Simulation complete.

