[INFO] (lattice_cell.c: 604): starting lattice cell
[INFO] (lattice_cell.c: 526): Initialise: started
[INFO] (data_specification.c: 78): magic = ad130ad6, version = 1.0
[INFO] (lattice_cell.c: 555): my key is 8
[INFO] (lattice_cell.c: 562): I'm in position ( 0, 1)
[INFO] (lattice_cell.c: 568): my n key is 7944
[INFO] (lattice_cell.c: 574): my U_X = -0.009999959729611874
[INFO] (lattice_cell.c: 575): my U_Y = 0.0005000000237487257
[INFO] (lattice_cell.c: 583): input_buffer initialised
[INFO] (recording.c: 563): Recording 1 regions, using output tag 0, size before trigger 7686388, time between triggers 50
[INFO] (recording.c: 665): Recording channel 0 configured to use 7686132 byte memory block starting at 0x65a3a190
[INFO] (lattice_cell.c: 588): Recording flags = 0x00000001
[INFO] (lattice_cell.c: 619): setting timer to execute every 200000 microseconds
[INFO] (lattice_cell.c: 627): Starting

[INFO] (simulation.c: 159): Setting the runtime of this model to 50 starting at 0
[INFO] (simulation.c: 161): Setting the flag of infinite run for this model to 0
[INFO] (simulation.c: 175): Resuming
[INFO] (lattice_cell.c: 455): on tick 0 of 50
[264, 1037884797, 0, 1037884794, 16, 1037884803, 256, 1037884796, 272, 1037884809, 7944, 1037884797, 1, 1038341178, 7936, 1037884796, 7952, 1037884809, 265, 1038340748, 257, 1038340748, 17, 1038341176, 273, 1038340752, 2, 1038779578, 18, 1038779565, 266, 1038779577, 258, 1038779578, 274, 1038779571, 19, 1038296438, 7937, 1038340748, 267, 1038296868, 7945, 1038340748, 20, 1021128650, 275, 1038296872, 260, 1021128237, 5, 1022026107, 7953, 1038340752, 268, 1021128236, 7938, 1038779578, 276, 1021128250, 22, 1021978672, 7946, 1038779577, 261, 1022025651, 269, 1022025649, 277, 1022025642, 7939, 1038296868, 7954, 1038779571, 278, 1021979132, 270, 1021979138, 7940, 1021128237, 7955, 1038296872, 3, 1038296438, 279, 1021087000, 271, 1021086987, 7941, 1022025651, 4, 1021128642, 7948, 1021128236, 7956, 1021128250, 21, 1022026095, 6, 1021978684, 7942, 1021979139, 7, 1021086583, 7957, 1022025642, 23, 1021086593, 7950, 1021979138, 7958, 1021979132, 7951, 1021086987, 7943, 1021086987, 7959, 1021087000, 259, 1038296868, 262, 1021979139, 263, 1021086987, 7947, 1038296868, 7949, 1022025649]
[INFO] (lattice_cell.c: 455): on tick 1 of 50
[INFO] (lattice_cell.c: 172): the unmatched_packets is 56
[16, 1037879885, 264, 1037879865, 0, 1037879858, 256, 1037879858, 272, 1037879883, 7944, 1037879865, 7952, 1037879889, 7936, 1037879860, 17, 1038349318, 1, 1038349314, 265, 1038348856, 273, 1038348852, 257, 1038348856, 18, 1038774613, 2, 1038774640, 266, 1038774641, 274, 1038774611, 258, 1038774640, 19, 1038305151, 3, 1038305147, 267, 1038305607, 275, 1038305601, 7945, 1038348924, 7937, 1038348926, 20, 1021125176, 4, 1021125136, 7953, 1038348924, 5, 1022019957, 268, 1021123874, 276, 1021123900, 277, 1022020353, 7938, 1038774646, 269, 1022020389, 7954, 1038774613, 7, 1021080150, 278, 1021974504, 23, 1021080116, 7939, 1038305539, 270, 1021974472, 7955, 1038305537, 279, 1021081379, 21, 1022019921, 7947, 1038305539, 7940, 1021125540, 7941, 1022018659, 6, 1021974893, 22, 1021974931, 271, 1021081411, 7948, 1021125543, 7956, 1021125580, 263, 1021081411, 7942, 1021976196, 7957, 1022018611, 7943, 1021079752, 7950, 1021976204, 259, 1038305603, 7959, 1021079725, 260, 1021123870, 261, 1022020393, 262, 1021974464, 7949, 1022018651, 7958, 1021976232, 7951, 1021079747, 7946, 1038774641]
[INFO] (lattice_cell.c: 455): on tick 2 of 50
[INFO] (lattice_cell.c: 172): the unmatched_packets is 56
[16, 1037885167, 264, 1037885223, 0, 1037885230, 256, 1037885228, 272, 1037885173, 7944, 1037885227, 7936, 1037885232, 7952, 1037885169, 17, 1038341912, 265, 1038341478, 1, 1038341914, 257, 1038341476, 273, 1038341480, 18, 1038780077, 2, 1038780020, 274, 1038780081, 266, 1038780027, 258, 1038780022, 19, 1038296626, 3, 1038296622, 7937, 1038341476, 275, 1038297062, 7945, 1038341478, 268, 1021128074, 276, 1021128047, 7953, 1038341480, 21, 1022025973, 7938, 1038780018, 260, 1021128080, 277, 1022025509, 269, 1022025473, 7946, 1038780029, 7954, 1038780079, 7939, 1038297054, 270, 1021980158, 7940, 1021128224, 279, 1021088193, 262, 1021980192, 7947, 1038297056, 7955, 1038297060, 20, 1021128505, 271, 1021088042, 4, 1021128552, 22, 1021979516, 6, 1021979718, 7949, 1022025533, 7, 1021087553, 23, 1021087727, 7950, 1021980111, 5, 1022025938, 7957, 1022025571, 7941, 1022025520, 7942, 1021980143, 7943, 1021087873, 7958, 1021979934, 7951, 1021087893, 7948, 1021128220, 267, 1038297056, 259, 1038297054, 261, 1022025457, 278, 1021979988, 7956, 1021128186, 263, 1021088023, 7959, 1021088042]
[INFO] (lattice_cell.c: 455): on tick 3 of 50
[INFO] (lattice_cell.c: 172): the unmatched_packets is 56
[16, 1037880297, 264, 1037879981, 0, 1037879934, 256, 1037879934, 272, 1037880297, 7944, 1037879973, 7936, 1037879930, 7952, 1037880295, 17, 1038349096, 265, 1038348605, 1, 1038349086, 257, 1038348605, 273, 1038348609, 7945, 1038348734, 7937, 1038348732, 7953, 1038348744, 18, 1038774301, 266, 1038774637, 2, 1038774678, 258, 1038774676, 274, 1038774303, 19, 1038305406, 3, 1038305447, 267, 1038305929, 275, 1038305890, 20, 1021125982, 7938, 1038774684, 276, 1021124775, 5, 1022020673, 268, 1021124487, 7954, 1038774305, 6, 1021974346, 22, 1021975313, 277, 1022020714, 269, 1022020996, 7939, 1038305797, 7, 1021079745, 278, 1021974925, 7947, 1038305795, 270, 1021974086, 7940, 1021125973, 279, 1021080130, 7956, 1021126325, 21, 1022020315, 271, 1021080836, 7941, 1022019384, 7942, 1021975621, 23, 1021078917, 7949, 1022019315, 4, 1021125652, 7950, 1021975759, 7958, 1021976591, 7943, 1021079407, 7951, 1021079294, 7946, 1038774641, 259, 1038305931, 7957, 1022019036, 260, 1021124425, 261, 1022021053, 262, 1021973951, 7955, 1038305758, 263, 1021080950, 7948, 1021126043, 7959, 1021078597]
[INFO] (lattice_cell.c: 455): on tick 4 of 50
[INFO] (lattice_cell.c: 172): the unmatched_packets is 56
[7936, 1037885146, 16, 1037883469, 0, 1037885144, 264, 1037884951, 256, 1037885148, 272, 1037883477, 17, 1038342159, 1, 1038342172, 265, 1038341726, 273, 1038341718, 257, 1038341728, 7952, 1037883477, 18, 1038781833, 2, 1038780104, 7944, 1037884943, 274, 1038781837, 266, 1038780309, 19, 1038296629, 258, 1038780100, 4, 1021128183, 7937, 1038341735, 267, 1038296877, 275, 1038297077, 7953, 1038341725, 21, 1022026806, 7938, 1038780102, 7945, 1038341731, 6, 1021980247, 22, 1021975439, 276, 1021126138, 7, 1021088015, 7946, 1038780309, 277, 1022026356, 7940, 1021127979, 7955, 1038297069, 7941, 1022024815, 278, 1021975872, 3, 1038296402, 270, 1021980006, 279, 1021092447, 262, 1021980683, 20, 1021126700, 7942, 1021980673, 7948, 1021127717, 5, 1022025228, 271, 1021089135, 7957, 1022026383, 23, 1021091873, 7950, 1021979995, 7943, 1021088213, 7958, 1021975874, 7951, 1021088762, 259, 1038296842, 268, 1021127347, 7939, 1038296838, 260, 1021127615, 269, 1022025095, 261, 1022024793, 7954, 1038781841, 7947, 1038296871, 7956, 1021126496, 263, 1021088581, 7949, 1022025108, 7959, 1021092077]
[INFO] (lattice_cell.c: 455): on tick 5 of 50
[INFO] (lattice_cell.c: 172): the unmatched_packets is 56
[16, 1037887662, 7944, 1037881286, 0, 1037880340, 7936, 1037880340, 264, 1037881294, 256, 1037880342, 272, 1037887666, 7952, 1037887662, 17, 1038348974, 1, 1038348823, 265, 1038348365, 257, 1038348319, 273, 1038348455, 7937, 1038348512, 7945, 1038348550, 7953, 1038348650, 18, 1038766655, 2, 1038774266, 266, 1038773282, 274, 1038766651, 258, 1038774270, 19, 1038304558, 3, 1038305608, 267, 1038305930, 275, 1038305060, 20, 1021132234, 4, 1021125713, 21, 1022014859, 268, 1021125897, 276, 1021131104, 7938, 1038774276, 7946, 1038773284, 22, 1021995472, 277, 1022015178, 7954, 1038766659, 269, 1022020531, 261, 1022021999, 7939, 1038305932, 7, 1021079173, 278, 1021995183, 7940, 1021125956, 270, 1021977175, 279, 1021063183, 7947, 1038305742, 7941, 1022020473, 6, 1021974139, 271, 1021077740, 7948, 1021127256, 263, 1021080293, 23, 1021062057, 7956, 1021132475, 5, 1022021680, 7942, 1021975350, 7957, 1022013637, 7943, 1021078939, 7950, 1021978698, 7959, 1021061796, 259, 1038306126, 260, 1021124589, 262, 1021973834, 7955, 1038304884, 7949, 1022019009, 7958, 1021996679, 7951, 1021076379]
[INFO] (lattice_cell.c: 455): on tick 6 of 50
[INFO] (lattice_cell.c: 172): the unmatched_packets is 56
[7944, 1037879164, 7936, 1037883212, 16, 1037861638, 264, 1037879170, 256, 1037883214, 0, 1037883212, 272, 1037861632, 7952, 1037861630, 17, 1038342130, 265, 1038341884, 257, 1038342113, 1, 1038342567, 273, 1038341672, 7937, 1038342133, 18, 1038804422, 2, 1038782094, 266, 1038786290, 258, 1038782098, 274, 1038804416, 19, 1038297352, 3, 1038296445, 267, 1038297722, 275, 1038297836, 259, 1038296893, 7945, 1038341907, 7953, 1038341703, 20, 1021110961, 4, 1021129086, 268, 1021122743, 21, 1022042206, 276, 1021110253, 7938, 1038782104, 260, 1021128393, 7946, 1038786292, 22, 1021913620, 7954, 1038804426, 269, 1022028819, 277, 1022041823, 7939, 1038296871, 7940, 1021129031, 270, 1021964367, 278, 1021913920, 7947, 1038297684, 7955, 1038297754, 262, 1021979156, 5, 1022022658, 279, 1021151164, 6, 1021978788, 271, 1021101579, 7956, 1021110889, 7, 1021089441, 23, 1021150535, 7957, 1022041734, 7943, 1021089499, 7950, 1021964488, 7941, 1022022193, 7949, 1022028753, 7942, 1021979252, 7951, 1021100971, 261, 1022022285, 263, 1021090149, 7948, 1021123368, 7958, 1021914155, 7959, 1021150649]
[INFO] (lattice_cell.c: 455): on tick 7 of 50
[INFO] (lattice_cell.c: 172): the unmatched_packets is 56
[7936, 1037888906, 7944, 1037899656, 16, 1037920970, 264, 1037899666, 7952, 1037920972, 256, 1037888916, 272, 1037920964, 0, 1037888906, 17, 1038349277, 265, 1038348202, 257, 1038347243, 1, 1038347765, 273, 1038348745, 7937, 1038347465, 7945, 1038348442, 7953, 1038348990, 18, 1038732297, 266, 1038754259, 2, 1038765391, 258, 1038765393, 274, 1038732301, 19, 1038306277, 3, 1038304832, 267, 1038305256, 275, 1038306741, 259, 1038305358, 7938, 1038765399, 20, 1021148371, 4, 1021120499, 268, 1021137675, 276, 1021147362, 269, 1022009945, 277, 1021999782, 22, 1022108250, 7946, 1038754259, 7954, 1038732307, 7939, 1038305128, 23, 1020942761, 270, 1022026062, 278, 1022108204, 7940, 1021120637, 7947, 1038305078, 7941, 1022030246, 5, 1022031345, 271, 1021031676, 279, 1020943924, 21, 1021999609, 6, 1021982845, 7, 1021073572, 7942, 1021983950, 7943, 1021073447, 7957, 1021998495, 7958, 1022109243, 260, 1021119471, 261, 1022031524, 262, 1021982673, 263, 1021074608, 7955, 1038306643, 7948, 1021138808, 7956, 1021148481, 7949, 1022008645, 7950, 1022027251, 7959, 1020942513, 7951, 1021030434]
[INFO] (lattice_cell.c: 455): on tick 8 of 50
[INFO] (lattice_cell.c: 172): the unmatched_packets is 56
[7936, 1037855026, 264, 1037844792, 272, 1037848741, 256, 1037855030, 7944, 1037844788, 7952, 1037848733, 16, 1037848737, 0, 1037855024, 265, 1038342539, 257, 1038342721, 273, 1038341813, 17, 1038342289, 1, 1038343219, 266, 1038821755, 274, 1038817154, 2, 1038811296, 18, 1038817156, 7937, 1038342817, 267, 1038295907, 275, 1038297784, 7945, 1038342587, 7953, 1038341863, 268, 1021111750, 7938, 1038811300, 276, 1021118951, 5, 1021993684, 261, 1021993459, 7939, 1038297292, 7955, 1038297534, 270, 1021867853, 7941, 1021993068, 19, 1038297216, 279, 1021254986, 262, 1021950540, 3, 1038296898, 7948, 1021112653, 7956, 1021119894, 20, 1021119803, 271, 1021204816, 4, 1021154883, 7949, 1022035504, 263, 1021116555, 21, 1022031169, 7942, 1021950938, 7943, 1021115715, 7957, 1022030621, 22, 1021808896, 23, 1021254330, 7, 1021115746, 6, 1021950320, 7951, 1021204141, 7946, 1038821757, 7954, 1038817160, 258, 1038811298, 259, 1038297390, 7947, 1038295721, 260, 1021154089, 277, 1022030892, 269, 1022035810, 278, 1021808962, 7940, 1021154916, 7950, 1021868402, 7958, 1021809637, 7959, 1021254424]
[INFO] (lattice_cell.c: 455): on tick 9 of 50
[INFO] (lattice_cell.c: 172): the unmatched_packets is 56
[7936, 1037944865, 7944, 1037931511, 7952, 1037889180, 264, 1037931521, 16, 1037889180, 256, 1037944865, 272, 1037889178, 0, 1037944869, 7945, 1038348125, 7937, 1038349578, 7953, 1038347753, 265, 1038347887, 17, 1038348041, 257, 1038349410, 273, 1038347501, 1, 1038349900, 18, 1038765739, 266, 1038721666, 258, 1038707596, 2, 1038707598, 274, 1038765727, 19, 1038305197, 3, 1038307092, 267, 1038305206, 275, 1038305641, 20, 1021114392, 4, 1021045836, 7938, 1038707606, 268, 1021109640, 7946, 1038721670, 21, 1022038920, 260, 1021044787, 7954, 1038765741, 276, 1021113496, 6, 1022050575, 7939, 1038307420, 269, 1022041598, 7947, 1038305130, 277, 1022038959, 7955, 1038305579, 23, 1020975698, 270, 1022133724, 7940, 1021045937, 7941, 1022098344, 279, 1020976792, 7948, 1021110629, 7956, 1021114377, 271, 1020925387, 22, 1022079664, 7, 1020998299, 5, 1022099202, 7958, 1022080455, 7942, 1022051414, 7943, 1020998169, 259, 1038307576, 261, 1022099088, 278, 1022079832, 262, 1022050640, 7957, 1022037930, 263, 1020999337, 7949, 1022040672, 7950, 1022134358, 7951, 1020924093, 7959, 1020975458]
[INFO] (lattice_cell.c: 455): on tick 10 of 50
[INFO] (lattice_cell.c: 172): the unmatched_packets is 56
[7944, 1037841756, 7936, 1037803270, 7952, 1037886938, 264, 1037841774, 16, 1037886950, 256, 1037803280, 272, 1037886958, 0, 1037803274, 17, 1038343737, 265, 1038340749, 257, 1038342463, 1, 1038343047, 273, 1038343223, 7937, 1038342733, 18, 1038777810, 7945, 1038340947, 7953, 1038343361, 2, 1038864144, 266, 1038824177, 258, 1038864142, 274, 1038777811, 19, 1038295941, 3, 1038296714, 267, 1038297074, 275, 1038296515, 259, 1038297296, 20, 1021155095, 4, 1021265091, 268, 1021215274, 21, 1021994300, 5, 1021881166, 7946, 1038824185, 7938, 1038864152, 276, 1021154129, 7954, 1038777812, 269, 1021938583, 7, 1021226089, 7939, 1038297020, 23, 1021084373, 7947, 1038296778, 270, 1021865701, 7955, 1038296245, 7940, 1021265127, 7941, 1021880299, 279, 1021085205, 271, 1021200523, 7956, 1021155300, 22, 1021983983, 6, 1021838021, 7942, 1021838881, 7949, 1021937854, 7950, 1021866642, 7959, 1021084332, 7943, 1021226034, 260, 1021264292, 277, 1021994163, 261, 1021881206, 278, 1021983940, 262, 1021837992, 7948, 1021216317, 263, 1021226900, 7957, 1021993605, 7958, 1021984846, 7951, 1021199701]
[INFO] (lattice_cell.c: 455): on tick 11 of 50
[INFO] (lattice_cell.c: 172): the unmatched_packets is 56
[7936, 1037927762, 16, 1037902280, 264, 1037910663, 256, 1037927760, 0, 1037927758, 272, 1037902264, 17, 1038349966, 1, 1038348134, 265, 1038347169, 257, 1038347671, 273, 1038349460, 7952, 1037902271, 7944, 1037910677, 18, 1038751086, 2, 1038726464, 7937, 1038347760, 266, 1038743469, 274, 1038751078, 19, 1038306543, 3, 1038305257, 267, 1038306377, 7953, 1038349652, 7945, 1038347278, 7938, 1038726462, 275, 1038307017, 268, 1020975262, 7939, 1038305627, 7, 1020934009, 276, 1021061313, 23, 1021122350, 7954, 1038751099, 7955, 1038306879, 270, 1021983808, 7941, 1022173133, 278, 1021926599, 7948, 1020976282, 4, 1020980624, 279, 1021123330, 5, 1022173740, 271, 1021071669, 7957, 1022081226, 6, 1022124200, 22, 1021926301, 7950, 1021984139, 20, 1021062191, 21, 1022081957, 7942, 1022124819, 7958, 1021926954, 7943, 1020933898, 7959, 1021122298, 258, 1038726454, 259, 1038305723, 7946, 1038743485, 260, 1020979638, 269, 1022177255, 7947, 1038306263, 7940, 1020980704, 277, 1022081735, 261, 1022173408, 7956, 1021062162, 262, 1022124531, 7949, 1022176889, 263, 1020934985, 7951, 1021070596]
[INFO] (lattice_cell.c: 455): on tick 12 of 50
[INFO] (lattice_cell.c: 172): the unmatched_packets is 56
[7944, 1037861193, 7936, 1037893960, 7952, 1037839575, 264, 1037861215, 272, 1037839602, 256, 1037893966, 16, 1037839591, 0, 1037893964, 265, 1038343212, 17, 1038343582, 7945, 1038343551, 257, 1038342433, 273, 1038343004, 7937, 1038342757, 7953, 1038343281, 1, 1038343047, 266, 1038804372, 18, 1038827054, 274, 1038827056, 258, 1038769803, 2, 1038769809, 19, 1038295831, 3, 1038296846, 267, 1038295468, 275, 1038296410, 259, 1038297450, 20, 1021254830, 7938, 1038769813, 268, 1021279482, 276, 1021253878, 7946, 1038804370, 7954, 1038827046, 6, 1021912357, 7939, 1038297126, 277, 1021893569, 270, 1022020092, 278, 1021993907, 7947, 1038295198, 262, 1021912213, 7940, 1021193559, 4, 1021193361, 279, 1021074362, 21, 1021893455, 271, 1021052266, 5, 1021954766, 7941, 1021953806, 7948, 1021280595, 22, 1021994059, 7956, 1021255072, 7942, 1021913332, 23, 1021073403, 7, 1021153354, 7943, 1021153145, 7958, 1021995013, 7959, 1021073195, 260, 1021192399, 269, 1021867110, 261, 1021954923, 7955, 1038296145, 263, 1021154302, 7951, 1021051057, 7949, 1021865952, 7957, 1021892501, 7950, 1022021184]
[INFO] (lattice_cell.c: 455): on tick 13 of 50
[INFO] (lattice_cell.c: 172): the unmatched_packets is 56
[7936, 1037858082, 7944, 1037889667, 7952, 1037913892, 264, 1037889665, 16, 1037913876, 256, 1037858084, 272, 1037913866, 0, 1037858082, 7937, 1038348955, 17, 1038348262, 265, 1038347709, 257, 1038348781, 273, 1038347784, 7945, 1038347845, 1, 1038349275, 7953, 1038347904, 18, 1038740113, 266, 1038764806, 2, 1038797130, 258, 1038797134, 274, 1038740093, 7938, 1038797136, 19, 1038305883, 3, 1038306171, 267, 1038305833, 275, 1038306387, 259, 1038306677, 7946, 1038764818, 20, 1020962905, 4, 1021149926, 268, 1021045852, 276, 1020962023, 7954, 1038740127, 21, 1022192258, 5, 1021995267, 7939, 1038306499, 269, 1022105667, 6, 1021946520, 277, 1022191804, 22, 1021978996, 7, 1021103235, 270, 1021974863, 278, 1021979412, 7940, 1021149849, 7955, 1038306208, 23, 1021072515, 271, 1021080474, 279, 1021073353, 7948, 1021046655, 7941, 1021994742, 7949, 1022105648, 7957, 1022191784, 7943, 1021103288, 260, 1021149104, 7958, 1021979512, 7942, 1021947049, 7951, 1021079692, 261, 1021994843, 262, 1021946926, 263, 1021104054, 7947, 1038305654, 7956, 1020962871, 7950, 1021974978, 7959, 1021072564]
[INFO] (lattice_cell.c: 455): on tick 14 of 50
[INFO] (lattice_cell.c: 172): the unmatched_packets is 56
[7936, 1037878127, 16, 1037879532, 264, 1037894387, 256, 1037878137, 0, 1037878131, 272, 1037879552, 7952, 1037879524, 7944, 1037894379, 17, 1038343926, 1, 1038342441, 265, 1038341161, 273, 1038343318, 7937, 1038342129, 266, 1038770040, 19, 1038296017, 3, 1038296585, 274, 1038784773, 258, 1038787997, 7953, 1038343662, 20, 1021236371, 267, 1038296974, 7945, 1038341463, 4, 1021098110, 275, 1038296598, 7938, 1038788003, 276, 1021235259, 23, 1021084375, 7954, 1038784777, 7939, 1038296871, 7940, 1021098486, 269, 1022031467, 7947, 1038296669, 7941, 1022053346, 18, 1038784779, 278, 1021982285, 7948, 1021123260, 7956, 1021236675, 270, 1021955151, 279, 1021085482, 7942, 1022011026, 271, 1021115098, 7943, 1021058668, 7957, 1021910721, 5, 1022054403, 22, 1021982480, 6, 1022009976, 7, 1021059048, 2, 1038788001, 7959, 1021084008, 21, 1021911804, 7946, 1038770044, 257, 1038341845, 7955, 1038296311, 259, 1038297166, 268, 1021121782, 260, 1021096986, 7949, 1022030224, 277, 1021912058, 7950, 1021956429, 7958, 1021983545, 261, 1022054592, 262, 1022009777, 7951, 1021113603, 263, 1021060179]
[INFO] (lattice_cell.c: 455): on tick 15 of 50
[INFO] (lattice_cell.c: 172): the unmatched_packets is 56
[7952, 1037871440, 7936, 1037893967, 7944, 1037872356, 264, 1037872358, 16, 1037871442, 256, 1037893977, 272, 1037871432, 0, 1037893975, 7937, 1038348975, 7945, 1038348906, 7953, 1038349597, 265, 1038348656, 17, 1038349913, 257, 1038348740, 273, 1038349393, 1, 1038349279, 18, 1038783382, 266, 1038782331, 2, 1038759965, 258, 1038759963, 274, 1038783376, 19, 1038305175, 3, 1038305781, 7954, 1038783392, 7946, 1038782345, 7938, 1038759971, 267, 1038305329, 20, 1021117824, 259, 1038306323, 275, 1038305699, 5, 1022039600, 268, 1021157127, 276, 1021117108, 7939, 1038306076, 7947, 1038305092, 277, 1022029090, 7955, 1038305481, 278, 1021971960, 270, 1021969461, 279, 1021080145, 7941, 1022039201, 7956, 1021117655, 4, 1021107629, 7942, 1021992747, 271, 1021084985, 22, 1021971465, 6, 1021992356, 23, 1021079424, 7949, 1021989799, 7, 1021060808, 7943, 1021060961, 21, 1022029604, 7959, 1021079600, 7951, 1021084434, 260, 1021106897, 269, 1021989731, 261, 1022039078, 7940, 1021107446, 262, 1021992857, 263, 1021061538, 7948, 1021157643, 7957, 1022029197, 7950, 1021969370, 7958, 1021971886]
[INFO] (lattice_cell.c: 455): on tick 16 of 50
[INFO] (lattice_cell.c: 172): the unmatched_packets is 56
[7944, 1037877104, 7952, 1037889266, 7936, 1037892696, 264, 1037877120, 16, 1037889270, 256, 1037892694, 272, 1037889274, 0, 1037892700, 17, 1038342589, 265, 1038341633, 257, 1038341877, 1, 1038342465, 273, 1038342023, 7937, 1038342183, 18, 1038775770, 2, 1038771404, 266, 1038788420, 258, 1038771402, 274, 1038775766, 7945, 1038341926, 19, 1038296665, 3, 1038297070, 267, 1038296434, 275, 1038297253, 7938, 1038771408, 276, 1021091465, 268, 1021130208, 5, 1022006867, 7946, 1038788440, 269, 1022024152, 7939, 1038297348, 277, 1022061934, 7954, 1038775784, 7940, 1021145154, 7947, 1038296146, 20, 1021092733, 279, 1021094071, 271, 1021072887, 4, 1021144660, 7941, 1022005755, 21, 1022061692, 7948, 1021131935, 6, 1021961781, 22, 1021973107, 7956, 1021093231, 7, 1021104674, 23, 1021092817, 7943, 1021104175, 7958, 1021974231, 7942, 1021962892, 7959, 1021092323, 259, 1038297651, 260, 1021143409, 261, 1022007081, 270, 1021997547, 278, 1021972852, 262, 1021961538, 7955, 1038296944, 263, 1021105941, 7949, 1022022805, 7957, 1022060613, 7950, 1021998904, 7951, 1021071129, 7953, 1038342293]
[INFO] (lattice_cell.c: 455): on tick 17 of 50
[INFO] (lattice_cell.c: 172): the unmatched_packets is 56
[7952, 1037883816, 7936, 1037871364, 7944, 1037884872, 264, 1037884878, 16, 1037883814, 256, 1037871370, 272, 1037883820, 0, 1037871368, 7937, 1038349236, 7945, 1038348774, 7953, 1038350048, 265, 1038348468, 17, 1038350326, 257, 1038348933, 273, 1038349755, 1, 1038349501, 18, 1038770284, 266, 1038769491, 258, 1038783511, 2, 1038783515, 274, 1038770272, 7946, 1038769503, 19, 1038304907, 3, 1038305529, 267, 1038305327, 275, 1038305474, 7938, 1038783525, 259, 1038306105, 7954, 1038770292, 20, 1021131499, 4, 1021141068, 268, 1021105532, 21, 1022014999, 7939, 1038305797, 269, 1022042228, 7955, 1038305193, 7947, 1038305030, 6, 1021956988, 277, 1022014467, 7940, 1021140817, 270, 1021984793, 278, 1021971033, 7956, 1021131227, 7941, 1022002948, 279, 1021081597, 271, 1021072239, 7957, 1022014651, 5, 1022003292, 7942, 1021957331, 22, 1021970479, 7, 1021095163, 23, 1021080949, 7958, 1021970807, 7950, 1021984580, 7943, 1021095403, 7959, 1021081198, 276, 1021130858, 260, 1021140454, 261, 1022002724, 262, 1021957526, 7948, 1021105913, 263, 1021095775, 7949, 1022042462, 7951, 1021071825]
[INFO] (lattice_cell.c: 455): on tick 18 of 50
[INFO] (lattice_cell.c: 172): the unmatched_packets is 56
[7936, 1037876622, 7944, 1037892752, 7952, 1037881092, 264, 1037892750, 16, 1037881088, 256, 1037876638, 272, 1037881086, 0, 1037876624, 7937, 1038341788, 7945, 1038341494, 7953, 1038342867, 265, 1038341207, 17, 1038343165, 257, 1038341502, 273, 1038342587, 1, 1038342087, 18, 1038783690, 7946, 1038771557, 266, 1038771537, 7938, 1038789097, 7954, 1038783704, 258, 1038789091, 274, 1038783680, 2, 1038789103, 19, 1038296391, 267, 1038297066, 3, 1038297221, 259, 1038297803, 275, 1038296965, 20, 1021149314, 4, 1021119199, 268, 1021124687, 260, 1021117834, 276, 1021147964, 7939, 1038297500, 7947, 1038296759, 21, 1022004897, 269, 1022030400, 277, 1022005146, 7955, 1038296670, 23, 1021081629, 7940, 1021119782, 278, 1021982599, 270, 1021969083, 7956, 1021149873, 5, 1022034220, 279, 1021082984, 7941, 1022033106, 271, 1021099767, 7949, 1022029040, 6, 1021987639, 7, 1021078696, 22, 1021982851, 7950, 1021970471, 7958, 1021983993, 7951, 1021097802, 7942, 1021988776, 7943, 1021078111, 261, 1022034452, 262, 1021987426, 263, 1021080061, 7948, 1021126630, 7957, 1022003770, 7959, 1021081057]
[INFO] (lattice_cell.c: 455): on tick 19 of 50
[INFO] (lattice_cell.c: 172): the unmatched_packets is 56
[7952, 1037877083, 7936, 1037883759, 7944, 1037878053, 264, 1037878065, 272, 1037877099, 256, 1037883771, 16, 1037877095, 0, 1037883767, 265, 1038349022, 273, 1038349894, 257, 1038349212, 7937, 1038349579, 7945, 1038349382, 7953, 1038350245, 17, 1038350500, 1, 1038349814, 266, 1038776371, 274, 1038777537, 258, 1038770537, 18, 1038777543, 2, 1038770553, 275, 1038305022, 267, 1038304813, 19, 1038304429, 259, 1038305909, 3, 1038305298, 7938, 1038770563, 7954, 1038777553, 20, 1021121950, 4, 1021109839, 7946, 1038776381, 276, 1021121390, 268, 1021140245, 5, 1022035181, 277, 1022023432, 7939, 1038305548, 22, 1021979199, 6, 1021990101, 269, 1022005461, 7955, 1038304698, 7947, 1038304468, 7940, 1021109550, 7, 1021064881, 278, 1021979742, 270, 1021964581, 7948, 1021140507, 7941, 1022034897, 279, 1021074517, 7956, 1021121644, 271, 1021091721, 7942, 1021990404, 21, 1022024005, 263, 1021065438, 7949, 1022005690, 7957, 1022023684, 23, 1021073942, 7958, 1021979511, 7943, 1021065152, 260, 1021109247, 261, 1022034609, 262, 1021990664, 7950, 1021964337, 7959, 1021074233, 7951, 1021091419]
[INFO] (lattice_cell.c: 455): on tick 20 of 50
[INFO] (lattice_cell.c: 172): the unmatched_packets is 56
[7944, 1037877859, 7936, 1037893316, 7952, 1037888360, 264, 1037877859, 16, 1037888354, 256, 1037893322, 272, 1037888350, 0, 1037893316, 7945, 1038341419, 7953, 1038342267, 7937, 1038341651, 265, 1038341130, 17, 1038342558, 257, 1038341352, 273, 1038342005, 1, 1038341929, 18, 1038776310, 266, 1038787470, 2, 1038770885, 258, 1038770881, 274, 1038776300, 19, 1038297115, 3, 1038297634, 267, 1038297086, 259, 1038298210, 275, 1038297695, 20, 1021115093, 268, 1021134448, 7938, 1038770895, 7946, 1038787496, 7954, 1038776324, 21, 1022041244, 276, 1021113665, 7939, 1038297909, 269, 1022021711, 22, 1021974952, 277, 1022041429, 7940, 1021130597, 7947, 1038296784, 23, 1021087725, 7955, 1038297381, 270, 1021982842, 278, 1021974736, 4, 1021129966, 7941, 1022023084, 279, 1021089143, 7942, 1021977836, 271, 1021084794, 7948, 1021136482, 5, 1022024173, 7956, 1021115698, 6, 1021976714, 7, 1021088175, 7949, 1022020432, 7957, 1022040152, 7950, 1021984171, 7943, 1021087533, 7959, 1021087124, 260, 1021128547, 261, 1022024366, 262, 1021976516, 263, 1021089608, 7958, 1021976100, 7951, 1021082738]
[INFO] (lattice_cell.c: 455): on tick 21 of 50
[INFO] (lattice_cell.c: 172): the unmatched_packets is 56
[7936, 1037880018, 7952, 1037882936, 7944, 1037878772, 264, 1037878790, 16, 1037882940, 256, 1037880022, 272, 1037882938, 0, 1037880022, 17, 1038351027, 265, 1038349124, 273, 1038350391, 257, 1038349365, 1, 1038350006, 2, 1038774314, 7937, 1038349782, 266, 1038775797, 274, 1038771163, 7953, 1038350804, 4, 1021136658, 7945, 1038349549, 267, 1038304434, 275, 1038303836, 7938, 1038774324, 7954, 1038771172, 7939, 1038305176, 276, 1021125032, 7, 1021092838, 260, 1021136082, 7947, 1038304032, 7955, 1038303458, 269, 1022030729, 7942, 1021962287, 261, 1022005442, 278, 1021969903, 7948, 1021115411, 7956, 1021125279, 270, 1021987878, 279, 1021088054, 19, 1038303217, 7943, 1021093104, 20, 1021125584, 7957, 1022018963, 271, 1021071703, 5, 1022005960, 21, 1022019285, 263, 1021093394, 6, 1021961976, 7951, 1021071407, 23, 1021087483, 18, 1038771166, 3, 1038304951, 7959, 1021087747, 22, 1021969377, 7946, 1038775803, 258, 1038774310, 259, 1038305589, 268, 1021115135, 7949, 1022030952, 7940, 1021136363, 7950, 1021987660, 7958, 1021969693, 7941, 1022005647, 277, 1022018768, 262, 1021962489]
[INFO] (lattice_cell.c: 455): on tick 22 of 50
[INFO] (lattice_cell.c: 172): the unmatched_packets is 56
[7944, 1037890817, 7952, 1037883068, 7936, 1037878185, 16, 1037883064, 0, 1037878193, 264, 1037890813, 256, 1037878193, 272, 1037883058, 7945, 1038341179, 7953, 1038342452, 7937, 1038341521, 17, 1038342742, 1, 1038341790, 265, 1038340903, 257, 1038341212, 273, 1038342193, 7946, 1038773583, 7954, 1038781690, 18, 1038781665, 2, 1038787140, 7938, 1038787146, 266, 1038773562, 258, 1038787134, 274, 1038781651, 19, 1038297561, 3, 1038298038, 267, 1038298390, 275, 1038298132, 20, 1021141215, 268, 1021121272, 5, 1022022031, 260, 1021130740, 276, 1021139791, 7939, 1038298302, 7947, 1038298078, 7955, 1038297833, 269, 1022036175, 277, 1022015664, 7940, 1021132796, 7, 1021089325, 270, 1021978356, 262, 1021973323, 7941, 1022020987, 279, 1021084997, 7957, 1022014512, 271, 1021085023, 21, 1022015545, 22, 1021975332, 6, 1021973443, 7950, 1021979549, 7943, 1021088709, 23, 1021083556, 4, 1021132184, 7942, 1021974496, 7959, 1021082936, 259, 1038298608, 7948, 1021123332, 7956, 1021141831, 261, 1022022150, 7949, 1022035042, 278, 1021975191, 7958, 1021976398, 263, 1021090781, 7951, 1021082961]
[INFO] (lattice_cell.c: 455): on tick 23 of 50
[INFO] (lattice_cell.c: 172): the unmatched_packets is 56
[7944, 1037882999, 7936, 1037876598, 7952, 1037874660, 264, 1037883013, 16, 1037874668, 256, 1037876604, 272, 1037874678, 0, 1037876606, 7945, 1038349759, 7953, 1038351005, 7937, 1038349163, 265, 1038349292, 17, 1038351218, 257, 1038348701, 273, 1038350560, 1, 1038349365, 7946, 1038771127, 7954, 1038779996, 7938, 1038778089, 266, 1038771112, 18, 1038779990, 274, 1038779994, 258, 1038778069, 2, 1038778077, 267, 1038303622, 259, 1038304497, 275, 1038305628, 19, 1038304986, 3, 1038303826, 268, 1021130297, 7939, 1038304029, 276, 1021124638, 7947, 1038303167, 5, 1022029698, 7955, 1038305223, 269, 1022014656, 22, 1021973074, 277, 1022018636, 7940, 1021116381, 7, 1021074140, 7948, 1021130645, 270, 1021968578, 7956, 1021124938, 262, 1021986897, 20, 1021125195, 271, 1021092799, 279, 1021077127, 4, 1021116634, 7949, 1022014761, 7942, 1021986794, 21, 1022019094, 263, 1021074735, 6, 1021986436, 23, 1021076528, 7943, 1021074364, 7951, 1021092429, 7959, 1021076729, 260, 1021116026, 261, 1022029212, 7957, 1022018697, 278, 1021973557, 7941, 1022029340, 7950, 1021968497, 7958, 1021973435]
[INFO] (lattice_cell.c: 455): on tick 24 of 50
[INFO] (lattice_cell.c: 172): the unmatched_packets is 56
[7944, 1037882819, 7936, 1037889860, 7952, 1037890962, 264, 1037882831, 256, 1037889860, 16, 1037890959, 272, 1037890955, 7945, 1038342001, 0, 1037889864, 7953, 1038342351, 7937, 1038341891, 265, 1038341702, 17, 1038342626, 257, 1038341566, 273, 1038342074, 1, 1038342149, 7946, 1038782090, 7938, 1038774590, 7954, 1038773529, 266, 1038782056, 274, 1038773496, 258, 1038774578, 18, 1038773513, 2, 1038774586, 267, 1038296285, 19, 1038297983, 259, 1038299425, 275, 1038298587, 3, 1038298850, 20, 1021125587, 4, 1021120755, 268, 1021137708, 276, 1021124160, 5, 1022033058, 7947, 1038295946, 7939, 1038299106, 7955, 1038298205, 269, 1022016436, 277, 1022032193, 6, 1021983910, 7940, 1021121309, 270, 1021978360, 7948, 1021139706, 278, 1021992323, 7956, 1021126146, 7941, 1022032130, 271, 1021091978, 279, 1021066998, 21, 1022032209, 7942, 1021984859, 263, 1021077992, 22, 1021992425, 7, 1021076561, 23, 1021065650, 7943, 1021075990, 7951, 1021090020, 260, 1021119338, 7949, 1022015479, 261, 1022033052, 7957, 1022031257, 7958, 1021993453, 7950, 1021979395, 262, 1021983898, 7959, 1021065174]
[INFO] (lattice_cell.c: 455): on tick 25 of 50
[INFO] (lattice_cell.c: 172): the unmatched_packets is 56
[7944, 1037871077, 7952, 1037871135, 7936, 1037882833, 7945, 1038349399, 264, 1037871090, 7953, 1038350269, 7937, 1038351514, 272, 1037871130, 256, 1037882841, 16, 1037871135, 0, 1037882839, 265, 1038348906, 17, 1038350478, 257, 1038351042, 273, 1038349796, 1, 1038351718, 7938, 1038771259, 7946, 1038783797, 7954, 1038783383, 266, 1038783785, 18, 1038783374, 258, 1038771257, 274, 1038783364, 2, 1038771253, 19, 1038301902, 267, 1038303231, 3, 1038305795, 259, 1038306487, 275, 1038302512, 7947, 1038302807, 7955, 1038302165, 20, 1021113326, 4, 1021126253, 268, 1021121734, 7939, 1038305998, 276, 1021112688, 260, 1021125574, 21, 1022034170, 5, 1022009854, 269, 1022025002, 277, 1022033822, 6, 1021967143, 22, 1021937997, 7948, 1021122257, 270, 1021972612, 7940, 1021126133, 278, 1021938500, 262, 1021967521, 7956, 1021113155, 7941, 1022009441, 271, 1021090857, 279, 1021124176, 7949, 1022024934, 23, 1021123410, 7957, 1022033709, 7, 1021084994, 7950, 1021972554, 7943, 1021085080, 7958, 1021938356, 261, 1022009452, 7951, 1021090164, 7942, 1021967573, 263, 1021085672, 7959, 1021123407]
[INFO] (lattice_cell.c: 455): on tick 26 of 50
[INFO] (lattice_cell.c: 172): the unmatched_packets is 56
[7944, 1037896909, 7952, 1037909739, 7936, 1037889860, 7945, 1038339819, 7953, 1038343202, 264, 1037896926, 272, 1037909753, 7937, 1038341928, 256, 1037889870, 16, 1037909749, 0, 1037889864, 7946, 1038767332, 7954, 1038754003, 265, 1038339471, 273, 1038342897, 257, 1038341516, 7938, 1038774728, 17, 1038343466, 1, 1038342128, 266, 1038767314, 18, 1038753985, 274, 1038753971, 258, 1038774706, 2, 1038774714, 7939, 1038299382, 19, 1038299743, 7947, 1038299053, 7955, 1038299913, 267, 1038299524, 275, 1038300395, 3, 1038299178, 20, 1021149680, 268, 1021130296, 21, 1022006140, 260, 1021129129, 276, 1021148340, 7940, 1021130823, 22, 1022042816, 269, 1022033968, 261, 1022022583, 277, 1022006041, 7948, 1021132078, 7956, 1021150165, 7941, 1022021740, 279, 1021008166, 7949, 1022033242, 7942, 1021974095, 271, 1021047374, 5, 1022022646, 6, 1021973202, 7958, 1022043813, 7, 1021085024, 23, 1021006979, 7943, 1021084611, 4, 1021130410, 7951, 1021045797, 7959, 1021006664, 259, 1038299786, 278, 1022042743, 270, 1022011266, 262, 1021973247, 263, 1021086310, 7957, 1022005319, 7950, 1022012260]
[INFO] (lattice_cell.c: 455): on tick 27 of 50
[INFO] (lattice_cell.c: 172): the unmatched_packets is 56
[7936, 1037857913, 7944, 1037861065, 7952, 1037842812, 7945, 1038349170, 7953, 1038352355, 7937, 1038348508, 264, 1037861067, 272, 1037842796, 256, 1037857917, 16, 1037842802, 0, 1037857925, 265, 1038348726, 17, 1038352561, 273, 1038351901, 7938, 1038797413, 7946, 1038793776, 257, 1038348110, 7954, 1038812720, 1, 1038348750, 18, 1038812704, 266, 1038793763, 258, 1038797403, 274, 1038812688, 2, 1038797403, 19, 1038301949, 267, 1038301230, 7939, 1038302830, 259, 1038303225, 3, 1038302579, 275, 1038302573, 20, 1021111384, 7947, 1038300864, 7955, 1038302213, 268, 1021116133, 4, 1021144339, 260, 1021143430, 276, 1021110649, 21, 1022026558, 5, 1022003269, 269, 1022030753, 277, 1022026323, 6, 1021960571, 270, 1021917507, 7940, 1021144450, 22, 1021853831, 278, 1021854252, 7948, 1021117002, 262, 1021960963, 7956, 1021111371, 271, 1021153498, 7941, 1022002849, 279, 1021206828, 23, 1021205920, 7942, 1021960999, 7, 1021104316, 7943, 1021104174, 7950, 1021917478, 7958, 1021854269, 261, 1022002849, 263, 1021105217, 7949, 1022030602, 7957, 1022026005, 7959, 1021205765, 7951, 1021152373]
[INFO] (lattice_cell.c: 455): on tick 28 of 50
[INFO] (lattice_cell.c: 172): the unmatched_packets is 56
[7936, 1037919682, 7944, 1037925014, 7952, 1037916112, 7937, 1038344006, 7945, 1038343186, 7953, 1038343482, 264, 1037925034, 272, 1037916146, 256, 1037919692, 16, 1037916128, 0, 1037919680, 265, 1038342688, 17, 1038343682, 257, 1038343463, 273, 1038343058, 1, 1038344151, 7938, 1038743882, 18, 1038747836, 266, 1038738309, 258, 1038743868, 2, 1038743872, 274, 1038747842, 7954, 1038747832, 7946, 1038738315, 19, 1038297595, 267, 1038299314, 3, 1038301355, 259, 1038302039, 275, 1038298231, 20, 1021133068, 4, 1021074295, 7939, 1038301502, 268, 1021130578, 260, 1021073223, 21, 1022023644, 7947, 1038298800, 276, 1021131881, 5, 1022072653, 7955, 1038297784, 269, 1022021700, 277, 1022023423, 261, 1022072560, 23, 1020936322, 7940, 1021074500, 278, 1022123473, 7948, 1021131969, 7956, 1021133370, 7941, 1022071816, 279, 1020937450, 7942, 1022024295, 271, 1020982849, 6, 1022023454, 7957, 1022022882, 22, 1022123350, 7, 1021027801, 7958, 1022124155, 7943, 1021027595, 7951, 1020981530, 7959, 1020936103, 270, 1022076196, 262, 1022023542, 7949, 1022021027, 263, 1021028897, 7950, 1022076974]
[INFO] (lattice_cell.c: 455): on tick 29 of 50
[INFO] (lattice_cell.c: 172): the unmatched_packets is 56
[7944, 1037828241, 7952, 1037862611, 7936, 1037825612, 7945, 1038347062, 7953, 1038349527, 16, 1037862597, 264, 1037828222, 7937, 1038348525, 256, 1037825618, 272, 1037862581, 0, 1037825614, 17, 1038349797, 265, 1038346718, 257, 1038348161, 273, 1038349165, 1, 1038348789, 7946, 1038827687, 18, 1038791778, 266, 1038827650, 258, 1038830268, 274, 1038791756, 2, 1038830274, 7938, 1038830284, 19, 1038304708, 3, 1038302569, 267, 1038303309, 275, 1038305381, 7954, 1038791826, 268, 1021167378, 276, 1021136872, 7947, 1038302884, 7939, 1038302833, 6, 1021897877, 277, 1022011659, 269, 1021985842, 7955, 1038304923, 7940, 1021205117, 7948, 1021168728, 270, 1021841680, 262, 1021898186, 20, 1021137856, 7956, 1021138079, 7941, 1021940752, 279, 1021179127, 7942, 1021898390, 4, 1021204809, 21, 1022011898, 271, 1021219257, 5, 1021941255, 22, 1021870319, 7957, 1022011330, 23, 1021178127, 7950, 1021841960, 7, 1021166008, 7943, 1021165678, 7958, 1021870912, 7951, 1021217939, 259, 1038303201, 260, 1021203731, 261, 1021940933, 278, 1021870561, 263, 1021167063, 7949, 1021985654, 7959, 1021177888]
[INFO] (lattice_cell.c: 455): on tick 30 of 50
[INFO] (lattice_cell.c: 172): the unmatched_packets is 56
[7944, 1037927171, 7936, 1037955212, 7952, 1037893094, 7945, 1038342923, 7953, 1038345088, 7937, 1038341895, 264, 1037927204, 272, 1037893118, 256, 1037955222, 16, 1037893102, 0, 1037955212, 265, 1038342341, 273, 1038344562, 257, 1038341358, 17, 1038345233, 1, 1038342033, 266, 1038736622, 274, 1038771355, 258, 1038707450, 7938, 1038707460, 18, 1038771358, 2, 1038707456, 7954, 1038771358, 7946, 1038736614, 267, 1038296466, 275, 1038297493, 259, 1038299902, 19, 1038296858, 3, 1038299218, 20, 1021078068, 268, 1021039418, 276, 1021077118, 260, 1021011837, 7939, 1038299355, 4, 1021012858, 7947, 1038296002, 7955, 1038297048, 261, 1022143786, 21, 1022071017, 269, 1022115547, 277, 1022070786, 7940, 1021012970, 23, 1021072828, 270, 1022092336, 262, 1022095812, 7948, 1021040455, 278, 1021989218, 7956, 1021078132, 7941, 1022143397, 5, 1022144047, 279, 1021073814, 271, 1020980155, 263, 1020966601, 7942, 1022096216, 22, 1021988941, 6, 1022095537, 7958, 1021989643, 7, 1020965583, 7950, 1022092686, 7943, 1020965462, 7951, 1020978935, 7949, 1022115060, 7957, 1022070279, 7959, 1021072701]
[INFO] (lattice_cell.c: 455): on tick 31 of 50
[INFO] (lattice_cell.c: 172): the unmatched_packets is 56
[7944, 1037851261, 7952, 1037869940, 7936, 1037830847, 7945, 1038349909, 7953, 1038350199, 7937, 1038351786, 264, 1037851259, 272, 1037869924, 256, 1037830858, 16, 1037869936, 0, 1037830854, 265, 1038349492, 17, 1038350465, 257, 1038351313, 273, 1038349853, 1, 1038351993, 18, 1038784759, 2, 1038824336, 266, 1038803408, 274, 1038784747, 7938, 1038824344, 267, 1038304162, 7946, 1038803433, 7954, 1038784792, 275, 1038303192, 268, 1021254221, 276, 1021212796, 21, 1021935132, 7939, 1038306092, 7947, 1038303675, 7955, 1038302783, 269, 1021889228, 278, 1022027868, 7956, 1021214429, 270, 1021949335, 19, 1038302540, 3, 1038305889, 279, 1021030023, 7949, 1021888749, 7957, 1021934518, 7943, 1021208911, 4, 1021248858, 271, 1021107847, 5, 1021882371, 7958, 1022028346, 6, 1021839572, 22, 1022027708, 7959, 1021028381, 7951, 1021106327, 23, 1021028807, 20, 1021213992, 7, 1021209298, 7948, 1021255805, 258, 1038824330, 259, 1038306570, 260, 1021247709, 7940, 1021249204, 277, 1021934942, 261, 1021882237, 7941, 1021881673, 7942, 1021840278, 262, 1021839683, 7950, 1021949917, 263, 1021210429]
[INFO] (lattice_cell.c: 455): on tick 32 of 50
[INFO] (lattice_cell.c: 172): the unmatched_packets is 56
[7944, 1037901331, 7952, 1037913182, 7936, 1037886200, 7945, 1038339076, 7953, 1038342910, 7937, 1038340271, 264, 1037901341, 272, 1037913183, 256, 1037886209, 16, 1037913171, 0, 1037886214, 265, 1038338593, 17, 1038343064, 257, 1038339785, 273, 1038342383, 1, 1038340441, 7938, 1038779367, 18, 1038750279, 266, 1038762938, 258, 1038779353, 274, 1038750259, 2, 1038779357, 7954, 1038750287, 19, 1038298605, 3, 1038297486, 7946, 1038762966, 267, 1038298378, 259, 1038298135, 275, 1038299296, 20, 1021018705, 4, 1021058060, 260, 1021057139, 276, 1021017844, 7939, 1038297652, 268, 1020992405, 22, 1021920319, 7947, 1038297839, 7955, 1038298747, 23, 1021134001, 269, 1022175930, 7941, 1022104059, 278, 1021920670, 270, 1021937665, 21, 1022139522, 7942, 1022054392, 279, 1021134855, 7949, 1022175846, 5, 1022104562, 271, 1021126538, 263, 1021014256, 6, 1022053891, 7, 1021013318, 7943, 1021013237, 7951, 1021125644, 7948, 1020993379, 7956, 1021018654, 7940, 1021058120, 7957, 1022138971, 277, 1022139151, 261, 1022104077, 7950, 1021937827, 7958, 1021920917, 262, 1022054361, 7959, 1021134051]
[INFO] (lattice_cell.c: 455): on tick 33 of 50
[INFO] (lattice_cell.c: 172): the unmatched_packets is 56
[7944, 1037878096, 7936, 1037905978, 7952, 1037838853, 7945, 1038351502, 7953, 1038353229, 7937, 1038350372, 264, 1037878113, 272, 1037838866, 256, 1037905983, 16, 1037838873, 0, 1037905991, 265, 1038350960, 273, 1038352786, 17, 1038353450, 257, 1038349860, 1, 1038350559, 18, 1038816674, 266, 1038776140, 258, 1038747232, 274, 1038816671, 2, 1038747238, 19, 1038303364, 3, 1038304693, 7938, 1038747244, 7946, 1038776151, 275, 1038304012, 267, 1038302561, 259, 1038305397, 7954, 1038816690, 7939, 1038304878, 268, 1021209987, 276, 1021248338, 5, 1022029649, 7947, 1038302126, 269, 1021927909, 277, 1021885309, 7940, 1021111741, 7955, 1038303601, 23, 1021077634, 270, 1022016854, 20, 1021249586, 279, 1021078930, 7942, 1021989512, 4, 1021111232, 21, 1021885299, 271, 1021047959, 7957, 1021884493, 7943, 1021068568, 22, 1021975672, 6, 1021988752, 7950, 1022017532, 7, 1021069077, 7958, 1021976459, 7951, 1021046047, 260, 1021109918, 261, 1022029607, 7948, 1021211706, 7956, 1021250068, 7941, 1022028894, 278, 1021975702, 262, 1021988772, 7949, 1021927088, 263, 1021070412, 7959, 1021077107]
[INFO] (lattice_cell.c: 455): on tick 34 of 50
[INFO] (lattice_cell.c: 172): the unmatched_packets is 56
[7952, 1037904304, 7936, 1037868651, 7944, 1037879966, 7945, 1038341415, 7937, 1038342470, 7953, 1038341528, 264, 1037879954, 272, 1037904277, 256, 1037868658, 16, 1037904289, 0, 1037868657, 265, 1038340927, 17, 1038341724, 257, 1038341918, 273, 1038341100, 1, 1038342609, 7938, 1038795849, 7946, 1038784815, 18, 1038760160, 266, 1038784789, 258, 1038795825, 274, 1038760138, 2, 1038795837, 7954, 1038760181, 19, 1038296744, 3, 1038299306, 267, 1038297029, 259, 1038299993, 275, 1038297426, 20, 1021023227, 4, 1021174749, 276, 1021022411, 268, 1021135933, 7939, 1038299448, 21, 1022143228, 7947, 1038296484, 269, 1022023949, 7940, 1021174656, 277, 1022142621, 7955, 1038296898, 270, 1021983725, 23, 1021052190, 278, 1022010017, 7941, 1021975917, 7948, 1021136689, 271, 1021082514, 279, 1021052983, 7942, 1021926475, 263, 1021131617, 7957, 1022142855, 22, 1022009490, 6, 1021926032, 7943, 1021130920, 7, 1021130846, 5, 1021976341, 7950, 1021983656, 7958, 1022009914, 260, 1021174002, 261, 1021975812, 262, 1021926535, 7956, 1021023197, 7949, 1022024161, 7951, 1021081818, 7959, 1021052260]
[INFO] (lattice_cell.c: 455): on tick 35 of 50
[INFO] (lattice_cell.c: 172): the unmatched_packets is 56
[7936, 1037871749, 7944, 1037883192, 7952, 1037896353, 7937, 1038350198, 7953, 1038351767, 7945, 1038348575, 264, 1037883197, 272, 1037896361, 256, 1037871765, 16, 1037896352, 0, 1037871755, 7938, 1038783415, 265, 1038348065, 273, 1038351227, 257, 1038349700, 17, 1038351926, 7954, 1038756833, 7946, 1038771139, 1, 1038350379, 266, 1038771114, 18, 1038756811, 258, 1038783407, 274, 1038756811, 2, 1038783403, 7939, 1038305153, 7947, 1038304240, 7955, 1038303856, 267, 1038304772, 275, 1038304340, 259, 1038305666, 19, 1038303665, 3, 1038304968, 20, 1021155225, 4, 1021102709, 268, 1021076664, 260, 1021101280, 276, 1021153871, 21, 1021987007, 5, 1022038403, 269, 1022072311, 277, 1021987137, 6, 1021995352, 7940, 1021103316, 261, 1022038456, 270, 1021944842, 7956, 1021155762, 7, 1021061208, 7941, 1022037558, 278, 1021964151, 7948, 1021078690, 271, 1021113955, 279, 1021090332, 22, 1021964197, 263, 1021062646, 7949, 1022071414, 7942, 1021996214, 7957, 1021986087, 7943, 1021060593, 23, 1021088924, 7958, 1021965101, 7951, 1021111950, 262, 1021995311, 7950, 1021945779, 7959, 1021088331]
[INFO] (lattice_cell.c: 455): on tick 36 of 50
[INFO] (lattice_cell.c: 172): the unmatched_packets is 56
[7944, 1037882442, 7952, 1037866413, 7936, 1037902359, 7945, 1038341533, 7953, 1038344114, 7937, 1038341435, 264, 1037882437, 272, 1037866395, 256, 1037902367, 16, 1037866408, 0, 1037902359, 7946, 1038782049, 7938, 1038761682, 7954, 1038798469, 265, 1038340999, 273, 1038343662, 257, 1038340902, 17, 1038344307, 1, 1038341582, 7939, 1038297977, 7947, 1038296510, 266, 1038782021, 274, 1038798430, 258, 1038761680, 18, 1038798443, 7955, 1038297500, 2, 1038761674, 267, 1038297028, 275, 1038298022, 19, 1038297348, 259, 1038298525, 3, 1038297831, 20, 1021175632, 268, 1021151813, 7940, 1021108275, 4, 1021108369, 7948, 1021152392, 276, 1021174928, 260, 1021107627, 21, 1021977558, 5, 1022048592, 269, 1022007126, 277, 1021976897, 261, 1022047914, 7956, 1021175507, 7941, 1022048312, 22, 1021951873, 6, 1021999866, 270, 1021987842, 262, 1022000527, 278, 1021952477, 23, 1021104296, 7, 1021064550, 7942, 1022000143, 7949, 1022007451, 271, 1021078992, 7957, 1021977249, 279, 1021104959, 7943, 1021064634, 7951, 1021078329, 263, 1021065320, 7959, 1021104430, 7950, 1021987513, 7958, 1021952217]
[INFO] (lattice_cell.c: 455): on tick 37 of 50
[INFO] (lattice_cell.c: 172): the unmatched_packets is 56
[7944, 1037879293, 7936, 1037879580, 7952, 1037875312, 7945, 1038350250, 7937, 1038350174, 7953, 1038351106, 264, 1037879319, 272, 1037875321, 256, 1037879596, 16, 1037875322, 0, 1037879588, 7938, 1038774264, 7946, 1038775079, 7954, 1038779821, 265, 1038349671, 273, 1038350608, 257, 1038349585, 17, 1038351293, 1, 1038350313, 266, 1038775063, 258, 1038774248, 274, 1038779799, 18, 1038779810, 2, 1038774254, 19, 1038303112, 3, 1038305372, 267, 1038303256, 275, 1038303797, 259, 1038306103, 7939, 1038305513, 20, 1021080665, 4, 1021149541, 268, 1021142259, 7947, 1038302718, 7955, 1038303291, 5, 1021990974, 276, 1021079212, 269, 1022002378, 6, 1021948089, 22, 1021981462, 7948, 1021144330, 7940, 1021150175, 7956, 1021081286, 261, 1021991109, 277, 1022065326, 270, 1022002623, 7949, 1022001282, 7942, 1021949034, 7957, 1022064259, 279, 1021075978, 271, 1021059782, 21, 1022065215, 7943, 1021105526, 7950, 1022003703, 7, 1021106144, 23, 1021074509, 7951, 1021057627, 260, 1021148088, 278, 1021981356, 7941, 1021990014, 262, 1021947932, 7958, 1021982420, 263, 1021107584, 7959, 1021073859]
[INFO] (lattice_cell.c: 455): on tick 38 of 50
[INFO] (lattice_cell.c: 172): the unmatched_packets is 56
[7952, 1037896765, 7936, 1037868828, 7944, 1037891400, 7953, 1038343251, 7937, 1038342600, 7945, 1038341417, 264, 1037891395, 272, 1037896742, 256, 1037868842, 16, 1037896748, 0, 1037868830, 7938, 1038796405, 7946, 1038772826, 7954, 1038767188, 265, 1038340926, 273, 1038342778, 257, 1038342081, 17, 1038343436, 1, 1038342766, 7939, 1038298671, 7955, 1038297268, 7947, 1038297324, 266, 1038772797, 274, 1038767137, 258, 1038796389, 18, 1038767173, 2, 1038796401, 267, 1038297876, 19, 1038297103, 259, 1038299197, 275, 1038297796, 3, 1038298499, 20, 1021119431, 268, 1021109903, 4, 1021134709, 7940, 1021134604, 260, 1021134021, 276, 1021118733, 7948, 1021110538, 21, 1022039046, 7956, 1021119283, 5, 1022016620, 269, 1022048754, 277, 1022038341, 22, 1021991159, 6, 1021967716, 7941, 1022016410, 270, 1021965654, 278, 1021991850, 7, 1021093118, 7949, 1022049321, 7957, 1022038853, 7942, 1021967933, 271, 1021098696, 263, 1021093798, 279, 1021068513, 23, 1021067818, 7950, 1021965208, 7943, 1021093201, 7958, 1021991387, 261, 1022015899, 262, 1021968428, 7951, 1021098102, 7959, 1021067943]
[INFO] (lattice_cell.c: 455): on tick 39 of 50
[INFO] (lattice_cell.c: 172): the unmatched_packets is 56
[7944, 1037879363, 7936, 1037882671, 7952, 1037880582, 7937, 1038348863, 7945, 1038348701, 7953, 1038351539, 264, 1037879375, 272, 1037880596, 256, 1037882677, 16, 1037880603, 0, 1037882669, 7938, 1038771958, 265, 1038348084, 273, 1038350934, 257, 1038348258, 17, 1038351670, 1, 1038348980, 7946, 1038774903, 7954, 1038773264, 266, 1038774888, 18, 1038773252, 258, 1038771936, 274, 1038773250, 2, 1038771946, 19, 1038305127, 267, 1038304089, 3, 1038304617, 259, 1038305340, 275, 1038305822, 20, 1021158371, 4, 1021100141, 268, 1021124493, 7947, 1038303489, 7939, 1038304736, 276, 1021156937, 7955, 1038305277, 21, 1021986080, 7940, 1021100778, 269, 1022024478, 277, 1021986281, 261, 1022047082, 23, 1021077749, 270, 1021954415, 7956, 1021158958, 278, 1021968390, 7941, 1022046003, 7942, 1022003555, 5, 1022046964, 279, 1021079235, 271, 1021105695, 7949, 1022023317, 7943, 1021055402, 263, 1021057581, 6, 1022002566, 22, 1021968559, 7, 1021056070, 7958, 1021969585, 260, 1021098609, 262, 1022002444, 7948, 1021126575, 7957, 1021985047, 7950, 1021955568, 7951, 1021103543, 7959, 1021077114]
[INFO] (lattice_cell.c: 455): on tick 40 of 50
[INFO] (lattice_cell.c: 172): the unmatched_packets is 56
[7944, 1037876901, 7952, 1037878891, 7936, 1037899944, 7945, 1038343043, 7953, 1038344154, 7937, 1038342961, 16, 1037878883, 0, 1037899950, 264, 1037876895, 256, 1037899960, 272, 1037878874, 7938, 1038763680, 17, 1038344368, 7946, 1038787935, 7954, 1038785852, 1, 1038343118, 265, 1038342534, 257, 1038342422, 273, 1038343737, 18, 1038785820, 2, 1038763666, 266, 1038787889, 258, 1038763668, 274, 1038785791, 19, 1038297424, 3, 1038298322, 267, 1038295168, 275, 1038298117, 259, 1038299021, 20, 1021124515, 4, 1021123029, 7939, 1038298479, 268, 1021145238, 7947, 1038294651, 276, 1021123805, 7940, 1021122951, 7955, 1038297606, 269, 1022008340, 277, 1022028334, 7956, 1021124435, 270, 1021993051, 278, 1021962314, 7941, 1022027473, 21, 1022029084, 5, 1022027617, 7942, 1021981031, 279, 1021095777, 271, 1021080575, 22, 1021961606, 7943, 1021081475, 6, 1021980865, 7, 1021081432, 7950, 1021992485, 23, 1021095074, 7958, 1021961792, 7951, 1021079905, 7959, 1021095160, 260, 1021122300, 261, 1022026864, 7948, 1021145870, 262, 1021981610, 7949, 1022008895, 7957, 1022028927, 263, 1021082166]
[INFO] (lattice_cell.c: 455): on tick 41 of 50
[INFO] (lattice_cell.c: 172): the unmatched_packets is 56
[7944, 1037880200, 7952, 1037881559, 7936, 1037877899, 7945, 1038348633, 7953, 1038349956, 7937, 1038350792, 264, 1037880226, 272, 1037881557, 256, 1037877899, 16, 1037881565, 0, 1037877899, 7946, 1038774258, 7938, 1038776178, 7954, 1038772996, 265, 1038347998, 273, 1038349357, 257, 1038350140, 17, 1038350089, 1, 1038350896, 266, 1038774253, 274, 1038772975, 258, 1038776170, 18, 1038772991, 2, 1038776174, 19, 1038302745, 3, 1038307047, 275, 1038303462, 267, 1038303461, 20, 1021106009, 7939, 1038307135, 7947, 1038302828, 7955, 1038302863, 276, 1021104565, 5, 1021992250, 268, 1021122775, 7940, 1021146166, 6, 1021946807, 269, 1022028225, 277, 1022044811, 261, 1021992369, 7948, 1021124828, 278, 1021973565, 270, 1021998023, 7942, 1021947812, 7943, 1021099876, 279, 1021084526, 7949, 1022027113, 4, 1021145586, 7957, 1022043626, 271, 1021064599, 21, 1022044640, 7950, 1021999175, 22, 1021973685, 7958, 1021974722, 23, 1021083077, 7, 1021100493, 7956, 1021106552, 259, 1038307796, 260, 1021144139, 7941, 1021991243, 262, 1021946648, 7951, 1021062507, 7959, 1021082461, 263, 1021101947]
[INFO] (lattice_cell.c: 455): on tick 42 of 50
[INFO] (lattice_cell.c: 172): the unmatched_packets is 56
[7944, 1037893392, 7936, 1037871151, 7952, 1037887113, 7945, 1038340872, 7937, 1038343623, 7953, 1038344884, 264, 1037893394, 272, 1037887111, 256, 1037871168, 16, 1037887117, 0, 1037871158, 7938, 1038794116, 265, 1038340358, 17, 1038345079, 273, 1038344403, 257, 1038343100, 1, 1038343795, 7946, 1038770544, 7954, 1038777040, 18, 1038777018, 266, 1038770516, 258, 1038794104, 274, 1038776999, 2, 1038794110, 19, 1038298763, 267, 1038298204, 259, 1038299220, 3, 1038298517, 4, 1021129152, 275, 1038299463, 7939, 1038298679, 7947, 1038297647, 7955, 1038298935, 268, 1021116750, 260, 1021128361, 276, 1021134996, 7940, 1021129147, 22, 1021977362, 7, 1021088917, 7948, 1021117571, 269, 1022044441, 7949, 1022045027, 7942, 1021972130, 270, 1021970285, 20, 1021135756, 279, 1021074559, 7943, 1021088900, 7950, 1021969780, 21, 1022016544, 271, 1021093037, 263, 1021089709, 5, 1022018029, 6, 1021971961, 7959, 1021073844, 23, 1021073806, 7941, 1022017878, 277, 1022015838, 261, 1022017293, 278, 1021978002, 262, 1021972697, 7956, 1021135724, 7957, 1022016380, 7958, 1021977549, 7951, 1021092268]
[INFO] (lattice_cell.c: 455): on tick 43 of 50
[INFO] (lattice_cell.c: 172): the unmatched_packets is 56
[7944, 1037882147, 7952, 1037881045, 7936, 1037880259, 7945, 1038347852, 7953, 1038352173, 7937, 1038347597, 264, 1037882151, 272, 1037881026, 256, 1037880269, 7946, 1038771959, 16, 1037881036, 7954, 1038773167, 0, 1037880270, 7938, 1038774369, 265, 1038347181, 273, 1038351549, 257, 1038346929, 17, 1038352283, 1, 1038347680, 7947, 1038301497, 7955, 1038302818, 266, 1038771927, 274, 1038773120, 258, 1038774353, 18, 1038773142, 2, 1038774355, 7939, 1038304388, 19, 1038302690, 267, 1038302133, 259, 1038305055, 275, 1038303388, 3, 1038304300, 20, 1021142210, 268, 1021135015, 4, 1021106953, 276, 1021140858, 260, 1021105522, 7948, 1021136889, 7940, 1021107496, 7956, 1021142676, 21, 1022000223, 5, 1022045404, 269, 1022018012, 277, 1022000330, 22, 1021987772, 6, 1021998050, 7941, 1022044468, 270, 1021962881, 278, 1021987737, 7949, 1022016936, 262, 1021998004, 7957, 1021999203, 271, 1021104283, 7942, 1021998997, 23, 1021068229, 279, 1021069697, 7, 1021061795, 7950, 1021963872, 7951, 1021102241, 7959, 1021067621, 7943, 1021061240, 261, 1022045438, 263, 1021063239, 7958, 1021988714]
[INFO] (lattice_cell.c: 455): on tick 44 of 50
[INFO] (lattice_cell.c: 172): the unmatched_packets is 56
[7944, 1037874478, 7936, 1037895532, 7952, 1037876095, 7945, 1038344282, 7953, 1038345126, 7937, 1038345734, 264, 1037874491, 256, 1037895550, 272, 1037876114, 16, 1037876107, 0, 1037895543, 7938, 1038768170, 7946, 1038790423, 7954, 1038788620, 265, 1038343721, 257, 1038345131, 273, 1038344649, 17, 1038345320, 1, 1038345873, 2, 1038768154, 266, 1038790396, 274, 1038788598, 7947, 1038297064, 18, 1038788606, 7955, 1038296441, 7939, 1038300310, 267, 1038297662, 275, 1038297020, 276, 1021110983, 268, 1021138697, 7940, 1021116838, 7948, 1021139658, 7956, 1021111968, 23, 1021112072, 269, 1022009559, 7941, 1022022785, 7957, 1022038004, 7942, 1021979555, 270, 1021973146, 279, 1021112838, 19, 1038296298, 3, 1038300172, 271, 1021090540, 7958, 1021949854, 20, 1021111866, 7943, 1021075904, 263, 1021076834, 21, 1022038169, 5, 1022023017, 6, 1021979344, 7, 1021075965, 4, 1021116776, 22, 1021949542, 258, 1038768146, 259, 1038300918, 260, 1021115935, 277, 1022037486, 261, 1022022377, 7949, 1022009997, 278, 1021950068, 262, 1021979966, 7950, 1021972831, 7951, 1021089699, 7959, 1021112086]
[INFO] (lattice_cell.c: 455): on tick 45 of 50
[INFO] (lattice_cell.c: 172): the unmatched_packets is 56
[7936, 1037886667, 7952, 1037897734, 7944, 1037883957, 7937, 1038347507, 7953, 1038349030, 7945, 1038345994, 264, 1037883956, 272, 1037897682, 256, 1037886680, 7938, 1038767133, 7954, 1038756143, 7946, 1038770492, 16, 1037897708, 0, 1037886671, 265, 1038345369, 273, 1038348433, 257, 1038346896, 17, 1038349148, 1, 1038347610, 266, 1038770445, 274, 1038756067, 258, 1038767117, 18, 1038756103, 2, 1038767125, 267, 1038304584, 275, 1038308095, 259, 1038305332, 19, 1038307379, 3, 1038304606, 20, 1021125817, 7955, 1038307490, 7939, 1038304712, 7947, 1038303987, 268, 1021130366, 276, 1021124517, 4, 1021140428, 5, 1022010803, 7940, 1021140935, 7956, 1021126199, 269, 1022031271, 6, 1021962075, 7948, 1021132189, 277, 1022029571, 7941, 1022009983, 270, 1022009181, 7949, 1022030497, 262, 1021962182, 7957, 1022028665, 279, 1021032645, 271, 1021048924, 21, 1022029564, 263, 1021096441, 22, 1022006511, 23, 1021031268, 7, 1021095043, 7959, 1021030728, 7943, 1021094530, 260, 1021139039, 261, 1022010693, 278, 1022006642, 7942, 1021962912, 7950, 1022009880, 7958, 1022007375, 7951, 1021046952]
[INFO] (lattice_cell.c: 455): on tick 46 of 50
[INFO] (lattice_cell.c: 172): the unmatched_packets is 56
[7944, 1037876858, 7952, 1037862295, 7936, 1037864707, 7945, 1038344068, 7953, 1038347277, 7937, 1038343281, 7946, 1038787572, 7954, 1038802561, 7938, 1038800617, 264, 1037876892, 272, 1037862323, 256, 1037864728, 16, 1037862307, 0, 1037864716, 265, 1038343423, 273, 1038346708, 257, 1038342609, 17, 1038347430, 1, 1038343385, 266, 1038787574, 274, 1038802551, 258, 1038800595, 18, 1038802549, 2, 1038800611, 7947, 1038292815, 7955, 1038293325, 7939, 1038297508, 267, 1038293466, 19, 1038293169, 3, 1038297401, 275, 1038293900, 4, 1021147094, 268, 1021109094, 276, 1021118795, 6, 1021958360, 7948, 1021110156, 7940, 1021147209, 277, 1022021652, 7956, 1021119863, 269, 1022039680, 7941, 1022000787, 7949, 1022039843, 261, 1022000672, 270, 1021950242, 7957, 1022021829, 20, 1021119711, 279, 1021170941, 7943, 1021106694, 271, 1021132061, 5, 1022001143, 7950, 1021950172, 21, 1022022140, 7958, 1021902957, 22, 1021902580, 7, 1021106826, 23, 1021170064, 259, 1038298179, 260, 1021146183, 278, 1021903038, 7942, 1021958724, 262, 1021958814, 263, 1021107730, 7959, 1021169939, 7951, 1021131006]
[INFO] (lattice_cell.c: 455): on tick 47 of 50
[INFO] (lattice_cell.c: 172): the unmatched_packets is 56
[7944, 1037910344, 7952, 1037908841, 7936, 1037897802, 7945, 1038348547, 7953, 1038349388, 7937, 1038351820, 7946, 1038742860, 7954, 1038744803, 7938, 1038756267, 16, 1037908825, 0, 1037897812, 264, 1037910334, 256, 1037897819, 272, 1037908799, 17, 1038349527, 1, 1038351920, 7947, 1038307040, 7939, 1038309224, 7955, 1038306271, 265, 1038347981, 257, 1038351203, 273, 1038348839, 18, 1038744751, 2, 1038756259, 266, 1038742807, 258, 1038756253, 274, 1038744731, 19, 1038306150, 3, 1038309121, 267, 1038307689, 259, 1038309843, 275, 1038306859, 20, 1021152845, 4, 1021079468, 7940, 1021079897, 7948, 1021130673, 7956, 1021153214, 21, 1022002325, 5, 1022056255, 268, 1021128952, 260, 1021078166, 276, 1021151595, 7949, 1022021911, 7941, 1022055594, 269, 1022022335, 261, 1022055977, 23, 1020953705, 7957, 1022001598, 7942, 1022007104, 270, 1022025783, 279, 1020955022, 7943, 1021033717, 22, 1022088825, 6, 1022006409, 271, 1021019689, 7951, 1021017975, 7, 1021034156, 277, 1022002121, 7950, 1022026267, 278, 1022089076, 7958, 1022089523, 262, 1022006682, 263, 1021035476, 7959, 1020953303]
[INFO] (lattice_cell.c: 455): on tick 48 of 50
[INFO] (lattice_cell.c: 172): the unmatched_packets is 56
[7944, 1037842163, 7952, 1037852936, 7936, 1037853117, 7945, 1038339735, 7937, 1038340388, 7953, 1038344472, 7946, 1038823490, 7954, 1038812169, 7938, 1038812034, 264, 1037842174, 272, 1037852948, 256, 1037853128, 16, 1037852940, 0, 1037853124, 265, 1038339062, 273, 1038343854, 257, 1038339713, 17, 1038344606, 1, 1038340491, 7939, 1038294504, 266, 1038823479, 258, 1038812014, 274, 1038812146, 18, 1038812147, 2, 1038812032, 19, 1038296332, 267, 1038294185, 275, 1038297101, 7947, 1038293537, 7955, 1038296450, 268, 1021161791, 276, 1021121683, 21, 1022029030, 7940, 1021175515, 269, 1022003189, 7948, 1021163058, 277, 1022028723, 23, 1021208976, 7941, 1021984411, 7956, 1021122876, 270, 1021875903, 278, 1021851624, 7942, 1021942853, 7957, 1022028538, 279, 1021209910, 20, 1021122659, 7943, 1021135033, 4, 1021175237, 271, 1021200919, 7950, 1021876054, 3, 1038294406, 5, 1021984840, 6, 1021942409, 22, 1021851352, 7951, 1021199596, 7, 1021135335, 7959, 1021208772, 259, 1038295181, 260, 1021174181, 261, 1021984455, 7949, 1022003040, 262, 1021942767, 7958, 1021851920, 263, 1021136400]
[INFO] (lattice_cell.c: 455): on tick 49 of 50
[INFO] (lattice_cell.c: 172): the unmatched_packets is 56
[7936, 1037940185, 7952, 1037903379, 7944, 1037921171, 7937, 1038351018, 7953, 1038353393, 7945, 1038351601, 7938, 1038712113, 7954, 1038750628, 7946, 1038732371, 264, 1037921183, 272, 1037903361, 256, 1037940199, 16, 1037903385, 0, 1037940200, 7955, 1038304471, 7947, 1038303888, 7939, 1038308414, 265, 1038350964, 273, 1038352843, 257, 1038350352, 17, 1038353534, 1, 1038351090, 266, 1038732349, 274, 1038750571, 258, 1038712099, 18, 1038750589, 2, 1038712113, 7940, 1021043749, 7956, 1021085312, 267, 1038304497, 275, 1038304988, 4, 1021043503, 20, 1021085028, 7941, 1022095818, 268, 1021077054, 21, 1022054002, 5, 1022096360, 276, 1021083866, 6, 1022047903, 7957, 1022053439, 7, 1020996410, 269, 1022063872, 277, 1022053627, 261, 1022095979, 7950, 1022102645, 7958, 1022056522, 270, 1022102524, 7943, 1020996123, 19, 1038304320, 279, 1020996120, 7959, 1020994487, 3, 1038308341, 7951, 1020955461, 271, 1020957025, 22, 1022056044, 7949, 1022063699, 23, 1020994851, 7948, 1021078516, 259, 1038309082, 260, 1021042309, 7942, 1022048465, 278, 1022056496, 262, 1022048277, 263, 1020997597]
[INFO] (lattice_cell.c: 455): on tick 50 of 50
[INFO] (lattice_cell.c: 466): updating recording regions
[INFO] (recording.c: 507): 	Finalising channel 0 - state info stored in SDRAM
[INFO] (recording.c: 512): closed channel 0.
[INFO] (lattice_cell.c: 470): Simulation complete.

