[INFO] (lattice_cell.c: 604): starting lattice cell
[INFO] (lattice_cell.c: 526): Initialise: started
[INFO] (data_specification.c: 78): magic = ad130ad6, version = 1.0
[INFO] (lattice_cell.c: 555): my key is 7192
[INFO] (lattice_cell.c: 562): I'm in position ( 28, 3)
[INFO] (lattice_cell.c: 568): my n key is 6936
[INFO] (lattice_cell.c: 574): my U_X = -0.009998303838074207
[INFO] (lattice_cell.c: 575): my U_Y = 0.00035355339059606194
[INFO] (lattice_cell.c: 583): input_buffer initialised
[INFO] (recording.c: 563): Recording 1 regions, using output tag 0, size before trigger 7686388, time between triggers 50
[INFO] (recording.c: 665): Recording channel 0 configured to use 7686132 byte memory block starting at 0x64b90f74
[INFO] (lattice_cell.c: 588): Recording flags = 0x00000001
[INFO] (lattice_cell.c: 619): setting timer to execute every 200000 microseconds
[INFO] (lattice_cell.c: 627): Starting

[INFO] (simulation.c: 159): Setting the runtime of this model to 50 starting at 0
[INFO] (simulation.c: 161): Setting the flag of infinite run for this model to 0
[INFO] (simulation.c: 175): Resuming
[INFO] (lattice_cell.c: 455): on tick 0 of 50
[7200, 1037885274, 7448, 1037884871, 7440, 1037884809, 7456, 1037885270, 6944, 1037885276, 7184, 1037884811, 6928, 1037884817, 6936, 1037884879, 7201, 1038334626, 7449, 1038337402, 7441, 1038337402, 7457, 1038337410, 7185, 1038334616, 7202, 1038779070, 7450, 1038779503, 7442, 1038779571, 7458, 1038779066, 7203, 1038302990, 7451, 1038300204, 7443, 1038300202, 7204, 1021122947, 6945, 1038331230, 7205, 1022018637, 7460, 1021125563, 7453, 1022022027, 7206, 1021985107, 7463, 1021090592, 7207, 1021093205, 7447, 1021090131, 7186, 1038779573, 7187, 1038302980, 6939, 1038306370, 6940, 1021119356, 7190, 1021985608, 7189, 1022019140, 7459, 1038300210, 7191, 1021092742, 7452, 1021125162, 7444, 1021125100, 7445, 1022022093, 6942, 1021989134, 7461, 1022021588, 6950, 1021988695, 7454, 1021982596, 6935, 1021095929, 6951, 1021096388, 6930, 1038779579, 7188, 1021122482, 6932, 1021119294, 7446, 1021982664, 7462, 1021982161, 7455, 1021090191, 6949, 1022015040, 6941, 1022015480, 6947, 1038306374, 6931, 1038306368, 6934, 1021989200, 6946, 1038779072, 6943, 1021095990, 6938, 1038779511, 6929, 1038331224, 6937, 1038331226, 6948, 1021119755, 6933, 1022015547]
[INFO] (lattice_cell.c: 455): on tick 1 of 50
[INFO] (lattice_cell.c: 172): the unmatched_packets is 56
[7456, 1037881087, 7200, 1037881087, 7448, 1037880039, 7440, 1037879881, 6928, 1037879879, 7184, 1037879883, 6944, 1037881085, 6936, 1037880039, 7457, 1038345696, 7201, 1038342970, 7449, 1038345690, 7441, 1038345688, 7185, 1038342968, 7202, 1038773354, 7458, 1038773358, 7450, 1038774443, 7442, 1038774613, 7203, 1038311432, 7459, 1038308714, 7451, 1038308761, 7443, 1038308769, 7460, 1021125352, 7444, 1021123751, 7204, 1021123195, 7462, 1021982689, 7205, 1022008485, 7206, 1021986157, 7447, 1021081538, 7207, 1021082348, 7189, 1022010168, 6929, 1038339638, 6937, 1038339640, 7187, 1038311491, 6939, 1038314802, 6932, 1021118723, 6949, 1022004522, 6942, 1021988820, 6943, 1021086382, 6935, 1021086565, 6950, 1021990126, 6951, 1021085224, 7452, 1021123965, 7461, 1022011965, 7453, 1022013423, 7445, 1022013652, 7454, 1021981389, 7188, 1021121604, 7446, 1021981190, 7455, 1021081354, 7463, 1021080200, 6938, 1038774441, 7190, 1021984662, 7191, 1021083691, 6931, 1038314812, 7186, 1038774609, 6948, 1021120319, 6940, 1021118936, 6941, 1022005978, 6934, 1021988630, 6930, 1038774611, 6933, 1022006201, 6947, 1038314754, 6945, 1038339642, 6946, 1038773354]
[INFO] (lattice_cell.c: 455): on tick 2 of 50
[INFO] (lattice_cell.c: 172): the unmatched_packets is 56
[7456, 1037882692, 7200, 1037882696, 7448, 1037884835, 7440, 1037885171, 6928, 1037885177, 6944, 1037882696, 6936, 1037884835, 7184, 1037885173, 7457, 1038338104, 7201, 1038335280, 7449, 1038338100, 7441, 1038338094, 7185, 1038335272, 7202, 1038782605, 7458, 1038782601, 7450, 1038780430, 7442, 1038780081, 7203, 1038303480, 7459, 1038300670, 7451, 1038300466, 7204, 1021121282, 6945, 1038331848, 7452, 1021125049, 7207, 1021100600, 7445, 1022022166, 6929, 1038331834, 7205, 1022020891, 7447, 1021090960, 7206, 1021977918, 6937, 1038331838, 7186, 1038780085, 7191, 1021093449, 7188, 1021122756, 7189, 1022019310, 6941, 1022016043, 6935, 1021096500, 6943, 1021097478, 6951, 1021103663, 7443, 1038300439, 7190, 1021986183, 7460, 1021123782, 7444, 1021125250, 7453, 1022022385, 7461, 1022023747, 6931, 1038306672, 7454, 1021982213, 7462, 1021975064, 7446, 1021983339, 7455, 1021091931, 7463, 1021098100, 6946, 1038782605, 7187, 1038303245, 6933, 1022015822, 6930, 1038780087, 6942, 1021988537, 6934, 1021989669, 6947, 1038306906, 6939, 1038306704, 6940, 1021119491, 6949, 1022017404, 6950, 1021981396, 6932, 1021119692, 6948, 1021118222, 6938, 1038780432]
[INFO] (lattice_cell.c: 455): on tick 3 of 50
[INFO] (lattice_cell.c: 172): the unmatched_packets is 56
[7456, 1037893662, 7200, 1037893672, 7448, 1037882339, 7440, 1037880289, 7184, 1037880287, 6928, 1037880283, 6944, 1037893672, 6936, 1037882331, 7457, 1038345842, 7201, 1038343182, 7449, 1038345642, 7441, 1038345604, 7185, 1038342938, 6929, 1038339670, 6945, 1038339912, 6937, 1038339706, 7202, 1038760354, 7458, 1038760356, 7450, 1038772168, 7442, 1038774303, 7186, 1038774299, 6946, 1038760346, 7203, 1038310340, 7459, 1038307672, 7451, 1038308674, 7443, 1038308888, 7204, 1021133382, 7460, 1021135640, 7452, 1021126085, 7205, 1021998967, 6930, 1038774297, 6938, 1038772162, 7461, 1022002501, 7453, 1022012218, 7206, 1022019940, 7463, 1021050323, 7207, 1021052570, 7191, 1021082837, 7444, 1021124315, 7187, 1038311554, 7189, 1022010483, 7445, 1022014023, 7446, 1021981589, 7454, 1021986902, 7462, 1022016414, 7188, 1021122055, 7455, 1021076099, 6950, 1022023981, 7447, 1021080586, 6935, 1021085813, 6951, 1021055531, 7190, 1021985107, 6947, 1038313609, 6942, 1021994469, 6933, 1022006436, 6934, 1021989156, 6939, 1038314596, 6948, 1021130391, 6932, 1021119068, 6943, 1021081323, 6949, 1021994916, 6941, 1022004637, 6931, 1038314812, 6940, 1021120827]
[INFO] (lattice_cell.c: 455): on tick 4 of 50
[INFO] (lattice_cell.c: 172): the unmatched_packets is 56
[7200, 1037850585, 7456, 1037850599, 7440, 1037883469, 7448, 1037875190, 6928, 1037883469, 6944, 1037850573, 6936, 1037875192, 7184, 1037883475, 7201, 1038335318, 7457, 1038338166, 7441, 1038338306, 7449, 1038338248, 7185, 1038335458, 7202, 1038815648, 7458, 1038815646, 7450, 1038790392, 7442, 1038781841, 7203, 1038304274, 7459, 1038301462, 7451, 1038301325, 7443, 1038300466, 7460, 1021102559, 7444, 1021123833, 6945, 1038331842, 7205, 1022042575, 7447, 1021094735, 7206, 1021883308, 6937, 1038331934, 7207, 1021190463, 7204, 1021100205, 6929, 1038331986, 7190, 1021982004, 7187, 1038303304, 6930, 1038781841, 6947, 1038307720, 6942, 1021962308, 7186, 1038781843, 6950, 1021886726, 6931, 1038306762, 6939, 1038307614, 7191, 1021097089, 6938, 1038790398, 7452, 1021117357, 7189, 1022020262, 7461, 1022045356, 7188, 1021121478, 7453, 1022029814, 7445, 1022023042, 7462, 1021880482, 7454, 1021956101, 6946, 1038815658, 7455, 1021114203, 7463, 1021188053, 7446, 1021979213, 6932, 1021118547, 6941, 1022023615, 6949, 1022039169, 6933, 1022016847, 6940, 1021112067, 6943, 1021119514, 6935, 1021100014, 6951, 1021193441, 6948, 1021097264, 6934, 1021985394]
[INFO] (lattice_cell.c: 455): on tick 5 of 50
[INFO] (lattice_cell.c: 172): the unmatched_packets is 56
[7200, 1037924286, 7456, 1037924266, 7448, 1037908934, 7440, 1037887660, 7184, 1037887660, 6928, 1037887656, 6944, 1037924320, 6936, 1037908938, 7201, 1038343862, 7457, 1038346490, 7449, 1038345932, 7441, 1038345598, 7185, 1038342986, 7202, 1038728825, 7458, 1038728835, 7442, 1038766667, 7203, 1038311868, 6945, 1038340647, 7459, 1038309203, 7443, 1038307950, 7204, 1021140155, 7452, 1021144668, 7461, 1021997464, 6937, 1038340100, 7454, 1022063384, 7206, 1022151162, 7455, 1021003001, 7447, 1021063994, 7207, 1020914583, 7205, 1021993888, 7189, 1022005123, 7191, 1021066327, 7450, 1038744581, 7186, 1038766665, 7187, 1038310568, 7190, 1022005125, 6934, 1022009201, 6949, 1021989776, 7451, 1038307731, 6935, 1021069418, 6943, 1021008347, 7460, 1021142534, 7444, 1021130247, 6950, 1022155224, 7445, 1022008677, 7453, 1021994049, 6951, 1020917549, 7462, 1022147674, 7446, 1022001600, 7463, 1020912378, 7188, 1021127858, 6932, 1021124768, 6948, 1021137074, 6933, 1022001039, 6941, 1021986404, 6931, 1038313785, 6938, 1038744573, 6947, 1038315121, 6939, 1038313601, 6940, 1021139183, 6930, 1038766669, 6946, 1038728803, 6942, 1022070934, 6929, 1038339766]
[INFO] (lattice_cell.c: 455): on tick 6 of 50
[INFO] (lattice_cell.c: 172): the unmatched_packets is 56
[7200, 1037865339, 7456, 1037865379, 7440, 1037861630, 7448, 1037841656, 7184, 1037861626, 6928, 1037861632, 6944, 1037865305, 6936, 1037841626, 7201, 1038335908, 7457, 1038338770, 7441, 1038338274, 7449, 1038338126, 7185, 1038335406, 7202, 1038799373, 7458, 1038799357, 7450, 1038824753, 7203, 1038303113, 7459, 1038300326, 7451, 1038299339, 6945, 1038332426, 7204, 1021127998, 6929, 1038331916, 7444, 1021108530, 7207, 1021240562, 7461, 1022016417, 7462, 1021831877, 7205, 1022013676, 7206, 1021834697, 7463, 1021238106, 7447, 1021153112, 7188, 1021106309, 7186, 1038804420, 7191, 1021155374, 7442, 1038804420, 6941, 1022036027, 7189, 1022035612, 6943, 1021250099, 6950, 1021838065, 6951, 1021243566, 6938, 1038824767, 7443, 1038301116, 7452, 1021104738, 7190, 1021920458, 7460, 1021130204, 7453, 1022042129, 7445, 1022038369, 6931, 1038307410, 7187, 1038303940, 7454, 1021831616, 6939, 1038305582, 7446, 1021917633, 7455, 1021244849, 6930, 1038804420, 6933, 1022032247, 6949, 1022010336, 6942, 1021837875, 6935, 1021158203, 6948, 1021125182, 6947, 1038306544, 6932, 1021103517, 6946, 1038799401, 6934, 1021923857, 6940, 1021099703, 6937, 1038331764]
[INFO] (lattice_cell.c: 455): on tick 7 of 50
[INFO] (lattice_cell.c: 172): the unmatched_packets is 56
[7200, 1037873191, 7456, 1037873157, 7448, 1037909258, 7440, 1037920970, 7184, 1037920964, 6928, 1037920972, 6944, 1037873219, 6936, 1037909304, 7457, 1038346030, 7201, 1038343438, 7449, 1038346158, 7441, 1038346002, 7185, 1038343418, 6945, 1038340247, 7202, 1038781914, 7458, 1038781914, 7450, 1038744830, 7442, 1038732309, 7203, 1038311397, 7459, 1038308741, 6929, 1038340246, 7204, 1021116384, 6937, 1038340399, 7460, 1021118878, 7452, 1021127107, 7186, 1038732301, 7453, 1022013873, 7205, 1022018785, 7454, 1022145930, 7455, 1020919347, 7206, 1022028060, 7207, 1021037088, 7189, 1021990086, 7190, 1022117219, 7191, 1020947060, 7188, 1021143523, 7187, 1038312377, 6935, 1020950162, 6950, 1022032128, 6951, 1021040044, 7451, 1038308018, 7443, 1038309755, 7444, 1021146009, 7445, 1021993650, 7461, 1022022337, 7462, 1022024606, 6947, 1038314633, 7446, 1022113811, 6931, 1038315598, 7463, 1021034832, 6940, 1021121416, 6948, 1021113180, 7447, 1020944704, 6933, 1021985998, 6930, 1038732299, 6938, 1038744794, 6949, 1022014656, 6943, 1020924600, 6939, 1038313900, 6941, 1022006209, 6942, 1022153404, 6946, 1038781912, 6932, 1021140340, 6934, 1022121221]
[INFO] (lattice_cell.c: 455): on tick 8 of 50
[INFO] (lattice_cell.c: 172): the unmatched_packets is 56
[7200, 1037890116, 7456, 1037890128, 7440, 1037848709, 7448, 1037886587, 7184, 1037848694, 6928, 1037848682, 6944, 1037890108, 6936, 1037886548, 7201, 1038336957, 7457, 1038339815, 7441, 1038338445, 7449, 1038339045, 7185, 1038335584, 6929, 1038332085, 6937, 1038332694, 7202, 1038774468, 7458, 1038774480, 7442, 1038817172, 7450, 1038777643, 7186, 1038817182, 7203, 1038301663, 7459, 1038298869, 7451, 1038299624, 7204, 1021120615, 7460, 1021122690, 7206, 1022009680, 7207, 1021070618, 7445, 1022027171, 7462, 1022006760, 7446, 1021813457, 7205, 1022023230, 6931, 1038306965, 7191, 1021259159, 7189, 1022024402, 6940, 1021130369, 7190, 1021816369, 7187, 1038303526, 7443, 1038300748, 7452, 1021135149, 7444, 1021117804, 7461, 1022025996, 7453, 1022011071, 7454, 1021906840, 7188, 1021115726, 7455, 1021167012, 7463, 1021068347, 6935, 1021262014, 6950, 1022013102, 6951, 1021073460, 7447, 1021256896, 6948, 1021117927, 6932, 1021113039, 6934, 1021819802, 6938, 1038777655, 6947, 1038305101, 6945, 1038333468, 6942, 1021913108, 6943, 1021172245, 6939, 1038305838, 6933, 1022021058, 6941, 1022004971, 6949, 1022019882, 6946, 1038774462, 6930, 1038817198]
[INFO] (lattice_cell.c: 455): on tick 9 of 50
[INFO] (lattice_cell.c: 172): the unmatched_packets is 56
[7200, 1037886813, 7456, 1037886797, 7448, 1037870969, 7440, 1037889209, 7184, 1037889227, 6944, 1037886823, 6936, 1037870981, 6928, 1037889243, 7201, 1038343866, 7457, 1038346441, 7449, 1038345450, 7441, 1038344790, 6945, 1038340696, 7185, 1038342227, 6929, 1038339061, 6937, 1038339717, 7458, 1038766856, 7202, 1038766882, 7450, 1038783792, 7442, 1038765741, 6946, 1038766894, 7186, 1038765736, 6930, 1038765726, 7203, 1038311517, 7459, 1038308896, 7451, 1038308965, 7204, 1021125095, 7460, 1021127672, 7452, 1021124261, 7205, 1022010837, 7444, 1021111696, 6938, 1038783824, 7461, 1022014331, 7445, 1022033306, 7463, 1021084733, 7206, 1021974436, 7447, 1020977688, 7207, 1021087140, 7190, 1022088091, 7191, 1020980047, 6939, 1038314808, 7187, 1038311357, 7188, 1021109125, 7443, 1038308717, 7189, 1022029829, 7453, 1022016952, 7462, 1021971146, 7454, 1021963381, 7446, 1022084738, 7455, 1021095597, 6932, 1021105849, 6941, 1022009404, 6940, 1021118399, 6943, 1021101084, 6934, 1022092058, 6951, 1021090287, 6948, 1021121799, 6950, 1021978375, 6935, 1020983120, 6949, 1022006744, 6933, 1022025772, 6942, 1021970682, 6931, 1038314575, 6947, 1038314727]
[INFO] (lattice_cell.c: 455): on tick 10 of 50
[INFO] (lattice_cell.c: 172): the unmatched_packets is 56
[7456, 1037884131, 7200, 1037884119, 7448, 1037879202, 7440, 1037886921, 7184, 1037886903, 6928, 1037886899, 6944, 1037884114, 6936, 1037879205, 7457, 1038340024, 7201, 1038337170, 7449, 1038340311, 7441, 1038340021, 6945, 1038333678, 7185, 1038337190, 6929, 1038333722, 6937, 1038333977, 7458, 1038780288, 7202, 1038780274, 7450, 1038786262, 7442, 1038777810, 7186, 1038777806, 7203, 1038301983, 7459, 1038299197, 7451, 1038298536, 7204, 1021131313, 7205, 1022011011, 7460, 1021133297, 7452, 1021124291, 7206, 1021971040, 7207, 1021106754, 7453, 1022019623, 6946, 1038780260, 7187, 1038302230, 7447, 1021086522, 7188, 1021151481, 7191, 1021088656, 7443, 1038299462, 7189, 1021986975, 7190, 1021991785, 7444, 1021153456, 7461, 1022013836, 7445, 1021989859, 7462, 1021968027, 7454, 1022006998, 6943, 1021075801, 6935, 1021091402, 6950, 1021974603, 7446, 1021988815, 7463, 1021104639, 7455, 1021070996, 6948, 1021128712, 6932, 1021148870, 6933, 1021983518, 6942, 1022013536, 6934, 1021995293, 6949, 1022007634, 6938, 1038786222, 6947, 1038305419, 6931, 1038305649, 6939, 1038304743, 6951, 1021109471, 6940, 1021119721, 6941, 1022013394, 6930, 1038777809]
[INFO] (lattice_cell.c: 455): on tick 11 of 50
[INFO] (lattice_cell.c: 172): the unmatched_packets is 56
[7200, 1037877087, 7456, 1037877082, 7448, 1037892505, 7440, 1037902287, 6928, 1037902305, 6944, 1037877083, 7184, 1037902295, 6936, 1037892507, 7201, 1038343235, 7457, 1038345813, 7449, 1038345541, 7441, 1038346624, 7185, 1038344031, 6929, 1038340846, 6945, 1038340066, 6937, 1038339795, 7202, 1038777502, 7458, 1038777474, 7450, 1038761387, 7442, 1038751118, 7186, 1038751122, 7203, 1038310947, 7459, 1038308326, 7451, 1038308198, 7443, 1038309947, 7204, 1021120730, 7460, 1021123399, 7205, 1022019513, 7452, 1021103784, 7206, 1021975223, 6930, 1038751128, 7207, 1021085889, 7445, 1022077108, 7446, 1021930926, 7447, 1021124862, 7191, 1021127397, 7189, 1022073875, 7187, 1038312564, 7190, 1021934108, 6940, 1021097830, 7444, 1021059391, 7188, 1021056775, 7461, 1022022891, 7453, 1022041335, 7462, 1021972042, 7454, 1021987335, 6935, 1021130647, 6950, 1021979049, 6943, 1021078438, 7455, 1021072662, 7463, 1021083356, 6951, 1021089118, 6948, 1021117403, 6932, 1021053461, 6941, 1022034053, 6947, 1038314159, 6933, 1022070021, 6931, 1038315763, 6949, 1022015506, 6934, 1021937911, 6942, 1021994318, 6939, 1038314018, 6946, 1038777528, 6938, 1038761411]
[INFO] (lattice_cell.c: 455): on tick 12 of 50
[INFO] (lattice_cell.c: 172): the unmatched_packets is 56
[7456, 1037878090, 7200, 1037878094, 7440, 1037839547, 7448, 1037869944, 7184, 1037839541, 6944, 1037878106, 6936, 1037869928, 6928, 1037839527, 7457, 1038340990, 7201, 1038338174, 7441, 1038340089, 7449, 1038338370, 7185, 1038337328, 6945, 1038334709, 6937, 1038332133, 6929, 1038333911, 7202, 1038786803, 7458, 1038786819, 7442, 1038827045, 7450, 1038795043, 6930, 1038827050, 7186, 1038827048, 7203, 1038301330, 7459, 1038298559, 7451, 1038298643, 7443, 1038299333, 7204, 1021136940, 6946, 1038786787, 7461, 1022007708, 7207, 1021076878, 7445, 1021888238, 7206, 1022001574, 7447, 1021075009, 7205, 1022004727, 7188, 1021251338, 7187, 1038302097, 7191, 1021076973, 6941, 1021956077, 7190, 1022002459, 6935, 1021079528, 6943, 1021088864, 7460, 1021138862, 7452, 1021188987, 7444, 1021253273, 7453, 1021962703, 6948, 1021134392, 7454, 1021992222, 7462, 1021998420, 7189, 1021885103, 7446, 1021999303, 7455, 1021084296, 7463, 1021074913, 6932, 1021248778, 6940, 1021184537, 6933, 1021881449, 6931, 1038305507, 6949, 1022001220, 6939, 1038304822, 6950, 1022005249, 6951, 1021079452, 6942, 1021998999, 6934, 1022006110, 6938, 1038795043, 6947, 1038304742]
[INFO] (lattice_cell.c: 455): on tick 13 of 50
[INFO] (lattice_cell.c: 172): the unmatched_packets is 56
[7456, 1037899262, 7200, 1037899274, 7448, 1037912707, 7440, 1037913902, 7184, 1037913900, 6928, 1037913896, 6944, 1037899274, 6936, 1037912719, 7457, 1038348386, 7201, 1038345783, 6929, 1038338929, 7449, 1038345443, 7441, 1038344797, 7185, 1038342160, 6937, 1038339599, 6945, 1038342585, 7458, 1038754092, 7202, 1038754100, 6946, 1038754120, 7450, 1038740627, 7442, 1038740148, 6930, 1038740179, 7186, 1038740168, 7203, 1038310780, 7459, 1038308151, 7451, 1038308497, 7443, 1038309245, 7204, 1021072719, 7452, 1021015193, 7444, 1020960116, 7205, 1022059974, 7187, 1038311852, 7461, 1022063124, 7462, 1021969613, 7206, 1021972644, 7447, 1021075334, 7207, 1021088710, 6947, 1038313998, 7190, 1021986221, 7188, 1020957500, 6932, 1020954181, 7191, 1021077942, 7189, 1022185136, 7460, 1021075428, 7453, 1022130687, 7445, 1022188155, 6935, 1021081257, 7454, 1021944967, 7446, 1021983189, 6951, 1021092049, 7463, 1021086065, 7455, 1021113278, 6941, 1022123958, 6949, 1022056184, 6931, 1038315054, 6943, 1021119236, 6948, 1021069361, 6942, 1021951662, 6940, 1021009157, 6933, 1022181453, 6950, 1021976305, 6934, 1021989930, 6939, 1038314317, 6938, 1038740641]
[INFO] (lattice_cell.c: 455): on tick 14 of 50
[INFO] (lattice_cell.c: 172): the unmatched_packets is 56
[7456, 1037856897, 7200, 1037856885, 7448, 1037843160, 7440, 1037879532, 6928, 1037879572, 6944, 1037856881, 6936, 1037843166, 7184, 1037879548, 7457, 1038341078, 7449, 1038340954, 7201, 1038338315, 7441, 1038340548, 6929, 1038334462, 6945, 1038334913, 7185, 1038337830, 6937, 1038334850, 7458, 1038808386, 7450, 1038822862, 7202, 1038808394, 7442, 1038784753, 7186, 1038784734, 7203, 1038301124, 7459, 1038298372, 7451, 1038298135, 7204, 1021226774, 7444, 1021234990, 7207, 1021075558, 7205, 1021914127, 7446, 1021987983, 7463, 1021073690, 7206, 1022001372, 7447, 1021085557, 6930, 1038784712, 6938, 1038822852, 7191, 1021087426, 7190, 1021991197, 6947, 1038304511, 7189, 1021903035, 7187, 1038302193, 6933, 1021899306, 7188, 1021233051, 7443, 1038299468, 7460, 1021228653, 7452, 1021282195, 6935, 1021089935, 6943, 1021078551, 6950, 1022005169, 6951, 1021078063, 7453, 1021859935, 7461, 1021917374, 7445, 1021906262, 6931, 1038305580, 7454, 1022000812, 7462, 1021998092, 6939, 1038304257, 7455, 1021074183, 6940, 1021277763, 6941, 1021852853, 6934, 1021994957, 6942, 1022007853, 6948, 1021224273, 6932, 1021230465, 6949, 1021910359, 6946, 1038808410]
[INFO] (lattice_cell.c: 455): on tick 15 of 50
[INFO] (lattice_cell.c: 172): the unmatched_packets is 56
[7456, 1037917886, 7200, 1037917882, 7448, 1037897910, 7440, 1037871416, 6928, 1037871378, 7184, 1037871400, 6944, 1037917894, 6936, 1037897874, 7201, 1038343615, 7457, 1038346270, 7449, 1038345438, 7441, 1038346535, 6929, 1038340681, 7185, 1038343909, 6937, 1038339544, 6945, 1038340356, 6946, 1038735340, 7458, 1038735310, 7450, 1038756463, 7202, 1038735334, 7442, 1038783420, 6930, 1038783461, 7186, 1038783428, 6938, 1038756521, 7203, 1038310691, 7459, 1038308055, 7451, 1038307747, 7443, 1038308513, 7187, 1038311136, 7204, 1020977498, 7460, 1020980207, 7444, 1021114747, 7205, 1022165830, 7461, 1022168720, 7206, 1021954656, 7453, 1022157002, 6947, 1038313919, 7207, 1021106234, 7454, 1021988270, 7447, 1021082588, 7191, 1021085286, 7189, 1022022718, 7190, 1021978205, 7188, 1021112111, 7452, 1020992536, 7445, 1022025682, 7462, 1021951767, 7446, 1021975316, 7463, 1021103523, 7455, 1021072442, 6943, 1021078486, 6951, 1021109597, 6940, 1020986608, 6941, 1022150493, 6933, 1022019092, 6942, 1021994725, 6935, 1021088670, 6948, 1020974107, 6932, 1021108810, 6934, 1021981746, 6949, 1022162309, 6950, 1021958201, 6931, 1038314357, 6939, 1038313590]
[INFO] (lattice_cell.c: 455): on tick 16 of 50
[INFO] (lattice_cell.c: 172): the unmatched_packets is 56
[7456, 1037857864, 7200, 1037857878, 7448, 1037895612, 7440, 1037889260, 6928, 1037889264, 7184, 1037889256, 6944, 1037857895, 6936, 1037895652, 7201, 1038339301, 7457, 1038342007, 7449, 1038339670, 7441, 1038339156, 6929, 1038333075, 6945, 1038335943, 7185, 1038336431, 6937, 1038333610, 7458, 1038807140, 7202, 1038807129, 7450, 1038768163, 7442, 1038775800, 7186, 1038775808, 7203, 1038300993, 7459, 1038298275, 7443, 1038300049, 7204, 1021269463, 7460, 1021271350, 7453, 1021983192, 7454, 1021979746, 7455, 1021094343, 7206, 1021989610, 7447, 1021093677, 7207, 1021085255, 7205, 1021868408, 7191, 1021095447, 7190, 1021982249, 7189, 1022052720, 7187, 1038302749, 7188, 1021090006, 6943, 1021098610, 6950, 1021993521, 6951, 1021087721, 6947, 1038304351, 7451, 1038298798, 7452, 1021165468, 7444, 1021091831, 7461, 1021871795, 7445, 1022056024, 6931, 1038306092, 7462, 1021986240, 7446, 1021978899, 7463, 1021083431, 6939, 1038304852, 6941, 1021976108, 6949, 1021864536, 6942, 1021986973, 6948, 1021266916, 6934, 1021986135, 6940, 1021161008, 6933, 1022048876, 6935, 1021097887, 6932, 1021087519, 6946, 1038807109, 6930, 1038775824, 6938, 1038768144]
[INFO] (lattice_cell.c: 455): on tick 17 of 50
[INFO] (lattice_cell.c: 172): the unmatched_packets is 56
[7456, 1037878168, 7200, 1037878149, 7448, 1037870623, 7440, 1037883816, 6928, 1037883816, 6944, 1037878113, 7184, 1037883810, 6936, 1037870603, 7457, 1038347738, 7201, 1038345072, 7449, 1038347164, 7441, 1038347037, 6929, 1038341174, 6945, 1038341798, 7185, 1038344422, 6937, 1038341291, 7202, 1038776619, 7458, 1038776584, 7450, 1038783751, 7442, 1038770306, 6930, 1038770296, 7186, 1038770302, 6946, 1038776654, 6938, 1038783770, 7203, 1038309649, 7459, 1038306996, 7451, 1038306888, 7443, 1038308209, 6931, 1038314063, 7187, 1038310827, 7204, 1021056015, 7460, 1021058685, 7452, 1021161129, 7444, 1021128100, 6947, 1038312912, 6939, 1038312775, 7206, 1021992173, 7461, 1022086467, 7205, 1022083607, 7445, 1022011414, 7447, 1021084264, 7207, 1021070618, 7190, 1021976840, 7189, 1022008618, 6948, 1021052752, 7453, 1021980688, 7188, 1021125361, 7462, 1021989364, 7446, 1021974055, 7191, 1021086979, 7454, 1021972247, 7463, 1021067902, 7455, 1021087206, 6941, 1021974338, 6950, 1021995610, 6934, 1021980269, 6942, 1021978443, 6932, 1021121960, 6949, 1022080086, 6940, 1021155087, 6933, 1022005195, 6951, 1021073989, 6943, 1021093327, 6935, 1021090323]
[INFO] (lattice_cell.c: 455): on tick 18 of 50
[INFO] (lattice_cell.c: 172): the unmatched_packets is 56
[7456, 1037900484, 7200, 1037900508, 7448, 1037879692, 7440, 1037881102, 6928, 1037881130, 6944, 1037900519, 7184, 1037881116, 6936, 1037879684, 7201, 1038337796, 7457, 1038340507, 7449, 1038339169, 7441, 1038339773, 6929, 1038333779, 6945, 1038334456, 7185, 1038337097, 6937, 1038333134, 6930, 1038783704, 7458, 1038763379, 7202, 1038763398, 7450, 1038785670, 7442, 1038783714, 7186, 1038783710, 7203, 1038301851, 6946, 1038763401, 7459, 1038299166, 7451, 1038298858, 7204, 1021104116, 6938, 1038785704, 7460, 1021105981, 7452, 1021109509, 7444, 1021148596, 7206, 1021984228, 7453, 1022042929, 7205, 1022041889, 7446, 1021988743, 7447, 1021082299, 7207, 1021089561, 7189, 1021995608, 7187, 1038302411, 7191, 1021084070, 7190, 1021992176, 7188, 1021146802, 7443, 1038299745, 7461, 1022045269, 7445, 1021999036, 7462, 1021980761, 7454, 1021986301, 6941, 1022035551, 7455, 1021086326, 7463, 1021087784, 6950, 1021988219, 6940, 1021105240, 6939, 1038304834, 6948, 1021101545, 6951, 1021092042, 6931, 1038305712, 6949, 1022037986, 6933, 1021991652, 6932, 1021144336, 6934, 1021996137, 6942, 1021993730, 6935, 1021086530, 6943, 1021090575, 6947, 1038305159]
[INFO] (lattice_cell.c: 455): on tick 19 of 50
[INFO] (lattice_cell.c: 172): the unmatched_packets is 56
[7456, 1037880529, 6928, 1037877027, 7200, 1037880526, 7448, 1037885496, 7440, 1037877051, 6944, 1037880528, 7184, 1037877041, 6936, 1037885469, 6929, 1038341345, 7201, 1038346294, 7457, 1038348959, 7449, 1038347145, 7441, 1038347248, 6945, 1038343022, 7185, 1038344612, 6937, 1038341219, 6946, 1038773172, 7458, 1038773161, 7202, 1038773167, 7450, 1038768625, 7442, 1038777567, 7186, 1038777573, 6930, 1038777587, 7203, 1038308262, 7443, 1038307713, 7204, 1021157120, 6938, 1038768645, 7460, 1021159845, 7452, 1021103387, 7206, 1021970600, 7187, 1038310356, 7462, 1021967888, 7463, 1021091980, 7205, 1021977213, 7447, 1021077316, 7188, 1021115869, 7207, 1021094686, 7189, 1022017774, 7190, 1021985308, 7191, 1021079997, 6948, 1021153753, 7459, 1038305590, 7451, 1038306582, 7444, 1021118553, 6951, 1021098002, 7461, 1021979975, 7453, 1022039832, 7445, 1022020514, 6933, 1022014408, 7454, 1021980095, 6941, 1022033795, 7446, 1021982626, 7455, 1021081865, 6934, 1021988631, 6939, 1038312503, 6932, 1021112587, 6950, 1021973948, 6943, 1021087819, 6940, 1021097315, 6949, 1021973844, 6942, 1021986147, 6935, 1021083323, 6947, 1038311553, 6931, 1038313625]
[INFO] (lattice_cell.c: 455): on tick 20 of 50
[INFO] (lattice_cell.c: 172): the unmatched_packets is 56
[7456, 1037876413, 7200, 1037876411, 6928, 1037888361, 7448, 1037888618, 7440, 1037888354, 7184, 1037888356, 6944, 1037876411, 6936, 1037888657, 7457, 1038340748, 7201, 1038338060, 7449, 1038339566, 6929, 1038333263, 7441, 1038339194, 6945, 1038334760, 7185, 1038336547, 6937, 1038333619, 7202, 1038788651, 7458, 1038788635, 6930, 1038776382, 7450, 1038775617, 7442, 1038776354, 7186, 1038776370, 7203, 1038302046, 7459, 1038299393, 7451, 1038299740, 7443, 1038300399, 7204, 1021140866, 6946, 1038788685, 7460, 1021142706, 7187, 1038303024, 6938, 1038775622, 7207, 1021084297, 7205, 1022005522, 7454, 1021981962, 7206, 1021985343, 7463, 1021082458, 7447, 1021088345, 7190, 1021984370, 7191, 1021090143, 7189, 1022031991, 7188, 1021112640, 6947, 1038305319, 7452, 1021143344, 7444, 1021114457, 7461, 1022009018, 7445, 1022035432, 7453, 1022009255, 7462, 1021981836, 7446, 1021980899, 6935, 1021092646, 7455, 1021085491, 6949, 1022001468, 6933, 1022027983, 6939, 1038305646, 6932, 1021110109, 6940, 1021138906, 6950, 1021989411, 6943, 1021089835, 6951, 1021086856, 6941, 1022001824, 6934, 1021988411, 6942, 1021989493, 6948, 1021138317, 6931, 1038306284]
[INFO] (lattice_cell.c: 455): on tick 21 of 50
[INFO] (lattice_cell.c: 172): the unmatched_packets is 56
[7456, 1037876909, 7200, 1037876897, 7440, 1037882912, 7448, 1037875977, 6928, 1037882907, 7184, 1037882903, 6944, 1037876893, 6936, 1037875965, 7457, 1038348719, 7441, 1038347808, 7201, 1038346027, 7449, 1038347825, 6945, 1038342724, 6929, 1038341883, 6937, 1038341880, 7185, 1038345169, 7458, 1038777664, 7442, 1038771184, 7202, 1038777677, 7450, 1038778376, 7186, 1038771188, 7203, 1038310249, 7459, 1038307557, 7451, 1038305384, 7204, 1021095783, 7205, 1022040613, 7460, 1021098442, 6946, 1038777693, 7187, 1038309114, 7455, 1021086010, 7206, 1021974640, 7207, 1021083605, 6947, 1038313569, 7189, 1022013185, 7188, 1021119584, 7190, 1021975435, 6939, 1038311358, 7191, 1021093342, 6948, 1021092559, 6950, 1021977951, 6931, 1038312403, 7443, 1038306461, 7452, 1021137427, 7444, 1021122217, 7445, 1022015854, 7453, 1022003767, 7461, 1022043325, 7454, 1021978220, 7446, 1021972778, 7462, 1021971942, 7463, 1021081016, 7447, 1021090739, 6943, 1021091849, 6940, 1021131568, 6932, 1021116313, 6951, 1021086793, 6933, 1022009915, 6942, 1021984144, 6934, 1021978712, 6949, 1022037275, 6935, 1021096553, 6941, 1021997741, 6930, 1038771198, 6938, 1038778390]
[INFO] (lattice_cell.c: 455): on tick 22 of 50
[INFO] (lattice_cell.c: 172): the unmatched_packets is 56
[6928, 1037883099, 7456, 1037899845, 7200, 1037899829, 6944, 1037899818, 7448, 1037884614, 7440, 1037883075, 7184, 1037883087, 6936, 1037884591, 6929, 1038333567, 7201, 1038338033, 7457, 1038340690, 7449, 1038339103, 7441, 1038339430, 6945, 1038334767, 6937, 1038333214, 7185, 1038336807, 6946, 1038764045, 7202, 1038763994, 7458, 1038763965, 7186, 1038781726, 6930, 1038781732, 7450, 1038780277, 6938, 1038780335, 7442, 1038781720, 7459, 1038299657, 7203, 1038302263, 7451, 1038297745, 7443, 1038300804, 7204, 1021126704, 7460, 1021128651, 7452, 1021126175, 7444, 1021140489, 7206, 1022006179, 7207, 1021063001, 7462, 1022002663, 7446, 1021981133, 7447, 1021084244, 7205, 1022021587, 7187, 1038303399, 7189, 1022006357, 7188, 1021138612, 7190, 1021984597, 6947, 1038305476, 7191, 1021086129, 6940, 1021121672, 7461, 1022025037, 7453, 1022028462, 7445, 1022009834, 7454, 1021992229, 7455, 1021083009, 7463, 1021061025, 6949, 1022017585, 6934, 1021988665, 6948, 1021124022, 6950, 1022010247, 6939, 1038303555, 6933, 1022002323, 6935, 1021088721, 6951, 1021065720, 6942, 1021999781, 6932, 1021136004, 6943, 1021087573, 6941, 1022020969, 6931, 1038306614]
[INFO] (lattice_cell.c: 455): on tick 23 of 50
[INFO] (lattice_cell.c: 172): the unmatched_packets is 56
[6928, 1037874643, 7456, 1037864348, 7200, 1037864367, 6944, 1037864397, 7448, 1037876123, 7440, 1037874641, 7184, 1037874643, 6936, 1037876125, 6929, 1038342067, 7457, 1038349389, 7201, 1038346686, 7449, 1038347903, 6945, 1038343346, 7441, 1038348023, 7185, 1038345374, 6937, 1038341907, 6930, 1038780005, 7458, 1038790147, 6946, 1038790130, 7202, 1038790145, 7450, 1038778267, 7442, 1038780005, 6938, 1038778273, 7186, 1038780005, 6947, 1038310421, 6931, 1038314245, 6939, 1038311256, 7459, 1038304309, 7203, 1038307052, 7451, 1038305207, 7443, 1038308243, 7187, 1038310925, 7204, 1021124368, 7460, 1021126939, 7452, 1021107722, 7444, 1021122069, 7205, 1022009810, 7461, 1022012544, 7453, 1022034012, 7206, 1021924796, 7446, 1021976556, 7207, 1021143430, 7447, 1021079504, 6948, 1021121223, 7191, 1021081975, 7189, 1022012839, 7190, 1021979205, 6932, 1021116445, 7445, 1022015510, 7188, 1021119551, 7462, 1021922109, 7454, 1021961814, 7463, 1021141070, 7455, 1021103290, 6950, 1021928106, 6934, 1021982434, 6940, 1021102037, 6949, 1022006483, 6933, 1022009581, 6942, 1021967759, 6943, 1021108702, 6935, 1021085054, 6941, 1022028048, 6951, 1021146375]
[INFO] (lattice_cell.c: 455): on tick 24 of 50
[INFO] (lattice_cell.c: 172): the unmatched_packets is 56
[6928, 1037890916, 7456, 1037910815, 7200, 1037910771, 7448, 1037902450, 7440, 1037890938, 7184, 1037890930, 6936, 1037902413, 6944, 1037910723, 6929, 1038333578, 7457, 1038341000, 7201, 1038338382, 7449, 1038339536, 7441, 1038339365, 7185, 1038336779, 6945, 1038335150, 6937, 1038333723, 6946, 1038753073, 7458, 1038752966, 6930, 1038773630, 7202, 1038753020, 7450, 1038761410, 7442, 1038773578, 6938, 1038761484, 7186, 1038773596, 7203, 1038303708, 7459, 1038301161, 7451, 1038300458, 7443, 1038301082, 7187, 1038303620, 7204, 1021155118, 7460, 1021157146, 7452, 1021144796, 7444, 1021124662, 7205, 1021993371, 7206, 1022079335, 7461, 1021996812, 7446, 1021998133, 7447, 1021066791, 7207, 1020982779, 7189, 1022023302, 7191, 1021068845, 6947, 1038306878, 7188, 1021122696, 7190, 1022001603, 7453, 1022010364, 7445, 1022026713, 7462, 1022075879, 7454, 1022022435, 6933, 1022019266, 7463, 1020980554, 7455, 1021040671, 6935, 1021071646, 6951, 1020985758, 6948, 1021152321, 6932, 1021119965, 6942, 1022029963, 6934, 1022005664, 6939, 1038306138, 6949, 1021989358, 6941, 1022002983, 6950, 1022083333, 6940, 1021140005, 6943, 1021045679, 6931, 1038306777]
[INFO] (lattice_cell.c: 455): on tick 25 of 50
[INFO] (lattice_cell.c: 172): the unmatched_packets is 56
[6928, 1037871161, 7456, 1037843371, 7200, 1037843403, 7184, 1037871145, 6944, 1037843427, 6936, 1037851700, 7440, 1037871143, 7448, 1037851644, 6929, 1038341275, 7457, 1038348993, 7185, 1038344608, 7201, 1038346269, 7441, 1038347280, 6945, 1038342900, 6937, 1038341888, 7449, 1038347922, 6946, 1038812111, 6930, 1038783388, 7458, 1038812093, 7202, 1038812105, 7186, 1038783396, 6938, 1038803540, 7442, 1038783389, 7450, 1038803564, 7459, 1038304438, 7203, 1038307198, 7443, 1038305274, 7204, 1021095887, 7460, 1021098343, 7444, 1021110491, 7206, 1021841212, 7461, 1022041541, 7453, 1022023932, 7454, 1021894829, 7447, 1021125691, 7207, 1021225786, 7205, 1022038780, 7187, 1038308001, 7190, 1021944101, 7189, 1022027717, 7188, 1021108109, 7451, 1038303121, 6943, 1021181353, 6949, 1022035437, 6941, 1022017872, 6934, 1021947345, 6942, 1021900834, 7452, 1021117186, 6939, 1038309256, 7445, 1022030415, 7446, 1021941463, 7462, 1021838410, 7455, 1021176462, 7463, 1021223620, 6940, 1021111797, 6933, 1022024435, 6935, 1021130719, 6948, 1021092867, 7191, 1021127906, 6932, 1021105125, 6950, 1021844586, 6951, 1021228502, 6947, 1038310583, 6931, 1038311366]
[INFO] (lattice_cell.c: 455): on tick 26 of 50
[INFO] (lattice_cell.c: 172): the unmatched_packets is 56
[6928, 1037909651, 7184, 1037909685, 6944, 1037912800, 7456, 1037912862, 7200, 1037912836, 6936, 1037917261, 7448, 1037917356, 7440, 1037909709, 6929, 1038334562, 7185, 1038337725, 7457, 1038341125, 7201, 1038338532, 6945, 1038335329, 6937, 1038334836, 7449, 1038340587, 7441, 1038340281, 6946, 1038750988, 6930, 1038754120, 6938, 1038746472, 7458, 1038750938, 7450, 1038746382, 7202, 1038750960, 7442, 1038754060, 7186, 1038754082, 6947, 1038305143, 6931, 1038308251, 7187, 1038305155, 7459, 1038299428, 7203, 1038301987, 6939, 1038305795, 7451, 1038300159, 7443, 1038302675, 7188, 1021146318, 7204, 1021126708, 7460, 1021128868, 7452, 1021146921, 7444, 1021148451, 7205, 1022023560, 7461, 1022026908, 7453, 1022005948, 7206, 1022120329, 7462, 1022116887, 7454, 1022116070, 7207, 1020949610, 7463, 1020947344, 7455, 1020948707, 7189, 1021997677, 7190, 1022051814, 7191, 1021011044, 7445, 1022001023, 7446, 1022048401, 6932, 1021143438, 6940, 1021141924, 7447, 1021008740, 6933, 1021993726, 6941, 1021998623, 6935, 1021014070, 6942, 1022123375, 6949, 1022019580, 6950, 1022124339, 6951, 1020952630, 6943, 1020954141, 6934, 1022055838, 6948, 1021123827]
[INFO] (lattice_cell.c: 455): on tick 27 of 50
[INFO] (lattice_cell.c: 172): the unmatched_packets is 56
[6928, 1037842920, 7456, 1037881318, 6944, 1037881302, 7200, 1037881310, 6936, 1037852379, 7440, 1037842860, 7448, 1037852360, 7184, 1037842878, 6929, 1038343292, 7457, 1038349007, 7201, 1038346273, 6945, 1038342892, 7441, 1038349336, 6937, 1038341275, 7449, 1038347348, 7185, 1038346646, 6946, 1038772543, 6930, 1038812715, 7186, 1038812723, 7458, 1038772419, 7202, 1038772489, 6938, 1038802625, 7450, 1038802561, 7442, 1038812737, 7187, 1038308069, 7203, 1038309143, 7459, 1038306402, 7451, 1038305028, 7443, 1038305337, 7204, 1021134688, 7460, 1021137047, 7205, 1022002225, 7206, 1021906531, 7461, 1022005037, 7453, 1022033763, 7207, 1021150711, 7454, 1021837743, 7447, 1021207666, 7190, 1021860328, 7191, 1021209653, 7188, 1021106777, 6939, 1038311132, 7189, 1022019773, 7452, 1021109272, 7444, 1021109016, 7445, 1022022539, 7462, 1021903827, 7446, 1021857578, 7463, 1021148537, 7455, 1021225048, 6951, 1021153487, 6933, 1022016445, 6949, 1021998877, 6942, 1021843889, 6948, 1021131777, 6940, 1021104116, 6934, 1021863662, 6935, 1021212274, 6943, 1021229752, 6932, 1021103958, 6941, 1022027644, 6950, 1021909804, 6931, 1038311443, 6947, 1038312539]
[INFO] (lattice_cell.c: 455): on tick 28 of 50
[INFO] (lattice_cell.c: 172): the unmatched_packets is 56
[6928, 1037916003, 7456, 1037869981, 7200, 1037869973, 7448, 1037895694, 7440, 1037916058, 6944, 1037869976, 7184, 1037916030, 6936, 1037895684, 6929, 1038335047, 7185, 1038338174, 6945, 1038335412, 7457, 1038341177, 7201, 1038338593, 6937, 1038332554, 7449, 1038338239, 7441, 1038340669, 6946, 1038795014, 6930, 1038747895, 7186, 1038747875, 7458, 1038795010, 7202, 1038795014, 6938, 1038768779, 7450, 1038768784, 7442, 1038747862, 7203, 1038301164, 7459, 1038298650, 7451, 1038297613, 7443, 1038300573, 7204, 1021129247, 7460, 1021131535, 7452, 1021127405, 7205, 1022018109, 7461, 1022021391, 7453, 1022035267, 7454, 1022071906, 7206, 1021965285, 7447, 1020938337, 7207, 1021105759, 7190, 1022131707, 7191, 1020940728, 6947, 1038304300, 6931, 1038306158, 7189, 1022015348, 7188, 1021129038, 7187, 1038303053, 7444, 1021131310, 7445, 1022018670, 7462, 1021961758, 6943, 1021007932, 6951, 1021108771, 7446, 1022128427, 7455, 1021002597, 7463, 1021103420, 6932, 1021126034, 6942, 1022079326, 6935, 1020943870, 6940, 1021122109, 6939, 1038303250, 6948, 1021126209, 6941, 1022028103, 6950, 1021969448, 6949, 1022014205, 6933, 1022011394, 6934, 1022135590]
[INFO] (lattice_cell.c: 455): on tick 29 of 50
[INFO] (lattice_cell.c: 172): the unmatched_packets is 56
[6928, 1037862602, 7184, 1037862606, 6944, 1037885650, 6936, 1037890436, 7456, 1037885659, 7200, 1037885658, 7448, 1037890472, 7440, 1037862613, 6929, 1038340287, 7185, 1038343675, 6945, 1038345200, 7457, 1038351335, 6937, 1038341862, 7201, 1038348596, 7449, 1038347961, 7441, 1038346411, 6946, 1038769030, 6930, 1038791975, 6938, 1038763423, 7186, 1038791932, 7458, 1038768926, 7202, 1038768980, 7450, 1038763306, 7442, 1038791896, 7203, 1038307717, 7459, 1038304928, 7451, 1038305469, 7443, 1038307949, 7187, 1038310652, 7204, 1021116148, 7460, 1021118277, 7205, 1022013640, 7461, 1022016526, 7453, 1022000005, 7454, 1021975172, 7446, 1021874407, 7206, 1022029239, 7207, 1021035045, 6947, 1038311129, 7191, 1021181709, 7189, 1022005185, 6931, 1038314002, 7190, 1021877188, 7188, 1021134187, 7452, 1021143725, 7444, 1021136234, 7445, 1022007923, 7462, 1022026519, 6951, 1021037650, 7463, 1021033045, 7455, 1021084993, 7447, 1021179713, 6949, 1022010197, 6940, 1021138914, 6934, 1021880501, 6933, 1022001920, 6942, 1021981079, 6948, 1021113403, 6932, 1021131537, 6941, 1021993859, 6943, 1021089734, 6935, 1021184322, 6950, 1022032508, 6939, 1038311582]
[INFO] (lattice_cell.c: 455): on tick 30 of 50
[INFO] (lattice_cell.c: 172): the unmatched_packets is 56
[6928, 1037893122, 7184, 1037893101, 6944, 1037894649, 6936, 1037875957, 7456, 1037894715, 7200, 1037894683, 7448, 1037875983, 7440, 1037893085, 6929, 1038336838, 7185, 1038339918, 6945, 1038336064, 6937, 1038335587, 7457, 1038341776, 7449, 1038341203, 7201, 1038339222, 7441, 1038342371, 6930, 1038771302, 6946, 1038769106, 6938, 1038788663, 7186, 1038771312, 7458, 1038769015, 7202, 1038769062, 7450, 1038788629, 7442, 1038771344, 7203, 1038302112, 7459, 1038299622, 7451, 1038299144, 7443, 1038299815, 7187, 1038302298, 7204, 1021124127, 7460, 1021126582, 7205, 1022022905, 7461, 1022026118, 7207, 1021094744, 7462, 1021968034, 7454, 1021930095, 7455, 1021136387, 7447, 1021075013, 7206, 1021971395, 6947, 1038305229, 7190, 1021997213, 7189, 1022062817, 7188, 1021073127, 7191, 1021077352, 7452, 1021118375, 7444, 1021075607, 7453, 1022030499, 7445, 1022066116, 6933, 1022058858, 7446, 1021993885, 7463, 1021092233, 6932, 1021069949, 6940, 1021112713, 6934, 1022001234, 6943, 1021141912, 6949, 1022019049, 6939, 1038304712, 6942, 1021937547, 6950, 1021975404, 6935, 1021080396, 6951, 1021097936, 6941, 1022023349, 6948, 1021120945, 6931, 1038305395]
[INFO] (lattice_cell.c: 455): on tick 31 of 50
[INFO] (lattice_cell.c: 172): the unmatched_packets is 56
[6928, 1037869881, 7184, 1037869900, 6944, 1037871487, 6936, 1037864527, 7456, 1037871517, 7448, 1037864528, 7200, 1037871505, 7440, 1037869927, 6929, 1038340958, 7185, 1038344352, 6945, 1038341672, 6937, 1038339382, 7457, 1038347866, 7449, 1038345529, 7201, 1038345086, 7441, 1038347073, 6930, 1038784954, 6946, 1038783073, 7186, 1038784908, 7458, 1038782957, 6938, 1038790859, 7202, 1038783014, 7450, 1038790798, 7442, 1038784860, 7203, 1038308493, 7459, 1038305736, 7451, 1038304085, 7443, 1038305845, 7187, 1038308557, 7204, 1021135899, 7460, 1021137920, 7452, 1021153697, 7444, 1021212972, 7205, 1022006332, 7461, 1022009189, 7445, 1021930941, 7454, 1022016125, 7206, 1021950803, 7207, 1021109562, 7189, 1021928129, 7191, 1021031847, 7190, 1022034593, 7188, 1021211133, 6939, 1038310203, 6940, 1021149242, 7453, 1021999809, 7462, 1021947920, 7446, 1022031855, 7463, 1021107657, 7455, 1021050580, 7447, 1021029920, 6934, 1022037846, 6935, 1021034448, 6933, 1021924759, 6942, 1022022330, 6932, 1021208643, 6949, 1022002953, 6941, 1021993660, 6950, 1021954223, 6951, 1021112085, 6943, 1021054927, 6948, 1021133249, 6947, 1038311896, 6931, 1038311922]
[INFO] (lattice_cell.c: 455): on tick 32 of 50
[INFO] (lattice_cell.c: 172): the unmatched_packets is 56
[6928, 1037913199, 6944, 1037890835, 7184, 1037913188, 6936, 1037917551, 7456, 1037890828, 7448, 1037917559, 7200, 1037890832, 7440, 1037913181, 6929, 1038334618, 6945, 1038338519, 7185, 1038337717, 6937, 1038336174, 7457, 1038344188, 7449, 1038341757, 7201, 1038341651, 7441, 1038340188, 6946, 1038773653, 6930, 1038750317, 6938, 1038745790, 7186, 1038750307, 7458, 1038773616, 7202, 1038773630, 7450, 1038745748, 7442, 1038750315, 7203, 1038301015, 7459, 1038298491, 7451, 1038298312, 7443, 1038301449, 7187, 1038303898, 7204, 1021096015, 7460, 1021098617, 7452, 1021057857, 7205, 1022041933, 7461, 1022045126, 7453, 1022092472, 7462, 1021984423, 7206, 1021987724, 7447, 1021136678, 7207, 1021082095, 7188, 1021013304, 7189, 1022132059, 7191, 1021139178, 7444, 1021015907, 7190, 1021928061, 7445, 1022135180, 6933, 1022128323, 7454, 1021992714, 7446, 1021924875, 7463, 1021079619, 7455, 1021077045, 6939, 1038303908, 6934, 1021931932, 6941, 1022085486, 6950, 1021991710, 6948, 1021092738, 6940, 1021051987, 6942, 1021999761, 6935, 1021142336, 6943, 1021082784, 6951, 1021085244, 6949, 1022038051, 6932, 1021010018, 6947, 1038304142, 6931, 1038306981]
[INFO] (lattice_cell.c: 455): on tick 33 of 50
[INFO] (lattice_cell.c: 172): the unmatched_packets is 56
[6928, 1037838784, 6944, 1037866921, 6936, 1037851969, 7456, 1037866976, 7448, 1037852076, 7200, 1037866957, 7440, 1037838831, 7184, 1037838798, 6929, 1038344211, 6945, 1038341952, 7185, 1038347539, 6937, 1038341771, 7457, 1038348122, 7449, 1038347872, 7201, 1038345355, 7441, 1038350220, 6946, 1038787997, 6930, 1038816796, 6938, 1038802857, 7186, 1038816754, 7458, 1038787859, 7202, 1038787923, 7450, 1038802710, 7442, 1038816737, 7459, 1038304889, 7203, 1038307631, 7451, 1038305040, 7443, 1038306634, 7204, 1021188686, 7460, 1021190551, 7444, 1021248685, 7205, 1021954522, 7445, 1021880508, 7453, 1021900288, 7446, 1021980348, 7462, 1022009194, 7206, 1022012132, 7207, 1021050504, 7189, 1021877495, 6947, 1038311004, 6931, 1038312657, 6939, 1038311087, 7190, 1021983301, 7188, 1021246869, 7452, 1021242702, 7187, 1038309324, 7461, 1021957459, 7454, 1021968657, 7191, 1021080214, 7447, 1021078429, 7463, 1021048603, 6948, 1021186145, 7455, 1021092071, 6941, 1021893866, 6934, 1021986778, 6942, 1021975044, 6949, 1021951041, 6943, 1021096465, 6933, 1021873946, 6950, 1022015555, 6932, 1021244400, 6935, 1021082712, 6951, 1021053054, 6940, 1021238387]
[INFO] (lattice_cell.c: 455): on tick 34 of 50
[INFO] (lattice_cell.c: 172): the unmatched_packets is 56
[6928, 1037904331, 6944, 1037916148, 6936, 1037908254, 7456, 1037916167, 7184, 1037904320, 7200, 1037916165, 7448, 1037908208, 7440, 1037904314, 6929, 1038333000, 6945, 1038336249, 7185, 1038336156, 6937, 1038332282, 7457, 1038341969, 7449, 1038337975, 7201, 1038339423, 7441, 1038338686, 6930, 1038760267, 6946, 1038747154, 6938, 1038755984, 7186, 1038760246, 7458, 1038747074, 7202, 1038747112, 7450, 1038755961, 7442, 1038760231, 7203, 1038302146, 7459, 1038299622, 7187, 1038302128, 7451, 1038298744, 7443, 1038299644, 7204, 1021027733, 7460, 1021030423, 7444, 1021020562, 7205, 1022119572, 7206, 1021953014, 6947, 1038305298, 7461, 1022122616, 7445, 1022139398, 7207, 1021113192, 7462, 1021949857, 7455, 1021114321, 7447, 1021054849, 6931, 1038305245, 7190, 1022016610, 7189, 1022136425, 7188, 1021018082, 7452, 1021000204, 7453, 1022164625, 7454, 1021953763, 7191, 1021057303, 7446, 1022013549, 7463, 1021110622, 6935, 1021060412, 6943, 1021119898, 6942, 1021960739, 6948, 1021024386, 6949, 1022115879, 6933, 1022132746, 6950, 1021956832, 6932, 1021014925, 6940, 1020994250, 6941, 1022158084, 6951, 1021116377, 6934, 1022020370, 6939, 1038304365]
[INFO] (lattice_cell.c: 455): on tick 35 of 50
[INFO] (lattice_cell.c: 172): the unmatched_packets is 56
[6928, 1037896311, 6944, 1037844429, 7456, 1037844536, 7200, 1037844491, 7448, 1037859859, 6936, 1037859807, 7440, 1037896328, 7184, 1037896311, 6929, 1038342988, 6945, 1038345420, 7185, 1038346264, 6937, 1038344111, 7457, 1038351485, 7449, 1038350051, 7201, 1038348772, 7441, 1038348881, 6930, 1038756879, 6946, 1038810887, 7186, 1038756866, 6938, 1038795018, 7458, 1038810720, 7202, 1038810799, 7450, 1038794961, 7442, 1038756850, 6947, 1038310447, 6931, 1038312737, 7187, 1038309450, 6939, 1038310044, 7459, 1038304398, 7203, 1038307105, 7451, 1038304045, 7443, 1038306804, 7460, 1021250925, 7204, 1021249046, 7452, 1021236668, 7188, 1021152351, 7205, 1021878745, 7461, 1021881863, 7453, 1021898963, 7206, 1021980343, 7207, 1021083261, 7454, 1022005198, 7191, 1021091538, 6948, 1021246492, 7189, 1021979014, 7444, 1021154289, 7190, 1021972031, 6932, 1021149702, 7445, 1021982016, 7462, 1021977222, 7446, 1021969082, 7463, 1021081429, 7455, 1021059235, 7447, 1021089662, 6935, 1021094135, 6951, 1021085779, 6940, 1021232234, 6941, 1021892179, 6933, 1021975544, 6949, 1021875094, 6943, 1021063625, 6942, 1022011737, 6950, 1021983965, 6934, 1021975486]
[INFO] (lattice_cell.c: 455): on tick 36 of 50
[INFO] (lattice_cell.c: 172): the unmatched_packets is 56
[6928, 1037866368, 6944, 1037907323, 7456, 1037907301, 7200, 1037907319, 7448, 1037889184, 7440, 1037866398, 6936, 1037889129, 7184, 1037866382, 6929, 1038335542, 6945, 1038334189, 7185, 1038338716, 6937, 1038333931, 7457, 1038340053, 7449, 1038339738, 7201, 1038337431, 7441, 1038341263, 6930, 1038798616, 6946, 1038757098, 7186, 1038798572, 6938, 1038775570, 7458, 1038757011, 7202, 1038757053, 7450, 1038775438, 7442, 1038798540, 6947, 1038304853, 6931, 1038305925, 6939, 1038304348, 7187, 1038302785, 7459, 1038299121, 7203, 1038301676, 7451, 1038298654, 7443, 1038300268, 6948, 1020999731, 7188, 1021170382, 6932, 1021167306, 6940, 1021078243, 7460, 1021005634, 7204, 1021003008, 7452, 1021083818, 7444, 1021172812, 7205, 1022154209, 7461, 1022157060, 7206, 1021982378, 7446, 1021955708, 7207, 1021084706, 7190, 1021958674, 7453, 1022075558, 7445, 1021973835, 7462, 1021979307, 7454, 1021997103, 7463, 1021082228, 7447, 1021107120, 7455, 1021069913, 6934, 1021962389, 7189, 1021970864, 7191, 1021109564, 6933, 1021967189, 6950, 1021986129, 6942, 1022003755, 6951, 1021087816, 6935, 1021112644, 6943, 1021075509, 6941, 1022069053, 6949, 1022150707]
[INFO] (lattice_cell.c: 455): on tick 37 of 50
[INFO] (lattice_cell.c: 172): the unmatched_packets is 56
[6928, 1037875259, 6944, 1037881407, 7456, 1037881441, 7200, 1037881423, 7448, 1037896041, 7440, 1037875285, 6936, 1037896001, 7184, 1037875261, 7185, 1038345630, 6929, 1038342377, 6945, 1038344647, 6937, 1038341316, 7457, 1038350546, 7449, 1038347170, 7201, 1038347917, 7441, 1038348224, 6930, 1038779920, 6946, 1038772421, 7186, 1038779892, 6938, 1038757522, 7458, 1038772354, 7450, 1038757456, 7202, 1038772391, 7442, 1038779871, 6947, 1038312497, 6931, 1038312008, 6939, 1038310802, 7187, 1038308768, 7459, 1038306523, 7451, 1038304923, 7203, 1038309194, 7443, 1038306168, 7204, 1021193526, 7460, 1021195550, 7452, 1021101431, 7444, 1021079975, 7188, 1021078084, 7205, 1021939349, 7461, 1021942557, 7445, 1022060041, 7206, 1021984064, 7454, 1021957933, 7207, 1021071697, 7446, 1021986698, 7463, 1021069785, 6948, 1021190809, 7191, 1021076864, 6932, 1021075450, 7189, 1022056925, 7190, 1021989845, 7453, 1022045803, 7462, 1021980890, 7455, 1021105122, 7447, 1021075053, 6943, 1021109558, 6951, 1021074304, 6933, 1022053334, 6934, 1021993509, 6942, 1021964730, 6935, 1021079414, 6940, 1021096669, 6949, 1021935621, 6941, 1022039172, 6950, 1021987736]
[INFO] (lattice_cell.c: 455): on tick 38 of 50
[INFO] (lattice_cell.c: 172): the unmatched_packets is 56
[6928, 1037896819, 6944, 1037874097, 6936, 1037873619, 7184, 1037896800, 7456, 1037874205, 7200, 1037874151, 7448, 1037873619, 7440, 1037896780, 6929, 1038334588, 6945, 1038336781, 7185, 1038337805, 6937, 1038334677, 7457, 1038342737, 7449, 1038340516, 7201, 1038340069, 7441, 1038340372, 6930, 1038767254, 6946, 1038790823, 6938, 1038791158, 7186, 1038767241, 7458, 1038790609, 7202, 1038790712, 7450, 1038791065, 7442, 1038767239, 6931, 1038305806, 6947, 1038304948, 6939, 1038302209, 7187, 1038302621, 7459, 1038299098, 7203, 1038301708, 7451, 1038296431, 7443, 1038300077, 6948, 1021139182, 7188, 1021114117, 6932, 1021111034, 6940, 1021173112, 7460, 1021144685, 7452, 1021178677, 7204, 1021142242, 7444, 1021116586, 7205, 1022003066, 7461, 1022005925, 7445, 1022035769, 7206, 1021980189, 7454, 1021971609, 7207, 1021084674, 7191, 1021072968, 7190, 1021997403, 7453, 1021975844, 7462, 1021977310, 7446, 1021994594, 7463, 1021082200, 7455, 1021101888, 7447, 1021070545, 7189, 1022032997, 6934, 1022000898, 6933, 1022029564, 6941, 1021969498, 6950, 1021983772, 6943, 1021107344, 6942, 1021978089, 6951, 1021087746, 6935, 1021075968, 6949, 1021999525]
[INFO] (lattice_cell.c: 455): on tick 39 of 50
[INFO] (lattice_cell.c: 172): the unmatched_packets is 56
[6928, 1037880509, 7184, 1037880536, 6944, 1037888721, 6936, 1037872202, 7456, 1037888764, 7448, 1037872253, 7440, 1037880546, 7200, 1037888738, 6929, 1038343072, 7185, 1038346250, 6945, 1038343418, 6937, 1038342548, 7457, 1038349287, 7449, 1038348332, 7441, 1038348772, 7201, 1038346659, 6930, 1038773342, 7186, 1038773322, 6946, 1038765675, 6938, 1038782852, 7458, 1038765570, 7450, 1038782776, 7202, 1038765622, 7442, 1038773298, 7459, 1038304265, 7203, 1038306862, 7187, 1038310643, 7451, 1038303916, 7443, 1038308082, 7204, 1021072751, 7460, 1021074819, 7452, 1021118881, 7205, 1022065553, 7461, 1022068779, 7454, 1022000022, 7206, 1021973116, 7463, 1021091458, 7447, 1021078451, 7207, 1021093359, 7189, 1021977317, 7190, 1021977179, 7188, 1021155578, 6940, 1021114234, 6933, 1021973532, 7191, 1021080391, 7444, 1021157529, 6951, 1021095941, 7453, 1022025831, 7445, 1021980561, 7462, 1021969740, 7446, 1021973964, 6949, 1022061838, 7455, 1021065277, 6942, 1022007136, 6950, 1021977052, 6935, 1021083090, 6948, 1021069920, 6941, 1022018766, 6943, 1021069786, 6932, 1021152869, 6934, 1021980858, 6939, 1038309698, 6931, 1038313814, 6947, 1038310100]
[INFO] (lattice_cell.c: 455): on tick 40 of 50
[INFO] (lattice_cell.c: 172): the unmatched_packets is 56
[6928, 1037878796, 7184, 1037878834, 6944, 1037885658, 6936, 1037896663, 7456, 1037885726, 7448, 1037896727, 7440, 1037878859, 7200, 1037885695, 6929, 1038335307, 7185, 1038338578, 6945, 1038336223, 6937, 1038334307, 7457, 1038342219, 7449, 1038340237, 7441, 1038341198, 7201, 1038339538, 6930, 1038786070, 7186, 1038786010, 6946, 1038778640, 6938, 1038767485, 7458, 1038778491, 7450, 1038767341, 7202, 1038778566, 7442, 1038785951, 6947, 1038306667, 6931, 1038306281, 7187, 1038303055, 6939, 1038305114, 7459, 1038300750, 7203, 1038303392, 7451, 1038299263, 7443, 1038300481, 7460, 1021146179, 7204, 1021143707, 7452, 1021100506, 7444, 1021121958, 7188, 1021119636, 7205, 1022004202, 7461, 1022006896, 7453, 1022056448, 7206, 1021967505, 7207, 1021090288, 7191, 1021099979, 6948, 1021140584, 7189, 1022023258, 7190, 1021967581, 7445, 1022025955, 7462, 1021964742, 6932, 1021116709, 7446, 1021964843, 7454, 1021984648, 7463, 1021087843, 7455, 1021079767, 7447, 1021097657, 6934, 1021971015, 6941, 1022050515, 6942, 1021990740, 6935, 1021102876, 6940, 1021095077, 6949, 1022000854, 6943, 1021085139, 6950, 1021970923, 6933, 1022019857, 6951, 1021093317]
[INFO] (lattice_cell.c: 455): on tick 41 of 50
[INFO] (lattice_cell.c: 172): the unmatched_packets is 56
[6928, 1037881580, 6944, 1037878509, 7184, 1037881570, 7456, 1037878525, 7448, 1037885014, 7200, 1037878519, 7440, 1037881564, 6936, 1037885017, 6929, 1038341603, 7185, 1038344736, 6945, 1038344225, 6937, 1038341860, 7457, 1038350000, 7449, 1038347521, 7201, 1038347423, 7441, 1038347232, 6930, 1038773040, 7186, 1038773035, 6946, 1038776016, 6938, 1038768807, 7458, 1038775917, 7450, 1038768770, 7202, 1038775967, 7442, 1038773030, 6947, 1038309560, 6931, 1038311211, 7187, 1038308085, 6939, 1038308248, 7459, 1038303787, 7451, 1038302555, 7203, 1038306365, 7443, 1038305588, 7460, 1021154696, 7204, 1021152577, 7452, 1021149095, 7205, 1021983938, 7461, 1021987358, 7445, 1022039198, 7206, 1022007907, 7207, 1021058206, 7446, 1021979292, 7463, 1021056292, 7447, 1021083813, 7188, 1021102908, 7190, 1021982650, 6948, 1021149754, 7444, 1021104993, 7191, 1021085729, 6932, 1021100079, 7189, 1022035950, 7453, 1021997777, 7462, 1022004420, 7454, 1021974932, 7455, 1021095554, 6933, 1022032186, 6950, 1022011946, 6934, 1021986567, 6935, 1021088390, 6940, 1021144103, 6949, 1021979982, 6941, 1021990617, 6942, 1021982246, 6943, 1021100156, 6951, 1021060815]
[INFO] (lattice_cell.c: 455): on tick 42 of 50
[INFO] (lattice_cell.c: 172): the unmatched_packets is 56
[6928, 1037887064, 7184, 1037887082, 6944, 1037879127, 6936, 1037871341, 7456, 1037879300, 7448, 1037871472, 7200, 1037879222, 7440, 1037887094, 6929, 1038336015, 7185, 1038339306, 6945, 1038336568, 6937, 1038335606, 7457, 1038342659, 7449, 1038341600, 7201, 1038339931, 7441, 1038341938, 6930, 1038777168, 6946, 1038785580, 7186, 1038777137, 6938, 1038793647, 7458, 1038785348, 7450, 1038793469, 7202, 1038785460, 7442, 1038777107, 6947, 1038304176, 6931, 1038307672, 7187, 1038304422, 6939, 1038304736, 7459, 1038298193, 7203, 1038300863, 7451, 1038298837, 7443, 1038301812, 7460, 1021099383, 7204, 1021097059, 7444, 1021133361, 7205, 1022049317, 7188, 1021131100, 7461, 1022051927, 7207, 1021117513, 7462, 1021948589, 7206, 1021951259, 7463, 1021115102, 7191, 1021078567, 7189, 1022010874, 6948, 1021094151, 7452, 1021140943, 7445, 1022013478, 7453, 1022010464, 6932, 1021128225, 7446, 1021980487, 7454, 1021961797, 7190, 1021983084, 7455, 1021102040, 7447, 1021076276, 6933, 1022007592, 6935, 1021081480, 6949, 1022046073, 6950, 1021954565, 6943, 1021107335, 6940, 1021135824, 6941, 1022004524, 6951, 1021120529, 6934, 1021986342, 6942, 1021967758]
[INFO] (lattice_cell.c: 455): on tick 43 of 50
[INFO] (lattice_cell.c: 172): the unmatched_packets is 56
[6928, 1037881067, 7184, 1037881053, 6944, 1037905391, 6936, 1037888046, 7456, 1037905392, 7448, 1037888032, 7200, 1037905403, 7440, 1037881053, 6929, 1038343961, 7185, 1038347055, 6945, 1038343066, 6937, 1038341435, 7457, 1038348768, 7449, 1038347062, 7201, 1038346218, 7441, 1038349513, 6930, 1038773228, 7186, 1038773216, 6946, 1038748346, 6938, 1038766594, 7458, 1038748212, 7450, 1038766510, 7202, 1038748276, 7442, 1038773202, 6931, 1038311123, 6947, 1038314278, 7187, 1038308014, 6939, 1038310669, 7459, 1038308594, 7203, 1038311124, 7451, 1038305046, 7443, 1038305542, 7204, 1021132055, 7460, 1021134378, 7444, 1021140954, 7205, 1022008737, 7461, 1022012078, 7445, 1021994654, 7188, 1021138832, 7206, 1022023451, 7455, 1021046020, 7207, 1021024490, 7189, 1021991286, 7191, 1021071033, 7190, 1021996548, 7452, 1021115562, 6932, 1021135958, 7453, 1022034307, 7462, 1022019952, 7446, 1021993199, 7454, 1022014636, 7463, 1021022499, 6942, 1022022147, 6935, 1021073745, 7447, 1021069059, 6933, 1021987353, 6950, 1022027529, 6940, 1021110423, 6949, 1022004866, 6941, 1022027068, 6934, 1022000471, 6951, 1021027212, 6943, 1021050593, 6948, 1021128983]
[INFO] (lattice_cell.c: 455): on tick 44 of 50
[INFO] (lattice_cell.c: 172): the unmatched_packets is 56
[6928, 1037875893, 6944, 1037851804, 7184, 1037875955, 6936, 1037877154, 7456, 1037851898, 7448, 1037877254, 7200, 1037851852, 7440, 1037876007, 6929, 1038336165, 7185, 1038339484, 6945, 1038337120, 6937, 1038333563, 7457, 1038343241, 7449, 1038339597, 7201, 1038340503, 7441, 1038342141, 6930, 1038788842, 7186, 1038788764, 6946, 1038813406, 6938, 1038787218, 7458, 1038813276, 7450, 1038787107, 7202, 1038813332, 7442, 1038788709, 6931, 1038305201, 7187, 1038301928, 6947, 1038301176, 6939, 1038300415, 7459, 1038295145, 7451, 1038294457, 7203, 1038297835, 7443, 1038299304, 6932, 1021105018, 6948, 1021127630, 7188, 1021107748, 6940, 1021108808, 7460, 1021132679, 7204, 1021130442, 7452, 1021113815, 7444, 1021109867, 7205, 1022013355, 7461, 1022016010, 7453, 1022046133, 7445, 1022035153, 7206, 1021881594, 7446, 1021952867, 7455, 1021144562, 7207, 1021197249, 7190, 1021955475, 7191, 1021116662, 7462, 1021878810, 7454, 1021937761, 6949, 1022010097, 7463, 1021195016, 7447, 1021114420, 6933, 1022029381, 7189, 1022032581, 6934, 1021958694, 6943, 1021149680, 6941, 1022040408, 6950, 1021884967, 6951, 1021200085, 6935, 1021119512, 6942, 1021943624]
[INFO] (lattice_cell.c: 455): on tick 45 of 50
[INFO] (lattice_cell.c: 172): the unmatched_packets is 56
[7184, 1037897770, 6928, 1037897782, 7456, 1037906562, 6944, 1037906463, 7200, 1037906518, 6936, 1037906919, 7448, 1037906947, 7440, 1037897760, 7185, 1038343912, 6929, 1038340844, 6945, 1038345308, 6937, 1038341491, 7457, 1038350964, 7449, 1038347053, 7201, 1038348448, 7441, 1038346364, 7186, 1038756256, 6930, 1038756289, 6946, 1038747862, 6938, 1038746665, 7458, 1038747622, 7450, 1038746532, 7202, 1038747732, 7442, 1038756222, 7187, 1038312597, 6931, 1038315655, 6947, 1038313056, 6939, 1038313367, 7459, 1038307386, 7451, 1038307805, 7203, 1038309913, 7443, 1038310145, 7188, 1021122007, 7204, 1021133233, 7460, 1021135587, 7452, 1021163845, 7205, 1022000930, 7461, 1022004326, 7453, 1021986594, 7445, 1022024285, 7207, 1020938670, 7446, 1022011774, 7206, 1022113899, 7463, 1020936524, 7190, 1022015164, 7189, 1022020978, 7444, 1021124269, 6948, 1021130135, 7191, 1021034297, 7462, 1022110552, 7454, 1022057881, 7455, 1020990836, 7447, 1021032276, 6949, 1021996968, 6935, 1021037042, 6932, 1021119002, 6933, 1022017089, 6941, 1021979314, 6950, 1022117823, 6942, 1022065159, 6934, 1022019164, 6940, 1021158452, 6943, 1020995777, 6951, 1020941557]
[INFO] (lattice_cell.c: 455): on tick 46 of 50
[INFO] (lattice_cell.c: 172): the unmatched_packets is 56
[6928, 1037862256, 6944, 1037871512, 6936, 1037847092, 7184, 1037862261, 7456, 1037871597, 7448, 1037847167, 7200, 1037871558, 7440, 1037862271, 6929, 1038338431, 6945, 1038337314, 6937, 1038336331, 7185, 1038341739, 7457, 1038343492, 7449, 1038342395, 7201, 1038340725, 7441, 1038344377, 6930, 1038802586, 6946, 1038792809, 7186, 1038802584, 6938, 1038818373, 7458, 1038792677, 7450, 1038818292, 7202, 1038792735, 7442, 1038802577, 6947, 1038303863, 6931, 1038302160, 7187, 1038298866, 6939, 1038301291, 7459, 1038297858, 7203, 1038300531, 7451, 1038295321, 7443, 1038296220, 7204, 1021103126, 7460, 1021105272, 7452, 1021119379, 7205, 1022039611, 7461, 1022042198, 7453, 1022027861, 7188, 1021115747, 7206, 1021867440, 7463, 1021199330, 7447, 1021171957, 7207, 1021201444, 7191, 1021174036, 6948, 1021100369, 7189, 1022016174, 7444, 1021117842, 7190, 1021908793, 7445, 1022018780, 6933, 1022012973, 7462, 1021864489, 7454, 1021858308, 7446, 1021906140, 7455, 1021219053, 6950, 1021870992, 6942, 1021864534, 6934, 1021912049, 6943, 1021223764, 6932, 1021113024, 6940, 1021114632, 6949, 1022036416, 6941, 1022022005, 6935, 1021176728, 6951, 1021204117]
[INFO] (lattice_cell.c: 455): on tick 47 of 50
[INFO] (lattice_cell.c: 172): the unmatched_packets is 56
[6928, 1037908744, 6944, 1037889519, 7184, 1037908784, 6936, 1037904200, 7456, 1037889580, 7448, 1037904307, 7200, 1037889554, 7440, 1037908815, 6929, 1038341165, 6945, 1038342109, 7185, 1038344238, 6937, 1038339244, 7457, 1038347731, 7449, 1038344815, 7201, 1038345225, 7441, 1038346694, 6930, 1038745056, 6946, 1038765000, 7186, 1038744987, 6938, 1038750237, 7458, 1038764812, 7450, 1038750022, 7202, 1038764908, 7442, 1038744925, 6947, 1038311685, 6931, 1038314401, 6939, 1038310624, 7187, 1038311348, 7459, 1038305985, 7451, 1038305056, 7203, 1038308532, 7443, 1038308907, 6948, 1021126749, 7188, 1021149011, 6932, 1021146018, 6940, 1021117702, 7460, 1021132435, 7204, 1021129952, 7452, 1021123149, 7444, 1021151244, 7205, 1022015582, 7461, 1022018912, 7206, 1022030062, 7453, 1022037588, 7445, 1021997441, 7446, 1022093560, 7207, 1021027656, 7455, 1020954002, 7189, 1021994209, 7190, 1022096759, 7191, 1020957437, 7462, 1022026843, 7454, 1022106952, 7463, 1021025472, 7447, 1020955204, 6934, 1022100554, 6933, 1021990334, 6941, 1022030465, 6942, 1022113911, 6951, 1021030583, 6943, 1020959186, 6935, 1020960433, 6949, 1022011662, 6950, 1022033918]
[INFO] (lattice_cell.c: 455): on tick 48 of 50
[INFO] (lattice_cell.c: 172): the unmatched_packets is 56
[6928, 1037852914, 6944, 1037890961, 7184, 1037852913, 6936, 1037883006, 7456, 1037891089, 7448, 1037883038, 7200, 1037891022, 7440, 1037852913, 6929, 1038335660, 6945, 1038340147, 7185, 1038338967, 6937, 1038336892, 7457, 1038346278, 7449, 1038342901, 7201, 1038343538, 7441, 1038341592, 6930, 1038812213, 6946, 1038773064, 7186, 1038812201, 6938, 1038780864, 7458, 1038772875, 7450, 1038780784, 7202, 1038772966, 7442, 1038812193, 6947, 1038303816, 6931, 1038305174, 6939, 1038302930, 7187, 1038301890, 7459, 1038297819, 7451, 1038297030, 7203, 1038300486, 7443, 1038299276, 7460, 1021148976, 7204, 1021146870, 7452, 1021125909, 7444, 1021120995, 7205, 1021986621, 7461, 1021989352, 7453, 1022020920, 7188, 1021118975, 7207, 1021081876, 7206, 1021986076, 7446, 1021855526, 7463, 1021079784, 7455, 1021163088, 7447, 1021210530, 7191, 1021212428, 7189, 1022022524, 7190, 1021858415, 6932, 1021116340, 7445, 1022025222, 7462, 1021983138, 7454, 1021907472, 6934, 1021861883, 6941, 1022015023, 6933, 1022019238, 6942, 1021913975, 6950, 1021989585, 6935, 1021214925, 6943, 1021167628, 6940, 1021121069, 6949, 1021983365, 6951, 1021084558, 6948, 1021144150]
[INFO] (lattice_cell.c: 455): on tick 49 of 50
[INFO] (lattice_cell.c: 172): the unmatched_packets is 56
[6928, 1037903229, 6944, 1037863425, 6936, 1037876431, 7184, 1037903287, 7456, 1037863533, 7448, 1037876475, 7200, 1037863478, 7440, 1037903332, 6929, 1038345193, 6945, 1038341578, 7185, 1038348255, 6937, 1038341569, 7457, 1038347264, 7449, 1038347148, 7201, 1038344716, 7441, 1038350701, 6930, 1038750878, 6946, 1038791953, 7186, 1038750800, 6938, 1038778264, 7458, 1038791717, 7450, 1038778130, 7202, 1038791828, 7442, 1038750728, 6947, 1038312078, 6931, 1038312710, 6939, 1038310327, 7459, 1038306424, 7203, 1038308947, 7451, 1038304724, 7443, 1038307176, 7187, 1038309633, 6948, 1021113648, 6932, 1021077784, 6940, 1021122403, 7188, 1021080847, 7460, 1021119298, 7452, 1021127908, 7204, 1021116844, 7444, 1021083183, 6949, 1022025829, 6933, 1022042751, 6941, 1022014640, 7189, 1022046521, 7461, 1022032862, 7453, 1022021625, 7205, 1022029657, 7445, 1022049632, 7206, 1021929875, 7462, 1021926602, 7454, 1021979222, 7446, 1022060171, 7190, 1022063190, 7463, 1021122923, 7207, 1021125191, 7447, 1020996477, 7191, 1020998798, 7455, 1021081418, 6950, 1021933813, 6934, 1022066840, 6935, 1021001854, 6951, 1021128163, 6942, 1021986094, 6943, 1021086664]
[INFO] (lattice_cell.c: 455): on tick 50 of 50
[INFO] (lattice_cell.c: 466): updating recording regions
[INFO] (recording.c: 507): 	Finalising channel 0 - state info stored in SDRAM
[INFO] (recording.c: 512): closed channel 0.
[INFO] (lattice_cell.c: 470): Simulation complete.

