[INFO] (lattice_cell.c: 604): starting lattice cell
[INFO] (lattice_cell.c: 526): Initialise: started
[INFO] (data_specification.c: 78): magic = ad130ad6, version = 1.0
[INFO] (lattice_cell.c: 555): my key is 4008
[INFO] (lattice_cell.c: 562): I'm in position ( 15, 21)
[INFO] (lattice_cell.c: 568): my n key is 3752
[INFO] (lattice_cell.c: 574): my U_X = 0.009928127750754356
[INFO] (lattice_cell.c: 575): my U_Y = -0.0004903926164843142
[INFO] (lattice_cell.c: 583): input_buffer initialised
[INFO] (recording.c: 563): Recording 1 regions, using output tag 0, size before trigger 7686388, time between triggers 50
[INFO] (recording.c: 665): Recording channel 0 configured to use 7686132 byte memory block starting at 0x64b90f74
[INFO] (lattice_cell.c: 588): Recording flags = 0x00000001
[INFO] (lattice_cell.c: 619): setting timer to execute every 200000 microseconds
[INFO] (lattice_cell.c: 627): Starting

[INFO] (simulation.c: 159): Setting the runtime of this model to 50 starting at 0
[INFO] (simulation.c: 161): Setting the flag of infinite run for this model to 0
[INFO] (simulation.c: 175): Resuming
[INFO] (lattice_cell.c: 455): on tick 0 of 50
[3752, 1038776237, 4000, 1038779070, 3760, 1038758218, 3744, 1038779070, 4016, 1038758220, 4272, 1038758216, 4264, 1038776233, 4256, 1038779062, 3753, 1038298203, 4001, 1038296882, 3745, 1038298151, 3761, 1038298541, 4017, 1038297274, 4257, 1038296448, 4002, 1037885272, 4018, 1037904556, 4003, 1038340762, 4004, 1021978631, 4020, 1021957843, 4019, 1038341152, 3755, 1038339537, 4021, 1021106686, 4006, 1021128715, 4007, 1022025139, 3757, 1021091259, 3758, 1021130133, 4259, 1038341186, 4005, 1021087463, 3766, 1021146850, 3750, 1021127516, 4267, 1038341240, 4022, 1021148057, 4023, 1022004232, 3767, 1022002881, 3754, 1037887883, 4274, 1037904550, 3746, 1037885274, 3762, 1037904552, 4273, 1038296838, 4265, 1038296500, 4275, 1038341578, 4276, 1021957383, 4261, 1021087054, 4277, 1021106276, 4263, 1022025590, 4278, 1021148457, 3763, 1038339873, 3747, 1038339485, 4270, 1021131736, 4279, 1022004682, 3756, 1021977153, 3764, 1021959182, 3748, 1021979978, 4258, 1037885268, 3765, 1021107879, 3749, 1021088658, 3759, 1022020947, 3751, 1022023788, 4260, 1021978171, 4262, 1021129115, 4271, 1022022752, 4268, 1021975350, 4266, 1037887879, 4269, 1021089658]
[INFO] (lattice_cell.c: 455): on tick 1 of 50
[INFO] (lattice_cell.c: 172): the unmatched_packets is 56
[4000, 1038773356, 3752, 1038766383, 3744, 1038773350, 4016, 1038726107, 3760, 1038726105, 4256, 1038773350, 4272, 1038726097, 4264, 1038766383, 4001, 1038305611, 3753, 1038306942, 3745, 1038306902, 4017, 1038305839, 3761, 1038307120, 4257, 1038305157, 4002, 1037881099, 4018, 1037926669, 4003, 1038348802, 3746, 1037881099, 4004, 1021972753, 4020, 1021908026, 4265, 1038305197, 4005, 1021083054, 3755, 1038347223, 4019, 1038347104, 3764, 1021908460, 3749, 1021085128, 4021, 1021144774, 3759, 1022029712, 4006, 1021122497, 4022, 1021075477, 3750, 1021120414, 4007, 1022021944, 3766, 1021073399, 4023, 1022073665, 3751, 1022021486, 4278, 1021076752, 4276, 1021908448, 4277, 1021143505, 4263, 1022021501, 4270, 1021116397, 4279, 1022073242, 4259, 1038349262, 4258, 1037881093, 4275, 1038347556, 4273, 1038305385, 3754, 1037887811, 4266, 1037887809, 3762, 1037926659, 3747, 1038347513, 3763, 1038345815, 3756, 1021963845, 3748, 1021973191, 3757, 1021094038, 4261, 1021081785, 4262, 1021123756, 3758, 1021113050, 3765, 1021146838, 4260, 1021973173, 4274, 1037926663, 3767, 1022073199, 4268, 1021963826, 4269, 1021090693, 4271, 1022029732, 4267, 1038348972]
[INFO] (lattice_cell.c: 455): on tick 2 of 50
[INFO] (lattice_cell.c: 172): the unmatched_packets is 56
[4000, 1038782611, 3752, 1038793750, 3744, 1038782613, 4016, 1038804105, 3760, 1038804101, 4272, 1038804109, 4264, 1038793758, 4001, 1038297068, 3753, 1038298437, 3745, 1038298355, 4017, 1038297993, 3761, 1038299284, 4257, 1038296628, 4273, 1038297557, 4002, 1037882680, 4265, 1038296723, 3754, 1037871645, 4018, 1037859940, 3746, 1037882682, 4003, 1038341723, 4021, 1021100613, 4006, 1021135426, 4022, 1021278478, 4004, 1021981822, 4274, 1037859940, 4007, 1022016962, 3757, 1021082313, 3764, 1021970070, 4019, 1038342591, 3758, 1021169161, 4020, 1021968723, 4005, 1021086502, 4023, 1021864862, 3767, 1021863585, 4269, 1021080614, 4261, 1021086036, 4277, 1021100145, 4262, 1021135886, 4278, 1021278911, 4270, 1021170858, 4279, 1021865282, 3762, 1037859944, 4271, 1021977893, 3755, 1038341334, 4256, 1038782609, 3747, 1038340430, 3763, 1038341282, 3756, 1021989095, 4259, 1038342155, 4267, 1038343077, 3748, 1021983157, 4258, 1037882676, 3749, 1021087746, 3765, 1021101864, 3759, 1021976096, 3750, 1021134198, 3766, 1021277271, 4268, 1021987284, 3751, 1022015622, 4275, 1038343045, 4260, 1021981351, 4276, 1021968265, 4263, 1022017434, 4266, 1037871647]
[INFO] (lattice_cell.c: 455): on tick 3 of 50
[INFO] (lattice_cell.c: 172): the unmatched_packets is 56
[4000, 1038760298, 3752, 1038727015, 3744, 1038760300, 4016, 1038716434, 3760, 1038716462, 4256, 1038760298, 4272, 1038716416, 4264, 1038727003, 4001, 1038306179, 3753, 1038308243, 3745, 1038307484, 4017, 1038307677, 4257, 1038305693, 4002, 1037893718, 4018, 1037936118, 4273, 1038307211, 3761, 1038308957, 4265, 1038306466, 3754, 1037925610, 4003, 1038347325, 3746, 1037893716, 3762, 1037936116, 4019, 1038347566, 4258, 1037893714, 4005, 1021092614, 3763, 1038346319, 4007, 1022056980, 4023, 1022190425, 4004, 1021962068, 3749, 1021094667, 3758, 1021003449, 4021, 1021121227, 4006, 1021093280, 4022, 1020952205, 3766, 1020950104, 4020, 1021934797, 3767, 1022189775, 4274, 1037936114, 4260, 1021962460, 4276, 1021935214, 4261, 1021091400, 4277, 1021120062, 4262, 1021094522, 3747, 1038346032, 3755, 1038345281, 4278, 1020953487, 4271, 1022145964, 3756, 1021939898, 3748, 1021962580, 3757, 1021117540, 3764, 1021935302, 4275, 1038348000, 3765, 1021123246, 3750, 1021091225, 3759, 1022145722, 3751, 1022056444, 4268, 1021939778, 4259, 1038347813, 4266, 1037925604, 4267, 1038347014, 4263, 1022056596, 4270, 1021006798, 4279, 1022190125, 4269, 1021114290]
[INFO] (lattice_cell.c: 455): on tick 4 of 50
[INFO] (lattice_cell.c: 172): the unmatched_packets is 56
[4000, 1038815747, 4016, 1038755440, 3752, 1038817376, 3744, 1038815739, 4256, 1038815749, 3760, 1038755422, 4001, 1038296684, 4017, 1038299166, 3753, 1038298511, 4272, 1038755458, 3745, 1038297987, 4264, 1038817400, 4002, 1037850499, 4003, 1038342999, 4257, 1038296246, 4020, 1021936637, 3755, 1038339396, 4018, 1037906205, 3763, 1038339074, 4022, 1021227846, 3748, 1022005851, 4023, 1021917944, 4019, 1038340429, 4266, 1037847900, 3749, 1021067151, 3758, 1021305252, 4004, 1022004571, 4005, 1021065828, 4021, 1021134768, 4006, 1021224932, 4007, 1021920927, 4273, 1038298710, 3761, 1038300481, 3754, 1037847900, 3746, 1037850495, 4274, 1037906213, 4267, 1038341255, 4275, 1038340923, 4260, 1022004125, 4268, 1021983296, 4261, 1021065252, 4269, 1021085845, 4262, 1021225435, 4277, 1021134178, 4263, 1021921307, 4270, 1021306957, 4278, 1021228276, 4279, 1021918214, 4271, 1021844609, 4258, 1037850501, 3762, 1037906201, 3747, 1038341662, 3756, 1021985022, 3764, 1021937937, 3757, 1021087762, 4265, 1038296754, 4259, 1038343471, 3765, 1021136083, 3750, 1021223660, 3759, 1021843154, 3766, 1021226609, 3751, 1021919694, 3767, 1021916853, 4276, 1021936191]
[INFO] (lattice_cell.c: 455): on tick 5 of 50
[INFO] (lattice_cell.c: 172): the unmatched_packets is 56
[4000, 1038728546, 3752, 1038760322, 3744, 1038728552, 4016, 1038755530, 4272, 1038755492, 4264, 1038760278, 3760, 1038755574, 4256, 1038728540, 4001, 1038307174, 3753, 1038308793, 3745, 1038308487, 4017, 1038307918, 4257, 1038306678, 4273, 1038307454, 4265, 1038307010, 4002, 1037924530, 3754, 1037894007, 4018, 1037897744, 3746, 1037924532, 3762, 1037897755, 4003, 1038348419, 4019, 1038346746, 4258, 1037924526, 3755, 1038345511, 4021, 1021124677, 3747, 1038347152, 4274, 1037897716, 4004, 1021955665, 4006, 1020955347, 4022, 1021128114, 3763, 1038345505, 4259, 1038348861, 3748, 1021956285, 4007, 1022190271, 4023, 1022012374, 3757, 1021083984, 4020, 1021930278, 4005, 1021099262, 3765, 1021126595, 4260, 1021955979, 3750, 1020953267, 3759, 1022148163, 4271, 1022148831, 4268, 1021974950, 4261, 1021098137, 4277, 1021123601, 4263, 1022190104, 4279, 1022012218, 4275, 1038347171, 4267, 1038347178, 3761, 1038309191, 4266, 1037893981, 3756, 1021975213, 3764, 1021930855, 4270, 1021000917, 3749, 1021101215, 4276, 1021930607, 3758, 1020997565, 4269, 1021080944, 4262, 1020956596, 4278, 1021129373, 3766, 1021126031, 3751, 1022189508, 3767, 1022011553]
[INFO] (lattice_cell.c: 455): on tick 6 of 50
[INFO] (lattice_cell.c: 172): the unmatched_packets is 56
[4000, 1038799719, 3752, 1038766176, 3744, 1038799687, 4016, 1038759793, 3760, 1038759773, 4256, 1038799721, 4272, 1038759825, 4001, 1038296943, 3753, 1038299696, 3745, 1038298270, 4017, 1038299686, 3761, 1038301015, 4257, 1038296484, 4002, 1037865072, 4018, 1037903108, 4003, 1038342305, 3746, 1037865072, 4020, 1021946033, 3755, 1038338988, 3747, 1038340895, 4005, 1021093561, 3763, 1038338187, 4019, 1038339556, 4007, 1021869981, 4004, 1021976847, 3758, 1021145822, 4021, 1021127924, 3759, 1022001584, 4006, 1021275534, 4022, 1021123736, 3751, 1021868989, 4023, 1022022511, 4266, 1037897332, 4259, 1038342845, 4267, 1038340916, 4260, 1021976464, 4261, 1021092842, 4268, 1021973471, 4277, 1021127221, 4263, 1021870163, 4278, 1021124235, 4270, 1021147643, 4279, 1022022668, 4271, 1022002731, 4258, 1037865070, 3754, 1037897308, 4265, 1038297895, 3762, 1037903086, 4274, 1037903134, 4273, 1038299234, 3756, 1021975043, 3748, 1021978058, 3757, 1021100595, 3764, 1021947248, 3749, 1021095007, 3765, 1021129361, 3750, 1021274223, 4262, 1021276051, 4269, 1021098442, 3766, 1021122483, 4275, 1038340060, 4264, 1038766223, 3767, 1022021534, 4276, 1021945661]
[INFO] (lattice_cell.c: 455): on tick 7 of 50
[INFO] (lattice_cell.c: 172): the unmatched_packets is 56
[4000, 1038781649, 3752, 1038768612, 3744, 1038781671, 4016, 1038748652, 3760, 1038748707, 4256, 1038781633, 4264, 1038768553, 4001, 1038306959, 3753, 1038309062, 4017, 1038308785, 3745, 1038308280, 4257, 1038306453, 3761, 1038310062, 4272, 1038748606, 4002, 1037873352, 4018, 1037904493, 4003, 1038347681, 3754, 1037884834, 4004, 1021979522, 4273, 1038308319, 4265, 1038307258, 4005, 1021075496, 3756, 1021960945, 4019, 1038345987, 3763, 1038344754, 3748, 1021980243, 4007, 1022068994, 4020, 1021939117, 4275, 1038346419, 4276, 1021939348, 3759, 1021999968, 4021, 1021117100, 4006, 1021077527, 4022, 1021118159, 3766, 1021116121, 4023, 1022021873, 4267, 1038347368, 4260, 1021979737, 4268, 1021960452, 4261, 1021074503, 4262, 1021078723, 4270, 1021144341, 4274, 1037904455, 4266, 1037884774, 4258, 1037873332, 3746, 1037873358, 3762, 1037904517, 3755, 1038345681, 3747, 1038346436, 3757, 1021097028, 3764, 1021939844, 4277, 1021116156, 4269, 1021094212, 3749, 1021077352, 4279, 1022021873, 4271, 1022000934, 3758, 1021141127, 4263, 1022069027, 3765, 1021118907, 4259, 1038348126, 3750, 1021075494, 3751, 1022068010, 3767, 1022020928, 4278, 1021119346]
[INFO] (lattice_cell.c: 455): on tick 8 of 50
[INFO] (lattice_cell.c: 172): the unmatched_packets is 56
[4000, 1038774501, 3752, 1038780729, 3744, 1038774483, 4016, 1038751181, 4256, 1038774520, 4272, 1038751214, 3760, 1038751161, 4264, 1038780781, 4001, 1038297795, 3753, 1038299773, 3745, 1038299136, 4017, 1038299907, 4257, 1038297321, 4002, 1037890165, 4018, 1037910888, 4273, 1038299440, 3754, 1037883689, 4265, 1038297968, 3746, 1037890155, 4003, 1038341039, 3762, 1037910852, 4019, 1038339749, 4004, 1021987240, 4020, 1021945379, 3747, 1038339620, 4021, 1021129683, 3763, 1038338371, 4006, 1021105101, 3764, 1021946485, 4007, 1022044562, 4023, 1022010506, 3758, 1021132412, 4005, 1021086073, 4022, 1021133750, 4267, 1038340482, 3766, 1021132401, 4260, 1021986948, 3767, 1022009669, 4277, 1021128832, 4266, 1037883729, 4259, 1038341588, 4275, 1038340265, 3761, 1038301232, 4276, 1021945118, 4261, 1021085209, 4278, 1021134345, 4263, 1022044638, 4271, 1022015566, 4274, 1037910918, 3755, 1038338545, 4258, 1037890185, 3756, 1021974344, 3748, 1021988326, 3757, 1021102064, 4262, 1021105753, 3749, 1021087651, 3765, 1021131240, 3750, 1021103710, 3759, 1022014649, 4268, 1021972973, 4270, 1021134426, 3751, 1022043681, 4279, 1022010519, 4269, 1021099629]
[INFO] (lattice_cell.c: 455): on tick 9 of 50
[INFO] (lattice_cell.c: 172): the unmatched_packets is 56
[4000, 1038766863, 3752, 1038773011, 3744, 1038766880, 4016, 1038749406, 3760, 1038749460, 4256, 1038766839, 4272, 1038749360, 4001, 1038307441, 3753, 1038309700, 3745, 1038308766, 4264, 1038772947, 4017, 1038309008, 4257, 1038306913, 4002, 1037886710, 4018, 1037903763, 3754, 1037881199, 4003, 1038347762, 3746, 1037886736, 4273, 1038308536, 4265, 1038307887, 4004, 1021970594, 3755, 1038344622, 4258, 1037886680, 4022, 1021136547, 3748, 1021971501, 4019, 1038345622, 3758, 1021112728, 4020, 1021932486, 3759, 1022029420, 4006, 1021128463, 4007, 1022015143, 3766, 1021134629, 4023, 1022002585, 4005, 1021084544, 4021, 1021123425, 4277, 1021122604, 4267, 1038346318, 4260, 1021970669, 4276, 1021932601, 4268, 1021970157, 4261, 1021083680, 4269, 1021085893, 3761, 1038310287, 4270, 1021115766, 4279, 1022002738, 3762, 1037903797, 3747, 1038346503, 3756, 1021970919, 3763, 1038344387, 4259, 1038348222, 3757, 1021088457, 4275, 1038346044, 4274, 1037903722, 3764, 1021933337, 4266, 1037881125, 3749, 1021086271, 3765, 1021125090, 3750, 1021126509, 3751, 1022014041, 4278, 1021137626, 3767, 1022001513, 4262, 1021129548, 4263, 1022015294, 4271, 1022030675]
[INFO] (lattice_cell.c: 455): on tick 10 of 50
[INFO] (lattice_cell.c: 172): the unmatched_packets is 56
[4000, 1038780226, 3752, 1038772512, 3744, 1038780210, 4016, 1038756988, 4256, 1038780245, 4272, 1038757018, 4264, 1038772545, 3760, 1038756983, 4001, 1038297966, 3753, 1038300316, 3745, 1038299329, 4017, 1038300249, 3761, 1038301580, 4257, 1038297488, 4002, 1037884250, 4018, 1037905669, 4003, 1038341403, 3754, 1037891303, 3762, 1037905630, 4019, 1038339188, 3755, 1038338270, 3747, 1038339968, 4005, 1021096208, 4021, 1021132873, 4006, 1021140949, 4007, 1022005988, 4023, 1022009669, 3764, 1021943805, 4004, 1021975828, 4020, 1021942849, 4022, 1021133739, 4266, 1037891346, 4275, 1038339703, 4267, 1038340230, 4276, 1021942699, 4277, 1021131893, 4262, 1021141744, 4279, 1022009570, 4271, 1022030150, 4274, 1037905698, 4258, 1037884256, 3746, 1037884236, 4273, 1038299795, 4265, 1038298493, 3763, 1038337797, 3756, 1021979983, 3748, 1021976777, 3757, 1021097812, 3749, 1021097936, 3758, 1021117226, 3765, 1021134555, 4270, 1021119483, 3750, 1021139437, 3759, 1022029483, 3766, 1021132290, 3751, 1022005223, 4260, 1021975670, 3767, 1022008956, 4269, 1021095092, 4268, 1021978882, 4278, 1021134481, 4263, 1022005930, 4259, 1038341959, 4261, 1021095210]
[INFO] (lattice_cell.c: 455): on tick 11 of 50
[INFO] (lattice_cell.c: 172): the unmatched_packets is 56
[4000, 1038777600, 3752, 1038766311, 4016, 1038752163, 3744, 1038777603, 3760, 1038752210, 4256, 1038777580, 4001, 1038306734, 4017, 1038309310, 4002, 1037876886, 3745, 1038308077, 4018, 1037901289, 4003, 1038347275, 4019, 1038345236, 3754, 1037887248, 4004, 1021978686, 4020, 1021936055, 3762, 1037901324, 4005, 1021080684, 3749, 1021082307, 3759, 1022014753, 4021, 1021120884, 4275, 1038345669, 4006, 1021127001, 4022, 1021125674, 3766, 1021123869, 4007, 1022016159, 4023, 1022013485, 3767, 1022012288, 4265, 1038307838, 4274, 1037901257, 4260, 1021978601, 4267, 1038346364, 4272, 1038752112, 4264, 1038766262, 4261, 1021079928, 4276, 1021936022, 4268, 1021967007, 4262, 1021127966, 4277, 1021120190, 4269, 1021090003, 4263, 1022016462, 4278, 1021126610, 3753, 1038309671, 3761, 1038310590, 4279, 1022013755, 4271, 1022016274, 3746, 1037876922, 3747, 1038345994, 3755, 1038344646, 3756, 1021968078, 3763, 1038344000, 4273, 1038308827, 4257, 1038306203, 3748, 1021979714, 3757, 1021092323, 3764, 1021937052, 4258, 1037876863, 3758, 1021126069, 4259, 1038347738, 3765, 1021122414, 3750, 1021125172, 3751, 1022014928, 4270, 1021128851, 4266, 1037887169]
[INFO] (lattice_cell.c: 455): on tick 12 of 50
[INFO] (lattice_cell.c: 172): the unmatched_packets is 56
[4000, 1038786638, 3752, 1038776137, 3744, 1038786630, 4016, 1038754244, 3760, 1038754255, 4256, 1038786641, 4001, 1038299038, 3753, 1038301466, 4017, 1038300758, 3745, 1038300411, 3761, 1038302067, 4002, 1037878290, 4018, 1037908218, 4003, 1038340633, 4019, 1038338992, 3754, 1037887934, 3746, 1037878283, 4004, 1021969771, 3762, 1037908180, 4005, 1021101501, 4006, 1021111209, 3756, 1021969132, 4007, 1022036826, 3748, 1021970587, 4020, 1021946117, 4021, 1021129265, 4266, 1037887960, 4022, 1021126703, 4023, 1022016671, 4273, 1038300302, 4265, 1038299642, 4258, 1037878298, 4274, 1037908240, 4259, 1038341206, 4275, 1038339513, 4260, 1021969790, 4267, 1038339923, 4272, 1038754261, 3755, 1038337953, 3747, 1038339196, 3763, 1038337611, 4263, 1022036671, 4270, 1021132751, 4279, 1022016433, 4264, 1038776159, 4257, 1038298530, 3757, 1021104899, 3764, 1021946953, 3749, 1021103324, 3758, 1021130191, 3765, 1021131078, 3759, 1022015123, 3750, 1021109550, 3766, 1021125099, 3751, 1022036131, 3767, 1022016041, 4261, 1021100390, 4271, 1022015611, 4269, 1021101935, 4276, 1021946142, 4268, 1021968310, 4262, 1021112134, 4277, 1021128153, 4278, 1021127567]
[INFO] (lattice_cell.c: 455): on tick 13 of 50
[INFO] (lattice_cell.c: 172): the unmatched_packets is 56
[4000, 1038754109, 3752, 1038768085, 3744, 1038754123, 4016, 1038747726, 3760, 1038747756, 4256, 1038754097, 4272, 1038747689, 4001, 1038309145, 3753, 1038309392, 3745, 1038310467, 4264, 1038768059, 4017, 1038308453, 3761, 1038309736, 4257, 1038308633, 4002, 1037899188, 4018, 1037905494, 4003, 1038347338, 4019, 1038345242, 3754, 1037885814, 4273, 1038307968, 4020, 1021940052, 3762, 1037905520, 4021, 1021121082, 3747, 1038346041, 4258, 1037899166, 4004, 1022019287, 4023, 1022007451, 3757, 1021082867, 3764, 1021941196, 4005, 1021032571, 4006, 1021129761, 4007, 1022013001, 3766, 1021128947, 4022, 1021130615, 4277, 1021120516, 3751, 1022011667, 4260, 1022018982, 4276, 1021939851, 4268, 1021979094, 4269, 1021080704, 4262, 1021130594, 4263, 1022013409, 4275, 1038345673, 3746, 1037899198, 4265, 1038307567, 3755, 1038344334, 3756, 1021980465, 3763, 1038344001, 3748, 1022020508, 4274, 1037905462, 4259, 1038347831, 3749, 1021034163, 3758, 1021127648, 4266, 1037885756, 4270, 1021130186, 3765, 1021122497, 3759, 1022012338, 3750, 1021128039, 4261, 1021031818, 4278, 1021131410, 3767, 1022006187, 4267, 1038346074, 4271, 1022014049, 4279, 1022007833]
[INFO] (lattice_cell.c: 455): on tick 14 of 50
[INFO] (lattice_cell.c: 172): the unmatched_packets is 56
[4000, 1038808469, 3752, 1038789926, 3744, 1038808460, 4016, 1038757692, 3760, 1038757712, 4256, 1038808475, 4001, 1038299313, 4017, 1038301522, 3753, 1038299675, 3745, 1038300729, 3761, 1038302849, 4002, 1037856833, 4272, 1038757690, 4018, 1037905002, 3754, 1037874691, 3746, 1037856833, 3762, 1037904974, 4003, 1038340155, 4019, 1038338585, 4264, 1038789922, 4004, 1021878365, 3755, 1038337336, 4005, 1021191821, 4257, 1038298755, 3756, 1021944390, 4006, 1021110285, 4023, 1022012012, 4020, 1021933237, 4021, 1021139988, 4022, 1021131046, 4007, 1022037199, 3751, 1022036562, 3767, 1022011460, 4270, 1021112804, 3747, 1038338728, 3763, 1038337196, 4273, 1038301068, 4265, 1038297801, 3748, 1021878996, 3757, 1021138877, 3764, 1021933912, 3749, 1021193645, 3758, 1021109983, 3765, 1021141863, 3750, 1021108504, 3759, 1022036237, 4258, 1037856819, 4266, 1037874688, 4260, 1021878551, 4268, 1021943923, 3766, 1021129325, 4262, 1021111371, 4277, 1021138811, 4263, 1022036959, 4278, 1021132057, 4279, 1022011703, 4261, 1021190695, 4276, 1021933401, 4269, 1021135838, 4271, 1022036587, 4274, 1037905001, 4259, 1038340718, 4275, 1038339098, 4267, 1038339300]
[INFO] (lattice_cell.c: 455): on tick 15 of 50
[INFO] (lattice_cell.c: 172): the unmatched_packets is 56
[4000, 1038735352, 3752, 1038740278, 3744, 1038735356, 4016, 1038740453, 4256, 1038735339, 3760, 1038740481, 4264, 1038740256, 4001, 1038306732, 3753, 1038309510, 4017, 1038310813, 3745, 1038308037, 4272, 1038740425, 4257, 1038306256, 3761, 1038312095, 4273, 1038310355, 4265, 1038307724, 4002, 1037917802, 3754, 1037912568, 4018, 1037912657, 3746, 1037917814, 4003, 1038347634, 4004, 1022126033, 4258, 1037917785, 4005, 1020937072, 3747, 1038346309, 4022, 1021138296, 3763, 1038343961, 3764, 1021962619, 4019, 1038345217, 4021, 1021091520, 4006, 1021146510, 4261, 1020936349, 4020, 1021961325, 4007, 1021994613, 4023, 1021998771, 4267, 1038346374, 4260, 1022125533, 4276, 1021960974, 4268, 1022056588, 3762, 1037912668, 4262, 1021147228, 4278, 1021138958, 3755, 1038344596, 4269, 1021004277, 3756, 1022058316, 4274, 1037912641, 4266, 1037912529, 3748, 1022127406, 3757, 1021006465, 4259, 1038348153, 3749, 1020938692, 3758, 1021136554, 3765, 1021092903, 3759, 1022002541, 3750, 1021144912, 3766, 1021136757, 3751, 1021993208, 3767, 1021997449, 4271, 1022004382, 4275, 1038345656, 4277, 1021090990, 4263, 1021995109, 4270, 1021138857, 4279, 1021999206]
[INFO] (lattice_cell.c: 455): on tick 16 of 50
[INFO] (lattice_cell.c: 172): the unmatched_packets is 56
[4000, 1038806893, 3752, 1038812013, 3744, 1038806899, 4016, 1038780226, 3760, 1038780258, 4256, 1038806889, 4001, 1038300595, 4017, 1038301717, 3753, 1038302463, 4003, 1038339644, 4264, 1038812005, 4004, 1021832540, 4257, 1038300015, 4002, 1037858083, 4005, 1021233443, 4021, 1021202123, 3755, 1038336725, 3763, 1038336778, 4007, 1022026041, 4023, 1022030446, 3747, 1038338233, 4018, 1037883242, 3757, 1021239774, 3764, 1021871785, 4019, 1038338135, 3765, 1021203983, 4020, 1021871180, 3749, 1021235350, 4006, 1021120933, 3766, 1021110969, 3750, 1021118989, 4022, 1021112805, 4273, 1038301247, 4265, 1038300532, 4258, 1037858081, 4274, 1037883238, 4266, 1037852999, 4275, 1038338639, 4260, 1021832891, 3745, 1038302027, 4278, 1021113930, 4272, 1038780212, 3761, 1038303055, 3754, 1037853023, 3762, 1037883238, 3746, 1037858082, 3756, 1021832400, 4259, 1038340217, 3748, 1021833087, 3758, 1021106890, 3759, 1022038790, 4277, 1021200946, 3767, 1022029910, 3751, 1022025423, 4268, 1021832195, 4267, 1038338653, 4261, 1021232275, 4276, 1021871505, 4262, 1021122117, 4279, 1022030070, 4269, 1021236723, 4263, 1022025757, 4270, 1021109952, 4271, 1022039042]
[INFO] (lattice_cell.c: 455): on tick 17 of 50
[INFO] (lattice_cell.c: 172): the unmatched_packets is 56
[4000, 1038776928, 3752, 1038739359, 3744, 1038776922, 4016, 1038713170, 3760, 1038713213, 4256, 1038776918, 4272, 1038713144, 4264, 1038739351, 4001, 1038307725, 3753, 1038308442, 3745, 1038309064, 4017, 1038308360, 4257, 1038307213, 3761, 1038309620, 4265, 1038306672, 4002, 1037877806, 3754, 1037914004, 3746, 1037877832, 4018, 1037939243, 4003, 1038347035, 4258, 1037877792, 4020, 1022068515, 3747, 1038345680, 4019, 1038344775, 4021, 1020995766, 3748, 1022044837, 4274, 1037939227, 4023, 1021991881, 4005, 1021017679, 3765, 1020997162, 4006, 1021109904, 4022, 1021147778, 3766, 1021146351, 4004, 1022043375, 4007, 1022031424, 3751, 1022030017, 3767, 1021990537, 4277, 1020995226, 4263, 1022031969, 4278, 1021148353, 4267, 1038346327, 4275, 1038345224, 4260, 1022042813, 4276, 1022068032, 4261, 1021017052, 4269, 1020942992, 3762, 1037939235, 4271, 1022006782, 3755, 1038344486, 3763, 1038343485, 3756, 1022125739, 4273, 1038307912, 4266, 1037913956, 3757, 1020945090, 3764, 1022069872, 4259, 1038347560, 3749, 1021019123, 3758, 1021134171, 3750, 1021108419, 3759, 1022004870, 4268, 1022123824, 4262, 1021110511, 4270, 1021136252, 4279, 1021992352]
[INFO] (lattice_cell.c: 455): on tick 18 of 50
[INFO] (lattice_cell.c: 172): the unmatched_packets is 56
[4000, 1038763298, 3752, 1038781129, 3744, 1038763312, 4016, 1038787062, 3760, 1038787100, 4256, 1038763280, 4272, 1038787045, 4264, 1038781093, 4001, 1038299650, 3753, 1038302269, 3745, 1038301030, 4017, 1038303267, 4257, 1038299106, 3761, 1038304597, 4273, 1038302775, 4265, 1038300362, 4002, 1037900549, 3754, 1037882716, 3746, 1037900557, 4018, 1037876207, 4003, 1038340069, 4019, 1038338094, 4258, 1037900531, 3762, 1037876193, 4005, 1021066484, 4021, 1021283157, 3763, 1038336778, 4004, 1022005487, 4007, 1022021675, 3757, 1021190616, 4020, 1021783870, 4006, 1021126122, 4022, 1021115212, 4023, 1022025918, 4261, 1021065141, 4262, 1021127432, 4275, 1038338582, 4267, 1038339442, 4274, 1037876197, 4276, 1021784250, 4269, 1021187339, 4277, 1021281976, 4271, 1022013836, 3755, 1038337534, 3747, 1038338664, 3756, 1021883295, 4266, 1037882696, 3748, 1022006080, 4259, 1038340631, 3764, 1021784385, 3749, 1021068579, 3758, 1021128339, 3765, 1021285055, 3750, 1021124084, 3759, 1022013573, 4268, 1021883162, 3766, 1021113251, 3751, 1022021049, 3767, 1022025384, 4260, 1022005770, 4270, 1021131623, 4263, 1022021392, 4278, 1021116431, 4279, 1022025530]
[INFO] (lattice_cell.c: 455): on tick 19 of 50
[INFO] (lattice_cell.c: 172): the unmatched_packets is 56
[4000, 1038773148, 3752, 1038785350, 3744, 1038773154, 4016, 1038741983, 4256, 1038773150, 4272, 1038741951, 4264, 1038785340, 4001, 1038308338, 3753, 1038309735, 3760, 1038742012, 4017, 1038308484, 3745, 1038309746, 4257, 1038307768, 3761, 1038309757, 4273, 1038308034, 4265, 1038307857, 4002, 1037880512, 4018, 1037911808, 4003, 1038346164, 3754, 1037869272, 4019, 1038346879, 3746, 1037880518, 4020, 1022053668, 4005, 1021118975, 4006, 1021133060, 3763, 1038345573, 4004, 1021938945, 3748, 1021940294, 3749, 1021120345, 4021, 1021011002, 4022, 1021135147, 4007, 1022008865, 4023, 1021994829, 4260, 1021938436, 4268, 1021966993, 4276, 1022053170, 4277, 1021010540, 4269, 1021095590, 4270, 1021117884, 4279, 1021995296, 4266, 1037869229, 4267, 1038345245, 3762, 1037911822, 3755, 1038343377, 3747, 1038344778, 4258, 1037880500, 3756, 1021968842, 3757, 1021097416, 4261, 1021118460, 3764, 1022055081, 4274, 1037911799, 3758, 1021115987, 3765, 1021012291, 4262, 1021133630, 3759, 1022023868, 4259, 1038346722, 4275, 1038347351, 3750, 1021131664, 3766, 1021133849, 3751, 1022007482, 3767, 1021993499, 4278, 1021135629, 4263, 1022009411, 4271, 1022025732]
[INFO] (lattice_cell.c: 455): on tick 20 of 50
[INFO] (lattice_cell.c: 172): the unmatched_packets is 56
[4000, 1038788706, 3752, 1038764680, 4016, 1038732711, 3744, 1038788720, 3760, 1038732740, 4256, 1038788696, 4272, 1038732678, 4264, 1038764652, 4001, 1038300433, 3753, 1038301586, 4017, 1038302643, 3745, 1038301785, 4257, 1038299921, 3761, 1038303939, 4002, 1037876285, 4018, 1037928996, 4003, 1038339757, 4020, 1021914953, 4273, 1038302195, 3762, 1037928999, 3755, 1038335221, 3747, 1038338375, 4022, 1021107107, 4007, 1022023554, 4004, 1021967189, 4259, 1038340301, 4005, 1021103061, 4021, 1021156159, 4006, 1021122097, 4276, 1021915298, 4019, 1038338215, 4023, 1022035178, 4266, 1037899328, 4268, 1022016983, 4261, 1021101692, 4277, 1021154858, 4262, 1021123468, 4269, 1021058103, 4279, 1022034803, 4271, 1022040298, 4274, 1037928986, 4275, 1038338693, 4258, 1037876269, 4265, 1038299800, 3754, 1037899387, 4278, 1021108361, 3746, 1037876311, 4267, 1038337099, 4260, 1021967436, 4270, 1021116232, 3756, 1022017320, 3763, 1038336895, 3748, 1021967872, 3757, 1021061625, 3764, 1021915548, 3749, 1021105209, 3758, 1021112812, 3765, 1021158189, 3759, 1022039976, 3750, 1021119990, 3766, 1021105060, 3751, 1022022892, 3767, 1022034655, 4263, 1022023299]
[INFO] (lattice_cell.c: 455): on tick 21 of 50
[INFO] (lattice_cell.c: 172): the unmatched_packets is 56
[4000, 1038777790, 3752, 1038769776, 3744, 1038777786, 4016, 1038785861, 3760, 1038785920, 4256, 1038777786, 4001, 1038307583, 4017, 1038309395, 3753, 1038309487, 4002, 1037876777, 4018, 1037868638, 3761, 1038310721, 4264, 1038769738, 4257, 1038306991, 4003, 1038348648, 4021, 1021149990, 4022, 1021201757, 3763, 1038342651, 4007, 1022012553, 4023, 1021936137, 4265, 1038307549, 3757, 1021092025, 4004, 1022003062, 3749, 1021060183, 4020, 1021909910, 3750, 1021119084, 4260, 1022002579, 4006, 1021120433, 4019, 1038343961, 3767, 1021934794, 4005, 1021058868, 4274, 1037868626, 4259, 1038349222, 4275, 1038344423, 4267, 1038345700, 4268, 1021973220, 4277, 1021149627, 4262, 1021120962, 4269, 1021090274, 4272, 1038785824, 4263, 1022013062, 4278, 1021202246, 4279, 1021936608, 3745, 1038309019, 4271, 1021984455, 4273, 1038308915, 3754, 1037883842, 4258, 1037876763, 3746, 1037876785, 4266, 1037883818, 3762, 1037868628, 3755, 1038343804, 4276, 1021909529, 4261, 1021058365, 3747, 1038347224, 3756, 1021974868, 3748, 1022004381, 3764, 1021911172, 3758, 1021155322, 3765, 1021151131, 3759, 1021982577, 3766, 1021200506, 3751, 1022011192, 4270, 1021157206]
[INFO] (lattice_cell.c: 455): on tick 22 of 50
[INFO] (lattice_cell.c: 172): the unmatched_packets is 56
[4000, 1038764210, 3752, 1038759162, 3744, 1038764214, 4016, 1038724815, 4272, 1038724814, 4264, 1038759152, 3760, 1038724817, 4001, 1038300856, 3753, 1038302938, 3745, 1038302183, 4017, 1038302949, 4257, 1038300346, 4265, 1038301161, 4256, 1038764198, 4002, 1037899555, 3754, 1037904330, 4018, 1037937469, 3746, 1037899585, 3762, 1037937471, 4258, 1037899540, 4003, 1038339592, 4019, 1038339260, 4004, 1021982983, 3755, 1038337165, 4020, 1021945201, 4021, 1021127218, 4022, 1020996129, 4023, 1022142383, 4005, 1021087126, 3758, 1021065050, 4006, 1021102262, 4007, 1022044737, 3766, 1020994063, 3751, 1022044031, 4261, 1021085717, 3761, 1038304197, 4277, 1021125901, 4262, 1021103607, 4279, 1022142016, 3747, 1038338196, 4273, 1038302517, 3763, 1038337975, 4274, 1037937474, 3756, 1021933205, 3748, 1021983733, 4267, 1038339075, 3757, 1021141892, 3764, 1021945959, 4266, 1037904279, 4259, 1038340164, 3749, 1021089342, 3765, 1021129296, 3750, 1021100137, 4275, 1038339740, 3759, 1022076717, 3767, 1022141864, 4268, 1021932712, 4276, 1021945418, 4271, 1022077019, 4260, 1021983165, 4269, 1021138358, 4278, 1020997368, 4263, 1022044509, 4270, 1021068436]
[INFO] (lattice_cell.c: 455): on tick 23 of 50
[INFO] (lattice_cell.c: 172): the unmatched_packets is 56
[4000, 1038789812, 3752, 1038810650, 3744, 1038789836, 4016, 1038773999, 3760, 1038774067, 4256, 1038789798, 4272, 1038773939, 4264, 1038810583, 4001, 1038307777, 3753, 1038308912, 4017, 1038308403, 3745, 1038309242, 4002, 1037864613, 4018, 1037879916, 4257, 1038307163, 4003, 1038345811, 4004, 1021973261, 3755, 1038342198, 4273, 1038307922, 4005, 1021088426, 4021, 1021089414, 4258, 1037864601, 4022, 1021276049, 4019, 1038344648, 4020, 1021973964, 3759, 1021910748, 4267, 1038344087, 4006, 1021178703, 4007, 1021962832, 3751, 1021961443, 4023, 1021859689, 4279, 1021860092, 4259, 1038346365, 4275, 1038345142, 4260, 1021972881, 4276, 1021973676, 4268, 1021992957, 4261, 1021087912, 4277, 1021089006, 4269, 1021072461, 4278, 1021276530, 4263, 1021963367, 4270, 1021233870, 3761, 1038309735, 3754, 1037844920, 4274, 1037879884, 3746, 1037864618, 3762, 1037879935, 3747, 1038344395, 3763, 1038343301, 4265, 1038306959, 3756, 1021994437, 3748, 1021974465, 3757, 1021074160, 3764, 1021975113, 3749, 1021089717, 3758, 1021231934, 3765, 1021090565, 3750, 1021177289, 3766, 1021274800, 3767, 1021858427, 4262, 1021179320, 4271, 1021912597, 4266, 1037844867]
[INFO] (lattice_cell.c: 455): on tick 24 of 50
[INFO] (lattice_cell.c: 172): the unmatched_packets is 56
[4000, 1038753582, 3752, 1038737355, 3744, 1038753564, 4016, 1038737517, 3760, 1038737540, 4256, 1038753578, 4272, 1038737519, 4001, 1038301556, 3753, 1038303001, 4017, 1038303450, 3745, 1038302882, 4264, 1038737386, 3761, 1038304689, 4257, 1038301049, 4265, 1038301238, 4002, 1037910220, 4273, 1038303026, 3754, 1037925881, 4018, 1037924889, 3746, 1037910244, 4258, 1037910202, 3762, 1037924855, 4003, 1038340719, 4019, 1038337479, 4266, 1037925846, 3747, 1038339316, 4004, 1021953505, 4005, 1021114956, 4021, 1021143844, 4259, 1038341293, 4023, 1022115770, 4267, 1038338717, 4020, 1021926719, 4006, 1021023857, 3750, 1021021773, 4022, 1021028911, 3759, 1022171969, 4007, 1022117461, 3751, 1022116755, 4263, 1022117252, 4261, 1021113570, 4269, 1021091498, 4278, 1021030078, 4270, 1020976910, 4274, 1037924903, 4279, 1022115502, 4271, 1022172457, 3755, 1038336862, 4276, 1021926849, 3763, 1038336215, 3756, 1021982163, 4277, 1021142552, 3748, 1021954407, 4262, 1021025120, 3764, 1021927561, 3757, 1021095049, 4275, 1038337920, 4268, 1021981413, 3749, 1021117150, 3758, 1020973561, 3765, 1021145895, 4260, 1021953563, 3766, 1021026932, 3767, 1022115118]
[INFO] (lattice_cell.c: 455): on tick 25 of 50
[INFO] (lattice_cell.c: 172): the unmatched_packets is 56
[4000, 1038811903, 3752, 1038783101, 3744, 1038811936, 4016, 1038747706, 3760, 1038747774, 4256, 1038811879, 4272, 1038747641, 4264, 1038783013, 4001, 1038307049, 3753, 1038309073, 3745, 1038308517, 4017, 1038309226, 4257, 1038306441, 4273, 1038308730, 4265, 1038307096, 4002, 1037843455, 3754, 1037870729, 3746, 1037843483, 4018, 1037905686, 3762, 1037905716, 4258, 1037843423, 4003, 1038346333, 4019, 1038346373, 4004, 1022003009, 4020, 1021912231, 3755, 1038343945, 4274, 1037905648, 3756, 1021974735, 4022, 1021146507, 3748, 1022004089, 4007, 1021879248, 4005, 1021060722, 3758, 1021246166, 4021, 1021150089, 4006, 1021259607, 4267, 1038345928, 3766, 1021145114, 4023, 1021980325, 3767, 1021979164, 4269, 1021092258, 4276, 1021912047, 4261, 1021060164, 4262, 1021260299, 4270, 1021248228, 4260, 1022002751, 3761, 1038310587, 4278, 1021147143, 4266, 1037870630, 3747, 1038344892, 3763, 1038345022, 4259, 1038346907, 3764, 1021913244, 3757, 1021094068, 3749, 1021062053, 3765, 1021151257, 4275, 1038346849, 3759, 1021887765, 3750, 1021258192, 4263, 1021879691, 3751, 1021877927, 4271, 1021889368, 4268, 1021973552, 4277, 1021149662, 4279, 1021980661]
[INFO] (lattice_cell.c: 455): on tick 26 of 50
[INFO] (lattice_cell.c: 172): the unmatched_packets is 56
[4000, 1038751237, 3752, 1038780345, 3744, 1038751221, 4016, 1038771873, 4256, 1038751244, 4272, 1038771873, 4264, 1038780352, 4001, 1038301959, 3760, 1038771889, 3753, 1038303125, 3745, 1038303282, 4017, 1038303021, 3761, 1038304227, 4273, 1038302623, 4002, 1037912606, 4265, 1038301389, 3754, 1037884194, 3746, 1037912618, 4018, 1037891437, 4258, 1037912609, 4003, 1038338670, 4019, 1038336594, 4004, 1021983030, 4274, 1037891449, 4020, 1021954235, 4005, 1021085831, 3763, 1038335310, 4266, 1037884190, 3756, 1021968277, 4006, 1020990582, 3748, 1021984071, 4007, 1022159988, 4259, 1038339227, 4021, 1021116124, 4022, 1021169918, 3759, 1022066623, 3766, 1021168122, 4023, 1021977839, 3751, 1022159087, 4267, 1038336165, 3762, 1037891407, 3755, 1038334332, 4276, 1021954229, 4268, 1021967294, 4261, 1021084513, 4269, 1021103510, 4262, 1020991778, 4278, 1021170900, 4263, 1022159922, 4279, 1021977588, 4275, 1038337072, 4260, 1021982961, 3747, 1038337304, 3757, 1021106885, 3764, 1021955218, 4277, 1021114926, 3749, 1021087997, 4270, 1021089895, 3758, 1021086835, 3765, 1021118125, 4257, 1038301439, 3750, 1020988538, 3767, 1021977117, 4271, 1022067344]
[INFO] (lattice_cell.c: 455): on tick 27 of 50
[INFO] (lattice_cell.c: 172): the unmatched_packets is 56
[4000, 1038772720, 3752, 1038760668, 3744, 1038772754, 4016, 1038747346, 3760, 1038747426, 4256, 1038772695, 4272, 1038747278, 4264, 1038760598, 4001, 1038306808, 3753, 1038309363, 3745, 1038308292, 4017, 1038308768, 3761, 1038310124, 4257, 1038306189, 4273, 1038308268, 4265, 1038307350, 4002, 1037880887, 3754, 1037893359, 3746, 1037880938, 4018, 1037906569, 4258, 1037880851, 3762, 1037906597, 4003, 1038348539, 4019, 1038345733, 4004, 1021967503, 4020, 1021959899, 4021, 1021105528, 4266, 1037893256, 4007, 1021942133, 3757, 1021104685, 4005, 1021099513, 4006, 1021186001, 4022, 1021092565, 3758, 1021085913, 4023, 1022038645, 3759, 1022045651, 3766, 1021091051, 3767, 1022037527, 4276, 1021959851, 4279, 1022038909, 4260, 1021967360, 3747, 1038347070, 3755, 1038344557, 4274, 1037906529, 3763, 1038344419, 3756, 1021965982, 4259, 1038349151, 3748, 1021968445, 4267, 1038346483, 4275, 1038346186, 3764, 1021960797, 3749, 1021100933, 3765, 1021106776, 4268, 1021965014, 3750, 1021184433, 3751, 1021941001, 4277, 1021105005, 4269, 1021102691, 4278, 1021093369, 4263, 1021942458, 4270, 1021088363, 4262, 1021186828, 4271, 1022047116, 4261, 1021098840]
[INFO] (lattice_cell.c: 455): on tick 28 of 50
[INFO] (lattice_cell.c: 172): the unmatched_packets is 56
[4000, 1038794983, 3752, 1038778806, 3744, 1038794991, 4016, 1038740186, 4256, 1038794999, 3760, 1038740203, 4272, 1038740178, 4264, 1038778832, 4001, 1038302183, 3753, 1038303865, 3745, 1038303499, 4017, 1038303879, 4257, 1038301671, 3761, 1038305086, 4002, 1037870027, 4018, 1037921845, 4003, 1038337759, 4019, 1038337000, 4020, 1021931602, 4005, 1021088228, 3748, 1021978197, 4007, 1022007091, 3757, 1021091673, 4004, 1021977056, 3765, 1021139443, 4021, 1021137550, 4006, 1021145093, 3750, 1021143269, 4022, 1021117224, 4023, 1022027471, 4266, 1037885108, 4275, 1038337485, 4267, 1038337345, 4269, 1021088487, 4270, 1021166934, 4258, 1037870031, 4259, 1038338347, 3754, 1037885135, 3746, 1037870033, 3762, 1037921809, 4273, 1038303483, 3755, 1038335418, 3747, 1038336377, 3756, 1021980098, 3763, 1038335724, 3764, 1021932706, 3749, 1021090267, 3758, 1021164240, 4260, 1021976846, 3759, 1021984349, 4268, 1021978852, 3766, 1021115489, 3751, 1022006079, 3767, 1022026640, 4274, 1037921859, 4261, 1021087019, 4277, 1021136464, 4265, 1038302138, 4262, 1021146116, 4276, 1021931456, 4278, 1021118103, 4263, 1022007114, 4279, 1022027342, 4271, 1021985180]
[INFO] (lattice_cell.c: 455): on tick 29 of 50
[INFO] (lattice_cell.c: 172): the unmatched_packets is 56
[4000, 1038769185, 3752, 1038776123, 3744, 1038769197, 4016, 1038753411, 3760, 1038753481, 4256, 1038769155, 4001, 1038309083, 3753, 1038308499, 4017, 1038308001, 3745, 1038310562, 3761, 1038309365, 4264, 1038776050, 4257, 1038308455, 4002, 1037885299, 4018, 1037900172, 3754, 1037878347, 4003, 1038347078, 4019, 1038346260, 3762, 1037900204, 3747, 1038345636, 4005, 1021081404, 4265, 1038306499, 4006, 1021070738, 3763, 1038344939, 3748, 1021979629, 3757, 1021088082, 3749, 1021082968, 4020, 1021922642, 4004, 1021978743, 4021, 1021144546, 3759, 1022010398, 4022, 1021151752, 3766, 1021150129, 4007, 1022064296, 4023, 1021975528, 4262, 1021071760, 4269, 1021085848, 3746, 1037885347, 4274, 1037900131, 4266, 1037878235, 4259, 1038347639, 4267, 1038345695, 3755, 1038343772, 4276, 1021922718, 4268, 1021984766, 4272, 1038753342, 4258, 1037885260, 3756, 1021985461, 4263, 1022064560, 4278, 1021152642, 4270, 1021127233, 4279, 1021975662, 4271, 1022011635, 3764, 1021923408, 4273, 1038307508, 3758, 1021124554, 3765, 1021145892, 3750, 1021068960, 4260, 1021978664, 3751, 1022063216, 4261, 1021080588, 3767, 1021974599, 4277, 1021143903, 4275, 1038346719]
[INFO] (lattice_cell.c: 455): on tick 30 of 50
[INFO] (lattice_cell.c: 172): the unmatched_packets is 56
[4000, 1038769433, 3752, 1038768466, 3744, 1038769417, 4016, 1038767009, 4256, 1038769437, 3760, 1038767043, 4001, 1038302686, 4017, 1038304123, 3753, 1038302270, 3745, 1038304050, 4002, 1037894331, 4018, 1037896408, 4264, 1038768456, 4003, 1038338811, 4004, 1021981814, 4020, 1021944750, 4005, 1021083227, 4021, 1021122356, 4006, 1021134645, 3763, 1038335119, 4258, 1037894317, 4019, 1038336407, 3748, 1021983038, 3759, 1022051467, 4022, 1021140143, 4007, 1022012746, 4023, 1022007235, 3767, 1022006239, 4278, 1021140837, 4271, 1022052651, 4274, 1037896414, 4259, 1038339418, 4275, 1038336885, 4260, 1021981542, 4276, 1021944487, 4269, 1021102819, 4270, 1021102472, 4272, 1038766995, 3761, 1038305315, 3754, 1037895492, 4257, 1038302142, 3746, 1037894348, 3762, 1037896375, 3755, 1038334399, 4265, 1038300527, 3747, 1038337389, 3756, 1021974711, 4273, 1038303729, 3757, 1021105689, 4266, 1037895469, 3764, 1021945965, 4267, 1038336291, 3749, 1021085110, 3758, 1021099932, 3765, 1021124122, 3750, 1021132924, 3766, 1021138570, 3751, 1022011637, 4268, 1021973279, 4263, 1022012909, 4261, 1021082203, 4279, 1022007222, 4277, 1021121424, 4262, 1021135513]
[INFO] (lattice_cell.c: 455): on tick 31 of 50
[INFO] (lattice_cell.c: 172): the unmatched_packets is 56
[4000, 1038783324, 3752, 1038766788, 3744, 1038783341, 4016, 1038749099, 4256, 1038783294, 3760, 1038749159, 4001, 1038305798, 4272, 1038749045, 4017, 1038310228, 3753, 1038308618, 3745, 1038307230, 4264, 1038766748, 4002, 1037871065, 4257, 1038305226, 4018, 1037904854, 4003, 1038347811, 4004, 1021972178, 4273, 1038309742, 4265, 1038306667, 3762, 1037904875, 4005, 1021099797, 4021, 1021109886, 3747, 1038346348, 4022, 1021101750, 4007, 1021985925, 3748, 1021973002, 4019, 1038345628, 3764, 1021951528, 4006, 1021145181, 3759, 1022010912, 3750, 1021143357, 4023, 1022028366, 3751, 1021985010, 4020, 1021950851, 4277, 1021109086, 4267, 1038346260, 4276, 1021951025, 4268, 1021960738, 4263, 1021986052, 4278, 1021102792, 4270, 1021123426, 4279, 1022028363, 4271, 1022011821, 3761, 1038311577, 3754, 1037887112, 3746, 1037871101, 4258, 1037871025, 4266, 1037887003, 3755, 1038344338, 3756, 1021961365, 4259, 1038348398, 3763, 1038344322, 4275, 1038346075, 4274, 1037904823, 3757, 1021112509, 3749, 1021101604, 3758, 1021120460, 3765, 1021111380, 4261, 1021098712, 3766, 1021099994, 3767, 1022027553, 4269, 1021109863, 4260, 1021972153, 4262, 1021146317]
[INFO] (lattice_cell.c: 455): on tick 32 of 50
[INFO] (lattice_cell.c: 172): the unmatched_packets is 56
[4000, 1038773620, 3752, 1038778559, 3744, 1038773624, 4016, 1038743246, 3760, 1038743295, 4256, 1038773605, 4272, 1038743216, 4264, 1038778544, 4001, 1038304863, 3753, 1038305040, 3745, 1038306261, 4017, 1038304505, 4257, 1038304253, 4002, 1037890802, 4018, 1037918898, 4019, 1038337123, 4003, 1038337814, 4004, 1022000573, 4020, 1021940969, 4021, 1021125715, 4006, 1021120498, 3763, 1038335830, 4258, 1037890790, 4007, 1022030371, 4023, 1022018886, 4274, 1037918900, 3749, 1021058018, 4005, 1021056382, 4260, 1022000293, 4276, 1021940684, 3766, 1021124090, 3751, 1022029069, 4022, 1021125526, 4275, 1038337604, 4265, 1038303210, 4268, 1021980260, 4261, 1021055614, 3761, 1038305728, 3754, 1037885658, 4262, 1021121274, 4263, 1022030674, 3746, 1037890822, 3762, 1037918877, 3755, 1038335173, 4273, 1038304087, 3747, 1038336402, 3756, 1021981733, 4266, 1037885599, 3757, 1021085886, 3748, 1022001807, 3764, 1021942223, 3758, 1021149110, 4259, 1038338416, 3765, 1021127270, 3759, 1021999636, 3750, 1021118900, 3767, 1022017786, 4271, 1022001061, 4267, 1038337108, 4277, 1021124961, 4269, 1021083487, 4278, 1021126138, 4270, 1021151321, 4279, 1022019032]
[INFO] (lattice_cell.c: 455): on tick 33 of 50
[INFO] (lattice_cell.c: 172): the unmatched_packets is 56
[4000, 1038788369, 3752, 1038782536, 3744, 1038788372, 4016, 1038752098, 3760, 1038752150, 4256, 1038788349, 4272, 1038752049, 4264, 1038782476, 4001, 1038306322, 3753, 1038306433, 3745, 1038307739, 4017, 1038307233, 3761, 1038308527, 4257, 1038305773, 4002, 1037866409, 4018, 1037901501, 4003, 1038346737, 4004, 1021919867, 3762, 1037901521, 4005, 1021151920, 4021, 1021148225, 3747, 1038345281, 4265, 1038304575, 4007, 1022046376, 3749, 1021153922, 4019, 1038344949, 4020, 1021923110, 3750, 1021085665, 3759, 1022025123, 4006, 1021087694, 4022, 1021141961, 3751, 1022045572, 4262, 1021088955, 4023, 1021989722, 4275, 1038345385, 4267, 1038345174, 4260, 1021919858, 3754, 1037872306, 4263, 1022046387, 4278, 1021143095, 4270, 1021113373, 4279, 1021989567, 4274, 1037901482, 3746, 1037866449, 3755, 1038343262, 4273, 1038306795, 4258, 1037866371, 3756, 1021968540, 3763, 1038343642, 3748, 1021920682, 4277, 1021147202, 3757, 1021114877, 3764, 1021923787, 4259, 1038347314, 3758, 1021110188, 4266, 1037872211, 4276, 1021923306, 4268, 1021967982, 3765, 1021149949, 4261, 1021150657, 4269, 1021111749, 4271, 1022025829, 3766, 1021140105, 3767, 1021989045]
[INFO] (lattice_cell.c: 455): on tick 34 of 50
[INFO] (lattice_cell.c: 172): the unmatched_packets is 56
[4000, 1038747286, 3752, 1038752764, 3744, 1038747295, 4016, 1038757096, 4256, 1038747271, 4001, 1038302308, 4017, 1038306456, 4272, 1038757062, 3753, 1038305345, 3745, 1038303735, 4264, 1038752727, 4002, 1037915933, 4018, 1037905971, 3746, 1037915959, 4004, 1022078985, 4257, 1038301710, 4005, 1020988354, 4021, 1021107574, 4022, 1021142357, 3763, 1038336141, 4007, 1021995036, 4023, 1022000201, 4019, 1038337433, 4266, 1037910568, 4020, 1021950610, 3759, 1022027375, 4006, 1021151228, 4003, 1038339287, 3751, 1021993665, 4278, 1021142848, 4274, 1037905965, 4267, 1038337697, 4275, 1038337907, 4260, 1022078595, 4268, 1022022844, 3760, 1038757153, 4277, 1021107067, 4270, 1021120784, 4259, 1038339908, 4273, 1038306018, 3761, 1038307730, 3754, 1037910626, 3755, 1038335770, 3762, 1037905962, 4276, 1021950298, 3747, 1038337848, 3756, 1022024374, 4262, 1021151890, 4269, 1021042437, 3748, 1022080278, 3757, 1021044475, 3764, 1021951923, 3749, 1020989882, 3758, 1021118743, 3765, 1021108891, 3750, 1021149742, 4261, 1020987679, 3766, 1021141033, 4279, 1022000461, 4271, 1022029068, 4263, 1021995469, 4265, 1038303447, 4258, 1037915915, 3767, 1021998992]
[INFO] (lattice_cell.c: 455): on tick 35 of 50
[INFO] (lattice_cell.c: 172): the unmatched_packets is 56
[4000, 1038811538, 3752, 1038792406, 3744, 1038811526, 4016, 1038767097, 4256, 1038811533, 4272, 1038767046, 4264, 1038792379, 4001, 1038310013, 3760, 1038767150, 3753, 1038309107, 3745, 1038311442, 4017, 1038307421, 4257, 1038309426, 3761, 1038308676, 4273, 1038307014, 4265, 1038307266, 4002, 1037843700, 3754, 1037862219, 3746, 1037843742, 4018, 1037887439, 4258, 1037843668, 3762, 1037887447, 4003, 1038345864, 4019, 1038346275, 4004, 1021843580, 4020, 1021909678, 3755, 1038342702, 3747, 1038344429, 4005, 1021211955, 3763, 1038344970, 4006, 1021120574, 4022, 1021099593, 3764, 1021910309, 4021, 1021162591, 3750, 1021118494, 4007, 1022015566, 4023, 1022026478, 3767, 1022025912, 4277, 1021161406, 4262, 1021121902, 4263, 1022015431, 4268, 1021874056, 4261, 1021210658, 4274, 1037887421, 3756, 1021874517, 4266, 1037862119, 3748, 1021844279, 4259, 1038346456, 4270, 1021111415, 4275, 1038346716, 3757, 1021197827, 3749, 1021213982, 4260, 1021843732, 3758, 1021108053, 3765, 1021164491, 3759, 1022027913, 3766, 1021097655, 3751, 1022014839, 4271, 1022028385, 4267, 1038344606, 4276, 1021909886, 4269, 1021194489, 4278, 1021100800, 4279, 1022026215]
[INFO] (lattice_cell.c: 455): on tick 36 of 50
[INFO] (lattice_cell.c: 172): the unmatched_packets is 56
[4000, 1038757098, 3752, 1038746603, 3744, 1038757119, 4016, 1038723659, 3760, 1038723715, 4256, 1038757056, 4272, 1038723620, 4264, 1038746543, 4001, 1038300120, 3753, 1038301206, 3745, 1038301497, 4017, 1038304105, 3761, 1038305378, 4257, 1038299576, 4273, 1038303641, 4265, 1038299358, 4002, 1037907133, 3754, 1037916875, 4018, 1037938080, 3746, 1037907175, 3762, 1037938076, 4258, 1037907101, 4003, 1038339180, 4019, 1038338322, 4004, 1022113925, 3747, 1038337736, 4274, 1037938073, 4266, 1037916796, 4020, 1022026059, 4005, 1020964108, 4021, 1021043019, 4022, 1021135044, 3748, 1022115391, 3764, 1022027397, 3749, 1020965652, 4006, 1021121251, 4260, 1022113365, 4023, 1022005393, 4007, 1022024771, 3767, 1022004076, 4271, 1021996329, 4269, 1020978470, 4270, 1021159359, 4259, 1038339810, 3755, 1038334500, 4275, 1038338773, 4267, 1038336444, 3763, 1038337046, 3756, 1022104165, 3757, 1020980455, 4276, 1022025704, 4268, 1022102435, 4261, 1020963415, 3765, 1021044247, 3758, 1021157443, 3750, 1021119842, 3766, 1021133744, 3759, 1021994464, 4277, 1021042604, 3751, 1022023290, 4279, 1022005790, 4262, 1021121850, 4278, 1021135516, 4263, 1022025315]
[INFO] (lattice_cell.c: 455): on tick 37 of 50
[INFO] (lattice_cell.c: 172): the unmatched_packets is 56
[4000, 1038772589, 3752, 1038802533, 3744, 1038772599, 4016, 1038777220, 4256, 1038772588, 3760, 1038777274, 4272, 1038777170, 4264, 1038802516, 4001, 1038309373, 3753, 1038311613, 3745, 1038310868, 4017, 1038311398, 4257, 1038308733, 4002, 1037881177, 4018, 1037877018, 4003, 1038347588, 3746, 1037881203, 3762, 1037877035, 4020, 1021806801, 4265, 1038309688, 4005, 1021154621, 4006, 1021110618, 4022, 1021119526, 3748, 1021905443, 4004, 1021904889, 3749, 1021156712, 3765, 1021250014, 3766, 1021117592, 4007, 1022019089, 3751, 1022018446, 4023, 1022017809, 3767, 1022017326, 4021, 1021248099, 4019, 1038343053, 4259, 1038348191, 4260, 1021905190, 4261, 1021153324, 4277, 1021246936, 4262, 1021112001, 4269, 1021215476, 4278, 1021120709, 4263, 1022018907, 3761, 1038312655, 4270, 1021115198, 4271, 1022027054, 3754, 1037852564, 4266, 1037852469, 4273, 1038310991, 4274, 1037877006, 3755, 1038341848, 3747, 1038346149, 3756, 1021843440, 4258, 1037881168, 3763, 1038341748, 4267, 1038343773, 3757, 1021218718, 3764, 1021807389, 4268, 1021843283, 3758, 1021111814, 4275, 1038343522, 3759, 1022026744, 3750, 1021108444, 4276, 1021807119, 4279, 1022017419]
[INFO] (lattice_cell.c: 455): on tick 38 of 50
[INFO] (lattice_cell.c: 172): the unmatched_packets is 56
[4000, 1038791524, 3752, 1038765298, 3744, 1038791524, 4016, 1038732878, 3760, 1038732937, 4256, 1038791506, 4272, 1038732826, 4264, 1038765249, 4001, 1038302351, 3753, 1038302077, 4017, 1038301399, 3745, 1038303722, 4257, 1038301808, 3761, 1038302632, 4273, 1038300987, 4265, 1038300325, 4002, 1037873244, 3754, 1037899027, 3746, 1037873303, 4258, 1037873202, 4018, 1037929678, 3762, 1037929666, 4003, 1038339587, 4019, 1038340543, 4004, 1021961674, 3755, 1038337064, 3747, 1038338149, 4020, 1022076445, 4005, 1021106054, 4021, 1021003337, 4274, 1037929660, 4266, 1037898903, 4022, 1021153424, 3764, 1022077847, 4007, 1022021370, 4023, 1021977694, 3758, 1021109574, 3765, 1021004593, 4006, 1021120916, 3759, 1022031316, 3766, 1021152164, 4267, 1038338971, 4276, 1022075939, 4268, 1022070492, 4263, 1022021966, 4278, 1021153884, 4270, 1021111503, 4279, 1021978138, 4271, 1022033361, 4259, 1038340194, 4275, 1038340993, 4260, 1021961022, 3763, 1038339258, 3756, 1022072508, 3748, 1021963229, 3757, 1021010718, 3749, 1021107469, 3750, 1021119525, 3751, 1022019842, 3767, 1021976341, 4269, 1021008647, 4261, 1021105425, 4277, 1021002864, 4262, 1021121521]
[INFO] (lattice_cell.c: 455): on tick 39 of 50
[INFO] (lattice_cell.c: 172): the unmatched_packets is 56
[4000, 1038765956, 3752, 1038751046, 3744, 1038765960, 4016, 1038761533, 3760, 1038761606, 4256, 1038765944, 4272, 1038761474, 4264, 1038750997, 4001, 1038308666, 4017, 1038311048, 3745, 1038310109, 4002, 1037888338, 3753, 1038309679, 4018, 1037892419, 4019, 1038342647, 4004, 1022030935, 4257, 1038308065, 4005, 1021032054, 4006, 1021131827, 4022, 1021102594, 3756, 1021962327, 4007, 1022010200, 4003, 1038344896, 3764, 1021832503, 3749, 1021034245, 4020, 1021832063, 4275, 1038343115, 4021, 1021225077, 3765, 1021226910, 3759, 1022021686, 4023, 1022036475, 4266, 1037902095, 4259, 1038345530, 4267, 1038342100, 4260, 1022031210, 4276, 1021832511, 4261, 1021030663, 4277, 1021223982, 4262, 1021133185, 4278, 1021103799, 4274, 1037892408, 3761, 1038312333, 3754, 1037902161, 3746, 1037888372, 3755, 1038340153, 3762, 1037892417, 4265, 1038307719, 3747, 1038343433, 4268, 1021962351, 3763, 1038341360, 3748, 1022031506, 3757, 1021108596, 4269, 1021105235, 3758, 1021125358, 3750, 1021129697, 3766, 1021100658, 3751, 1022009530, 4263, 1022009944, 4270, 1021128775, 4279, 1022036055, 4271, 1022021974, 4258, 1037888313, 3767, 1022035955, 4273, 1038310593]
[INFO] (lattice_cell.c: 455): on tick 40 of 50
[INFO] (lattice_cell.c: 172): the unmatched_packets is 56
[4000, 1038779058, 3752, 1038795890, 3744, 1038779062, 4016, 1038774514, 3760, 1038774538, 4256, 1038779038, 4272, 1038774483, 4264, 1038795889, 4001, 1038301301, 3753, 1038302731, 3745, 1038302708, 4017, 1038303300, 3761, 1038304523, 4257, 1038300729, 4002, 1037885103, 4018, 1037889194, 4003, 1038341720, 3746, 1037885154, 3754, 1037868715, 4019, 1038337934, 4020, 1021983960, 4005, 1021107030, 4021, 1021088576, 3756, 1021925927, 3763, 1038336656, 4274, 1037889184, 4023, 1021983670, 4004, 1021965134, 3764, 1021985475, 4006, 1021126301, 4022, 1021156743, 4007, 1022007219, 4269, 1021150468, 3767, 1021982371, 4276, 1021983368, 4261, 1021106395, 4263, 1022007847, 4273, 1038302925, 3762, 1037889195, 3755, 1038337209, 3747, 1038340267, 4265, 1038300906, 3748, 1021966620, 3757, 1021152370, 4258, 1037885075, 3749, 1021108466, 3758, 1021145663, 3765, 1021089793, 4266, 1037868604, 3759, 1021991918, 3750, 1021124902, 4259, 1038342332, 3766, 1021155484, 3751, 1022005720, 4275, 1038338370, 4260, 1021964527, 4268, 1021923961, 4277, 1021088055, 4262, 1021126915, 4278, 1021157178, 4279, 1021984093, 4270, 1021147551, 4271, 1021993820, 4267, 1038339120]
[INFO] (lattice_cell.c: 455): on tick 41 of 50
[INFO] (lattice_cell.c: 172): the unmatched_packets is 56
[4000, 1038776122, 3752, 1038762751, 3744, 1038776145, 4016, 1038705367, 3760, 1038705461, 4256, 1038776106, 4272, 1038705289, 4264, 1038762674, 4001, 1038309840, 3753, 1038310488, 3745, 1038311280, 4017, 1038310429, 3761, 1038311680, 4257, 1038309225, 4002, 1037878230, 4018, 1037947048, 4003, 1038343912, 3754, 1037891853, 4019, 1038347060, 4004, 1021947068, 4265, 1038308627, 3755, 1038342166, 4005, 1021112629, 3747, 1038342475, 4007, 1022046612, 4023, 1022077712, 4020, 1021963598, 4021, 1021097475, 4006, 1021096972, 4260, 1021947357, 4022, 1021046383, 3750, 1021094818, 3766, 1021044410, 3751, 1022045863, 4274, 1037947014, 4267, 1038344096, 4276, 1021964038, 4268, 1022001322, 4277, 1021096360, 4269, 1021063921, 4278, 1021047582, 4263, 1022046435, 4270, 1021084625, 4271, 1022058067, 3746, 1037878266, 4273, 1038309995, 4266, 1037891725, 4258, 1037878193, 3762, 1037947062, 3763, 1038345766, 3756, 1022001445, 3748, 1021947679, 4259, 1038344522, 3757, 1021067281, 3764, 1021964047, 3749, 1021114732, 3758, 1021081241, 3765, 1021099387, 3759, 1022057646, 4261, 1021111327, 3767, 1022077131, 4262, 1021098337, 4279, 1022077367, 4275, 1038347531]
[INFO] (lattice_cell.c: 455): on tick 42 of 50
[INFO] (lattice_cell.c: 172): the unmatched_packets is 56
[4000, 1038786573, 3752, 1038788321, 3744, 1038786550, 4016, 1038790793, 3760, 1038790827, 4256, 1038786572, 4272, 1038790767, 4264, 1038788331, 4001, 1038301300, 3753, 1038301883, 3745, 1038302713, 4017, 1038302612, 4002, 1037878111, 4003, 1038339639, 4018, 1037872551, 4273, 1038302212, 3747, 1038338167, 3763, 1038334212, 4265, 1038300038, 4007, 1021989173, 3757, 1021068831, 4019, 1038335508, 3749, 1021062697, 4004, 1022010842, 4020, 1021905181, 4005, 1021061192, 3765, 1021168857, 4021, 1021167673, 3750, 1021152004, 3766, 1021262675, 4006, 1021153406, 4022, 1021263822, 3767, 1021882588, 4023, 1021883782, 4274, 1037872556, 4266, 1037876033, 4259, 1038340261, 4275, 1038335954, 4268, 1022011622, 4269, 1021066733, 3761, 1038303873, 4278, 1021264239, 3754, 1037876110, 3746, 1037878168, 4257, 1038300743, 3762, 1037872525, 3755, 1038333463, 3756, 1022013488, 3748, 1022012336, 3764, 1021906572, 3758, 1021199016, 4258, 1037878085, 3759, 1021955172, 4276, 1021904676, 4260, 1022010190, 3751, 1021987779, 4261, 1021060458, 4267, 1038335394, 4262, 1021154035, 4277, 1021167189, 4263, 1021989706, 4270, 1021200929, 4279, 1021884097, 4271, 1021956983]
[INFO] (lattice_cell.c: 455): on tick 43 of 50
[INFO] (lattice_cell.c: 172): the unmatched_packets is 56
[4000, 1038748463, 3752, 1038740389, 3744, 1038748500, 4016, 1038735773, 3760, 1038735846, 4256, 1038748422, 4001, 1038309037, 4017, 1038311063, 3753, 1038310983, 3745, 1038310461, 3761, 1038312301, 4272, 1038735687, 4002, 1037904998, 4018, 1037918411, 4003, 1038348339, 4019, 1038345515, 3754, 1037912857, 4004, 1021972286, 3756, 1021926305, 4273, 1038310646, 4023, 1022139643, 4258, 1037904954, 4020, 1021923157, 3758, 1021002395, 4274, 1037918361, 4005, 1021090129, 3765, 1021138063, 4021, 1021136244, 4006, 1021063780, 4022, 1020989339, 3759, 1022126847, 3751, 1022062539, 4007, 1022063401, 4279, 1022139422, 4271, 1022127471, 4257, 1038308414, 4259, 1038348968, 4275, 1038345932, 3746, 1037905058, 4278, 1020990609, 4270, 1021005819, 3762, 1037918452, 3755, 1038344340, 4264, 1038740300, 3747, 1038346895, 3763, 1038344296, 3748, 1021972903, 3757, 1021141796, 3764, 1021923764, 3749, 1021092237, 4266, 1037912713, 3750, 1021061650, 3766, 1020987280, 3767, 1022138936, 4262, 1021065103, 4277, 1021135210, 4265, 1038309081, 4269, 1021138643, 4260, 1021972548, 4261, 1021088868, 4267, 1038346246, 4276, 1021923518, 4268, 1021926173, 4263, 1022063300]
[INFO] (lattice_cell.c: 455): on tick 44 of 50
[INFO] (lattice_cell.c: 172): the unmatched_packets is 56
[4000, 1038813938, 3752, 1038809068, 3744, 1038813918, 4016, 1038761836, 3760, 1038761874, 4256, 1038813943, 4272, 1038761809, 4264, 1038809081, 4001, 1038301517, 3753, 1038302433, 3745, 1038302952, 4017, 1038302665, 3761, 1038303904, 4257, 1038300940, 4002, 1037851279, 4018, 1037900926, 4003, 1038336927, 3754, 1037855887, 4019, 1038338338, 3763, 1038336974, 4006, 1021231604, 4022, 1021217641, 3756, 1021986826, 4007, 1021919442, 3757, 1021092151, 4004, 1021975750, 4020, 1021981557, 3749, 1021096849, 3758, 1021256596, 4005, 1021095335, 4021, 1021092806, 3759, 1021891889, 4268, 1021985034, 4023, 1021920533, 3751, 1021918142, 3767, 1021919521, 4269, 1021089957, 4273, 1038302280, 4267, 1038336417, 4260, 1021975200, 3746, 1037851307, 4261, 1021094557, 4262, 1021232272, 3762, 1037900906, 3755, 1038334424, 4265, 1038300628, 3747, 1038335449, 4266, 1037855807, 3748, 1021977129, 4259, 1038337547, 4258, 1037851267, 3764, 1021982871, 3765, 1021094136, 3750, 1021230193, 4275, 1038338846, 3766, 1021216567, 4271, 1021893370, 4279, 1021920667, 4274, 1037900926, 4276, 1021981094, 4277, 1021092171, 4263, 1021919882, 4278, 1021217997, 4270, 1021258383]
[INFO] (lattice_cell.c: 455): on tick 45 of 50
[INFO] (lattice_cell.c: 172): the unmatched_packets is 56
[4000, 1038748556, 3752, 1038750065, 3744, 1038748576, 4016, 1038748962, 4256, 1038748514, 3760, 1038749057, 4001, 1038311537, 3753, 1038310298, 4017, 1038310208, 3745, 1038312959, 3761, 1038311442, 4002, 1037905483, 4018, 1037904877, 4003, 1038346768, 3754, 1037904266, 3746, 1037905563, 4020, 1021933795, 4021, 1021127566, 4019, 1038344060, 4007, 1022153694, 4265, 1038308426, 4004, 1021962548, 4005, 1021091871, 3765, 1021129293, 4006, 1020979763, 3759, 1022120604, 4022, 1021101244, 3750, 1020977607, 3766, 1021099204, 4023, 1022033736, 3751, 1022152701, 4273, 1038309769, 4258, 1037905417, 4274, 1037904835, 4266, 1037904106, 4275, 1038344439, 4260, 1021962705, 4276, 1021934108, 4261, 1021090702, 4268, 1021991174, 4262, 1020981103, 4269, 1021075520, 4270, 1021023557, 4271, 1022121603, 4272, 1038748872, 4264, 1038749981, 4257, 1038310928, 3762, 1037904903, 3755, 1038341862, 3747, 1038345350, 3756, 1021991546, 3763, 1038342886, 3748, 1021963323, 3757, 1021078602, 3764, 1021934434, 3749, 1021093891, 3758, 1021020041, 4267, 1038343672, 4259, 1038347363, 4277, 1021126679, 3767, 1022032813, 4278, 1021102474, 4263, 1022153759, 4279, 1022033672]
[INFO] (lattice_cell.c: 455): on tick 46 of 50
[INFO] (lattice_cell.c: 172): the unmatched_packets is 56
[4000, 1038793324, 3752, 1038773241, 3744, 1038793305, 4016, 1038744798, 4256, 1038793326, 4001, 1038301530, 4017, 1038303499, 3753, 1038300950, 4002, 1037870991, 4272, 1038744773, 4018, 1037917613, 3761, 1038304758, 4020, 1021912984, 3755, 1038336049, 4005, 1021067345, 4257, 1038300967, 3763, 1038337129, 4003, 1038340012, 4007, 1021905253, 4023, 1022044210, 3748, 1022004907, 4019, 1038338479, 3764, 1021914214, 4004, 1022003646, 3758, 1021170383, 3749, 1021069019, 3765, 1021160774, 3759, 1021971425, 4021, 1021159400, 4006, 1021234227, 4022, 1021092352, 3751, 1021904114, 4264, 1038773243, 4265, 1038299113, 3760, 1038744818, 4258, 1037870975, 3745, 1038302962, 4266, 1037890276, 4259, 1038340688, 4267, 1038338148, 4260, 1022003195, 4276, 1021912632, 4261, 1021066454, 4268, 1021969013, 4262, 1021234891, 4277, 1021158717, 4279, 1022044216, 4271, 1021972529, 3754, 1037890357, 3746, 1037871023, 3762, 1037917595, 3747, 1038338471, 3756, 1021970469, 3757, 1021116644, 4274, 1037917616, 3750, 1021232865, 3766, 1021091134, 3767, 1022043328, 4273, 1038303118, 4275, 1038338972, 4269, 1021114237, 4263, 1021905514, 4278, 1021092804, 4270, 1021172235]
[INFO] (lattice_cell.c: 455): on tick 47 of 50
[INFO] (lattice_cell.c: 172): the unmatched_packets is 56
[4000, 1038765478, 3752, 1038789514, 3744, 1038765504, 4016, 1038759836, 3760, 1038759916, 4256, 1038765437, 4272, 1038759743, 4264, 1038789427, 4001, 1038308500, 3753, 1038309949, 3745, 1038309906, 4017, 1038311905, 3761, 1038313113, 4257, 1038307885, 4273, 1038311499, 4265, 1038308102, 4002, 1037888783, 3754, 1037865622, 3746, 1037888843, 4018, 1037894390, 3762, 1037894437, 4258, 1037888720, 4003, 1038345109, 4019, 1038344131, 4004, 1021976573, 3763, 1038342919, 4020, 1021943997, 4005, 1021088254, 3748, 1021977485, 4023, 1021957643, 4021, 1021109509, 4006, 1021069012, 3765, 1021111142, 4022, 1021175885, 3759, 1022000406, 4007, 1022070883, 3766, 1021174053, 3751, 1022069691, 4262, 1021070313, 4274, 1037894329, 4268, 1021967090, 4261, 1021087186, 4266, 1037865453, 4278, 1021176945, 4263, 1022071135, 4267, 1038343027, 4259, 1038345662, 4260, 1021976591, 3755, 1038341260, 3747, 1038343741, 3756, 1021967699, 3757, 1021102374, 4276, 1021944159, 3764, 1021944792, 3749, 1021090212, 3758, 1021140849, 3750, 1021066853, 4277, 1021108702, 4275, 1038344535, 4269, 1021099607, 4270, 1021144116, 4279, 1021957645, 3767, 1021956662, 4271, 1022001667]
[INFO] (lattice_cell.c: 455): on tick 48 of 50
[INFO] (lattice_cell.c: 172): the unmatched_packets is 56
[4000, 1038773804, 3752, 1038764323, 3744, 1038773789, 4016, 1038758861, 3760, 1038758909, 4256, 1038773808, 4001, 1038304117, 4017, 1038303363, 4002, 1037890179, 3753, 1038303705, 3745, 1038305589, 4018, 1037904235, 4003, 1038340104, 4019, 1038338358, 3761, 1038304613, 4020, 1021961380, 4005, 1021111158, 4021, 1021111232, 3762, 1037904192, 4022, 1021123237, 4007, 1022022063, 4023, 1022015200, 3748, 1021952707, 3764, 1021962413, 4004, 1021951658, 3758, 1021066549, 3749, 1021112864, 3765, 1021112735, 4006, 1021115822, 3751, 1022021102, 4278, 1021123850, 4258, 1037890157, 4266, 1037899585, 4259, 1038340795, 4275, 1038338839, 4264, 1038764344, 4260, 1021951395, 4261, 1021110198, 4277, 1021110434, 4262, 1021116592, 4269, 1021088369, 4263, 1022022178, 4279, 1022015156, 3754, 1037899659, 4272, 1038758829, 4265, 1038301842, 3746, 1037890218, 3755, 1038335745, 4274, 1037904240, 3747, 1038338536, 4257, 1038303505, 3756, 1021986638, 3763, 1038337023, 4267, 1038337788, 4273, 1038302988, 3757, 1021090994, 3759, 1022078082, 4268, 1021985428, 3750, 1021114340, 3766, 1021121970, 3767, 1022014393, 4271, 1022079044, 4270, 1021068754, 4276, 1021961166]
[INFO] (lattice_cell.c: 455): on tick 49 of 50
[INFO] (lattice_cell.c: 172): the unmatched_packets is 56
[4000, 1038792686, 3752, 1038759818, 3744, 1038792689, 4016, 1038741197, 4256, 1038792660, 3760, 1038741274, 4272, 1038741103, 4001, 1038308194, 3753, 1038308045, 3745, 1038309545, 4264, 1038759747, 4017, 1038309765, 4257, 1038307637, 4273, 1038309366, 4265, 1038306273, 3761, 1038310975, 4002, 1037862450, 3754, 1037893981, 3746, 1037862518, 4018, 1037912482, 4258, 1037862383, 4003, 1038345524, 4274, 1037912445, 3755, 1038341951, 3747, 1038344131, 4019, 1038343447, 4020, 1021923674, 4021, 1021140435, 4006, 1021165178, 4022, 1021092021, 3764, 1021924626, 3749, 1021077473, 4267, 1038343783, 4004, 1021989357, 4005, 1021075572, 3758, 1021147640, 3750, 1021163226, 3759, 1021990583, 3766, 1021090197, 3751, 1021970876, 4007, 1021972157, 4023, 1022044014, 4279, 1022044172, 4261, 1021074538, 4262, 1021166292, 3762, 1037912519, 4278, 1021093007, 4263, 1021972498, 4275, 1038343821, 4259, 1038346098, 3763, 1038342266, 4260, 1021989128, 4266, 1037893797, 4276, 1021923691, 4269, 1021093553, 3756, 1021981518, 3748, 1021990501, 4268, 1021980522, 3757, 1021096303, 4277, 1021139743, 3765, 1021141950, 3767, 1022042926, 4270, 1021150592, 4271, 1021991980]
[INFO] (lattice_cell.c: 455): on tick 50 of 50
[INFO] (lattice_cell.c: 466): updating recording regions
[INFO] (recording.c: 507): 	Finalising channel 0 - state info stored in SDRAM
[INFO] (recording.c: 512): closed channel 0.
[INFO] (lattice_cell.c: 470): Simulation complete.

