[INFO] (lattice_cell.c: 604): starting lattice cell
[INFO] (lattice_cell.c: 526): Initialise: started
[INFO] (data_specification.c: 78): magic = ad130ad6, version = 1.0
[INFO] (lattice_cell.c: 555): my key is 5128
[INFO] (lattice_cell.c: 562): I'm in position ( 20, 1)
[INFO] (lattice_cell.c: 568): my n key is 4872
[INFO] (lattice_cell.c: 574): my U_X = -0.009999959729611874
[INFO] (lattice_cell.c: 575): my U_Y = -0.00035355339059606194
[INFO] (lattice_cell.c: 583): input_buffer initialised
[INFO] (recording.c: 563): Recording 1 regions, using output tag 0, size before trigger 7686388, time between triggers 50
[INFO] (recording.c: 665): Recording channel 0 configured to use 7686132 byte memory block starting at 0x618416e8
[INFO] (lattice_cell.c: 588): Recording flags = 0x00000001
[INFO] (lattice_cell.c: 619): setting timer to execute every 200000 microseconds
[INFO] (lattice_cell.c: 627): Starting

[INFO] (simulation.c: 159): Setting the runtime of this model to 50 starting at 0
[INFO] (simulation.c: 161): Setting the flag of infinite run for this model to 0
[INFO] (simulation.c: 175): Resuming
[INFO] (lattice_cell.c: 455): on tick 0 of 50
[4864, 1037884798, 5120, 1037884798, 5376, 1037884802, 5136, 1037884811, 5392, 1037884817, 4872, 1037884799, 4880, 1037884809, 5384, 1037884803, 5121, 1038302978, 4865, 1038300202, 5137, 1038302980, 5377, 1038306364, 5393, 1038306368, 5385, 1038306366, 4873, 1038300202, 5122, 1038779582, 5138, 1038779573, 5378, 1038779586, 5386, 1038779585, 5139, 1038334616, 5123, 1038334614, 4866, 1038779582, 5379, 1038331220, 4881, 1038300202, 5380, 1021095914, 5124, 1021092729, 5141, 1021985608, 5125, 1021985617, 5390, 1022015553, 5391, 1021119282, 5142, 1022019140, 5126, 1022019149, 5143, 1021122482, 5127, 1021122469, 5140, 1021092742, 4877, 1021982674, 4878, 1022022103, 4885, 1021982664, 4868, 1021090121, 4874, 1038779581, 4870, 1022022105, 4882, 1038779571, 4871, 1021125090, 4867, 1038337402, 5394, 1038779579, 5387, 1038331222, 4883, 1038337402, 4884, 1021090131, 5395, 1038331224, 5396, 1021095929, 5388, 1021095915, 5381, 1021989207, 4886, 1022022093, 4875, 1038337402, 5397, 1021989200, 5389, 1021989208, 4879, 1021125092, 4887, 1021125100, 5382, 1022015554, 5398, 1022015547, 4876, 1021090121, 5383, 1021119281, 5399, 1021119294, 4869, 1021982674]
[INFO] (lattice_cell.c: 455): on tick 1 of 50
[INFO] (lattice_cell.c: 172): the unmatched_packets is 56
[5120, 1037879856, 5392, 1037879883, 5136, 1037879881, 4864, 1037879860, 4872, 1037879863, 5121, 1038311735, 5137, 1038311733, 5122, 1038774636, 5123, 1038342720, 5124, 1021089745, 5394, 1038774607, 5125, 1021978354, 5142, 1022016533, 5127, 1021115519, 5380, 1021093682, 5139, 1038342718, 5383, 1021111582, 5141, 1021978316, 5126, 1022016496, 5143, 1021115485, 5138, 1038774605, 5140, 1021089779, 4879, 1021118969, 4887, 1021118937, 4873, 1038308965, 4882, 1038774609, 4874, 1038774631, 4867, 1038345496, 4884, 1021086341, 4868, 1021086305, 4885, 1021976189, 4880, 1037879887, 4869, 1021976223, 4870, 1022018625, 4886, 1022018665, 4878, 1022018632, 4881, 1038308967, 5376, 1037879858, 5384, 1037879857, 5393, 1038315099, 5377, 1038315101, 5385, 1038315097, 5378, 1038774636, 4865, 1038308965, 4883, 1038345494, 5386, 1038774629, 5387, 1038339348, 5395, 1038339348, 4876, 1021086309, 5379, 1038339350, 5388, 1021093684, 5396, 1021093720, 4877, 1021976222, 5389, 1021981202, 5397, 1021981176, 5381, 1021981218, 5390, 1022013639, 5398, 1022013673, 5382, 1022013637, 4875, 1038345494, 5391, 1021111578, 5399, 1021111552, 4871, 1021118971, 4866, 1038774636]
[INFO] (lattice_cell.c: 455): on tick 2 of 50
[INFO] (lattice_cell.c: 172): the unmatched_packets is 56
[5120, 1037885236, 4864, 1037885234, 5392, 1037885175, 5136, 1037885177, 4880, 1037885171, 4872, 1037885225, 5376, 1037885230, 5384, 1037885225, 5121, 1038303246, 5393, 1038306671, 5137, 1038303248, 5122, 1038780024, 5385, 1038306675, 5138, 1038780087, 5123, 1038335268, 5394, 1038780089, 5124, 1021093818, 5386, 1038780035, 5125, 1021986572, 5141, 1021986628, 5142, 1022018854, 5127, 1021122270, 5140, 1021093779, 5126, 1022019055, 5143, 1021122454, 5139, 1038335278, 4879, 1021124911, 4887, 1021125049, 4881, 1038300432, 4873, 1038300432, 4866, 1038780026, 4882, 1038780081, 4883, 1038338094, 4876, 1021091204, 4884, 1021091176, 4868, 1021091225, 4869, 1021983690, 4870, 1022021958, 4878, 1022021925, 4871, 1021124891, 5377, 1038306669, 4874, 1038780029, 5378, 1038780024, 4867, 1038338090, 5395, 1038331836, 5379, 1038331826, 5387, 1038331830, 5396, 1021096923, 5380, 1021096963, 5388, 1021096955, 5397, 1021990128, 4877, 1021983694, 5381, 1021990089, 4875, 1038338086, 5389, 1021990103, 4885, 1021983729, 4886, 1022021741, 5398, 1022015335, 5382, 1022015527, 5390, 1022015506, 5391, 1021119140, 5399, 1021119288, 5383, 1021119106, 4865, 1038300436]
[INFO] (lattice_cell.c: 455): on tick 3 of 50
[INFO] (lattice_cell.c: 172): the unmatched_packets is 56
[5120, 1037879934, 5392, 1037880293, 5136, 1037880299, 4864, 1037879934, 5376, 1037879932, 5384, 1037879977, 4880, 1037880301, 4872, 1037879977, 5121, 1038312073, 5393, 1038315430, 4865, 1038309309, 5137, 1038312081, 5377, 1038315422, 5385, 1038315422, 4873, 1038309311, 5122, 1038774670, 5394, 1038774287, 5138, 1038774293, 5378, 1038774672, 4866, 1038774670, 5386, 1038774627, 4881, 1038309319, 5123, 1038342454, 5139, 1038342411, 5124, 1021089248, 5396, 1021093559, 5140, 1021089585, 5141, 1021977736, 5126, 1022016905, 5398, 1022014900, 5142, 1022017894, 5127, 1021116110, 4869, 1021975862, 4870, 1022019145, 5143, 1021115288, 5125, 1021978087, 4886, 1022020118, 4879, 1021119454, 4887, 1021118752, 4868, 1021085800, 4875, 1038345213, 4877, 1021975802, 4871, 1021119568, 4878, 1022019278, 5395, 1038339056, 5387, 1038339102, 4867, 1038345219, 5379, 1038339104, 4883, 1038345183, 5380, 1021093214, 5388, 1021093268, 4874, 1038774631, 4882, 1038774295, 5381, 1021981063, 4884, 1021086135, 5389, 1021981002, 5397, 1021980716, 5382, 1022013928, 5390, 1022014069, 4876, 1021085862, 5391, 1021112020, 5383, 1021112142, 5399, 1021111312, 4885, 1021975518]
[INFO] (lattice_cell.c: 455): on tick 4 of 50
[INFO] (lattice_cell.c: 172): the unmatched_packets is 56
[5120, 1037885146, 5136, 1037883473, 5392, 1037883471, 5376, 1037885154, 5384, 1037884953, 4864, 1037885152, 5121, 1038303108, 5137, 1038303094, 4880, 1037883469, 5122, 1038780106, 5138, 1038781837, 5123, 1038335449, 5124, 1021094568, 5141, 1021988420, 5386, 1038780309, 5126, 1022018596, 5127, 1021121632, 5143, 1021125514, 5140, 1021093088, 5399, 1021122346, 5125, 1021986860, 5383, 1021118472, 5142, 1022013787, 5139, 1038335663, 4877, 1021984356, 4871, 1021124282, 4879, 1021124827, 4887, 1021128149, 4873, 1038300252, 4874, 1038780311, 4875, 1038338336, 4883, 1038338521, 4872, 1037884947, 4876, 1021091657, 4884, 1021090447, 4867, 1038338302, 4885, 1021985624, 4881, 1038300252, 4878, 1022020730, 4868, 1021091926, 4866, 1038780106, 5393, 1038306555, 5377, 1038306575, 5385, 1038306573, 5378, 1038780110, 5394, 1038781841, 4865, 1038300266, 5395, 1038332195, 5379, 1038331975, 5387, 1038332005, 4882, 1038781841, 5396, 1021096257, 5380, 1021097721, 5388, 1021097460, 4886, 1022016601, 5397, 1021991833, 5381, 1021990266, 5389, 1021990582, 5398, 1022010380, 5382, 1022015183, 5390, 1022014500, 5391, 1021119019, 4870, 1022021405, 4869, 1021984060]
[INFO] (lattice_cell.c: 455): on tick 5 of 50
[INFO] (lattice_cell.c: 172): the unmatched_packets is 56
[5120, 1037880342, 5392, 1037887670, 4864, 1037880346, 5136, 1037887666, 5384, 1037881296, 4872, 1037881296, 4880, 1037887668, 5121, 1038312286, 5137, 1038312427, 5393, 1038315756, 5122, 1038774260, 4881, 1038309663, 5138, 1038766653, 5123, 1038342155, 5125, 1021978333, 5126, 1022017482, 5142, 1022038740, 5127, 1021116421, 5143, 1021099243, 5397, 1021974640, 5124, 1021088441, 4875, 1038344722, 5140, 1021094936, 5141, 1021971523, 5391, 1021109886, 4868, 1021085014, 5139, 1038341122, 4871, 1021119852, 4886, 1022041118, 4887, 1021102693, 4882, 1038766647, 4867, 1038344913, 4883, 1038343884, 4873, 1038309573, 4876, 1021086330, 4870, 1022019851, 4885, 1021969156, 4877, 1021974513, 5376, 1037880344, 4878, 1022023172, 5377, 1038315618, 4879, 1021117279, 5385, 1038315666, 4865, 1038309520, 4874, 1038773272, 5394, 1038766651, 5378, 1038774266, 4869, 1021975973, 4884, 1021091512, 5386, 1038773278, 5395, 1038337790, 5379, 1038338810, 5387, 1038338628, 5396, 1021098899, 4866, 1038774260, 5380, 1021092385, 5388, 1021093695, 5381, 1021981439, 5389, 1021979982, 5398, 1022035613, 5382, 1022014360, 5390, 1022017682, 5399, 1021095280, 5383, 1021112456]
[INFO] (lattice_cell.c: 455): on tick 6 of 50
[INFO] (lattice_cell.c: 172): the unmatched_packets is 56
[5120, 1037883214, 5392, 1037861654, 4864, 1037883218, 5136, 1037861654, 5376, 1037883214, 4872, 1037879180, 5384, 1037879178, 5121, 1038303230, 5393, 1038306285, 5137, 1038302792, 5122, 1038782094, 5123, 1038335761, 5139, 1038336551, 5140, 1021078332, 5127, 1021122133, 5396, 1021081542, 5388, 1021093979, 5138, 1038804396, 5124, 1021096408, 5125, 1021985016, 5390, 1021998409, 5141, 1022004523, 5391, 1021130409, 5126, 1022016415, 5142, 1021951536, 5143, 1021183374, 4877, 1021988863, 4879, 1021136308, 4886, 1021954187, 4871, 1021124840, 4873, 1038300121, 4881, 1038299922, 4874, 1038786282, 4876, 1021088060, 4867, 1038338637, 4884, 1021075635, 4885, 1022001829, 4865, 1038300355, 4869, 1021982330, 4887, 1021186028, 4870, 1022019097, 4880, 1037861656, 5377, 1038306724, 5385, 1038306493, 5394, 1038804400, 5378, 1038782098, 5386, 1038786276, 5395, 1038333032, 5379, 1038332249, 5387, 1038333040, 4882, 1038804402, 4875, 1038339439, 4868, 1021093688, 5380, 1021099618, 5397, 1022007821, 5381, 1021988309, 5389, 1021994861, 5398, 1021948277, 4883, 1038339465, 5382, 1022013117, 4878, 1022004398, 5399, 1021180195, 5383, 1021118920, 4866, 1038782090]
[INFO] (lattice_cell.c: 455): on tick 7 of 50
[INFO] (lattice_cell.c: 172): the unmatched_packets is 56
[5120, 1037888912, 5392, 1037921006, 5136, 1037921006, 4864, 1037888914, 5376, 1037888912, 5384, 1037899610, 4872, 1037899608, 4880, 1037921002, 5121, 1038311527, 5393, 1038316399, 5137, 1038313067, 5377, 1038314847, 5122, 1038765381, 5138, 1038732269, 5394, 1038732267, 5124, 1021082532, 5380, 1021086456, 5123, 1038341063, 5388, 1021104578, 4866, 1038765383, 5140, 1021110401, 5125, 1021987615, 4884, 1021107061, 5382, 1022023272, 5390, 1022066329, 5391, 1021064493, 5383, 1021107587, 5141, 1021955745, 5126, 1022026551, 5142, 1022151544, 5127, 1021111517, 5143, 1020980223, 5139, 1038342738, 4879, 1021071896, 4882, 1038732257, 4875, 1038343806, 4874, 1038754309, 4876, 1021097305, 4881, 1038310305, 4867, 1038343824, 4886, 1022154165, 4868, 1021079180, 4885, 1021953234, 4878, 1022072179, 4869, 1021985102, 4887, 1020983696, 4870, 1022029070, 4871, 1021114892, 5385, 1038315847, 4865, 1038308770, 5378, 1038765385, 4883, 1038345442, 5386, 1038754297, 5395, 1038339452, 5379, 1038337736, 5387, 1038337752, 4877, 1021963499, 5396, 1021114306, 5397, 1021959017, 5381, 1021990894, 5389, 1021969237, 4873, 1038309762, 5398, 1022148192, 5399, 1020976214]
[INFO] (lattice_cell.c: 455): on tick 8 of 50
[INFO] (lattice_cell.c: 172): the unmatched_packets is 56
[5120, 1037855032, 4864, 1037855028, 5136, 1037848586, 5392, 1037848598, 5376, 1037855026, 5384, 1037844832, 4872, 1037844842, 4880, 1037848574, 5121, 1038303849, 5137, 1038302822, 5122, 1038811290, 5393, 1038306352, 5123, 1038336246, 5139, 1038336288, 5141, 1021994050, 5126, 1021988035, 4865, 1038300934, 5396, 1021091052, 5143, 1021287345, 5388, 1021083927, 5124, 1021122998, 5398, 1021843489, 5140, 1021087760, 5125, 1021955954, 5383, 1021144414, 4868, 1021120245, 4884, 1021084935, 5142, 1021846501, 5138, 1038817298, 5127, 1021147652, 4877, 1021996134, 4887, 1021290039, 4882, 1038817312, 4875, 1038337528, 4883, 1038339265, 4881, 1038299936, 4876, 1021077849, 4873, 1038300662, 4867, 1038339162, 4885, 1021991480, 4869, 1021953405, 4878, 1021908195, 4870, 1021990575, 4866, 1038811290, 4879, 1021238942, 4871, 1021150406, 5377, 1038307385, 5385, 1038307079, 5394, 1038817280, 5378, 1038811292, 4874, 1038821707, 5386, 1038821715, 5395, 1038332689, 5379, 1038332696, 5387, 1038330998, 4886, 1021848905, 5380, 1021126225, 5397, 1021997198, 5381, 1021959123, 5389, 1022001864, 5382, 1021984867, 5390, 1021902607, 5391, 1021233077, 5399, 1021284155]
[INFO] (lattice_cell.c: 455): on tick 9 of 50
[INFO] (lattice_cell.c: 172): the unmatched_packets is 56
[5120, 1037944865, 4864, 1037944871, 5392, 1037889363, 5136, 1037889379, 5376, 1037944871, 5384, 1037931635, 4872, 1037931655, 5121, 1038313642, 5393, 1038315277, 5137, 1038311951, 5377, 1038316935, 5385, 1038315611, 4865, 1038310924, 5122, 1038707602, 5138, 1038765570, 5123, 1038343345, 5139, 1038341620, 5394, 1038765592, 4880, 1037889389, 5386, 1038721536, 4881, 1038309187, 5127, 1021036765, 5143, 1021012660, 5124, 1021007341, 5140, 1021076032, 5141, 1021994953, 5126, 1022093430, 5391, 1020958116, 5142, 1022123452, 5125, 1022056288, 4885, 1021992299, 4871, 1021040171, 4886, 1022126344, 4887, 1021016052, 4867, 1038346071, 4874, 1038721516, 4882, 1038765552, 4868, 1021003946, 4875, 1038343855, 4883, 1038344311, 4876, 1021068890, 4869, 1022053548, 4884, 1021072773, 4877, 1021995360, 4878, 1022179381, 4870, 1022096178, 4873, 1038309539, 4866, 1038707598, 5378, 1038707600, 5395, 1038338357, 5379, 1038340049, 5387, 1038337893, 5396, 1021079858, 5380, 1021011308, 5388, 1021076068, 5397, 1021998358, 5381, 1022059716, 5389, 1022001466, 5398, 1022119848, 5382, 1022089981, 5390, 1022173040, 5399, 1021008757, 5383, 1021032794, 4879, 1020965536]
[INFO] (lattice_cell.c: 455): on tick 10 of 50
[INFO] (lattice_cell.c: 172): the unmatched_packets is 56
[5120, 1037803280, 4864, 1037803280, 5392, 1037886881, 5136, 1037886879, 5376, 1037803284, 5384, 1037841496, 4880, 1037886877, 5121, 1038303975, 5393, 1038307969, 5137, 1038304423, 5122, 1038864132, 5377, 1038307569, 5138, 1038777837, 5123, 1038335766, 5139, 1038335002, 5394, 1038777827, 4865, 1038300997, 5389, 1021903517, 5124, 1021233348, 5382, 1021873486, 5140, 1021123734, 5125, 1021842723, 5141, 1021956626, 5126, 1021876464, 5142, 1022021639, 5127, 1021257816, 5143, 1021116842, 4877, 1021898076, 4871, 1021260569, 4879, 1021234987, 4886, 1022023914, 4887, 1021119646, 4873, 1038299133, 4881, 1038301489, 4872, 1037841452, 4867, 1038338753, 4882, 1038777841, 4868, 1021230597, 5385, 1038305658, 5378, 1038864144, 4874, 1038824505, 5386, 1038824445, 4869, 1021840386, 5395, 1038331399, 5379, 1038332165, 5387, 1038331884, 4875, 1038338495, 4884, 1021120834, 5396, 1021127092, 4870, 1021878804, 4883, 1038337987, 4885, 1021954197, 4876, 1021181971, 4878, 1021905873, 5380, 1021236568, 5388, 1021188054, 5397, 1021959688, 5381, 1021845707, 4866, 1038864138, 5398, 1022018717, 5390, 1021900677, 5391, 1021228944, 5399, 1021113538, 5383, 1021254590]
[INFO] (lattice_cell.c: 455): on tick 11 of 50
[INFO] (lattice_cell.c: 172): the unmatched_packets is 56
[5120, 1037927762, 5392, 1037902309, 5136, 1037902317, 5376, 1037927764, 5384, 1037910835, 4864, 1037927764, 4872, 1037910851, 5121, 1038311698, 5393, 1038317025, 5137, 1038313720, 5377, 1038314967, 5122, 1038726452, 5138, 1038751108, 5385, 1038314520, 4880, 1037902305, 5123, 1038341686, 5139, 1038342877, 5124, 1020942800, 5140, 1021023257, 5141, 1022039411, 4865, 1038308995, 5387, 1038338983, 5388, 1020941400, 5389, 1022138968, 5125, 1022130922, 5398, 1021965051, 4868, 1020939489, 5126, 1022166992, 4869, 1022127951, 5142, 1021968649, 5127, 1020971815, 5143, 1021160839, 4871, 1020975150, 4879, 1021111677, 4886, 1021971569, 4887, 1021164185, 4874, 1038743337, 4866, 1038726456, 4867, 1038344382, 4883, 1038345596, 4877, 1022132552, 4885, 1022036593, 4878, 1022029529, 4881, 1038310976, 5394, 1038751110, 5386, 1038743375, 5378, 1038726448, 4873, 1038308533, 5395, 1038339580, 5379, 1038338405, 5380, 1020946668, 5396, 1021027124, 4882, 1038751098, 4875, 1038344986, 5381, 1022134579, 5397, 1022042930, 4884, 1021019985, 5390, 1022022882, 5382, 1022163320, 4876, 1020934138, 4870, 1022169949, 5391, 1021104515, 5383, 1020967931, 5399, 1021156924]
[INFO] (lattice_cell.c: 455): on tick 12 of 50
[INFO] (lattice_cell.c: 172): the unmatched_packets is 56
[5120, 1037893974, 5392, 1037839513, 4864, 1037893972, 5136, 1037839521, 5376, 1037893978, 5384, 1037861367, 5121, 1038304185, 5137, 1038304676, 5393, 1038308265, 5122, 1038769793, 5138, 1038827078, 5123, 1038335671, 5139, 1038334751, 5385, 1038308622, 5124, 1021161308, 5395, 1038331159, 5126, 1021950570, 5127, 1021185378, 5143, 1021104390, 5396, 1021227261, 5380, 1021164705, 5140, 1021223939, 5125, 1021916527, 4876, 1021246106, 5141, 1021854173, 5142, 1022033334, 4879, 1021085681, 4887, 1021107251, 4873, 1038302018, 4881, 1038301700, 4866, 1038769799, 4882, 1038827090, 4875, 1038336785, 4884, 1021221077, 4872, 1037861413, 4880, 1037839517, 4885, 1021851877, 4869, 1021914339, 4878, 1022061138, 5377, 1038307785, 5394, 1038827064, 5378, 1038769799, 4865, 1038301189, 5386, 1038804150, 4867, 1038338677, 5379, 1038332068, 5387, 1038330215, 4874, 1038804124, 5388, 1021252296, 5397, 1021857127, 4877, 1021825678, 5381, 1021919389, 5389, 1021830838, 4870, 1021952778, 5398, 1022030379, 4868, 1021158361, 5382, 1021947716, 5390, 1022055985, 4871, 1021188321, 4886, 1022035629, 5391, 1021079390, 5399, 1021101075, 5383, 1021181974, 4883, 1038337726]
[INFO] (lattice_cell.c: 455): on tick 13 of 50
[INFO] (lattice_cell.c: 172): the unmatched_packets is 56
[5120, 1037858086, 5392, 1037913870, 4864, 1037858086, 5136, 1037913860, 5376, 1037858086, 5384, 1037889439, 4872, 1037889390, 4880, 1037913850, 5121, 1038312796, 5393, 1038314985, 5137, 1038311680, 5122, 1038797130, 5138, 1038740205, 5141, 1022150946, 5126, 1021988293, 5387, 1038338461, 5127, 1021141712, 5143, 1021111228, 5396, 1020928057, 5123, 1038342651, 5124, 1021111443, 5140, 1020924219, 5125, 1021953443, 4877, 1022060986, 5142, 1022020426, 4869, 1021950455, 5139, 1038342327, 4871, 1021144919, 4887, 1021114461, 4873, 1038308913, 4881, 1038308953, 4874, 1038765110, 4866, 1038797124, 4883, 1038345088, 4876, 1021005542, 4867, 1038345394, 4885, 1022147972, 4868, 1021108247, 4878, 1022018665, 4870, 1021991283, 4865, 1038310045, 5377, 1038316117, 5385, 1038314955, 5394, 1038740204, 5378, 1038797126, 4875, 1038344543, 5386, 1038765068, 5395, 1038339002, 5379, 1038339330, 4882, 1038740203, 4884, 1020920962, 5380, 1021115215, 5388, 1021012512, 5397, 1022154603, 5381, 1021957104, 4886, 1022023410, 5389, 1022067727, 4879, 1021121845, 5398, 1022016786, 5382, 1021984648, 5390, 1022012094, 5391, 1021114760, 5399, 1021107412, 5383, 1021137938]
[INFO] (lattice_cell.c: 455): on tick 14 of 50
[INFO] (lattice_cell.c: 172): the unmatched_packets is 56
[5120, 1037878145, 5136, 1037879784, 5392, 1037879762, 4864, 1037878137, 5121, 1038303808, 5137, 1038305400, 5122, 1038787995, 5393, 1038308988, 5377, 1038307366, 5123, 1038335183, 5394, 1038784504, 4872, 1037894406, 4880, 1037879812, 5126, 1022050121, 5127, 1021089660, 5138, 1038784478, 5139, 1038334620, 5389, 1021994869, 5140, 1021204769, 5125, 1022014218, 5141, 1021872279, 5142, 1022022351, 5143, 1021115314, 5124, 1021067475, 4870, 1022052402, 4885, 1021870109, 4878, 1021997775, 4871, 1021092683, 4886, 1022024607, 4881, 1038302424, 4883, 1038337588, 4876, 1021088298, 4884, 1021201731, 4877, 1021989777, 4867, 1038338152, 4869, 1022011948, 5376, 1037878145, 5384, 1037894403, 5385, 1038306716, 5378, 1038787995, 4873, 1038300181, 5386, 1038770022, 4866, 1038787995, 5395, 1038331049, 5379, 1038331614, 4865, 1038300849, 5387, 1038331384, 5396, 1021208241, 5380, 1021070928, 5388, 1021094886, 5397, 1021875146, 5381, 1022017194, 4882, 1038784467, 5398, 1022019412, 4875, 1038337935, 5382, 1022047145, 5390, 1021992521, 5399, 1021111834, 5383, 1021086215, 5391, 1021141225, 4879, 1021147679, 4887, 1021118345, 4874, 1038770028, 4868, 1021064486]
[INFO] (lattice_cell.c: 455): on tick 15 of 50
[INFO] (lattice_cell.c: 172): the unmatched_packets is 56
[5120, 1037893977, 4864, 1037893981, 5392, 1037871259, 5136, 1037871229, 5376, 1037893977, 5384, 1037872451, 4880, 1037871221, 4872, 1037872463, 5121, 1038312587, 5393, 1038316526, 5137, 1038313165, 4865, 1038309790, 5377, 1038315958, 5385, 1038315881, 4881, 1038310377, 4873, 1038309718, 5122, 1038759953, 5138, 1038783601, 5394, 1038783579, 5123, 1038342459, 4866, 1038759953, 5386, 1038782245, 5139, 1038341871, 5141, 1021988506, 5388, 1021122633, 5124, 1021068662, 4882, 1038783615, 5140, 1021079801, 5125, 1021999447, 4868, 1021065537, 5126, 1022032468, 5142, 1022011508, 5127, 1021099758, 5143, 1021118494, 4887, 1021121621, 4883, 1038344669, 4876, 1021115805, 4877, 1021946970, 4886, 1022014487, 4870, 1022035449, 4879, 1021126207, 4874, 1038782223, 4867, 1038345261, 5378, 1038759953, 5395, 1038338512, 5379, 1038339094, 5387, 1038338110, 4869, 1021996476, 5396, 1021083424, 5380, 1021072407, 4885, 1021985450, 5397, 1021992210, 5381, 1022003072, 5389, 1021953528, 4878, 1022012221, 4871, 1021102880, 5398, 1022007924, 5382, 1022028847, 4875, 1038344275, 4884, 1021076727, 5390, 1022005611, 5399, 1021114755, 5391, 1021119367, 5383, 1021096031]
[INFO] (lattice_cell.c: 455): on tick 16 of 50
[INFO] (lattice_cell.c: 172): the unmatched_packets is 56
[5120, 1037892712, 4864, 1037892708, 5392, 1037889247, 5136, 1037889233, 5376, 1037892714, 5384, 1037877173, 5121, 1038304256, 5137, 1038304325, 5393, 1038307853, 5122, 1038771392, 5138, 1038775841, 4872, 1037877181, 4880, 1037889227, 5139, 1038334850, 5378, 1038771398, 5141, 1022020964, 5142, 1022014454, 4865, 1038301316, 5127, 1021135624, 5381, 1021968903, 5124, 1021113696, 5125, 1021965909, 5382, 1021999690, 5390, 1022035841, 5391, 1021098829, 5383, 1021132040, 5126, 1022002673, 4884, 1021058430, 5143, 1021123393, 5123, 1038335264, 5140, 1021061619, 4885, 1022018699, 4871, 1021138789, 4879, 1021105556, 4873, 1038301059, 4882, 1038775847, 4868, 1021110533, 4869, 1021963640, 4877, 1021980274, 5377, 1038307787, 5385, 1038307522, 4878, 1022041163, 4886, 1022016772, 5394, 1038775843, 5386, 1038788388, 4881, 1038301402, 5395, 1038331310, 5379, 1038331723, 5387, 1038330536, 5396, 1021065215, 5380, 1021117280, 5388, 1021104441, 5397, 1022023935, 4866, 1038771390, 4875, 1038337005, 5389, 1021985584, 4874, 1038788372, 5398, 1022011434, 4867, 1038338200, 5399, 1021119842, 4887, 1021126526, 4883, 1038337793, 4876, 1021097753, 4870, 1022004961]
[INFO] (lattice_cell.c: 455): on tick 17 of 50
[INFO] (lattice_cell.c: 172): the unmatched_packets is 56
[5120, 1037871376, 4864, 1037871380, 5392, 1037883855, 5136, 1037883859, 5376, 1037871368, 5384, 1037884755, 4872, 1037884739, 4880, 1037883857, 5121, 1038312511, 4865, 1038309662, 5393, 1038316749, 5137, 1038313315, 5377, 1038315931, 5385, 1038315469, 4873, 1038309192, 5122, 1038783505, 4881, 1038310468, 4866, 1038783501, 5394, 1038770254, 5138, 1038770251, 5378, 1038783505, 5123, 1038342513, 5139, 1038341925, 5395, 1038338496, 5124, 1021102550, 4882, 1038770253, 5127, 1021133678, 5388, 1021071361, 5125, 1021964127, 5141, 1021976119, 5126, 1021996122, 5398, 1022005929, 5142, 1022009512, 5143, 1021119503, 5140, 1021092671, 4878, 1022026127, 4886, 1022012484, 4879, 1021113285, 4887, 1021122527, 4875, 1038344602, 4868, 1021099554, 4876, 1021064789, 4884, 1021089666, 4877, 1022000604, 4870, 1021999069, 5386, 1038769592, 5379, 1038339085, 4874, 1038769610, 5387, 1038338319, 5396, 1021096294, 5380, 1021106138, 4885, 1021973183, 4867, 1038345367, 5397, 1021979653, 5381, 1021967695, 5389, 1022007156, 5382, 1021992538, 5390, 1022019611, 4869, 1021961175, 5399, 1021115884, 4883, 1038344768, 5391, 1021106620, 5383, 1021130091, 4871, 1021136683]
[INFO] (lattice_cell.c: 455): on tick 18 of 50
[INFO] (lattice_cell.c: 172): the unmatched_packets is 56
[5120, 1037876638, 5392, 1037881237, 5136, 1037881247, 4864, 1037876636, 5376, 1037876636, 5384, 1037892767, 4880, 1037881241, 4872, 1037892761, 5121, 1038304321, 5393, 1038308858, 5137, 1038305373, 5377, 1038307809, 4865, 1038301418, 4881, 1038302469, 5122, 1038789089, 4873, 1038301105, 5138, 1038783580, 5123, 1038334974, 5139, 1038334134, 5395, 1038330632, 5125, 1021991992, 5126, 1022029827, 5142, 1022024990, 5143, 1021112826, 5124, 1021088164, 5381, 1021995084, 5140, 1021118038, 5141, 1021962768, 5127, 1021109732, 4887, 1021116087, 4871, 1021113015, 4867, 1038337871, 4874, 1038771568, 4875, 1038337122, 4868, 1021084886, 4869, 1021989622, 4876, 1021091327, 4870, 1022032208, 4878, 1022013851, 4879, 1021132779, 4882, 1038783563, 5385, 1038307491, 5394, 1038783598, 5378, 1038789097, 5386, 1038771568, 5379, 1038331468, 4884, 1021114780, 4877, 1021985998, 5387, 1038330708, 4885, 1021960435, 5396, 1021121751, 5380, 1021091849, 4866, 1038789089, 5388, 1021098335, 5397, 1021965840, 5389, 1021991399, 4886, 1022027345, 4883, 1038337034, 5398, 1022021905, 5382, 1022026728, 5390, 1022008414, 5391, 1021125802, 5399, 1021109128, 5383, 1021106050]
[INFO] (lattice_cell.c: 455): on tick 19 of 50
[INFO] (lattice_cell.c: 172): the unmatched_packets is 56
[5120, 1037883771, 5392, 1037876964, 4864, 1037883781, 5136, 1037876960, 5376, 1037883773, 4872, 1037878082, 4880, 1037876952, 5384, 1037878080, 5121, 1038312472, 5393, 1038316616, 5137, 1038313137, 5122, 1038770539, 4865, 1038309567, 5138, 1038777655, 5123, 1038342643, 5124, 1021071979, 5125, 1021997163, 4881, 1038310230, 5142, 1022017070, 5380, 1021075465, 5139, 1038341827, 5382, 1022024574, 4884, 1021081506, 5141, 1021985593, 5126, 1022028083, 4870, 1022030984, 5127, 1021102712, 5143, 1021111924, 4878, 1022004937, 5140, 1021084366, 4886, 1022019961, 4879, 1021131893, 4871, 1021105635, 4887, 1021114848, 4874, 1038776346, 4882, 1038777665, 4875, 1038344468, 4883, 1038344734, 4876, 1021099939, 4877, 1021965131, 4885, 1021982663, 4868, 1021069068, 4873, 1038309380, 4869, 1021994266, 5377, 1038315962, 5385, 1038315781, 5394, 1038777639, 5378, 1038770531, 5386, 1038776350, 5395, 1038338354, 5379, 1038339144, 5387, 1038338082, 5396, 1021087839, 5388, 1021106344, 5397, 1021989107, 5381, 1022000669, 5389, 1021971488, 5398, 1022013574, 4867, 1038345550, 5390, 1021998529, 5399, 1021108419, 5391, 1021125468, 5383, 1021099215, 4866, 1038770545]
[INFO] (lattice_cell.c: 455): on tick 20 of 50
[INFO] (lattice_cell.c: 172): the unmatched_packets is 56
[5120, 1037893326, 5392, 1037888331, 4864, 1037893320, 5136, 1037888325, 5376, 1037893330, 4880, 1037888307, 4872, 1037877928, 5384, 1037877926, 5121, 1038304666, 5393, 1038308646, 5137, 1038305208, 5122, 1038770877, 5138, 1038776412, 5124, 1021098020, 4865, 1038301786, 5125, 1021981276, 5123, 1038334887, 5139, 1038334351, 5140, 1021083020, 5383, 1021116301, 5141, 1021998475, 5126, 1022019555, 5142, 1022018061, 5127, 1021120134, 5143, 1021119574, 4885, 1021996041, 4887, 1021122941, 4881, 1038302359, 4867, 1038337763, 4882, 1038776412, 4875, 1038336632, 4868, 1021094639, 4883, 1038337221, 4876, 1021100648, 5377, 1038308100, 5385, 1038307850, 4873, 1038301537, 5394, 1038776407, 4869, 1021978860, 4884, 1021079609, 5386, 1038787452, 4877, 1021976041, 5378, 1038770883, 5395, 1038330885, 4874, 1038787439, 4878, 1022028499, 5379, 1038331435, 5387, 1038330296, 4886, 1022020509, 5380, 1021101833, 5396, 1021086840, 5388, 1021107841, 5381, 1021984482, 5397, 1022001661, 5389, 1021981685, 5382, 1022016374, 5398, 1022014870, 5390, 1022022849, 4870, 1022022007, 5391, 1021111404, 4879, 1021118595, 5399, 1021115771, 4871, 1021123518, 4866, 1038770875]
[INFO] (lattice_cell.c: 455): on tick 21 of 50
[INFO] (lattice_cell.c: 172): the unmatched_packets is 56
[5120, 1037880032, 5136, 1037882911, 5392, 1037882903, 4864, 1037880032, 5384, 1037878733, 4880, 1037882899, 5121, 1038312295, 5376, 1037880026, 5137, 1038313299, 5122, 1038774302, 5138, 1038771195, 5124, 1021099744, 4865, 1038309332, 5126, 1021999129, 5395, 1038337439, 5139, 1038340973, 5140, 1021088521, 5382, 1021995715, 5125, 1021968787, 5141, 1021982163, 5142, 1022006631, 5127, 1021129712, 5143, 1021124260, 5123, 1038342654, 4887, 1021127093, 4882, 1038771198, 4875, 1038344501, 4883, 1038343928, 4877, 1021991088, 4867, 1038345613, 4885, 1021979359, 4878, 1022027284, 4886, 1022009467, 4879, 1021110841, 4874, 1038775834, 4872, 1037878725, 4869, 1021965970, 4873, 1038309100, 4881, 1038310334, 5393, 1038316845, 5377, 1038315847, 5385, 1038315620, 5394, 1038771189, 5386, 1038775837, 5378, 1038774302, 5387, 1038337994, 5379, 1038339105, 4868, 1021096915, 4866, 1038774304, 5396, 1021091924, 5388, 1021082330, 5380, 1021103143, 4876, 1021076131, 4884, 1021085682, 5397, 1021985535, 5389, 1021997318, 5381, 1021972178, 5398, 1022003213, 5390, 1022021060, 4870, 1022001943, 4871, 1021132558, 5391, 1021104568, 5399, 1021120839, 5383, 1021126303]
[INFO] (lattice_cell.c: 455): on tick 22 of 50
[INFO] (lattice_cell.c: 172): the unmatched_packets is 56
[5120, 1037878199, 5392, 1037883139, 5136, 1037883143, 4864, 1037878199, 5376, 1037878197, 5384, 1037890798, 4872, 1037890785, 4880, 1037883129, 5121, 1038304987, 5393, 1038309259, 5137, 1038305865, 5377, 1038308394, 5385, 1038308027, 4865, 1038302155, 4873, 1038301796, 4881, 1038303043, 5122, 1038787126, 5138, 1038781675, 5124, 1021099354, 5396, 1021112076, 5380, 1021103252, 5123, 1038334820, 5139, 1038334342, 5390, 1022018719, 5140, 1021108146, 5125, 1021978448, 5141, 1021972147, 4884, 1021104664, 4869, 1021975854, 5126, 1022016991, 5142, 1022018867, 5127, 1021122168, 5143, 1021116507, 4871, 1021125656, 4886, 1022021424, 4887, 1021119981, 4874, 1038773635, 4868, 1021095887, 4879, 1021119933, 4870, 1022019589, 4882, 1038781665, 4867, 1038337662, 5394, 1038781684, 5386, 1038773631, 5378, 1038787130, 4875, 1038337431, 5395, 1038330923, 5387, 1038331166, 5379, 1038331395, 4877, 1021990095, 5388, 1021093675, 4866, 1038787132, 4876, 1021086265, 5397, 1021975432, 5381, 1021981740, 5389, 1021995962, 4883, 1038337182, 5398, 1022015566, 5382, 1022013703, 4878, 1022024579, 5391, 1021112561, 5399, 1021112609, 5383, 1021118270, 4885, 1021969598]
[INFO] (lattice_cell.c: 455): on tick 23 of 50
[INFO] (lattice_cell.c: 172): the unmatched_packets is 56
[5120, 1037876612, 5392, 1037874674, 5136, 1037874685, 4864, 1037876618, 5376, 1037876614, 4872, 1037883007, 4880, 1037874692, 5384, 1037883006, 5121, 1038311325, 5393, 1038316758, 4865, 1038308318, 5137, 1038313164, 5377, 1038314925, 5122, 1038778065, 5385, 1038315525, 5394, 1038779963, 5138, 1038779973, 5123, 1038341852, 5139, 1038343127, 5124, 1021081026, 4873, 1038308916, 4881, 1038310160, 5125, 1021992935, 5143, 1021111931, 5381, 1021996251, 5140, 1021089664, 5141, 1021982117, 5126, 1022023132, 5142, 1022009872, 5127, 1021109719, 4885, 1021979394, 4878, 1022007580, 5378, 1038778063, 4887, 1021114731, 4875, 1038344015, 4867, 1038344873, 4868, 1021078256, 4876, 1021092349, 4874, 1038771113, 5386, 1038771109, 4877, 1021975784, 4869, 1021990216, 5395, 1038339547, 5379, 1038338257, 5387, 1038337412, 4870, 1022025862, 4866, 1038778065, 5396, 1021092959, 5380, 1021084351, 4882, 1038779966, 4871, 1021112512, 5388, 1021098467, 5397, 1021985424, 5389, 1021981771, 5398, 1022006530, 5382, 1022019813, 4886, 1022012628, 4879, 1021130536, 4884, 1021086902, 5390, 1022001532, 5399, 1021108599, 5391, 1021124403, 5383, 1021106375, 4883, 1038346116]
[INFO] (lattice_cell.c: 455): on tick 24 of 50
[INFO] (lattice_cell.c: 172): the unmatched_packets is 56
[5120, 1037889870, 5392, 1037890803, 4864, 1037889866, 5136, 1037890778, 5376, 1037889870, 5384, 1037882825, 4880, 1037890758, 4872, 1037882817, 5121, 1038305763, 5393, 1038309516, 5137, 1038306154, 4873, 1038303032, 4881, 1038303360, 4865, 1038302941, 5122, 1038774570, 5138, 1038773758, 5123, 1038335223, 5378, 1038774572, 5125, 1021989342, 5387, 1038328641, 5127, 1021110681, 5380, 1021090640, 5139, 1038334239, 5389, 1021976145, 5124, 1021086643, 5398, 1022032728, 5140, 1021091416, 5390, 1022018744, 5391, 1021120838, 4868, 1021083146, 5141, 1021988534, 5126, 1022027580, 4878, 1022024789, 5142, 1022036069, 5143, 1021100403, 4871, 1021114193, 4887, 1021103867, 4874, 1038782117, 4882, 1038773774, 4875, 1038334861, 4867, 1038338040, 4883, 1038337080, 4884, 1021087887, 4877, 1021970047, 5377, 1038309131, 4870, 1022030262, 4885, 1021985876, 5385, 1038309219, 5394, 1038773746, 4879, 1021128306, 4886, 1022038683, 5386, 1038782115, 5395, 1038330830, 5379, 1038331830, 4876, 1021101495, 4866, 1038774570, 5396, 1021095400, 5388, 1021109005, 5397, 1021991960, 5381, 1021992786, 5382, 1022024156, 5399, 1021096432, 5383, 1021106689, 4869, 1021986687]
[INFO] (lattice_cell.c: 455): on tick 25 of 50
[INFO] (lattice_cell.c: 172): the unmatched_packets is 56
[5120, 1037882849, 5392, 1037871249, 5136, 1037871257, 4864, 1037882851, 5384, 1037871132, 4872, 1037871148, 4880, 1037871257, 5121, 1038313386, 5137, 1038312126, 4873, 1038308245, 4881, 1038309081, 5122, 1038771255, 5138, 1038783283, 4865, 1038310351, 5124, 1021092061, 5140, 1021078896, 5386, 1038783732, 5125, 1021973314, 5127, 1021119157, 5380, 1021095370, 5389, 1021991875, 5123, 1038344119, 5382, 1022000392, 5141, 1021997559, 5383, 1021115840, 5126, 1022003626, 5142, 1021974854, 5143, 1021156509, 4885, 1021994958, 5139, 1038340479, 4874, 1038783724, 4882, 1038783269, 4883, 1038343475, 4876, 1021085409, 4884, 1021076144, 4877, 1021986061, 4868, 1021089276, 4878, 1022011410, 4879, 1021126684, 4886, 1021977632, 4887, 1021159328, 4870, 1022006272, 4871, 1021121955, 4875, 1038344043, 4867, 1038347166, 5376, 1037882847, 5393, 1038315754, 5377, 1038317019, 5385, 1038314929, 4869, 1021970675, 5394, 1038783289, 5378, 1038771251, 5395, 1038336883, 5387, 1038337409, 5379, 1038340480, 4866, 1038771249, 5388, 1021091461, 5396, 1021082177, 5397, 1022000740, 5381, 1021976527, 5390, 1022005429, 5398, 1021971506, 5391, 1021120526, 5399, 1021153182]
[INFO] (lattice_cell.c: 455): on tick 26 of 50
[INFO] (lattice_cell.c: 172): the unmatched_packets is 56
[5120, 1037889880, 5392, 1037909474, 5136, 1037909450, 5376, 1037889882, 4864, 1037889882, 5384, 1037896792, 4872, 1037896768, 4880, 1037909421, 5121, 1038306201, 5393, 1038310678, 5137, 1038307316, 4865, 1038303371, 5377, 1038309573, 4873, 1038301184, 4881, 1038304536, 5122, 1038774694, 5394, 1038754305, 5138, 1038754333, 5123, 1038335101, 5139, 1038335531, 4874, 1038767500, 4882, 1038754351, 5142, 1022086069, 5396, 1021118101, 5127, 1021120673, 5143, 1021043830, 5140, 1021114061, 5125, 1021978894, 5399, 1021039841, 5141, 1021962877, 5126, 1022016906, 4877, 1021987705, 5124, 1021094750, 4871, 1021124161, 4878, 1022057674, 4886, 1022088701, 4879, 1021085740, 4887, 1021047305, 4884, 1021110515, 4876, 1021092690, 4870, 1022019678, 4885, 1021960097, 5385, 1038307352, 5378, 1038774704, 4866, 1038774698, 5386, 1038767470, 4875, 1038337544, 5395, 1038332119, 4883, 1038338390, 5379, 1038331711, 5387, 1038331281, 4867, 1038337928, 5380, 1021098729, 5388, 1021100223, 5397, 1021966370, 5389, 1021994002, 5381, 1021982370, 4868, 1021091260, 5398, 1022082743, 5390, 1022051572, 4869, 1021976149, 5382, 1022013448, 5391, 1021078327, 5383, 1021116707]
[INFO] (lattice_cell.c: 455): on tick 27 of 50
[INFO] (lattice_cell.c: 172): the unmatched_packets is 56
[5120, 1037857923, 5392, 1037843129, 5136, 1037843150, 4864, 1037857927, 5376, 1037857935, 4872, 1037861255, 4880, 1037843160, 5121, 1038310058, 5384, 1037861237, 5393, 1038317652, 5137, 1038314001, 5122, 1038797397, 4873, 1038307750, 4881, 1038310952, 5123, 1038341266, 4865, 1038307036, 5124, 1021112046, 5141, 1021989661, 5395, 1038337090, 5142, 1021891441, 5387, 1038335754, 4866, 1038797395, 5138, 1038812462, 5397, 1021992773, 5381, 1021969989, 5139, 1038340706, 5390, 1021950600, 5140, 1021078385, 5383, 1021133240, 5125, 1021966747, 5126, 1021997034, 5127, 1021136617, 5143, 1021237096, 4886, 1021894193, 4887, 1021239933, 4874, 1038793598, 4882, 1038812430, 4875, 1038342371, 4876, 1021081388, 4883, 1038343719, 4868, 1021109159, 4877, 1021991918, 4884, 1021075600, 5377, 1038313678, 4870, 1021999670, 5385, 1038314431, 4878, 1021956598, 5394, 1038812502, 4885, 1021987141, 5378, 1038797393, 5386, 1038793637, 4871, 1021139506, 4879, 1021187142, 5379, 1038337644, 5396, 1021081654, 5380, 1021115403, 4869, 1021964103, 5388, 1021087558, 5389, 1021997636, 5398, 1021888104, 5382, 1021993788, 5391, 1021180907, 5399, 1021233833, 4867, 1038344291]
[INFO] (lattice_cell.c: 455): on tick 28 of 50
[INFO] (lattice_cell.c: 172): the unmatched_packets is 56
[5120, 1037919702, 5392, 1037915870, 5136, 1037915856, 4864, 1037919696, 5376, 1037919708, 5384, 1037924740, 4872, 1037924702, 4880, 1037915842, 5121, 1038308595, 5393, 1038311273, 5137, 1038307895, 5122, 1038743856, 5123, 1038336888, 5124, 1021036927, 5379, 1038333466, 5127, 1021065158, 5396, 1021100515, 5138, 1038748059, 4876, 1021091302, 5140, 1021096552, 5125, 1022029251, 5141, 1021980107, 5126, 1022066811, 5142, 1022166013, 5143, 1020974061, 5139, 1038333339, 4885, 1021977236, 4879, 1021023034, 4886, 1022168741, 4871, 1021068538, 4887, 1020977512, 4873, 1038304860, 4881, 1038305076, 4874, 1038738630, 4866, 1038743856, 5377, 1038312011, 4868, 1021033544, 5385, 1038311114, 5394, 1038748030, 5378, 1038743866, 4884, 1021093130, 5386, 1038738575, 4865, 1038305725, 5395, 1038329939, 4877, 1021975578, 4870, 1022069589, 5387, 1038330823, 4882, 1038748095, 4867, 1038339761, 4878, 1022121648, 4875, 1038337098, 5380, 1021040857, 5388, 1021098654, 4883, 1038336175, 5397, 1021983700, 5381, 1022032747, 5389, 1021981918, 5398, 1022162541, 5382, 1022063323, 5390, 1022115471, 5399, 1020970038, 5391, 1021015618, 5383, 1021061220, 4869, 1022026499]
[INFO] (lattice_cell.c: 455): on tick 29 of 50
[INFO] (lattice_cell.c: 172): the unmatched_packets is 56
[5120, 1037825620, 5392, 1037862451, 5136, 1037862423, 4864, 1037825624, 5121, 1038309998, 4880, 1037862391, 5393, 1038314591, 5137, 1038310977, 5122, 1038830260, 5123, 1038341350, 5124, 1021174193, 5140, 1021105777, 5141, 1021975533, 5387, 1038337675, 5127, 1021196609, 5388, 1021140499, 5381, 1021907085, 4875, 1038344359, 5390, 1021875941, 5125, 1021903863, 5126, 1021935223, 5142, 1021907188, 5143, 1021209872, 5138, 1038792142, 5139, 1038343332, 4887, 1021212811, 4873, 1038305477, 4881, 1038307954, 5376, 1037825618, 4883, 1038346390, 4872, 1037828378, 5384, 1037828382, 5377, 1038313614, 4869, 1021901230, 5385, 1038312095, 5394, 1038792128, 5378, 1038830268, 4877, 1021946944, 5386, 1038827627, 4885, 1021973067, 4870, 1021937842, 5395, 1038339683, 5379, 1038337732, 4874, 1038827593, 4865, 1038306978, 4878, 1021881781, 4882, 1038792135, 4886, 1021909686, 5396, 1021109213, 4868, 1021171245, 5380, 1021177555, 5397, 1021978605, 4884, 1021102787, 5389, 1021952649, 4876, 1021134059, 4867, 1038344370, 5398, 1021904065, 5382, 1021931986, 4871, 1021199578, 5391, 1021245431, 5399, 1021206445, 4879, 1021251709, 5383, 1021193253, 4866, 1038830258]
[INFO] (lattice_cell.c: 455): on tick 30 of 50
[INFO] (lattice_cell.c: 172): the unmatched_packets is 56
[5120, 1037955234, 5392, 1037893299, 5136, 1037893325, 4864, 1037955224, 5376, 1037955226, 5384, 1037927386, 5121, 1038306465, 5137, 1038309646, 5122, 1038707440, 5393, 1038313056, 5123, 1038334776, 5124, 1020974555, 5141, 1022027575, 5126, 1022137642, 5127, 1021003859, 5388, 1021006402, 5138, 1038771094, 5139, 1038332562, 5140, 1021040507, 5125, 1022101917, 5142, 1022033332, 5143, 1021109082, 4877, 1022069860, 4873, 1038304666, 4881, 1038306784, 4866, 1038707438, 4882, 1038771082, 4867, 1038337652, 4880, 1037893341, 4872, 1037927430, 4876, 1020999256, 4869, 1022099041, 4884, 1021037242, 5377, 1038309870, 5385, 1038310978, 4870, 1022140500, 4885, 1022024709, 5394, 1038771114, 5378, 1038707446, 4878, 1022137687, 5386, 1038736353, 5395, 1038329172, 4886, 1022036351, 5379, 1038331356, 4868, 1020971182, 4883, 1038335401, 4887, 1021112294, 5387, 1038328132, 5396, 1021044320, 4875, 1038334369, 5380, 1020978488, 4865, 1038303587, 5397, 1022031194, 5381, 1022105463, 5389, 1022076339, 5398, 1022029585, 5382, 1022134083, 4871, 1021007271, 5390, 1022131125, 4879, 1021019938, 5399, 1021105325, 5391, 1021012651, 5383, 1020999927, 4874, 1038736325]
[INFO] (lattice_cell.c: 455): on tick 31 of 50
[INFO] (lattice_cell.c: 172): the unmatched_packets is 56
[5120, 1037830866, 5392, 1037869647, 5136, 1037869607, 4864, 1037830868, 5376, 1037830856, 5384, 1037850739, 5121, 1038313497, 5393, 1038315319, 5137, 1038311719, 5122, 1038824326, 5377, 1038317133, 5138, 1038785219, 5385, 1038315156, 5141, 1021898016, 5143, 1021060898, 5123, 1038344387, 5139, 1038341175, 5140, 1021183023, 5125, 1021844769, 5399, 1021057287, 5126, 1021877132, 5142, 1022063702, 5127, 1021240345, 5124, 1021217794, 4871, 1021243395, 4879, 1021141894, 4887, 1021064101, 4866, 1038824316, 4881, 1038308721, 4875, 1038345034, 4884, 1021179915, 4877, 1021849189, 4885, 1021895544, 4868, 1021214755, 4878, 1021987979, 4873, 1038308507, 4872, 1037850639, 4880, 1037869568, 4869, 1021842334, 4867, 1038347431, 4882, 1038785229, 5394, 1038785188, 5378, 1038824320, 4865, 1038310440, 5386, 1038804025, 5395, 1038337544, 5379, 1038340734, 5387, 1038338331, 5396, 1021186558, 5380, 1021221267, 4870, 1021879564, 4886, 1022066083, 5388, 1021228304, 5397, 1021901106, 5381, 1021847833, 5389, 1021854797, 4876, 1021221754, 5398, 1022060726, 5382, 1021874073, 5390, 1021982664, 5391, 1021135176, 5383, 1021236881, 4874, 1038804117, 4883, 1038344202]
[INFO] (lattice_cell.c: 455): on tick 32 of 50
[INFO] (lattice_cell.c: 172): the unmatched_packets is 56
[5120, 1037886227, 5392, 1037913281, 4864, 1037886226, 5136, 1037913284, 4880, 1037913282, 4872, 1037901634, 5384, 1037901600, 5121, 1038304648, 5137, 1038307294, 5122, 1038779353, 5394, 1038750239, 5124, 1021021673, 5386, 1038762758, 5125, 1022061219, 4865, 1038301785, 5126, 1022097158, 5380, 1021025372, 5138, 1038750223, 5123, 1038333278, 5139, 1038334307, 5381, 1022065045, 5140, 1020980243, 4877, 1022131543, 5399, 1021167509, 5141, 1022097714, 4879, 1021164742, 4886, 1021966491, 4887, 1021174329, 5142, 1021963472, 5127, 1021049705, 5143, 1021171201, 4881, 1038304418, 4866, 1038779351, 4869, 1022058095, 4884, 1020977003, 4878, 1021984483, 4870, 1022100323, 5376, 1037886233, 5393, 1038310723, 5377, 1038308051, 5385, 1038306825, 4873, 1038300554, 5378, 1038779357, 5387, 1038329956, 5395, 1038330868, 5379, 1038329856, 5388, 1020959197, 5396, 1020984044, 5389, 1022138216, 4882, 1038750212, 5397, 1022101328, 4868, 1021018514, 4874, 1038762697, 4883, 1038337190, 5390, 1021977482, 5398, 1021959744, 5382, 1022093344, 5391, 1021158039, 5383, 1021046005, 4867, 1038336137, 4875, 1038336270, 4876, 1020952105, 4885, 1022094785, 4871, 1021052879]
[INFO] (lattice_cell.c: 455): on tick 33 of 50
[INFO] (lattice_cell.c: 172): the unmatched_packets is 56
[5120, 1037905991, 5392, 1037838633, 4864, 1037905995, 5136, 1037838605, 4872, 1037878290, 4880, 1037838581, 5121, 1038312346, 5137, 1038315126, 5122, 1038747218, 5139, 1038341727, 5125, 1021993416, 5141, 1021846830, 5142, 1022013537, 5127, 1021101754, 5138, 1038816980, 5123, 1038342902, 4884, 1021215573, 5124, 1021078578, 5398, 1022010520, 5382, 1022022097, 5140, 1021218726, 5399, 1021105174, 5126, 1022024964, 4877, 1021888050, 5143, 1021108823, 5376, 1037905988, 4870, 1022027226, 4871, 1021105088, 4886, 1022015900, 4879, 1021081910, 4887, 1021112040, 4873, 1038310450, 4874, 1038775927, 4882, 1038816994, 4866, 1038747218, 4875, 1038343261, 4876, 1021176279, 4867, 1038345961, 4885, 1021844446, 4868, 1021075254, 4878, 1022055817, 4881, 1038312103, 5384, 1037878258, 5393, 1038318740, 4865, 1038309286, 4883, 1038344741, 5377, 1038315979, 5385, 1038317162, 5394, 1038816956, 5378, 1038747214, 4869, 1021991166, 5386, 1038775964, 5395, 1038338119, 5379, 1038339263, 5387, 1038336624, 5396, 1021222283, 5380, 1021082338, 5388, 1021183129, 5397, 1021849842, 5381, 1021996280, 5389, 1021893276, 5390, 1022050557, 5391, 1021074829, 5383, 1021097977]
[INFO] (lattice_cell.c: 455): on tick 34 of 50
[INFO] (lattice_cell.c: 172): the unmatched_packets is 56
[5120, 1037868672, 5392, 1037904319, 4864, 1037868671, 5136, 1037904309, 5384, 1037879599, 4872, 1037879513, 5376, 1037868662, 4880, 1037904289, 5121, 1038306635, 5137, 1038305525, 5122, 1038795827, 5123, 1038335266, 5378, 1038795829, 5140, 1020986265, 5126, 1021968776, 5138, 1038760278, 5380, 1021142037, 5397, 1022105361, 5398, 1022048224, 5125, 1021933521, 5141, 1022101554, 5142, 1022052082, 5127, 1021167093, 5143, 1021088497, 5139, 1038332761, 5124, 1021138504, 4881, 1038302672, 4866, 1038795829, 4874, 1038785303, 4882, 1038760278, 4875, 1038335224, 4883, 1038335660, 4867, 1038338179, 4873, 1038302617, 4876, 1021097902, 4884, 1020983160, 4869, 1021930377, 4877, 1021978380, 4885, 1022098411, 5393, 1038308936, 4870, 1021971953, 5377, 1038310076, 4878, 1022028354, 5385, 1038308926, 5394, 1038760286, 5386, 1038785236, 4865, 1038303729, 4868, 1021135516, 5395, 1038329312, 5379, 1038331806, 5387, 1038328848, 5396, 1020989934, 5388, 1021104464, 4886, 1022055255, 4879, 1021121680, 4871, 1021170100, 4887, 1021091519, 5389, 1021985513, 5381, 1021937372, 5390, 1022021448, 5382, 1021964941, 5391, 1021115022, 5399, 1021084917, 5383, 1021163546]
[INFO] (lattice_cell.c: 455): on tick 35 of 50
[INFO] (lattice_cell.c: 172): the unmatched_packets is 56
[5120, 1037871769, 4864, 1037871769, 5392, 1037896269, 5136, 1037896267, 5376, 1037871764, 5384, 1037883122, 4872, 1037883110, 4880, 1037896263, 5121, 1038312525, 5393, 1038317727, 5137, 1038314108, 4865, 1038309511, 5377, 1038316121, 5385, 1038314489, 4873, 1038307864, 4881, 1038311075, 5122, 1038783385, 5138, 1038756923, 5123, 1038342820, 5139, 1038341580, 5394, 1038756906, 5125, 1022000030, 5387, 1038338263, 5127, 1021092924, 5396, 1021125905, 5140, 1021122057, 4876, 1021041620, 5126, 1022033701, 5399, 1021117878, 5142, 1022001562, 5143, 1021121757, 5124, 1021070984, 5141, 1021949599, 4877, 1022032969, 4886, 1022003796, 4879, 1021147742, 4871, 1021096306, 4874, 1038771240, 4882, 1038756927, 4875, 1038344915, 4883, 1038344598, 4884, 1021118651, 4869, 1021997687, 4867, 1038345840, 4885, 1021947409, 4870, 1022036037, 4868, 1021067598, 4878, 1021985597, 5386, 1038771219, 5378, 1038783383, 4887, 1021125204, 5395, 1038337986, 5379, 1038339220, 4866, 1038783395, 5380, 1021074765, 5388, 1021048961, 5397, 1021952412, 5381, 1022003002, 5389, 1022038017, 5398, 1021998691, 5382, 1022030722, 5390, 1021980346, 5391, 1021140579, 5383, 1021089134]
[INFO] (lattice_cell.c: 455): on tick 36 of 50
[INFO] (lattice_cell.c: 172): the unmatched_packets is 56
[5120, 1037902375, 5392, 1037866204, 4864, 1037902376, 5136, 1037866168, 5376, 1037902377, 5384, 1037882738, 4880, 1037866126, 4872, 1037882778, 5121, 1038305202, 5393, 1038311224, 4865, 1038302278, 5137, 1038307764, 5377, 1038308689, 5385, 1038308781, 4873, 1038302366, 4881, 1038304868, 5122, 1038761666, 5138, 1038798824, 5123, 1038334200, 5139, 1038333732, 5124, 1021072193, 5140, 1021140130, 4866, 1038761664, 5125, 1022007690, 5379, 1038330705, 5126, 1022040694, 5127, 1021100760, 5397, 1021939486, 4867, 1038337123, 5141, 1021935620, 5142, 1021993842, 5143, 1021139890, 4879, 1021116586, 4887, 1021142739, 4874, 1038781735, 4875, 1038335663, 4868, 1021069199, 4885, 1021932404, 4882, 1038798835, 4869, 1022004501, 4878, 1022032194, 4886, 1021997041, 4871, 1021103747, 5394, 1038798807, 5378, 1038761676, 5386, 1038781787, 5395, 1038330238, 4876, 1021113471, 4884, 1021137244, 5387, 1038329255, 5396, 1021143555, 4877, 1021963348, 5380, 1021075731, 5388, 1021119884, 4883, 1038336661, 5381, 1022011516, 5389, 1021970300, 5398, 1021990000, 5382, 1022036875, 5390, 1022025071, 5399, 1021136467, 5391, 1021110230, 5383, 1021097238, 4870, 1022043897]
[INFO] (lattice_cell.c: 455): on tick 37 of 50
[INFO] (lattice_cell.c: 172): the unmatched_packets is 56
[5120, 1037879603, 4864, 1037879612, 5392, 1037875147, 5136, 1037875119, 5376, 1037879600, 5384, 1037879111, 4880, 1037875101, 4872, 1037879077, 5121, 1038313022, 5393, 1038317414, 5137, 1038313846, 4865, 1038310002, 5385, 1038316669, 5122, 1038774238, 5377, 1038316612, 5138, 1038780055, 5123, 1038342661, 5139, 1038340534, 5141, 1022026489, 4881, 1038310855, 4873, 1038310064, 5396, 1021051421, 5127, 1021139416, 5143, 1021106909, 5124, 1021116256, 5140, 1021047466, 5125, 1021952353, 5398, 1022017917, 5382, 1021983754, 5126, 1021986666, 5399, 1021103008, 5142, 1022020928, 4878, 1022043388, 4886, 1022023245, 4887, 1021110367, 4882, 1038780072, 4874, 1038775296, 4867, 1038345681, 4875, 1038342930, 4883, 1038343534, 4876, 1021107919, 4884, 1021043983, 4877, 1021960344, 4879, 1021095156, 4870, 1021988909, 5394, 1038780040, 5378, 1038774246, 5386, 1038775259, 5395, 1038336969, 5379, 1038339061, 4866, 1038774242, 5387, 1038336357, 5380, 1021120198, 5388, 1021115224, 5397, 1022029397, 4871, 1021142927, 5381, 1021955244, 5389, 1021965643, 4885, 1022024242, 5390, 1022038225, 5391, 1021087594, 5383, 1021135460, 4869, 1021950116, 4868, 1021112753]
[INFO] (lattice_cell.c: 455): on tick 38 of 50
[INFO] (lattice_cell.c: 172): the unmatched_packets is 56
[5120, 1037868848, 4864, 1037868840, 5392, 1037896890, 5136, 1037896886, 5376, 1037868847, 4872, 1037891078, 4880, 1037896883, 5384, 1037891140, 5121, 1038305931, 4865, 1038302973, 5393, 1038309986, 5137, 1038306475, 5377, 1038309439, 5385, 1038308182, 4881, 1038303543, 5122, 1038796379, 5394, 1038767182, 5138, 1038767162, 5378, 1038796387, 5123, 1038335339, 5139, 1038333932, 5124, 1021100283, 5125, 1021975755, 5127, 1021127565, 5141, 1021999443, 5390, 1022001551, 5126, 1022008542, 5383, 1021124229, 5142, 1022031515, 5143, 1021102874, 5140, 1021083624, 4884, 1021080726, 4879, 1021135769, 4887, 1021105723, 4871, 1021130380, 4867, 1038338288, 4873, 1038301738, 4875, 1038336921, 5386, 1038773167, 5395, 1038330406, 4868, 1021097475, 4882, 1038767147, 5379, 1038331812, 5387, 1038330412, 4869, 1021972523, 5396, 1021087088, 4883, 1038336895, 5380, 1021103620, 4876, 1021072591, 4874, 1038773216, 5388, 1021078927, 4878, 1022008550, 5397, 1022003200, 5381, 1021979628, 4886, 1022034702, 5389, 1022013325, 4877, 1022006312, 4866, 1038796385, 5398, 1022027702, 5382, 1022004682, 4885, 1021996332, 4870, 1022011774, 5399, 1021099478, 5391, 1021129548]
[INFO] (lattice_cell.c: 455): on tick 39 of 50
[INFO] (lattice_cell.c: 172): the unmatched_packets is 56
[5120, 1037882683, 5392, 1037880379, 4864, 1037882685, 5136, 1037880356, 5376, 1037882691, 5384, 1037879435, 4872, 1037879451, 4880, 1037880346, 5121, 1038312203, 5137, 1038314844, 5393, 1038318398, 5122, 1038771934, 5139, 1038342027, 5379, 1038337836, 5396, 1021128493, 5138, 1038773505, 5123, 1038341389, 5124, 1021066446, 5382, 1022039407, 5140, 1021124543, 5125, 1022007050, 4884, 1021121023, 5391, 1021133566, 5141, 1021945807, 5126, 1022042428, 4877, 1021982832, 4886, 1022010604, 4879, 1021141126, 5127, 1021089728, 4887, 1021115362, 4871, 1021093333, 5143, 1021111777, 4873, 1038309046, 5142, 1022008315, 4881, 1038311850, 4866, 1038771934, 4874, 1038774842, 4865, 1038309208, 4882, 1038773521, 4868, 1021062872, 4875, 1038343154, 4883, 1038345001, 4876, 1021087793, 4869, 1022004709, 4885, 1021943525, 4870, 1022044769, 5377, 1038315751, 5385, 1038315606, 5394, 1038773487, 5378, 1038771930, 4867, 1038344381, 5386, 1038774855, 5395, 1038338482, 5387, 1038336603, 5388, 1021095471, 5380, 1021070473, 5397, 1021948788, 4878, 1021997157, 5389, 1021987969, 5381, 1022010064, 5398, 1022005347, 5390, 1021991779, 5399, 1021107753, 5383, 1021085708]
[INFO] (lattice_cell.c: 455): on tick 40 of 50
[INFO] (lattice_cell.c: 172): the unmatched_packets is 56
[5120, 1037899960, 5392, 1037878479, 5136, 1037878421, 4864, 1037899962, 5376, 1037899952, 5384, 1037877007, 4880, 1037878363, 5121, 1038305860, 5393, 1038310396, 5137, 1038306876, 5122, 1038763654, 5138, 1038786455, 5123, 1038335571, 5139, 1038334740, 5124, 1021088730, 4865, 1038302862, 5126, 1022019692, 5143, 1021129031, 5397, 1021993649, 5125, 1021988752, 5141, 1021989890, 5142, 1022001067, 5127, 1021115732, 5140, 1021090501, 4870, 1022022833, 4885, 1021986731, 4871, 1021118585, 4879, 1021116489, 4886, 1022004213, 4866, 1038763650, 4887, 1021131798, 4881, 1038303918, 4867, 1038338564, 4874, 1038787856, 4883, 1038337718, 4868, 1021085892, 4877, 1021966433, 4884, 1021087665, 4878, 1022034803, 4872, 1037877015, 4882, 1038786491, 5377, 1038309413, 5385, 1038309448, 5394, 1038786417, 5378, 1038763652, 5386, 1038787878, 5395, 1038331176, 5379, 1038331991, 5387, 1038328204, 5396, 1021093824, 5388, 1021115428, 5380, 1021092088, 5389, 1021973363, 5381, 1021992501, 5398, 1021997293, 5390, 1022027855, 4873, 1038302905, 5382, 1022015963, 4875, 1038334753, 4876, 1021109338, 5391, 1021110364, 5399, 1021125714, 5383, 1021112362, 4869, 1021985639]
[INFO] (lattice_cell.c: 455): on tick 41 of 50
[INFO] (lattice_cell.c: 172): the unmatched_packets is 56
[5120, 1037877911, 4864, 1037877909, 5392, 1037881623, 5136, 1037881626, 5376, 1037877907, 5384, 1037880075, 4872, 1037880058, 4880, 1037881617, 5121, 1038314656, 5393, 1038317234, 5137, 1038313722, 5122, 1038776156, 5138, 1038772997, 5385, 1038315994, 5124, 1021110816, 5140, 1021070542, 5125, 1021951354, 5141, 1022004277, 5126, 1021987640, 5127, 1021135273, 5123, 1038343270, 5397, 1022007288, 4884, 1021066920, 5399, 1021112748, 5142, 1022015745, 5143, 1021116728, 5139, 1038339089, 4879, 1021101365, 4871, 1021138872, 4887, 1021120262, 5377, 1038318181, 4873, 1038309493, 4875, 1038341983, 4883, 1038342056, 4866, 1038776154, 4876, 1021086327, 4885, 1022001956, 4878, 1022041446, 4881, 1038310757, 4874, 1038774413, 4869, 1021948980, 4882, 1038772985, 4877, 1021984413, 5394, 1038772998, 5378, 1038776160, 5386, 1038774388, 4865, 1038311674, 5395, 1038335576, 5379, 1038339739, 5387, 1038335485, 5396, 1021074647, 4886, 1022018219, 5380, 1021114875, 5388, 1021093930, 4870, 1021990017, 4867, 1038346252, 5381, 1021954422, 5389, 1021989925, 5398, 1022012562, 5382, 1021984561, 5390, 1022035982, 4868, 1021107212, 5391, 1021093666, 5383, 1021131190]
[INFO] (lattice_cell.c: 455): on tick 42 of 50
[INFO] (lattice_cell.c: 172): the unmatched_packets is 56
[5120, 1037871174, 5392, 1037886936, 5136, 1037886911, 4864, 1037871182, 5376, 1037871176, 5384, 1037893053, 5121, 1038306084, 4872, 1037892984, 4880, 1037886883, 5393, 1038310846, 5137, 1038307249, 5122, 1038794092, 4865, 1038303066, 5138, 1038777339, 5123, 1038336211, 5139, 1038336453, 5124, 1021096252, 5140, 1021102133, 5142, 1022014868, 5396, 1021105481, 5127, 1021121801, 5143, 1021107806, 5388, 1021087504, 5141, 1021978786, 5126, 1022010204, 4878, 1022010429, 4879, 1021128553, 4870, 1022013301, 5125, 1021979740, 4887, 1021110643, 4875, 1038338175, 4867, 1038339237, 4884, 1021099285, 4869, 1021976658, 4868, 1021093445, 5377, 1038309676, 5385, 1038306872, 5394, 1038777322, 5378, 1038794098, 4873, 1038300265, 5386, 1038770943, 4881, 1038304253, 5395, 1038332839, 5379, 1038332607, 5387, 1038331533, 5380, 1021099560, 4874, 1038771015, 5397, 1021982372, 5381, 1021983417, 4882, 1038777352, 5389, 1022011118, 5398, 1022011318, 5382, 1022006547, 4876, 1021081279, 5390, 1022003779, 5399, 1021104454, 5391, 1021122384, 5383, 1021118498, 4877, 1022004447, 4885, 1021975773, 4871, 1021124633, 4866, 1038794094, 4886, 1022017872, 4883, 1038339477]
[INFO] (lattice_cell.c: 455): on tick 43 of 50
[INFO] (lattice_cell.c: 172): the unmatched_packets is 56
[5120, 1037880271, 5392, 1037881067, 5136, 1037881055, 4864, 1037880279, 5376, 1037880267, 5384, 1037882302, 5121, 1038311868, 5393, 1038319854, 5137, 1038316363, 5122, 1038774347, 4872, 1037882316, 5377, 1038315362, 4880, 1037881049, 5387, 1038333778, 5126, 1022040233, 5142, 1022030465, 5388, 1021104582, 5380, 1021076042, 5123, 1038340116, 5390, 1022002305, 5140, 1021106721, 5382, 1022036965, 5391, 1021133115, 5141, 1021957973, 5127, 1021096765, 5143, 1021102552, 5138, 1038773215, 5139, 1038338701, 5124, 1021072007, 5125, 1022003146, 4886, 1022033100, 4879, 1021140701, 4887, 1021106116, 4866, 1038774341, 4874, 1038771816, 4882, 1038773202, 4867, 1038343075, 4883, 1038341615, 4868, 1021068444, 4876, 1021096875, 4873, 1038309157, 4881, 1038313425, 4884, 1021103169, 5385, 1038315613, 4865, 1038308907, 4877, 1021973918, 5394, 1038773223, 5378, 1038774349, 5386, 1038771856, 4878, 1022008255, 5395, 1038335226, 4871, 1021100343, 5379, 1038336619, 5396, 1021110738, 4875, 1038340214, 5397, 1021961175, 5389, 1021979525, 5381, 1022006420, 4885, 1021955487, 4870, 1022042799, 5398, 1022027128, 5399, 1021098530, 5383, 1021092695, 4869, 1022000606]
[INFO] (lattice_cell.c: 455): on tick 44 of 50
[INFO] (lattice_cell.c: 172): the unmatched_packets is 56
[5120, 1037895555, 5136, 1037875367, 5392, 1037875433, 4864, 1037895555, 5376, 1037895555, 4872, 1037874370, 4880, 1037875308, 5384, 1037874388, 5121, 1038307946, 5137, 1038307139, 5393, 1038310757, 5377, 1038311596, 5385, 1038310058, 4865, 1038304872, 5122, 1038768138, 5138, 1038789403, 5123, 1038338083, 5139, 1038334253, 5386, 1038790526, 5126, 1022015867, 5127, 1021109137, 5380, 1021086965, 5389, 1021976647, 5140, 1021079314, 5141, 1022001248, 5142, 1021986222, 5143, 1021145617, 5124, 1021083595, 5125, 1021986447, 4870, 1022018738, 4871, 1021112040, 4867, 1038341161, 4874, 1038790544, 4868, 1021080712, 4875, 1038337910, 4877, 1021970221, 4878, 1022012181, 4869, 1021983595, 4886, 1021989008, 4873, 1038303363, 4881, 1038304111, 5394, 1038789339, 5378, 1038768146, 4883, 1038337325, 5395, 1038330599, 5379, 1038334429, 4866, 1038768140, 4882, 1038789469, 5387, 1038331169, 5396, 1021082676, 5388, 1021110366, 5397, 1022004762, 5381, 1021989883, 4879, 1021125774, 4876, 1021104150, 4887, 1021148456, 5398, 1021982836, 5390, 1022005924, 5382, 1022012435, 4884, 1021076424, 5391, 1021119573, 5399, 1021142255, 5383, 1021105747, 4885, 1021998313]
[INFO] (lattice_cell.c: 455): on tick 45 of 50
[INFO] (lattice_cell.c: 172): the unmatched_packets is 56
[5120, 1037886672, 5392, 1037897742, 4864, 1037886682, 5136, 1037897721, 5376, 1037886678, 5384, 1037883959, 5121, 1038312011, 5137, 1038313477, 5122, 1038767105, 5138, 1038756330, 5123, 1038340200, 5377, 1038315465, 5386, 1038770557, 5141, 1021987501, 5127, 1021130325, 5143, 1021065617, 5388, 1021100392, 5139, 1038343010, 5140, 1021088984, 5125, 1021967914, 5382, 1022001466, 5126, 1022004921, 5391, 1021078289, 5142, 1022050455, 5124, 1021105152, 4871, 1021133893, 4879, 1021085889, 4866, 1038767111, 4867, 1038343114, 4868, 1021101607, 4874, 1038770545, 4882, 1038756310, 4875, 1038342401, 4876, 1021092832, 5393, 1038316921, 4884, 1021085414, 4877, 1021985556, 4872, 1037883942, 5385, 1038313954, 4885, 1021984919, 4880, 1037897691, 4870, 1022007681, 5394, 1038756333, 4865, 1038309101, 5378, 1038767111, 4873, 1038307576, 4881, 1038310569, 5395, 1038339557, 5379, 1038336743, 5387, 1038336045, 5396, 1021093059, 5380, 1021109212, 5397, 1021990791, 5381, 1021971367, 5389, 1021991704, 5398, 1022046870, 5390, 1022048735, 5399, 1021061654, 5383, 1021126264, 4878, 1022055041, 4886, 1022053265, 4887, 1021069120, 4883, 1038345923, 4869, 1021965150]
[INFO] (lattice_cell.c: 455): on tick 46 of 50
[INFO] (lattice_cell.c: 172): the unmatched_packets is 56
[5120, 1037864737, 5392, 1037862270, 4864, 1037864731, 5136, 1037862270, 5376, 1037864741, 5384, 1037876555, 5121, 1038305347, 5137, 1038309197, 5393, 1038312871, 4880, 1037862262, 5122, 1038800599, 5138, 1038802587, 5123, 1038335430, 5124, 1021114577, 5395, 1038327704, 5126, 1021994675, 5387, 1038327089, 5127, 1021139330, 5396, 1021090658, 5139, 1038331373, 5140, 1021087274, 5125, 1021964785, 4883, 1038334453, 5391, 1021160468, 5141, 1021985844, 5142, 1021939427, 4878, 1021988569, 4870, 1021997369, 4879, 1021166799, 4886, 1021942155, 5143, 1021202201, 4887, 1021205071, 4871, 1021142242, 4881, 1038306121, 4882, 1038802594, 4867, 1038338548, 4868, 1021111679, 4876, 1021074548, 5377, 1038309029, 4872, 1037876511, 5385, 1038309789, 4884, 1021084330, 4885, 1021983120, 5394, 1038802579, 5378, 1038800597, 4874, 1038787940, 4875, 1038333890, 5386, 1038787870, 4865, 1038302225, 5379, 1038331724, 4869, 1021962086, 4873, 1038302986, 4877, 1022001272, 5380, 1021117937, 5388, 1021080885, 5397, 1021989141, 5381, 1021968071, 4866, 1038800593, 5389, 1022007264, 5398, 1021936105, 5382, 1021991394, 5390, 1021982642, 5399, 1021198845, 5383, 1021135946]
[INFO] (lattice_cell.c: 455): on tick 47 of 50
[INFO] (lattice_cell.c: 172): the unmatched_packets is 56
[5120, 1037897824, 5392, 1037908391, 5136, 1037908329, 4864, 1037897828, 5376, 1037897818, 5384, 1037910192, 4880, 1037908270, 4872, 1037910133, 5121, 1038316496, 5393, 1038317375, 4865, 1038313599, 5137, 1038313944, 5377, 1038319917, 5385, 1038316595, 4873, 1038310291, 4881, 1038311082, 5122, 1038756245, 5138, 1038745481, 5123, 1038344550, 5379, 1038341110, 5126, 1022049689, 5142, 1022130941, 5127, 1021069680, 5143, 1020990571, 5139, 1038341610, 4876, 1021090287, 5140, 1021116356, 5125, 1022012944, 5141, 1021959547, 4879, 1021057625, 4886, 1022133778, 5383, 1021065706, 4870, 1022052626, 5124, 1021043953, 4871, 1021073178, 4869, 1022010018, 4885, 1021956712, 5394, 1038745445, 5378, 1038756243, 5386, 1038743135, 4882, 1038745491, 5395, 1038338179, 4868, 1021040453, 5387, 1038338875, 5396, 1021120387, 5380, 1021047937, 4874, 1038743156, 5388, 1021097892, 4884, 1021112858, 4877, 1021977243, 5397, 1021963099, 4866, 1038756245, 5381, 1022016583, 4875, 1038345237, 4887, 1020994132, 5389, 1021983639, 5398, 1022127420, 4878, 1022071649, 4883, 1038344508, 5382, 1022046035, 5390, 1022065151, 5391, 1021050132, 5399, 1020986487, 4867, 1038347450]
[INFO] (lattice_cell.c: 455): on tick 48 of 50
[INFO] (lattice_cell.c: 172): the unmatched_packets is 56
[5120, 1037853138, 5392, 1037852896, 4864, 1037853142, 5136, 1037852891, 5376, 1037853136, 5384, 1037842455, 5121, 1038302369, 5137, 1038306346, 5122, 1038812012, 5393, 1038310034, 5125, 1021948443, 5387, 1038327899, 5139, 1038334503, 5124, 1021143598, 5381, 1021951637, 5391, 1021227141, 5141, 1021992474, 5126, 1021978723, 5142, 1021889934, 5127, 1021166963, 5143, 1021239163, 5138, 1038812248, 5123, 1038332523, 4877, 1021964505, 5140, 1021090797, 4878, 1021915714, 4887, 1021241946, 4880, 1037852881, 4873, 1038298587, 4874, 1038823149, 4882, 1038812258, 4867, 1038335652, 4875, 1038334712, 4865, 1038299242, 4868, 1021140605, 4883, 1038337621, 4881, 1038303238, 4872, 1037842508, 4876, 1021127977, 5377, 1038306064, 5385, 1038305424, 4884, 1021087850, 5394, 1038812247, 5378, 1038812020, 5386, 1038823199, 4870, 1021981350, 4871, 1021169977, 4886, 1021892596, 4866, 1038812012, 5395, 1038330789, 5379, 1038328797, 4869, 1021945854, 5396, 1021094207, 4885, 1021989910, 4879, 1021233384, 5380, 1021147037, 5388, 1021134370, 5397, 1021995622, 5389, 1021970224, 5398, 1021886633, 5382, 1021975517, 5390, 1021909773, 5399, 1021235933, 5383, 1021163525]
[INFO] (lattice_cell.c: 455): on tick 49 of 50
[INFO] (lattice_cell.c: 172): the unmatched_packets is 56
[5120, 1037940197, 5392, 1037902791, 4864, 1037940204, 5136, 1037902713, 5376, 1037940207, 5384, 1037920707, 4872, 1037920623, 5121, 1038315801, 5393, 1038321416, 4865, 1038312890, 5137, 1038317992, 5377, 1038319239, 4881, 1038315118, 4873, 1038313433, 5385, 1038319781, 5122, 1038712083, 4880, 1037902645, 5394, 1038751349, 4866, 1038712081, 5138, 1038751410, 5378, 1038712087, 4882, 1038751453, 4874, 1038732967, 5123, 1038343623, 5395, 1038336468, 4867, 1038346535, 5139, 1038339878, 5379, 1038340172, 5387, 1038335735, 5124, 1021005952, 5140, 1021047873, 5125, 1022054642, 5380, 1021009970, 5141, 1022011922, 5127, 1021033953, 5143, 1021032230, 5142, 1022097325, 5126, 1022089579, 4886, 1022100303, 4871, 1021037463, 4883, 1038342745, 4876, 1021038194, 4877, 1022018651, 4878, 1022146039, 4887, 1021035802, 4875, 1038342070, 4870, 1022092529, 5386, 1038732890, 5396, 1021051883, 4885, 1022008947, 5388, 1021045575, 5397, 1022015575, 5381, 1022058249, 5389, 1022025328, 4884, 1021044411, 5398, 1022093669, 5382, 1022085978, 5390, 1022139529, 4868, 1021002454, 5399, 1021028119, 5391, 1020989577, 5383, 1021029918, 4869, 1022051689, 4879, 1020997285]
[INFO] (lattice_cell.c: 455): on tick 50 of 50
[INFO] (lattice_cell.c: 466): updating recording regions
[INFO] (recording.c: 507): 	Finalising channel 0 - state info stored in SDRAM
[INFO] (recording.c: 512): closed channel 0.
[INFO] (lattice_cell.c: 470): Simulation complete.

