[INFO] (lattice_cell.c: 604): starting lattice cell
[INFO] (lattice_cell.c: 526): Initialise: started
[INFO] (data_specification.c: 78): magic = ad130ad6, version = 1.0
[INFO] (lattice_cell.c: 555): my key is 2832
[INFO] (lattice_cell.c: 562): I'm in position ( 11, 2)
[INFO] (lattice_cell.c: 568): my n key is 2576
[INFO] (lattice_cell.c: 574): my U_X = -0.009999739937484264
[INFO] (lattice_cell.c: 575): my U_Y = -0.00027778511866927147
[INFO] (lattice_cell.c: 583): input_buffer initialised
[INFO] (recording.c: 563): Recording 1 regions, using output tag 0, size before trigger 7686388, time between triggers 50
[INFO] (recording.c: 665): Recording channel 0 configured to use 7686132 byte memory block starting at 0x63593738
[INFO] (lattice_cell.c: 588): Recording flags = 0x00000001
[INFO] (lattice_cell.c: 619): setting timer to execute every 200000 microseconds
[INFO] (lattice_cell.c: 627): Starting

[INFO] (simulation.c: 159): Setting the runtime of this model to 50 starting at 0
[INFO] (simulation.c: 161): Setting the flag of infinite run for this model to 0
[INFO] (simulation.c: 175): Resuming
[INFO] (lattice_cell.c: 455): on tick 0 of 50
[2824, 1037884803, 2576, 1037884815, 2840, 1037884879, 2584, 1037884877, 2568, 1037884803, 2825, 1038306366, 2577, 1038310230, 3096, 1037884873, 3080, 1037884801, 2569, 1038310228, 3089, 1038302980, 2842, 1038779511, 3097, 1038302982, 2578, 1038779577, 2827, 1038331222, 3081, 1038302980, 3090, 1038779573, 2828, 1021095915, 3098, 1038779505, 2571, 1038327348, 2580, 1021099557, 2829, 1021989208, 3099, 1038334616, 2846, 1022015480, 2831, 1021119282, 2847, 1021119356, 2583, 1021115651, 2590, 1022011373, 2591, 1021115713, 2841, 1038306370, 3086, 1022019151, 2826, 1038779585, 3084, 1021092731, 2843, 1038331226, 3083, 1038334614, 3100, 1021092803, 2844, 1021095990, 2845, 1021989134, 3088, 1037884811, 2830, 1022015553, 3093, 1021985608, 3092, 1021092742, 2585, 1038310230, 2570, 1038779585, 2586, 1038779511, 2579, 1038327350, 2587, 1038327352, 2572, 1021099545, 3091, 1038334616, 2588, 1021099619, 2581, 1021993293, 2573, 1021993301, 2589, 1021993227, 2582, 1022011439, 2574, 1022011447, 3087, 1021122472, 3101, 1021985542, 3085, 1021985618, 3094, 1022019140, 3103, 1021122542, 3095, 1021122482, 2575, 1021115639, 3082, 1038779583, 3102, 1022019073]
[INFO] (lattice_cell.c: 455): on tick 1 of 50
[INFO] (lattice_cell.c: 172): the unmatched_packets is 56
[2824, 1037879857, 2576, 1037879877, 2568, 1037879853, 3088, 1037879879, 2584, 1037880041, 3096, 1037880043, 3080, 1037879857, 2825, 1038314812, 2840, 1037880039, 2577, 1038318614, 2569, 1038318610, 2841, 1038314812, 2585, 1038318618, 3089, 1038311487, 3097, 1038311491, 3081, 1038311487, 2826, 1038774637, 2570, 1038774631, 2578, 1038774607, 3090, 1038774607, 2586, 1038774439, 2827, 1038339642, 3098, 1038774441, 2843, 1038339628, 2828, 1021086599, 2571, 1038335837, 2579, 1038335839, 2844, 1021086849, 2572, 1021090092, 3091, 1038342966, 2845, 1021988324, 3083, 1038342968, 2847, 1021118468, 3085, 1021984617, 2591, 1021114976, 3100, 1021083972, 3084, 1021083723, 2842, 1038774439, 3095, 1021121528, 3093, 1021984581, 3086, 1022010218, 2829, 1021988585, 3099, 1038342958, 3082, 1038774635, 2587, 1038335829, 2830, 1022006254, 2580, 1021090125, 2846, 1022006476, 2831, 1021118681, 2588, 1021090341, 3094, 1022010244, 3102, 1022010447, 2581, 1021992855, 2573, 1021992886, 3092, 1021083760, 3103, 1021121356, 2589, 1021992631, 2582, 1022001974, 2574, 1022001937, 2590, 1022002176, 2583, 1021115153, 2575, 1021115178, 3087, 1021121556, 3101, 1021984357]
[INFO] (lattice_cell.c: 455): on tick 2 of 50
[INFO] (lattice_cell.c: 172): the unmatched_packets is 56
[2824, 1037885231, 2576, 1037885175, 2840, 1037884833, 2568, 1037885229, 2584, 1037884835, 3088, 1037885173, 3096, 1037884831, 3080, 1037885229, 2825, 1038306668, 2577, 1038310576, 2841, 1038306668, 2569, 1038310576, 2826, 1038780035, 3097, 1038303237, 3081, 1038303239, 3098, 1038780430, 2845, 1021990131, 2573, 1021993854, 2582, 1022011598, 2846, 1022014441, 2583, 1021116396, 2831, 1021119757, 2847, 1021120879, 2585, 1038310576, 2842, 1038780430, 2843, 1038331878, 2827, 1038331836, 3103, 1021123941, 2828, 1021096324, 3093, 1021986427, 3102, 1022017931, 2844, 1021096086, 2829, 1021989872, 2830, 1022015752, 2578, 1038780089, 2570, 1038780039, 2579, 1038327923, 3089, 1038303239, 2586, 1038780440, 2571, 1038327917, 2580, 1021099796, 2587, 1038327956, 3090, 1038780087, 2572, 1021099827, 3092, 1021093234, 3094, 1022019064, 3084, 1021093270, 2581, 1021993887, 2588, 1021099595, 3082, 1038780029, 3091, 1038335278, 2589, 1021994112, 2574, 1022011767, 2590, 1022010464, 2575, 1021116246, 2591, 1021117368, 3087, 1021122822, 3085, 1021986396, 3086, 1022019238, 3099, 1038335310, 3100, 1021093024, 3101, 1021986649, 3083, 1038335274, 3095, 1021122973]
[INFO] (lattice_cell.c: 455): on tick 3 of 50
[INFO] (lattice_cell.c: 172): the unmatched_packets is 56
[2824, 1037879965, 2576, 1037880289, 2840, 1037882339, 2568, 1037879961, 3088, 1037880287, 2584, 1037882343, 3096, 1037882345, 3080, 1037879965, 2825, 1038314858, 2841, 1038314900, 2569, 1038318596, 2577, 1038318602, 3089, 1038311601, 3090, 1038774299, 2828, 1021086703, 2581, 1021992226, 3099, 1038342670, 2582, 1022003366, 2846, 1022013107, 2583, 1021114299, 2831, 1021118610, 2847, 1021113431, 2585, 1038318640, 2826, 1038774637, 3102, 1022017156, 2842, 1038772158, 3103, 1021116415, 3100, 1021085771, 2827, 1038339664, 3083, 1038342928, 3093, 1021983787, 2843, 1038339404, 3095, 1021120891, 3092, 1021083997, 2844, 1021088746, 2829, 1021988117, 2845, 1021986023, 3084, 1021083720, 2830, 1022006925, 3101, 1021981991, 3097, 1038311639, 2586, 1038772160, 3081, 1038311597, 3098, 1038772160, 3091, 1038342888, 3094, 1022011818, 2570, 1038774629, 2578, 1038774297, 2571, 1038335913, 2579, 1038335880, 2572, 1021090295, 2580, 1021090579, 2589, 1021990429, 2575, 1021115001, 2587, 1038335660, 2573, 1021992514, 2588, 1021092355, 2574, 1022002525, 2590, 1022008706, 3085, 1021984077, 2591, 1021109824, 3087, 1021121611, 3086, 1022010975, 3082, 1038774637]
[INFO] (lattice_cell.c: 455): on tick 4 of 50
[INFO] (lattice_cell.c: 172): the unmatched_packets is 56
[2824, 1037884951, 2568, 1037884951, 2840, 1037875182, 2576, 1037883475, 2584, 1037875184, 2825, 1038306534, 2841, 1038306470, 3088, 1037883471, 3096, 1037875178, 3080, 1037884947, 2577, 1038310474, 3089, 1038303062, 3097, 1038303008, 2585, 1038310420, 2827, 1038332040, 2828, 1021095870, 3081, 1038303078, 2581, 1021995641, 2574, 1022010715, 2831, 1021120574, 2847, 1021143281, 3085, 1021987094, 2575, 1021117183, 2591, 1021139877, 3093, 1021988367, 3094, 1022013873, 3082, 1038780315, 3091, 1038335705, 2826, 1038780313, 2842, 1038790406, 2843, 1038333143, 2844, 1021088197, 2829, 1021990506, 2845, 1021998520, 2569, 1038310488, 2830, 1022014602, 2578, 1038781843, 2846, 1021987244, 2570, 1038780317, 2586, 1038790406, 2579, 1038328280, 2571, 1038328080, 2587, 1038329183, 2580, 1021098044, 2572, 1021099265, 2588, 1021091575, 3083, 1038335510, 2573, 1021994382, 3086, 1022018008, 3095, 1021126805, 3099, 1038336602, 2589, 1022002400, 2582, 1022006580, 3101, 1021995118, 3090, 1038781843, 3098, 1038790412, 3087, 1021123504, 3092, 1021091735, 3102, 1021990652, 2583, 1021120495, 3103, 1021146219, 3100, 1021085268, 2590, 1021983349, 3084, 1021092950]
[INFO] (lattice_cell.c: 455): on tick 5 of 50
[INFO] (lattice_cell.c: 172): the unmatched_packets is 56
[2824, 1037881278, 2576, 1037887656, 2568, 1037881282, 3088, 1037887658, 3096, 1037908956, 2840, 1037908948, 3080, 1037881278, 2825, 1038314852, 2577, 1038318636, 2569, 1038318542, 2841, 1038315289, 2585, 1038318981, 3089, 1038311731, 3097, 1038312079, 3081, 1038311637, 2584, 1037908950, 2826, 1038773286, 2578, 1038766663, 2842, 1038744543, 2586, 1038744545, 2827, 1038339430, 2843, 1038338161, 3090, 1038766669, 3098, 1038744541, 3082, 1038773284, 2579, 1038334847, 2587, 1038334450, 3091, 1038341764, 2845, 1021966530, 3083, 1038342646, 2831, 1021115701, 2847, 1021040501, 2575, 1021111996, 2570, 1038773284, 3093, 1021977054, 3101, 1021962453, 3084, 1021084816, 3099, 1038341394, 3092, 1021090020, 3085, 1021982402, 2571, 1038335734, 2828, 1021087899, 2580, 1021096810, 2572, 1021091608, 2844, 1021107527, 2588, 1021111229, 2829, 1021986479, 3086, 1022015287, 3103, 1021043560, 2581, 1021985590, 2573, 1021990944, 2589, 1021971009, 3100, 1021104436, 2830, 1022011195, 2846, 1022091400, 3094, 1022033311, 3102, 1022095460, 2582, 1022024763, 3095, 1021104295, 2574, 1022006720, 3087, 1021118795, 2590, 1022086945, 2583, 1021097504, 2591, 1021036833]
[INFO] (lattice_cell.c: 455): on tick 6 of 50
[INFO] (lattice_cell.c: 172): the unmatched_packets is 56
[2824, 1037879178, 2576, 1037861644, 2568, 1037879174, 2584, 1037841574, 3088, 1037861642, 2840, 1037841562, 3096, 1037841542, 3080, 1037879174, 2825, 1038306400, 2577, 1038310170, 2569, 1038310374, 2585, 1038310005, 2841, 1038306033, 3089, 1038302712, 3097, 1038302546, 3081, 1038302906, 2826, 1038786286, 2842, 1038824871, 2578, 1038804406, 2570, 1038786288, 3090, 1038804406, 3098, 1038824881, 2828, 1021091225, 3091, 1038336865, 3099, 1038335326, 2580, 1021082062, 2829, 1021995263, 2845, 1022012067, 2573, 1021999088, 2582, 1021943502, 2846, 1021860506, 3092, 1021075994, 2831, 1021133009, 2847, 1021273894, 2591, 1021270522, 3103, 1021276806, 3083, 1038336688, 2586, 1038824855, 3087, 1021135800, 2827, 1038333193, 2843, 1038331877, 3100, 1021072064, 2844, 1021074875, 3082, 1038786282, 2579, 1038329422, 2571, 1038329211, 2587, 1038327926, 2572, 1021094486, 3093, 1022004870, 3085, 1021991913, 2830, 1021997904, 3094, 1021950756, 2588, 1021078160, 2581, 1022012055, 2589, 1022015868, 2574, 1021994071, 2583, 1021179095, 2590, 1021856655, 3095, 1021185234, 3102, 1021863930, 3084, 1021088422, 2575, 1021129730, 3101, 1022008726, 3086, 1022001271]
[INFO] (lattice_cell.c: 455): on tick 7 of 50
[INFO] (lattice_cell.c: 172): the unmatched_packets is 56
[2824, 1037899604, 2576, 1037920986, 2568, 1037899614, 3088, 1037920984, 2584, 1037909372, 3096, 1037909428, 3080, 1037899600, 2840, 1037909406, 2825, 1038314830, 2577, 1038319029, 2569, 1038318480, 3089, 1038312203, 2585, 1038319259, 3097, 1038312417, 3081, 1038311653, 2841, 1038315598, 2826, 1038754315, 2842, 1038744577, 2578, 1038732279, 2570, 1038754309, 2827, 1038338519, 2586, 1038744603, 3090, 1038732279, 3098, 1038744561, 3091, 1038343110, 2587, 1038334245, 2831, 1021069845, 2846, 1022176935, 2582, 1022139354, 2847, 1020956608, 2591, 1020953003, 3093, 1021960488, 2579, 1038336194, 2571, 1038334858, 3086, 1022065320, 3103, 1020959622, 3087, 1021073015, 2843, 1038337940, 2828, 1021099727, 2580, 1021113263, 2829, 1021974785, 2572, 1021103517, 2844, 1021090725, 3082, 1038754321, 2588, 1021094500, 3085, 1021970700, 3099, 1038341187, 2830, 1022061283, 3101, 1021980697, 2845, 1021984805, 2581, 1021969093, 2573, 1021979293, 2589, 1021989313, 3100, 1021087549, 2590, 1022172441, 2583, 1020978490, 2575, 1021066071, 3084, 1021096544, 3094, 1022147812, 3095, 1020985320, 2574, 1022056810, 3083, 1038341719, 3102, 1022180983, 3092, 1021106291]
[INFO] (lattice_cell.c: 455): on tick 8 of 50
[INFO] (lattice_cell.c: 172): the unmatched_packets is 56
[2824, 1037844814, 2576, 1037848618, 2840, 1037886500, 2568, 1037844810, 2584, 1037886532, 3088, 1037848586, 3096, 1037886484, 3080, 1037844814, 2825, 1038306848, 2577, 1038310118, 2841, 1038306686, 2569, 1038310835, 2826, 1038821717, 2842, 1038777861, 3097, 1038303204, 2843, 1038332609, 2570, 1038821721, 3081, 1038303360, 2828, 1021080006, 3090, 1038817320, 3098, 1038777873, 2829, 1022003172, 2830, 1021900292, 2573, 1022006972, 2831, 1021235958, 3093, 1021995039, 2589, 1021985952, 3085, 1021999801, 3087, 1021238706, 2590, 1021929658, 3100, 1021101586, 2591, 1021193648, 2827, 1038331773, 3103, 1021199930, 3082, 1038821719, 2844, 1021104274, 2845, 1021982195, 2585, 1038310677, 2578, 1038817288, 2579, 1038329804, 2571, 1038327804, 2846, 1021933439, 3089, 1038302638, 2572, 1021083192, 2847, 1021197027, 3101, 1021978857, 3094, 1021844083, 2586, 1038777849, 3083, 1038335230, 3092, 1021084299, 2580, 1021090186, 2587, 1038328660, 2581, 1022002150, 2588, 1021107465, 3091, 1038337184, 2582, 1021836794, 2574, 1021896411, 2583, 1021283164, 3084, 1021077305, 2575, 1021232730, 3102, 1021936827, 3086, 1021903754, 3095, 1021289322, 3099, 1038336052]
[INFO] (lattice_cell.c: 455): on tick 9 of 50
[INFO] (lattice_cell.c: 172): the unmatched_packets is 56
[2824, 1037931629, 2576, 1037889297, 2840, 1037870840, 2568, 1037931619, 2584, 1037870843, 3088, 1037889333, 3096, 1037870850, 3080, 1037931641, 2825, 1038314620, 2577, 1038317842, 2569, 1038318267, 2841, 1038314880, 3089, 1038311036, 3097, 1038311717, 2826, 1038721556, 3081, 1038311455, 2578, 1038765570, 2570, 1038721570, 2579, 1038334933, 2587, 1038335274, 2572, 1021075650, 3090, 1038765538, 2844, 1021088669, 2581, 1022007233, 3082, 1038721544, 2845, 1021986568, 2830, 1022170384, 2583, 1021010665, 2846, 1021995612, 2831, 1020963615, 2575, 1020959859, 2847, 1021132328, 2842, 1038783731, 2827, 1038338224, 2843, 1038338956, 2828, 1021071818, 3083, 1038341441, 3091, 1038341844, 3084, 1021068580, 2829, 1022005421, 3101, 1021982513, 3103, 1021135426, 3099, 1038342178, 2585, 1038318528, 2586, 1038783721, 2571, 1038334534, 2580, 1021079875, 2588, 1021092502, 2573, 1022009872, 2589, 1021991071, 2582, 1022112825, 3100, 1021085385, 3093, 1021998677, 2574, 1022165990, 3092, 1021072786, 3094, 1022121295, 3095, 1021017431, 3098, 1038783741, 2590, 1021991147, 2591, 1021128600, 3102, 1021999601, 3085, 1022001427, 3086, 1022174308, 3087, 1020966780]
[INFO] (lattice_cell.c: 455): on tick 10 of 50
[INFO] (lattice_cell.c: 172): the unmatched_packets is 56
[2824, 1037841496, 2576, 1037886919, 2568, 1037841528, 2840, 1037879372, 2584, 1037879360, 3088, 1037886905, 3080, 1037841472, 3096, 1037879369, 2825, 1038304809, 2577, 1038311356, 2569, 1038308767, 2841, 1038307829, 3089, 1038303923, 3097, 1038304349, 3081, 1038301365, 2585, 1038311807, 2826, 1038824485, 2842, 1038786227, 2578, 1038777895, 2570, 1038824461, 2586, 1038786247, 3090, 1038777902, 3098, 1038786218, 2844, 1021092449, 3083, 1038336568, 3084, 1021181065, 2583, 1021113959, 2590, 1022029631, 3092, 1021119487, 2591, 1021098024, 2827, 1038333148, 3082, 1038824515, 2843, 1038331539, 3091, 1038335977, 2828, 1021183687, 2829, 1021906637, 2845, 1021991932, 2830, 1021896664, 2579, 1038328589, 3101, 1021988543, 2846, 1022033556, 2831, 1021232385, 3095, 1021119942, 2572, 1021186809, 2847, 1021101211, 2587, 1038327587, 3086, 1021900176, 2581, 1021966005, 2571, 1038329205, 2573, 1021910535, 2588, 1021095572, 2580, 1021125193, 2582, 1022011028, 2574, 1021892788, 2589, 1021995736, 3085, 1021903125, 3102, 1022037073, 3094, 1022018392, 3103, 1021103910, 3087, 1021235142, 3093, 1021958728, 3099, 1038334977, 3100, 1021089834, 2575, 1021229136]
[INFO] (lattice_cell.c: 455): on tick 11 of 50
[INFO] (lattice_cell.c: 172): the unmatched_packets is 56
[2824, 1037910769, 2576, 1037902223, 2840, 1037892368, 2568, 1037910755, 2584, 1037892370, 3080, 1037910787, 3096, 1037892374, 3088, 1037902233, 2825, 1038314034, 3089, 1038313020, 2578, 1038751046, 3081, 1038310824, 2571, 1038335827, 2586, 1038761312, 2828, 1020937049, 2572, 1020940935, 2581, 1022049511, 3091, 1038343381, 2582, 1021959251, 3101, 1022005552, 2846, 1022019949, 3102, 1022023753, 2831, 1021108991, 2847, 1021109159, 2577, 1038319866, 2569, 1038317721, 3092, 1021020127, 2841, 1038314920, 2826, 1038743315, 2842, 1038761329, 3087, 1021112173, 2827, 1038339510, 2585, 1038318572, 3097, 1038311761, 2570, 1038743325, 2843, 1038338379, 2579, 1038336506, 2844, 1021068776, 2829, 1022140570, 2580, 1021027345, 2587, 1038334705, 2845, 1022009513, 2830, 1022021540, 3098, 1038761335, 2573, 1022144857, 2588, 1021072665, 3090, 1038751055, 2574, 1022017143, 2589, 1022013921, 3082, 1038743303, 2583, 1021157420, 3103, 1021112416, 3084, 1020933777, 3093, 1022041328, 2575, 1021105220, 3094, 1021967389, 2590, 1022015644, 3100, 1021065465, 3095, 1021164534, 2591, 1021105316, 3086, 1022025429, 3083, 1038342720, 3085, 1022136773, 3099, 1038341592]
[INFO] (lattice_cell.c: 455): on tick 12 of 50
[INFO] (lattice_cell.c: 172): the unmatched_packets is 56
[2824, 1037861407, 2576, 1037839569, 2568, 1037861395, 2840, 1037869949, 3096, 1037869941, 3080, 1037861419, 2825, 1038307171, 2577, 1038310976, 2841, 1038305604, 2569, 1038311072, 2585, 1038309546, 3089, 1038303654, 3097, 1038302180, 2584, 1037869961, 3081, 1038303781, 2826, 1038804232, 2578, 1038827157, 2570, 1038804256, 2586, 1038795153, 3098, 1038795161, 3082, 1038804208, 3091, 1038335717, 3099, 1038335029, 2588, 1021160094, 3092, 1021219602, 2831, 1021084494, 2847, 1021115456, 3101, 1021932423, 2575, 1021081351, 2591, 1021112358, 3085, 1021832124, 3086, 1022054952, 2842, 1038795161, 2827, 1038331383, 2843, 1038331613, 3083, 1038334800, 2828, 1021247539, 3088, 1037839545, 2844, 1021157035, 2829, 1021835765, 2579, 1038328364, 2571, 1038327453, 3087, 1021087086, 2845, 1021936001, 3090, 1038827161, 3100, 1021154499, 2587, 1038327677, 2830, 1022051345, 2572, 1021250644, 2580, 1021225216, 2846, 1022018301, 2573, 1021839774, 2581, 1021865763, 2589, 1021939953, 2574, 1022047367, 2582, 1022021602, 2590, 1022014305, 2583, 1021102944, 3094, 1022029315, 3102, 1022021969, 3095, 1021108607, 3093, 1021858077, 3084, 1021244921, 3103, 1021118040]
[INFO] (lattice_cell.c: 455): on tick 13 of 50
[INFO] (lattice_cell.c: 172): the unmatched_packets is 56
[2824, 1037889378, 2576, 1037913772, 2568, 1037889407, 2840, 1037912632, 3088, 1037913774, 3096, 1037912634, 2584, 1037912618, 3080, 1037889366, 2825, 1038314371, 2577, 1038318167, 2569, 1038318064, 2841, 1038314969, 3089, 1038311245, 2585, 1038318660, 3097, 1038311752, 3081, 1038311150, 2826, 1038765048, 2578, 1038740102, 2570, 1038765012, 3090, 1038740127, 2586, 1038740511, 3098, 1038740533, 3082, 1038765080, 2842, 1038740523, 2828, 1021008963, 2579, 1038336113, 2830, 1022011661, 2581, 1022158949, 3092, 1020921140, 2847, 1021148865, 3100, 1020976306, 3084, 1021005725, 3086, 1022015346, 2827, 1038339249, 3093, 1022151122, 2843, 1038339022, 2844, 1020979657, 2829, 1022067942, 3091, 1038343009, 3099, 1038342228, 2845, 1022098015, 2571, 1038335560, 2587, 1038335337, 2846, 1021977993, 2831, 1021118026, 2580, 1020928322, 2572, 1021012761, 2588, 1020983586, 3087, 1021121373, 3083, 1038342452, 2573, 1022072195, 3103, 1021152204, 2589, 1022102185, 3101, 1022094332, 3085, 1022064198, 3094, 1022020176, 2582, 1022012268, 3102, 1021981662, 3095, 1021114067, 2590, 1021973795, 2583, 1021106876, 2574, 1022007466, 2575, 1021114112, 2591, 1021144961]
[INFO] (lattice_cell.c: 455): on tick 14 of 50
[INFO] (lattice_cell.c: 172): the unmatched_packets is 56
[2824, 1037894389, 2576, 1037879769, 2840, 1037843255, 2568, 1037894399, 3088, 1037879806, 3096, 1037843247, 3080, 1037894388, 2584, 1037843250, 2825, 1038305416, 2577, 1038311387, 2841, 1038308014, 2569, 1038309310, 2585, 1038311890, 3097, 1038304640, 2578, 1038784598, 3081, 1038302045, 2828, 1021088498, 3090, 1038784533, 3098, 1038822832, 2831, 1021147555, 2846, 1022027008, 2574, 1021983033, 2847, 1021106399, 3093, 1021877115, 2590, 1022022842, 2826, 1038770062, 2842, 1038822848, 2827, 1038332676, 3099, 1038334268, 2843, 1038330876, 2829, 1022000223, 2844, 1021250069, 3092, 1021199641, 3084, 1021085938, 3089, 1038304155, 2830, 1021987175, 2570, 1038770060, 2845, 1021833962, 2579, 1038328382, 2571, 1038328787, 2586, 1038822852, 2580, 1021205320, 3085, 1021996544, 2572, 1021091620, 3101, 1021830175, 3094, 1022017798, 2587, 1038326978, 3086, 1021990942, 3087, 1021150055, 3082, 1038770066, 2581, 1021884897, 2573, 1022004265, 2588, 1021253124, 2582, 1022009942, 2589, 1021838107, 3091, 1038335667, 2583, 1021115099, 2575, 1021144519, 2591, 1021103359, 3095, 1021120681, 3103, 1021108895, 3083, 1038336064, 3100, 1021247546, 3102, 1022030770]
[INFO] (lattice_cell.c: 455): on tick 15 of 50
[INFO] (lattice_cell.c: 172): the unmatched_packets is 56
[2824, 1037872406, 2576, 1037871226, 2840, 1037897602, 2568, 1037872404, 2584, 1037897632, 3088, 1037871193, 3096, 1037897589, 3080, 1037872424, 2825, 1038314853, 2569, 1038318553, 2577, 1038319354, 2841, 1038314734, 2826, 1038782233, 2585, 1038318458, 3089, 1038312421, 2842, 1038756609, 3081, 1038311628, 3090, 1038783596, 2570, 1038782245, 3098, 1038756631, 2582, 1022004245, 2846, 1022021431, 2831, 1021121708, 2575, 1021117810, 2847, 1021106827, 2591, 1021102916, 2578, 1038783548, 3103, 1021110179, 2827, 1038339118, 3082, 1038782233, 2843, 1038338662, 3099, 1038341884, 3100, 1020955034, 2828, 1021120353, 2844, 1020958332, 2829, 1021953263, 3095, 1021120446, 3087, 1021125061, 2845, 1022123188, 2830, 1022006051, 2586, 1038756569, 2579, 1038335755, 2571, 1038335415, 3097, 1038311493, 2580, 1021084875, 2587, 1038334953, 3092, 1021077776, 2572, 1021124273, 3083, 1038342340, 3102, 1022024983, 3093, 1021988132, 2581, 1021995910, 2588, 1020962165, 3094, 1022011856, 2573, 1021957332, 2589, 1022127302, 2574, 1022001986, 2583, 1021113137, 2590, 1022017370, 3101, 1022119629, 3091, 1038342694, 3084, 1021116980, 3085, 1021949692, 3086, 1022009617]
[INFO] (lattice_cell.c: 455): on tick 16 of 50
[INFO] (lattice_cell.c: 172): the unmatched_packets is 56
[2824, 1037877158, 2576, 1037889208, 2840, 1037895785, 2568, 1037877148, 2584, 1037895765, 3088, 1037889196, 3096, 1037895805, 2825, 1038306269, 3080, 1037877162, 2577, 1038310535, 2569, 1038310116, 2570, 1038788402, 2842, 1038767966, 2586, 1038767986, 2571, 1038327911, 2828, 1021096954, 2843, 1038331299, 2844, 1021131046, 2590, 1022001998, 2831, 1021106274, 2846, 1022006231, 3100, 1021128474, 2841, 1038307091, 2826, 1038788394, 3087, 1021108730, 3090, 1038775848, 3098, 1038767955, 3099, 1038334661, 3092, 1021055213, 2827, 1038331785, 3082, 1038788394, 3095, 1021129643, 2829, 1021991353, 2585, 1038310944, 2830, 1022030130, 2578, 1038775834, 2845, 1021957661, 3091, 1038335947, 2847, 1021127999, 2583, 1021124195, 2575, 1021103247, 2591, 1021124954, 2579, 1038328734, 3102, 1022010123, 3086, 1022034003, 2580, 1021060742, 2587, 1038327449, 3084, 1021094504, 2572, 1021099946, 3101, 1021953891, 3083, 1038335126, 3103, 1021130456, 2581, 1022033823, 3089, 1038303336, 3097, 1038303756, 3081, 1038302925, 2588, 1021134177, 2573, 1021995595, 3093, 1022025817, 3085, 1021987470, 3094, 1022009552, 2582, 1022001376, 2589, 1021961813, 2574, 1022025884]
[INFO] (lattice_cell.c: 455): on tick 17 of 50
[INFO] (lattice_cell.c: 172): the unmatched_packets is 56
[2824, 1037884742, 2576, 1037883811, 2840, 1037870510, 2568, 1037884752, 3088, 1037883818, 2584, 1037870522, 3096, 1037870510, 3080, 1037884734, 2825, 1038314194, 2569, 1038317923, 2841, 1038315708, 2577, 1038319217, 3089, 1038312248, 2585, 1038319446, 3097, 1038312465, 2826, 1038769622, 3081, 1038310952, 2842, 1038783809, 2827, 1038339590, 2570, 1038769602, 2586, 1038783796, 2828, 1021069697, 2579, 1038335982, 3090, 1038770258, 2580, 1021098656, 2829, 1022006217, 2574, 1022016602, 2846, 1022004834, 2831, 1021108263, 2590, 1022000885, 2847, 1021120631, 2591, 1021116725, 3094, 1022010359, 3095, 1021120908, 3103, 1021124012, 3098, 1038783825, 3091, 1038342967, 3083, 1038342824, 3092, 1021091354, 3084, 1021066362, 2843, 1038338270, 3093, 1021975427, 3102, 1022008240, 2844, 1021128464, 2845, 1021947627, 2830, 1022020542, 2578, 1038770248, 2571, 1038335857, 3086, 1022023965, 3087, 1021111651, 3082, 1038769630, 2587, 1038334532, 2572, 1021073575, 2588, 1021132311, 2573, 1022010160, 2581, 1021982758, 2589, 1021951621, 2582, 1022002987, 2583, 1021113656, 2575, 1021104373, 3101, 1021944129, 3099, 1038341522, 3085, 1022002762, 3100, 1021125144]
[INFO] (lattice_cell.c: 455): on tick 18 of 50
[INFO] (lattice_cell.c: 172): the unmatched_packets is 56
[2824, 1037892722, 2576, 1037881163, 2568, 1037892728, 3088, 1037881188, 2584, 1037879560, 3096, 1037879541, 3080, 1037892722, 2840, 1037879551, 2825, 1038306263, 2577, 1038311462, 2569, 1038310078, 3097, 1038303868, 2841, 1038307190, 3089, 1038304353, 2826, 1038771575, 3081, 1038302955, 2570, 1038771569, 3090, 1038783548, 2845, 1022015660, 2581, 1021976098, 2573, 1022001512, 3091, 1038335207, 2582, 1022011675, 2847, 1021121028, 2831, 1021134038, 2591, 1021117981, 2842, 1038785698, 3093, 1021967827, 2827, 1038332011, 3095, 1021119736, 3092, 1021111055, 3098, 1038785712, 3082, 1038771577, 2843, 1038330979, 3099, 1038334285, 2844, 1021074455, 2828, 1021089991, 3085, 1021993292, 2829, 1021997212, 2846, 1022013569, 2830, 1022002585, 3094, 1022020005, 3086, 1022006552, 3087, 1021136509, 2578, 1038783568, 2586, 1038785684, 2579, 1038328081, 2571, 1038328208, 2580, 1021116587, 3083, 1038335317, 2587, 1038327165, 3100, 1021071983, 2572, 1021093076, 3084, 1021087507, 3101, 1022011715, 2588, 1021077522, 3103, 1021123496, 2589, 1022019989, 2574, 1021998246, 2583, 1021114219, 2590, 1022009190, 2575, 1021130996, 2585, 1038311005, 3102, 1022017552]
[INFO] (lattice_cell.c: 455): on tick 19 of 50
[INFO] (lattice_cell.c: 172): the unmatched_packets is 56
[2824, 1037878047, 2576, 1037876982, 2840, 1037885370, 2568, 1037878049, 3088, 1037876946, 3096, 1037885357, 3080, 1037878051, 2584, 1037885380, 2825, 1038314226, 2577, 1038318883, 2569, 1038317989, 2841, 1038315095, 2585, 1038318868, 3089, 1038311860, 3081, 1038310965, 2826, 1038776371, 2842, 1038768721, 2578, 1038777671, 2570, 1038776367, 2586, 1038768697, 2827, 1038339591, 3098, 1038768742, 3091, 1038343024, 3099, 1038341823, 2845, 1022007930, 2846, 1022012304, 2831, 1021126717, 3100, 1021067809, 3093, 1021984739, 2847, 1021114026, 2583, 1021105816, 2591, 1021110207, 3084, 1021101856, 2843, 1038338544, 3101, 1022004606, 2828, 1021105177, 2844, 1021071158, 2829, 1021970505, 3103, 1021117344, 3087, 1021130031, 3092, 1021083418, 2830, 1021999655, 3097, 1038311831, 3090, 1038777694, 2579, 1038335976, 2571, 1038335823, 2587, 1038334769, 3082, 1038776371, 2580, 1021090505, 3086, 1022002999, 3095, 1021112986, 2572, 1021109007, 2588, 1021074992, 2581, 1021991972, 2573, 1021974342, 2589, 1022011745, 2582, 1022010829, 2574, 1021995818, 2590, 1022008451, 2575, 1021122895, 3085, 1021967176, 3094, 1022017999, 3083, 1038342843, 3102, 1022015654]
[INFO] (lattice_cell.c: 455): on tick 20 of 50
[INFO] (lattice_cell.c: 172): the unmatched_packets is 56
[2824, 1037877877, 2576, 1037888257, 2568, 1037877873, 3088, 1037888245, 2584, 1037888600, 3096, 1037888626, 3080, 1037877885, 2840, 1037888614, 2825, 1038306626, 2577, 1038311294, 2569, 1038310390, 3097, 1038304698, 2841, 1038307981, 3089, 1038304268, 3081, 1038303360, 3090, 1038776383, 2570, 1038787435, 3098, 1038775441, 2571, 1038327830, 2828, 1021099073, 2829, 1021987274, 2830, 1022017302, 3084, 1021096555, 3092, 1021075544, 2846, 1022010116, 3093, 1022003203, 2831, 1021120065, 3102, 1022014161, 2847, 1021121454, 2591, 1021118343, 3094, 1022013272, 3087, 1021122583, 3101, 1021977485, 3083, 1038334856, 2826, 1038787431, 2842, 1038775437, 2827, 1038331594, 3082, 1038787431, 2843, 1038331487, 2844, 1021106858, 2585, 1038311744, 2578, 1038776350, 2845, 1021981470, 3095, 1021126854, 3103, 1021123990, 2579, 1038328444, 2586, 1038775436, 3085, 1021983252, 2580, 1021081213, 3086, 1022021338, 3099, 1038334756, 2587, 1038327721, 2572, 1021102183, 3100, 1021104311, 2581, 1022011595, 2588, 1021110053, 2573, 1021991685, 3091, 1038335462, 2583, 1021121219, 2582, 1022004780, 2589, 1021985846, 2574, 1022012871, 2590, 1022005669, 2575, 1021116955]
[INFO] (lattice_cell.c: 455): on tick 21 of 50
[INFO] (lattice_cell.c: 172): the unmatched_packets is 56
[2824, 1037878720, 2576, 1037882891, 2568, 1037878738, 3088, 1037882877, 3096, 1037875930, 3080, 1037878722, 2842, 1038778419, 2843, 1038337849, 2587, 1038334032, 2844, 1021106518, 2573, 1022000206, 2845, 1021972521, 2581, 1021988517, 2582, 1022000387, 3098, 1038778429, 2831, 1021105823, 3093, 1021981511, 2846, 1022009402, 2847, 1021117325, 3094, 1022007443, 2591, 1021113603, 3083, 1038342990, 3084, 1021077939, 3101, 1021969209, 3102, 1022012682, 3097, 1038311914, 3081, 1038310547, 2840, 1037875940, 3090, 1038771225, 2825, 1038313824, 3082, 1038775884, 2841, 1038315199, 2826, 1038775882, 2827, 1038339709, 2828, 1021081148, 2829, 1021996440, 2830, 1022022013, 3091, 1038342362, 2570, 1038775868, 3086, 1022025280, 2584, 1037875946, 2577, 1038318893, 2569, 1038317618, 2585, 1038319002, 2578, 1038771213, 3092, 1021087588, 2571, 1038335896, 2586, 1038778405, 2579, 1038335265, 2572, 1021084856, 2580, 1021094585, 3085, 1021993150, 3099, 1038341153, 3100, 1021103298, 2575, 1021102094, 3087, 1021109040, 3089, 1038311814, 2588, 1021110215, 3095, 1021125293, 3103, 1021120560, 2574, 1022018260, 2589, 1021976303, 2583, 1021118334, 2590, 1022005627]
[INFO] (lattice_cell.c: 455): on tick 22 of 50
[INFO] (lattice_cell.c: 172): the unmatched_packets is 56
[2824, 1037890733, 2576, 1037883032, 2840, 1037884346, 2568, 1037890735, 2584, 1037884360, 3088, 1037883051, 3096, 1037884328, 3080, 1037890735, 2825, 1038306806, 2577, 1038311850, 2569, 1038310514, 2841, 1038307944, 3089, 1038304905, 2585, 1038311671, 3097, 1038304701, 3081, 1038303584, 2826, 1038773618, 2578, 1038781601, 2570, 1038773604, 2827, 1038332502, 2579, 1038328516, 2828, 1021084816, 3082, 1038773626, 2587, 1038325445, 2844, 1021089021, 2845, 1021999199, 3099, 1038332386, 3083, 1038335721, 3092, 1021100691, 2831, 1021121318, 2847, 1021119951, 2575, 1021118071, 2583, 1021118014, 2591, 1021116697, 2842, 1038780374, 2843, 1038329164, 3094, 1022014573, 3086, 1022017778, 3101, 1021995152, 3091, 1038335453, 3100, 1021086397, 3093, 1021976458, 2586, 1038780336, 3085, 1021996884, 2829, 1022000918, 3084, 1021082214, 2830, 1022013738, 2571, 1038328790, 2846, 1022021182, 3087, 1021123895, 2572, 1021088034, 2580, 1021106542, 3090, 1038781614, 2588, 1021092271, 3098, 1038780401, 2573, 1022005376, 2581, 1021984935, 2589, 1022003637, 2574, 1022009255, 2582, 1022006039, 2590, 1022016716, 3103, 1021122600, 3095, 1021123846, 3102, 1022025246]
[INFO] (lattice_cell.c: 455): on tick 23 of 50
[INFO] (lattice_cell.c: 172): the unmatched_packets is 56
[2824, 1037882985, 2576, 1037874684, 2840, 1037876104, 2568, 1037882989, 2584, 1037876101, 3088, 1037874679, 3096, 1037876102, 3080, 1037882991, 2825, 1038313539, 2577, 1038318648, 2569, 1038317370, 2585, 1038318659, 3089, 1038311512, 2841, 1038314821, 3097, 1038311512, 2826, 1038771136, 2842, 1038778245, 2578, 1038779998, 2827, 1038339334, 3081, 1038310236, 2571, 1038335507, 2843, 1038337989, 2829, 1021981441, 3090, 1038779993, 2581, 1021988899, 2589, 1022007717, 2574, 1021998271, 2830, 1022001999, 3091, 1038344589, 2845, 1022003997, 3099, 1038341337, 2583, 1021106700, 2846, 1021992975, 2847, 1021133821, 2828, 1021096920, 3083, 1038342641, 3093, 1021981905, 3102, 1021996258, 3095, 1021113360, 3087, 1021129089, 2844, 1021077159, 2570, 1038771134, 3098, 1038778251, 3082, 1038771140, 2831, 1021125984, 3084, 1021093825, 3101, 1022000749, 2586, 1038778236, 2579, 1038337422, 2587, 1038334128, 3092, 1021088477, 2572, 1021100540, 2580, 1021095141, 2588, 1021080770, 2573, 1021985135, 2575, 1021122399, 2582, 1022003368, 2590, 1021989210, 2591, 1021130318, 3086, 1022005244, 3100, 1021074038, 3103, 1021136847, 3094, 1022010362, 3085, 1021978200]
[INFO] (lattice_cell.c: 455): on tick 24 of 50
[INFO] (lattice_cell.c: 172): the unmatched_packets is 56
[2824, 1037882763, 2576, 1037890730, 2840, 1037902115, 2568, 1037882759, 2584, 1037902154, 3088, 1037890694, 3096, 1037902104, 3080, 1037882759, 2825, 1038307932, 2577, 1038312026, 2569, 1038311603, 2841, 1038308625, 3089, 1038305158, 3097, 1038305427, 3081, 1038304753, 2585, 1038312317, 2826, 1038782102, 2570, 1038782090, 2842, 1038761588, 2578, 1038773668, 2827, 1038330094, 2579, 1038328784, 2843, 1038331900, 3098, 1038761626, 2580, 1021090262, 3091, 1038335613, 3099, 1038335055, 2573, 1021984745, 3083, 1038333272, 3092, 1021084206, 3100, 1021103963, 2831, 1021129093, 2847, 1021078044, 3084, 1021097785, 3095, 1021107028, 2828, 1021100499, 3094, 1022032044, 2586, 1038761540, 3103, 1021080934, 2844, 1021106730, 3101, 1021976236, 3102, 1022055470, 2829, 1021980279, 2571, 1038326428, 2587, 1038328254, 2845, 1021980230, 2830, 1022014455, 2572, 1021103858, 2588, 1021110152, 2846, 1022051422, 3090, 1038773734, 3093, 1021992018, 2581, 1022000522, 3085, 1021976252, 3086, 1022018497, 3082, 1038782106, 3087, 1021131823, 2589, 1021984655, 2574, 1022009958, 2582, 1022023502, 2583, 1021100796, 2590, 1022046952, 2575, 1021125731, 2591, 1021074553]
[INFO] (lattice_cell.c: 455): on tick 25 of 50
[INFO] (lattice_cell.c: 172): the unmatched_packets is 56
[2824, 1037871112, 2576, 1037871185, 2568, 1037871108, 3088, 1037871201, 3096, 1037851836, 2584, 1037851767, 3080, 1037871128, 2840, 1037851799, 2825, 1038312803, 2577, 1038317578, 2841, 1038314534, 2569, 1038316661, 3089, 1038310401, 3097, 1038311193, 3081, 1038309482, 2826, 1038783757, 2585, 1038318399, 2578, 1038783281, 2570, 1038783753, 3090, 1038783270, 3098, 1038803188, 3082, 1038783749, 2842, 1038803206, 2827, 1038339192, 2579, 1038334465, 2571, 1038335327, 3091, 1038341736, 3099, 1038339401, 3083, 1038342548, 2828, 1021089208, 2587, 1038332101, 2844, 1021087154, 2588, 1021090591, 2582, 1021968474, 2846, 1021926105, 2831, 1021123379, 2583, 1021153115, 2575, 1021119990, 2843, 1038336015, 3087, 1021126279, 3085, 1021989014, 3084, 1021086264, 3101, 1021991663, 3094, 1021975457, 2829, 1021992291, 2845, 1021994962, 3092, 1021077109, 2830, 1022005722, 3100, 1021084166, 2586, 1038803220, 2847, 1021206691, 3093, 1021998046, 2580, 1021083535, 2581, 1022004986, 2572, 1021092639, 3102, 1021929421, 3095, 1021159268, 3086, 1022008964, 2573, 1021995990, 3103, 1021209437, 2589, 1021998688, 2574, 1022002020, 2590, 1021922293, 2591, 1021203436]
[INFO] (lattice_cell.c: 455): on tick 26 of 50
[INFO] (lattice_cell.c: 172): the unmatched_packets is 56
[2824, 1037896752, 2576, 1037909470, 2840, 1037916969, 2568, 1037896768, 2584, 1037917032, 3088, 1037909410, 3096, 1037916921, 3080, 1037896736, 2825, 1038305879, 2577, 1038313004, 2569, 1038309516, 2841, 1038309767, 2585, 1038313415, 2826, 1038767485, 3097, 1038306600, 2578, 1038754261, 3090, 1038754335, 3098, 1038746877, 2843, 1038331403, 2571, 1038329667, 2587, 1038327785, 3091, 1038337273, 3099, 1038334539, 2572, 1021095997, 2581, 1021973821, 2589, 1021978690, 3092, 1021107396, 3100, 1021106014, 2831, 1021085029, 2847, 1020986719, 3103, 1020989798, 2583, 1021042529, 3095, 1021049236, 3083, 1038336386, 3084, 1021089641, 3101, 1021970293, 3085, 1021993184, 3102, 1022149421, 2842, 1038746833, 2570, 1038767466, 2586, 1038746769, 3089, 1038306209, 2827, 1038333273, 3081, 1038302733, 2828, 1021092503, 2844, 1021108884, 3082, 1038767507, 2829, 1021997184, 2579, 1038330564, 2845, 1021974252, 2580, 1021113794, 2830, 1022047442, 2588, 1021112359, 2846, 1022145471, 2582, 1022073854, 2573, 1022001637, 2574, 1022042944, 3086, 1022051473, 2575, 1021081446, 2591, 1020982997, 2590, 1022141100, 3094, 1022082310, 3087, 1021087993, 3093, 1021965453]
[INFO] (lattice_cell.c: 455): on tick 27 of 50
[INFO] (lattice_cell.c: 172): the unmatched_packets is 56
[2824, 1037861159, 2576, 1037842953, 2840, 1037852088, 2568, 1037861149, 3088, 1037843017, 3096, 1037852095, 2584, 1037852082, 3080, 1037861189, 2825, 1038312530, 2577, 1038319566, 2569, 1038316414, 2841, 1038313817, 3089, 1038312330, 2585, 1038317702, 3097, 1038310456, 3081, 1038309172, 2826, 1038793613, 2578, 1038812399, 2570, 1038793627, 3090, 1038812366, 2842, 1038802442, 3098, 1038802475, 3082, 1038793597, 2827, 1038337262, 2579, 1038334696, 2843, 1038338393, 2571, 1038333362, 2586, 1038802418, 3099, 1038341768, 3091, 1038341997, 3083, 1038340654, 2829, 1021998428, 2588, 1021082162, 2581, 1021997925, 3100, 1021075939, 2845, 1022006016, 2582, 1021884254, 2846, 1021867655, 2847, 1021255413, 3093, 1021990851, 2575, 1021182447, 3095, 1021240872, 3094, 1021891420, 2828, 1021083737, 2844, 1021078799, 2587, 1038334494, 2580, 1021081811, 2572, 1021087009, 2830, 1021950809, 3092, 1021075694, 2573, 1022002142, 2831, 1021185595, 3101, 1022002706, 3087, 1021188228, 3085, 1021995145, 2589, 1022009746, 3102, 1021871038, 3086, 1021954070, 2574, 1021947072, 3103, 1021258078, 3084, 1021080975, 2583, 1021235151, 2590, 1021863830, 2591, 1021252256]
[INFO] (lattice_cell.c: 455): on tick 28 of 50
[INFO] (lattice_cell.c: 172): the unmatched_packets is 56
[2824, 1037924752, 2576, 1037915965, 2568, 1037924786, 3088, 1037915893, 2584, 1037895778, 3096, 1037895768, 3080, 1037924720, 2840, 1037895776, 2825, 1038308983, 2841, 1038307431, 2577, 1038313081, 3089, 1038306374, 3097, 1038304292, 3081, 1038305893, 2826, 1038738639, 3090, 1038748167, 3098, 1038768805, 2586, 1038768818, 3099, 1038331760, 2830, 1022112248, 2831, 1021021125, 2846, 1022104015, 2590, 1022099511, 2847, 1021039004, 3083, 1038336108, 3092, 1021091119, 3100, 1021086794, 3084, 1021089688, 2842, 1038768815, 2827, 1038333027, 3087, 1021024271, 2828, 1021092772, 2843, 1038328633, 2569, 1038312566, 2585, 1038311059, 3082, 1038738667, 2829, 1021984832, 2844, 1021089791, 2578, 1038748119, 2570, 1038738607, 2845, 1022002742, 2579, 1038328215, 2571, 1038329452, 3091, 1038334925, 3101, 1021998833, 3085, 1021980857, 2580, 1021097753, 2587, 1038325015, 2572, 1021096428, 3102, 1022108039, 3086, 1022116163, 2581, 1021990488, 2588, 1021093436, 2573, 1021989258, 3103, 1021042037, 2582, 1022155248, 2589, 1022007125, 3093, 1021982120, 2583, 1020972091, 2575, 1021017342, 2591, 1021035367, 3094, 1022163508, 3095, 1020978959, 2574, 1022107883]
[INFO] (lattice_cell.c: 455): on tick 29 of 50
[INFO] (lattice_cell.c: 172): the unmatched_packets is 56
[2824, 1037828244, 2840, 1037889968, 2576, 1037862263, 2568, 1037828226, 2584, 1037889996, 3096, 1037889944, 3080, 1037828260, 2825, 1038310647, 2841, 1038314474, 2577, 1038316953, 2569, 1038314576, 2585, 1038318379, 2826, 1038827517, 2842, 1038763431, 3089, 1038309656, 3097, 1038311098, 3081, 1038307250, 2578, 1038791895, 2570, 1038827517, 3090, 1038791974, 2828, 1021134655, 3098, 1038763489, 2580, 1021107099, 2572, 1021137762, 3091, 1038344990, 2588, 1021115191, 2830, 1021874810, 3092, 1021101230, 2846, 1022002716, 3100, 1021109248, 2831, 1021250945, 2847, 1021117937, 3101, 1021969458, 2583, 1021208488, 2575, 1021247943, 2591, 1021114700, 2827, 1038339504, 2843, 1038338879, 3103, 1021120630, 3082, 1038827518, 2844, 1021111948, 2829, 1021953588, 2845, 1021972787, 3085, 1021950297, 3102, 1022005940, 3099, 1038342264, 3088, 1037862242, 2586, 1038763373, 2579, 1038337737, 2587, 1038334978, 2571, 1038335607, 2581, 1021983699, 2573, 1021957296, 2589, 1021976519, 2582, 1021898895, 2574, 1021870960, 3084, 1021132083, 3093, 1021976737, 2590, 1021999073, 3086, 1021878205, 3083, 1038342871, 3094, 1021905988, 3087, 1021253463, 3095, 1021214269]
[INFO] (lattice_cell.c: 455): on tick 30 of 50
[INFO] (lattice_cell.c: 172): the unmatched_packets is 56
[2824, 1037927422, 2840, 1037875905, 2576, 1037893317, 2568, 1037927404, 2584, 1037875921, 3096, 1037875883, 3080, 1037927440, 3088, 1037893342, 2825, 1038308495, 2577, 1038314380, 2569, 1038312048, 2841, 1038310010, 2585, 1038313610, 3089, 1038307736, 3097, 1038306904, 3081, 1038305435, 2826, 1038736472, 2842, 1038788750, 3090, 1038771172, 2578, 1038771231, 2579, 1038327482, 2829, 1022078418, 2572, 1021005725, 2588, 1021086164, 2830, 1022129700, 2845, 1021997747, 3092, 1021036814, 2831, 1021017774, 2590, 1021958775, 3102, 1021967391, 2575, 1021014033, 2847, 1021170936, 3101, 1021993830, 3095, 1021113057, 3086, 1022133535, 3100, 1021079247, 2827, 1038330100, 3098, 1038788764, 2828, 1021001956, 3082, 1038736446, 2843, 1038330468, 2570, 1038736493, 2844, 1021082408, 3091, 1038334186, 3099, 1038333567, 3083, 1038333207, 3087, 1021020912, 3084, 1020998758, 3093, 1022029460, 3085, 1022074529, 2846, 1021963326, 2586, 1038788736, 2587, 1038326878, 2571, 1038326498, 2580, 1021043754, 3094, 1022031791, 3103, 1021174039, 2581, 1022037811, 2573, 1022082808, 2583, 1021106405, 2589, 1022002123, 2582, 1022023246, 2574, 1022125332, 2591, 1021167261]
[INFO] (lattice_cell.c: 455): on tick 31 of 50
[INFO] (lattice_cell.c: 172): the unmatched_packets is 56
[2824, 1037850641, 2840, 1037864248, 2576, 1037869531, 2568, 1037850697, 3088, 1037869469, 2584, 1037864251, 3096, 1037864242, 2825, 1038313417, 2841, 1038312466, 2577, 1038317744, 2585, 1038316378, 3089, 1038310453, 2570, 1038803894, 2843, 1038337293, 2579, 1038335403, 2586, 1038790716, 2580, 1021182549, 3090, 1038785104, 2588, 1021123352, 2847, 1021084086, 2591, 1021081014, 2826, 1038803978, 2842, 1038790750, 2827, 1038340378, 2828, 1021221419, 2844, 1021120221, 3093, 1021899634, 3101, 1021969244, 3094, 1022062070, 3102, 1022047131, 3086, 1021983598, 3103, 1021086601, 2829, 1021856878, 2845, 1021972592, 2830, 1021980297, 2846, 1022043776, 3087, 1021144250, 3082, 1038804038, 2831, 1021141634, 3083, 1038343715, 3100, 1021117671, 3099, 1038340688, 2569, 1038317300, 2578, 1038785011, 3080, 1037850603, 2571, 1038336499, 2587, 1038333390, 3081, 1038310054, 2572, 1021224441, 2581, 1021906776, 2573, 1021860735, 2582, 1022055134, 2589, 1021976341, 2574, 1021976564, 3091, 1038342660, 2583, 1021061026, 2590, 1022040006, 2575, 1021138473, 3085, 1021853453, 3098, 1038790787, 3097, 1038309065, 3084, 1021218963, 3095, 1021066774, 3092, 1021177012]
[INFO] (lattice_cell.c: 455): on tick 32 of 50
[INFO] (lattice_cell.c: 172): the unmatched_packets is 56
[2824, 1037901536, 2576, 1037913229, 2840, 1037917468, 2568, 1037901509, 2584, 1037917474, 3088, 1037913239, 3096, 1037917457, 3080, 1037901562, 2825, 1038304777, 2577, 1038312066, 2569, 1038308380, 2841, 1038310122, 2585, 1038313723, 3089, 1038305388, 3097, 1038307026, 3081, 1038301681, 2826, 1038762724, 3090, 1038750207, 2578, 1038750208, 3098, 1038745814, 3091, 1038336275, 3099, 1038332916, 2581, 1022106444, 3092, 1020977266, 2830, 1021976915, 2589, 1022063742, 2846, 1022026335, 2590, 1022021967, 2847, 1021111454, 2591, 1021107709, 3083, 1038335342, 3100, 1021019981, 2842, 1038745808, 2827, 1038332254, 3095, 1021174057, 3087, 1021164849, 3084, 1020951860, 2828, 1020955081, 2843, 1038329804, 3102, 1022030184, 2829, 1022138577, 3082, 1038762702, 2844, 1021023257, 2570, 1038762738, 2586, 1038745793, 2845, 1022059417, 2571, 1038328660, 2579, 1038329599, 3101, 1022055591, 3094, 1021962688, 2580, 1020984379, 2831, 1021161789, 2572, 1020958875, 2587, 1038326181, 2573, 1022142803, 2588, 1021027084, 2582, 1021954417, 2574, 1021972435, 2583, 1021167147, 2575, 1021158184, 3093, 1022098464, 3085, 1022134857, 3086, 1021980856, 3103, 1021114663]
[INFO] (lattice_cell.c: 455): on tick 33 of 50
[INFO] (lattice_cell.c: 172): the unmatched_packets is 56
[2824, 1037878241, 2576, 1037838596, 2840, 1037851359, 2568, 1037878233, 2584, 1037851427, 3088, 1037838538, 3096, 1037851309, 3080, 1037878260, 2825, 1038314851, 2577, 1038320693, 2569, 1038318692, 2841, 1038314896, 2585, 1038318787, 3089, 1038313502, 2826, 1038775998, 2842, 1038803202, 3097, 1038311541, 3081, 1038311555, 3090, 1038816962, 2843, 1038338250, 3098, 1038803285, 2828, 1021175780, 2571, 1038334637, 2844, 1021208205, 3091, 1038343234, 3099, 1038341605, 3092, 1021212473, 2831, 1021082896, 2847, 1021126776, 3086, 1022051071, 2583, 1021109832, 2590, 1021991191, 2575, 1021079764, 2591, 1021123653, 3101, 1021869937, 3103, 1021129327, 2827, 1038338492, 3082, 1038775986, 2579, 1038336031, 2578, 1038816896, 2570, 1038776008, 2829, 1021896880, 2586, 1038803106, 2845, 1021873413, 2830, 1022047703, 2580, 1021217964, 2587, 1038334381, 2572, 1021178895, 2846, 1021995029, 2581, 1021857291, 2588, 1021211261, 3085, 1021893405, 3095, 1021115405, 2573, 1021900726, 3083, 1038341829, 2582, 1022003481, 2589, 1021877273, 2574, 1022043958, 3093, 1021849819, 3102, 1021998483, 3094, 1022010855, 3087, 1021085435, 3100, 1021205701, 3084, 1021173239]
[INFO] (lattice_cell.c: 455): on tick 34 of 50
[INFO] (lattice_cell.c: 172): the unmatched_packets is 56
[2824, 1037879520, 2576, 1037904172, 2840, 1037908239, 2568, 1037879568, 2584, 1037908218, 3088, 1037904172, 3096, 1037908257, 3080, 1037879484, 2825, 1038306861, 2577, 1038310756, 2841, 1038306440, 2569, 1038310481, 2585, 1038310087, 3097, 1038303288, 3081, 1038303734, 2578, 1038760160, 2828, 1021101115, 2587, 1038326896, 2580, 1020990173, 2829, 1021984752, 2844, 1020965690, 3099, 1038333657, 2830, 1022021899, 3100, 1020962384, 2847, 1021146690, 3085, 1021980964, 3090, 1038760190, 3098, 1038755686, 3082, 1038785251, 2826, 1038785211, 3084, 1021098046, 3083, 1038334299, 3094, 1022052566, 3102, 1021992809, 3086, 1022025620, 2842, 1038755690, 2827, 1038331191, 3095, 1021091041, 3089, 1038303975, 3093, 1022100805, 2843, 1038330529, 3101, 1022127703, 3103, 1021149797, 3087, 1021121097, 3091, 1038334638, 3092, 1020983312, 2845, 1022131295, 2570, 1038785157, 2831, 1021117950, 2846, 1021988967, 2586, 1038755686, 2571, 1038327571, 2579, 1038327888, 2590, 1021984558, 2572, 1021104688, 2575, 1021114231, 2591, 1021143068, 2588, 1020969550, 2581, 1022108661, 2573, 1021989061, 2589, 1022135420, 2582, 1022044469, 2574, 1022017632, 2583, 1021084302]
[INFO] (lattice_cell.c: 455): on tick 35 of 50
[INFO] (lattice_cell.c: 172): the unmatched_packets is 56
[2824, 1037883065, 2576, 1037896251, 2840, 1037859619, 2568, 1037883071, 3088, 1037896238, 3096, 1037859600, 3080, 1037883067, 2584, 1037859642, 2825, 1038312333, 2577, 1038319206, 2569, 1038316146, 2841, 1038316806, 3089, 1038312136, 3097, 1038313514, 3081, 1038309060, 2585, 1038320624, 2826, 1038771224, 2578, 1038756903, 2842, 1038795120, 2570, 1038771198, 2586, 1038795086, 3090, 1038756931, 3098, 1038795148, 3082, 1038771236, 2827, 1038340544, 2579, 1038336213, 2843, 1038336922, 2571, 1038336739, 3091, 1038343332, 3099, 1038340242, 2844, 1021201623, 2572, 1021043562, 2830, 1021976315, 2581, 1021960714, 3092, 1021115180, 2847, 1021095494, 2591, 1021092327, 2828, 1021040320, 3094, 1021998182, 3100, 1021199064, 3084, 1021037709, 3093, 1021953417, 3101, 1021869419, 2829, 1022041934, 3095, 1021128992, 2845, 1021873044, 2587, 1038333083, 3083, 1038343819, 2846, 1022031179, 2831, 1021149078, 2580, 1021121085, 3102, 1022034698, 3085, 1022038520, 2588, 1021204767, 2573, 1022045740, 2589, 1021877062, 2574, 1021972371, 2582, 1021990864, 2590, 1022027265, 3086, 1021979879, 3103, 1021098046, 2583, 1021123178, 3087, 1021151593, 2575, 1021145943]
[INFO] (lattice_cell.c: 455): on tick 36 of 50
[INFO] (lattice_cell.c: 172): the unmatched_packets is 56
[2824, 1037882671, 2576, 1037866096, 2568, 1037882628, 3088, 1037866049, 3096, 1037888541, 3080, 1037882699, 2840, 1037888576, 2825, 1038306494, 2577, 1038312954, 2569, 1038310150, 2585, 1038311844, 3089, 1038306120, 3097, 1038304936, 2841, 1038308140, 3081, 1038303351, 2584, 1037888628, 2826, 1038781754, 2578, 1038798631, 2570, 1038781776, 3090, 1038798723, 2586, 1038775655, 3098, 1038775802, 3082, 1038781737, 2842, 1038775735, 2827, 1038331487, 2579, 1038328814, 2571, 1038327825, 3091, 1038335624, 3099, 1038333917, 2587, 1038327078, 2843, 1038330749, 3083, 1038334641, 2828, 1021117373, 2580, 1021144650, 2572, 1021121009, 2588, 1021054976, 2581, 1021942406, 2573, 1021973199, 3100, 1021048257, 2846, 1022032079, 2574, 1022022431, 3102, 1022035749, 3086, 1022030313, 3092, 1021138029, 3084, 1021114258, 3101, 1022036592, 3085, 1021965447, 2844, 1021051353, 3103, 1021104769, 2829, 1021969059, 2830, 1022026652, 3093, 1021934526, 2845, 1022040178, 3087, 1021115969, 3094, 1021994838, 2831, 1021112902, 2582, 1021986901, 2847, 1021101656, 2589, 1022044337, 2583, 1021135104, 2590, 1022027858, 2591, 1021098047, 3095, 1021141754, 2575, 1021109356]
[INFO] (lattice_cell.c: 455): on tick 37 of 50
[INFO] (lattice_cell.c: 172): the unmatched_packets is 56
[2824, 1037879081, 2576, 1037875101, 2840, 1037895761, 2568, 1037879108, 2584, 1037895792, 3088, 1037875057, 3096, 1037895738, 3080, 1037879062, 2825, 1038314230, 2577, 1038319021, 2569, 1038317972, 3089, 1038312010, 2841, 1038314245, 3081, 1038311009, 3097, 1038310998, 2826, 1038775300, 2585, 1038318016, 2842, 1038757656, 2827, 1038338646, 2586, 1038757609, 2579, 1038335356, 2571, 1038334893, 2843, 1038337714, 2828, 1021106290, 3090, 1038780052, 2830, 1022033750, 2831, 1021096697, 3086, 1022037318, 2844, 1021063476, 3095, 1021114574, 2829, 1021970336, 3098, 1038757699, 2845, 1022021199, 3084, 1021103771, 3082, 1038775314, 3091, 1038342367, 2846, 1021984027, 2847, 1021142183, 3099, 1038340979, 3093, 1022030404, 2578, 1038779993, 2570, 1038775273, 3100, 1021060739, 2587, 1038333942, 2580, 1021045739, 3083, 1038341869, 3101, 1022017649, 2572, 1021109462, 3085, 1021966635, 3102, 1021987704, 3094, 1022017052, 2588, 1021066857, 2582, 1022009318, 2583, 1021108850, 2581, 1022037980, 2573, 1021974387, 2589, 1022025090, 2574, 1022029787, 2590, 1021980002, 2575, 1021093446, 2591, 1021138966, 3103, 1021144778, 3087, 1021099331, 3092, 1021039881]
[INFO] (lattice_cell.c: 455): on tick 38 of 50
[INFO] (lattice_cell.c: 172): the unmatched_packets is 56
[2824, 1037891043, 2576, 1037896719, 2568, 1037891077, 2840, 1037873279, 3088, 1037896748, 3096, 1037873278, 3080, 1037891022, 2584, 1037873298, 2825, 1038306116, 2577, 1038311683, 2841, 1038308384, 2569, 1038309833, 2585, 1038312122, 3097, 1038305157, 3081, 1038302921, 3089, 1038304768, 2826, 1038773110, 2578, 1038767047, 2570, 1038773076, 2586, 1038791026, 3090, 1038767062, 2842, 1038791067, 3098, 1038791109, 3082, 1038773154, 2827, 1038332788, 2579, 1038328940, 2571, 1038329085, 2843, 1038328786, 3091, 1038335839, 3099, 1038332000, 3083, 1038335966, 2828, 1021076110, 2587, 1038325067, 2580, 1021088228, 2573, 1022015021, 2830, 1022003580, 3084, 1021073086, 2831, 1021131952, 3100, 1021144371, 2846, 1022006747, 2847, 1021132592, 3093, 1021997761, 2583, 1021098362, 3102, 1022010328, 3086, 1022007087, 3087, 1021134966, 3101, 1021937817, 3103, 1021135592, 2844, 1021147445, 2829, 1022011003, 2845, 1021941350, 3092, 1021081541, 3085, 1022007550, 3095, 1021104884, 3094, 1022033259, 2572, 1021079643, 2588, 1021151043, 2581, 1022005159, 2574, 1021999511, 2589, 1021945402, 2582, 1022025679, 2575, 1021128434, 2590, 1022002606, 2591, 1021129104]
[INFO] (lattice_cell.c: 455): on tick 39 of 50
[INFO] (lattice_cell.c: 172): the unmatched_packets is 56
[2824, 1037879398, 2576, 1037880394, 2568, 1037879391, 2840, 1037871893, 3088, 1037880333, 2584, 1037871925, 3096, 1037871864, 2825, 1038312984, 2577, 1038319542, 2569, 1038316684, 3097, 1038312568, 2826, 1038774861, 3081, 1038309822, 3080, 1037879408, 2842, 1038783035, 3090, 1038773521, 2827, 1038339159, 3098, 1038783077, 2578, 1038773469, 2570, 1038774863, 2828, 1021086480, 2571, 1038335459, 2587, 1038332704, 3099, 1038339648, 3091, 1038344011, 2574, 1021982796, 3102, 1022030654, 2831, 1021142686, 3085, 1021989376, 3094, 1022004068, 3103, 1021105248, 2847, 1021102632, 3095, 1021119376, 3082, 1038774861, 3092, 1021117184, 2585, 1038319497, 2841, 1038315775, 3101, 1021995599, 3089, 1038312674, 2843, 1038336435, 2829, 1021993016, 2844, 1021081309, 3084, 1021083753, 3100, 1021078644, 3093, 1021950353, 2579, 1038337108, 3083, 1038342332, 2586, 1038782983, 2830, 1021986947, 2845, 1021999376, 3087, 1021145329, 3086, 1021990700, 2580, 1021123177, 2572, 1021089869, 2846, 1022026841, 2581, 1021958252, 2573, 1021997041, 2588, 1021084620, 2582, 1021996245, 2589, 1022003516, 2583, 1021113322, 2575, 1021139426, 2590, 1022022633, 2591, 1021099353]
[INFO] (lattice_cell.c: 455): on tick 40 of 50
[INFO] (lattice_cell.c: 172): the unmatched_packets is 56
[2824, 1037876909, 2576, 1037878366, 2568, 1037876904, 3088, 1037878278, 2584, 1037896182, 3096, 1037896096, 2840, 1037896136, 3080, 1037876920, 2825, 1038307262, 2577, 1038312363, 2569, 1038311007, 2841, 1038307825, 2585, 1038311612, 3089, 1038305335, 3097, 1038304540, 3081, 1038304026, 2826, 1038787827, 2578, 1038786205, 3090, 1038786344, 2570, 1038787825, 3098, 1038767715, 2829, 1021971079, 3091, 1038336574, 2573, 1021975046, 2830, 1022030356, 2589, 1022026619, 3092, 1021088125, 3100, 1021065744, 2831, 1021113182, 2846, 1022018649, 2590, 1022014727, 2847, 1021110816, 2591, 1021107339, 2842, 1038767647, 2827, 1038330423, 3086, 1022033747, 2828, 1021112722, 3084, 1021109822, 2843, 1038331978, 3093, 1021987820, 3085, 1021967659, 3094, 1022003014, 3102, 1022022027, 2844, 1021068771, 2586, 1038767563, 2571, 1038326672, 2579, 1038329580, 2845, 1022022789, 3083, 1038333653, 2587, 1038328221, 2572, 1021116115, 2580, 1021094456, 2588, 1021072317, 2581, 1021995148, 3099, 1038335237, 2582, 1021995591, 2574, 1022026392, 3087, 1021116084, 3101, 1022019486, 3082, 1038787825, 2583, 1021124857, 2575, 1021109789, 3095, 1021131174, 3103, 1021113814]
[INFO] (lattice_cell.c: 455): on tick 41 of 50
[INFO] (lattice_cell.c: 172): the unmatched_packets is 56
[2824, 1037880048, 2576, 1037881536, 2568, 1037880071, 2584, 1037884870, 3088, 1037881546, 3096, 1037884873, 3080, 1037880047, 2840, 1037884871, 2825, 1038313258, 2577, 1038318339, 2569, 1038316900, 2841, 1038315140, 3089, 1038311560, 2585, 1038318798, 3097, 1038311998, 2826, 1038774419, 2842, 1038768718, 2570, 1038774393, 2578, 1038772943, 3081, 1038310143, 2586, 1038768694, 2827, 1038338187, 3098, 1038768740, 2571, 1038334546, 2828, 1021085076, 2579, 1038334476, 3082, 1038774428, 3091, 1038341268, 2572, 1021088436, 2830, 1022031128, 2846, 1022003077, 2847, 1021133048, 3100, 1021107837, 2590, 1021998733, 2843, 1038334791, 3086, 1022034952, 3084, 1021082350, 3099, 1038337958, 3083, 1038341300, 3092, 1021063220, 2844, 1021110710, 3101, 1021967639, 3103, 1021135741, 2829, 1021994797, 2845, 1021971461, 2831, 1021102496, 2587, 1038331126, 2580, 1021069518, 3087, 1021105243, 3085, 1021990934, 2588, 1021114226, 2581, 1022016492, 2573, 1021999016, 3090, 1038772954, 2589, 1021975651, 2582, 1022003327, 2574, 1022026923, 2583, 1021118188, 2575, 1021099079, 2591, 1021129754, 3094, 1022011597, 3093, 1022008610, 3102, 1022007047, 3095, 1021124158]
[INFO] (lattice_cell.c: 455): on tick 42 of 50
[INFO] (lattice_cell.c: 172): the unmatched_packets is 56
[2824, 1037892981, 2576, 1037886850, 2840, 1037870675, 2568, 1037893019, 3088, 1037886806, 3096, 1037870618, 2584, 1037870769, 3080, 1037892948, 2842, 1038794105, 3089, 1038305527, 2827, 1038333890, 2586, 1038793985, 2829, 1022008634, 3091, 1038338368, 3099, 1038335260, 2574, 1022002282, 2583, 1021104003, 3094, 1022016628, 2846, 1021994081, 2591, 1021129339, 2831, 1021125638, 2847, 1021132764, 3092, 1021099415, 2825, 1038304723, 3084, 1021081126, 2841, 1038308799, 2826, 1038770919, 3095, 1021110319, 3087, 1021128489, 3081, 1038301460, 3090, 1038777269, 3098, 1038794195, 2843, 1038331977, 3082, 1038770973, 2828, 1021083963, 3093, 1021976917, 2844, 1021110195, 2845, 1021977152, 2830, 1022006063, 3083, 1038337139, 3100, 1021107339, 3101, 1021973849, 2569, 1038308533, 2585, 1038312635, 2577, 1038312599, 3097, 1038305491, 2578, 1038777187, 2570, 1038770870, 2579, 1038331308, 2571, 1038330091, 2587, 1038328166, 2580, 1021105651, 2572, 1021087312, 2588, 1021113553, 2581, 1021983961, 2573, 1022012408, 3086, 1022009351, 2589, 1021980981, 2590, 1021990274, 2582, 1022009588, 3103, 1021135730, 3102, 1021997385, 2575, 1021122288, 3085, 1022005384]
[INFO] (lattice_cell.c: 455): on tick 43 of 50
[INFO] (lattice_cell.c: 172): the unmatched_packets is 56
[2824, 1037882207, 2576, 1037880942, 2840, 1037887698, 2568, 1037882195, 2584, 1037887704, 3088, 1037880941, 3096, 1037887704, 3080, 1037882231, 2825, 1038312770, 2577, 1038320800, 2569, 1038316361, 3089, 1038314108, 3097, 1038312000, 2841, 1038315126, 3081, 1038309690, 2585, 1038318760, 2826, 1038771802, 2578, 1038773104, 2570, 1038771800, 2842, 1038766414, 3090, 1038773130, 3098, 1038766458, 3082, 1038771793, 2586, 1038766380, 2843, 1038336960, 2579, 1038334006, 2571, 1038332899, 3091, 1038340732, 2573, 1021988486, 2582, 1022018706, 3084, 1021093569, 3101, 1022002694, 3094, 1022027054, 3103, 1021085834, 2847, 1021083180, 3085, 1021980385, 3102, 1022049235, 3087, 1021144433, 3100, 1021074155, 3093, 1021962136, 3095, 1021109900, 2827, 1038336504, 2828, 1021096424, 2829, 1021984219, 2844, 1021077081, 3099, 1038340079, 2830, 1021998202, 3083, 1038339587, 2845, 1022006550, 2831, 1021141704, 2587, 1038333329, 3092, 1021100057, 2580, 1021106426, 2572, 1021099992, 2846, 1022045169, 3086, 1022002132, 2581, 1021970383, 2588, 1021080666, 2574, 1021993807, 2589, 1022010820, 2583, 1021103783, 2590, 1022040669, 2575, 1021138340, 2591, 1021079900]
[INFO] (lattice_cell.c: 455): on tick 44 of 50
[INFO] (lattice_cell.c: 172): the unmatched_packets is 56
[2824, 1037874351, 2576, 1037875497, 2568, 1037874370, 2840, 1037876790, 3088, 1037875333, 3096, 1037876728, 3080, 1037874345, 2825, 1038307703, 2577, 1038312578, 2569, 1038311522, 2841, 1038306401, 2842, 1038787600, 2827, 1038333752, 2570, 1038790530, 3081, 1038304415, 2845, 1022014530, 2590, 1021964880, 2831, 1021123132, 2583, 1021142133, 2575, 1021119800, 2847, 1021175566, 2826, 1038790553, 2843, 1038327915, 3102, 1021971867, 3086, 1022010458, 2828, 1021106273, 2844, 1021082047, 2829, 1021974800, 3092, 1021075712, 2830, 1022007261, 3103, 1021178439, 3084, 1021103539, 3101, 1022011361, 3095, 1021148346, 2846, 1021968611, 3090, 1038789432, 2584, 1037876854, 2585, 1038310250, 3097, 1038303066, 2578, 1038789278, 2586, 1038787526, 2579, 1038329248, 2571, 1038329941, 3089, 1038305425, 2587, 1038324077, 2572, 1021109514, 2588, 1021085376, 2580, 1021081674, 3094, 1021987116, 2573, 1021978550, 3098, 1038787660, 3099, 1038331222, 2581, 1022006410, 3085, 1021971605, 3100, 1021079256, 2589, 1022018192, 2574, 1022003540, 2582, 1021980185, 2591, 1021172201, 3087, 1021125936, 3083, 1038337029, 3093, 1021999505, 3082, 1038790561, 3091, 1038336348]
[INFO] (lattice_cell.c: 455): on tick 45 of 50
[INFO] (lattice_cell.c: 172): the unmatched_packets is 56
[2824, 1037883839, 2576, 1037897481, 2840, 1037906321, 3088, 1037897487, 2568, 1037883841, 2825, 1038311310, 3096, 1037906295, 2826, 1038770468, 2578, 1038756042, 2586, 1038746510, 3097, 1038312158, 3090, 1038756109, 3098, 1038746657, 2572, 1021096008, 2588, 1021129517, 3082, 1038770484, 2829, 1021995128, 2830, 1022045867, 2590, 1022084385, 3086, 1022049810, 2846, 1022088805, 2831, 1021086590, 2847, 1021028782, 3103, 1021031649, 3100, 1021122763, 3081, 1038308247, 3099, 1038342658, 3084, 1021089681, 2841, 1038315246, 3093, 1021990905, 2842, 1038746588, 3101, 1021953881, 2827, 1038338601, 3091, 1038345193, 3095, 1021072439, 3089, 1038311340, 2843, 1038339565, 2828, 1021092529, 2584, 1037906347, 2844, 1021125838, 2569, 1038314881, 2577, 1038317985, 2585, 1038318839, 2845, 1021957807, 2570, 1038770450, 3085, 1021991178, 2580, 1021089436, 3102, 1022092763, 2579, 1038338538, 2571, 1038335022, 2587, 1038335965, 3080, 1037883852, 2581, 1021999081, 2589, 1021962141, 2573, 1021999534, 3083, 1038341664, 3092, 1021082807, 2582, 1022039335, 3094, 1022047856, 2574, 1022041457, 3087, 1021089379, 2583, 1021066313, 2575, 1021083170, 2591, 1021025300]
[INFO] (lattice_cell.c: 455): on tick 46 of 50
[INFO] (lattice_cell.c: 172): the unmatched_packets is 56
[2824, 1037876583, 2576, 1037862295, 2840, 1037846861, 2568, 1037876620, 2584, 1037846911, 3088, 1037862275, 3080, 1037876545, 3096, 1037846821, 2825, 1038307010, 2577, 1038314259, 2578, 1038802640, 2842, 1038818674, 2586, 1038818611, 3089, 1038307124, 2844, 1021087833, 2829, 1022006681, 2588, 1021090996, 2583, 1021199926, 2575, 1021161594, 2846, 1021888806, 2831, 1021164865, 2847, 1021248791, 3091, 1038333437, 3083, 1038333114, 3085, 1022003476, 3094, 1021939706, 2841, 1038308974, 2826, 1038787955, 3087, 1021167605, 3099, 1038332380, 3090, 1038802650, 2827, 1038329827, 2843, 1038329055, 2828, 1021076258, 3084, 1021073536, 3093, 1021985297, 3086, 1021986251, 3095, 1021205830, 3103, 1021251435, 3082, 1038787988, 2845, 1021997236, 2830, 1021983052, 3097, 1038305626, 2569, 1038310839, 3098, 1038818707, 2585, 1038312839, 2570, 1038787921, 2579, 1038326296, 2571, 1038326000, 2587, 1038325195, 2580, 1021089286, 2572, 1021079508, 2581, 1021992148, 3100, 1021085145, 3102, 1021892228, 3101, 1021994017, 2573, 1022010315, 3081, 1038303739, 2589, 1022000932, 2582, 1021932701, 2590, 1021884924, 2574, 1021979403, 2591, 1021245663, 3092, 1021083338]
[INFO] (lattice_cell.c: 455): on tick 47 of 50
[INFO] (lattice_cell.c: 172): the unmatched_packets is 56
[2824, 1037910010, 2576, 1037908205, 2840, 1037903280, 2568, 1037910035, 3088, 1037908119, 3096, 1037903220, 3080, 1037910005, 2584, 1037903353, 2825, 1038314179, 2577, 1038318633, 2841, 1038313353, 2569, 1038317745, 2585, 1038316941, 3089, 1038311983, 3097, 1038310266, 3081, 1038311118, 2826, 1038742997, 2578, 1038745127, 2842, 1038750527, 2570, 1038742954, 3090, 1038745276, 2827, 1038341621, 2843, 1038336446, 2579, 1038337136, 2586, 1038750400, 3098, 1038750641, 2571, 1038338079, 2587, 1038332862, 2830, 1022063185, 3092, 1021110430, 2846, 1022139085, 3084, 1021087542, 2831, 1021057373, 3101, 1022002848, 2847, 1020992804, 2583, 1020990093, 3086, 1022067086, 2575, 1021053858, 3103, 1020995773, 3087, 1021060265, 3094, 1022129350, 3082, 1038743031, 3099, 1038339541, 3093, 1021961511, 3102, 1022142886, 3085, 1021981771, 2828, 1021090487, 2844, 1021085127, 3083, 1038344664, 2829, 1021985613, 2845, 1022006699, 2572, 1021094107, 3091, 1038343763, 2580, 1021117026, 3100, 1021082035, 3095, 1020996741, 2588, 1021088838, 2573, 1021989934, 2581, 1021969729, 2589, 1022011007, 2574, 1022058779, 2582, 1022121240, 2590, 1022134790, 2591, 1020989175]
[INFO] (lattice_cell.c: 455): on tick 48 of 50
[INFO] (lattice_cell.c: 172): the unmatched_packets is 56
[2824, 1037842437, 2576, 1037852882, 2840, 1037882749, 2568, 1037842409, 2584, 1037882774, 3088, 1037852854, 3096, 1037882712, 3080, 1037842458, 2825, 1038302529, 2577, 1038311248, 2569, 1038306353, 2841, 1038309089, 3097, 1038305750, 2585, 1038312955, 2826, 1038823231, 3081, 1038299256, 2842, 1038780962, 2578, 1038812253, 2570, 1038823263, 2587, 1038327438, 3099, 1038334578, 2846, 1021936715, 3092, 1021086410, 2831, 1021232679, 2575, 1021229636, 3084, 1021126338, 2847, 1021192676, 3102, 1021940262, 2591, 1021189646, 3091, 1038336855, 3100, 1021090623, 2827, 1038330640, 2580, 1021092193, 2843, 1038331278, 2572, 1021132134, 2828, 1021128977, 2586, 1038780914, 2844, 1021093340, 2579, 1038329724, 2829, 1021970942, 2571, 1038326808, 2845, 1021993067, 2583, 1021237731, 2830, 1021909245, 3090, 1038812273, 2581, 1022000148, 3101, 1021989859, 2588, 1021096616, 3085, 1021967689, 3103, 1021195234, 2573, 1021974649, 3094, 1021888905, 3086, 1021912617, 2582, 1021881493, 3089, 1038304119, 2589, 1021996711, 2574, 1021905440, 2590, 1021932729, 3098, 1038780995, 3082, 1038823202, 3083, 1038333929, 3093, 1021993173, 3095, 1021243218, 3087, 1021235187]
[INFO] (lattice_cell.c: 455): on tick 49 of 50
[INFO] (lattice_cell.c: 172): the unmatched_packets is 56
[2824, 1037920639, 2576, 1037902685, 2840, 1037875873, 2568, 1037920693, 2584, 1037875907, 3088, 1037902561, 3096, 1037875838, 3080, 1037920595, 2825, 1038317068, 2841, 1038315876, 2569, 1038320618, 2577, 1038322644, 2585, 1038319468, 2826, 1038732861, 3097, 1038312782, 2578, 1038751134, 3081, 1038314034, 2570, 1038732792, 3090, 1038751310, 3098, 1038778410, 2571, 1038334786, 3082, 1038732914, 2587, 1038332283, 3091, 1038341774, 3099, 1038338995, 2573, 1022030493, 2845, 1021988956, 2830, 1022139061, 2583, 1021031316, 3102, 1022016768, 2831, 1020996176, 2842, 1038778337, 3083, 1038341384, 3092, 1021042531, 2827, 1038338338, 3100, 1021087472, 2843, 1038335882, 2828, 1021039285, 3101, 1021985164, 2844, 1021090582, 2829, 1022026170, 3103, 1021122173, 3084, 1021036260, 3093, 1022012623, 2846, 1022013014, 3089, 1038316019, 2847, 1021119176, 2586, 1038778266, 2579, 1038335124, 2580, 1021049285, 2572, 1021042918, 2588, 1021094306, 2581, 1022020652, 2589, 1021993248, 2582, 1022089376, 2574, 1022134908, 2591, 1021115558, 2590, 1022008729, 3085, 1022022345, 3094, 1022097235, 2575, 1020992422, 3086, 1022142729, 3095, 1021038107, 3087, 1020999311]
[INFO] (lattice_cell.c: 455): on tick 50 of 50
[INFO] (lattice_cell.c: 466): updating recording regions
[INFO] (recording.c: 507): 	Finalising channel 0 - state info stored in SDRAM
[INFO] (recording.c: 512): closed channel 0.
[INFO] (lattice_cell.c: 470): Simulation complete.

