[INFO] (lattice_cell.c: 604): starting lattice cell
[INFO] (lattice_cell.c: 526): Initialise: started
[INFO] (data_specification.c: 78): magic = ad130ad6, version = 1.0
[INFO] (lattice_cell.c: 555): my key is 3608
[INFO] (lattice_cell.c: 562): I'm in position ( 14, 3)
[INFO] (lattice_cell.c: 568): my n key is 3352
[INFO] (lattice_cell.c: 574): my U_X = -0.009998303838074207
[INFO] (lattice_cell.c: 575): my U_Y = -0.0004619397805072367
[INFO] (lattice_cell.c: 583): input_buffer initialised
[INFO] (recording.c: 563): Recording 1 regions, using output tag 0, size before trigger 7686388, time between triggers 50
[INFO] (recording.c: 665): Recording channel 0 configured to use 7686132 byte memory block starting at 0x610eced4
[INFO] (lattice_cell.c: 588): Recording flags = 0x00000001
[INFO] (lattice_cell.c: 619): setting timer to execute every 200000 microseconds
[INFO] (lattice_cell.c: 627): Starting

[INFO] (simulation.c: 159): Setting the runtime of this model to 50 starting at 0
[INFO] (simulation.c: 161): Setting the flag of infinite run for this model to 0
[INFO] (simulation.c: 175): Resuming
[INFO] (lattice_cell.c: 455): on tick 0 of 50
[3344, 1037884809, 3872, 1037885270, 3600, 1037884807, 3864, 1037884871, 3616, 1037885268, 3352, 1037884871, 3360, 1037885270, 3856, 1037884809, 3345, 1038300202, 3873, 1038296878, 3601, 1038298139, 3617, 1038298147, 3865, 1038296874, 3857, 1038296872, 3353, 1038300204, 3361, 1038300210, 3603, 1038339473, 3619, 1038339481, 3354, 1038779503, 3859, 1038340752, 3363, 1038337410, 3606, 1022024287, 3359, 1021125162, 3607, 1021127047, 3879, 1021128711, 3875, 1038340758, 3867, 1038340752, 3877, 1021978627, 3860, 1021087000, 3878, 1022025135, 3861, 1021979132, 3602, 1038779569, 3868, 1021087061, 3874, 1038779066, 3618, 1038779064, 3870, 1022025577, 3862, 1022025642, 3346, 1038779571, 3869, 1021979066, 3863, 1021128250, 3362, 1038779066, 3347, 1038337402, 3355, 1038337402, 3604, 1021088191, 3620, 1021088652, 3871, 1021128312, 3858, 1038779571, 3876, 1021087459, 3356, 1021090191, 3364, 1021090592, 3348, 1021090131, 3605, 1021980475, 3621, 1021979972, 3357, 1021982596, 3365, 1021982161, 3349, 1021982664, 3622, 1022023782, 3623, 1021127510, 3866, 1038779505, 3358, 1022022027, 3366, 1022021588, 3350, 1022022093, 3367, 1021125563, 3351, 1021125100]
[INFO] (lattice_cell.c: 455): on tick 1 of 50
[INFO] (lattice_cell.c: 172): the unmatched_packets is 56
[3872, 1037881101, 3864, 1037880049, 3344, 1037879879, 3616, 1037881091, 3856, 1037879891, 3360, 1037881093, 3352, 1037880043, 3600, 1037879881, 3873, 1038305541, 3865, 1038305539, 3345, 1038308769, 3617, 1038306766, 3601, 1038306760, 3361, 1038308777, 3346, 1038774611, 3362, 1038773354, 3602, 1038774613, 3874, 1038773356, 3354, 1038774443, 3866, 1038774445, 3347, 1038345684, 3356, 1021081824, 3621, 1021976580, 3365, 1021979430, 3359, 1021123503, 3351, 1021123679, 3623, 1021123677, 3607, 1021125020, 3858, 1038774615, 3875, 1038348866, 3857, 1038305539, 3859, 1038348924, 3867, 1038348912, 3363, 1038345630, 3355, 1038345678, 3353, 1038308771, 3348, 1021081610, 3860, 1021079790, 3364, 1021083212, 3618, 1038773354, 3868, 1021080007, 3349, 1021981109, 3357, 1021980887, 3366, 1022015229, 3877, 1021974473, 3358, 1022013926, 3350, 1022013722, 3367, 1021122342, 3861, 1021976152, 3869, 1021975932, 3879, 1021124164, 3862, 1022018699, 3870, 1022018895, 3619, 1038347643, 3603, 1038347697, 3863, 1021125510, 3871, 1021125328, 3620, 1021081865, 3604, 1021080269, 3876, 1021081391, 3878, 1022020204, 3605, 1021978269, 3622, 1022018083, 3606, 1022016574]
[INFO] (lattice_cell.c: 455): on tick 2 of 50
[INFO] (lattice_cell.c: 172): the unmatched_packets is 56
[3872, 1037882678, 3864, 1037884825, 3344, 1037885171, 3616, 1037882680, 3600, 1037885167, 3856, 1037885169, 3360, 1037882682, 3352, 1037884831, 3873, 1038297062, 3865, 1038297050, 3345, 1038300425, 3617, 1038298350, 3601, 1038298338, 3857, 1038297054, 3353, 1038300429, 3361, 1038300435, 3874, 1038782611, 3866, 1038780426, 3346, 1038780083, 3362, 1038782609, 3347, 1038338096, 3363, 1038338339, 3876, 1021086355, 3861, 1021980182, 3357, 1021983793, 3606, 1022024031, 3359, 1021126437, 3623, 1021134464, 3607, 1021127292, 3875, 1038341721, 3859, 1038341480, 3868, 1021087617, 3858, 1038780081, 3860, 1021087827, 3869, 1021980405, 3877, 1021981770, 3618, 1038782613, 3878, 1022017020, 3870, 1022024183, 3862, 1022025313, 3602, 1038780081, 3619, 1038340436, 3354, 1038780430, 3603, 1038340193, 3867, 1038341510, 3355, 1038338132, 3348, 1021090746, 3620, 1021087446, 3604, 1021088914, 3364, 1021089274, 3356, 1021090541, 3879, 1021135562, 3871, 1021129363, 3621, 1021983055, 3863, 1021128397, 3605, 1021981472, 3365, 1021985160, 3349, 1021983576, 3622, 1022015728, 3366, 1022013611, 3350, 1022021917, 3358, 1022020781, 3367, 1021132629, 3351, 1021125457]
[INFO] (lattice_cell.c: 455): on tick 3 of 50
[INFO] (lattice_cell.c: 172): the unmatched_packets is 56
[3872, 1037893706, 3344, 1037880295, 3864, 1037882351, 3616, 1037893706, 3856, 1037880295, 3352, 1037882343, 3360, 1037893702, 3873, 1038306049, 3865, 1038305847, 3345, 1038308942, 3601, 1038306987, 3361, 1038309184, 3353, 1038308976, 3874, 1038760302, 3602, 1038774303, 3346, 1038774305, 3347, 1038345554, 3860, 1021079753, 3622, 1022053210, 3358, 1022020688, 3607, 1021124598, 3862, 1022020353, 3863, 1021125151, 3600, 1037880295, 3617, 1038307225, 3875, 1038347449, 3857, 1038305807, 3867, 1038348478, 3858, 1038774303, 3866, 1038772162, 3859, 1038348696, 3876, 1021091071, 3877, 1021963740, 3861, 1021975271, 3878, 1022055328, 3362, 1038760306, 3354, 1038772158, 3879, 1021094866, 3618, 1038760300, 3871, 1021120667, 3363, 1038344296, 3355, 1038345334, 3868, 1021081528, 3348, 1021081751, 3364, 1021093082, 3356, 1021083513, 3349, 1021980269, 3365, 1021968738, 3603, 1038347517, 3357, 1021978458, 3619, 1038346257, 3870, 1022025698, 3350, 1022015352, 3366, 1022050336, 3604, 1021080311, 3367, 1021092897, 3351, 1021123158, 3620, 1021091640, 3359, 1021118667, 3605, 1021977381, 3621, 1021965858, 3869, 1021973470, 3606, 1022018246, 3623, 1021094312]
[INFO] (lattice_cell.c: 455): on tick 4 of 50
[INFO] (lattice_cell.c: 172): the unmatched_packets is 56
[3344, 1037883471, 3872, 1037850499, 3864, 1037875169, 3856, 1037883469, 3600, 1037883465, 3360, 1037850515, 3352, 1037875181, 3873, 1038296674, 3616, 1037850503, 3865, 1038296766, 3857, 1038296820, 3345, 1038300221, 3601, 1038298116, 3346, 1038781839, 3604, 1021087702, 3348, 1021089386, 3878, 1021920833, 3359, 1021148596, 3863, 1021131846, 3866, 1038790412, 3874, 1038815749, 3858, 1038781841, 3875, 1038343061, 3859, 1038341973, 3876, 1021065452, 3868, 1021080265, 3869, 1021988989, 3870, 1021996820, 3879, 1021225165, 3617, 1038297968, 3361, 1038300077, 3353, 1038300169, 3362, 1038815743, 3354, 1038790410, 3347, 1038338549, 3363, 1038339705, 3602, 1038781839, 3618, 1038815747, 3355, 1038339450, 3860, 1021086734, 3877, 1022004553, 3364, 1021068105, 3356, 1021082926, 3861, 1021982233, 3365, 1022007887, 3603, 1038340666, 3619, 1038341792, 3349, 1021985577, 3357, 1021992336, 3867, 1038342847, 3366, 1021917395, 3871, 1021151290, 3350, 1022016662, 3358, 1021993460, 3620, 1021066412, 3367, 1021222371, 3351, 1021129165, 3605, 1021983501, 3621, 1022005813, 3606, 1022018731, 3622, 1021919510, 3607, 1021130872, 3623, 1021224130, 3862, 1022020009]
[INFO] (lattice_cell.c: 455): on tick 5 of 50
[INFO] (lattice_cell.c: 172): the unmatched_packets is 56
[3872, 1037924514, 3864, 1037908975, 3344, 1037887658, 3616, 1037924498, 3600, 1037887658, 3360, 1037924478, 3352, 1037908962, 3856, 1037887656, 3873, 1038307002, 3865, 1038306421, 3345, 1038309118, 3617, 1038308144, 3361, 1038310065, 3353, 1038309466, 3601, 1038307211, 3866, 1038744539, 3874, 1038728536, 3346, 1038766663, 3618, 1038728542, 3602, 1038766665, 3362, 1038728552, 3354, 1038744543, 3619, 1038347272, 3347, 1038344382, 3867, 1038347150, 3875, 1038348475, 3348, 1021087648, 3876, 1021097916, 3622, 1022186998, 3606, 1022039717, 3351, 1021106665, 3879, 1020956954, 3858, 1038766667, 3363, 1038345303, 3355, 1038344040, 3356, 1021102075, 3859, 1038347447, 3364, 1021100135, 3349, 1021973503, 3357, 1021958914, 3365, 1021962191, 3366, 1022184202, 3868, 1021099855, 3350, 1022036866, 3358, 1022098974, 3367, 1020955031, 3860, 1021085430, 3869, 1021953970, 3861, 1021968551, 3878, 1022188997, 3870, 1022103821, 3359, 1021045881, 3863, 1021108857, 3857, 1038306073, 3603, 1038346301, 3620, 1021098578, 3604, 1021086112, 3621, 1021959312, 3605, 1021970641, 3877, 1021957218, 3623, 1020956444, 3607, 1021108187, 3862, 1022041796, 3871, 1021047985]
[INFO] (lattice_cell.c: 455): on tick 6 of 50
[INFO] (lattice_cell.c: 172): the unmatched_packets is 56
[3872, 1037865086, 3864, 1037841521, 3344, 1037861648, 3616, 1037865106, 3600, 1037861650, 3856, 1037861654, 3352, 1037841540, 3360, 1037865128, 3873, 1038296904, 3865, 1038296283, 3345, 1038299857, 3617, 1038298200, 3601, 1038297740, 3857, 1038296436, 3361, 1038300305, 3353, 1038299699, 3346, 1038804408, 3618, 1038799729, 3602, 1038804400, 3362, 1038799719, 3347, 1038339703, 3603, 1038341798, 3356, 1021069853, 3605, 1022000032, 3622, 1021868101, 3606, 1021955715, 3359, 1021279148, 3351, 1021187493, 3878, 1021869530, 3354, 1038824889, 3862, 1021957062, 3866, 1038824895, 3867, 1038341444, 3859, 1038343075, 3363, 1038339225, 3860, 1021071417, 3355, 1038338142, 3348, 1021073784, 3877, 1021976931, 3364, 1021095249, 3869, 1022002603, 3861, 1021998731, 3349, 1022002099, 3365, 1021980260, 3870, 1021870354, 3357, 1022005960, 3879, 1021275788, 3874, 1038799727, 3871, 1021281788, 3619, 1038341272, 3366, 1021865939, 3358, 1021866782, 3350, 1021953588, 3620, 1021093707, 3604, 1021072233, 3367, 1021272989, 3875, 1038342489, 3876, 1021092893, 3621, 1021978207, 3623, 1021274753, 3607, 1021189091, 3858, 1038804402, 3863, 1021189974, 3868, 1021067488]
[INFO] (lattice_cell.c: 455): on tick 7 of 50
[INFO] (lattice_cell.c: 172): the unmatched_packets is 56
[3872, 1037873314, 3344, 1037920992, 3864, 1037909488, 3616, 1037873288, 3856, 1037920996, 3360, 1037873260, 3352, 1037909452, 3600, 1037920992, 3873, 1038306767, 3345, 1038309622, 3865, 1038306844, 3617, 1038307894, 3601, 1038307750, 3857, 1038306645, 3361, 1038309791, 3353, 1038309835, 3346, 1038732277, 3618, 1038781609, 3362, 1038781611, 3354, 1038744549, 3874, 1038781621, 3866, 1038744535, 3347, 1038345736, 3619, 1038346537, 3858, 1038732269, 3603, 1038347677, 3363, 1038344571, 3348, 1021103828, 3621, 1021982898, 3606, 1022153948, 3367, 1021077026, 3351, 1020987696, 3861, 1021952150, 3870, 1022188984, 3863, 1020989906, 3875, 1038347736, 3867, 1038347000, 3859, 1038348850, 3876, 1021074406, 3868, 1021082631, 3355, 1038343833, 3364, 1021076894, 3356, 1021085073, 3869, 1021972299, 3349, 1021956968, 3878, 1022068069, 3365, 1021985744, 3357, 1021977156, 3366, 1022063490, 3350, 1022151244, 3358, 1022184424, 3879, 1021079041, 3359, 1020961897, 3862, 1022155821, 3871, 1020963936, 3602, 1038732271, 3620, 1021075213, 3604, 1021102177, 3605, 1021954156, 3622, 1022066201, 3877, 1021980862, 3860, 1021101381, 3623, 1021078471, 3607, 1020989245]
[INFO] (lattice_cell.c: 455): on tick 8 of 50
[INFO] (lattice_cell.c: 172): the unmatched_packets is 56
[3872, 1037890197, 3344, 1037848574, 3864, 1037886434, 3616, 1037890207, 3600, 1037848566, 3856, 1037848564, 3360, 1037890222, 3352, 1037886460, 3873, 1038297735, 3345, 1038299785, 3865, 1038296960, 3617, 1038299017, 3601, 1038297667, 3857, 1038296375, 3361, 1038301124, 3353, 1038300349, 3346, 1038817328, 3618, 1038774554, 3602, 1038817334, 3866, 1038777879, 3362, 1038774568, 3354, 1038777881, 3347, 1038339970, 3356, 1021099516, 3621, 1021988844, 3359, 1021202246, 3870, 1021943477, 3862, 1021850785, 3871, 1021204778, 3863, 1021294049, 3858, 1038817340, 3859, 1038343207, 3876, 1021085108, 3868, 1021097453, 3877, 1021987497, 3869, 1021972643, 3861, 1021988807, 3363, 1038337970, 3355, 1038338839, 3348, 1021082207, 3364, 1021087149, 3349, 1021992258, 3365, 1021990941, 3879, 1021105636, 3357, 1021976073, 3366, 1022040088, 3358, 1021939708, 3874, 1038774542, 3350, 1021846991, 3867, 1038342082, 3367, 1021103149, 3619, 1038340027, 3351, 1021291571, 3603, 1038342008, 3875, 1038341244, 3860, 1021080144, 3620, 1021085760, 3604, 1021080801, 3878, 1022043879, 3605, 1021990160, 3622, 1022042352, 3606, 1021849251, 3623, 1021104754, 3607, 1021293181]
[INFO] (lattice_cell.c: 455): on tick 9 of 50
[INFO] (lattice_cell.c: 172): the unmatched_packets is 56
[3872, 1037886662, 3864, 1037870882, 3344, 1037889347, 3616, 1037886641, 3600, 1037889367, 3856, 1037889375, 3360, 1037886623, 3352, 1037870852, 3873, 1038307212, 3865, 1038306187, 3345, 1038308470, 3617, 1038308321, 3601, 1038306610, 3857, 1038305508, 3602, 1038765528, 3353, 1038309156, 3874, 1038766818, 3346, 1038765532, 3355, 1038344805, 3875, 1038347850, 3621, 1021973616, 3605, 1021992502, 3349, 1021995224, 3868, 1021080124, 3359, 1021137824, 3623, 1021129008, 3607, 1021021339, 3870, 1022007263, 3871, 1021140125, 3361, 1038310195, 3867, 1038347923, 3876, 1021083693, 3354, 1038783752, 3362, 1038766772, 3347, 1038344487, 3860, 1021067564, 3363, 1038344738, 3866, 1038783776, 3877, 1021971693, 3618, 1038766804, 3348, 1021070230, 3858, 1038765522, 3364, 1021086410, 3356, 1021082818, 3869, 1021974402, 3619, 1038346687, 3603, 1038346437, 3878, 1022014503, 3365, 1021976361, 3357, 1021979051, 3862, 1022128944, 3879, 1021129737, 3620, 1021084611, 3604, 1021068465, 3366, 1022010256, 3350, 1022124642, 3358, 1022002944, 3863, 1021022029, 3859, 1038347626, 3367, 1021127405, 3351, 1021019788, 3861, 1021990599, 3622, 1022012794, 3606, 1022127228]
[INFO] (lattice_cell.c: 455): on tick 10 of 50
[INFO] (lattice_cell.c: 172): the unmatched_packets is 56
[3872, 1037884267, 3344, 1037886893, 3864, 1037879369, 3616, 1037884281, 3352, 1037879375, 3360, 1037884283, 3856, 1037886881, 3600, 1037886883, 3873, 1038297887, 3345, 1038301101, 3865, 1038298154, 3617, 1038299170, 3857, 1038297767, 3361, 1038301266, 3346, 1038777902, 3353, 1038301521, 3866, 1038786162, 3354, 1038786196, 3347, 1038338758, 3867, 1038341007, 3859, 1038341968, 3877, 1021976323, 3358, 1022040105, 3351, 1021122098, 3359, 1021106015, 3623, 1021141043, 3607, 1021123553, 3863, 1021124287, 3858, 1038777883, 3355, 1038337771, 3363, 1038338378, 3875, 1038341631, 3362, 1038780300, 3348, 1021117496, 3356, 1021087872, 3349, 1021955846, 3868, 1021086063, 3365, 1021979958, 3860, 1021115658, 3357, 1021985693, 3366, 1022000988, 3350, 1022021356, 3367, 1021139583, 3861, 1021952093, 3878, 1022005044, 3870, 1022044134, 3879, 1021141771, 3601, 1038299019, 3862, 1022025341, 3874, 1038780265, 3871, 1021108146, 3618, 1038780282, 3602, 1038777900, 3619, 1038340422, 3603, 1038340781, 3620, 1021095476, 3604, 1021116214, 3621, 1021977763, 3876, 1021094951, 3605, 1021953602, 3869, 1021982045, 3622, 1022003373, 3606, 1022023708, 3364, 1021096752]
[INFO] (lattice_cell.c: 455): on tick 11 of 50
[INFO] (lattice_cell.c: 172): the unmatched_packets is 56
[3872, 1037876845, 3344, 1037902245, 3616, 1037876827, 3856, 1037902267, 3864, 1037892405, 3600, 1037902253, 3360, 1037876813, 3352, 1037892381, 3617, 1038307598, 3345, 1038310430, 3601, 1038308533, 3873, 1038306496, 3865, 1038306223, 3602, 1038751064, 3603, 1038347914, 3355, 1038344208, 3604, 1021015717, 3605, 1022035615, 3350, 1021970573, 3359, 1021114954, 3351, 1021167085, 3622, 1022014246, 3623, 1021127161, 3879, 1021128019, 3862, 1021974552, 3874, 1038777559, 3858, 1038751076, 3866, 1038761377, 3860, 1021014781, 3877, 1021979464, 3868, 1021060013, 3857, 1038307406, 3361, 1038309461, 3353, 1038309191, 3861, 1022033987, 3878, 1022015819, 3346, 1038751061, 3869, 1021997933, 3354, 1038761349, 3362, 1038777498, 3347, 1038345995, 3875, 1038347382, 3863, 1021169682, 3618, 1038777531, 3363, 1038344281, 3859, 1038349069, 3867, 1038347297, 3348, 1021017521, 3619, 1038346221, 3356, 1021062837, 3364, 1021082971, 3620, 1021081071, 3357, 1022002239, 3365, 1021983866, 3876, 1021080072, 3349, 1022038106, 3358, 1022026931, 3621, 1021981240, 3366, 1022011813, 3367, 1021125438, 3870, 1022030889, 3871, 1021117569, 3606, 1021972979, 3607, 1021168815]
[INFO] (lattice_cell.c: 455): on tick 12 of 50
[INFO] (lattice_cell.c: 172): the unmatched_packets is 56
[3872, 1037878296, 3864, 1037869908, 3344, 1037839537, 3616, 1037878298, 3856, 1037839525, 3360, 1037878290, 3352, 1037869927, 3600, 1037839523, 3873, 1038298907, 3865, 1038296135, 3345, 1038300896, 3857, 1038297714, 3617, 1038300153, 3601, 1038298899, 3361, 1038302224, 3353, 1038299382, 3346, 1038827164, 3618, 1038786670, 3874, 1038786659, 3866, 1038795145, 3362, 1038786690, 3603, 1038340496, 3347, 1038338478, 3859, 1038341689, 3349, 1021854946, 3860, 1021215871, 3357, 1021929371, 3622, 1022033903, 3869, 1021925294, 3606, 1022034976, 3878, 1022035687, 3367, 1021110476, 3351, 1021110555, 3623, 1021111763, 3607, 1021111838, 3879, 1021112328, 3862, 1022036758, 3858, 1038827138, 3875, 1038340878, 3867, 1038341009, 3363, 1038337670, 3355, 1038337804, 3348, 1021217659, 3356, 1021152595, 3364, 1021101687, 3876, 1021100061, 3868, 1021150903, 3602, 1038827156, 3365, 1021974557, 3350, 1022032459, 3358, 1022025100, 3354, 1038795151, 3861, 1021850681, 3366, 1022031366, 3359, 1021120008, 3870, 1022029396, 3871, 1021121867, 3863, 1021112372, 3619, 1038339694, 3877, 1021970609, 3620, 1021100486, 3604, 1021216399, 3621, 1021972227, 3605, 1021852442]
[INFO] (lattice_cell.c: 455): on tick 13 of 50
[INFO] (lattice_cell.c: 172): the unmatched_packets is 56
[3872, 1037899148, 3344, 1037913782, 3864, 1037912675, 3616, 1037899140, 3600, 1037913786, 3856, 1037913800, 3360, 1037899132, 3352, 1037912646, 3873, 1038308945, 3345, 1038308615, 3865, 1038306076, 3617, 1038310080, 3601, 1038306676, 3857, 1038305505, 3361, 1038311974, 3353, 1038309140, 3346, 1038740153, 3618, 1038754066, 3874, 1038754086, 3362, 1038754045, 3866, 1038740564, 3354, 1038740545, 3619, 1038346325, 3603, 1038347530, 3347, 1038345618, 3620, 1021033045, 3357, 1022091317, 3861, 1022144458, 3623, 1021129534, 3607, 1021118535, 3863, 1021119478, 3858, 1038740177, 3363, 1038344399, 3355, 1038344846, 3348, 1020918546, 3356, 1020973623, 3364, 1021034953, 3867, 1038347897, 3349, 1022148105, 3365, 1022023533, 3876, 1021031996, 3868, 1020970768, 3366, 1022009223, 3358, 1021984685, 3860, 1020915814, 3350, 1022023225, 3877, 1022019611, 3869, 1022087593, 3602, 1038740165, 3367, 1021127688, 3351, 1021116693, 3878, 1022012893, 3870, 1021988364, 3879, 1021130534, 3862, 1022026911, 3871, 1021157666, 3604, 1020916746, 3859, 1038348665, 3359, 1021154864, 3621, 1022021150, 3605, 1022145847, 3622, 1022011488, 3606, 1022025485, 3875, 1038347480]
[INFO] (lattice_cell.c: 455): on tick 14 of 50
[INFO] (lattice_cell.c: 172): the unmatched_packets is 56
[3344, 1037879820, 3616, 1037856826, 3872, 1037856824, 3360, 1037856834, 3600, 1037879836, 3864, 1037843249, 3352, 1037843251, 3856, 1037879840, 3345, 1038301438, 3617, 1038300268, 3873, 1038299079, 3361, 1038302279, 3601, 1038299475, 3865, 1038298798, 3857, 1038298331, 3353, 1038301912, 3618, 1038808484, 3346, 1038784509, 3603, 1038340400, 3362, 1038808486, 3620, 1021190748, 3348, 1021197700, 3621, 1021881477, 3350, 1022021034, 3358, 1022034049, 3351, 1021122563, 3607, 1021123710, 3879, 1021111678, 3862, 1022025469, 3871, 1021112357, 3874, 1038808481, 3602, 1038784483, 3866, 1038822799, 3867, 1038340196, 3875, 1038340405, 3868, 1021244035, 3877, 1021879622, 3861, 1021869426, 3878, 1022035856, 3870, 1022038566, 3863, 1021124140, 3354, 1038822828, 3859, 1038341574, 3347, 1038338411, 3619, 1038339224, 3858, 1038784465, 3876, 1021190346, 3363, 1038337206, 3355, 1038337021, 3364, 1021191886, 3604, 1021196488, 3356, 1021245659, 3869, 1021822361, 3365, 1021884079, 3605, 1021871303, 3349, 1021873894, 3357, 1021826912, 3366, 1022031292, 3622, 1022033957, 3606, 1022023615, 3367, 1021110070, 3359, 1021110763, 3623, 1021111261, 3860, 1021196026]
[INFO] (lattice_cell.c: 455): on tick 15 of 50
[INFO] (lattice_cell.c: 172): the unmatched_packets is 56
[3872, 1037917769, 3864, 1037897585, 3344, 1037871181, 3616, 1037917749, 3360, 1037917739, 3856, 1037871175, 3600, 1037871175, 3352, 1037897583, 3873, 1038306602, 3345, 1038309793, 3865, 1038305745, 3617, 1038307773, 3601, 1038307881, 3857, 1038306741, 3361, 1038309722, 3866, 1038756708, 3602, 1038783628, 3858, 1038783636, 3353, 1038308850, 3604, 1021073271, 3363, 1038344758, 3365, 1022129342, 3878, 1021994705, 3357, 1022116717, 3366, 1021991265, 3623, 1021145973, 3359, 1021112866, 3867, 1038347566, 3859, 1038348352, 3868, 1020949526, 3860, 1021072256, 3877, 1022125942, 3869, 1022113276, 3346, 1038783616, 3861, 1021981658, 3362, 1038735288, 3354, 1038756670, 3870, 1022031332, 3862, 1022018179, 3879, 1021147053, 3871, 1021115869, 3863, 1021126167, 3347, 1038345309, 3355, 1038344512, 3874, 1038735327, 3364, 1020939489, 3618, 1038735309, 3875, 1038347826, 3348, 1021075144, 3356, 1020952395, 3349, 1021985165, 3619, 1038346683, 3876, 1020936506, 3603, 1038347215, 3620, 1020937570, 3350, 1022014752, 3358, 1022027886, 3367, 1021144048, 3621, 1022127225, 3351, 1021123160, 3605, 1021982976, 3622, 1021993388, 3606, 1022016883, 3607, 1021125086]
[INFO] (lattice_cell.c: 455): on tick 16 of 50
[INFO] (lattice_cell.c: 172): the unmatched_packets is 56
[3872, 1037858075, 3864, 1037895842, 3344, 1037889191, 3616, 1037858063, 3856, 1037889203, 3600, 1037889185, 3360, 1037858055, 3353, 1038301058, 3619, 1038338734, 3347, 1038338647, 3604, 1021052330, 3364, 1021233390, 3348, 1021053411, 3356, 1021126581, 3877, 1021834068, 3869, 1021945998, 3623, 1021122234, 3857, 1038297489, 3874, 1038806892, 3866, 1038767914, 3352, 1037895822, 3345, 1038300620, 3867, 1038340504, 3361, 1038303416, 3346, 1038775858, 3354, 1038767929, 3868, 1021125103, 3363, 1038336747, 3860, 1021052041, 3355, 1038337372, 3365, 1021838816, 3349, 1022022517, 3861, 1022017932, 3878, 1022024606, 3357, 1021950597, 3366, 1022019881, 3870, 1022018143, 3358, 1022013493, 3367, 1021121120, 3862, 1022017584, 3351, 1021131441, 3871, 1021133662, 3863, 1021132798, 3865, 1038297950, 3601, 1038298644, 3617, 1038301453, 3873, 1038300305, 3875, 1038339895, 3618, 1038806898, 3602, 1038775852, 3603, 1038340612, 3858, 1038775856, 3620, 1021232242, 3859, 1038341766, 3621, 1021836085, 3359, 1021132272, 3605, 1022019858, 3876, 1021231858, 3879, 1021122575, 3362, 1038806906, 3350, 1022012911, 3622, 1022022623, 3606, 1022015618, 3607, 1021132505]
[INFO] (lattice_cell.c: 455): on tick 17 of 50
[INFO] (lattice_cell.c: 172): the unmatched_packets is 56
[3872, 1037877782, 3344, 1037883824, 3864, 1037870505, 3616, 1037877776, 3600, 1037883835, 3856, 1037883843, 3360, 1037877788, 3352, 1037870502, 3873, 1038307541, 3865, 1038306806, 3345, 1038309631, 3617, 1038308707, 3857, 1038306620, 3353, 1038309837, 3361, 1038310655, 3874, 1038776918, 3866, 1038783840, 3858, 1038770260, 3346, 1038770260, 3603, 1038347491, 3363, 1038344160, 3622, 1022030392, 3606, 1022015185, 3623, 1021109129, 3359, 1021126745, 3351, 1021123623, 3607, 1021125569, 3875, 1038347246, 3859, 1038348604, 3876, 1021017292, 3860, 1021085501, 3877, 1022043166, 3869, 1021937938, 3861, 1021969391, 3878, 1022031612, 3870, 1022014257, 3362, 1038776871, 3862, 1022016398, 3879, 1021110263, 3354, 1038783835, 3347, 1038345586, 3871, 1021129846, 3863, 1021126699, 3355, 1038344165, 3348, 1021088643, 3364, 1021020299, 3356, 1021122441, 3601, 1038307729, 3618, 1038776899, 3365, 1022046498, 3602, 1038770256, 3357, 1021941280, 3867, 1038347219, 3349, 1021972641, 3619, 1038346097, 3366, 1022028334, 3358, 1022011024, 3350, 1022013153, 3367, 1021107153, 3868, 1021119367, 3620, 1021018394, 3604, 1021086658, 3621, 1022044404, 3605, 1021970613]
[INFO] (lattice_cell.c: 455): on tick 18 of 50
[INFO] (lattice_cell.c: 172): the unmatched_packets is 56
[3872, 1037900517, 3864, 1037879560, 3344, 1037881206, 3616, 1037900507, 3856, 1037881233, 3360, 1037900497, 3352, 1037879543, 3873, 1038299428, 3865, 1038298055, 3345, 1038301676, 3617, 1038300605, 3601, 1038299736, 3857, 1038298593, 3353, 1038301177, 3600, 1037881216, 3874, 1038763276, 3361, 1038302581, 3866, 1038785745, 3346, 1038783540, 3604, 1021108250, 3621, 1022008923, 3365, 1022011658, 3606, 1022026188, 3366, 1022015386, 3607, 1021122560, 3879, 1021127941, 3359, 1021125292, 3875, 1038340335, 3867, 1038340060, 3859, 1038340962, 3868, 1021068964, 3362, 1038763259, 3861, 1021959648, 3878, 1022020222, 3870, 1022025812, 3354, 1038785733, 3347, 1038337878, 3862, 1022028150, 3355, 1038336972, 3363, 1038337233, 3871, 1021126578, 3364, 1021065971, 3863, 1021122805, 3356, 1021070222, 3348, 1021109285, 3357, 1022008284, 3349, 1021964413, 3858, 1038783536, 3358, 1022021009, 3618, 1038763262, 3602, 1038783530, 3350, 1022023423, 3367, 1021126629, 3876, 1021064604, 3351, 1021121534, 3619, 1038339188, 3603, 1038339821, 3877, 1022006937, 3620, 1021064889, 3860, 1021108032, 3605, 1021961653, 3622, 1022018192, 3869, 1022003549, 3623, 1021127676]
[INFO] (lattice_cell.c: 455): on tick 19 of 50
[INFO] (lattice_cell.c: 172): the unmatched_packets is 56
[3872, 1037880494, 3864, 1037885347, 3344, 1037876941, 3616, 1037880488, 3856, 1037876931, 3600, 1037876929, 3352, 1037885347, 3873, 1038308049, 3865, 1038306165, 3345, 1038309223, 3617, 1038309182, 3857, 1038306229, 3601, 1038307328, 3361, 1038311101, 3353, 1038309184, 3618, 1038773144, 3346, 1038777704, 3874, 1038773146, 3866, 1038768758, 3362, 1038773142, 3347, 1038345657, 3603, 1038347574, 3348, 1021080758, 3364, 1021121999, 3605, 1021980006, 3622, 1022007900, 3877, 1021938801, 3869, 1021998762, 3359, 1021120030, 3607, 1021117628, 3870, 1022021498, 3879, 1021133318, 3862, 1022023807, 3355, 1038344467, 3858, 1038777705, 3356, 1021065102, 3349, 1021981998, 3365, 1021942034, 3357, 1022001900, 3875, 1038346423, 3350, 1022020698, 3366, 1022005919, 3358, 1022018358, 3859, 1038348683, 3367, 1021130194, 3876, 1021118818, 3360, 1037880482, 3868, 1021061984, 3351, 1021115682, 3354, 1038768754, 3860, 1021077667, 3363, 1038343329, 3861, 1021978822, 3878, 1022009083, 3602, 1038777702, 3619, 1038345276, 3871, 1021123123, 3863, 1021118784, 3620, 1021119998, 3867, 1038347513, 3604, 1021078815, 3621, 1021940014, 3606, 1022022648, 3623, 1021132163]
[INFO] (lattice_cell.c: 455): on tick 20 of 50
[INFO] (lattice_cell.c: 172): the unmatched_packets is 56
[3872, 1037876247, 3864, 1037888684, 3344, 1037888251, 3616, 1037876231, 3600, 1037888254, 3856, 1037888262, 3360, 1037876221, 3352, 1037888644, 3873, 1038300250, 3865, 1038298973, 3345, 1038301614, 3617, 1038301420, 3601, 1038299684, 3361, 1038303384, 3353, 1038302047, 3346, 1038776383, 3874, 1038788680, 3354, 1038775445, 3866, 1038775465, 3603, 1038340011, 3355, 1038337400, 3876, 1021101105, 3868, 1021101180, 3621, 1021970604, 3606, 1022019532, 3861, 1021995024, 3367, 1021122684, 3607, 1021129691, 3870, 1022022459, 3879, 1021124026, 3871, 1021127099, 3858, 1038776404, 3875, 1038339999, 3867, 1038340448, 3859, 1038341126, 3362, 1038788642, 3347, 1038338096, 3877, 1021968578, 3869, 1021969268, 3363, 1038336920, 3348, 1021073750, 3878, 1022022139, 3364, 1021102400, 3356, 1021102461, 3357, 1021974031, 3349, 1021999770, 3365, 1021973419, 3862, 1022021532, 3358, 1022017647, 3350, 1022016741, 3366, 1022017282, 3863, 1021129907, 3857, 1038298555, 3359, 1021125811, 3602, 1038776394, 3351, 1021128655, 3618, 1038788660, 3619, 1038338858, 3604, 1021072729, 3620, 1021101344, 3605, 1021997012, 3860, 1021072517, 3622, 1022020116, 3623, 1021123765]
[INFO] (lattice_cell.c: 455): on tick 21 of 50
[INFO] (lattice_cell.c: 172): the unmatched_packets is 56
[3344, 1037882875, 3616, 1037876757, 3600, 1037882879, 3872, 1037876755, 3360, 1037876757, 3864, 1037875922, 3352, 1037875918, 3856, 1037882882, 3345, 1038309168, 3346, 1038771226, 3347, 1038345018, 3364, 1021061768, 3620, 1021059834, 3367, 1021117676, 3351, 1021127893, 3623, 1021119562, 3874, 1038777790, 3858, 1038771220, 3867, 1038346878, 3877, 1022002960, 3862, 1022013208, 3871, 1021126209, 3873, 1038307263, 3865, 1038306259, 3617, 1038308398, 3361, 1038310341, 3353, 1038309264, 3362, 1038777766, 3601, 1038307273, 3354, 1038778437, 3363, 1038345829, 3618, 1038777780, 3857, 1038306181, 3602, 1038771224, 3355, 1038343827, 3866, 1038778421, 3619, 1038347786, 3356, 1021100673, 3348, 1021084980, 3365, 1022006145, 3860, 1021081937, 3603, 1038346935, 3875, 1038348928, 3357, 1021966511, 3349, 1021978861, 3878, 1022012729, 3366, 1022009560, 3861, 1021975765, 3876, 1021058687, 3604, 1021083059, 3358, 1022015352, 3350, 1022010110, 3868, 1021097626, 3621, 1022004165, 3863, 1021130912, 3605, 1021976924, 3359, 1021123186, 3622, 1022011555, 3606, 1022012047, 3607, 1021129798, 3859, 1038348030, 3869, 1021963333, 3879, 1021120669, 3870, 1022018461]
[INFO] (lattice_cell.c: 455): on tick 22 of 50
[INFO] (lattice_cell.c: 172): the unmatched_packets is 56
[3872, 1037899516, 3864, 1037884342, 3344, 1037883063, 3616, 1037899506, 3600, 1037883073, 3856, 1037883097, 3352, 1037884320, 3360, 1037899508, 3873, 1038300675, 3345, 1038302287, 3865, 1038299017, 3617, 1038301832, 3601, 1038300385, 3857, 1038299278, 3353, 1038302067, 3361, 1038303780, 3874, 1038764174, 3866, 1038780465, 3618, 1038764150, 3346, 1038781618, 3602, 1038781624, 3362, 1038764124, 3354, 1038780431, 3603, 1038339941, 3621, 1021986197, 3357, 1021991673, 3350, 1022018048, 3606, 1022020825, 3363, 1038336890, 3355, 1038334995, 3876, 1021085145, 3868, 1021083183, 3348, 1021098805, 3860, 1021097498, 3356, 1021084516, 3364, 1021086557, 3349, 1021972998, 3365, 1021988948, 3869, 1021986964, 3358, 1022028722, 3861, 1021968286, 3366, 1022038532, 3367, 1021102555, 3359, 1021124514, 3351, 1021125734, 3862, 1022022762, 3879, 1021104103, 3871, 1021125925, 3863, 1021127074, 3875, 1038339888, 3858, 1038781635, 3867, 1038337986, 3619, 1038338784, 3347, 1038338055, 3859, 1038341038, 3620, 1021085419, 3604, 1021097725, 3878, 1022043360, 3870, 1022033484, 3605, 1021970223, 3877, 1021984244, 3622, 1022041346, 3623, 1021103755, 3607, 1021126819]
[INFO] (lattice_cell.c: 455): on tick 23 of 50
[INFO] (lattice_cell.c: 172): the unmatched_packets is 56
[3872, 1037864587, 3864, 1037876116, 3344, 1037874679, 3616, 1037864561, 3360, 1037864536, 3873, 1038307427, 3345, 1038308854, 3865, 1038305825, 3352, 1037876108, 3856, 1037874683, 3617, 1038308560, 3857, 1038305884, 3601, 1038306958, 3602, 1038779982, 3353, 1038308840, 3605, 1021977250, 3622, 1021961844, 3606, 1022014968, 3623, 1021178228, 3607, 1021117623, 3351, 1021115841, 3359, 1021139260, 3879, 1021179171, 3863, 1021118657, 3866, 1038778245, 3874, 1038789796, 3858, 1038779985, 3867, 1038347130, 3859, 1038350295, 3861, 1021976055, 3862, 1022016138, 3600, 1037874673, 3871, 1021141986, 3361, 1038310509, 3346, 1038779989, 3618, 1038789790, 3354, 1038778247, 3362, 1038789790, 3619, 1038344863, 3603, 1038349191, 3347, 1038347266, 3355, 1038344045, 3876, 1021088221, 3363, 1038342872, 3620, 1021089330, 3604, 1021084171, 3875, 1038346049, 3348, 1021085977, 3364, 1021091197, 3356, 1021071497, 3621, 1021974623, 3868, 1021068619, 3349, 1021979228, 3365, 1021976646, 3860, 1021083127, 3357, 1021998090, 3878, 1021963047, 3870, 1022002042, 3869, 1021994880, 3350, 1022013013, 3366, 1021959877, 3358, 1021998933, 3367, 1021176537, 3877, 1021973346]
[INFO] (lattice_cell.c: 455): on tick 24 of 50
[INFO] (lattice_cell.c: 172): the unmatched_packets is 56
[3872, 1037910200, 3344, 1037890693, 3864, 1037902088, 3616, 1037910205, 3600, 1037890681, 3856, 1037890695, 3360, 1037910237, 3352, 1037902092, 3873, 1038301368, 3865, 1038299823, 3345, 1038302573, 3617, 1038302503, 3361, 1038304419, 3353, 1038302825, 3874, 1038753568, 3866, 1038761713, 3346, 1038773755, 3858, 1038773780, 3618, 1038753540, 3602, 1038773768, 3362, 1038753502, 3354, 1038761656, 3867, 1038340461, 3875, 1038341052, 3859, 1038341039, 3347, 1038338154, 3363, 1038338140, 3355, 1038337592, 3348, 1021082222, 3860, 1021080751, 3869, 1021968282, 3349, 1021988595, 3861, 1021984057, 3606, 1022038254, 3357, 1021972823, 3622, 1022114159, 3366, 1022111377, 3367, 1021023528, 3351, 1021109084, 3607, 1021110324, 3623, 1021024946, 3879, 1021025473, 3876, 1021113044, 3868, 1021100421, 3857, 1038299597, 3877, 1021954533, 3878, 1022116149, 3870, 1022063695, 3862, 1022040165, 3871, 1021084866, 3863, 1021110714, 3601, 1038300706, 3619, 1038339990, 3364, 1021114587, 3356, 1021101937, 3603, 1038339991, 3365, 1021959137, 3604, 1021081070, 3620, 1021113379, 3350, 1022035508, 3358, 1022058969, 3359, 1021083079, 3605, 1021985920, 3621, 1021956424]
[INFO] (lattice_cell.c: 455): on tick 25 of 50
[INFO] (lattice_cell.c: 172): the unmatched_packets is 56
[3872, 1037843396, 3864, 1037851911, 3344, 1037871219, 3616, 1037843356, 3856, 1037871244, 3600, 1037871228, 3360, 1037843328, 3352, 1037851859, 3873, 1038306710, 3865, 1038305480, 3345, 1038307734, 3617, 1038307854, 3601, 1038305816, 3857, 1038304743, 3361, 1038309824, 3353, 1038308514, 3874, 1038811855, 3866, 1038803163, 3346, 1038783259, 3618, 1038811831, 3602, 1038783251, 3858, 1038783257, 3362, 1038811809, 3354, 1038803178, 3347, 1038344453, 3363, 1038343439, 3875, 1038346605, 3867, 1038345311, 3603, 1038346426, 3355, 1038342147, 3348, 1021074741, 3620, 1021061392, 3622, 1021878004, 3870, 1021935282, 3879, 1021260260, 3364, 1021063130, 3356, 1021081758, 3859, 1038347566, 3349, 1021995340, 3365, 1022006722, 3876, 1021060373, 3868, 1021079078, 3350, 1021978121, 3366, 1021875943, 3358, 1021932121, 3860, 1021072104, 3367, 1021257933, 3351, 1021161472, 3869, 1021985545, 3861, 1021992043, 3878, 1021879288, 3619, 1038345436, 3862, 1021981222, 3871, 1021213871, 3863, 1021163803, 3604, 1021073047, 3621, 1022004644, 3605, 1021993309, 3359, 1021211621, 3877, 1022003291, 3606, 1021980061, 3623, 1021259449, 3607, 1021163022, 3357, 1021988920]
[INFO] (lattice_cell.c: 455): on tick 26 of 50
[INFO] (lattice_cell.c: 172): the unmatched_packets is 56
[3872, 1037912613, 3864, 1037916843, 3344, 1037909388, 3616, 1037912615, 3856, 1037909369, 3360, 1037912638, 3352, 1037916890, 3873, 1038301751, 3865, 1038301094, 3600, 1037909376, 3345, 1038303661, 3617, 1038302872, 3601, 1038301819, 3857, 1038300738, 3361, 1038304769, 3874, 1038751252, 3866, 1038746950, 3346, 1038754357, 3618, 1038751254, 3858, 1038754388, 3362, 1038751246, 3619, 1038337886, 3867, 1038339888, 3347, 1038339751, 3356, 1021103900, 3606, 1022088432, 3367, 1020990032, 3351, 1021051548, 3623, 1020991495, 3862, 1022090302, 3353, 1038304043, 3879, 1020992080, 3875, 1038338961, 3859, 1038342523, 3876, 1021084059, 3869, 1021962593, 3877, 1021983819, 3861, 1021957788, 3871, 1020994253, 3863, 1021053624, 3354, 1038746912, 3363, 1038336026, 3868, 1021102183, 3355, 1038337060, 3348, 1021105271, 3364, 1021085829, 3357, 1021966957, 3349, 1021962115, 3365, 1021988200, 3602, 1038754377, 3878, 1022158957, 3603, 1038341533, 3358, 1022152803, 3350, 1022085729, 3366, 1022154354, 3620, 1021084510, 3359, 1020992146, 3604, 1021103992, 3621, 1021985585, 3860, 1021103572, 3605, 1021959537, 3622, 1022157064, 3607, 1021053021, 3870, 1022157308]
[INFO] (lattice_cell.c: 455): on tick 27 of 50
[INFO] (lattice_cell.c: 172): the unmatched_packets is 56
[3872, 1037880811, 3864, 1037852153, 3344, 1037843055, 3856, 1037843113, 3616, 1037880790, 3600, 1037843089, 3360, 1037880780, 3352, 1037852109, 3873, 1038306448, 3865, 1038304699, 3345, 1038309644, 3857, 1038306626, 3617, 1038307585, 3361, 1038309561, 3353, 1038307750, 3874, 1038772652, 3866, 1038802559, 3346, 1038812356, 3618, 1038772588, 3858, 1038812355, 3362, 1038772536, 3354, 1038802507, 3347, 1038344726, 3867, 1038347594, 3875, 1038348866, 3603, 1038346703, 3355, 1038344495, 3363, 1038345719, 3348, 1021073499, 3620, 1021099815, 3364, 1021101463, 3621, 1021969456, 3350, 1021894187, 3351, 1021242888, 3861, 1021984611, 3356, 1021073672, 3859, 1038347850, 3357, 1021999922, 3868, 1021071243, 3876, 1021098937, 3366, 1021938639, 3358, 1021873822, 3860, 1021071185, 3367, 1021184673, 3601, 1038307720, 3602, 1038812351, 3359, 1021260132, 3619, 1038347701, 3878, 1021941976, 3870, 1021877207, 3604, 1021071957, 3862, 1021897462, 3871, 1021262207, 3863, 1021244819, 3605, 1021985975, 3877, 1021968027, 3869, 1021996387, 3349, 1021988087, 3365, 1021971626, 3622, 1021940677, 3606, 1021896216, 3623, 1021186151, 3879, 1021186865, 3607, 1021244210]
[INFO] (lattice_cell.c: 455): on tick 28 of 50
[INFO] (lattice_cell.c: 172): the unmatched_packets is 56
[3872, 1037870034, 3864, 1037895766, 3344, 1037915873, 3856, 1037915837, 3616, 1037870024, 3600, 1037915847, 3360, 1037870032, 3352, 1037895771, 3873, 1038301981, 3865, 1038298848, 3345, 1038303876, 3857, 1038301079, 3617, 1038303102, 3361, 1038304988, 3353, 1038301750, 3346, 1038748168, 3362, 1038795011, 3866, 1038768778, 3354, 1038768797, 3619, 1038337063, 3347, 1038337416, 3858, 1038748165, 3363, 1038335236, 3604, 1021087411, 3876, 1021086709, 3621, 1021979250, 3365, 1021981773, 3622, 1022004296, 3366, 1022001517, 3367, 1021143975, 3351, 1020981364, 3359, 1021044344, 3879, 1021146253, 3862, 1022171050, 3355, 1038334284, 3348, 1021088859, 3364, 1021088773, 3356, 1021084533, 3875, 1038338111, 3867, 1038337139, 3859, 1038340210, 3357, 1021995562, 3350, 1022166801, 3358, 1022111438, 3601, 1038302094, 3868, 1021082525, 3860, 1021086808, 3877, 1021977586, 3874, 1038795003, 3618, 1038794997, 3602, 1038748178, 3869, 1021991407, 3861, 1021974584, 3878, 1022006176, 3603, 1038339203, 3870, 1022115839, 3620, 1021087296, 3871, 1021046512, 3863, 1020983629, 3605, 1021976264, 3606, 1022169351, 3623, 1021145527, 3607, 1020982951, 3349, 1021978817]
[INFO] (lattice_cell.c: 455): on tick 29 of 50
[INFO] (lattice_cell.c: 172): the unmatched_packets is 56
[3872, 1037885230, 3864, 1037889955, 3344, 1037862246, 3616, 1037885202, 3856, 1037862266, 3600, 1037862252, 3360, 1037885190, 3352, 1037889932, 3873, 1038308718, 3865, 1038305298, 3345, 1038306923, 3617, 1038309864, 3857, 1038303806, 3361, 1038311840, 3353, 1038308373, 3346, 1038792018, 3866, 1038763628, 3874, 1038769122, 3362, 1038769033, 3354, 1038763543, 3347, 1038347682, 3363, 1038344100, 3604, 1021097933, 3366, 1022060631, 3367, 1021070233, 3622, 1022062693, 3351, 1021216261, 3359, 1021122672, 3862, 1021912249, 3871, 1021124563, 3858, 1038792083, 3867, 1038348105, 3859, 1038350707, 3876, 1021080512, 3868, 1021105143, 3860, 1021097384, 3869, 1021963071, 3878, 1022064026, 3879, 1021072029, 3863, 1021218116, 3875, 1038347327, 3355, 1038345001, 3348, 1021099245, 3356, 1021107151, 3364, 1021082679, 3349, 1021974023, 3601, 1038304944, 3357, 1021966667, 3365, 1021983235, 3350, 1021908790, 3358, 1022008609, 3618, 1038769079, 3602, 1038792049, 3603, 1038349618, 3619, 1038346128, 3620, 1021081228, 3870, 1022011950, 3605, 1021971942, 3877, 1021979446, 3621, 1021980983, 3606, 1021910874, 3607, 1021217579, 3623, 1021071508, 3861, 1021970583]
[INFO] (lattice_cell.c: 455): on tick 30 of 50
[INFO] (lattice_cell.c: 172): the unmatched_packets is 56
[3872, 1037894315, 3864, 1037875860, 3344, 1037893360, 3616, 1037894321, 3856, 1037893370, 3600, 1037893358, 3360, 1037894346, 3352, 1037875861, 3873, 1038302410, 3865, 1038301610, 3345, 1038305285, 3617, 1038303489, 3857, 1038302583, 3601, 1038303538, 3361, 1038305343, 3602, 1038771123, 3346, 1038771155, 3619, 1038338185, 3603, 1038338454, 3620, 1021082864, 3355, 1038336048, 3621, 1021983797, 3877, 1021982222, 3366, 1022007763, 3358, 1021970790, 3622, 1022010353, 3359, 1021176464, 3351, 1021115434, 3606, 1022037692, 3623, 1021134606, 3870, 1021975149, 3863, 1021117773, 3362, 1038769391, 3354, 1038788777, 3347, 1038336675, 3363, 1038336384, 3875, 1038339207, 3867, 1038338822, 3356, 1021076795, 3859, 1038339456, 3365, 1021986229, 3357, 1021990582, 3349, 1022026170, 3350, 1022035134, 3869, 1021986446, 3353, 1038304407, 3878, 1022012077, 3367, 1021132877, 3861, 1022021981, 3879, 1021135503, 3866, 1038788778, 3618, 1038769418, 3874, 1038769437, 3858, 1038771111, 3862, 1022039338, 3871, 1021178955, 3604, 1021032682, 3876, 1021082082, 3860, 1021031855, 3868, 1021074321, 3605, 1022023644, 3348, 1021034362, 3364, 1021084505, 3607, 1021117028]
[INFO] (lattice_cell.c: 455): on tick 31 of 50
[INFO] (lattice_cell.c: 172): the unmatched_packets is 56
[3872, 1037870993, 3864, 1037864286, 3344, 1037869458, 3616, 1037870976, 3856, 1037869458, 3360, 1037870965, 3352, 1037864250, 3600, 1037869446, 3873, 1038305539, 3865, 1038303147, 3601, 1038305747, 3345, 1038307725, 3602, 1038785194, 3353, 1038306314, 3619, 1038346936, 3603, 1038347321, 3620, 1021098912, 3348, 1021175196, 3365, 1021976697, 3357, 1021966436, 3622, 1021983842, 3606, 1022066927, 3623, 1021146267, 3863, 1021070275, 3866, 1038790868, 3858, 1038785224, 3867, 1038346547, 3875, 1038348105, 3860, 1021173756, 3869, 1021962794, 3861, 1021893250, 3862, 1022068325, 3857, 1038304606, 3617, 1038306733, 3361, 1038308750, 3874, 1038783261, 3618, 1038783206, 3346, 1038785156, 3354, 1038790819, 3362, 1038783149, 3347, 1038345367, 3363, 1038344928, 3355, 1038343421, 3859, 1038348439, 3364, 1021100189, 3356, 1021115783, 3604, 1021174092, 3349, 1021896815, 3621, 1021974465, 3605, 1021894647, 3366, 1021981613, 3350, 1022064812, 3358, 1022049965, 3871, 1021089952, 3367, 1021145061, 3607, 1021069888, 3351, 1021068696, 3359, 1021088455, 3876, 1021098432, 3868, 1021114217, 3877, 1021972923, 3878, 1021985333, 3870, 1022053546, 3879, 1021146674]
[INFO] (lattice_cell.c: 455): on tick 32 of 50
[INFO] (lattice_cell.c: 172): the unmatched_packets is 56
[3872, 1037890775, 3864, 1037917457, 3344, 1037913249, 3616, 1037890768, 3856, 1037913266, 3360, 1037890766, 3352, 1037917459, 3600, 1037913262, 3873, 1038304470, 3865, 1038301814, 3345, 1038302923, 3617, 1038305518, 3857, 1038300203, 3361, 1038307327, 3346, 1038750207, 3353, 1038304549, 3619, 1038337147, 3603, 1038340487, 3620, 1021056700, 3348, 1020974673, 3621, 1022002541, 3364, 1021058540, 3606, 1021968317, 3351, 1021176566, 3607, 1021178308, 3878, 1022030009, 3870, 1022037308, 3863, 1021179229, 3874, 1038773597, 3601, 1038301185, 3867, 1038338193, 3347, 1038338745, 3875, 1038338193, 3859, 1038341447, 3363, 1038335324, 3355, 1038335413, 3866, 1038745839, 3868, 1021014636, 3362, 1038773579, 3860, 1020971932, 3356, 1021017411, 3877, 1022000957, 3349, 1022095380, 3357, 1022052424, 3869, 1022048452, 3365, 1022004986, 3861, 1022091583, 3350, 1021965894, 3366, 1022025874, 3358, 1022033376, 3367, 1021118488, 3359, 1021117186, 3862, 1021969837, 3618, 1038773588, 3879, 1021121167, 3354, 1038745829, 3871, 1021119881, 3602, 1038750193, 3858, 1038750201, 3604, 1020972882, 3876, 1021055731, 3605, 1022093057, 3622, 1022028394, 3623, 1021120232]
[INFO] (lattice_cell.c: 455): on tick 33 of 50
[INFO] (lattice_cell.c: 172): the unmatched_packets is 56
[3872, 1037866349, 3344, 1037838532, 3864, 1037851238, 3616, 1037866343, 3600, 1037838518, 3352, 1037851260, 3360, 1037866345, 3873, 1038306101, 3345, 1038310825, 3865, 1038305689, 3856, 1037838519, 3617, 1038307292, 3601, 1038308913, 3857, 1038307818, 3361, 1038309313, 3346, 1038817002, 3354, 1038803359, 3347, 1038345925, 3355, 1038344303, 3348, 1021210673, 3876, 1021150170, 3860, 1021209301, 3877, 1021920673, 3878, 1022045563, 3359, 1021131183, 3623, 1021089119, 3607, 1021118273, 3874, 1038788328, 3866, 1038803456, 3875, 1038347025, 3859, 1038348969, 3353, 1038308818, 3868, 1021202530, 3363, 1038343874, 3869, 1021863101, 3362, 1038788221, 3861, 1021842805, 3879, 1021089445, 3870, 1022005303, 3356, 1021203882, 3862, 1022017683, 3858, 1038817022, 3364, 1021151602, 3618, 1038788280, 3602, 1038817004, 3871, 1021132634, 3863, 1021118547, 3867, 1038347362, 3349, 1021846797, 3365, 1021924574, 3357, 1021866993, 3366, 1022041693, 3350, 1022013803, 3358, 1022001417, 3367, 1021087980, 3351, 1021117209, 3619, 1038345857, 3603, 1038347859, 3620, 1021150483, 3604, 1021209591, 3621, 1021922273, 3605, 1021844450, 3622, 1022043975, 3606, 1022016108]
[INFO] (lattice_cell.c: 455): on tick 34 of 50
[INFO] (lattice_cell.c: 172): the unmatched_packets is 56
[3872, 1037915899, 3344, 1037904194, 3864, 1037908338, 3616, 1037915881, 3856, 1037904216, 3600, 1037904196, 3360, 1037915884, 3352, 1037908283, 3873, 1038301936, 3345, 1038301452, 3865, 1038297914, 3601, 1038299646, 3353, 1038300765, 3346, 1038760208, 3866, 1038755708, 3355, 1038336160, 3620, 1020988985, 3348, 1020980839, 3366, 1021991099, 3606, 1022057885, 3351, 1021093514, 3878, 1021994939, 3623, 1021150643, 3870, 1021999754, 3863, 1021096155, 3857, 1038298614, 3874, 1038747252, 3858, 1038760233, 3875, 1038339694, 3867, 1038338947, 3859, 1038339890, 3876, 1020987883, 3361, 1038304807, 3362, 1038747198, 3354, 1038755690, 3347, 1038337133, 3869, 1022121215, 3363, 1038336839, 3861, 1022094373, 3364, 1020990902, 3879, 1021151706, 3356, 1020959755, 3862, 1022059257, 3871, 1021154962, 3365, 1022082853, 3617, 1038302978, 3349, 1022097822, 3357, 1022124739, 3350, 1022055633, 3618, 1038747228, 3602, 1038760218, 3358, 1021995976, 3367, 1021148811, 3359, 1021152277, 3619, 1038338667, 3603, 1038338910, 3604, 1020979136, 3868, 1020956913, 3621, 1022080564, 3605, 1022095657, 3860, 1020978243, 3877, 1022079113, 3622, 1021993457, 3607, 1021095243]
[INFO] (lattice_cell.c: 455): on tick 35 of 50
[INFO] (lattice_cell.c: 172): the unmatched_packets is 56
[3872, 1037843658, 3864, 1037859579, 3344, 1037896232, 3616, 1037843659, 3856, 1037896238, 3360, 1037843688, 3352, 1037859578, 3600, 1037896236, 3873, 1038309715, 3345, 1038309518, 3865, 1038307939, 3617, 1038310862, 3857, 1038306629, 3353, 1038310879, 3361, 1038312840, 3874, 1038811516, 3866, 1038795206, 3346, 1038756939, 3618, 1038811459, 3858, 1038756940, 3602, 1038756938, 3362, 1038811401, 3354, 1038795181, 3619, 1038345016, 3347, 1038345970, 3603, 1038347863, 3875, 1038346166, 3363, 1038343057, 3867, 1038345971, 3604, 1021112130, 3348, 1021113266, 3621, 1021846506, 3364, 1021211563, 3606, 1022003487, 3367, 1021121100, 3351, 1021130868, 3359, 1021099890, 3607, 1021131973, 3862, 1022005132, 3355, 1038342918, 3863, 1021132230, 3356, 1021197204, 3349, 1021950418, 3365, 1021848992, 3357, 1021866299, 3350, 1022001155, 3876, 1021210145, 3366, 1022010253, 3868, 1021195776, 3860, 1021111816, 3358, 1022037727, 3869, 1021862031, 3878, 1022014491, 3870, 1022041787, 3601, 1038307662, 3879, 1021122437, 3871, 1021101219, 3859, 1038348915, 3620, 1021210446, 3605, 1021948041, 3861, 1021946352, 3622, 1022012729, 3623, 1021122172, 3877, 1021844719]
[INFO] (lattice_cell.c: 455): on tick 36 of 50
[INFO] (lattice_cell.c: 172): the unmatched_packets is 56
[3872, 1037907070, 3864, 1037888524, 3344, 1037866041, 3616, 1037907033, 3360, 1037907015, 3352, 1037888510, 3856, 1037866041, 3600, 1037866037, 3873, 1038299871, 3865, 1038299411, 3345, 1038303577, 3617, 1038300997, 3857, 1038300731, 3601, 1038301764, 3361, 1038302891, 3353, 1038302354, 3874, 1038757027, 3346, 1038798756, 3866, 1038775955, 3618, 1038756988, 3602, 1038798790, 3362, 1038756939, 3619, 1038338545, 3354, 1038775861, 3875, 1038339589, 3347, 1038338140, 3867, 1038339279, 3357, 1022033679, 3606, 1022000007, 3877, 1022113706, 3350, 1021997818, 3351, 1021144217, 3623, 1021120622, 3862, 1022001291, 3348, 1021135608, 3363, 1038336705, 3859, 1038340931, 3364, 1020966483, 3356, 1021045805, 3349, 1021931559, 3876, 1020963591, 3860, 1021132938, 3365, 1022117006, 3358, 1022038743, 3858, 1038798808, 3355, 1038336454, 3366, 1022021302, 3603, 1038339932, 3861, 1021928110, 3359, 1021107261, 3878, 1022024916, 3367, 1021118826, 3604, 1021133893, 3870, 1022042197, 3620, 1020964619, 3879, 1021121639, 3605, 1021929388, 3868, 1021043153, 3871, 1021110045, 3621, 1022114929, 3863, 1021146945, 3869, 1022030348, 3622, 1022023569, 3607, 1021145963]
[INFO] (lattice_cell.c: 455): on tick 37 of 50
[INFO] (lattice_cell.c: 172): the unmatched_packets is 56
[3872, 1037881163, 3864, 1037895714, 3344, 1037875048, 3616, 1037881149, 3600, 1037875042, 3856, 1037875042, 3360, 1037881159, 3352, 1037895715, 3873, 1038308948, 3865, 1038305493, 3345, 1038309416, 3617, 1038310021, 3601, 1038307562, 3361, 1038311905, 3353, 1038308393, 3619, 1038346796, 3620, 1021153221, 3362, 1038772532, 3347, 1038344961, 3604, 1021036938, 3364, 1021154435, 3622, 1022016027, 3861, 1022023109, 3350, 1022020219, 3623, 1021112317, 3879, 1021112579, 3863, 1021117632, 3876, 1021152849, 3868, 1021057220, 3870, 1021995136, 3871, 1021147969, 3857, 1038306532, 3874, 1038772576, 3346, 1038780074, 3875, 1038347920, 3618, 1038772563, 3354, 1038757723, 3602, 1038780082, 3859, 1038347848, 3355, 1038343600, 3866, 1038757749, 3363, 1038344873, 3603, 1038346810, 3858, 1038780093, 3356, 1021058714, 3348, 1021038015, 3867, 1038346536, 3621, 1021908228, 3357, 1022014595, 3365, 1021910826, 3349, 1022027324, 3605, 1022024846, 3877, 1021906322, 3358, 1021990846, 3862, 1022024501, 3366, 1022013480, 3367, 1021111177, 3359, 1021146648, 3606, 1022022724, 3351, 1021116396, 3607, 1021117435, 3860, 1021036719, 3869, 1022010349, 3878, 1022017863]
[INFO] (lattice_cell.c: 455): on tick 38 of 50
[INFO] (lattice_cell.c: 172): the unmatched_packets is 56
[3872, 1037873181, 3864, 1037873311, 3344, 1037896776, 3616, 1037873177, 3856, 1037896817, 3360, 1037873196, 3352, 1037873283, 3873, 1038302112, 3865, 1038299619, 3345, 1038302206, 3600, 1037896793, 3857, 1038299340, 3617, 1038303263, 3361, 1038305209, 3601, 1038300374, 3353, 1038302557, 3874, 1038791469, 3346, 1038767070, 3866, 1038791217, 3618, 1038791396, 3858, 1038767093, 3362, 1038791313, 3354, 1038791143, 3347, 1038338388, 3603, 1038340204, 3363, 1038336966, 3355, 1038334575, 3875, 1038339948, 3867, 1038337456, 3348, 1021079074, 3604, 1021077339, 3356, 1021141903, 3621, 1021962516, 3349, 1021994997, 3622, 1022020436, 3606, 1022038091, 3367, 1021118499, 3359, 1021138010, 3871, 1021140695, 3364, 1021108320, 3357, 1021934985, 3365, 1021964584, 3358, 1022013221, 3876, 1021105607, 3351, 1021107303, 3877, 1021961319, 3869, 1021931717, 3602, 1038767071, 3861, 1021991897, 3878, 1022021659, 3619, 1038338857, 3870, 1022016500, 3859, 1038341212, 3862, 1022039233, 3879, 1021121286, 3620, 1021106585, 3868, 1021139160, 3863, 1021109941, 3605, 1021993030, 3860, 1021076390, 3623, 1021120270, 3607, 1021109003, 3350, 1022036079, 3366, 1022018331]
[INFO] (lattice_cell.c: 455): on tick 39 of 50
[INFO] (lattice_cell.c: 172): the unmatched_packets is 56
[3872, 1037888291, 3864, 1037871823, 3344, 1037880317, 3616, 1037888282, 3600, 1037880303, 3856, 1037880298, 3360, 1037888290, 3352, 1037871839, 3345, 1038310149, 3617, 1038309384, 3873, 1038308300, 3601, 1038308370, 3361, 1038311272, 3353, 1038310004, 3618, 1038765887, 3346, 1038773546, 3857, 1038307387, 3619, 1038344242, 3874, 1038765924, 3347, 1038346548, 3355, 1038342220, 3604, 1021114133, 3364, 1021031755, 3358, 1022033950, 3607, 1021122450, 3879, 1021133746, 3871, 1021108519, 3362, 1038765848, 3354, 1038783115, 3363, 1038342370, 3866, 1038783164, 3348, 1021115258, 3356, 1021076705, 3357, 1021992339, 3875, 1038345310, 3858, 1038773554, 3349, 1021947094, 3366, 1022004123, 3867, 1038345088, 3876, 1021030143, 3859, 1038349365, 3350, 1022007281, 3367, 1021132353, 3865, 1038307144, 3877, 1022032307, 3860, 1021113851, 3359, 1021107151, 3351, 1021121325, 3602, 1038773548, 3869, 1021987841, 3878, 1022008820, 3861, 1021942624, 3603, 1038348367, 3870, 1022038494, 3862, 1022011654, 3620, 1021030503, 3863, 1021122700, 3621, 1022034212, 3605, 1021944506, 3868, 1021075299, 3622, 1022006867, 3606, 1022009837, 3365, 1022036790, 3623, 1021133453]
[INFO] (lattice_cell.c: 455): on tick 40 of 50
[INFO] (lattice_cell.c: 172): the unmatched_packets is 56
[3872, 1037885052, 3864, 1037896081, 3344, 1037878253, 3616, 1037885033, 3856, 1037878247, 3600, 1037878241, 3360, 1037885046, 3352, 1037896079, 3873, 1038301021, 3865, 1038298908, 3345, 1038302716, 3617, 1038302155, 3857, 1038299766, 3601, 1038300840, 3353, 1038301909, 3618, 1038778952, 3361, 1038304099, 3346, 1038786404, 3602, 1038786454, 3874, 1038779006, 3866, 1038767872, 3362, 1038778895, 3354, 1038767785, 3619, 1038340976, 3858, 1038786484, 3349, 1021985118, 3622, 1022006418, 3878, 1022007574, 3367, 1021124000, 3351, 1021133506, 3870, 1022027748, 3607, 1021135140, 3863, 1021136018, 3875, 1038342078, 3859, 1038342040, 3876, 1021106579, 3347, 1038339158, 3355, 1038337853, 3363, 1038339063, 3868, 1021060732, 3348, 1021085817, 3860, 1021083336, 3356, 1021063341, 3364, 1021109368, 3869, 1022013892, 3357, 1022016836, 3365, 1021967886, 3861, 1021982117, 3879, 1021126728, 3358, 1022024723, 3350, 1022005732, 3862, 1022008762, 3366, 1022004423, 3871, 1021118788, 3359, 1021116183, 3867, 1038340771, 3877, 1021964803, 3603, 1038341007, 3620, 1021107585, 3604, 1021084196, 3621, 1021965938, 3605, 1021983185, 3606, 1022007682, 3623, 1021125751]
[INFO] (lattice_cell.c: 455): on tick 41 of 50
[INFO] (lattice_cell.c: 172): the unmatched_packets is 56
[3872, 1037878176, 3864, 1037884899, 3344, 1037881551, 3616, 1037878147, 3360, 1037878141, 3352, 1037884883, 3600, 1037881558, 3856, 1037881566, 3873, 1038309444, 3865, 1038306711, 3345, 1038309064, 3617, 1038310498, 3857, 1038306341, 3601, 1038307304, 3361, 1038312355, 3346, 1038772958, 3874, 1038776074, 3866, 1038768777, 3354, 1038768755, 3604, 1021059951, 3355, 1038340492, 3356, 1021105733, 3861, 1022000934, 3878, 1022045336, 3366, 1022040564, 3351, 1021126073, 3623, 1021098606, 3863, 1021127465, 3347, 1038343756, 3363, 1038341365, 3858, 1038772961, 3362, 1038775990, 3353, 1038309483, 3348, 1021061163, 3618, 1038776028, 3602, 1038772960, 3364, 1021112586, 3349, 1022005363, 3867, 1038343307, 3875, 1038344287, 3859, 1038346475, 3357, 1021964331, 3365, 1021953301, 3350, 1022014955, 3358, 1022010417, 3876, 1021110871, 3860, 1021059621, 3367, 1021097465, 3359, 1021137665, 3877, 1021948539, 3869, 1021959742, 3619, 1038343225, 3603, 1038345523, 3620, 1021111284, 3870, 1022015035, 3862, 1022019516, 3879, 1021098885, 3871, 1021139093, 3868, 1021104059, 3621, 1021950551, 3605, 1022002768, 3622, 1022043350, 3606, 1022017634, 3607, 1021127201]
[INFO] (lattice_cell.c: 455): on tick 42 of 50
[INFO] (lattice_cell.c: 172): the unmatched_packets is 56
[3872, 1037878071, 3864, 1037870517, 3344, 1037886798, 3616, 1037878099, 3856, 1037886808, 3360, 1037878151, 3352, 1037870558, 3873, 1038301055, 3865, 1038299800, 3866, 1038794380, 3875, 1038340005, 3620, 1021061387, 3347, 1038340984, 3355, 1038337892, 3356, 1021105090, 3606, 1022021100, 3358, 1022000041, 3623, 1021152902, 3607, 1021114229, 3862, 1022022159, 3874, 1038786548, 3858, 1038777339, 3867, 1038340838, 3876, 1021060517, 3860, 1021094791, 3870, 1022003092, 3879, 1021153873, 3871, 1021140648, 3345, 1038302891, 3361, 1038304207, 3353, 1038302823, 3346, 1038777293, 3362, 1038786414, 3354, 1038794275, 3363, 1038336971, 3600, 1037886799, 3857, 1038299952, 3364, 1021063009, 3617, 1038302231, 3348, 1021097179, 3601, 1038301015, 3365, 1022013325, 3618, 1038786488, 3349, 1021974296, 3357, 1021971200, 3602, 1038777320, 3868, 1021102710, 3366, 1021986293, 3350, 1022019239, 3619, 1038338896, 3367, 1021151175, 3603, 1038342839, 3351, 1021112613, 3359, 1021138088, 3604, 1021095610, 3863, 1021115073, 3621, 1022011464, 3859, 1038343879, 3869, 1021968223, 3605, 1021972446, 3622, 1021988257, 3878, 1021989395, 3877, 1022010401, 3861, 1021971402]
[INFO] (lattice_cell.c: 455): on tick 43 of 50
[INFO] (lattice_cell.c: 172): the unmatched_packets is 56
[3872, 1037904912, 3864, 1037887765, 3344, 1037880952, 3616, 1037904872, 3856, 1037880987, 3360, 1037904853, 3352, 1037887711, 3865, 1038306745, 3873, 1038308631, 3600, 1037880964, 3857, 1038308986, 3345, 1038311654, 3617, 1038309670, 3601, 1038309924, 3361, 1038311496, 3353, 1038309504, 3346, 1038773139, 3874, 1038748377, 3618, 1038748313, 3866, 1038766565, 3354, 1038766494, 3347, 1038343212, 3619, 1038347733, 3355, 1038342587, 3348, 1021097957, 3620, 1021089074, 3364, 1021090556, 3621, 1021975625, 3868, 1021070160, 3365, 1021978323, 3622, 1022060318, 3367, 1021064060, 3359, 1021087777, 3351, 1021111876, 3623, 1021065268, 3362, 1038748241, 3602, 1038773148, 3363, 1038345922, 3356, 1021071970, 3875, 1038348760, 3349, 1021958771, 3350, 1022030423, 3876, 1021088516, 3858, 1038773167, 3869, 1021994786, 3861, 1021954203, 3867, 1038345359, 3603, 1038344974, 3878, 1022062268, 3870, 1022057302, 3862, 1022034869, 3879, 1021065623, 3604, 1021096661, 3860, 1021096270, 3871, 1021089187, 3863, 1021113341, 3877, 1021973681, 3605, 1021956100, 3859, 1038345936, 3606, 1022033045, 3607, 1021113041, 3357, 1021999335, 3366, 1022057533, 3358, 1022052686]
[INFO] (lattice_cell.c: 455): on tick 44 of 50
[INFO] (lattice_cell.c: 172): the unmatched_packets is 56
[3872, 1037851271, 3864, 1037876646, 3344, 1037875291, 3616, 1037851276, 3856, 1037875230, 3600, 1037875250, 3360, 1037851306, 3873, 1038301227, 3865, 1038297357, 3857, 1038299800, 3345, 1038302775, 3618, 1038813903, 3353, 1038300387, 3346, 1038789495, 3363, 1038334214, 3355, 1038333883, 3357, 1022008800, 3358, 1021974484, 3367, 1021229722, 3623, 1021231299, 3607, 1021152152, 3862, 1021992742, 3617, 1038302402, 3601, 1038300878, 3875, 1038337288, 3867, 1038336857, 3874, 1038813934, 3866, 1038787755, 3859, 1038341850, 3876, 1021094565, 3868, 1021074880, 3352, 1037876690, 3361, 1038304388, 3877, 1021975516, 3362, 1038813859, 3354, 1038787709, 3878, 1021919470, 3870, 1021977554, 3879, 1021232176, 3364, 1021096854, 3871, 1021183060, 3348, 1021073590, 3863, 1021152968, 3356, 1021077069, 3365, 1021978559, 3349, 1021996942, 3366, 1021916143, 3602, 1038789532, 3350, 1021989724, 3351, 1021150606, 3359, 1021180691, 3858, 1038789558, 3619, 1038336163, 3603, 1038340831, 3620, 1021095332, 3604, 1021072187, 3860, 1021071508, 3621, 1021976644, 3605, 1021995124, 3347, 1038338960, 3869, 1022005914, 3622, 1021918209, 3606, 1021991628, 3861, 1021994099]
[INFO] (lattice_cell.c: 455): on tick 45 of 50
[INFO] (lattice_cell.c: 172): the unmatched_packets is 56
[3872, 1037905378, 3864, 1037906334, 3856, 1037897559, 3344, 1037897512, 3616, 1037905362, 3600, 1037897526, 3360, 1037905370, 3352, 1037906301, 3873, 1038311130, 3865, 1038306988, 3857, 1038306230, 3617, 1038312162, 3618, 1038748364, 3361, 1038313979, 3619, 1038346108, 3362, 1038748257, 3606, 1022053871, 3351, 1021074455, 3607, 1021075682, 3863, 1021076049, 3345, 1038308892, 3858, 1038756214, 3875, 1038347147, 3859, 1038350287, 3876, 1021090449, 3860, 1021078663, 3353, 1038309698, 3869, 1021945997, 3346, 1038756148, 3861, 1021983218, 3354, 1038746738, 3878, 1022152885, 3347, 1038347632, 3355, 1038345128, 3870, 1022100475, 3879, 1020981560, 3862, 1022055653, 3364, 1021092612, 3356, 1021120438, 3348, 1021080567, 3871, 1021035491, 3365, 1021968382, 3357, 1021950526, 3349, 1021987606, 3601, 1038307170, 3366, 1022148505, 3358, 1022096106, 3350, 1022051249, 3866, 1038746855, 3367, 1020979776, 3874, 1038748461, 3602, 1038756176, 3359, 1021033756, 3603, 1038349356, 3867, 1038347854, 3620, 1021091076, 3604, 1021079161, 3868, 1021118362, 3621, 1021965681, 3605, 1021984995, 3622, 1022151111, 3877, 1021963749, 3623, 1020981109, 3363, 1038344285]
[INFO] (lattice_cell.c: 455): on tick 46 of 50
[INFO] (lattice_cell.c: 172): the unmatched_packets is 56
[3872, 1037870974, 3864, 1037846753, 3344, 1037862278, 3856, 1037862269, 3600, 1037862267, 3360, 1037871011, 3617, 1038302479, 3352, 1037846785, 3602, 1038802632, 3619, 1038339403, 3620, 1021066981, 3363, 1038337490, 3604, 1021079887, 3621, 1022004690, 3605, 1021980795, 3622, 1021903462, 3606, 1021944341, 3623, 1021234021, 3359, 1021253496, 3878, 1021904892, 3616, 1037870978, 3862, 1021945540, 3863, 1021209969, 3857, 1038301589, 3874, 1038793316, 3858, 1038802636, 3867, 1038337998, 3859, 1038338989, 3876, 1021066313, 3860, 1021079261, 3877, 1022003537, 3869, 1021988318, 3861, 1021979639, 3879, 1021234825, 3345, 1038304494, 3361, 1038304486, 3871, 1021255604, 3353, 1038302927, 3601, 1038302630, 3865, 1038299887, 3346, 1038802652, 3618, 1038793285, 3362, 1038793240, 3354, 1038818739, 3347, 1038336081, 3603, 1038337950, 3355, 1038335044, 3364, 1021068399, 3348, 1021081277, 3356, 1021083085, 3365, 1022006586, 3349, 1021982699, 3357, 1021991406, 3366, 1021901188, 3350, 1021942376, 3358, 1021895050, 3367, 1021232526, 3607, 1021209319, 3351, 1021207918, 3873, 1038301284, 3866, 1038818765, 3875, 1038340487, 3870, 1021898485, 3868, 1021081135]
[INFO] (lattice_cell.c: 455): on tick 47 of 50
[INFO] (lattice_cell.c: 172): the unmatched_packets is 56
[3872, 1037888678, 3344, 1037908104, 3864, 1037903178, 3616, 1037888649, 3600, 1037908087, 3360, 1037888652, 3352, 1037903176, 3873, 1038308093, 3856, 1037908104, 3345, 1038309529, 3865, 1038305038, 3617, 1038309123, 3601, 1038307800, 3857, 1038306841, 3353, 1038307785, 3361, 1038310927, 3874, 1038765377, 3346, 1038745354, 3866, 1038750911, 3618, 1038765310, 3354, 1038750756, 3347, 1038346189, 3355, 1038342031, 3356, 1021079697, 3349, 1021958253, 3357, 1021999601, 3606, 1022134957, 3622, 1022068859, 3359, 1020997990, 3878, 1022070456, 3607, 1021000408, 3862, 1022136556, 3362, 1038765213, 3348, 1021108207, 3859, 1038348846, 3602, 1038745404, 3868, 1021077567, 3876, 1021087002, 3364, 1021089418, 3603, 1038347911, 3363, 1038342484, 3365, 1021981945, 3350, 1022132528, 3358, 1022146056, 3877, 1021977528, 3366, 1022066409, 3351, 1020998993, 3367, 1021068912, 3869, 1021995388, 3870, 1022150034, 3879, 1021070750, 3871, 1020999863, 3863, 1021000902, 3619, 1038344323, 3858, 1038745449, 3867, 1038344792, 3875, 1038345398, 3604, 1021106789, 3620, 1021087773, 3605, 1021955761, 3621, 1021979341, 3860, 1021106274, 3861, 1021954116, 3623, 1021070277]
[INFO] (lattice_cell.c: 455): on tick 48 of 50
[INFO] (lattice_cell.c: 172): the unmatched_packets is 56
[3872, 1037890156, 3864, 1037882704, 3344, 1037852857, 3616, 1037890169, 3856, 1037852857, 3600, 1037852854, 3360, 1037890200, 3352, 1037882706, 3345, 1038301484, 3873, 1038303781, 3865, 1038300124, 3361, 1038306912, 3346, 1038812279, 3347, 1038339461, 3363, 1038337637, 3355, 1038337202, 3875, 1038340608, 3620, 1021110677, 3357, 1021987181, 3349, 1021990474, 3351, 1021245150, 3607, 1021246401, 3617, 1038304930, 3353, 1038303090, 3601, 1038299640, 3879, 1021116623, 3863, 1021246933, 3857, 1038298609, 3362, 1038773672, 3354, 1038781032, 3874, 1038773785, 3866, 1038781070, 3348, 1021084396, 3364, 1021112054, 3356, 1021088531, 3858, 1038812281, 3365, 1021955318, 3366, 1022017641, 3867, 1038340062, 3358, 1021943235, 3876, 1021110045, 3859, 1038342316, 3350, 1021891788, 3367, 1021114456, 3860, 1021082536, 3359, 1021197230, 3618, 1038773739, 3602, 1038812280, 3869, 1021983863, 3878, 1022021460, 3861, 1021987137, 3603, 1038341312, 3619, 1038339538, 3870, 1021947006, 3862, 1021895394, 3604, 1021083107, 3871, 1021199182, 3868, 1021086587, 3877, 1021951942, 3605, 1021988425, 3621, 1021953272, 3606, 1021893975, 3622, 1022019914, 3623, 1021115887]
[INFO] (lattice_cell.c: 455): on tick 49 of 50
[INFO] (lattice_cell.c: 172): the unmatched_packets is 56
[3872, 1037862346, 3864, 1037875845, 3344, 1037902520, 3616, 1037862329, 3856, 1037902500, 3360, 1037862337, 3352, 1037875833, 3600, 1037902505, 3873, 1038307892, 3865, 1038307526, 3345, 1038313567, 3617, 1038308971, 3361, 1038310820, 3353, 1038310299, 3874, 1038792596, 3866, 1038778574, 3346, 1038751387, 3618, 1038792519, 3858, 1038751474, 3362, 1038792409, 3867, 1038344309, 3347, 1038344223, 3859, 1038346937, 3357, 1021982010, 3606, 1022102497, 3358, 1022019894, 3623, 1021165904, 3359, 1021124432, 3879, 1021166541, 3863, 1021042450, 3868, 1021082829, 3877, 1021989855, 3869, 1021978053, 3875, 1038345861, 3871, 1021126441, 3876, 1021074411, 3857, 1038310877, 3601, 1038311837, 3602, 1038751432, 3878, 1021971871, 3354, 1038778474, 3619, 1038344810, 3870, 1022023644, 3603, 1038345982, 3363, 1038342987, 3355, 1038341494, 3348, 1021040216, 3620, 1021075175, 3860, 1021038100, 3862, 1022103892, 3604, 1021038717, 3364, 1021076830, 3356, 1021085061, 3349, 1022009512, 3621, 1021991479, 3605, 1022007180, 3365, 1021993919, 3622, 1021970271, 3350, 1022100261, 3366, 1021967793, 3861, 1022005692, 3367, 1021164433, 3351, 1021040401, 3607, 1021041871]
[INFO] (lattice_cell.c: 455): on tick 50 of 50
[INFO] (lattice_cell.c: 466): updating recording regions
[INFO] (recording.c: 507): 	Finalising channel 0 - state info stored in SDRAM
[INFO] (recording.c: 512): closed channel 0.
[INFO] (lattice_cell.c: 470): Simulation complete.

