[INFO] (lattice_cell.c: 604): starting lattice cell
[INFO] (lattice_cell.c: 526): Initialise: started
[INFO] (data_specification.c: 78): magic = ad130ad6, version = 1.0
[INFO] (lattice_cell.c: 555): my key is 5496
[INFO] (lattice_cell.c: 562): I'm in position ( 21, 15)
[INFO] (lattice_cell.c: 568): my n key is 5240
[INFO] (lattice_cell.c: 574): my U_X = 0.009999959729611874
[INFO] (lattice_cell.c: 575): my U_Y = -0.00027778511866927147
[INFO] (lattice_cell.c: 583): input_buffer initialised
[INFO] (recording.c: 563): Recording 1 regions, using output tag 0, size before trigger 7686388, time between triggers 50
[INFO] (recording.c: 665): Recording channel 0 configured to use 7686132 byte memory block starting at 0x62e3ef24
[INFO] (lattice_cell.c: 588): Recording flags = 0x00000001
[INFO] (lattice_cell.c: 619): setting timer to execute every 200000 microseconds
[INFO] (lattice_cell.c: 627): Starting

[INFO] (simulation.c: 159): Setting the runtime of this model to 50 starting at 0
[INFO] (simulation.c: 161): Setting the flag of infinite run for this model to 0
[INFO] (simulation.c: 175): Resuming
[INFO] (lattice_cell.c: 455): on tick 0 of 50
[5504, 1038779586, 5488, 1038779575, 5240, 1038779583, 5744, 1038779577, 5232, 1038779571, 5248, 1038779582, 5505, 1038306364, 5489, 1038306366, 5241, 1038302980, 5506, 1037884802, 5249, 1038302978, 5745, 1038310230, 5490, 1037884813, 5753, 1038310228, 5761, 1038310228, 5242, 1037884801, 5507, 1038331220, 5234, 1037884809, 5492, 1021989196, 5746, 1037884815, 5757, 1021099545, 5238, 1021122480, 5247, 1022019151, 5235, 1038334614, 5251, 1038334614, 5244, 1021985618, 5751, 1022011439, 5253, 1021092729, 5246, 1021122472, 5233, 1038302978, 5752, 1038779585, 5250, 1037884798, 5760, 1038779586, 5243, 1038334614, 5491, 1038331222, 5508, 1021989207, 5762, 1037884802, 5754, 1037884803, 5509, 1021095914, 5493, 1021095925, 5755, 1038327348, 5747, 1038327350, 5510, 1021119281, 5494, 1021119290, 5763, 1038327348, 5511, 1022015554, 5495, 1022015543, 5756, 1021993303, 5748, 1021993293, 5764, 1021993303, 5236, 1021985606, 5252, 1021985617, 5255, 1022019149, 5245, 1021092731, 5749, 1021099557, 5237, 1021092740, 5765, 1021099545, 5254, 1021122469, 5239, 1022019138, 5767, 1022011449, 5758, 1021115639, 5750, 1021115651, 5766, 1021115639, 5759, 1022011449]
[INFO] (lattice_cell.c: 455): on tick 1 of 50
[INFO] (lattice_cell.c: 172): the unmatched_packets is 56
[5504, 1038774642, 5488, 1038774611, 5240, 1038774635, 5232, 1038774613, 5489, 1038314812, 5744, 1038774603, 5508, 1021988592, 5250, 1037879854, 5509, 1021086599, 5762, 1037879852, 5236, 1021984664, 5495, 1022006203, 5245, 1021083712, 5757, 1021090085, 5749, 1021090051, 5255, 1022010216, 5766, 1021115188, 5750, 1021115218, 5759, 1022001926, 5235, 1038342972, 5244, 1021984630, 5238, 1021121606, 5239, 1022010172, 5247, 1022010204, 5760, 1038774638, 5752, 1038774631, 5505, 1038314812, 5241, 1038311489, 5761, 1038318616, 5248, 1038774642, 5753, 1038318612, 5745, 1038318608, 5233, 1038311491, 5754, 1037879853, 5506, 1037879854, 5490, 1037879881, 5746, 1037879873, 5507, 1038339640, 5491, 1038339640, 5755, 1038335835, 5763, 1038335839, 5747, 1038335831, 5492, 1021988626, 5756, 1021992901, 5764, 1021992895, 5748, 1021992929, 5493, 1021086565, 5765, 1021090091, 5510, 1021118685, 5494, 1021118727, 5253, 1021083722, 5511, 1022006245, 5758, 1021115189, 5246, 1021121567, 5767, 1022001937, 5254, 1021121560, 5751, 1022001891, 5251, 1038342970, 5249, 1038311491, 5252, 1021984630, 5242, 1037879855, 5234, 1037879885, 5243, 1038342968, 5237, 1021083691]
[INFO] (lattice_cell.c: 455): on tick 2 of 50
[INFO] (lattice_cell.c: 172): the unmatched_packets is 56
[5504, 1038780028, 5240, 1038780031, 5488, 1038780089, 5232, 1038780083, 5248, 1038780022, 5744, 1038780089, 5505, 1038306668, 5489, 1038306670, 5506, 1037885238, 5491, 1038331834, 5508, 1021989866, 5509, 1021096330, 5747, 1038327913, 5511, 1022015782, 5254, 1021122796, 5749, 1021100006, 5249, 1038303237, 5750, 1021116177, 5242, 1037885229, 5234, 1037885173, 5250, 1037885232, 5243, 1038335268, 5751, 1022011833, 5238, 1021122758, 5239, 1022019302, 5255, 1022019263, 5752, 1038780035, 5241, 1038303233, 5233, 1038303241, 5760, 1038780032, 5490, 1037885173, 5761, 1038310580, 5753, 1038310574, 5235, 1038335268, 5745, 1038310584, 5507, 1038331840, 5251, 1038335272, 5754, 1037885229, 5762, 1037885238, 5746, 1037885175, 5492, 1021989671, 5237, 1021093445, 5755, 1038327917, 5763, 1038327923, 5756, 1021993810, 5764, 1021993844, 5748, 1021993648, 5493, 1021096504, 5757, 1021099857, 5765, 1021099837, 5510, 1021119737, 5494, 1021119682, 5236, 1021986187, 5766, 1021116226, 5758, 1021116216, 5244, 1021986356, 5252, 1021986382, 5245, 1021093298, 5253, 1021093278, 5495, 1022015822, 5767, 1022011796, 5246, 1021122786, 5759, 1022011803, 5247, 1022019272]
[INFO] (lattice_cell.c: 455): on tick 3 of 50
[INFO] (lattice_cell.c: 172): the unmatched_packets is 56
[5504, 1038774682, 5488, 1038774303, 5240, 1038774635, 5232, 1038774303, 5752, 1038774639, 5248, 1038774680, 5744, 1038774297, 5760, 1038774682, 5505, 1038314854, 5489, 1038314816, 5241, 1038311587, 5233, 1038311552, 5753, 1038318588, 5745, 1038318556, 5249, 1038311599, 5761, 1038318596, 5506, 1037879924, 5490, 1037880295, 5242, 1037879967, 5492, 1021989158, 5243, 1038342938, 5493, 1021085815, 5494, 1021119074, 5244, 1021984272, 5511, 1022006796, 5763, 1038335927, 5236, 1021985113, 5245, 1021083546, 5238, 1021122053, 5765, 1021090234, 5750, 1021115460, 5767, 1022002394, 5235, 1038342944, 5251, 1038342938, 5751, 1022002037, 5252, 1021984133, 5253, 1021083658, 5237, 1021082837, 5254, 1021121721, 5246, 1021121783, 5239, 1022010489, 5234, 1037880285, 5746, 1037880287, 5762, 1037879920, 5755, 1038335927, 5250, 1037879928, 5747, 1038335931, 5756, 1021992717, 5754, 1037879965, 5764, 1021992580, 5507, 1038339668, 5491, 1038339676, 5757, 1021090116, 5749, 1021089419, 5508, 1021988179, 5758, 1021115174, 5509, 1021086647, 5766, 1021115118, 5510, 1021118734, 5759, 1022002334, 5495, 1022006446, 5748, 1021993557, 5247, 1022010774, 5255, 1022010835]
[INFO] (lattice_cell.c: 455): on tick 4 of 50
[INFO] (lattice_cell.c: 172): the unmatched_packets is 56
[5504, 1038780108, 5488, 1038781841, 5240, 1038780315, 5752, 1038780319, 5232, 1038781839, 5505, 1038306540, 5744, 1038781841, 5760, 1038780110, 5241, 1038303108, 5507, 1038332008, 5234, 1037883473, 5509, 1021096143, 5493, 1021100014, 5763, 1038328051, 5748, 1021989281, 5766, 1021116645, 5750, 1021115157, 5249, 1038303088, 5242, 1037884951, 5759, 1022011700, 5243, 1038335474, 5235, 1038335462, 5251, 1038335480, 5254, 1021122955, 5239, 1022020250, 5255, 1022018699, 5248, 1038780114, 5233, 1038303304, 5489, 1038306766, 5753, 1038310526, 5506, 1037885146, 5490, 1037883471, 5761, 1038310494, 5745, 1038310710, 5754, 1037884953, 5491, 1038331984, 5762, 1037885152, 5746, 1037883471, 5508, 1021990199, 5755, 1038328039, 5492, 1021985402, 5747, 1038328027, 5756, 1021993407, 5764, 1021994091, 5510, 1021120025, 5247, 1022018997, 5494, 1021118547, 5495, 1022016847, 5250, 1037885146, 5511, 1022015288, 5757, 1021100073, 5236, 1021982002, 5244, 1021986126, 5252, 1021986803, 5765, 1021099530, 5237, 1021097091, 5749, 1021103388, 5245, 1021093763, 5253, 1021093217, 5238, 1021121490, 5246, 1021122687, 5758, 1021116378, 5767, 1022011408, 5751, 1022012960]
[INFO] (lattice_cell.c: 455): on tick 5 of 50
[INFO] (lattice_cell.c: 172): the unmatched_packets is 56
[5504, 1038774270, 5488, 1038766661, 5240, 1038773290, 5232, 1038766663, 5744, 1038766659, 5760, 1038774272, 5505, 1038314808, 5489, 1038313779, 5490, 1037887654, 5241, 1038311400, 5507, 1038339628, 5508, 1021987933, 5492, 1022009201, 5754, 1037881282, 5243, 1038342890, 5755, 1038335981, 5495, 1022001023, 5244, 1021987181, 5253, 1021083513, 5239, 1022005129, 5758, 1021115856, 5759, 1022001922, 5751, 1021996556, 5235, 1038342978, 5236, 1022005123, 5254, 1021121359, 5255, 1022011955, 5247, 1022010488, 5752, 1038773286, 5248, 1038774274, 5233, 1038310560, 5753, 1038318302, 5761, 1038318492, 5249, 1038311593, 5762, 1037880330, 5746, 1037887660, 5745, 1038317484, 5242, 1037881276, 5234, 1037887654, 5506, 1037880326, 5763, 1038335938, 5747, 1038336075, 5491, 1038339768, 5756, 1021995720, 5748, 1022013657, 5251, 1038342840, 5764, 1021992402, 5509, 1021086599, 5765, 1021090308, 5493, 1021069414, 5252, 1021983850, 5757, 1021087713, 5766, 1021114551, 5749, 1021073096, 5510, 1021118252, 5750, 1021121063, 5494, 1021124760, 5767, 1022003373, 5245, 1021080933, 5511, 1022007860, 5250, 1037880334, 5238, 1021127866, 5237, 1021066329, 5246, 1021122661]
[INFO] (lattice_cell.c: 455): on tick 6 of 50
[INFO] (lattice_cell.c: 172): the unmatched_packets is 56
[5504, 1038782102, 5488, 1038804422, 5240, 1038786292, 5232, 1038804426, 5752, 1038786296, 5248, 1038782104, 5744, 1038804422, 5505, 1038306620, 5241, 1038303935, 5490, 1037861636, 5508, 1021988746, 5493, 1021158211, 5511, 1022012711, 5255, 1022016071, 5766, 1021118361, 5249, 1038303144, 5250, 1037883216, 5243, 1038335608, 5235, 1038335408, 5767, 1022008889, 5251, 1038335847, 5244, 1021970658, 5237, 1021155376, 5245, 1021105570, 5238, 1021106311, 5254, 1021124432, 5247, 1022022614, 5233, 1038303944, 5489, 1038307408, 5506, 1037883204, 5242, 1037879160, 5491, 1038331912, 5507, 1038332350, 5234, 1037861630, 5753, 1038311389, 5761, 1038310598, 5492, 1021923857, 5746, 1037861634, 5754, 1037879168, 5762, 1037883208, 5509, 1021096882, 5745, 1038311375, 5747, 1038327923, 5755, 1038328132, 5763, 1038328368, 5494, 1021103523, 5510, 1021121629, 5748, 1021927712, 5756, 1021977865, 5495, 1022032247, 5764, 1021992556, 5749, 1021161510, 5757, 1021111661, 5765, 1021100155, 5239, 1022035612, 5236, 1021920464, 5252, 1021985399, 5253, 1021094071, 5750, 1021100256, 5758, 1021112707, 5246, 1021118782, 5760, 1038782102, 5751, 1022028419, 5759, 1022015432]
[INFO] (lattice_cell.c: 455): on tick 7 of 50
[INFO] (lattice_cell.c: 172): the unmatched_packets is 56
[5504, 1038765393, 5240, 1038754269, 5488, 1038732301, 5232, 1038732307, 5752, 1038754281, 5744, 1038732297, 5248, 1038765407, 5489, 1038315598, 5491, 1038340246, 5508, 1021996332, 5242, 1037899638, 5243, 1038342878, 5494, 1021140342, 5747, 1038336588, 5495, 1021986014, 5252, 1021992250, 5255, 1022021922, 5766, 1021108744, 5249, 1038310706, 5239, 1021990100, 5760, 1038765397, 5233, 1038312381, 5505, 1038313885, 5753, 1038317566, 5761, 1038317542, 5241, 1038310705, 5506, 1037888902, 5490, 1037920968, 5746, 1037920974, 5762, 1037888908, 5234, 1037920964, 5507, 1038338705, 5745, 1038319288, 5250, 1037888898, 5763, 1038335043, 5492, 1022121217, 5754, 1037899632, 5251, 1038341884, 5748, 1022125656, 5509, 1021081506, 5493, 1020950150, 5756, 1022043915, 5244, 1022035417, 5755, 1038336046, 5510, 1021112519, 5749, 1020953875, 5757, 1021042134, 5765, 1021085282, 5237, 1020947074, 5764, 1022000814, 5511, 1022017838, 5253, 1021078322, 5245, 1021035191, 5750, 1021136550, 5758, 1021126860, 5767, 1022013346, 5751, 1021981488, 5254, 1021115718, 5759, 1021991691, 5246, 1021133856, 5235, 1038343424, 5236, 1022117223, 5238, 1021143529, 5247, 1022000292]
[INFO] (lattice_cell.c: 455): on tick 8 of 50
[INFO] (lattice_cell.c: 172): the unmatched_packets is 56
[5504, 1038811302, 5488, 1038817200, 5240, 1038821765, 5232, 1038817188, 5752, 1038821753, 5248, 1038811302, 5505, 1038306966, 5744, 1038817204, 5489, 1038306961, 5490, 1037848680, 5233, 1038303534, 5492, 1021819814, 5250, 1037855016, 5746, 1037848668, 5755, 1038328826, 5511, 1021983225, 5756, 1021882396, 5749, 1021265327, 5765, 1021125863, 5758, 1021102597, 5234, 1037848696, 5235, 1038335580, 5759, 1022022035, 5251, 1038336603, 5236, 1021816369, 5244, 1021875054, 5751, 1022017286, 5245, 1021208604, 5239, 1022024396, 5760, 1038811306, 5745, 1038310902, 5753, 1038309222, 5241, 1038301817, 5506, 1037855018, 5761, 1038310939, 5242, 1037844788, 5754, 1037844806, 5507, 1038333125, 5491, 1038332088, 5762, 1037855018, 5747, 1038328084, 5748, 1021823651, 5764, 1021964632, 5763, 1038329138, 5508, 1021960790, 5757, 1021214565, 5493, 1021262004, 5509, 1021122670, 5766, 1021144772, 5494, 1021113033, 5510, 1021147950, 5750, 1021109838, 5767, 1021979380, 5238, 1021115721, 5495, 1022021066, 5243, 1038336312, 5252, 1021957380, 5249, 1038303491, 5237, 1021259161, 5253, 1021119972, 5246, 1021108472, 5254, 1021150655, 5247, 1022029209, 5255, 1021986625]
[INFO] (lattice_cell.c: 455): on tick 9 of 50
[INFO] (lattice_cell.c: 172): the unmatched_packets is 56
[5504, 1038707608, 5240, 1038721652, 5488, 1038765722, 5232, 1038765734, 5744, 1038765702, 5760, 1038707602, 5248, 1038707602, 5505, 1038316264, 5489, 1038314575, 5241, 1038310888, 5233, 1038311353, 5745, 1038318258, 5506, 1037944857, 5761, 1038319930, 5249, 1038313074, 5491, 1038339059, 5492, 1022092054, 5493, 1020983110, 5509, 1021006371, 5235, 1038342225, 5746, 1037889261, 5244, 1022141885, 5495, 1022025772, 5238, 1021109119, 5765, 1021010204, 5247, 1022032750, 5751, 1022021253, 5243, 1038342566, 5236, 1022088085, 5237, 1020980043, 5245, 1020928812, 5242, 1037931523, 5234, 1037889219, 5239, 1022029843, 5255, 1022090673, 5752, 1038721618, 5250, 1037944855, 5753, 1038317785, 5490, 1037889237, 5754, 1037931551, 5762, 1037944857, 5251, 1038343919, 5747, 1038335415, 5507, 1038340720, 5763, 1038337053, 5252, 1022059080, 5748, 1022096519, 5756, 1022150172, 5764, 1022067379, 5508, 1022062996, 5253, 1021003147, 5755, 1038335745, 5749, 1020986780, 5757, 1020935709, 5254, 1021040924, 5494, 1021105852, 5750, 1021102013, 5246, 1021105473, 5510, 1021037696, 5758, 1021098377, 5766, 1021033849, 5511, 1022086727, 5767, 1022082336, 5759, 1022024251]
[INFO] (lattice_cell.c: 455): on tick 10 of 50
[INFO] (lattice_cell.c: 172): the unmatched_packets is 56
[5504, 1038864162, 5240, 1038824237, 5488, 1038777811, 5232, 1038777811, 5752, 1038824289, 5744, 1038777807, 5760, 1038864154, 5505, 1038306418, 5248, 1038864162, 5489, 1038305651, 5506, 1037803266, 5251, 1038336739, 5249, 1038303004, 5234, 1037886909, 5750, 1021145755, 5243, 1038334862, 5767, 1021865732, 5235, 1038337190, 5759, 1021923594, 5244, 1021873672, 5252, 1021845978, 5238, 1021151471, 5239, 1021986963, 5247, 1021931008, 5255, 1021873229, 5233, 1038302224, 5241, 1038302728, 5242, 1037841700, 5490, 1037886897, 5507, 1038333308, 5491, 1038333722, 5753, 1038310072, 5761, 1038310361, 5745, 1038309590, 5508, 1021849520, 5754, 1037841642, 5492, 1021995279, 5762, 1037803266, 5746, 1037886889, 5493, 1021091404, 5509, 1021232933, 5253, 1021230250, 5494, 1021148874, 5510, 1021258236, 5756, 1021881068, 5755, 1038327440, 5748, 1021999142, 5763, 1038329368, 5747, 1038329742, 5495, 1021983538, 5246, 1021212316, 5254, 1021260913, 5511, 1021869675, 5250, 1037803262, 5764, 1021853464, 5236, 1021991795, 5237, 1021088660, 5757, 1021210080, 5245, 1021204088, 5765, 1021236099, 5749, 1021094652, 5758, 1021206567, 5766, 1021255063, 5751, 1021979679]
[INFO] (lattice_cell.c: 455): on tick 11 of 50
[INFO] (lattice_cell.c: 172): the unmatched_packets is 56
[5504, 1038726462, 5488, 1038751131, 5240, 1038743491, 5232, 1038751128, 5752, 1038743465, 5760, 1038726462, 5248, 1038726464, 5489, 1038315763, 5505, 1038314591, 5241, 1038311963, 5490, 1037902299, 5492, 1021937915, 5235, 1038344033, 5510, 1020972549, 5755, 1038334662, 5254, 1020975744, 5246, 1020971083, 5758, 1020963933, 5242, 1037910709, 5234, 1037902297, 5250, 1037927758, 5751, 1022065670, 5243, 1038341563, 5236, 1021934100, 5244, 1021991375, 5237, 1021127399, 5238, 1021056779, 5239, 1022073871, 5247, 1022169772, 5233, 1038312558, 5249, 1038311377, 5744, 1038751123, 5753, 1038318845, 5506, 1037927750, 5745, 1038319435, 5761, 1038318284, 5754, 1037910745, 5251, 1038342008, 5762, 1037927756, 5507, 1038338788, 5491, 1038340850, 5508, 1022135827, 5763, 1038335104, 5747, 1038337191, 5746, 1037902303, 5509, 1020942016, 5493, 1021130644, 5756, 1021999622, 5764, 1022140169, 5494, 1021053451, 5765, 1020945789, 5255, 1022165964, 5511, 1022162111, 5748, 1021942221, 5495, 1022070017, 5749, 1021134492, 5757, 1021082484, 5252, 1022131976, 5766, 1020968779, 5253, 1020938839, 5245, 1021075546, 5750, 1021049549, 5767, 1022157758, 5759, 1022161679]
[INFO] (lattice_cell.c: 455): on tick 12 of 50
[INFO] (lattice_cell.c: 172): the unmatched_packets is 56
[5504, 1038769823, 5240, 1038804336, 5488, 1038827056, 5232, 1038827052, 5752, 1038804284, 5744, 1038827051, 5760, 1038769827, 5248, 1038769825, 5505, 1038306407, 5241, 1038301147, 5491, 1038333917, 5745, 1038309433, 5754, 1037861233, 5509, 1021159747, 5510, 1021186941, 5748, 1022010166, 5766, 1021183749, 5249, 1038303018, 5767, 1021939021, 5242, 1037861199, 5235, 1038337326, 5251, 1038336845, 5245, 1021054882, 5253, 1021157090, 5254, 1021189593, 5753, 1038308475, 5761, 1038310326, 5233, 1038302095, 5489, 1038305511, 5762, 1037893960, 5506, 1037893946, 5490, 1037839529, 5746, 1037839527, 5755, 1038330354, 5234, 1037839541, 5763, 1038329528, 5507, 1038333445, 5747, 1038329986, 5492, 1022006122, 5756, 1022036058, 5508, 1021924169, 5764, 1021928094, 5493, 1021079534, 5236, 1022002447, 5757, 1021060609, 5765, 1021162923, 5494, 1021248766, 5244, 1022028491, 5749, 1021082601, 5252, 1021920601, 5758, 1021270962, 5495, 1021881447, 5511, 1021942944, 5238, 1021251338, 5750, 1021245701, 5759, 1021850846, 5250, 1037893948, 5243, 1038337671, 5751, 1021877410, 5237, 1021076959, 5246, 1021276703, 5239, 1021885097, 5247, 1021858511, 5255, 1021946525]
[INFO] (lattice_cell.c: 455): on tick 13 of 50
[INFO] (lattice_cell.c: 172): the unmatched_packets is 56
[5504, 1038797138, 5240, 1038764870, 5488, 1038740177, 5752, 1038764926, 5248, 1038797142, 5505, 1038315386, 5241, 1038311306, 5491, 1038338939, 5492, 1021989928, 5761, 1038319067, 5243, 1038342127, 5494, 1020954195, 5239, 1022185148, 5247, 1022098841, 5255, 1021987934, 5249, 1038312171, 5234, 1037913896, 5250, 1037858068, 5235, 1038342164, 5236, 1021986237, 5244, 1021981703, 5252, 1021953875, 5254, 1021144438, 5232, 1038740167, 5744, 1038740185, 5760, 1038797134, 5233, 1038311856, 5489, 1038315058, 5753, 1038318196, 5506, 1037858068, 5745, 1038318741, 5490, 1037913898, 5242, 1037889629, 5754, 1037889583, 5507, 1038340064, 5762, 1037858066, 5746, 1037913896, 5508, 1021957589, 5755, 1038335206, 5763, 1038336374, 5747, 1038335238, 5493, 1021081265, 5509, 1021111960, 5251, 1038343272, 5510, 1021141157, 5495, 1022181457, 5756, 1021989555, 5764, 1021961823, 5748, 1021994127, 5511, 1021984200, 5757, 1021092381, 5765, 1021115815, 5749, 1021085136, 5758, 1021034366, 5766, 1021137286, 5750, 1020950314, 5237, 1021077940, 5767, 1021979950, 5245, 1021085132, 5253, 1021108664, 5759, 1022090838, 5238, 1020957504, 5751, 1022177267, 5246, 1021041411]
[INFO] (lattice_cell.c: 455): on tick 14 of 50
[INFO] (lattice_cell.c: 172): the unmatched_packets is 56
[5504, 1038788019, 5488, 1038784707, 5240, 1038770052, 5505, 1038306140, 5248, 1038788019, 5506, 1037878123, 5507, 1038332844, 5492, 1021994953, 5510, 1021092607, 5495, 1021899308, 5511, 1022041889, 5253, 1021062030, 5238, 1021233051, 5255, 1022045650, 5765, 1021067530, 5233, 1038302197, 5249, 1038302763, 5242, 1037894375, 5243, 1038335578, 5251, 1038336227, 5252, 1022018727, 5254, 1021095094, 5247, 1022022637, 5232, 1038784732, 5241, 1038302539, 5489, 1038305578, 5752, 1038770056, 5744, 1038784675, 5760, 1038788025, 5490, 1037879568, 5234, 1037879550, 5745, 1038309470, 5761, 1038310040, 5753, 1038309802, 5491, 1038334460, 5754, 1037894377, 5746, 1037879592, 5762, 1037878129, 5508, 1022022482, 5755, 1038328298, 5747, 1038330576, 5763, 1038328947, 5509, 1021064500, 5493, 1021089943, 5756, 1021972022, 5245, 1021116992, 5494, 1021230459, 5748, 1021999052, 5764, 1022026608, 5239, 1021903023, 5757, 1021122517, 5250, 1037878117, 5749, 1021092993, 5235, 1038337826, 5236, 1021991219, 5766, 1021089579, 5244, 1021964140, 5758, 1021114040, 5750, 1021227349, 5237, 1021087426, 5246, 1021119707, 5767, 1022037740, 5759, 1022014902, 5751, 1021895226]
[INFO] (lattice_cell.c: 455): on tick 15 of 50
[INFO] (lattice_cell.c: 172): the unmatched_packets is 56
[5504, 1038759967, 5240, 1038782341, 5488, 1038783455, 5232, 1038783432, 5248, 1038759975, 5744, 1038783472, 5752, 1038782325, 5760, 1038759959, 5505, 1038314930, 5241, 1038310728, 5489, 1038314357, 5233, 1038311128, 5753, 1038317648, 5506, 1037893959, 5761, 1038318627, 5507, 1038340126, 5492, 1021981752, 5493, 1021088668, 5494, 1021108816, 5251, 1038343342, 5243, 1038343266, 5235, 1038343912, 5244, 1021975730, 5252, 1021999085, 5237, 1021085292, 5245, 1021090069, 5254, 1021101776, 5247, 1021983416, 5745, 1038318060, 5490, 1037871378, 5249, 1038311710, 5242, 1037872358, 5234, 1037871396, 5754, 1037872382, 5762, 1037893957, 5491, 1038340683, 5250, 1037893963, 5746, 1037871358, 5508, 1022002618, 5509, 1021069993, 5747, 1038336967, 5756, 1021983356, 5764, 1022006687, 5236, 1021978217, 5510, 1021098392, 5755, 1038336343, 5748, 1021985804, 5763, 1038336419, 5495, 1022019090, 5511, 1022029329, 5765, 1021073916, 5749, 1021092593, 5758, 1021144652, 5766, 1021094480, 5757, 1021097340, 5767, 1022025258, 5750, 1021104995, 5759, 1021975778, 5751, 1022014935, 5253, 1021066635, 5238, 1021112103, 5246, 1021151931, 5239, 1022022724, 5255, 1022032869]
[INFO] (lattice_cell.c: 455): on tick 16 of 50
[INFO] (lattice_cell.c: 172): the unmatched_packets is 56
[5504, 1038771420, 5240, 1038788454, 5488, 1038775818, 5232, 1038775810, 5752, 1038788440, 5744, 1038775825, 5760, 1038771424, 5248, 1038771420, 5505, 1038306502, 5241, 1038301969, 5489, 1038306096, 5490, 1037889260, 5233, 1038302755, 5492, 1021986131, 5761, 1038310346, 5234, 1037889264, 5493, 1021097887, 5250, 1037892694, 5235, 1038336431, 5494, 1021087520, 5495, 1022048884, 5756, 1022014951, 5764, 1021978866, 5246, 1021128813, 5757, 1021079729, 5239, 1022052716, 5749, 1021100884, 5758, 1021123372, 5767, 1021989748, 5242, 1037877110, 5236, 1021982253, 5244, 1022006858, 5252, 1021970816, 5254, 1021141964, 5255, 1021997825, 5249, 1038303158, 5753, 1038309163, 5745, 1038309941, 5506, 1037892690, 5507, 1038333007, 5491, 1038333079, 5762, 1037892698, 5746, 1037889258, 5508, 1021974661, 5755, 1038328887, 5763, 1038329158, 5754, 1037877130, 5747, 1038329216, 5509, 1021109792, 5510, 1021139487, 5245, 1021074249, 5253, 1021107332, 5511, 1021993973, 5765, 1021112840, 5748, 1021990390, 5243, 1038336100, 5251, 1038336359, 5237, 1021095443, 5238, 1021090009, 5766, 1021136438, 5750, 1021084463, 5247, 1022014812, 5759, 1022006662, 5751, 1022044687]
[INFO] (lattice_cell.c: 455): on tick 17 of 50
[INFO] (lattice_cell.c: 172): the unmatched_packets is 56
[5504, 1038783523, 5488, 1038770292, 5240, 1038769517, 5232, 1038770300, 5752, 1038769535, 5248, 1038783529, 5760, 1038783519, 5744, 1038770298, 5505, 1038314661, 5489, 1038314063, 5241, 1038310659, 5233, 1038310823, 5249, 1038311426, 5753, 1038317615, 5745, 1038317793, 5761, 1038318392, 5506, 1037871348, 5490, 1037883814, 5242, 1037884836, 5234, 1037883808, 5754, 1037884804, 5746, 1037883810, 5250, 1037871352, 5491, 1038341180, 5762, 1037871352, 5508, 1021966841, 5235, 1038344418, 5509, 1021104564, 5494, 1021121971, 5747, 1038337446, 5511, 1021993432, 5764, 1021970783, 5254, 1021135008, 5748, 1021984203, 5251, 1038343601, 5750, 1021118058, 5759, 1022028998, 5237, 1021086969, 5751, 1022001269, 5253, 1021101188, 5239, 1022008634, 5255, 1021996872, 5243, 1038343140, 5507, 1038340364, 5492, 1021980259, 5244, 1021990596, 5236, 1021976824, 5763, 1038336628, 5493, 1021090317, 5755, 1038336173, 5245, 1021077635, 5510, 1021131641, 5238, 1021125357, 5756, 1021997948, 5495, 1022005203, 5246, 1021100145, 5757, 1021084889, 5765, 1021108440, 5247, 1022036414, 5252, 1021963402, 5749, 1021094211, 5758, 1021092931, 5766, 1021127767, 5767, 1021989489]
[INFO] (lattice_cell.c: 455): on tick 18 of 50
[INFO] (lattice_cell.c: 172): the unmatched_packets is 56
[5504, 1038789111, 5240, 1038771575, 5488, 1038783710, 5232, 1038783712, 5248, 1038789109, 5760, 1038789111, 5505, 1038306544, 5489, 1038305702, 5241, 1038302487, 5233, 1038302413, 5753, 1038309595, 5506, 1037876618, 5249, 1038303243, 5491, 1038333777, 5234, 1037881116, 5509, 1021083518, 5510, 1021114323, 5747, 1038329960, 5238, 1021146812, 5255, 1022024951, 5250, 1037876612, 5243, 1038335729, 5750, 1021141277, 5235, 1038337091, 5759, 1022012717, 5251, 1038336027, 5244, 1021978630, 5252, 1021996933, 5245, 1021100795, 5253, 1021081075, 5246, 1021123555, 5239, 1021995606, 5242, 1037892748, 5752, 1038771577, 5490, 1037881126, 5744, 1038783692, 5745, 1038309510, 5761, 1038310351, 5507, 1038332726, 5754, 1037892754, 5762, 1037876620, 5508, 1022000886, 5492, 1021996125, 5746, 1037881148, 5763, 1038328912, 5755, 1038328608, 5493, 1021086536, 5494, 1021144316, 5764, 1022005215, 5756, 1021986932, 5748, 1022000470, 5495, 1021991648, 5511, 1022020993, 5765, 1021086546, 5757, 1021106295, 5254, 1021116758, 5247, 1022020963, 5749, 1021089598, 5766, 1021111265, 5751, 1021987301, 5758, 1021118003, 5236, 1021992177, 5767, 1022016643, 5237, 1021084080]
[INFO] (lattice_cell.c: 455): on tick 19 of 50
[INFO] (lattice_cell.c: 172): the unmatched_packets is 56
[5504, 1038770563, 5240, 1038776387, 5488, 1038777587, 5232, 1038777575, 5248, 1038770567, 5505, 1038314414, 5489, 1038313623, 5241, 1038310095, 5506, 1037883751, 5745, 1038317394, 5492, 1021988631, 5242, 1037878043, 5252, 1021996215, 5495, 1022014414, 5247, 1021999833, 5766, 1021096621, 5249, 1038311158, 5759, 1021992667, 5243, 1038343777, 5251, 1038343962, 5245, 1021097192, 5246, 1021134689, 5233, 1038310356, 5752, 1038776383, 5490, 1037877031, 5507, 1038340694, 5491, 1038341355, 5760, 1038770561, 5744, 1038777593, 5234, 1037877041, 5508, 1021999548, 5250, 1037883753, 5753, 1038317112, 5754, 1037878046, 5493, 1021083329, 5509, 1021074224, 5761, 1038318174, 5762, 1037883747, 5755, 1038336752, 5494, 1021112583, 5244, 1021970171, 5510, 1021100445, 5763, 1038336929, 5747, 1038337581, 5746, 1037877008, 5756, 1021977323, 5511, 1022025718, 5764, 1022003374, 5748, 1021992453, 5238, 1021115874, 5757, 1021104306, 5239, 1022017796, 5765, 1021078045, 5749, 1021087151, 5235, 1038344612, 5236, 1021985320, 5758, 1021127529, 5237, 1021080011, 5253, 1021070911, 5750, 1021108793, 5767, 1022021872, 5254, 1021103765, 5751, 1022010526, 5255, 1022029054]
[INFO] (lattice_cell.c: 455): on tick 20 of 50
[INFO] (lattice_cell.c: 172): the unmatched_packets is 56
[5504, 1038770909, 5240, 1038787510, 5488, 1038776378, 5232, 1038776368, 5752, 1038787502, 5248, 1038770907, 5760, 1038770907, 5505, 1038306827, 5489, 1038306286, 5241, 1038302432, 5491, 1038333258, 5508, 1021990044, 5243, 1038335722, 5235, 1038336541, 5510, 1021125027, 5251, 1038335980, 5254, 1021127538, 5246, 1021133454, 5765, 1021096182, 5249, 1038303568, 5767, 1022006472, 5751, 1022023580, 5252, 1021986028, 5237, 1021090141, 5238, 1021112646, 5255, 1022014884, 5242, 1037877861, 5753, 1038309448, 5233, 1038303027, 5234, 1037888366, 5744, 1038776390, 5506, 1037893306, 5490, 1037888359, 5761, 1038310585, 5745, 1038310039, 5250, 1037893304, 5762, 1037893312, 5754, 1037877882, 5746, 1037888351, 5755, 1038328693, 5507, 1038332708, 5747, 1038329494, 5763, 1038328954, 5756, 1022000856, 5492, 1021988405, 5764, 1021994453, 5509, 1021093057, 5493, 1021092636, 5748, 1021992828, 5494, 1021110106, 5757, 1021091365, 5244, 1021992416, 5236, 1021984370, 5495, 1022027991, 5511, 1022010879, 5749, 1021095758, 5253, 1021090562, 5758, 1021127830, 5245, 1021085723, 5766, 1021121917, 5239, 1022031983, 5247, 1022012213, 5750, 1021106985, 5759, 1022003749]
[INFO] (lattice_cell.c: 455): on tick 21 of 50
[INFO] (lattice_cell.c: 172): the unmatched_packets is 56
[5504, 1038774328, 5488, 1038771192, 5240, 1038775825, 5232, 1038771186, 5752, 1038775825, 5760, 1038774322, 5248, 1038774324, 5505, 1038314079, 5241, 1038309664, 5506, 1037880000, 5491, 1038341881, 5753, 1038316750, 5492, 1021978706, 5493, 1021096549, 5765, 1021105666, 5239, 1022013185, 5767, 1021992889, 5242, 1037878747, 5250, 1037880002, 5235, 1038345167, 5236, 1021975427, 5244, 1021993379, 5252, 1021968020, 5237, 1021093344, 5238, 1021119574, 5254, 1021130710, 5744, 1038771196, 5233, 1038309112, 5489, 1038312399, 5249, 1038310794, 5745, 1038316212, 5761, 1038317868, 5490, 1037882895, 5754, 1037878737, 5234, 1037882903, 5762, 1037880004, 5507, 1038340875, 5746, 1037882907, 5508, 1021971290, 5755, 1038336854, 5747, 1038338080, 5763, 1038337079, 5509, 1021101945, 5756, 1022000386, 5764, 1021975041, 5494, 1021116315, 5510, 1021127485, 5495, 1022009915, 5511, 1021996635, 5748, 1021982458, 5750, 1021112573, 5757, 1021083919, 5243, 1038343934, 5251, 1038344161, 5749, 1021100270, 5766, 1021123748, 5758, 1021102831, 5245, 1021076988, 5253, 1021098716, 5246, 1021109787, 5759, 1022018117, 5751, 1022006162, 5247, 1022025173, 5255, 1021999901]
[INFO] (lattice_cell.c: 455): on tick 22 of 50
[INFO] (lattice_cell.c: 172): the unmatched_packets is 56
[5504, 1038787158, 5240, 1038773617, 5488, 1038781728, 5232, 1038781732, 5752, 1038773629, 5248, 1038787152, 5744, 1038781734, 5760, 1038787156, 5505, 1038307090, 5241, 1038303646, 5489, 1038306612, 5233, 1038303401, 5490, 1037883087, 5745, 1038310318, 5508, 1021986726, 5250, 1037878173, 5509, 1021094447, 5236, 1021984614, 5511, 1022008769, 5247, 1022026920, 5765, 1021097653, 5242, 1037890804, 5766, 1021123819, 5750, 1021132745, 5243, 1038335574, 5235, 1038336803, 5237, 1021086121, 5245, 1021086113, 5238, 1021138614, 5254, 1021129625, 5246, 1021120151, 5239, 1022006351, 5255, 1022012838, 5249, 1038303886, 5753, 1038310562, 5762, 1037878177, 5761, 1038310805, 5746, 1037883105, 5234, 1037883093, 5763, 1038328989, 5506, 1037878179, 5747, 1038329851, 5754, 1037890806, 5507, 1038332700, 5764, 1021991199, 5756, 1021996265, 5491, 1038333569, 5755, 1038328614, 5492, 1021988649, 5749, 1021091967, 5748, 1021993135, 5493, 1021088739, 5758, 1021114327, 5767, 1022004296, 5510, 1021127033, 5757, 1021091932, 5759, 1022018410, 5751, 1021997857, 5494, 1021136004, 5251, 1038335921, 5495, 1022002317, 5252, 1021982684, 5244, 1021987743, 5253, 1021091839]
[INFO] (lattice_cell.c: 455): on tick 23 of 50
[INFO] (lattice_cell.c: 172): the unmatched_packets is 56
[5504, 1038778089, 5240, 1038771133, 5488, 1038780005, 5232, 1038780009, 5752, 1038771127, 5248, 1038778091, 5744, 1038779999, 5760, 1038778085, 5505, 1038312954, 5489, 1038314245, 5241, 1038308811, 5233, 1038310917, 5753, 1038315940, 5249, 1038309653, 5745, 1038318085, 5761, 1038316783, 5242, 1037882982, 5490, 1037874638, 5491, 1038342067, 5508, 1021995805, 5493, 1021085050, 5495, 1022009565, 5245, 1021097704, 5758, 1021118542, 5766, 1021104345, 5250, 1037876586, 5235, 1038345366, 5251, 1038343543, 5234, 1037874647, 5759, 1022002008, 5244, 1021974276, 5236, 1021979201, 5751, 1022005814, 5237, 1021081971, 5238, 1021119543, 5246, 1021125248, 5254, 1021111034, 5506, 1037876584, 5239, 1022012855, 5754, 1037882992, 5247, 1022008975, 5255, 1022023554, 5507, 1038340228, 5746, 1037874644, 5243, 1038344135, 5747, 1038338237, 5755, 1038337005, 5763, 1038336402, 5762, 1037876586, 5756, 1021981211, 5764, 1021999512, 5252, 1021992574, 5492, 1021982446, 5509, 1021082759, 5757, 1021104386, 5765, 1021086346, 5253, 1021079680, 5749, 1021088616, 5748, 1021986157, 5494, 1021116431, 5510, 1021107929, 5511, 1022020287, 5750, 1021112850, 5767, 1022016582]
[INFO] (lattice_cell.c: 455): on tick 24 of 50
[INFO] (lattice_cell.c: 172): the unmatched_packets is 56
[5504, 1038774604, 5488, 1038773624, 5240, 1038782125, 5232, 1038773600, 5752, 1038782125, 5744, 1038773650, 5760, 1038774600, 5248, 1038774602, 5505, 1038307781, 5489, 1038306771, 5241, 1038301420, 5233, 1038303626, 5753, 1038308249, 5745, 1038310431, 5242, 1037882820, 5508, 1021996879, 5509, 1021082127, 5510, 1021115147, 5244, 1021987438, 5494, 1021119959, 5495, 1022019269, 5238, 1021122684, 5750, 1021116613, 5243, 1038336466, 5236, 1022001603, 5237, 1021068839, 5253, 1021079424, 5245, 1021093510, 5239, 1022023298, 5255, 1022024151, 5249, 1038304604, 5234, 1037890931, 5506, 1037889844, 5761, 1038311437, 5490, 1037890912, 5762, 1037889840, 5507, 1038333185, 5746, 1037890900, 5755, 1038329595, 5754, 1037882820, 5763, 1038329516, 5491, 1038333582, 5747, 1038329896, 5764, 1022001349, 5492, 1022005650, 5748, 1022010136, 5756, 1021995962, 5493, 1021071628, 5254, 1021117856, 5246, 1021136263, 5757, 1021099616, 5765, 1021085471, 5247, 1022007520, 5749, 1021075065, 5250, 1037889844, 5235, 1038336775, 5511, 1022020111, 5251, 1038336372, 5758, 1021130183, 5252, 1021992854, 5766, 1021111801, 5767, 1022015637, 5759, 1021999001, 5751, 1022014798]
[INFO] (lattice_cell.c: 455): on tick 25 of 50
[INFO] (lattice_cell.c: 172): the unmatched_packets is 56
[5504, 1038771273, 5488, 1038783390, 5240, 1038783800, 5232, 1038783394, 5752, 1038783788, 5744, 1038783373, 5760, 1038771267, 5248, 1038771271, 5505, 1038314976, 5489, 1038311368, 5241, 1038308538, 5233, 1038307990, 5507, 1038342532, 5492, 1021947337, 5493, 1021130708, 5243, 1038343768, 5494, 1021105130, 5747, 1038337415, 5252, 1021973450, 5511, 1022000287, 5749, 1021134022, 5766, 1021114831, 5750, 1021101661, 5759, 1022011953, 5751, 1022020722, 5250, 1037882825, 5235, 1038344606, 5251, 1038345856, 5237, 1021127898, 5245, 1021094860, 5246, 1021117271, 5753, 1038315757, 5761, 1038318829, 5754, 1037871091, 5242, 1037871065, 5234, 1037871145, 5506, 1037882825, 5490, 1037871157, 5745, 1038315259, 5762, 1037882825, 5746, 1037871177, 5491, 1038341279, 5763, 1038338677, 5508, 1021976704, 5755, 1038336601, 5756, 1021985280, 5244, 1021978360, 5764, 1021980391, 5748, 1021951068, 5509, 1021092887, 5757, 1021101130, 5510, 1021118257, 5765, 1021096330, 5495, 1022024433, 5758, 1021110873, 5238, 1021108099, 5767, 1021996589, 5239, 1022027721, 5249, 1038311650, 5255, 1022003549, 5236, 1021944101, 5253, 1021089951, 5254, 1021121212, 5247, 1022018962]
[INFO] (lattice_cell.c: 455): on tick 26 of 50
[INFO] (lattice_cell.c: 172): the unmatched_packets is 56
[5504, 1038774736, 5488, 1038754120, 5240, 1038767391, 5232, 1038754090, 5744, 1038754148, 5760, 1038774740, 5248, 1038774734, 5752, 1038767409, 5505, 1038307840, 5489, 1038308255, 5241, 1038304323, 5233, 1038305155, 5753, 1038311012, 5745, 1038311846, 5249, 1038304717, 5761, 1038311454, 5506, 1037889850, 5490, 1037909653, 5242, 1037896879, 5508, 1021985984, 5493, 1021014076, 5495, 1021993725, 5511, 1022009861, 5239, 1021997668, 5250, 1037889836, 5766, 1021120411, 5767, 1022005384, 5251, 1038336569, 5244, 1022020268, 5252, 1021981977, 5245, 1021049966, 5237, 1021011046, 5254, 1021126838, 5255, 1022013888, 5234, 1037909683, 5754, 1037896855, 5746, 1037909623, 5762, 1037889852, 5755, 1038327588, 5507, 1038333434, 5491, 1038334560, 5747, 1038330905, 5763, 1038329825, 5243, 1038334383, 5756, 1022028770, 5235, 1038337723, 5492, 1022055824, 5748, 1022060268, 5764, 1021990461, 5757, 1021056506, 5509, 1021091469, 5749, 1021017719, 5765, 1021094992, 5510, 1021123931, 5758, 1021121886, 5494, 1021143446, 5750, 1021139926, 5238, 1021146316, 5759, 1022017054, 5751, 1021989304, 5236, 1022051818, 5253, 1021088585, 5246, 1021128237, 5247, 1022025520]
[INFO] (lattice_cell.c: 455): on tick 27 of 50
[INFO] (lattice_cell.c: 172): the unmatched_packets is 56
[5504, 1038797415, 5488, 1038812723, 5240, 1038793782, 5232, 1038812735, 5752, 1038793749, 5760, 1038797411, 5248, 1038797419, 5505, 1038311993, 5241, 1038306724, 5489, 1038311451, 5506, 1037857903, 5490, 1037842918, 5753, 1038314010, 5507, 1038339328, 5492, 1021863674, 5493, 1021212260, 5494, 1021103974, 5495, 1022016443, 5747, 1038339413, 5511, 1021993725, 5245, 1021156299, 5239, 1022019773, 5249, 1038308624, 5234, 1037842886, 5250, 1037857909, 5243, 1038343438, 5235, 1038346646, 5244, 1021923349, 5252, 1021966874, 5238, 1021106791, 5744, 1038812687, 5255, 1021996975, 5745, 1038315359, 5761, 1038315892, 5233, 1038308062, 5754, 1037861136, 5746, 1037842959, 5762, 1037857895, 5242, 1037861094, 5755, 1038336194, 5763, 1038335431, 5756, 1021930324, 5764, 1021973802, 5748, 1021867477, 5757, 1021162083, 5765, 1021114194, 5749, 1021215375, 5491, 1038343298, 5766, 1021134391, 5508, 1021970109, 5253, 1021108287, 5758, 1021106608, 5509, 1021110980, 5246, 1021112634, 5750, 1021100657, 5254, 1021140313, 5767, 1021990027, 5247, 1022024556, 5759, 1022017565, 5510, 1021137593, 5751, 1022012682, 5251, 1038342697, 5236, 1021860324, 5237, 1021209668]
[INFO] (lattice_cell.c: 455): on tick 28 of 50
[INFO] (lattice_cell.c: 172): the unmatched_packets is 56
[5504, 1038743904, 5240, 1038738379, 5488, 1038747891, 5232, 1038747878, 5752, 1038738433, 5744, 1038747905, 5760, 1038743892, 5248, 1038743896, 5241, 1038303963, 5233, 1038303063, 5249, 1038306632, 5508, 1022036016, 5494, 1021126025, 5747, 1038331448, 5758, 1021120667, 5759, 1022004970, 5751, 1022006965, 5242, 1037924931, 5234, 1037916034, 5243, 1038337979, 5236, 1022131709, 5245, 1020986268, 5253, 1021032262, 5238, 1021129046, 5246, 1021127409, 5254, 1021069798, 5489, 1038306160, 5505, 1038309696, 5255, 1022064075, 5506, 1037919672, 5753, 1038310615, 5490, 1037916003, 5250, 1037919668, 5761, 1038313269, 5745, 1038309750, 5754, 1037924879, 5762, 1037919668, 5746, 1037915972, 5251, 1038338851, 5507, 1038335781, 5755, 1038331300, 5491, 1038335053, 5763, 1038332199, 5244, 1022084618, 5252, 1022032043, 5492, 1022135608, 5237, 1020940738, 5509, 1021035372, 5756, 1022092904, 5493, 1020943868, 5748, 1022139974, 5764, 1022040429, 5757, 1020993203, 5239, 1022015354, 5767, 1022055660, 5247, 1022013364, 5510, 1021066682, 5749, 1020947614, 5765, 1021039090, 5495, 1022011406, 5235, 1038338164, 5511, 1022060111, 5766, 1021062960, 5750, 1021122401]
[INFO] (lattice_cell.c: 455): on tick 29 of 50
[INFO] (lattice_cell.c: 172): the unmatched_packets is 56
[5504, 1038830290, 5240, 1038827714, 5488, 1038791974, 5232, 1038791939, 5744, 1038792009, 5248, 1038830286, 5241, 1038308641, 5490, 1037862599, 5507, 1038339292, 5234, 1037862606, 5510, 1021199092, 5746, 1037862583, 5511, 1021931220, 5252, 1021904578, 5763, 1038335383, 5246, 1021165062, 5239, 1022005203, 5750, 1021128351, 5249, 1038308673, 5243, 1038341177, 5235, 1038343679, 5759, 1021972534, 5251, 1038342685, 5237, 1021181710, 5245, 1021221493, 5238, 1021134203, 5254, 1021201602, 5247, 1021979565, 5233, 1038310652, 5505, 1038312060, 5752, 1038827714, 5489, 1038314012, 5760, 1038830278, 5506, 1037825600, 5242, 1037828277, 5753, 1038315901, 5745, 1038317893, 5761, 1038315971, 5250, 1037825598, 5491, 1038340287, 5754, 1037828314, 5762, 1037825594, 5492, 1021880507, 5747, 1038336376, 5508, 1021907922, 5755, 1038333878, 5244, 1021848315, 5493, 1021184322, 5509, 1021171638, 5494, 1021131539, 5495, 1022001925, 5748, 1021884247, 5756, 1021855533, 5764, 1021911713, 5255, 1021934554, 5749, 1021187476, 5767, 1021927428, 5757, 1021227029, 5765, 1021174682, 5236, 1021877178, 5253, 1021169159, 5766, 1021196059, 5758, 1021159388, 5751, 1021998212]
[INFO] (lattice_cell.c: 455): on tick 30 of 50
[INFO] (lattice_cell.c: 172): the unmatched_packets is 56
[5504, 1038707478, 5240, 1038736578, 5488, 1038771301, 5232, 1038771314, 5752, 1038736518, 5744, 1038771278, 5760, 1038707484, 5505, 1038307563, 5248, 1038707476, 5241, 1038301245, 5490, 1037893116, 5507, 1038333662, 5508, 1022107152, 5493, 1021080398, 5762, 1037955202, 5510, 1021004731, 5495, 1022058886, 5237, 1021077350, 5749, 1021084002, 5249, 1038304496, 5766, 1021000907, 5242, 1037927177, 5234, 1037893100, 5250, 1037955192, 5759, 1022099387, 5243, 1038337821, 5751, 1022054450, 5252, 1022103361, 5244, 1022099880, 5238, 1021073111, 5254, 1021007974, 5239, 1022062805, 5247, 1022107679, 5753, 1038307937, 5233, 1038302302, 5761, 1038311131, 5754, 1037927222, 5489, 1038305397, 5746, 1037893137, 5745, 1038308982, 5755, 1038331196, 5747, 1038333252, 5235, 1038339914, 5756, 1022108066, 5748, 1022005730, 5763, 1038330094, 5506, 1037955204, 5236, 1021997221, 5764, 1022111437, 5491, 1038336844, 5757, 1020990557, 5765, 1020977456, 5492, 1022001222, 5758, 1021028461, 5509, 1020973638, 5750, 1021066202, 5767, 1022128141, 5494, 1021069945, 5251, 1038336740, 5253, 1020970423, 5245, 1020983700, 5246, 1021035436, 5511, 1022132438, 5255, 1022136240]
[INFO] (lattice_cell.c: 455): on tick 31 of 50
[INFO] (lattice_cell.c: 172): the unmatched_packets is 56
[5504, 1038824350, 5488, 1038784954, 5240, 1038803575, 5232, 1038784904, 5752, 1038803698, 5248, 1038824346, 5744, 1038784996, 5241, 1038309359, 5489, 1038311916, 5760, 1038824342, 5490, 1037869873, 5507, 1038342748, 5492, 1022037862, 5508, 1021850332, 5493, 1021034448, 5244, 1021956342, 5252, 1021846900, 5749, 1021037602, 5249, 1038311783, 5242, 1037851160, 5767, 1021867783, 5236, 1022034595, 5237, 1021031855, 5253, 1021212351, 5245, 1021109881, 5238, 1021211128, 5254, 1021245761, 5239, 1021928136, 5255, 1021875066, 5233, 1038308551, 5745, 1038315813, 5505, 1038315121, 5753, 1038316570, 5506, 1037830832, 5762, 1037830834, 5754, 1037851061, 5746, 1037869840, 5234, 1037869898, 5491, 1038340962, 5761, 1038319001, 5243, 1038344134, 5763, 1038338870, 5235, 1038344344, 5251, 1038346093, 5764, 1021854174, 5756, 1021963353, 5748, 1022041523, 5755, 1038336879, 5747, 1038337054, 5509, 1021214875, 5765, 1021217953, 5757, 1021115647, 5494, 1021208629, 5510, 1021243229, 5766, 1021240154, 5758, 1021247078, 5495, 1021924751, 5750, 1021205598, 5511, 1021871632, 5250, 1037830838, 5759, 1021874948, 5751, 1021920986, 5246, 1021252551, 5247, 1021882214]
[INFO] (lattice_cell.c: 455): on tick 32 of 50
[INFO] (lattice_cell.c: 172): the unmatched_packets is 56
[5504, 1038779393, 5240, 1038762970, 5488, 1038750319, 5232, 1038750307, 5744, 1038750311, 5505, 1038305986, 5489, 1038306986, 5248, 1038779385, 5506, 1037886199, 5241, 1038303005, 5507, 1038331913, 5493, 1021142349, 5495, 1022128325, 5244, 1021945050, 5255, 1022097094, 5750, 1021006164, 5249, 1038302900, 5242, 1037901387, 5234, 1037913186, 5235, 1038337711, 5236, 1021928068, 5752, 1038762928, 5233, 1038303896, 5253, 1021018047, 5245, 1021130462, 5760, 1038779385, 5238, 1021013296, 5239, 1022132067, 5247, 1022169083, 5753, 1038309672, 5745, 1038310570, 5761, 1038309587, 5243, 1038333820, 5490, 1037913203, 5251, 1038335018, 5754, 1037901438, 5491, 1038334618, 5746, 1037913213, 5762, 1037886205, 5252, 1022061380, 5755, 1038327099, 5508, 1022065210, 5492, 1021931923, 5763, 1038328311, 5747, 1038331023, 5237, 1021139172, 5756, 1021953455, 5509, 1021021128, 5764, 1022069594, 5748, 1021936324, 5254, 1021053283, 5246, 1020988225, 5757, 1021137133, 5510, 1021050203, 5749, 1021146064, 5494, 1021010004, 5765, 1021024734, 5511, 1022093233, 5759, 1022161110, 5758, 1020981211, 5766, 1021046548, 5250, 1037886195, 5767, 1022088844, 5751, 1022124072]
[INFO] (lattice_cell.c: 455): on tick 33 of 50
[INFO] (lattice_cell.c: 172): the unmatched_packets is 56
[5504, 1038747250, 5488, 1038816792, 5240, 1038776127, 5752, 1038776082, 5744, 1038816820, 5506, 1037905958, 5507, 1038341465, 5491, 1038344215, 5492, 1021986758, 5250, 1037905966, 5509, 1021074535, 5762, 1037905962, 5495, 1021873944, 5511, 1022019014, 5757, 1021054896, 5247, 1021920219, 5758, 1021202693, 5242, 1037878104, 5234, 1037838804, 5751, 1021870014, 5759, 1021912895, 5243, 1038345940, 5235, 1038347551, 5251, 1038344775, 5244, 1022024108, 5245, 1021049199, 5255, 1022022359, 5760, 1038747240, 5232, 1038816764, 5505, 1038313792, 5489, 1038312663, 5490, 1037838782, 5241, 1038307825, 5233, 1038309318, 5753, 1038315017, 5761, 1038317634, 5745, 1038316522, 5249, 1038310477, 5508, 1021999394, 5746, 1037838749, 5754, 1037878140, 5493, 1021082706, 5755, 1038338801, 5510, 1021105744, 5763, 1038337621, 5494, 1021244399, 5747, 1038340355, 5748, 1021990648, 5756, 1022031239, 5764, 1022003113, 5766, 1021102533, 5749, 1021085782, 5765, 1021077758, 5248, 1038747252, 5750, 1021241350, 5767, 1022015315, 5236, 1021983295, 5252, 1021996073, 5237, 1021080232, 5253, 1021071941, 5238, 1021246877, 5254, 1021108362, 5246, 1021208354, 5239, 1021877497]
[INFO] (lattice_cell.c: 455): on tick 34 of 50
[INFO] (lattice_cell.c: 172): the unmatched_packets is 56
[5504, 1038795853, 5240, 1038784929, 5488, 1038760269, 5232, 1038760255, 5744, 1038760279, 5760, 1038795865, 5248, 1038795851, 5505, 1038307748, 5241, 1038301674, 5506, 1037868647, 5507, 1038334141, 5508, 1021937023, 5761, 1038311362, 5754, 1037879823, 5494, 1021014897, 5511, 1021965365, 5238, 1021018068, 5757, 1021093851, 5758, 1021125072, 5766, 1021162752, 5249, 1038304641, 5750, 1021011214, 5242, 1037879895, 5234, 1037904326, 5250, 1037868641, 5751, 1022128539, 5243, 1038336118, 5236, 1022016622, 5244, 1021990288, 5237, 1021057307, 5253, 1021136027, 5245, 1021086995, 5254, 1021169507, 5246, 1021131726, 5239, 1022136409, 5752, 1038785011, 5255, 1021969162, 5753, 1038308384, 5233, 1038302138, 5745, 1038308863, 5489, 1038305243, 5762, 1037868643, 5746, 1037904331, 5490, 1037904325, 5755, 1038329355, 5235, 1038336152, 5747, 1038329358, 5491, 1038333004, 5756, 1021998267, 5764, 1021941338, 5748, 1022024680, 5763, 1038330520, 5492, 1022020374, 5765, 1021142771, 5749, 1021064051, 5509, 1021139133, 5493, 1021060412, 5767, 1021961039, 5759, 1022009371, 5510, 1021166389, 5495, 1022132754, 5247, 1022017480, 5251, 1038337247, 5252, 1021933245]
[INFO] (lattice_cell.c: 455): on tick 35 of 50
[INFO] (lattice_cell.c: 172): the unmatched_packets is 56
[5504, 1038783425, 5240, 1038771184, 5488, 1038756872, 5232, 1038756864, 5248, 1038783421, 5752, 1038771193, 5760, 1038783417, 5505, 1038313990, 5489, 1038312736, 5241, 1038309754, 5506, 1037871731, 5249, 1038310707, 5745, 1038316552, 5507, 1038341363, 5508, 1022006829, 5754, 1037883148, 5510, 1021097802, 5511, 1022026933, 5237, 1021091542, 5247, 1022064518, 5758, 1021069605, 5767, 1022023004, 5250, 1037871731, 5235, 1038346266, 5236, 1021972040, 5252, 1022003267, 5245, 1021114992, 5253, 1021063579, 5238, 1021152355, 5254, 1021100302, 5744, 1038756880, 5255, 1022030488, 5761, 1038317801, 5753, 1038316823, 5233, 1038309444, 5242, 1037883156, 5234, 1037896317, 5490, 1037896301, 5762, 1037871731, 5746, 1037896295, 5491, 1038342988, 5755, 1038335930, 5763, 1038337550, 5492, 1021975508, 5756, 1021960400, 5251, 1038344641, 5764, 1022010742, 5509, 1021066068, 5747, 1038339179, 5493, 1021094127, 5748, 1021979327, 5757, 1021120623, 5494, 1021149709, 5765, 1021069162, 5749, 1021097344, 5495, 1021975542, 5766, 1021094705, 5246, 1021075451, 5750, 1021146446, 5239, 1021979044, 5759, 1022057278, 5751, 1021971692, 5243, 1038343023, 5244, 1021952924]
[INFO] (lattice_cell.c: 455): on tick 36 of 50
[INFO] (lattice_cell.c: 172): the unmatched_packets is 56
[5504, 1038761694, 5240, 1038782043, 5488, 1038798622, 5232, 1038798582, 5752, 1038781992, 5744, 1038798662, 5505, 1038306392, 5241, 1038301802, 5489, 1038305933, 5233, 1038302785, 5753, 1038308608, 5745, 1038309582, 5761, 1038310046, 5249, 1038303255, 5506, 1037902351, 5242, 1037882487, 5508, 1022009850, 5235, 1038338714, 5511, 1022038616, 5243, 1038336239, 5236, 1021958694, 5751, 1021962952, 5252, 1022006292, 5253, 1021069753, 5245, 1021083329, 5238, 1021170366, 5254, 1021103125, 5246, 1021147156, 5239, 1021970860, 5760, 1038761696, 5247, 1022001172, 5234, 1037866386, 5248, 1038761696, 5490, 1037866370, 5250, 1037902351, 5754, 1037882554, 5507, 1038332994, 5762, 1037902351, 5746, 1037866344, 5491, 1038335540, 5747, 1038331865, 5492, 1021962373, 5755, 1038329428, 5763, 1038329347, 5251, 1038336149, 5244, 1021993847, 5509, 1021072846, 5493, 1021112644, 5748, 1021966620, 5756, 1022001702, 5764, 1022013972, 5510, 1021100014, 5494, 1021167308, 5749, 1021116211, 5757, 1021089943, 5765, 1021076469, 5495, 1021967201, 5750, 1021163753, 5758, 1021140421, 5766, 1021096393, 5237, 1021109560, 5767, 1022034494, 5759, 1021993395, 5255, 1022042199]
[INFO] (lattice_cell.c: 455): on tick 37 of 50
[INFO] (lattice_cell.c: 172): the unmatched_packets is 56
[5504, 1038774276, 5240, 1038775130, 5488, 1038779918, 5232, 1038779890, 5752, 1038775157, 5744, 1038779948, 5248, 1038774274, 5760, 1038774272, 5505, 1038314105, 5489, 1038312014, 5241, 1038308161, 5233, 1038308770, 5753, 1038315140, 5745, 1038315775, 5761, 1038317845, 5506, 1037879574, 5249, 1038310883, 5242, 1037879237, 5492, 1021993521, 5493, 1021079398, 5757, 1021066634, 5766, 1021141057, 5758, 1021135559, 5243, 1038344852, 5750, 1021072206, 5235, 1038345626, 5236, 1021989833, 5759, 1021986060, 5244, 1022010923, 5252, 1021956337, 5237, 1021076872, 5253, 1021108709, 5245, 1021060762, 5238, 1021078092, 5246, 1021141270, 5234, 1037875261, 5490, 1037875253, 5746, 1037875230, 5762, 1037879573, 5754, 1037879205, 5491, 1038342382, 5763, 1038337827, 5507, 1038341579, 5755, 1038337884, 5747, 1038338621, 5251, 1038344795, 5508, 1021959939, 5764, 1021963908, 5748, 1021997562, 5509, 1021111313, 5765, 1021114596, 5494, 1021075463, 5756, 1022018430, 5510, 1021144309, 5749, 1021082574, 5495, 1022053326, 5511, 1021979098, 5767, 1021975118, 5751, 1022049345, 5239, 1022056952, 5247, 1021993821, 5250, 1037879574, 5254, 1021146933, 5255, 1021982698]
[INFO] (lattice_cell.c: 455): on tick 38 of 50
[INFO] (lattice_cell.c: 172): the unmatched_packets is 56
[5504, 1038796415, 5240, 1038772925, 5488, 1038767258, 5232, 1038767251, 5752, 1038773000, 5744, 1038767248, 5760, 1038796417, 5248, 1038796415, 5505, 1038307216, 5241, 1038302633, 5489, 1038305804, 5233, 1038302631, 5753, 1038309510, 5745, 1038309501, 5249, 1038304034, 5761, 1038310913, 5491, 1038334594, 5508, 1021977525, 5493, 1021075984, 5494, 1021111030, 5747, 1038330867, 5764, 1021981616, 5239, 1022033003, 5749, 1021079508, 5235, 1038337807, 5251, 1038337223, 5758, 1021099004, 5252, 1021973972, 5759, 1022036000, 5253, 1021098121, 5254, 1021129671, 5255, 1022010395, 5247, 1022043488, 5246, 1021105541, 5234, 1037896798, 5250, 1037868814, 5506, 1037868813, 5490, 1037896815, 5243, 1038335986, 5746, 1037896830, 5762, 1037868814, 5242, 1037891352, 5754, 1037891302, 5763, 1038330330, 5755, 1038329068, 5507, 1038334036, 5756, 1021978784, 5748, 1022004981, 5765, 1021104542, 5757, 1021109628, 5492, 1022000902, 5766, 1021123244, 5750, 1021107441, 5767, 1022002754, 5509, 1021101088, 5244, 1021971214, 5237, 1021072964, 5245, 1021103096, 5751, 1022025580, 5238, 1021114129, 5510, 1021126708, 5495, 1022029572, 5511, 1022006849, 5236, 1021997405]
[INFO] (lattice_cell.c: 455): on tick 39 of 50
[INFO] (lattice_cell.c: 172): the unmatched_packets is 56
[5504, 1038771962, 5240, 1038774921, 5488, 1038773352, 5232, 1038773328, 5752, 1038774908, 5744, 1038773373, 5760, 1038771958, 5248, 1038771966, 5505, 1038313183, 5241, 1038308776, 5507, 1038340398, 5491, 1038343074, 5508, 1022014769, 5762, 1037882655, 5510, 1021094926, 5495, 1021973558, 5237, 1021080399, 5748, 1021984957, 5242, 1037879365, 5234, 1037880522, 5250, 1037882656, 5243, 1038343436, 5251, 1038343574, 5236, 1021977161, 5244, 1021963182, 5252, 1022011050, 5245, 1021106674, 5253, 1021058559, 5246, 1021123167, 5254, 1021097585, 5239, 1021977317, 5247, 1022015806, 5233, 1038310629, 5489, 1038313824, 5753, 1038315636, 5506, 1037882651, 5490, 1037880501, 5745, 1038317530, 5761, 1038316882, 5249, 1038310015, 5754, 1037879385, 5746, 1037880481, 5755, 1038336581, 5763, 1038336707, 5235, 1038346248, 5747, 1038339374, 5492, 1021980872, 5756, 1021971053, 5509, 1021061195, 5493, 1021083076, 5764, 1022018865, 5494, 1021152889, 5757, 1021112553, 5765, 1021064493, 5749, 1021086411, 5511, 1022034754, 5238, 1021155572, 5758, 1021117049, 5766, 1021091617, 5750, 1021149559, 5255, 1022038485, 5767, 1022030629, 5759, 1022008098, 5751, 1021969396]
[INFO] (lattice_cell.c: 455): on tick 40 of 50
[INFO] (lattice_cell.c: 172): the unmatched_packets is 56
[5504, 1038763686, 5488, 1038786066, 5240, 1038787961, 5232, 1038786010, 5752, 1038787959, 5744, 1038786136, 5248, 1038763688, 5760, 1038763690, 5505, 1038307105, 5241, 1038300089, 5753, 1038307060, 5242, 1037876915, 5746, 1037878748, 5239, 1022023258, 5249, 1038303884, 5767, 1022014600, 5250, 1037899922, 5751, 1022015929, 5243, 1038337587, 5235, 1038338578, 5251, 1038337530, 5236, 1021967589, 5237, 1021099967, 5253, 1021086293, 5255, 1022021872, 5233, 1038303055, 5489, 1038306283, 5506, 1037899932, 5490, 1037878792, 5761, 1038310848, 5234, 1037878834, 5745, 1038310034, 5507, 1038334307, 5491, 1038335305, 5754, 1037876941, 5492, 1021971015, 5762, 1037899932, 5508, 1021990017, 5493, 1021102880, 5755, 1038330588, 5509, 1021089237, 5244, 1021998217, 5747, 1038331537, 5494, 1021116701, 5763, 1038330563, 5510, 1021115177, 5756, 1022005569, 5495, 1022019869, 5748, 1021974981, 5511, 1022018515, 5764, 1021993923, 5757, 1021090921, 5765, 1021092664, 5749, 1021106291, 5247, 1022003136, 5758, 1021134767, 5766, 1021111747, 5750, 1021113318, 5759, 1021995738, 5252, 1021986679, 5245, 1021084639, 5238, 1021119633, 5246, 1021141069, 5254, 1021118135]
[INFO] (lattice_cell.c: 455): on tick 41 of 50
[INFO] (lattice_cell.c: 172): the unmatched_packets is 56
[5504, 1038776190, 5240, 1038774298, 5488, 1038773044, 5232, 1038773039, 5752, 1038774323, 5248, 1038776188, 5505, 1038315383, 5489, 1038311206, 5507, 1038342550, 5508, 1021959343, 5237, 1021085729, 5757, 1021072038, 5247, 1022019345, 5758, 1021115331, 5249, 1038312274, 5767, 1021975495, 5250, 1037877885, 5243, 1038343477, 5235, 1038344740, 5251, 1038345660, 5253, 1021103346, 5239, 1022035970, 5255, 1021983517, 5241, 1038307995, 5744, 1038773040, 5753, 1038314754, 5760, 1038776180, 5506, 1037877883, 5490, 1037881572, 5242, 1037880165, 5234, 1037881566, 5761, 1038319021, 5745, 1038314855, 5491, 1038341601, 5754, 1037880139, 5492, 1021986565, 5746, 1037881588, 5755, 1038336724, 5493, 1021088388, 5509, 1021106109, 5763, 1038338907, 5747, 1038337946, 5762, 1037877882, 5494, 1021100078, 5510, 1021139898, 5756, 1022014907, 5764, 1021963531, 5748, 1021990874, 5495, 1022032180, 5511, 1021979702, 5765, 1021109521, 5749, 1021091695, 5233, 1038308074, 5766, 1021136490, 5750, 1021096582, 5759, 1022011233, 5751, 1022028033, 5236, 1021982651, 5244, 1022006913, 5252, 1021955539, 5245, 1021065904, 5238, 1021102912, 5246, 1021121416, 5254, 1021142677]
[INFO] (lattice_cell.c: 455): on tick 42 of 50
[INFO] (lattice_cell.c: 172): the unmatched_packets is 56
[5504, 1038794134, 5488, 1038777174, 5240, 1038770648, 5232, 1038777142, 5752, 1038770730, 5248, 1038794124, 5744, 1038777211, 5760, 1038794136, 5505, 1038307448, 5241, 1038303114, 5489, 1038307670, 5233, 1038304422, 5753, 1038310155, 5490, 1037887058, 5249, 1038304186, 5745, 1038311465, 5761, 1038311239, 5491, 1038336025, 5492, 1021986335, 5250, 1037871134, 5746, 1037887046, 5493, 1021081476, 5251, 1038338105, 5763, 1038331051, 5255, 1022012344, 5234, 1037887084, 5751, 1022003816, 5759, 1022032563, 5235, 1038339306, 5244, 1021975291, 5252, 1021977670, 5236, 1021983103, 5253, 1021093351, 5245, 1021096822, 5246, 1021113051, 5247, 1022039605, 5762, 1037871147, 5242, 1037893321, 5506, 1037871141, 5507, 1038334840, 5747, 1038332215, 5243, 1038335318, 5755, 1038328237, 5508, 1021980963, 5754, 1037893255, 5509, 1021096143, 5748, 1021990121, 5764, 1021984812, 5756, 1021982364, 5510, 1021121883, 5494, 1021128229, 5749, 1021084885, 5757, 1021103010, 5237, 1021078562, 5511, 1022009042, 5495, 1022007606, 5766, 1021118592, 5750, 1021124860, 5765, 1021099430, 5758, 1021106872, 5238, 1021131086, 5239, 1022010866, 5767, 1022005197, 5254, 1021124669]
[INFO] (lattice_cell.c: 455): on tick 43 of 50
[INFO] (lattice_cell.c: 172): the unmatched_packets is 56
[5504, 1038774371, 5240, 1038771975, 5488, 1038773227, 5232, 1038773216, 5752, 1038771956, 5760, 1038774367, 5248, 1038774371, 5505, 1038312515, 5489, 1038311125, 5241, 1038306594, 5508, 1022010686, 5235, 1038347055, 5511, 1022032757, 5254, 1021103890, 5247, 1022009171, 5233, 1038308014, 5242, 1037882178, 5751, 1021983003, 5234, 1037881053, 5250, 1037880246, 5243, 1038342791, 5236, 1021996550, 5245, 1021105651, 5253, 1021064802, 5238, 1021138824, 5239, 1021991292, 5255, 1022036677, 5744, 1038773237, 5745, 1038314746, 5249, 1038309441, 5753, 1038313264, 5754, 1037882215, 5506, 1037880244, 5761, 1038316112, 5762, 1037880249, 5490, 1037881059, 5755, 1038336123, 5507, 1038339464, 5747, 1038340362, 5763, 1038335869, 5491, 1038343963, 5746, 1037881063, 5251, 1038342545, 5756, 1021980036, 5748, 1022004842, 5244, 1021971728, 5252, 1022006795, 5764, 1022015020, 5492, 1022000479, 5237, 1021071011, 5757, 1021111735, 5749, 1021077127, 5509, 1021067597, 5493, 1021073748, 5765, 1021071014, 5758, 1021126639, 5246, 1021133064, 5766, 1021097654, 5510, 1021101106, 5494, 1021135964, 5750, 1021132465, 5767, 1022028422, 5495, 1021987357, 5759, 1022001036]
[INFO] (lattice_cell.c: 455): on tick 44 of 50
[INFO] (lattice_cell.c: 172): the unmatched_packets is 56
[5504, 1038768182, 5240, 1038790466, 5488, 1038788844, 5232, 1038788768, 5248, 1038768180, 5744, 1038788921, 5752, 1038790485, 5505, 1038309038, 5489, 1038305195, 5241, 1038302508, 5233, 1038301922, 5753, 1038309586, 5745, 1038309006, 5249, 1038305767, 5761, 1038312836, 5506, 1037895523, 5507, 1038336978, 5491, 1038336161, 5508, 1021988199, 5509, 1021083085, 5494, 1021105006, 5511, 1022014170, 5255, 1022017363, 5766, 1021106323, 5767, 1022010497, 5759, 1021997552, 5250, 1037895516, 5751, 1022025659, 5243, 1038338744, 5236, 1021955471, 5237, 1021116654, 5253, 1021080277, 5760, 1038768184, 5238, 1021107742, 5246, 1021135404, 5242, 1037874449, 5234, 1037875955, 5490, 1037875887, 5762, 1037895525, 5754, 1037874423, 5746, 1037875811, 5235, 1038339482, 5492, 1021958688, 5755, 1038331622, 5251, 1038340260, 5763, 1038333179, 5244, 1021978419, 5747, 1038332322, 5493, 1021119516, 5756, 1021985347, 5252, 1021985028, 5764, 1021991875, 5510, 1021109626, 5748, 1021962404, 5757, 1021100284, 5495, 1022029383, 5765, 1021086370, 5749, 1021122875, 5758, 1021129414, 5750, 1021101782, 5239, 1022032577, 5245, 1021094148, 5254, 1021112418, 5247, 1022004525]
[INFO] (lattice_cell.c: 455): on tick 45 of 50
[INFO] (lattice_cell.c: 172): the unmatched_packets is 56
[5504, 1038767137, 5488, 1038756293, 5240, 1038770542, 5232, 1038756257, 5752, 1038770554, 5760, 1038767129, 5248, 1038767133, 5489, 1038315653, 5491, 1038340845, 5509, 1021101033, 5236, 1022015170, 5244, 1022017507, 5255, 1022002392, 5249, 1038309786, 5242, 1037883958, 5235, 1038343914, 5243, 1038340921, 5251, 1038342434, 5254, 1021137217, 5239, 1022020988, 5247, 1022022795, 5753, 1038315721, 5744, 1038756313, 5745, 1038319228, 5761, 1038316423, 5505, 1038312854, 5241, 1038309083, 5762, 1037886653, 5233, 1038312583, 5746, 1037897785, 5755, 1038334284, 5747, 1038337262, 5754, 1037883968, 5506, 1037886654, 5250, 1037886658, 5764, 1021978815, 5748, 1022023657, 5490, 1037897778, 5763, 1038335785, 5507, 1038339366, 5757, 1021056699, 5765, 1021104502, 5756, 1022025844, 5749, 1021040416, 5508, 1021974444, 5252, 1021970519, 5492, 1022019174, 5758, 1021122051, 5766, 1021130905, 5750, 1021115343, 5767, 1021994095, 5493, 1021037032, 5759, 1022014436, 5751, 1022012791, 5238, 1021122007, 5510, 1021134379, 5494, 1021118996, 5246, 1021128370, 5495, 1022017085, 5511, 1021998469, 5234, 1037897778, 5237, 1021034297, 5253, 1021098211, 5245, 1021050497]
[INFO] (lattice_cell.c: 455): on tick 46 of 50
[INFO] (lattice_cell.c: 172): the unmatched_packets is 56
[5504, 1038800631, 5240, 1038787641, 5488, 1038802581, 5232, 1038802578, 5752, 1038787692, 5744, 1038802583, 5248, 1038800629, 5760, 1038800633, 5505, 1038306175, 5489, 1038302156, 5491, 1038338427, 5508, 1021967637, 5747, 1038334584, 5495, 1022012975, 5237, 1021174016, 5239, 1022016168, 5247, 1022034195, 5751, 1022009315, 5242, 1037876778, 5234, 1037862257, 5236, 1021908791, 5244, 1021955861, 5252, 1021964447, 5245, 1021135161, 5253, 1021110860, 5753, 1038305353, 5246, 1021106029, 5254, 1021143025, 5745, 1038305996, 5761, 1038309991, 5255, 1021995078, 5754, 1037876710, 5746, 1037862254, 5241, 1038298252, 5755, 1038331510, 5763, 1038330769, 5249, 1038302914, 5506, 1037864700, 5490, 1037862258, 5756, 1021962693, 5764, 1021971318, 5748, 1021915780, 5250, 1037864693, 5762, 1037864705, 5243, 1038338627, 5757, 1021141175, 5507, 1038334586, 5251, 1038337859, 5492, 1021912048, 5749, 1021179928, 5758, 1021100061, 5493, 1021176716, 5509, 1021113579, 5750, 1021109782, 5767, 1021988194, 5759, 1022027341, 5765, 1021116798, 5494, 1021113028, 5510, 1021140284, 5238, 1021115746, 5766, 1021137042, 5511, 1021991866, 5235, 1038341726, 5233, 1038298859]
[INFO] (lattice_cell.c: 455): on tick 47 of 50
[INFO] (lattice_cell.c: 172): the unmatched_packets is 56
[5504, 1038756269, 5240, 1038742965, 5488, 1038745058, 5232, 1038744995, 5744, 1038745139, 5760, 1038756263, 5248, 1038756277, 5752, 1038743027, 5505, 1038317344, 5241, 1038312049, 5489, 1038314401, 5233, 1038311338, 5753, 1038318630, 5761, 1038320895, 5490, 1037908748, 5766, 1021069588, 5243, 1038343435, 5251, 1038346760, 5236, 1022096748, 5244, 1022033676, 5252, 1022014461, 5237, 1020957444, 5253, 1021037622, 5745, 1038317960, 5245, 1021021937, 5249, 1038314290, 5254, 1021075961, 5242, 1037910336, 5246, 1021126583, 5239, 1021994209, 5234, 1037908784, 5762, 1037897786, 5255, 1022048225, 5754, 1037910312, 5247, 1022014630, 5746, 1037908698, 5250, 1037897789, 5763, 1038340149, 5755, 1038336800, 5747, 1038337603, 5235, 1038344245, 5506, 1037897792, 5756, 1022041990, 5748, 1022104839, 5507, 1038343702, 5764, 1022022788, 5491, 1038341173, 5765, 1021044004, 5757, 1021028356, 5508, 1022018391, 5749, 1020964084, 5492, 1022100556, 5509, 1021040506, 5238, 1021149017, 5758, 1021120025, 5493, 1020960437, 5750, 1021142417, 5510, 1021073079, 5767, 1022039888, 5759, 1022006453, 5751, 1021985959, 5494, 1021146028, 5511, 1022044308, 5495, 1021990329]
[INFO] (lattice_cell.c: 455): on tick 48 of 50
[INFO] (lattice_cell.c: 172): the unmatched_packets is 56
[5504, 1038812052, 5240, 1038823459, 5488, 1038812219, 5232, 1038812201, 5752, 1038823395, 5744, 1038812228, 5760, 1038812056, 5248, 1038812054, 5241, 1038298989, 5233, 1038301890, 5491, 1038335658, 5508, 1021951993, 5234, 1037852911, 5251, 1038334963, 5748, 1021865808, 5765, 1021144444, 5750, 1021113176, 5767, 1021971573, 5242, 1037842198, 5235, 1038338960, 5244, 1021882190, 5252, 1021948759, 5245, 1021203141, 5253, 1021138738, 5246, 1021159219, 5254, 1021171796, 5255, 1021978519, 5505, 1038303195, 5753, 1038306107, 5489, 1038305178, 5761, 1038307021, 5745, 1038309005, 5754, 1037842261, 5746, 1037852906, 5762, 1037853108, 5755, 1038327209, 5490, 1037852907, 5506, 1037853104, 5747, 1038331822, 5763, 1038327845, 5756, 1021889336, 5507, 1038331677, 5250, 1037853100, 5243, 1038334320, 5492, 1021861887, 5764, 1021955653, 5493, 1021214929, 5509, 1021141325, 5749, 1021217926, 5757, 1021208687, 5494, 1021116328, 5758, 1021153417, 5510, 1021169175, 5766, 1021166055, 5495, 1022019232, 5237, 1021212434, 5759, 1021990070, 5511, 1021975266, 5751, 1022015502, 5238, 1021118972, 5236, 1021858418, 5239, 1022022502, 5247, 1021997048, 5249, 1038299932]
[INFO] (lattice_cell.c: 455): on tick 49 of 50
[INFO] (lattice_cell.c: 172): the unmatched_packets is 56
[5504, 1038712117, 5240, 1038732496, 5488, 1038750884, 5232, 1038750804, 5752, 1038732607, 5744, 1038750964, 5760, 1038712115, 5248, 1038712123, 5505, 1038316423, 5241, 1038308933, 5489, 1038312706, 5745, 1038316279, 5249, 1038313398, 5506, 1037940167, 5753, 1038315534, 5490, 1037903233, 5242, 1037921075, 5761, 1038319962, 5234, 1037903280, 5754, 1037920983, 5746, 1037903161, 5762, 1037940163, 5250, 1037940173, 5507, 1038343001, 5491, 1038345189, 5243, 1038346586, 5755, 1038340004, 5747, 1038341620, 5235, 1038348257, 5763, 1038339454, 5251, 1038346033, 5492, 1022066848, 5493, 1021001844, 5510, 1021036107, 5236, 1022063192, 5511, 1022085202, 5237, 1020998785, 5757, 1020966815, 5766, 1021032399, 5759, 1022048532, 5767, 1022080961, 5253, 1021000633, 5254, 1021039218, 5247, 1022056682, 5255, 1022088931, 5244, 1022109342, 5748, 1022071025, 5764, 1022063309, 5756, 1022117155, 5233, 1038309629, 5252, 1022055349, 5749, 1021005542, 5765, 1021007457, 5508, 1022059084, 5758, 1021067503, 5750, 1021074084, 5509, 1021003722, 5238, 1021080855, 5751, 1022038495, 5494, 1021077779, 5239, 1022046535, 5245, 1020959919, 5495, 1022042751, 5246, 1021074154]
[INFO] (lattice_cell.c: 455): on tick 50 of 50
[INFO] (lattice_cell.c: 466): updating recording regions
[INFO] (recording.c: 507): 	Finalising channel 0 - state info stored in SDRAM
[INFO] (recording.c: 512): closed channel 0.
[INFO] (lattice_cell.c: 470): Simulation complete.

