[INFO] (lattice_cell.c: 604): starting lattice cell
[INFO] (lattice_cell.c: 526): Initialise: started
[INFO] (data_specification.c: 78): magic = ad130ad6, version = 1.0
[INFO] (lattice_cell.c: 555): my key is 296
[INFO] (lattice_cell.c: 562): I'm in position ( 1, 5)
[INFO] (lattice_cell.c: 568): my n key is 40
[INFO] (lattice_cell.c: 574): my U_X = -0.009928127750754356
[INFO] (lattice_cell.c: 575): my U_Y = 0.0004903926164843142
[INFO] (lattice_cell.c: 583): input_buffer initialised
[INFO] (recording.c: 563): Recording 1 regions, using output tag 0, size before trigger 7686388, time between triggers 50
[INFO] (recording.c: 665): Recording channel 0 configured to use 7686132 byte memory block starting at 0x63ce7e90
[INFO] (lattice_cell.c: 588): Recording flags = 0x00000001
[INFO] (lattice_cell.c: 619): setting timer to execute every 200000 microseconds
[INFO] (lattice_cell.c: 627): Starting

[INFO] (simulation.c: 159): Setting the runtime of this model to 50 starting at 0
[INFO] (simulation.c: 161): Setting the flag of infinite run for this model to 0
[INFO] (simulation.c: 175): Resuming
[INFO] (lattice_cell.c: 455): on tick 0 of 50
[288, 1037885270, 48, 1037904550, 40, 1037887879, 552, 1037887881, 32, 1037885266, 560, 1037904552, 544, 1037885270, 304, 1037904556, 289, 1038340758, 49, 1038341578, 41, 1038341240, 553, 1038339535, 305, 1038341152, 290, 1038779066, 33, 1038341184, 561, 1038339871, 50, 1038758214, 545, 1038339483, 306, 1038758220, 546, 1038779066, 291, 1038296878, 307, 1038297274, 292, 1021128711, 52, 1021148457, 308, 1021148057, 293, 1022025135, 309, 1022004232, 294, 1021978627, 54, 1021957383, 566, 1021959180, 310, 1021957843, 295, 1021087459, 311, 1021106686, 36, 1021129113, 548, 1021127512, 46, 1021975350, 550, 1021979974, 559, 1021091257, 551, 1021088654, 564, 1021146848, 42, 1038776233, 562, 1038758216, 34, 1038779062, 554, 1038776235, 51, 1038296838, 547, 1038298149, 43, 1038296500, 53, 1022004682, 45, 1022022752, 557, 1022020945, 549, 1022023784, 55, 1021106276, 47, 1021089658, 567, 1021107879, 555, 1038298201, 35, 1038296446, 44, 1021131736, 556, 1021130131, 37, 1022025588, 38, 1021978169, 565, 1022002879, 39, 1021087052, 563, 1038298539, 558, 1021977151]
[INFO] (lattice_cell.c: 455): on tick 1 of 50
[INFO] (lattice_cell.c: 172): the unmatched_packets is 56
[48, 1037926441, 288, 1037881093, 40, 1037887767, 552, 1037887771, 32, 1037881091, 304, 1037926449, 560, 1037926447, 544, 1037881093, 49, 1038349550, 289, 1038348862, 41, 1038349360, 553, 1038347611, 33, 1038349326, 305, 1038349094, 545, 1038347571, 561, 1038347807, 50, 1038726326, 42, 1038766419, 290, 1038773362, 554, 1038766417, 34, 1038773360, 306, 1038726328, 562, 1038726313, 546, 1038773354, 51, 1038303387, 43, 1038304806, 291, 1038305547, 35, 1038305095, 555, 1038306549, 307, 1038303839, 52, 1021188454, 44, 1021135670, 292, 1021125506, 564, 1021185115, 308, 1021187203, 293, 1022018674, 557, 1022008884, 309, 1021954006, 294, 1021976004, 558, 1021984639, 295, 1021080043, 310, 1022027491, 55, 1021032037, 47, 1021071459, 311, 1021033300, 37, 1022018237, 567, 1021035381, 563, 1038305122, 547, 1038306834, 36, 1021126771, 556, 1021132328, 53, 1021953559, 45, 1022008895, 54, 1022027914, 566, 1022027959, 550, 1021976442, 551, 1021082114, 548, 1021123426, 46, 1021984620, 38, 1021976428, 39, 1021078777, 565, 1021953552, 549, 1022018222, 559, 1021074802]
[INFO] (lattice_cell.c: 455): on tick 2 of 50
[INFO] (lattice_cell.c: 172): the unmatched_packets is 56
[48, 1037860122, 288, 1037882690, 40, 1037871711, 552, 1037871709, 32, 1037882692, 304, 1037860124, 560, 1037860116, 49, 1038342859, 41, 1038342010, 289, 1038341488, 544, 1037882696, 33, 1038341924, 553, 1038340277, 305, 1038342417, 50, 1038803918, 290, 1038782597, 306, 1038803927, 291, 1038297298, 562, 1038803929, 307, 1038298218, 43, 1038297785, 292, 1021126575, 547, 1038298591, 52, 1021141193, 546, 1038782603, 308, 1021140720, 293, 1022027087, 53, 1022014441, 309, 1022013960, 294, 1021971715, 565, 1022012618, 558, 1021933641, 295, 1021095329, 566, 1021821624, 311, 1021237453, 35, 1038296866, 44, 1021121627, 567, 1021238669, 549, 1022025741, 561, 1038341122, 545, 1038340193, 42, 1038793684, 554, 1038793688, 34, 1038782599, 51, 1038297764, 555, 1038299518, 556, 1021119912, 564, 1021139479, 548, 1021125336, 54, 1021819947, 310, 1021820357, 46, 1021931872, 550, 1021973047, 55, 1021237029, 559, 1021131345, 39, 1021094861, 551, 1021096570, 563, 1038299521, 36, 1021127033, 45, 1022033489, 37, 1022027562, 557, 1022031662, 38, 1021971249, 47, 1021129656]
[INFO] (lattice_cell.c: 455): on tick 3 of 50
[INFO] (lattice_cell.c: 172): the unmatched_packets is 56
[48, 1037935462, 288, 1037893662, 40, 1037925374, 552, 1037925382, 32, 1037893660, 304, 1037935460, 560, 1037935462, 544, 1037893662, 49, 1038350845, 41, 1038350102, 289, 1038348848, 553, 1038348329, 33, 1038349334, 561, 1038349094, 305, 1038350377, 545, 1038347543, 50, 1038717094, 42, 1038727239, 290, 1038760348, 34, 1038760352, 554, 1038727219, 306, 1038717068, 51, 1038304368, 43, 1038303370, 291, 1038304638, 307, 1038304794, 52, 1021165555, 308, 1021164358, 293, 1022009191, 53, 1021981950, 309, 1021982350, 557, 1021986067, 294, 1022009809, 37, 1022008792, 54, 1022142209, 310, 1022141919, 295, 1021049931, 559, 1020964756, 311, 1020910473, 45, 1021986184, 55, 1020909177, 567, 1020912547, 562, 1038717034, 546, 1038760346, 35, 1038304158, 555, 1038305105, 563, 1038306053, 547, 1038305935, 292, 1021136096, 44, 1021160127, 564, 1021162343, 548, 1021134043, 558, 1022099387, 39, 1021048707, 551, 1021051984, 36, 1021137297, 556, 1021156874, 46, 1022099149, 38, 1022010170, 47, 1020961411, 549, 1022008670, 566, 1022142562, 550, 1022010329, 565, 1021981851]
[INFO] (lattice_cell.c: 455): on tick 4 of 50
[INFO] (lattice_cell.c: 172): the unmatched_packets is 56
[48, 1037906454, 40, 1037848279, 288, 1037850613, 32, 1037850611, 552, 1037848279, 304, 1037906462, 544, 1037850613, 560, 1037906480, 49, 1038344498, 41, 1038342527, 33, 1038342015, 289, 1038341565, 305, 1038344042, 50, 1038755213, 42, 1038817008, 290, 1038815638, 306, 1038755233, 291, 1038298176, 546, 1038815640, 307, 1038295665, 547, 1038299509, 292, 1021104854, 52, 1021174310, 293, 1022048667, 308, 1021173733, 548, 1021103527, 565, 1021979498, 54, 1021875292, 309, 1021980805, 295, 1021185507, 310, 1021875546, 311, 1021186517, 559, 1021267257, 551, 1021186780, 553, 1038340768, 561, 1038342731, 545, 1038340259, 554, 1038817038, 562, 1038755251, 34, 1038815636, 563, 1038297014, 564, 1021172421, 556, 1021124311, 44, 1021126212, 294, 1021876954, 557, 1022026331, 558, 1021802331, 38, 1021876566, 550, 1021878175, 55, 1021186072, 567, 1021187745, 51, 1038295169, 43, 1038295487, 555, 1038297346, 35, 1038297704, 53, 1021981255, 45, 1022028078, 37, 1022049112, 549, 1022047378, 46, 1021800887, 566, 1021876635, 39, 1021184995, 47, 1021265541, 36, 1021105419]
[INFO] (lattice_cell.c: 455): on tick 5 of 50
[INFO] (lattice_cell.c: 172): the unmatched_packets is 56
[48, 1037897155, 288, 1037924232, 40, 1037893550, 32, 1037924238, 304, 1037897131, 552, 1037893534, 560, 1037897121, 544, 1037924240, 49, 1038350659, 289, 1038349382, 41, 1038350217, 33, 1038349885, 553, 1038348429, 305, 1038350187, 561, 1038348912, 290, 1038728831, 50, 1038756080, 42, 1038760729, 545, 1038348065, 34, 1038728843, 306, 1038756036, 554, 1038760675, 562, 1038755988, 546, 1038728813, 51, 1038303974, 43, 1038303970, 291, 1038306091, 35, 1038305651, 555, 1038305641, 307, 1038304398, 547, 1038307348, 52, 1021169688, 292, 1021143418, 36, 1021144542, 308, 1021168611, 556, 1021124267, 293, 1022003992, 294, 1022141612, 309, 1021978963, 310, 1021962889, 295, 1020912068, 311, 1021085729, 564, 1021166684, 565, 1021978369, 551, 1020914151, 563, 1038305629, 44, 1021127338, 53, 1021978623, 557, 1022022374, 37, 1022003690, 54, 1021963028, 55, 1021084459, 550, 1022142381, 39, 1020910820, 45, 1022022639, 548, 1021141444, 46, 1022099610, 38, 1022141784, 47, 1020956077, 549, 1022003382, 566, 1021963689, 567, 1021087778, 559, 1020959409, 558, 1022100284]
[INFO] (lattice_cell.c: 455): on tick 6 of 50
[INFO] (lattice_cell.c: 172): the unmatched_packets is 56
[48, 1037903035, 288, 1037865443, 40, 1037897573, 552, 1037897603, 32, 1037865431, 304, 1037903060, 560, 1037903096, 49, 1038345377, 289, 1038342150, 544, 1037865447, 41, 1038344022, 553, 1038342225, 33, 1038342607, 305, 1038344923, 561, 1038343595, 545, 1038340811, 50, 1038759923, 42, 1038765971, 290, 1038799363, 34, 1038799353, 554, 1038766009, 306, 1038759943, 546, 1038799383, 562, 1038759967, 51, 1038293955, 43, 1038294787, 291, 1038297259, 35, 1038296722, 555, 1038296706, 307, 1038294449, 52, 1021166620, 292, 1021131916, 36, 1021132625, 308, 1021165924, 293, 1022019812, 309, 1021989469, 565, 1021988257, 294, 1021827809, 295, 1021235602, 310, 1021980068, 55, 1021083502, 311, 1021084003, 557, 1022015644, 46, 1021960443, 558, 1021961582, 567, 1021085283, 547, 1038298662, 563, 1038295821, 44, 1021138184, 556, 1021136030, 564, 1021164502, 548, 1021130464, 53, 1021989854, 45, 1022017244, 54, 1021979924, 549, 1022018606, 550, 1021828796, 37, 1022020208, 38, 1021827627, 47, 1021106480, 39, 1021235058, 559, 1021108298, 551, 1021236899, 566, 1021981040]
[INFO] (lattice_cell.c: 455): on tick 7 of 50
[INFO] (lattice_cell.c: 172): the unmatched_packets is 56
[288, 1037873081, 48, 1037903990, 40, 1037884681, 552, 1037884631, 32, 1037873091, 560, 1037903923, 304, 1037903948, 544, 1037873075, 49, 1038351244, 289, 1038348866, 41, 1038350183, 553, 1038348389, 33, 1038349373, 561, 1038349487, 305, 1038350768, 545, 1038347547, 50, 1038749107, 42, 1038768657, 290, 1038781854, 554, 1038768593, 34, 1038781876, 306, 1038749051, 546, 1038781828, 562, 1038748995, 51, 1038303512, 43, 1038304453, 291, 1038305643, 35, 1038305201, 555, 1038306135, 307, 1038303936, 52, 1021162394, 292, 1021120288, 36, 1021121285, 308, 1021161448, 293, 1022028573, 548, 1021118441, 309, 1021988815, 294, 1022019104, 310, 1021972625, 549, 1022027830, 295, 1021034361, 550, 1022020078, 311, 1021074328, 564, 1021159632, 46, 1021951632, 39, 1021033170, 566, 1021973562, 559, 1021101456, 551, 1021036388, 567, 1021076368, 563, 1038305169, 547, 1038306884, 44, 1021141059, 556, 1021138231, 53, 1021988580, 45, 1022009026, 557, 1022008513, 54, 1021972638, 558, 1021952580, 55, 1021073150, 47, 1021098235, 565, 1021988099, 38, 1022019082, 37, 1022028363]
[INFO] (lattice_cell.c: 455): on tick 8 of 50
[INFO] (lattice_cell.c: 172): the unmatched_packets is 56
[288, 1037890204, 304, 1037910651, 552, 1037883814, 48, 1037910609, 40, 1037883770, 560, 1037910691, 544, 1037890224, 32, 1037890186, 289, 1038343154, 305, 1038345323, 553, 1038342471, 49, 1038345782, 561, 1038343996, 41, 1038344289, 290, 1038774534, 50, 1038751497, 306, 1038751517, 291, 1038295818, 555, 1038296106, 307, 1038294463, 292, 1021123771, 547, 1038297232, 308, 1021167079, 556, 1021136815, 564, 1021165525, 293, 1022029702, 548, 1021122205, 53, 1021988581, 294, 1022002272, 310, 1021967979, 311, 1021095078, 39, 1021065743, 567, 1021096417, 37, 1022029993, 46, 1021972925, 45, 1022015831, 566, 1021968796, 33, 1038343638, 545, 1038341807, 42, 1038780730, 554, 1038780762, 562, 1038751547, 34, 1038774520, 546, 1038774548, 51, 1038293948, 43, 1038294175, 35, 1038295264, 52, 1021167914, 44, 1021139245, 309, 1021988317, 565, 1021987217, 295, 1021066377, 55, 1021094469, 47, 1021094672, 559, 1021096673, 550, 1022003153, 563, 1038295837, 36, 1021124631, 54, 1021967968, 38, 1022002220, 557, 1022014458, 549, 1022028594, 558, 1021973824, 551, 1021067792]
[INFO] (lattice_cell.c: 455): on tick 9 of 50
[INFO] (lattice_cell.c: 172): the unmatched_packets is 56
[288, 1037886731, 48, 1037903420, 40, 1037881152, 552, 1037881088, 304, 1037903377, 560, 1037903351, 32, 1037886753, 289, 1038349201, 49, 1038351344, 544, 1037886707, 41, 1038350697, 305, 1038350869, 561, 1038349598, 545, 1038347868, 553, 1038348876, 33, 1038349727, 50, 1038749686, 290, 1038766758, 42, 1038772928, 34, 1038766784, 306, 1038749632, 546, 1038766732, 554, 1038772853, 562, 1038749580, 51, 1038303249, 43, 1038303519, 291, 1038305880, 35, 1038305424, 307, 1038303681, 44, 1021132727, 292, 1021129574, 308, 1021167935, 556, 1021130174, 564, 1021166269, 293, 1022020083, 309, 1021982738, 294, 1021966240, 295, 1021083698, 550, 1021967334, 310, 1021953596, 311, 1021091829, 45, 1022019462, 549, 1022019201, 47, 1021068907, 548, 1021127850, 567, 1021093772, 555, 1038305224, 563, 1038304915, 547, 1038307138, 52, 1021168759, 36, 1021130438, 53, 1021982622, 557, 1022018665, 37, 1022020038, 54, 1021953446, 55, 1021090760, 551, 1021085652, 46, 1021981397, 565, 1021981860, 38, 1021966085, 558, 1021982628, 39, 1021082617, 566, 1021954662, 559, 1021071956]
[INFO] (lattice_cell.c: 455): on tick 10 of 50
[INFO] (lattice_cell.c: 172): the unmatched_packets is 56
[288, 1037884197, 48, 1037905124, 40, 1037891210, 304, 1037905159, 552, 1037891258, 560, 1037905210, 32, 1037884173, 544, 1037884225, 49, 1038346156, 289, 1038343336, 41, 1038344827, 553, 1038343000, 33, 1038343816, 305, 1038345698, 561, 1038344369, 545, 1038341971, 50, 1038757570, 42, 1038772682, 290, 1038780336, 34, 1038780330, 554, 1038772697, 306, 1038757582, 562, 1038757586, 546, 1038780346, 51, 1038293373, 43, 1038293902, 291, 1038296182, 35, 1038295637, 555, 1038295850, 307, 1038293887, 563, 1038295273, 292, 1021133844, 556, 1021132128, 308, 1021170070, 53, 1021985757, 293, 1022017951, 564, 1021168371, 309, 1021985626, 557, 1022020128, 294, 1021963027, 54, 1021966654, 46, 1021987404, 38, 1021963074, 310, 1021966544, 311, 1021096031, 548, 1021132113, 547, 1038297620, 52, 1021171047, 44, 1021134850, 36, 1021134854, 565, 1021984660, 549, 1022016985, 295, 1021103297, 55, 1021095314, 567, 1021097488, 45, 1022021242, 37, 1022018131, 39, 1021102511, 558, 1021988083, 47, 1021080169, 566, 1021967248, 550, 1021963790, 559, 1021082454, 551, 1021104807]
[INFO] (lattice_cell.c: 455): on tick 11 of 50
[INFO] (lattice_cell.c: 172): the unmatched_packets is 56
[48, 1037901059, 288, 1037877026, 40, 1037887453, 552, 1037887389, 32, 1037877050, 304, 1037901019, 560, 1037900988, 544, 1037877005, 49, 1038351702, 41, 1038350715, 289, 1038348544, 33, 1038349078, 553, 1038348880, 305, 1038351224, 561, 1038349941, 545, 1038347203, 50, 1038752346, 42, 1038765984, 290, 1038777372, 306, 1038752294, 546, 1038777353, 43, 1038303507, 291, 1038305346, 307, 1038303236, 292, 1021125716, 556, 1021134224, 293, 1022028052, 308, 1021165151, 309, 1021986496, 295, 1021081846, 558, 1021968954, 310, 1021965099, 38, 1021967408, 311, 1021080336, 39, 1021080886, 548, 1021124113, 54, 1021964837, 47, 1021081543, 565, 1021985489, 34, 1038777388, 554, 1038765924, 562, 1038752242, 51, 1038302808, 555, 1038305209, 563, 1038304472, 547, 1038306620, 44, 1021136534, 45, 1022016594, 557, 1022015493, 294, 1021967691, 46, 1021967471, 559, 1021084346, 551, 1021083678, 35, 1038304884, 52, 1021165815, 564, 1021163620, 36, 1021126470, 53, 1021986541, 37, 1022028146, 549, 1022027004, 55, 1021079389, 550, 1021968904, 567, 1021082153, 566, 1021966291]
[INFO] (lattice_cell.c: 455): on tick 12 of 50
[INFO] (lattice_cell.c: 172): the unmatched_packets is 56
[288, 1037878117, 48, 1037907460, 304, 1037907492, 40, 1037887732, 552, 1037887765, 560, 1037907534, 32, 1037878097, 544, 1037878137, 289, 1038344190, 49, 1038346500, 41, 1038345817, 305, 1038346048, 553, 1038343987, 561, 1038344723, 33, 1038344700, 545, 1038342817, 290, 1038786838, 50, 1038755022, 42, 1038776376, 306, 1038755020, 554, 1038776369, 34, 1038786837, 562, 1038755006, 546, 1038786837, 291, 1038295603, 43, 1038293755, 307, 1038293861, 563, 1038295239, 292, 1021139056, 44, 1021142196, 547, 1038297035, 308, 1021166559, 548, 1021137229, 293, 1022012484, 309, 1021989219, 45, 1022010523, 557, 1022009697, 294, 1021992966, 54, 1021973011, 310, 1021972791, 295, 1021074187, 311, 1021089438, 38, 1021993138, 566, 1021973403, 558, 1021972678, 51, 1038293345, 555, 1038295725, 35, 1038295030, 52, 1021167654, 36, 1021140151, 549, 1022011652, 37, 1022012470, 55, 1021088550, 567, 1021091019, 551, 1021075843, 556, 1021139220, 53, 1021989218, 564, 1021164737, 46, 1021972210, 565, 1021988390, 47, 1021093749, 39, 1021073261, 559, 1021096296, 550, 1021993658]
[INFO] (lattice_cell.c: 455): on tick 13 of 50
[INFO] (lattice_cell.c: 172): the unmatched_packets is 56
[288, 1037899231, 48, 1037905388, 40, 1037886067, 552, 1037886020, 560, 1037905334, 304, 1037905366, 32, 1037899239, 544, 1037899227, 49, 1038351081, 289, 1038351218, 41, 1038350679, 553, 1038348852, 33, 1038351734, 561, 1038349309, 305, 1038350602, 545, 1038349898, 50, 1038747804, 290, 1038754018, 42, 1038767743, 554, 1038767699, 34, 1038754035, 306, 1038747760, 562, 1038747718, 546, 1038753997, 51, 1038302571, 43, 1038302972, 291, 1038305217, 35, 1038304727, 555, 1038304710, 563, 1038304243, 307, 1038303006, 547, 1038306505, 52, 1021165433, 44, 1021126970, 292, 1021077848, 36, 1021078564, 556, 1021124819, 308, 1021164877, 53, 1021990376, 293, 1022067355, 557, 1022026815, 565, 1021989028, 309, 1021990180, 294, 1021965823, 558, 1021967618, 310, 1021959964, 295, 1021084020, 311, 1021085039, 559, 1021085433, 548, 1021076254, 564, 1021163468, 45, 1022028222, 37, 1022067666, 54, 1021959595, 549, 1022066107, 46, 1021965932, 38, 1021965422, 567, 1021086712, 551, 1021085762, 39, 1021083187, 55, 1021084217, 566, 1021961220, 47, 1021082913, 550, 1021967130]
[INFO] (lattice_cell.c: 455): on tick 14 of 50
[INFO] (lattice_cell.c: 172): the unmatched_packets is 56
[48, 1037904185, 288, 1037856931, 40, 1037874604, 552, 1037874618, 32, 1037856924, 304, 1037904203, 544, 1037856935, 560, 1037904241, 49, 1038346958, 41, 1038343666, 289, 1038344045, 305, 1038346504, 290, 1038808365, 306, 1038758466, 291, 1038295448, 546, 1038808363, 51, 1038293258, 307, 1038293770, 292, 1021228738, 293, 1021923097, 549, 1021922430, 295, 1021073498, 37, 1021922909, 309, 1021977269, 550, 1021992808, 310, 1021966997, 311, 1021093966, 551, 1021075277, 38, 1021992438, 558, 1021992487, 567, 1021095692, 556, 1021172963, 548, 1021226907, 565, 1021976584, 566, 1021967529, 553, 1038341778, 33, 1038344611, 561, 1038345181, 545, 1038342627, 50, 1038758480, 42, 1038789991, 554, 1038789956, 562, 1038758436, 555, 1038295416, 563, 1038295154, 547, 1038296872, 52, 1021178710, 308, 1021177545, 36, 1021229857, 294, 1021992203, 559, 1021076603, 39, 1021072422, 34, 1038808364, 43, 1038293462, 35, 1038294880, 53, 1021977110, 45, 1021987223, 564, 1021175660, 54, 1021967311, 46, 1021992165, 557, 1021986731, 55, 1021092953, 47, 1021073780, 44, 1021176010]
[INFO] (lattice_cell.c: 455): on tick 15 of 50
[INFO] (lattice_cell.c: 172): the unmatched_packets is 56
[288, 1037917851, 552, 1037912577, 560, 1037912329, 48, 1037912351, 40, 1037912601, 304, 1037912335, 544, 1037917838, 32, 1037917872, 289, 1038349255, 553, 1038349424, 49, 1038353842, 561, 1038352094, 41, 1038351216, 305, 1038353376, 545, 1038347951, 33, 1038349737, 290, 1038735233, 50, 1038740770, 554, 1038740148, 562, 1038740694, 42, 1038740192, 34, 1038735255, 306, 1038740732, 546, 1038735211, 51, 1038302167, 291, 1038305182, 563, 1038303862, 547, 1038306511, 307, 1038302602, 35, 1038304679, 292, 1020982666, 44, 1021051158, 308, 1021135251, 293, 1022172009, 557, 1022102041, 309, 1022009959, 294, 1021948389, 54, 1021951963, 295, 1021101105, 311, 1021092805, 551, 1021102699, 36, 1020983385, 549, 1022170618, 559, 1021094084, 566, 1021953717, 43, 1038302889, 555, 1038304669, 52, 1021135794, 564, 1021133877, 548, 1020981053, 53, 1022010325, 556, 1021048982, 310, 1021952393, 550, 1021949775, 38, 1021947900, 55, 1021092134, 565, 1022008662, 45, 1022103796, 37, 1022172525, 46, 1021957452, 47, 1021091773, 39, 1021100377, 567, 1021094359, 558, 1021959282]
[INFO] (lattice_cell.c: 455): on tick 16 of 50
[INFO] (lattice_cell.c: 172): the unmatched_packets is 56
[288, 1037857854, 48, 1037882700, 40, 1037853141, 304, 1037882710, 552, 1037853139, 560, 1037882718, 32, 1037857846, 544, 1037857865, 49, 1038346689, 289, 1038344829, 41, 1038345938, 553, 1038344010, 33, 1038345413, 305, 1038346217, 561, 1038344889, 545, 1038343393, 50, 1038780707, 42, 1038811839, 290, 1038807112, 34, 1038807122, 554, 1038811813, 306, 1038780685, 546, 1038807101, 51, 1038293246, 43, 1038293264, 291, 1038295383, 307, 1038293752, 555, 1038295189, 292, 1021271346, 52, 1021240200, 308, 1021239036, 293, 1021878040, 53, 1021917462, 294, 1021980046, 309, 1021917771, 54, 1021984444, 295, 1021083675, 311, 1021075595, 551, 1021085602, 547, 1038296801, 39, 1021082462, 567, 1021077428, 549, 1021877485, 559, 1021073434, 562, 1038780657, 35, 1038294817, 563, 1038295104, 44, 1021276506, 548, 1021269425, 37, 1021877728, 565, 1021917165, 46, 1021993615, 310, 1021984071, 558, 1021993841, 566, 1021984581, 55, 1021074459, 47, 1021070349, 556, 1021273467, 36, 1021272499, 45, 1021877505, 564, 1021237158, 38, 1021980351, 557, 1021877266, 550, 1021980658]
[INFO] (lattice_cell.c: 455): on tick 17 of 50
[INFO] (lattice_cell.c: 172): the unmatched_packets is 56
[288, 1037878186, 48, 1037938642, 40, 1037914296, 552, 1037914260, 32, 1037878194, 304, 1037938639, 544, 1037878174, 560, 1037938645, 49, 1038351897, 289, 1038350674, 41, 1038350669, 553, 1038348899, 33, 1038351190, 305, 1038351449, 545, 1038349339, 561, 1038350179, 50, 1038713794, 290, 1038776508, 42, 1038739001, 554, 1038738957, 34, 1038776521, 306, 1038713752, 562, 1038713696, 51, 1038301247, 291, 1038304123, 43, 1038302349, 307, 1038301696, 35, 1038303598, 292, 1021061338, 547, 1038305479, 52, 1021040457, 308, 1021039926, 293, 1022089562, 45, 1022169864, 309, 1022114620, 294, 1021986275, 54, 1021946163, 558, 1021962479, 295, 1021065175, 310, 1021946638, 311, 1021102858, 39, 1021064546, 44, 1020989145, 557, 1022167914, 546, 1038776500, 555, 1038304181, 563, 1038302980, 556, 1020987038, 548, 1021059889, 53, 1022115075, 549, 1022088112, 37, 1022090134, 55, 1021102281, 559, 1021092332, 551, 1021066654, 36, 1021061948, 564, 1021038537, 46, 1021960587, 38, 1021985725, 47, 1021090252, 565, 1022113243, 550, 1021987662, 567, 1021104295, 566, 1021947982]
[INFO] (lattice_cell.c: 455): on tick 18 of 50
[INFO] (lattice_cell.c: 172): the unmatched_packets is 56
[288, 1037900461, 48, 1037875644, 304, 1037875646, 40, 1037882486, 552, 1037882472, 32, 1037900467, 560, 1037875663, 544, 1037900461, 49, 1038347691, 289, 1038343436, 41, 1038345239, 553, 1038343326, 305, 1038347199, 33, 1038343984, 561, 1038345861, 545, 1038342057, 50, 1038787571, 290, 1038763314, 42, 1038781281, 554, 1038781226, 306, 1038787543, 562, 1038787500, 34, 1038763334, 546, 1038763300, 51, 1038293716, 291, 1038296344, 43, 1038294580, 35, 1038295780, 555, 1038296481, 307, 1038294195, 563, 1038295508, 547, 1038297750, 52, 1021321669, 44, 1021229385, 292, 1021105537, 308, 1021320499, 293, 1022051405, 53, 1021831846, 309, 1021832212, 294, 1021974440, 310, 1021978788, 295, 1021088325, 567, 1021078892, 311, 1021076923, 565, 1021831678, 549, 1022050782, 556, 1021226121, 36, 1021106864, 564, 1021318610, 548, 1021103438, 45, 1021928214, 557, 1021928063, 54, 1021979189, 550, 1021975050, 38, 1021974731, 559, 1021094223, 55, 1021075694, 551, 1021090368, 39, 1021087016, 37, 1022051124, 46, 1021967490, 566, 1021979304, 47, 1021090936, 558, 1021967730]
[INFO] (lattice_cell.c: 455): on tick 19 of 50
[INFO] (lattice_cell.c: 172): the unmatched_packets is 56
[288, 1037880540, 304, 1037911427, 48, 1037911433, 40, 1037869570, 552, 1037869556, 560, 1037911423, 544, 1037880540, 289, 1038351716, 32, 1037880542, 305, 1038352131, 49, 1038352575, 41, 1038352392, 553, 1038350511, 561, 1038350856, 545, 1038350311, 33, 1038352289, 290, 1038773108, 306, 1038742339, 50, 1038742370, 42, 1038785004, 554, 1038784967, 546, 1038773094, 291, 1038302763, 307, 1038303302, 555, 1038302587, 292, 1021162877, 52, 1021053514, 308, 1021053042, 547, 1038304149, 293, 1021983066, 53, 1022100311, 309, 1022099787, 557, 1022011159, 294, 1021964936, 54, 1021949260, 310, 1021949712, 55, 1021091492, 311, 1021091985, 45, 1022013024, 37, 1021983571, 47, 1021073002, 549, 1021981704, 550, 1021966317, 34, 1038773118, 562, 1038742289, 51, 1038302830, 43, 1038300715, 35, 1038302198, 44, 1021139672, 563, 1038304611, 295, 1021089127, 559, 1021074903, 39, 1021088559, 567, 1021093288, 556, 1021137862, 548, 1021161518, 46, 1021980565, 565, 1022098398, 38, 1021964393, 36, 1021163385, 566, 1021951047, 551, 1021090530, 564, 1021051751, 558, 1021982395]
[INFO] (lattice_cell.c: 455): on tick 20 of 50
[INFO] (lattice_cell.c: 172): the unmatched_packets is 56
[288, 1037876385, 48, 1037928517, 40, 1037899731, 304, 1037928516, 552, 1037899691, 32, 1037876389, 544, 1037876365, 560, 1037928524, 289, 1038343710, 49, 1038346556, 41, 1038344121, 305, 1038346102, 553, 1038342323, 33, 1038344224, 545, 1038342346, 561, 1038344797, 50, 1038733108, 290, 1038788530, 42, 1038764193, 34, 1038788556, 554, 1038764153, 306, 1038733086, 546, 1038788512, 51, 1038294396, 43, 1038292796, 291, 1038296568, 307, 1038294878, 563, 1038296191, 52, 1021197193, 292, 1021142083, 44, 1021100845, 556, 1021097337, 308, 1021195911, 293, 1022015205, 45, 1022063530, 309, 1021962732, 557, 1022063172, 46, 1021993121, 294, 1021975532, 310, 1021987939, 295, 1021083098, 47, 1021074200, 311, 1021066825, 548, 1021139957, 53, 1021962411, 38, 1021975793, 55, 1021065543, 39, 1021081717, 562, 1038733042, 35, 1038296019, 555, 1038294675, 547, 1038297949, 564, 1021193863, 565, 1021962138, 549, 1022014512, 550, 1021976187, 567, 1021068866, 559, 1021077626, 551, 1021085209, 37, 1022014985, 54, 1021988332, 566, 1021988455, 558, 1021993427, 36, 1021143459]
[INFO] (lattice_cell.c: 455): on tick 21 of 50
[INFO] (lattice_cell.c: 172): the unmatched_packets is 56
[288, 1037876941, 48, 1037867558, 40, 1037883705, 304, 1037867556, 552, 1037883699, 560, 1037867569, 544, 1037876937, 289, 1038351473, 305, 1038353498, 561, 1038352165, 290, 1038777598, 50, 1038786979, 306, 1038786923, 563, 1038301106, 52, 1021191138, 308, 1021190778, 565, 1021954294, 309, 1021955561, 310, 1021890797, 42, 1038769849, 34, 1038777610, 311, 1021161106, 43, 1038300617, 45, 1022016848, 54, 1021890340, 558, 1021941179, 548, 1021100053, 567, 1021162371, 566, 1021892137, 559, 1021116371, 32, 1037876932, 49, 1038353981, 41, 1038352622, 553, 1038350676, 33, 1038352069, 545, 1038350037, 562, 1038786854, 291, 1038304743, 555, 1038302518, 292, 1021101362, 35, 1038304169, 547, 1038306160, 556, 1021132704, 307, 1038299795, 293, 1022046392, 564, 1021189627, 294, 1021968936, 295, 1021078281, 46, 1021939328, 38, 1021968420, 55, 1021160628, 550, 1021970284, 51, 1038299339, 551, 1021079631, 554, 1038769794, 44, 1021134466, 53, 1021955958, 557, 1022015156, 47, 1021114500, 549, 1022045057, 39, 1021077758, 36, 1021101875, 37, 1022046885, 546, 1038777584]
[INFO] (lattice_cell.c: 455): on tick 22 of 50
[INFO] (lattice_cell.c: 172): the unmatched_packets is 56
[48, 1037937616, 288, 1037899824, 40, 1037904879, 32, 1037899832, 552, 1037904835, 304, 1037937630, 560, 1037937632, 544, 1037899799, 49, 1038346355, 289, 1038343618, 41, 1038344944, 33, 1038344132, 553, 1038343164, 305, 1038345915, 561, 1038344669, 545, 1038342281, 50, 1038724587, 42, 1038758504, 290, 1038763847, 554, 1038758478, 34, 1038763869, 306, 1038724572, 546, 1038763827, 51, 1038295974, 43, 1038295306, 291, 1038296974, 307, 1038296450, 292, 1021128129, 556, 1021178807, 293, 1022030932, 309, 1021995159, 294, 1021996411, 54, 1022095860, 46, 1022030352, 566, 1022096014, 295, 1021061365, 311, 1020953290, 547, 1038298365, 44, 1021182312, 557, 1021979743, 565, 1021994404, 39, 1021060024, 549, 1022030152, 567, 1020955364, 562, 1038724569, 555, 1038297207, 35, 1038296406, 563, 1038297744, 52, 1021168027, 308, 1021166709, 36, 1021129526, 53, 1021994941, 37, 1022030782, 310, 1022095482, 55, 1020952053, 559, 1021027105, 45, 1021980263, 548, 1021125917, 38, 1021996654, 558, 1022030615, 47, 1021023678, 550, 1021997106, 551, 1021063513, 564, 1021164638]
[INFO] (lattice_cell.c: 455): on tick 23 of 50
[INFO] (lattice_cell.c: 172): the unmatched_packets is 56
[288, 1037864299, 48, 1037879083, 40, 1037844729, 304, 1037879051, 552, 1037844693, 32, 1037864302, 560, 1037879041, 544, 1037864303, 289, 1038352113, 49, 1038353495, 41, 1038352524, 553, 1038350565, 305, 1038353005, 561, 1038351667, 33, 1038352724, 290, 1038790091, 50, 1038774817, 545, 1038350646, 42, 1038810729, 306, 1038774744, 562, 1038774662, 291, 1038301366, 51, 1038299563, 43, 1038298508, 307, 1038300059, 292, 1021129738, 563, 1038301414, 35, 1038300810, 308, 1021129826, 293, 1022015909, 45, 1022036574, 37, 1022016297, 294, 1021919145, 295, 1021138977, 310, 1021814494, 559, 1021195734, 311, 1021237202, 551, 1021140369, 36, 1021130231, 549, 1022014698, 566, 1021815758, 554, 1038810644, 34, 1038790113, 546, 1038790056, 555, 1038300406, 547, 1038302771, 52, 1021130218, 556, 1021112903, 53, 1022018236, 309, 1022017950, 565, 1022016808, 54, 1021814096, 550, 1021920509, 44, 1021114607, 564, 1021128672, 548, 1021128454, 557, 1022035051, 46, 1021866908, 38, 1021918621, 55, 1021236707, 47, 1021193800, 39, 1021138318, 558, 1021868755, 567, 1021238446]
[INFO] (lattice_cell.c: 455): on tick 24 of 50
[INFO] (lattice_cell.c: 172): the unmatched_packets is 56
[288, 1037910888, 48, 1037924210, 40, 1037926617, 304, 1037924236, 552, 1037926600, 560, 1037924280, 544, 1037910865, 32, 1037910882, 289, 1038343862, 49, 1038346405, 41, 1038344584, 305, 1038345981, 553, 1038342812, 561, 1038344735, 33, 1038344379, 290, 1038752851, 50, 1038738168, 545, 1038342537, 42, 1038736549, 554, 1038736557, 306, 1038738142, 34, 1038752858, 546, 1038752857, 291, 1038298600, 51, 1038294601, 43, 1038295402, 562, 1038738124, 555, 1038297263, 307, 1038295045, 52, 1021186166, 292, 1021156786, 563, 1038296302, 308, 1021184885, 293, 1022002378, 556, 1021133213, 309, 1021976946, 294, 1022069783, 549, 1022001484, 310, 1022066865, 558, 1022125837, 559, 1020934029, 311, 1020986284, 47, 1020930658, 37, 1022002361, 548, 1021154601, 550, 1022070477, 551, 1020982358, 35, 1038298006, 547, 1038299994, 44, 1021136752, 36, 1021158186, 53, 1021976835, 45, 1022029561, 295, 1020980270, 55, 1020985093, 567, 1020988272, 564, 1021182829, 54, 1022067141, 46, 1022125361, 557, 1022028792, 38, 1022070000, 565, 1021976116, 39, 1020978995, 566, 1022067509]
[INFO] (lattice_cell.c: 455): on tick 25 of 50
[INFO] (lattice_cell.c: 172): the unmatched_packets is 56
[288, 1037843278, 48, 1037905264, 40, 1037870901, 304, 1037905233, 552, 1037870827, 560, 1037905205, 32, 1037843298, 544, 1037843268, 289, 1038351769, 49, 1038354676, 305, 1038354187, 41, 1038353048, 553, 1038351062, 561, 1038352820, 33, 1038352389, 545, 1038350304, 290, 1038811962, 50, 1038748102, 306, 1038748028, 42, 1038782734, 554, 1038782632, 34, 1038811998, 562, 1038747948, 546, 1038811921, 51, 1038300902, 291, 1038301556, 43, 1038299977, 555, 1038301960, 35, 1038300978, 563, 1038302718, 307, 1038301379, 547, 1038302999, 52, 1021189201, 44, 1021134342, 292, 1021100791, 556, 1021132531, 36, 1021101355, 564, 1021187587, 308, 1021188770, 548, 1021099474, 53, 1021956629, 45, 1022015450, 293, 1022045232, 37, 1022045510, 309, 1021956442, 549, 1022044121, 294, 1021835096, 46, 1021845321, 558, 1021846888, 310, 1021938004, 295, 1021222004, 311, 1021106665, 38, 1021834659, 47, 1021208199, 557, 1022014221, 565, 1021955400, 54, 1021937657, 566, 1021939127, 551, 1021223441, 550, 1021836378, 559, 1021210254, 39, 1021221298, 55, 1021106011, 567, 1021108071]
[INFO] (lattice_cell.c: 455): on tick 26 of 50
[INFO] (lattice_cell.c: 172): the unmatched_packets is 56
[552, 1037884320, 560, 1037891114, 288, 1037912937, 544, 1037912937, 48, 1037891052, 304, 1037891083, 40, 1037884300, 32, 1037912923, 553, 1038342656, 561, 1038344067, 289, 1038343927, 545, 1038342595, 49, 1038345678, 305, 1038345275, 41, 1038344389, 33, 1038344446, 554, 1038780189, 562, 1038772173, 290, 1038750894, 546, 1038750895, 50, 1038772213, 306, 1038772203, 42, 1038780206, 34, 1038750891, 555, 1038295012, 563, 1038295861, 51, 1038294092, 547, 1038298171, 43, 1038293166, 307, 1038294573, 292, 1021128872, 35, 1038296244, 308, 1021158012, 293, 1022032035, 557, 1022015209, 53, 1022005007, 309, 1022004992, 294, 1022111265, 566, 1021927878, 310, 1021927158, 38, 1022111307, 295, 1020946818, 567, 1021128930, 311, 1021127116, 37, 1022032131, 558, 1022018229, 291, 1038296808, 556, 1021146154, 564, 1021156014, 52, 1021159207, 44, 1021149498, 548, 1021126720, 54, 1021927452, 46, 1022017521, 550, 1022112151, 559, 1021048016, 55, 1021126139, 551, 1020948865, 565, 1022003989, 36, 1021130183, 549, 1022030999, 45, 1022016198, 47, 1021044939, 39, 1020945612]
[INFO] (lattice_cell.c: 455): on tick 27 of 50
[INFO] (lattice_cell.c: 172): the unmatched_packets is 56
[288, 1037881247, 48, 1037905897, 304, 1037905863, 40, 1037893835, 552, 1037893736, 560, 1037905838, 32, 1037881274, 544, 1037881199, 289, 1038351750, 49, 1038354455, 41, 1038353555, 305, 1038353963, 553, 1038351530, 561, 1038352598, 33, 1038352376, 545, 1038350254, 290, 1038772207, 50, 1038747990, 42, 1038760007, 306, 1038747918, 554, 1038759918, 34, 1038772254, 562, 1038747825, 546, 1038772170, 51, 1038299978, 291, 1038303585, 43, 1038300267, 555, 1038302194, 35, 1038302984, 307, 1038300428, 563, 1038301749, 547, 1038305056, 52, 1021143847, 44, 1021143369, 292, 1021139045, 36, 1021139704, 308, 1021143343, 564, 1021142106, 556, 1021141394, 53, 1022003841, 45, 1022007132, 293, 1022009104, 309, 1022003774, 37, 1022009252, 294, 1021900300, 54, 1021995390, 310, 1021995640, 295, 1021147280, 46, 1022005226, 311, 1021054856, 39, 1021146433, 567, 1021056374, 548, 1021137611, 557, 1022006107, 565, 1022002891, 566, 1021996743, 38, 1021899997, 550, 1021901429, 549, 1022008134, 55, 1021054050, 47, 1021047492, 559, 1021049985, 551, 1021148858, 558, 1022006644]
[INFO] (lattice_cell.c: 455): on tick 28 of 50
[INFO] (lattice_cell.c: 172): the unmatched_packets is 56
[288, 1037870027, 48, 1037921223, 304, 1037921255, 552, 1037885733, 40, 1037885735, 560, 1037921295, 544, 1037870038, 32, 1037870005, 289, 1038343981, 49, 1038346387, 41, 1038345002, 305, 1038345975, 553, 1038343269, 33, 1038344499, 545, 1038342667, 561, 1038344771, 50, 1038740765, 290, 1038794972, 42, 1038778129, 554, 1038778126, 34, 1038794986, 306, 1038740738, 546, 1038794962, 562, 1038740712, 51, 1038294660, 291, 1038296140, 43, 1038294520, 307, 1038295135, 563, 1038296414, 547, 1038297526, 52, 1021181614, 292, 1021132108, 44, 1021135542, 308, 1021180520, 293, 1022026084, 309, 1021982155, 294, 1021956179, 54, 1021977649, 566, 1021978338, 295, 1021102334, 311, 1021072898, 53, 1021982306, 45, 1022027552, 35, 1038295555, 555, 1038296443, 36, 1021133324, 556, 1021132340, 557, 1022026287, 565, 1021981028, 558, 1021935993, 46, 1021935166, 310, 1021977511, 559, 1021123951, 551, 1021104158, 564, 1021178597, 548, 1021130077, 38, 1021956146, 55, 1021072019, 47, 1021121219, 549, 1022024934, 39, 1021101318, 37, 1022026317, 567, 1021074635, 550, 1021957177]
[INFO] (lattice_cell.c: 455): on tick 29 of 50
[INFO] (lattice_cell.c: 172): the unmatched_packets is 56
[288, 1037885585, 48, 1037899953, 40, 1037878738, 552, 1037878642, 32, 1037885621, 304, 1037899915, 560, 1037899889, 544, 1037885557, 49, 1038353761, 289, 1038354085, 41, 1038352757, 33, 1038354714, 553, 1038350763, 305, 1038353263, 561, 1038351904, 545, 1038352598, 50, 1038753602, 42, 1038775526, 290, 1038768766, 34, 1038768794, 554, 1038775426, 306, 1038753522, 546, 1038768720, 291, 1038301963, 43, 1038299428, 35, 1038301395, 307, 1038300913, 563, 1038302247, 292, 1021119618, 564, 1021180169, 308, 1021181517, 293, 1022020983, 45, 1022026306, 294, 1022022830, 558, 1021969840, 38, 1022022569, 310, 1021933253, 567, 1021115320, 311, 1021113673, 547, 1038303404, 549, 1022020096, 562, 1038753452, 51, 1038300453, 555, 1038301344, 52, 1021182141, 36, 1021120424, 53, 1021966812, 557, 1022025573, 309, 1021966881, 565, 1021966100, 566, 1021934174, 295, 1021032599, 55, 1021112770, 39, 1021031536, 551, 1021034377, 44, 1021126498, 556, 1021124284, 37, 1022021058, 54, 1021933144, 46, 1021968624, 548, 1021118059, 47, 1021087988, 550, 1022023881, 559, 1021090668]
[INFO] (lattice_cell.c: 455): on tick 30 of 50
[INFO] (lattice_cell.c: 172): the unmatched_packets is 56
[288, 1037894770, 304, 1037895688, 48, 1037895665, 40, 1037895624, 552, 1037895631, 560, 1037895722, 32, 1037894762, 544, 1037894766, 289, 1038344423, 305, 1038346248, 49, 1038346632, 41, 1038343387, 553, 1038341622, 561, 1038345041, 545, 1038343064, 33, 1038344989, 290, 1038768922, 306, 1038767657, 50, 1038767685, 42, 1038768256, 34, 1038768930, 554, 1038768213, 562, 1038767621, 546, 1038768925, 291, 1038297213, 307, 1038294520, 51, 1038294052, 43, 1038293442, 35, 1038296596, 555, 1038295334, 563, 1038295811, 547, 1038298628, 292, 1021127905, 308, 1021165700, 556, 1021147197, 293, 1022030513, 309, 1021995198, 294, 1021963019, 310, 1021955953, 295, 1021090504, 55, 1021096148, 311, 1021096882, 38, 1021962892, 46, 1022002382, 550, 1021964126, 44, 1021150088, 564, 1021163933, 36, 1021128906, 53, 1021995451, 557, 1022020535, 37, 1022030815, 45, 1022021996, 566, 1021956904, 567, 1021098422, 551, 1021092222, 548, 1021126019, 54, 1021955951, 565, 1021993956, 549, 1022029297, 47, 1021056873, 558, 1022003538, 39, 1021089611, 559, 1021059435, 52, 1021166616]
[INFO] (lattice_cell.c: 455): on tick 31 of 50
[INFO] (lattice_cell.c: 172): the unmatched_packets is 56
[288, 1037871480, 304, 1037904530, 48, 1037904559, 552, 1037887817, 40, 1037887906, 560, 1037904503, 544, 1037871440, 32, 1037871500, 289, 1038350823, 49, 1038355891, 41, 1038352841, 305, 1038355410, 553, 1038350880, 33, 1038351379, 561, 1038354060, 545, 1038349381, 50, 1038749385, 290, 1038782758, 306, 1038749313, 291, 1038302867, 307, 1038300342, 292, 1021138343, 308, 1021146303, 293, 1022013671, 294, 1021943570, 309, 1021995588, 295, 1021107602, 310, 1021985736, 550, 1021944480, 47, 1021082543, 311, 1021064001, 555, 1038302014, 549, 1022012838, 39, 1021106458, 35, 1038302277, 36, 1021139422, 551, 1021109456, 42, 1038765826, 554, 1038765747, 546, 1038782728, 562, 1038749249, 34, 1038782797, 51, 1038299905, 563, 1038301662, 43, 1038300087, 44, 1021150401, 564, 1021144813, 557, 1022001877, 565, 1021994896, 567, 1021065782, 559, 1021085521, 52, 1021147102, 45, 1022002544, 53, 1021995431, 37, 1022013713, 548, 1021136549, 46, 1021970340, 54, 1021985730, 38, 1021943473, 55, 1021062951, 566, 1021986534, 547, 1038304325, 558, 1021971230, 556, 1021147772]
[INFO] (lattice_cell.c: 455): on tick 32 of 50
[INFO] (lattice_cell.c: 172): the unmatched_packets is 56
[288, 1037890819, 304, 1037918231, 48, 1037918209, 552, 1037886187, 40, 1037886221, 32, 1037890817, 544, 1037890823, 560, 1037918253, 289, 1038346662, 49, 1038347171, 41, 1038346241, 553, 1038344399, 305, 1038346753, 33, 1038347269, 561, 1038345526, 545, 1038345251, 50, 1038743833, 290, 1038773527, 42, 1038777836, 554, 1038777812, 34, 1038773547, 306, 1038743799, 562, 1038743749, 51, 1038294584, 43, 1038294091, 291, 1038296019, 555, 1038296016, 307, 1038295072, 563, 1038296363, 292, 1021100827, 44, 1021130324, 548, 1021099208, 293, 1022049481, 549, 1022048227, 294, 1021979925, 54, 1021968426, 295, 1021077669, 310, 1021968570, 39, 1021076897, 311, 1021081862, 55, 1021081257, 550, 1021981194, 546, 1038773506, 35, 1038295417, 52, 1021170027, 547, 1038297426, 556, 1021127947, 308, 1021169292, 53, 1021991338, 309, 1021991039, 37, 1022049797, 559, 1021108996, 567, 1021083312, 551, 1021079293, 36, 1021101579, 564, 1021167698, 557, 1022027408, 565, 1021989759, 46, 1021950173, 38, 1021979611, 47, 1021106775, 558, 1021951580, 566, 1021969659, 45, 1022028897]
[INFO] (lattice_cell.c: 455): on tick 33 of 50
[INFO] (lattice_cell.c: 172): the unmatched_packets is 56
[552, 1037872815, 560, 1037901240, 288, 1037866969, 544, 1037866935, 304, 1037901250, 48, 1037901261, 40, 1037872889, 32, 1037866992, 553, 1038348626, 561, 1038350948, 289, 1038351103, 545, 1038349681, 49, 1038352684, 41, 1038350477, 305, 1038352244, 33, 1038351662, 554, 1038781701, 562, 1038752211, 290, 1038787681, 50, 1038752352, 546, 1038787660, 42, 1038781781, 34, 1038787712, 306, 1038752294, 555, 1038301193, 563, 1038301247, 291, 1038302038, 43, 1038299284, 307, 1038299950, 292, 1021190262, 293, 1021962137, 53, 1021967539, 308, 1021185200, 294, 1022004495, 309, 1021967728, 567, 1021105497, 310, 1021946705, 311, 1021103601, 548, 1021188261, 51, 1038299497, 547, 1038303478, 35, 1038301443, 564, 1021183451, 52, 1021186201, 36, 1021191519, 557, 1022008647, 45, 1022009268, 54, 1021946875, 295, 1021048929, 46, 1021983125, 551, 1021050962, 556, 1021150465, 44, 1021153585, 565, 1021967044, 549, 1021961315, 37, 1021962146, 38, 1022004512, 566, 1021947366, 550, 1022005288, 47, 1021072870, 39, 1021047654, 55, 1021102477, 559, 1021076060, 558, 1021983825]
[INFO] (lattice_cell.c: 455): on tick 34 of 50
[INFO] (lattice_cell.c: 172): the unmatched_packets is 56
[288, 1037916162, 304, 1037905438, 48, 1037905429, 552, 1037910956, 40, 1037910998, 32, 1037916162, 544, 1037916141, 560, 1037905449, 289, 1038344466, 49, 1038349432, 41, 1038346820, 305, 1038348972, 553, 1038344911, 33, 1038345077, 545, 1038343045, 561, 1038347711, 290, 1038746941, 50, 1038757530, 42, 1038752234, 554, 1038752171, 34, 1038746972, 306, 1038757473, 546, 1038746921, 562, 1038757429, 51, 1038294562, 291, 1038297196, 43, 1038294329, 555, 1038296253, 35, 1038296574, 307, 1038295036, 547, 1038298629, 292, 1021033011, 556, 1021086390, 308, 1021150086, 36, 1021033674, 53, 1022001361, 293, 1022126432, 309, 1022001029, 294, 1021945884, 54, 1021949561, 310, 1021949788, 566, 1021950981, 295, 1021108287, 311, 1021099914, 551, 1021109778, 37, 1022126851, 565, 1021999744, 563, 1038296335, 52, 1021150580, 44, 1021088432, 548, 1021031497, 564, 1021148779, 557, 1022069616, 45, 1022071195, 549, 1022125130, 558, 1021980615, 38, 1021945470, 55, 1021099398, 550, 1021947235, 559, 1021078746, 39, 1021107611, 46, 1021978960, 47, 1021076662, 567, 1021101226]
[INFO] (lattice_cell.c: 455): on tick 35 of 50
[INFO] (lattice_cell.c: 172): the unmatched_packets is 56
[288, 1037844587, 304, 1037887033, 48, 1037887049, 40, 1037863224, 552, 1037863153, 560, 1037887026, 544, 1037844555, 32, 1037844595, 289, 1038354307, 49, 1038352482, 41, 1038352747, 305, 1038352079, 553, 1038350893, 561, 1038350816, 33, 1038354893, 545, 1038352879, 290, 1038810536, 50, 1038767511, 42, 1038791238, 306, 1038767449, 554, 1038791188, 546, 1038810537, 291, 1038301599, 51, 1038301227, 562, 1038767381, 43, 1038299117, 34, 1038810562, 307, 1038301676, 555, 1038301029, 35, 1038301012, 563, 1038302984, 547, 1038303040, 52, 1021201441, 44, 1021236720, 292, 1021250534, 36, 1021251834, 308, 1021200240, 564, 1021198356, 556, 1021233393, 53, 1021954484, 293, 1021887263, 557, 1021915937, 309, 1021954702, 294, 1021971904, 54, 1021982491, 310, 1021982230, 295, 1021081994, 311, 1021061040, 46, 1021985644, 558, 1021986103, 47, 1021069581, 551, 1021084079, 548, 1021248515, 45, 1021916427, 565, 1021954067, 37, 1021887110, 566, 1021982801, 550, 1021972617, 38, 1021972027, 55, 1021059817, 549, 1021886536, 567, 1021062996, 39, 1021080651, 559, 1021072953]
[INFO] (lattice_cell.c: 455): on tick 36 of 50
[INFO] (lattice_cell.c: 172): the unmatched_packets is 56
[288, 1037907215, 304, 1037937562, 48, 1037937569, 40, 1037917308, 552, 1037917249, 560, 1037937578, 32, 1037907243, 544, 1037907191, 289, 1038342830, 305, 1038347068, 49, 1038347527, 41, 1038343186, 553, 1038341318, 561, 1038345789, 33, 1038343383, 545, 1038341456, 290, 1038756820, 50, 1038724046, 42, 1038745962, 306, 1038724000, 554, 1038745877, 34, 1038756871, 562, 1038723937, 546, 1038756782, 291, 1038296664, 51, 1038294980, 43, 1038292640, 307, 1038295433, 555, 1038294576, 35, 1038296033, 563, 1038296711, 547, 1038298105, 52, 1021085496, 292, 1021008048, 44, 1021024601, 308, 1021085094, 36, 1021008735, 556, 1021022627, 564, 1021083865, 548, 1021006519, 53, 1022075682, 293, 1022160065, 45, 1022148912, 37, 1022160653, 309, 1022075295, 557, 1022147158, 565, 1022073957, 549, 1022158586, 54, 1021956427, 46, 1021946893, 294, 1021975805, 310, 1021956801, 558, 1021948738, 550, 1021977280, 47, 1021116173, 295, 1021079869, 311, 1021092658, 551, 1021081310, 38, 1021975269, 566, 1021958121, 55, 1021092154, 559, 1021118114, 39, 1021079255, 567, 1021093955]
[INFO] (lattice_cell.c: 455): on tick 37 of 50
[INFO] (lattice_cell.c: 172): the unmatched_packets is 56
[288, 1037881479, 304, 1037876814, 552, 1037853399, 48, 1037876821, 560, 1037876803, 40, 1037853463, 32, 1037881484, 544, 1037881475, 289, 1038353066, 305, 1038355536, 553, 1038352737, 49, 1038355944, 561, 1038354266, 41, 1038354678, 290, 1038772256, 545, 1038351576, 33, 1038353719, 306, 1038777384, 50, 1038777447, 554, 1038801466, 42, 1038801510, 562, 1038777320, 291, 1038303821, 555, 1038300706, 307, 1038299003, 292, 1021195397, 293, 1021948472, 557, 1021886726, 308, 1021285914, 54, 1021972058, 550, 1021975911, 310, 1021971647, 311, 1021080702, 556, 1021254950, 45, 1021886925, 46, 1021982543, 565, 1021853184, 546, 1038772232, 34, 1038772276, 51, 1038298532, 43, 1038298777, 563, 1038300319, 547, 1038305264, 35, 1038303220, 548, 1021193298, 294, 1021975274, 549, 1021947907, 566, 1021972143, 309, 1021853765, 295, 1021070416, 38, 1021975478, 55, 1021079505, 559, 1021076642, 39, 1021069010, 551, 1021072577, 52, 1021287086, 44, 1021258211, 564, 1021283977, 36, 1021196698, 37, 1021948195, 47, 1021073268, 558, 1021982812, 53, 1021853452, 567, 1021082635]
[INFO] (lattice_cell.c: 455): on tick 38 of 50
[INFO] (lattice_cell.c: 172): the unmatched_packets is 56
[288, 1037874200, 304, 1037929345, 48, 1037929343, 552, 1037899913, 40, 1037900016, 560, 1037929342, 32, 1037874220, 544, 1037874143, 289, 1038345588, 305, 1038344964, 49, 1038345381, 553, 1038342909, 41, 1038344674, 561, 1038343724, 33, 1038346137, 545, 1038344208, 290, 1038790360, 50, 1038733062, 42, 1038764039, 306, 1038732996, 554, 1038763962, 562, 1038732934, 546, 1038790344, 34, 1038790396, 291, 1038296514, 51, 1038296683, 43, 1038294653, 307, 1038297133, 555, 1038296566, 35, 1038295899, 547, 1038297942, 563, 1038298412, 52, 1021045697, 292, 1021147021, 44, 1021053085, 556, 1021051024, 36, 1021147620, 308, 1021045227, 564, 1021043964, 548, 1021145585, 53, 1022123988, 45, 1022116699, 293, 1022008775, 37, 1022009453, 557, 1022114633, 309, 1022123468, 294, 1021974239, 310, 1021930807, 550, 1021975745, 295, 1021079851, 558, 1021987253, 311, 1021111425, 565, 1022122040, 54, 1021930370, 46, 1021985243, 549, 1022007203, 566, 1021932142, 38, 1021973641, 559, 1021070985, 39, 1021079225, 47, 1021069012, 55, 1021110946, 567, 1021112704, 551, 1021081236]
[INFO] (lattice_cell.c: 455): on tick 39 of 50
[INFO] (lattice_cell.c: 172): the unmatched_packets is 56
[288, 1037888767, 304, 1037891628, 48, 1037891632, 552, 1037902361, 40, 1037902394, 560, 1037891630, 32, 1037888778, 544, 1037888747, 289, 1038351869, 49, 1038354988, 41, 1038352146, 305, 1038354531, 553, 1038350193, 561, 1038353233, 33, 1038352490, 545, 1038350432, 290, 1038765423, 50, 1038762369, 42, 1038750683, 306, 1038762299, 554, 1038750598, 34, 1038765447, 562, 1038762211, 546, 1038765403, 51, 1038298663, 291, 1038301743, 43, 1038297628, 555, 1038299581, 307, 1038299127, 563, 1038300419, 292, 1021074587, 556, 1021147738, 308, 1021264185, 564, 1021262360, 548, 1021072395, 53, 1021879783, 45, 1022004978, 557, 1022004969, 309, 1021880233, 294, 1021963647, 37, 1022074338, 310, 1021988085, 295, 1021092046, 311, 1021063877, 39, 1021090659, 559, 1021089708, 551, 1021094182, 547, 1038303215, 35, 1038301112, 52, 1021265277, 44, 1021151103, 36, 1021075969, 293, 1022074610, 565, 1021879767, 54, 1021988502, 566, 1021988594, 558, 1021976214, 55, 1021062651, 550, 1021964299, 47, 1021086276, 46, 1021975948, 549, 1022074025, 38, 1021963918, 567, 1021065835]
[INFO] (lattice_cell.c: 455): on tick 40 of 50
[INFO] (lattice_cell.c: 172): the unmatched_packets is 56
[48, 1037889491, 40, 1037870186, 288, 1037885706, 32, 1037885722, 552, 1037870099, 304, 1037889492, 560, 1037889484, 544, 1037885677, 49, 1038347865, 41, 1038345795, 289, 1038345018, 33, 1038345590, 553, 1038343957, 305, 1038347480, 561, 1038346260, 545, 1038343598, 50, 1038774062, 42, 1038794191, 290, 1038778273, 34, 1038778305, 554, 1038794164, 306, 1038774026, 562, 1038773999, 546, 1038778247, 51, 1038293521, 43, 1038294258, 35, 1038297510, 291, 1038298126, 555, 1038296178, 307, 1038293949, 547, 1038299577, 44, 1021192727, 292, 1021148551, 308, 1021127323, 548, 1021147132, 293, 1022009565, 309, 1022031674, 558, 1021950047, 294, 1021961925, 566, 1021939573, 295, 1021085597, 310, 1021938291, 311, 1021115409, 551, 1021087006, 550, 1021963424, 563, 1038295231, 52, 1021127818, 36, 1021149185, 556, 1021190826, 53, 1022032291, 564, 1021126090, 45, 1021970186, 557, 1021968183, 38, 1021961310, 55, 1021114943, 559, 1021106708, 567, 1021116661, 54, 1021937867, 46, 1021948170, 549, 1022008086, 47, 1021104802, 39, 1021084962, 37, 1022010215, 565, 1022030184]
[INFO] (lattice_cell.c: 455): on tick 41 of 50
[INFO] (lattice_cell.c: 172): the unmatched_packets is 56
[288, 1037878486, 304, 1037946371, 48, 1037946389, 560, 1037946350, 40, 1037892569, 32, 1037878500, 544, 1037878456, 552, 1037892468, 289, 1038352493, 305, 1038353440, 49, 1038353863, 41, 1038352539, 561, 1038352167, 33, 1038353119, 545, 1038351044, 553, 1038350673, 290, 1038775747, 306, 1038705923, 50, 1038706012, 42, 1038761806, 554, 1038761709, 291, 1038301253, 307, 1038304096, 292, 1021154703, 308, 1021139530, 293, 1021993539, 309, 1022010836, 294, 1021998368, 54, 1022029020, 295, 1021056879, 310, 1022028662, 559, 1021045892, 311, 1021006286, 35, 1038300641, 36, 1021156007, 53, 1022010406, 38, 1021998559, 550, 1021999095, 567, 1021008284, 557, 1022045546, 562, 1038705826, 34, 1038775791, 546, 1038775721, 51, 1038303618, 43, 1038300190, 555, 1038302130, 563, 1038305393, 547, 1038302697, 556, 1021106723, 548, 1021152600, 45, 1022045743, 549, 1021992909, 46, 1022009434, 558, 1022009819, 566, 1022029229, 39, 1021055483, 44, 1021110067, 52, 1021140647, 564, 1021137596, 37, 1021993279, 565, 1022010362, 47, 1021042519, 55, 1021005072, 551, 1021059042]
[INFO] (lattice_cell.c: 455): on tick 42 of 50
[INFO] (lattice_cell.c: 172): the unmatched_packets is 56
[288, 1037879385, 48, 1037872147, 304, 1037872178, 552, 1037877057, 40, 1037877107, 560, 1037872208, 32, 1037879399, 544, 1037879343, 289, 1038345553, 49, 1038347619, 41, 1038345415, 553, 1038343556, 561, 1038345937, 305, 1038347203, 33, 1038346124, 545, 1038344142, 290, 1038785130, 50, 1038791096, 42, 1038787157, 554, 1038787122, 306, 1038791057, 291, 1038295550, 307, 1038291062, 292, 1021101219, 308, 1021205738, 293, 1022054376, 294, 1021945704, 37, 1022055035, 566, 1021839341, 295, 1021112921, 310, 1021838167, 550, 1021947060, 311, 1021224467, 44, 1021109777, 47, 1021159649, 556, 1021107683, 562, 1038791006, 34, 1038785156, 546, 1038785149, 51, 1038290619, 43, 1038290032, 555, 1038291969, 563, 1038292361, 35, 1038294920, 564, 1021204523, 52, 1021206220, 548, 1021099724, 45, 1022054952, 309, 1021951838, 38, 1021945157, 551, 1021114356, 547, 1038297016, 53, 1021952315, 54, 1021837838, 46, 1021911950, 557, 1022053043, 55, 1021224066, 558, 1021913743, 36, 1021101939, 39, 1021112285, 567, 1021225646, 559, 1021161603, 565, 1021950432, 549, 1022052871]
[INFO] (lattice_cell.c: 455): on tick 43 of 50
[INFO] (lattice_cell.c: 172): the unmatched_packets is 56
[288, 1037905295, 48, 1037918474, 304, 1037918439, 40, 1037913748, 552, 1037913621, 32, 1037905329, 560, 1037918393, 544, 1037905245, 289, 1038351222, 49, 1038354056, 305, 1038353624, 41, 1038352513, 553, 1038350613, 33, 1038351842, 561, 1038352389, 545, 1038349790, 290, 1038747968, 50, 1038735678, 306, 1038735589, 42, 1038739240, 554, 1038739130, 34, 1038748026, 562, 1038735503, 546, 1038747920, 291, 1038306182, 51, 1038302499, 43, 1038302788, 307, 1038302917, 35, 1038305550, 555, 1038304690, 563, 1038304150, 547, 1038307631, 52, 1021178444, 292, 1021134855, 44, 1021185637, 36, 1021136103, 556, 1021182499, 308, 1021177417, 564, 1021175604, 548, 1021132743, 53, 1021972905, 45, 1021971777, 293, 1022018079, 37, 1022017839, 309, 1021973252, 294, 1022014072, 310, 1022090811, 558, 1022080029, 311, 1020947453, 550, 1022014919, 551, 1021025001, 557, 1021971589, 565, 1021972652, 549, 1022017433, 54, 1022091053, 46, 1022079450, 295, 1021022866, 567, 1020949554, 38, 1022014179, 47, 1020961187, 566, 1022091527, 39, 1021021517, 55, 1020946181, 559, 1020964653]
[INFO] (lattice_cell.c: 455): on tick 44 of 50
[INFO] (lattice_cell.c: 172): the unmatched_packets is 56
[288, 1037851980, 552, 1037857043, 560, 1037900759, 544, 1037851964, 304, 1037900736, 48, 1037900721, 40, 1037857086, 32, 1037851973, 289, 1038346111, 553, 1038344592, 561, 1038346506, 545, 1038344667, 305, 1038347747, 49, 1038348122, 41, 1038346408, 33, 1038346694, 290, 1038813138, 554, 1038807669, 562, 1038761849, 50, 1038761927, 306, 1038761885, 291, 1038292447, 307, 1038293601, 556, 1021128796, 564, 1021129544, 308, 1021130887, 557, 1022026739, 558, 1021849248, 309, 1022026053, 566, 1021875701, 38, 1021875086, 310, 1021874701, 311, 1021179829, 51, 1038293103, 35, 1038291822, 54, 1021874578, 550, 1021876802, 551, 1021194603, 549, 1022017397, 42, 1038807680, 546, 1038813141, 555, 1038292647, 563, 1038294969, 292, 1021134209, 548, 1021132706, 293, 1022018776, 565, 1022024729, 45, 1022028549, 294, 1021875518, 53, 1022026525, 46, 1021847774, 295, 1021193197, 559, 1021221297, 55, 1021179450, 34, 1038813160, 547, 1038293928, 43, 1038290646, 52, 1021131503, 44, 1021130987, 36, 1021134987, 37, 1022019348, 47, 1021219484, 567, 1021180916, 39, 1021192513]
[INFO] (lattice_cell.c: 455): on tick 45 of 50
[INFO] (lattice_cell.c: 172): the unmatched_packets is 56
[288, 1037906497, 304, 1037904150, 48, 1037904181, 560, 1037904133, 40, 1037905437, 552, 1037905289, 544, 1037906422, 32, 1037906539, 289, 1038353383, 305, 1038352369, 49, 1038352801, 561, 1038351115, 41, 1038351514, 553, 1038349629, 33, 1038354009, 545, 1038351965, 290, 1038747298, 306, 1038749544, 50, 1038749644, 42, 1038748604, 562, 1038749449, 554, 1038748493, 34, 1038747353, 546, 1038747263, 291, 1038304923, 307, 1038301722, 51, 1038301344, 43, 1038300573, 563, 1038302911, 292, 1021136373, 44, 1021123875, 556, 1021120821, 308, 1021170307, 293, 1022010104, 564, 1021168574, 294, 1022105323, 46, 1022073147, 310, 1021983582, 311, 1021059443, 45, 1022036884, 38, 1022105280, 555, 1038302389, 35, 1038304314, 52, 1021171200, 547, 1038306338, 37, 1022009979, 549, 1022009299, 309, 1021984122, 295, 1020936627, 566, 1021984471, 550, 1022106304, 55, 1021058189, 47, 1020977786, 567, 1021061499, 36, 1021137526, 548, 1021134370, 557, 1022036458, 54, 1021983635, 39, 1020935273, 53, 1021983797, 559, 1020981321, 565, 1021983461, 551, 1020938807, 558, 1022074108]
[INFO] (lattice_cell.c: 455): on tick 46 of 50
[INFO] (lattice_cell.c: 172): the unmatched_packets is 56
[288, 1037871662, 304, 1037917827, 552, 1037891474, 48, 1037917811, 560, 1037917849, 40, 1037891523, 32, 1037871660, 544, 1037871640, 289, 1038346445, 49, 1038349222, 305, 1038348823, 553, 1038343312, 41, 1038345172, 561, 1038347565, 545, 1038345013, 33, 1038347014, 290, 1038792534, 50, 1038744470, 42, 1038771884, 306, 1038744447, 554, 1038771857, 562, 1038744417, 34, 1038792553, 291, 1038295359, 51, 1038292963, 307, 1038293458, 292, 1021106349, 308, 1021195722, 293, 1022045092, 548, 1021104686, 53, 1021958464, 549, 1022043798, 309, 1021958128, 566, 1022001315, 310, 1022000466, 311, 1021053733, 36, 1021107240, 37, 1022045577, 38, 1021860161, 39, 1021197001, 559, 1021135281, 546, 1038792534, 43, 1038292111, 555, 1038294210, 563, 1038294825, 35, 1038294680, 556, 1021153716, 52, 1021196408, 564, 1021194321, 547, 1038296897, 565, 1021956891, 294, 1021860418, 295, 1021197679, 550, 1021861550, 55, 1021053273, 47, 1021133412, 551, 1021199065, 44, 1021156131, 45, 1022010338, 557, 1022008842, 54, 1022000442, 46, 1021928123, 567, 1021054958, 558, 1021929216]
[INFO] (lattice_cell.c: 455): on tick 47 of 50
[INFO] (lattice_cell.c: 172): the unmatched_packets is 56
[48, 1037894535, 40, 1037866609, 288, 1037889512, 32, 1037889555, 304, 1037894485, 552, 1037866471, 560, 1037894437, 544, 1037889450, 49, 1038354333, 41, 1038350967, 289, 1038350140, 33, 1038350751, 305, 1038353929, 553, 1038349104, 561, 1038352717, 50, 1038759643, 545, 1038348721, 42, 1038788240, 290, 1038764518, 34, 1038764571, 554, 1038788116, 306, 1038759541, 562, 1038759445, 51, 1038301677, 43, 1038300135, 35, 1038302809, 291, 1038303373, 307, 1038302082, 292, 1021133613, 36, 1021134674, 308, 1021152710, 293, 1022024221, 309, 1021994673, 294, 1022022340, 549, 1022023286, 310, 1021906528, 295, 1021025437, 55, 1021132567, 311, 1021133645, 559, 1021102571, 551, 1021027585, 550, 1022023519, 557, 1022014032, 546, 1038764478, 555, 1038301892, 563, 1038303303, 547, 1038304740, 52, 1021153520, 44, 1021147182, 556, 1021144422, 564, 1021151057, 53, 1021994524, 548, 1021131678, 45, 1022014675, 565, 1021993894, 54, 1021906549, 46, 1021951268, 566, 1021907513, 47, 1021099274, 39, 1021024090, 37, 1022024224, 558, 1021952539, 38, 1022022096, 567, 1021135519]
[INFO] (lattice_cell.c: 455): on tick 48 of 50
[INFO] (lattice_cell.c: 172): the unmatched_packets is 56
[288, 1037891160, 304, 1037903566, 48, 1037903536, 552, 1037900976, 40, 1037901038, 560, 1037903598, 32, 1037891170, 544, 1037891125, 289, 1038349050, 305, 1038348823, 49, 1038349208, 553, 1038346147, 41, 1038348025, 561, 1038347567, 545, 1038347568, 290, 1038772682, 33, 1038349675, 306, 1038759397, 50, 1038759447, 42, 1038762768, 554, 1038762763, 34, 1038772704, 562, 1038759351, 291, 1038295381, 51, 1038292687, 43, 1038291615, 307, 1038293157, 292, 1021149898, 563, 1038294507, 556, 1021127042, 308, 1021148143, 564, 1021146628, 293, 1021992960, 294, 1021978681, 309, 1022005103, 566, 1021970297, 295, 1021078478, 310, 1021969504, 559, 1021032097, 39, 1021077685, 311, 1021087584, 37, 1021993234, 565, 1022004075, 38, 1021978596, 558, 1022036515, 546, 1038772681, 555, 1038293658, 547, 1038296936, 35, 1038294671, 45, 1022026621, 54, 1021969546, 551, 1021079961, 548, 1021148221, 36, 1021150835, 53, 1022005331, 557, 1022025353, 46, 1022035573, 549, 1021991902, 47, 1021029862, 55, 1021086951, 52, 1021148963, 44, 1021129645, 567, 1021088871, 550, 1021979605]
[INFO] (lattice_cell.c: 455): on tick 49 of 50
[INFO] (lattice_cell.c: 172): the unmatched_packets is 56
[288, 1037863487, 304, 1037912525, 552, 1037895547, 48, 1037912566, 560, 1037912493, 32, 1037863533, 544, 1037863419, 40, 1037895718, 289, 1038349877, 305, 1038351727, 553, 1038347312, 49, 1038352142, 41, 1038349097, 545, 1038348521, 33, 1038350443, 561, 1038350518, 290, 1038791401, 306, 1038741001, 291, 1038303905, 307, 1038301385, 292, 1021120597, 308, 1021183384, 556, 1021139644, 293, 1022037364, 548, 1021118693, 309, 1021975014, 295, 1021122251, 311, 1021047601, 567, 1021049459, 39, 1021121111, 44, 1021142390, 564, 1021181868, 558, 1021943952, 50, 1038741109, 554, 1038757664, 42, 1038757765, 562, 1038740911, 546, 1038791374, 34, 1038791452, 51, 1038300996, 555, 1038302811, 43, 1038300961, 563, 1038302566, 36, 1021121635, 294, 1021922211, 45, 1022027214, 549, 1022036190, 37, 1022037617, 310, 1021994877, 566, 1021995952, 47, 1021104236, 559, 1021107199, 551, 1021124193, 547, 1038305297, 35, 1038303314, 52, 1021184087, 53, 1021974979, 46, 1021942563, 54, 1021994738, 565, 1021974052, 55, 1021046626, 550, 1021923508, 38, 1021921896, 557, 1022026168]
[INFO] (lattice_cell.c: 455): on tick 50 of 50
[INFO] (lattice_cell.c: 466): updating recording regions
[INFO] (recording.c: 507): 	Finalising channel 0 - state info stored in SDRAM
[INFO] (recording.c: 512): closed channel 0.
[INFO] (lattice_cell.c: 470): Simulation complete.

