[INFO] (lattice_cell.c: 604): starting lattice cell
[INFO] (lattice_cell.c: 526): Initialise: started
[INFO] (data_specification.c: 78): magic = ad130ad6, version = 1.0
[INFO] (lattice_cell.c: 555): my key is 1976
[INFO] (lattice_cell.c: 562): I'm in position ( 7, 23)
[INFO] (lattice_cell.c: 568): my n key is 1720
[INFO] (lattice_cell.c: 574): my U_X = 0.007340715266764164
[INFO] (lattice_cell.c: 575): my U_Y = 9.754516213433817e-05
[INFO] (lattice_cell.c: 583): input_buffer initialised
[INFO] (recording.c: 563): Recording 1 regions, using output tag 0, size before trigger 7686388, time between triggers 50
[INFO] (recording.c: 665): Recording channel 0 configured to use 7686132 byte memory block starting at 0x60243eac
[INFO] (lattice_cell.c: 588): Recording flags = 0x00000001
[INFO] (lattice_cell.c: 619): setting timer to execute every 200000 microseconds
[INFO] (lattice_cell.c: 627): Starting

[INFO] (simulation.c: 159): Setting the runtime of this model to 50 starting at 0
[INFO] (simulation.c: 161): Setting the flag of infinite run for this model to 0
[INFO] (simulation.c: 175): Resuming
[INFO] (lattice_cell.c: 455): on tick 0 of 50
[2240, 1038323257, 1984, 1038323257, 1728, 1038323253, 1968, 1038758232, 1712, 1038758226, 2224, 1038758226, 1985, 1038327621, 2232, 1038656493, 1969, 1038323556, 1986, 1038323257, 1970, 1037904566, 1987, 1038318893, 2241, 1038323257, 1971, 1038314828, 1730, 1038323253, 1988, 1021550405, 1989, 1021550405, 1722, 1037999653, 1991, 1021541677, 1732, 1021554603, 1723, 1038312289, 1716, 1021990065, 1724, 1021888216, 1972, 1021985630, 1717, 1021135419, 1734, 1021537483, 1973, 1021131464, 1725, 1021230626, 1990, 1021541677, 1735, 1021537483, 1974, 1021123236, 1719, 1021971965, 1975, 1021976402, 1727, 1021870342, 2226, 1037904560, 2244, 1021546041, 2237, 1021222441, 2238, 1021222441, 2230, 1021127344, 1720, 1038656489, 1729, 1038331819, 2239, 1021879277, 2247, 1021546041, 1713, 1038327752, 1721, 1038329411, 2225, 1038319186, 1714, 1037904562, 1731, 1038314699, 2233, 1038320849, 1715, 1038310630, 1733, 1021554603, 2235, 1038320849, 1718, 1021119279, 2229, 1021127344, 1726, 1021214260, 2246, 1021546041, 2242, 1038323257, 2234, 1037999657, 2243, 1038323257, 2227, 1038319186, 2236, 1021879277, 2228, 1021981010, 2245, 1021546041, 2231, 1021981010]
[INFO] (lattice_cell.c: 455): on tick 1 of 50
[INFO] (lattice_cell.c: 172): the unmatched_packets is 56
[1728, 1038323545, 1968, 1038726241, 2240, 1038323299, 1720, 1038576345, 1984, 1038323423, 1712, 1038726261, 2224, 1038726215, 2232, 1038576181, 1969, 1038331919, 1729, 1038334155, 2241, 1038325705, 1721, 1038336136, 1985, 1038330011, 1713, 1038336061, 2225, 1038327621, 2233, 1038327693, 2242, 1038323301, 1970, 1037926533, 1730, 1038323049, 1986, 1038323173, 1722, 1038072405, 1714, 1037926511, 2226, 1037926555, 1971, 1038321014, 1987, 1038321393, 1972, 1021931032, 1723, 1038315015, 1989, 1021877728, 2243, 1038325703, 1974, 1021045799, 1990, 1021204567, 1724, 1021701832, 1991, 1021868811, 1988, 1021213220, 1973, 1021174534, 1735, 1021864289, 1975, 1022050466, 1719, 1022045962, 1727, 1022126847, 2228, 1021926544, 2227, 1038325324, 2245, 1021873354, 2229, 1021170226, 2230, 1021050083, 1731, 1038317251, 2234, 1038072563, 1715, 1038316883, 1732, 1021217643, 2237, 1021394482, 2247, 1021873354, 2231, 1022054977, 2239, 1022135963, 1733, 1021881776, 1716, 1021935516, 2244, 1021208809, 2235, 1038323461, 1725, 1021402776, 1734, 1021200663, 1717, 1021178510, 1726, 1020959702, 2246, 1021208809, 2238, 1020967804, 1718, 1021041856, 2236, 1021692861]
[INFO] (lattice_cell.c: 455): on tick 2 of 50
[INFO] (lattice_cell.c: 172): the unmatched_packets is 56
[1728, 1038324710, 1968, 1038803989, 1720, 1038648187, 1984, 1038324660, 1712, 1038803973, 2224, 1038804009, 2240, 1038324610, 1969, 1038324616, 1729, 1038329027, 1985, 1038324772, 2232, 1038648166, 1721, 1038331221, 1970, 1037860036, 1713, 1038328868, 1986, 1038324564, 1971, 1038315868, 1987, 1038315933, 1715, 1038311628, 1974, 1021253732, 1990, 1021392084, 1991, 1021699257, 1733, 1021711350, 1972, 1021995983, 1988, 1021400899, 2242, 1038324610, 1973, 1021125026, 1989, 1021707438, 1735, 1021695299, 1975, 1021838277, 1727, 1021789084, 2227, 1038320279, 2243, 1038320351, 2244, 1021396485, 2228, 1021991489, 2230, 1021257819, 2247, 1021703340, 2231, 1021842697, 2225, 1038320201, 2226, 1037860020, 1730, 1038324524, 1722, 1038006755, 1714, 1037860058, 1731, 1038311693, 2234, 1038006778, 1723, 1038308342, 2241, 1038320351, 1732, 1021405143, 1724, 1021751800, 2233, 1038322557, 1716, 1022000315, 2236, 1021742978, 1725, 1021370523, 1734, 1021387818, 1717, 1021128860, 1726, 1021299678, 1718, 1021249814, 2237, 1021362694, 1719, 1021834020, 2235, 1038317000, 2245, 1021703352, 2229, 1021121036, 2238, 1021307977, 2246, 1021396483, 2239, 1021797490]
[INFO] (lattice_cell.c: 455): on tick 3 of 50
[INFO] (lattice_cell.c: 172): the unmatched_packets is 56
[1728, 1038324059, 1968, 1038716882, 1984, 1038323899, 1720, 1038628934, 1712, 1038716950, 2224, 1038716820, 2240, 1038323733, 2232, 1038628679, 1969, 1038333498, 1729, 1038334179, 1985, 1038330091, 1721, 1038336678, 1713, 1038337582, 2225, 1038329243, 2241, 1038325834, 1970, 1037935782, 1986, 1038323557, 1971, 1038321855, 1987, 1038321572, 1730, 1038323383, 1972, 1021958801, 1731, 1038317472, 1989, 1021739433, 1723, 1038315760, 1974, 1020922671, 1724, 1021738055, 1733, 1021743558, 1988, 1021351366, 1716, 1021963438, 1973, 1021150996, 1990, 1021342384, 1726, 1021064024, 2245, 1021735000, 1975, 1022165247, 1991, 1021730409, 1718, 1020918758, 1727, 1022011360, 2243, 1038325830, 2235, 1038324108, 2244, 1021346798, 2237, 1021359574, 2246, 1021346800, 2238, 1021072129, 2230, 1020926896, 2247, 1021734996, 1722, 1038022152, 2233, 1038328333, 1714, 1037935712, 2242, 1038323731, 2226, 1037935848, 1732, 1021355933, 1715, 1038317771, 2234, 1038022414, 1725, 1021367941, 1734, 1021338343, 1717, 1021155049, 1735, 1021725860, 2229, 1021146629, 1719, 1022160527, 2227, 1038326111, 2228, 1021954160, 2236, 1021728712, 2239, 1022020822, 2231, 1022169987]
[INFO] (lattice_cell.c: 455): on tick 4 of 50
[INFO] (lattice_cell.c: 172): the unmatched_packets is 56
[1728, 1038325011, 1968, 1038755247, 1984, 1038324880, 1720, 1038628277, 1712, 1038755228, 1969, 1038326107, 1985, 1038324792, 1986, 1038324636, 2224, 1038755269, 1987, 1038315857, 1971, 1038313287, 2232, 1038628139, 1988, 1021365465, 1972, 1021963210, 1714, 1037906309, 1989, 1021742796, 1973, 1021159090, 1732, 1021369628, 1970, 1037906279, 1975, 1021893273, 1724, 1021758208, 1716, 1021967430, 1725, 1021366159, 1718, 1021198938, 1974, 1021202897, 1991, 1021734858, 1727, 1021958177, 1990, 1021356788, 2234, 1038027464, 2226, 1037906261, 2242, 1038324754, 2227, 1038317737, 2235, 1038316085, 2236, 1021749452, 2237, 1021358655, 2229, 1021155208, 2245, 1021738839, 2230, 1021207009, 2239, 1021966350, 2246, 1021361130, 1729, 1038329090, 1721, 1038332364, 2231, 1021897470, 2247, 1021738853, 2240, 1038324756, 2225, 1038321639, 2233, 1038323601, 2241, 1038320319, 1713, 1038330395, 1722, 1038027346, 1730, 1038324528, 1731, 1038311565, 2243, 1038320325, 1723, 1038307340, 2228, 1021958806, 1715, 1038309013, 2244, 1021361120, 1733, 1021746565, 1734, 1021352631, 1717, 1021162803, 1735, 1021730992, 1726, 1021130872, 2238, 1021139025, 1719, 1021889213]
[INFO] (lattice_cell.c: 455): on tick 5 of 50
[INFO] (lattice_cell.c: 172): the unmatched_packets is 56
[1728, 1038324785, 1968, 1038756005, 1720, 1038622665, 1984, 1038324579, 1712, 1038756047, 2240, 1038324354, 2224, 1038755946, 2232, 1038622377, 1729, 1038333901, 1969, 1038333508, 1721, 1038337114, 1985, 1038329849, 1713, 1038337548, 2241, 1038325633, 2233, 1038328853, 1730, 1038323895, 1970, 1037897524, 1986, 1038324116, 1722, 1038028067, 2242, 1038324354, 1714, 1037897458, 1971, 1038321305, 1987, 1038321407, 1972, 1021955228, 1732, 1021350711, 1724, 1021746098, 1991, 1021735157, 1988, 1021345953, 2243, 1038325635, 1717, 1021158452, 1973, 1021154330, 1735, 1021730636, 1990, 1021336628, 1718, 1021094382, 1975, 1021985898, 1989, 1021744173, 1974, 1021098354, 1727, 1021948351, 2231, 1021990757, 2227, 1038325512, 2235, 1038323698, 2244, 1021341216, 2228, 1021950460, 2229, 1021149879, 2245, 1021739735, 2230, 1021102643, 2238, 1021133016, 2246, 1021341208, 2225, 1038329301, 2239, 1021957815, 2226, 1037897584, 1731, 1038317354, 1715, 1038317248, 1723, 1038315432, 2234, 1038028373, 2236, 1021736410, 1716, 1021959963, 1733, 1021748347, 1734, 1021332392, 1725, 1021361652, 2247, 1021739729, 1726, 1021124586, 2237, 1021353217, 1719, 1021981105]
[INFO] (lattice_cell.c: 455): on tick 6 of 50
[INFO] (lattice_cell.c: 172): the unmatched_packets is 56
[1728, 1038325198, 1968, 1038759764, 1984, 1038324987, 1720, 1038626792, 1712, 1038759786, 2240, 1038324783, 2224, 1038759748, 2232, 1038626548, 1729, 1038329340, 1969, 1038326847, 1985, 1038325014, 1721, 1038332494, 1713, 1038331175, 2233, 1038323657, 1970, 1037902932, 1730, 1038324402, 1986, 1038324584, 1722, 1038028641, 2241, 1038320515, 1714, 1037902936, 2242, 1038324785, 1971, 1038312196, 1987, 1038316010, 1972, 1021971829, 1988, 1021358260, 1732, 1021362410, 1724, 1021754038, 1991, 1021742005, 2243, 1038320513, 1725, 1021370258, 1973, 1021152355, 1989, 1021749705, 1717, 1021155960, 1734, 1021345555, 1974, 1021099336, 1990, 1021349669, 1975, 1021998417, 1727, 1021945406, 1719, 1021994348, 2236, 1021745373, 2237, 1021363010, 2246, 1021353955, 2229, 1021148549, 2247, 1021745886, 2239, 1021953523, 2230, 1021103298, 2225, 1038322345, 2226, 1037902942, 1731, 1038311677, 1723, 1038307150, 1715, 1038307886, 1716, 1021975984, 1733, 1021753317, 2228, 1021967524, 2227, 1038316681, 1726, 1021143642, 1735, 1021738202, 1718, 1021095556, 2234, 1038028853, 2238, 1021151550, 2231, 1022002615, 2235, 1038315962, 2244, 1021353957, 2245, 1021745878]
[INFO] (lattice_cell.c: 455): on tick 7 of 50
[INFO] (lattice_cell.c: 172): the unmatched_packets is 56
[1728, 1038324860, 1968, 1038749136, 1720, 1038627514, 1984, 1038324614, 1712, 1038749166, 2224, 1038749086, 2240, 1038324355, 2232, 1038627182, 1729, 1038333895, 1969, 1038334245, 1721, 1038337312, 1985, 1038329873, 1713, 1038338255, 2225, 1038330065, 2241, 1038325685, 2233, 1038329104, 1730, 1038323821, 1722, 1038023971, 1970, 1037904373, 1986, 1038324086, 1714, 1037904317, 1971, 1038320692, 1987, 1038321487, 2226, 1037904431, 1723, 1038314861, 1989, 1021739837, 1972, 1021965176, 1988, 1021350350, 1733, 1021743994, 1973, 1021146300, 1990, 1021340674, 1974, 1021087965, 1726, 1021128225, 1991, 1021730871, 1975, 1021994830, 1735, 1021726432, 2228, 1021960305, 2229, 1021141839, 2245, 1021735398, 2238, 1021136914, 2230, 1021092394, 2246, 1021345438, 2239, 1021953245, 2231, 1021999667, 2247, 1021735404, 2242, 1038324357, 1731, 1038317448, 2234, 1038024317, 1715, 1038316669, 2243, 1038325683, 2227, 1038324871, 1732, 1021355231, 1724, 1021741741, 1716, 1021969989, 2235, 1038323085, 1725, 1021366313, 1717, 1021150493, 1734, 1021336258, 1718, 1021083848, 1727, 1021943777, 1719, 1021990073, 2236, 1021731779, 2237, 1021357867, 2244, 1021345429]
[INFO] (lattice_cell.c: 455): on tick 8 of 50
[INFO] (lattice_cell.c: 172): the unmatched_packets is 56
[1728, 1038325455, 1968, 1038751246, 1720, 1038630116, 1984, 1038325176, 2224, 1038751218, 2240, 1038324896, 2232, 1038629748, 1969, 1038327176, 1729, 1038329286, 1985, 1038324932, 1721, 1038332959, 1713, 1038331516, 1970, 1037910574, 1986, 1038324621, 2225, 1038322653, 1730, 1038324380, 1971, 1038312245, 1987, 1038315886, 1714, 1037910548, 2241, 1038320407, 2233, 1038324090, 1974, 1021109423, 1972, 1021970359, 1733, 1021748610, 1988, 1021362866, 1989, 1021745094, 1726, 1021131818, 1735, 1021733769, 1975, 1021987082, 1990, 1021354349, 1991, 1021737531, 1973, 1021154496, 2242, 1038324892, 2234, 1038025990, 2235, 1038315551, 2243, 1038320411, 2228, 1021966116, 2237, 1021364917, 2229, 1021150729, 2246, 1021358582, 1712, 1038751284, 2231, 1021991268, 1722, 1038025662, 1731, 1038311540, 1723, 1038306706, 2227, 1038316754, 1732, 1021367027, 1715, 1038307922, 1724, 1021752922, 1716, 1021974478, 1725, 1021371971, 1734, 1021350304, 1717, 1021158025, 2238, 1021139528, 1718, 1021105731, 2239, 1021965027, 1727, 1021956894, 1719, 1021982984, 2244, 1021358576, 2230, 1021113296, 2247, 1021741360, 2236, 1021744256, 2245, 1021741360, 2226, 1037910598]
[INFO] (lattice_cell.c: 455): on tick 9 of 50
[INFO] (lattice_cell.c: 172): the unmatched_packets is 56
[1728, 1038325113, 1720, 1038626419, 1968, 1038749801, 1984, 1038324839, 1712, 1038749820, 2224, 1038749777, 2240, 1038324540, 2232, 1038626059, 1729, 1038333810, 1969, 1038334413, 1721, 1038337531, 1985, 1038329800, 1713, 1038338417, 2225, 1038330251, 2241, 1038325619, 2233, 1038329354, 1730, 1038323928, 1970, 1037903759, 1722, 1038025043, 1986, 1038324227, 1971, 1038320382, 1987, 1038321437, 2226, 1037903794, 1972, 1021959513, 1988, 1021351954, 1731, 1038317403, 2242, 1038324534, 1723, 1038314796, 1973, 1021151997, 1989, 1021738188, 2234, 1038025425, 1732, 1021356916, 1974, 1021106459, 1990, 1021342031, 1716, 1021964389, 2243, 1038325619, 1717, 1021156222, 1726, 1021121340, 1735, 1021725000, 1718, 1021102245, 1975, 1021974974, 1719, 1021970263, 1991, 1021729342, 1727, 1021950115, 2229, 1021147529, 2230, 1021110967, 1714, 1037903711, 2227, 1038324558, 2235, 1038323001, 1715, 1038316381, 1724, 1021745948, 1733, 1021742352, 2244, 1021346922, 1725, 1021362704, 1734, 1021337451, 2237, 1021354341, 2247, 1021733807, 2236, 1021735763, 2246, 1021346918, 2238, 1021130251, 2239, 1021959471, 2231, 1021979796, 2228, 1021954577, 2245, 1021733800]
[INFO] (lattice_cell.c: 455): on tick 10 of 50
[INFO] (lattice_cell.c: 172): the unmatched_packets is 56
[1728, 1038325677, 1968, 1038757242, 1984, 1038325317, 1720, 1038627403, 1712, 1038757304, 2232, 1038626934, 2240, 1038324955, 2224, 1038757185, 1729, 1038329325, 1969, 1038327522, 1985, 1038324970, 1721, 1038333003, 1713, 1038331873, 2225, 1038323002, 2241, 1038320443, 2233, 1038324130, 1730, 1038324275, 1970, 1037905205, 1986, 1038324606, 1722, 1038028327, 1714, 1037905164, 1971, 1038311652, 1987, 1038315916, 2226, 1037905265, 2242, 1038324951, 1989, 1021748772, 1715, 1038307328, 1732, 1021363235, 1724, 1021754886, 1972, 1021967046, 1973, 1021158269, 1734, 1021346532, 1726, 1021134061, 1974, 1021109287, 2228, 1021962816, 1990, 1021350529, 1735, 1021737499, 2244, 1021354752, 1975, 1021986565, 1991, 1021741268, 1727, 1021954286, 1988, 1021359057, 2235, 1038315511, 2236, 1021746169, 2230, 1021113072, 2238, 1021141642, 2239, 1021962477, 2247, 1021745083, 2231, 1021990803, 1731, 1038311563, 2227, 1038316156, 1723, 1038306661, 2243, 1038320445, 2234, 1038028751, 1716, 1021971170, 1733, 1021752207, 1725, 1021370175, 1717, 1021161776, 1718, 1021105712, 1719, 1021982392, 2245, 1021745079, 2246, 1021354760, 2229, 1021154504, 2237, 1021363237]
[INFO] (lattice_cell.c: 455): on tick 11 of 50
[INFO] (lattice_cell.c: 172): the unmatched_packets is 56
[1968, 1038752484, 1728, 1038325166, 1984, 1038324856, 1720, 1038625651, 1712, 1038752498, 2224, 1038752468, 2240, 1038324502, 2232, 1038625249, 1969, 1038334780, 1729, 1038333896, 1985, 1038329874, 1721, 1038337641, 1713, 1038338783, 1970, 1037901326, 1986, 1038324158, 1971, 1038319962, 1730, 1038323815, 1973, 1021148627, 1723, 1038314591, 1990, 1021340119, 1732, 1021355246, 1975, 1021985554, 1724, 1021746112, 1733, 1021743955, 1972, 1021963951, 1725, 1021362826, 1988, 1021350235, 1989, 1021739862, 1974, 1021095921, 1726, 1021128404, 1991, 1021731227, 1987, 1038321497, 2234, 1038026309, 2228, 1021958964, 2237, 1021354579, 2245, 1021735556, 2229, 1021144219, 2238, 1021137483, 2239, 1021951870, 2230, 1021100463, 2231, 1021990332, 2226, 1037901346, 2242, 1038324506, 1722, 1038025905, 2241, 1038325687, 2233, 1038329447, 2225, 1038330608, 1714, 1037901298, 1731, 1038317449, 1715, 1038315954, 2236, 1021735816, 2246, 1021345128, 1716, 1021968833, 1734, 1021335416, 1717, 1021152845, 1735, 1021727007, 2247, 1021735558, 1718, 1021091608, 1727, 1021942649, 1719, 1021980914, 2244, 1021345126, 2227, 1038324144, 2235, 1038322807, 2243, 1038325691]
[INFO] (lattice_cell.c: 455): on tick 12 of 50
[INFO] (lattice_cell.c: 172): the unmatched_packets is 56
[1728, 1038325895, 1968, 1038754666, 1984, 1038325472, 1720, 1038629247, 1712, 1038754750, 2240, 1038325038, 2224, 1038754594, 2232, 1038628682, 1729, 1038329299, 1969, 1038327921, 1985, 1038324958, 1721, 1038333173, 1713, 1038332255, 2241, 1038320454, 1730, 1038324218, 1970, 1037907673, 1986, 1038324616, 1971, 1038311535, 1714, 1037907601, 2242, 1038325042, 1987, 1038315936, 1973, 1021155329, 2226, 1037907752, 1715, 1038307229, 1990, 1021350486, 1732, 1021363376, 1972, 1021969777, 1991, 1021741028, 1716, 1021973940, 1988, 1021359087, 2234, 1038027301, 1974, 1021101728, 1726, 1021134947, 1975, 1021993734, 2228, 1021965537, 1989, 1021748504, 1719, 1021989468, 2227, 1038316030, 2235, 1038315277, 2236, 1021743055, 2229, 1021151564, 2237, 1021366313, 2246, 1021354734, 2238, 1021142471, 2230, 1021105489, 2239, 1021961184, 2247, 1021744854, 2231, 1021998017, 1722, 1038026768, 2225, 1038323415, 2233, 1038324325, 1731, 1038311594, 1723, 1038306451, 2243, 1038320451, 1724, 1021751914, 1733, 1021751907, 1725, 1021373201, 1734, 1021346479, 1717, 1021158839, 1735, 1021737240, 1718, 1021098229, 1727, 1021952877, 2245, 1021744840, 2244, 1021354748]
[INFO] (lattice_cell.c: 455): on tick 13 of 50
[INFO] (lattice_cell.c: 172): the unmatched_packets is 56
[1728, 1038325248, 1968, 1038747943, 1720, 1038627135, 1984, 1038324886, 2240, 1038324507, 1712, 1038747947, 2224, 1038747933, 2232, 1038626690, 1969, 1038334058, 1729, 1038333890, 1721, 1038337663, 1985, 1038329858, 2241, 1038325652, 1713, 1038338087, 2225, 1038329860, 2233, 1038329434, 1730, 1038323745, 1970, 1037905546, 1722, 1038024426, 2242, 1038324507, 1986, 1038324119, 1714, 1037905533, 2226, 1037905566, 2234, 1038024876, 1731, 1038317361, 1971, 1038319838, 1987, 1038321427, 1723, 1038314410, 2243, 1038325652, 1715, 1038315800, 1972, 1021968560, 1988, 1021353462, 1989, 1021736854, 2227, 1038324034, 1990, 1021343260, 1724, 1021746928, 1716, 1021973392, 1973, 1021148035, 2235, 1038322683, 2244, 1021348332, 1974, 1021101445, 1725, 1021363051, 1734, 1021338466, 1726, 1021125199, 1991, 1021728442, 1975, 1021979507, 1727, 1021946045, 2246, 1021348328, 2238, 1021134350, 2239, 1021955076, 2236, 1021736584, 1732, 1021358496, 1733, 1021740883, 1717, 1021152199, 1718, 1021097135, 2247, 1021732667, 2231, 1021984213, 2228, 1021963592, 1735, 1021724381, 2245, 1021732663, 1719, 1021974967, 2237, 1021354990, 2230, 1021106021, 2229, 1021143660]
[INFO] (lattice_cell.c: 455): on tick 14 of 50
[INFO] (lattice_cell.c: 172): the unmatched_packets is 56
[1728, 1038326148, 1968, 1038758203, 1720, 1038629745, 1984, 1038325654, 2224, 1038758123, 2240, 1038325160, 1969, 1038328552, 1985, 1038325102, 1712, 1038758281, 1729, 1038329415, 1721, 1038334076, 2232, 1038629099, 1970, 1037904493, 1986, 1038324665, 1971, 1038311303, 2225, 1038324068, 1731, 1038311840, 1973, 1021166558, 1989, 1021748138, 1974, 1021105468, 1990, 1021349767, 1975, 1021988890, 1991, 1021740609, 1733, 1021751540, 1716, 1021960875, 1987, 1038316143, 1972, 1021956595, 1988, 1021358530, 1734, 1021345739, 1726, 1021129902, 1718, 1021101984, 1727, 1021957215, 2228, 1021952281, 2236, 1021740473, 2229, 1021162726, 2245, 1021744458, 2238, 1021137440, 2230, 1021109233, 2246, 1021354092, 2239, 1021965698, 1713, 1038332846, 1730, 1038324201, 1722, 1038026450, 2241, 1038320621, 2226, 1037904579, 2242, 1038325160, 1714, 1037904413, 1723, 1038306483, 1732, 1021362938, 2227, 1038315762, 1715, 1038307016, 1724, 1021749580, 2243, 1038320623, 2235, 1038315252, 1725, 1021372137, 1717, 1021170064, 1735, 1021736785, 1719, 1021984519, 2233, 1038325290, 2234, 1038027075, 2237, 1021365264, 2231, 1021993299, 2247, 1021744450, 2244, 1021354088]
[INFO] (lattice_cell.c: 455): on tick 15 of 50
[INFO] (lattice_cell.c: 172): the unmatched_packets is 56
[1728, 1038325294, 1968, 1038740766, 1984, 1038324873, 1720, 1038623188, 1712, 1038740798, 2240, 1038324441, 2232, 1038622662, 1969, 1038336562, 1985, 1038329056, 1729, 1038333125, 1721, 1038337329, 1970, 1037912535, 1986, 1038324001, 1713, 1038340629, 1987, 1038320551, 1722, 1038028190, 2241, 1038324806, 1972, 1021989891, 2233, 1038329014, 1971, 1038319570, 1732, 1021361030, 1974, 1021109851, 1990, 1021345816, 1724, 1021756576, 1975, 1021971062, 1991, 1021729776, 1733, 1021741815, 1725, 1021355475, 1973, 1021118284, 1989, 1021737908, 2243, 1038324806, 1735, 1021725856, 1718, 1021105517, 1727, 1021943005, 1988, 1021356040, 2238, 1021138383, 2239, 1021951775, 2234, 1038028682, 2227, 1038323805, 2244, 1021350916, 2236, 1021746312, 2237, 1021347637, 1730, 1038323592, 2246, 1021350934, 2231, 1021975674, 1714, 1037912499, 1731, 1038316440, 2225, 1038332327, 1723, 1038314110, 1715, 1038315500, 2226, 1037912573, 1716, 1021994556, 1734, 1021340982, 1717, 1021122454, 1726, 1021129242, 1719, 1021966632, 2224, 1038740730, 2235, 1038322462, 2228, 1021985050, 2242, 1038324441, 2245, 1021733852, 2229, 1021113923, 2230, 1021114392, 2247, 1021733844]
[INFO] (lattice_cell.c: 455): on tick 16 of 50
[INFO] (lattice_cell.c: 172): the unmatched_packets is 56
[1968, 1038780615, 1728, 1038326325, 1984, 1038325792, 1720, 1038636939, 1712, 1038780664, 2224, 1038780569, 2240, 1038325259, 2232, 1038636278, 1969, 1038328568, 1729, 1038329827, 1985, 1038325560, 1721, 1038331744, 1713, 1038332834, 1970, 1037882942, 1986, 1038324725, 1730, 1038324209, 1987, 1038316686, 2241, 1038321124, 2233, 1038323042, 1971, 1038311156, 1972, 1021895211, 1714, 1037882888, 1731, 1038312416, 1974, 1021086575, 1732, 1021353652, 2226, 1037883002, 1975, 1022006856, 1988, 1021349073, 1725, 1021398944, 1717, 1021231788, 1973, 1021228330, 1989, 1021755466, 1990, 1021340032, 1991, 1021747918, 1719, 1022002357, 2247, 1021751774, 2244, 1021344479, 2245, 1021751777, 2238, 1021131762, 2246, 1021344487, 2242, 1038325259, 2227, 1038315569, 1722, 1038019631, 2225, 1038324150, 1723, 1038307305, 1715, 1038306920, 1724, 1021732069, 2234, 1038020272, 1716, 1021899749, 1733, 1021758854, 1734, 1021335902, 2237, 1021392142, 2230, 1021090356, 2235, 1038315995, 1726, 1021124160, 1735, 1021744042, 2231, 1022011394, 1718, 1021083084, 2239, 1021967402, 1727, 1021958723, 2236, 1021722536, 2229, 1021224580, 2243, 1038321124, 2228, 1021890641]
[INFO] (lattice_cell.c: 455): on tick 17 of 50
[INFO] (lattice_cell.c: 172): the unmatched_packets is 56
[1728, 1038325435, 1968, 1038713663, 1720, 1038607741, 1984, 1038324908, 1712, 1038713721, 2224, 1038713594, 2240, 1038324375, 2232, 1038607067, 1969, 1038334299, 1729, 1038335551, 1721, 1038337692, 1985, 1038331432, 1713, 1038338423, 2225, 1038330007, 1970, 1037938925, 1986, 1038323846, 1971, 1038318766, 2241, 1038327129, 1988, 1021373746, 1731, 1038318679, 1987, 1038322825, 1973, 1021022749, 1732, 1021378626, 2234, 1038043904, 1716, 1022100696, 1972, 1022096281, 1725, 1021302259, 1989, 1021711025, 1717, 1021026969, 1974, 1021120177, 1990, 1021363678, 1975, 1021964608, 1719, 1021960274, 1991, 1021703092, 1727, 1021927332, 2235, 1038321979, 2236, 1021799359, 2245, 1021707063, 2230, 1021124638, 1730, 1038323354, 1722, 1038043261, 2246, 1021368696, 1714, 1037938857, 1723, 1038313537, 2233, 1038329282, 2242, 1038324385, 2227, 1038323046, 1715, 1038314645, 2226, 1037938986, 1724, 1021809251, 1733, 1021714856, 2229, 1021018354, 1734, 1021358885, 1726, 1021147070, 1735, 1021699264, 1718, 1021115880, 2228, 1022091686, 2244, 1021368694, 2237, 1021294428, 2238, 1021156105, 2247, 1021707047, 2239, 1021935896, 2231, 1021969087, 2243, 1038327135]
[INFO] (lattice_cell.c: 455): on tick 18 of 50
[INFO] (lattice_cell.c: 172): the unmatched_packets is 56
[1728, 1038326339, 1968, 1038787488, 1720, 1038658245, 1984, 1038325835, 1712, 1038787529, 2224, 1038787430, 2232, 1038657625, 2240, 1038325318, 1969, 1038329886, 1729, 1038329544, 1985, 1038325342, 1721, 1038334156, 1713, 1038334083, 1970, 1037875892, 1986, 1038324811, 1730, 1038324314, 1722, 1037998808, 1714, 1037875835, 1971, 1038311508, 1987, 1038316572, 2233, 1038325570, 1972, 1021808433, 1731, 1038312336, 1723, 1038304896, 1973, 1021309649, 1715, 1038307314, 1724, 1021632536, 1991, 1021801187, 1988, 1021296661, 1725, 1021488821, 1989, 1021808619, 1974, 1021087881, 1990, 1021287103, 1726, 1021100446, 1975, 1022002023, 1727, 1021990919, 2242, 1038325328, 2234, 1037999411, 2228, 1021803705, 2236, 1021622357, 2229, 1021305853, 2245, 1021804982, 1732, 1021301493, 1716, 1021813152, 1733, 1021811949, 2241, 1038320946, 1734, 1021282766, 2226, 1037875951, 1717, 1021313142, 2237, 1021482218, 2235, 1038313495, 1735, 1021797378, 1718, 1021084299, 2246, 1021291797, 1719, 1021997426, 2225, 1038325507, 2231, 1022006596, 2247, 1021804988, 2239, 1021999694, 2227, 1038315882, 2243, 1038320960, 2244, 1021291792, 2238, 1021108320, 2230, 1021091769]
[INFO] (lattice_cell.c: 455): on tick 19 of 50
[INFO] (lattice_cell.c: 172): the unmatched_packets is 56
[1728, 1038325704, 1968, 1038742352, 1984, 1038325072, 1720, 1038604662, 1712, 1038742388, 2224, 1038742307, 2232, 1038603854, 2240, 1038324408, 1729, 1038333209, 1969, 1038334710, 1985, 1038329029, 1721, 1038336397, 1713, 1038338885, 2225, 1038330371, 2241, 1038324673, 2233, 1038327863, 1730, 1038323114, 1970, 1037911636, 1986, 1038323743, 1722, 1038046586, 1714, 1037911597, 2226, 1037911677, 1971, 1038320521, 1987, 1038320317, 1972, 1022081637, 1988, 1021473304, 1715, 1038316357, 2242, 1038324408, 1989, 1021621053, 1732, 1021477977, 2234, 1038047359, 1990, 1021463659, 1716, 1022086043, 1975, 1021967659, 1733, 1021624872, 2227, 1038324858, 1725, 1021203532, 1734, 1021459044, 1974, 1021108966, 1726, 1021182471, 1991, 1021613112, 1973, 1021036500, 1727, 1021892260, 1719, 1021963358, 2235, 1038322183, 2229, 1021032309, 2237, 1021195871, 2245, 1021617090, 2238, 1021191100, 2246, 1021468483, 2239, 1021900840, 2247, 1021617084, 2231, 1021972155, 2244, 1021468475, 2236, 1021904032, 1731, 1038316113, 1723, 1038313631, 1724, 1021913677, 1717, 1021040512, 2243, 1038324675, 2230, 1021113279, 1735, 1021609319, 1718, 1021104861, 2228, 1022077039]
[INFO] (lattice_cell.c: 455): on tick 20 of 50
[INFO] (lattice_cell.c: 172): the unmatched_packets is 56
[1728, 1038326372, 1968, 1038733085, 1720, 1038620215, 1984, 1038325828, 1712, 1038733121, 2224, 1038733043, 2240, 1038325282, 2232, 1038619540, 1969, 1038328840, 1729, 1038330961, 1721, 1038334279, 1985, 1038326814, 1713, 1038332992, 2225, 1038324510, 2241, 1038322487, 2233, 1038325805, 1730, 1038324227, 1970, 1037928740, 1722, 1038035641, 1986, 1038324740, 1714, 1037928689, 2226, 1037928792, 1971, 1038311920, 1987, 1038318151, 1972, 1021939498, 1988, 1021192655, 1731, 1038313964, 1973, 1021184535, 1715, 1038307777, 1990, 1021182552, 2234, 1038036286, 1975, 1022011213, 2227, 1038316228, 1989, 1021906977, 1717, 1021188252, 1991, 1021899672, 2229, 1021180494, 1718, 1021074668, 1974, 1021078447, 1727, 1022039514, 2235, 1038316134, 2230, 1021082543, 2246, 1021187524, 2238, 1021049070, 2231, 1022015826, 2247, 1021903410, 1723, 1038307644, 2242, 1038325278, 2244, 1021187520, 1732, 1021197799, 1724, 1021606278, 1733, 1021910254, 1716, 1021944150, 1725, 1021515532, 2237, 1021508647, 1734, 1021177944, 2228, 1021934822, 1726, 1021040604, 1735, 1021895926, 2239, 1022048118, 1719, 1022006601, 2245, 1021903404, 2243, 1038322491, 2236, 1021595964]
[INFO] (lattice_cell.c: 455): on tick 21 of 50
[INFO] (lattice_cell.c: 172): the unmatched_packets is 56
[1728, 1038325791, 1968, 1038786698, 1984, 1038325161, 1720, 1038669443, 1712, 1038786808, 2224, 1038786586, 1985, 1038328951, 1969, 1038336094, 1729, 1038333188, 1721, 1038337303, 1986, 1038323857, 1970, 1037868061, 1987, 1038320124, 1971, 1038317340, 1730, 1038323239, 1722, 1037983406, 1988, 1021499650, 1972, 1021936965, 1989, 1021594735, 1731, 1038315877, 1974, 1021176958, 1715, 1038313126, 1991, 1021587144, 1724, 1021809962, 1725, 1021302193, 2233, 1038328673, 1717, 1021178116, 1990, 1021490081, 2235, 1038320189, 1726, 1021260362, 1975, 1021908800, 1727, 1021820457, 1973, 1021174193, 2239, 1021829126, 1713, 1038340318, 1714, 1037867957, 2225, 1038331709, 2234, 1037984202, 2227, 1038321736, 2243, 1038324542, 2236, 1021800083, 2228, 1021932430, 2244, 1021494857, 2237, 1021295121, 2240, 1038324513, 2232, 1038668613, 2229, 1021170164, 1723, 1038311538, 1732, 1021504255, 1716, 1021941341, 1733, 1021598390, 2245, 1021590934, 1734, 1021485531, 1735, 1021583469, 1718, 1021173061, 1719, 1021904475, 2241, 1038324540, 2226, 1037868177, 2242, 1038324517, 2238, 1021268489, 2230, 1021180986, 2246, 1021494853, 2231, 1021913299, 2247, 1021590930]
[INFO] (lattice_cell.c: 455): on tick 22 of 50
[INFO] (lattice_cell.c: 172): the unmatched_packets is 56
[1728, 1038326487, 1968, 1038724760, 1720, 1038585719, 1984, 1038325807, 1712, 1038724744, 2224, 1038724784, 2240, 1038325115, 2232, 1038584963, 1729, 1038329983, 1969, 1038328724, 1985, 1038325887, 1721, 1038332756, 1713, 1038332836, 2225, 1038324447, 1986, 1038324429, 1730, 1038323789, 1970, 1037937518, 2241, 1038321610, 1971, 1038313323, 2233, 1038324365, 1714, 1037937530, 1987, 1038317327, 1988, 1021296276, 2226, 1037937513, 1973, 1021155621, 1989, 1021807677, 2242, 1038325117, 1991, 1021799987, 1724, 1021780804, 1733, 1021811134, 1974, 1020966215, 1990, 1021286143, 1735, 1021796050, 2228, 1021966712, 1975, 1022118566, 1972, 1021971619, 2245, 1021803917, 2235, 1038316546, 2236, 1021770321, 2229, 1021151613, 2237, 1021341909, 1722, 1038069850, 2230, 1020970554, 2238, 1020994218, 2246, 1021291133, 2239, 1022104327, 2231, 1022123134, 2247, 1021803919, 2227, 1038317583, 2234, 1038070569, 2243, 1038321610, 1731, 1038313182, 1723, 1038308147, 1732, 1021301393, 1715, 1038309230, 2244, 1021291122, 1716, 1021976461, 1725, 1021348991, 1734, 1021281501, 1717, 1021159303, 1726, 1020985562, 1718, 1020962191, 1719, 1022114003, 1727, 1022095518]
[INFO] (lattice_cell.c: 455): on tick 23 of 50
[INFO] (lattice_cell.c: 172): the unmatched_packets is 56
[1728, 1038326070, 1968, 1038774748, 1720, 1038633594, 1984, 1038325418, 1712, 1038774822, 2240, 1038324726, 2232, 1038632740, 2224, 1038774674, 1729, 1038334890, 1721, 1038338482, 1969, 1038335352, 1985, 1038330624, 1713, 1038339612, 2233, 1038329773, 2241, 1038326166, 1730, 1038323382, 1970, 1037879571, 1722, 1038017878, 2225, 1038330909, 1986, 1038324042, 1714, 1037879485, 1971, 1038317620, 1987, 1038321698, 1972, 1021999659, 1988, 1021325763, 2226, 1037879661, 1723, 1038312497, 1973, 1021113552, 1732, 1021330519, 1990, 1021316020, 2227, 1038322066, 1733, 1021764611, 1989, 1021761239, 1974, 1021252126, 2228, 1021995271, 1975, 1021832784, 1991, 1021754228, 1718, 1021248418, 1735, 1021750859, 1727, 1021849728, 2236, 1021698073, 2229, 1021109532, 2247, 1021757726, 1731, 1038317393, 2242, 1038324730, 2234, 1038018714, 1715, 1038313363, 2245, 1021757720, 1716, 1022003872, 1724, 1021707652, 2237, 1021393168, 2230, 1021255998, 2246, 1021320873, 2231, 1021837280, 1717, 1021117408, 1725, 1021400195, 1734, 1021311392, 2238, 1021233390, 2239, 1021857861, 1726, 1021225128, 2244, 1021320865, 1719, 1021828464, 2235, 1038321240, 2243, 1038326168]
[INFO] (lattice_cell.c: 455): on tick 24 of 50
[INFO] (lattice_cell.c: 172): the unmatched_packets is 56
[1728, 1038326338, 1968, 1038737938, 1720, 1038652094, 1984, 1038325672, 1712, 1038738001, 2224, 1038737876, 2240, 1038325010, 2232, 1038651237, 1729, 1038328957, 1969, 1038328960, 1721, 1038332753, 1985, 1038324885, 1713, 1038333033, 2225, 1038324729, 2241, 1038320660, 2233, 1038324446, 1730, 1038323720, 1970, 1037924389, 1722, 1038004897, 1986, 1038324348, 1714, 1037924327, 2226, 1037924464, 2242, 1038325008, 1971, 1038311873, 1987, 1038316419, 1972, 1021953690, 1723, 1038306166, 2234, 1038005710, 1988, 1021398577, 1973, 1021172885, 1989, 1021709915, 1724, 1021748992, 1975, 1022090369, 1733, 1021713402, 1725, 1021378886, 1974, 1020999428, 1718, 1020995416, 1990, 1021388121, 1726, 1021128990, 1991, 1021702155, 1727, 1021958810, 2230, 1021003743, 2235, 1038314477, 2244, 1021393291, 2236, 1021738058, 2245, 1021706121, 2237, 1021371902, 2246, 1021393285, 2238, 1021137596, 2247, 1021706127, 2231, 1022095139, 1731, 1038312335, 2243, 1038320658, 1715, 1038307819, 1732, 1021403809, 1716, 1021958577, 2227, 1038316092, 2228, 1021948765, 1717, 1021176721, 1734, 1021383294, 1735, 1021698172, 1719, 1022085616, 2229, 1021168718, 2239, 1021968098]
[INFO] (lattice_cell.c: 455): on tick 25 of 50
[INFO] (lattice_cell.c: 172): the unmatched_packets is 56
[1728, 1038326134, 1968, 1038748253, 1720, 1038616638, 1984, 1038325393, 1712, 1038748281, 2224, 1038748210, 2240, 1038324617, 2232, 1038615742, 1729, 1038334644, 1969, 1038336466, 1721, 1038338267, 1985, 1038330342, 1713, 1038340758, 2225, 1038331991, 2241, 1038325847, 2233, 1038329475, 1730, 1038323099, 1970, 1037905604, 1722, 1038035349, 1986, 1038323841, 1714, 1037905553, 2226, 1037905647, 2242, 1038324619, 2234, 1038036225, 1731, 1038316996, 1971, 1038319200, 1723, 1038313504, 1987, 1038321343, 1715, 1038314897, 2227, 1038323672, 2243, 1038325847, 2235, 1038322345, 1972, 1021937444, 1988, 1021357341, 1732, 1021361977, 1724, 1021774847, 1973, 1021173445, 1989, 1021730972, 1716, 1021941702, 1733, 1021734322, 1991, 1021723996, 2228, 1021933064, 1974, 1021121303, 1717, 1021177134, 1975, 1021955331, 1990, 1021347926, 1718, 1021117515, 2231, 1021959531, 2245, 1021727484, 2230, 1021125304, 2236, 1021765129, 2229, 1021169595, 1725, 1021335500, 1734, 1021343500, 1726, 1021076101, 1735, 1021720632, 2238, 1021084134, 1727, 1021996908, 1719, 1021951284, 2239, 1022004853, 2244, 1021352588, 2246, 1021352600, 2247, 1021727473, 2237, 1021328948]
[INFO] (lattice_cell.c: 455): on tick 26 of 50
[INFO] (lattice_cell.c: 172): the unmatched_packets is 56
[1728, 1038326794, 1968, 1038772123, 1984, 1038326024, 1720, 1038614939, 1712, 1038772156, 2224, 1038772087, 2240, 1038325231, 2232, 1038614052, 1969, 1038328256, 1985, 1038325353, 1729, 1038329384, 1721, 1038332614, 1713, 1038332301, 1970, 1037891104, 1986, 1038324457, 2225, 1038324053, 1987, 1038316942, 1988, 1021331911, 1723, 1038306800, 1989, 1021774044, 1724, 1021757275, 1733, 1021777564, 1716, 1021987108, 1971, 1038311037, 1734, 1021316173, 1972, 1021982218, 1973, 1021145234, 1718, 1021137330, 1990, 1021321174, 1974, 1021141368, 1991, 1021766283, 1719, 1021946433, 1975, 1021951357, 2247, 1021770245, 2242, 1038325235, 2234, 1038041415, 2233, 1038324365, 2227, 1038315214, 2243, 1038321155, 2226, 1037891146, 2244, 1021326487, 1730, 1038323729, 2237, 1021365344, 2229, 1021140969, 1722, 1038040575, 2245, 1021770232, 2241, 1038321151, 2238, 1021158879, 2230, 1021145691, 2246, 1021326483, 2239, 1021943775, 1714, 1037891071, 1731, 1038312884, 2235, 1038315033, 2228, 1021977207, 2236, 1021746419, 1715, 1038307017, 1732, 1021337250, 1725, 1021372650, 1717, 1021149155, 1726, 1021149854, 2231, 1021956310, 1735, 1021762353, 1727, 1021934595]
[INFO] (lattice_cell.c: 455): on tick 27 of 50
[INFO] (lattice_cell.c: 172): the unmatched_packets is 56
[1728, 1038326061, 1968, 1038748047, 1720, 1038635712, 1984, 1038325331, 1712, 1038748096, 2224, 1038747972, 2232, 1038634764, 2240, 1038324569, 1969, 1038336122, 1729, 1038335066, 1985, 1038330744, 1721, 1038338402, 1713, 1038340440, 2225, 1038331617, 2241, 1038326232, 2233, 1038329569, 1730, 1038323080, 1970, 1037906356, 1722, 1038016336, 1986, 1038323812, 1714, 1037906280, 2242, 1038324573, 2234, 1038017258, 1971, 1038318535, 1731, 1038317323, 1987, 1038321704, 1723, 1038312854, 2226, 1037906429, 1715, 1038314198, 2227, 1038323043, 1988, 1021349454, 1972, 1021984305, 1732, 1021354247, 2235, 1038321737, 1989, 1021737708, 1973, 1021128898, 2243, 1038326230, 1716, 1021988542, 1974, 1021067727, 1733, 1021740805, 1725, 1021379492, 1975, 1022013566, 1717, 1021132516, 2244, 1021344577, 1735, 1021728020, 1718, 1021064155, 1990, 1021339789, 1991, 1021731201, 1727, 1021915057, 2245, 1021734470, 2246, 1021344579, 2230, 1021071514, 2228, 1021979969, 2229, 1021125135, 2237, 1021373157, 2238, 1021167621, 1724, 1021728066, 2231, 1022017836, 2236, 1021718309, 1734, 1021335273, 1726, 1021159786, 2239, 1021922973, 1719, 1022009475, 2247, 1021734466]
[INFO] (lattice_cell.c: 455): on tick 28 of 50
[INFO] (lattice_cell.c: 172): the unmatched_packets is 56
[1968, 1038740604, 1728, 1038326631, 1984, 1038325843, 1720, 1038639775, 1712, 1038740656, 2240, 1038325031, 2224, 1038740539, 2232, 1038638754, 1969, 1038329043, 1729, 1038329005, 1985, 1038324985, 1721, 1038332804, 1713, 1038333072, 2241, 1038320800, 2225, 1038324862, 2233, 1038324596, 1730, 1038323470, 1970, 1037921374, 1722, 1038017028, 1986, 1038324225, 1714, 1037921321, 2242, 1038325027, 1971, 1038311532, 1987, 1038316603, 2226, 1037921444, 1972, 1021960066, 1731, 1038312558, 1723, 1038306252, 1988, 1021378373, 1989, 1021729631, 1732, 1021383693, 1974, 1021088376, 1973, 1021166665, 1734, 1021362569, 2244, 1021372954, 1718, 1021084167, 1727, 1021970854, 1990, 1021367620, 1975, 1022000693, 1991, 1021721727, 2235, 1038314473, 2228, 1021955082, 2229, 1021162328, 2246, 1021372962, 2238, 1021124423, 1715, 1038307530, 2234, 1038018008, 1724, 1021754493, 1716, 1021964951, 1733, 1021733246, 1725, 1021374621, 1717, 1021170719, 1726, 1021115453, 2243, 1038320796, 1735, 1021717732, 2227, 1038315700, 1719, 1021995860, 2247, 1021725749, 2231, 1022005602, 2236, 1021743384, 2237, 1021367367, 2245, 1021725748, 2239, 1021980278, 2230, 1021092819]
[INFO] (lattice_cell.c: 455): on tick 29 of 50
[INFO] (lattice_cell.c: 172): the unmatched_packets is 56
[1728, 1038326327, 1968, 1038753846, 1720, 1038621246, 1984, 1038325524, 1712, 1038753860, 2224, 1038753826, 2240, 1038324684, 2232, 1038620296, 1729, 1038334782, 1969, 1038335407, 1721, 1038338332, 1985, 1038330453, 2225, 1038330894, 1970, 1037900188, 1986, 1038323848, 1730, 1038323046, 1987, 1038321394, 1971, 1038319008, 1988, 1021352252, 1731, 1038317002, 1973, 1021168035, 1990, 1021342661, 1724, 1021760938, 1972, 1021946570, 1725, 1021349195, 1989, 1021735506, 1726, 1021103946, 1975, 1021951719, 1991, 1021729053, 1718, 1021122598, 2228, 1021942208, 2237, 1021343179, 1974, 1021126196, 1719, 1021947659, 2242, 1038324692, 2227, 1038323520, 2243, 1038325937, 2244, 1021347404, 1713, 1038339731, 2229, 1021164332, 2245, 1021732313, 2238, 1021111880, 1722, 1038030592, 1714, 1037900162, 2246, 1021347398, 2233, 1038329486, 1723, 1038313287, 1732, 1021357050, 1715, 1038314676, 2241, 1038325933, 2226, 1037900209, 1733, 1021738526, 1716, 1021950867, 1734, 1021338232, 1717, 1021171546, 1735, 1021725891, 1727, 1021969681, 2235, 1038322191, 2231, 1021955895, 2234, 1038031508, 2236, 1021751011, 2230, 1021130039, 2239, 1021977397, 2247, 1021732309]
[INFO] (lattice_cell.c: 455): on tick 30 of 50
[INFO] (lattice_cell.c: 172): the unmatched_packets is 56
[1728, 1038327007, 1968, 1038767520, 1720, 1038620871, 1984, 1038326111, 1712, 1038767592, 2224, 1038767460, 2240, 1038325210, 2232, 1038619829, 1969, 1038329223, 1729, 1038329457, 1985, 1038325438, 1721, 1038333464, 1713, 1038333262, 2241, 1038321244, 2233, 1038325240, 1730, 1038323466, 1970, 1037895896, 1722, 1038034959, 1986, 1038324318, 1714, 1037895831, 2226, 1037895984, 1971, 1038310927, 1987, 1038317057, 1972, 1021973790, 1731, 1038313011, 1723, 1038306762, 1988, 1021346093, 1973, 1021150881, 1989, 1021759785, 1990, 1021335183, 1991, 1021751986, 1716, 1021978646, 1974, 1021112609, 1735, 1021748106, 1727, 1021939838, 1975, 1021979070, 2239, 1021949196, 2227, 1038315098, 2228, 1021968802, 2225, 1038325040, 2229, 1021146540, 2242, 1038325204, 2234, 1038035962, 1715, 1038306926, 1732, 1021351442, 2235, 1038314971, 1724, 1021758552, 2237, 1021360226, 2245, 1021755948, 1733, 1021763387, 2238, 1021153948, 1725, 1021367622, 1717, 1021154985, 1734, 1021330026, 1726, 1021144841, 2244, 1021340604, 2246, 1021340612, 2247, 1021755950, 1718, 1021108517, 2230, 1021116947, 1719, 1021974104, 2236, 1021747531, 2231, 1021984102, 2243, 1038321252]
[INFO] (lattice_cell.c: 455): on tick 31 of 50
[INFO] (lattice_cell.c: 172): the unmatched_packets is 56
[1728, 1038326152, 1968, 1038749552, 1720, 1038630540, 1984, 1038325326, 1712, 1038749583, 2224, 1038749522, 1985, 1038329864, 1969, 1038337514, 1986, 1038323627, 1970, 1037904803, 2232, 1038629522, 2240, 1038324482, 1971, 1038318488, 1713, 1038341833, 1730, 1038322825, 1722, 1038021418, 1988, 1021348373, 1714, 1037904765, 1731, 1038316445, 1989, 1021742586, 1974, 1021075636, 2226, 1037904835, 1715, 1038314148, 1991, 1021736392, 1987, 1038320826, 2242, 1038324490, 1972, 1021974614, 1973, 1021133938, 1726, 1021145265, 1990, 1021338471, 1718, 1021072093, 1975, 1022004974, 2227, 1038322981, 2237, 1021367562, 2238, 1021153105, 2231, 1022009161, 1729, 1038334177, 1721, 1038337695, 2225, 1038333011, 2234, 1038022386, 2229, 1021130267, 1723, 1038312809, 1732, 1021353322, 1724, 1021737525, 2235, 1038321696, 2243, 1038325358, 2236, 1021727459, 2245, 1021739540, 2230, 1021079459, 2246, 1021343370, 1733, 1021745458, 1716, 1021978951, 1725, 1021373486, 2247, 1021739536, 1734, 1021333951, 1717, 1021137366, 1735, 1021733282, 2241, 1038325356, 2228, 1021970214, 1727, 1021929868, 1719, 1022000854, 2239, 1021937733, 2233, 1038328883, 2244, 1021343356]
[INFO] (lattice_cell.c: 455): on tick 32 of 50
[INFO] (lattice_cell.c: 172): the unmatched_packets is 56
[1728, 1038326987, 1968, 1038743769, 1720, 1038636741, 1984, 1038326076, 1712, 1038743823, 2224, 1038743710, 2232, 1038635588, 1729, 1038329843, 1969, 1038329828, 1985, 1038325808, 1721, 1038331675, 1713, 1038333880, 2241, 1038321599, 1970, 1037918465, 2233, 1038323412, 1986, 1038324230, 1730, 1038323353, 1714, 1037918401, 1971, 1038311519, 1987, 1038317391, 1972, 1021970066, 2226, 1037918544, 1731, 1038313327, 1723, 1038307148, 1973, 1021153352, 1989, 1021735156, 2242, 1038325148, 1975, 1021990547, 1733, 1021738749, 1988, 1021369268, 1725, 1021377837, 1734, 1021353232, 1974, 1021098367, 1735, 1021723621, 2244, 1021363810, 1718, 1021094203, 1991, 1021727426, 1727, 1021957301, 1719, 1021985711, 1990, 1021358396, 2237, 1021370574, 2245, 1021731332, 2238, 1021133734, 1722, 1038020048, 2230, 1021102733, 2246, 1021363810, 2231, 1021995502, 2225, 1038325628, 2240, 1038325140, 1715, 1038307505, 1732, 1021374572, 1724, 1021755868, 1716, 1021974864, 2234, 1038021166, 1717, 1021157489, 1726, 1021124767, 2227, 1038315713, 2236, 1021744759, 2229, 1021148978, 2243, 1038321601, 2247, 1021731316, 2228, 1021965083, 2239, 1021966645, 2235, 1038315406]
[INFO] (lattice_cell.c: 455): on tick 33 of 50
[INFO] (lattice_cell.c: 172): the unmatched_packets is 56
[1728, 1038326354, 1968, 1038752514, 1984, 1038325468, 1720, 1038626622, 1712, 1038752544, 2224, 1038752496, 2232, 1038625560, 2240, 1038324553, 1969, 1038334183, 1729, 1038335984, 1985, 1038331693, 1721, 1038337479, 1713, 1038338486, 1970, 1037901425, 1986, 1038323639, 2241, 1038327215, 1730, 1038322777, 1971, 1038317948, 1722, 1038025185, 2233, 1038328704, 1714, 1037901388, 1972, 1021946682, 1731, 1038318347, 1973, 1021173702, 1990, 1021341204, 1732, 1021356190, 1991, 1021725926, 1988, 1021351161, 1717, 1021177177, 1734, 1021336666, 1989, 1021732196, 1974, 1021115066, 1975, 1021966898, 1718, 1021111465, 1726, 1021110864, 1719, 1021962726, 1987, 1038322710, 2242, 1038324553, 2234, 1038026195, 2235, 1038321389, 2243, 1038327211, 2244, 1021346109, 2237, 1021354356, 2238, 1021118879, 2246, 1021346107, 2239, 1021973883, 2231, 1021971109, 2247, 1021729116, 2225, 1038329703, 2226, 1037901458, 1715, 1038313647, 1723, 1038312542, 1716, 1021951019, 1733, 1021735063, 1724, 1021753497, 2228, 1021942302, 2236, 1021743182, 1725, 1021360125, 1735, 1021722734, 1727, 1021966027, 2229, 1021169967, 2245, 1021729118, 2227, 1038322429, 2230, 1021118947]
[INFO] (lattice_cell.c: 455): on tick 34 of 50
[INFO] (lattice_cell.c: 172): the unmatched_packets is 56
[1728, 1038327242, 1968, 1038757566, 1984, 1038326274, 1720, 1038621627, 1712, 1038757603, 2240, 1038325286, 2232, 1038620513, 2224, 1038757528, 1729, 1038330350, 1969, 1038332096, 1721, 1038334805, 1985, 1038326300, 1713, 1038336157, 2225, 1038327867, 2241, 1038322057, 2233, 1038326489, 1730, 1038323369, 1970, 1037905659, 1986, 1038324309, 1722, 1038034508, 1714, 1037905610, 1971, 1038311685, 1987, 1038317811, 2242, 1038325288, 1972, 1021979968, 1731, 1038313711, 1723, 1038305457, 2234, 1038035588, 1988, 1021353730, 1990, 1021342817, 1991, 1021741020, 1733, 1021752039, 1724, 1021764558, 1716, 1021984827, 1973, 1021133435, 1989, 1021748495, 1974, 1021116433, 1717, 1021137494, 1975, 1021971251, 1726, 1021140460, 2229, 1021129202, 2238, 1021149404, 2239, 1021958322, 2231, 1021976211, 2247, 1021744780, 2243, 1038322059, 2235, 1038313777, 2228, 1021974966, 2244, 1021348257, 2236, 1021753406, 2227, 1038315903, 1715, 1038307636, 2245, 1021744785, 2237, 1021349106, 1732, 1021359041, 1734, 1021337629, 1725, 1021356176, 1735, 1021737383, 1718, 1021112369, 2230, 1021120681, 1719, 1021966389, 2246, 1021348256, 2226, 1037905721, 1727, 1021949187]
[INFO] (lattice_cell.c: 455): on tick 35 of 50
[INFO] (lattice_cell.c: 172): the unmatched_packets is 56
[1728, 1038326374, 1968, 1038767605, 1984, 1038325409, 1720, 1038631593, 1712, 1038767634, 2224, 1038767556, 2240, 1038324399, 2232, 1038630409, 1729, 1038332896, 1969, 1038334022, 1985, 1038328640, 1721, 1038334946, 1713, 1038338290, 2225, 1038329575, 2233, 1038326226, 2241, 1038324189, 1730, 1038322468, 1970, 1037887265, 1986, 1038323419, 1722, 1038020235, 1714, 1037887217, 2226, 1037887311, 2234, 1038021353, 2242, 1038324402, 1731, 1038315412, 1971, 1038319472, 1987, 1038319731, 1723, 1038312144, 1715, 1038315212, 2227, 1038323905, 2243, 1038324191, 1972, 1021933319, 1988, 1021342676, 1973, 1021189293, 1989, 1021753547, 1974, 1021072195, 2235, 1038320904, 1716, 1021937691, 1725, 1021389372, 1990, 1021332483, 1734, 1021327834, 1991, 1021747229, 2244, 1021337502, 1975, 1022003539, 1735, 1021743961, 1718, 1021068585, 1727, 1021942076, 2229, 1021185451, 2237, 1021383381, 2246, 1021337508, 2238, 1021144043, 2239, 1021950207, 2236, 1021722969, 2228, 1021928886, 1732, 1021347814, 1724, 1021733250, 1733, 1021756375, 1717, 1021192797, 1726, 1021136006, 2231, 1022007865, 1719, 1021999256, 2245, 1021750458, 2247, 1021750448, 2230, 1021076107]
[INFO] (lattice_cell.c: 455): on tick 36 of 50
[INFO] (lattice_cell.c: 172): the unmatched_packets is 56
[1728, 1038327077, 1968, 1038724133, 1984, 1038326136, 1720, 1038623615, 1712, 1038724167, 2224, 1038724090, 2232, 1038622479, 2240, 1038325177, 1729, 1038332720, 1969, 1038330027, 1985, 1038328635, 1721, 1038335246, 1713, 1038334136, 2225, 1038325746, 2241, 1038324359, 2233, 1038326859, 1730, 1038323331, 1970, 1037937786, 1722, 1038032862, 1986, 1038324236, 1714, 1037937738, 2226, 1037937848, 2242, 1038325184, 2234, 1038033967, 1731, 1038315912, 1971, 1038312417, 1987, 1038320062, 1723, 1038308341, 1715, 1038308315, 2227, 1038316689, 2243, 1038324361, 2235, 1038316769, 1732, 1021379167, 1972, 1022055061, 1988, 1021373834, 1724, 1021784977, 1716, 1022059792, 2228, 1022050190, 2236, 1021773760, 2244, 1021368288, 1973, 1021068164, 1989, 1021719295, 1974, 1021109252, 1733, 1021722678, 1725, 1021334212, 1990, 1021362788, 1975, 1021976761, 1991, 1021712264, 1718, 1021105199, 1727, 1021934957, 2239, 1021943788, 2230, 1021113478, 2246, 1021368292, 2229, 1021063981, 2245, 1021715791, 1717, 1021072192, 1734, 1021357546, 2237, 1021327472, 2247, 1021715803, 2238, 1021151371, 1726, 1021142495, 1735, 1021708880, 2231, 1021981580, 1719, 1021972109]
[INFO] (lattice_cell.c: 455): on tick 37 of 50
[INFO] (lattice_cell.c: 172): the unmatched_packets is 56
[1728, 1038326640, 1968, 1038777614, 1984, 1038325604, 1720, 1038647759, 1712, 1038777636, 2224, 1038777594, 2240, 1038324529, 2232, 1038646470, 1729, 1038332434, 1969, 1038337757, 1721, 1038337200, 1985, 1038328214, 1713, 1038341978, 2225, 1038333365, 2241, 1038323811, 2233, 1038328574, 1730, 1038322445, 1970, 1037876941, 1986, 1038323461, 1722, 1038004566, 1714, 1037876917, 2226, 1037876966, 1971, 1038316466, 1987, 1038319408, 1972, 1021830990, 1988, 1021322312, 2242, 1038324533, 1973, 1021274861, 1990, 1021312110, 1716, 1021835572, 1733, 1021778036, 1989, 1021775080, 1734, 1021307468, 1974, 1021092073, 1991, 1021768416, 1735, 1021764948, 1718, 1021088427, 1975, 1021994491, 2235, 1038318533, 1731, 1038315143, 2238, 1021106658, 2234, 1038005779, 1723, 1038309867, 2227, 1038320846, 1715, 1038312250, 1732, 1021327478, 1724, 1021676864, 2243, 1038323813, 2244, 1021317126, 1725, 1021437388, 1717, 1021278408, 2228, 1021826394, 1726, 1021098629, 2230, 1021096011, 2229, 1021271032, 2247, 1021771816, 2245, 1021771826, 2236, 1021666194, 1719, 1021989995, 2237, 1021431407, 1727, 1021988261, 2246, 1021317137, 2239, 1021996808, 2231, 1021998985]
[INFO] (lattice_cell.c: 455): on tick 38 of 50
[INFO] (lattice_cell.c: 172): the unmatched_packets is 56
[1728, 1038327221, 1968, 1038733258, 1720, 1038604232, 1984, 1038326198, 1712, 1038733268, 2224, 1038733236, 2240, 1038325158, 2232, 1038603057, 1729, 1038330651, 1969, 1038327396, 1721, 1038331438, 1985, 1038326522, 1713, 1038331569, 2225, 1038323061, 2241, 1038322199, 2233, 1038322941, 1730, 1038323157, 1970, 1037929496, 1722, 1038051587, 1986, 1038324133, 1714, 1037929461, 2226, 1037929543, 2242, 1038325160, 2234, 1038052724, 1731, 1038313634, 1971, 1038314385, 1987, 1038317839, 1723, 1038308794, 1715, 1038310231, 2227, 1038318703, 2243, 1038322197, 2235, 1038317322, 1972, 1022104931, 1732, 1021435777, 1988, 1021430459, 1724, 1021883362, 1716, 1022109419, 1973, 1021028678, 1989, 1021671371, 1990, 1021419515, 2228, 1022100237, 1975, 1021949675, 1734, 1021414274, 1735, 1021661479, 1991, 1021664685, 1974, 1021127902, 1727, 1021911149, 2237, 1021245135, 2230, 1021132107, 2238, 1021175090, 2231, 1021954325, 2247, 1021668032, 2245, 1021668038, 2246, 1021424979, 1733, 1021674598, 1725, 1021251759, 1717, 1021032673, 2236, 1021872440, 1726, 1021166120, 2244, 1021424969, 1718, 1021123892, 2229, 1021024502, 1719, 1021945187, 2239, 1021919460]
[INFO] (lattice_cell.c: 455): on tick 39 of 50
[INFO] (lattice_cell.c: 172): the unmatched_packets is 56
[1968, 1038762324, 1728, 1038326687, 1720, 1038638682, 1984, 1038325644, 1712, 1038762406, 2224, 1038762238, 2232, 1038637425, 1729, 1038336330, 1969, 1038337287, 1721, 1038339689, 1985, 1038332153, 2240, 1038324557, 1713, 1038341449, 2225, 1038332951, 2241, 1038327817, 2233, 1038331181, 1970, 1037892010, 1730, 1038322470, 1722, 1038013243, 1986, 1038323489, 1714, 1037891931, 1971, 1038316384, 1987, 1038323453, 2226, 1037892095, 1972, 1021856190, 1988, 1021224258, 1973, 1021252071, 1974, 1021075119, 1724, 1021598994, 1991, 1021850667, 1725, 1021504101, 1717, 1021255738, 1989, 1021857291, 1734, 1021208762, 1990, 1021213604, 1719, 1022007307, 1975, 1022012016, 2235, 1038320868, 2244, 1021218827, 2245, 1021854043, 2237, 1021498100, 2230, 1021079034, 2238, 1021077624, 2239, 1022016021, 2231, 1022016719, 2243, 1038327817, 2227, 1038320719, 1731, 1038319248, 1723, 1038312315, 2229, 1021248110, 2242, 1038324573, 2234, 1038014432, 1715, 1038312221, 2246, 1021218846, 1732, 1021229659, 1716, 1021860892, 1733, 1021860231, 1726, 1021069478, 1735, 1021847228, 1718, 1021071468, 1727, 1022007163, 2228, 1021851489, 2236, 1021587846, 2247, 1021854049]
[INFO] (lattice_cell.c: 455): on tick 40 of 50
[INFO] (lattice_cell.c: 172): the unmatched_packets is 56
[1968, 1038774465, 1728, 1038327266, 1720, 1038639939, 1984, 1038326161, 1712, 1038774417, 2224, 1038774507, 2240, 1038325028, 2232, 1038638672, 1969, 1038329500, 1729, 1038328066, 1721, 1038331796, 1985, 1038323885, 2225, 1038325100, 2233, 1038323181, 2241, 1038319500, 1713, 1038333729, 1970, 1037889345, 1730, 1038322859, 1722, 1038016914, 1986, 1038323914, 1714, 1037889366, 2226, 1037889321, 2242, 1038325032, 1971, 1038311536, 1987, 1038315110, 1972, 1022013286, 1988, 1021508216, 1731, 1038310855, 2234, 1038018136, 1732, 1021513380, 1974, 1021131678, 1990, 1021497549, 1724, 1021884642, 1975, 1021956590, 1733, 1021607724, 1973, 1021112352, 1991, 1021598024, 1735, 1021594863, 1718, 1021127723, 1989, 1021604596, 1719, 1021952239, 1727, 1021855533, 2245, 1021601331, 2237, 1021242221, 2247, 1021601335, 2239, 1021863845, 2227, 1038315904, 2228, 1022008521, 2244, 1021502861, 1723, 1038304405, 2236, 1021873908, 1715, 1038307321, 1716, 1022017836, 1725, 1021248526, 1717, 1021116043, 1734, 1021492435, 2229, 1021108495, 2243, 1038319502, 1726, 1021238413, 2246, 1021502867, 2238, 1021247003, 2230, 1021135802, 2231, 1021961089, 2235, 1038313048]
[INFO] (lattice_cell.c: 455): on tick 41 of 50
[INFO] (lattice_cell.c: 172): the unmatched_packets is 56
[1728, 1038326715, 1968, 1038706139, 1720, 1038596826, 1984, 1038325647, 1712, 1038706190, 2240, 1038324538, 2224, 1038706076, 2232, 1038595466, 1969, 1038336284, 1729, 1038335891, 1721, 1038337952, 1985, 1038331791, 1713, 1038340401, 2225, 1038332009, 2241, 1038327514, 2233, 1038329577, 1970, 1037946795, 1730, 1038322383, 1722, 1038054426, 1986, 1038323433, 1714, 1037946721, 1971, 1038321048, 1987, 1038323195, 2226, 1037946864, 1973, 1021126210, 1974, 1021018087, 1990, 1021211948, 1724, 1021684313, 1972, 1021987331, 1975, 1022052620, 1988, 1021223024, 1734, 1021206915, 1989, 1021860013, 1718, 1021014323, 1991, 1021853423, 1727, 1022067422, 2228, 1021982704, 2244, 1021217384, 2229, 1021121943, 2246, 1021217388, 2230, 1021022156, 2238, 1021006717, 2247, 1021856772, 2239, 1022076145, 2231, 1022057412, 1731, 1038319018, 2242, 1038324536, 1723, 1038315366, 1715, 1038316945, 2234, 1038055730, 1732, 1021228675, 1716, 1021991939, 1733, 1021862976, 2245, 1021856780, 1725, 1021427238, 1717, 1021130170, 2237, 1021420829, 2227, 1038325321, 1726, 1020998095, 1735, 1021850043, 2243, 1038327516, 1719, 1022047850, 2236, 1021673079, 2235, 1038323829]
[INFO] (lattice_cell.c: 455): on tick 42 of 50
[INFO] (lattice_cell.c: 172): the unmatched_packets is 56
[1968, 1038791151, 1728, 1038327370, 1720, 1038669660, 1984, 1038326287, 1712, 1038791184, 2224, 1038791120, 1969, 1038329175, 1985, 1038325697, 1970, 1037872209, 1986, 1038324102, 1729, 1038329948, 1721, 1038332963, 1713, 1038333442, 2240, 1038325181, 1972, 1021933361, 1714, 1037872178, 1989, 1021681895, 2233, 1038324253, 1723, 1038304557, 1991, 1021675665, 1733, 1021684823, 1971, 1038308801, 1987, 1038316824, 1973, 1021190967, 2235, 1038313275, 1990, 1021412596, 1718, 1021236333, 1719, 1021852734, 1975, 1021857108, 1988, 1021423176, 2226, 1037872261, 1974, 1021240098, 2242, 1038325184, 2234, 1037988534, 2227, 1038313225, 2236, 1021730956, 2237, 1021380241, 2245, 1021678817, 2238, 1021259801, 2230, 1021244029, 2239, 1021848878, 2231, 1021861632, 2225, 1038324736, 2247, 1021678812, 2241, 1038321261, 2232, 1038668398, 1730, 1038323061, 1722, 1037987318, 1731, 1038312535, 2243, 1038321259, 1732, 1021428266, 2228, 1021928725, 1715, 1038304548, 2244, 1021417884, 1724, 1021741961, 1716, 1021937841, 1734, 1021407522, 1725, 1021385885, 1717, 1021194606, 1735, 1021672620, 1726, 1021251544, 2229, 1021187162, 2246, 1021417886, 1727, 1021840543]
[INFO] (lattice_cell.c: 455): on tick 43 of 50
[INFO] (lattice_cell.c: 172): the unmatched_packets is 56
[1968, 1038736122, 1728, 1038326917, 1720, 1038607760, 1984, 1038325701, 1712, 1038736109, 2224, 1038736137, 2240, 1038324438, 2232, 1038606371, 1969, 1038336613, 1729, 1038334776, 1721, 1038337459, 1985, 1038330714, 1713, 1038340687, 2225, 1038332372, 2241, 1038326473, 2233, 1038329153, 1970, 1037918593, 1730, 1038322002, 1722, 1038044185, 1986, 1038323194, 1714, 1037918595, 2242, 1038324448, 2234, 1038045500, 2226, 1037918595, 1971, 1038319983, 1731, 1038318070, 1723, 1038313646, 1987, 1038322212, 1715, 1038315910, 1972, 1021948879, 1988, 1021365646, 1989, 1021722116, 1973, 1021164038, 1990, 1021354597, 1725, 1021308541, 1991, 1021715118, 2243, 1038326477, 1717, 1021167933, 1734, 1021349597, 1975, 1022113957, 1727, 1022030665, 1974, 1020959791, 2229, 1021159907, 2245, 1021718672, 2238, 1021052208, 2230, 1020964022, 2246, 1021360023, 2231, 1022118741, 1732, 1021371254, 1724, 1021804538, 1716, 1021953775, 1733, 1021725315, 2227, 1038324221, 2235, 1038322046, 1726, 1021043497, 1718, 1020955847, 1735, 1021711549, 2228, 1021943968, 1719, 1022109236, 2239, 1022039588, 2236, 1021793085, 2244, 1021360022, 2237, 1021302045, 2247, 1021718670]
[INFO] (lattice_cell.c: 455): on tick 44 of 50
[INFO] (lattice_cell.c: 172): the unmatched_packets is 56
[1968, 1038762093, 1728, 1038327431, 1984, 1038326285, 1720, 1038613016, 1712, 1038762100, 2224, 1038762080, 2240, 1038325101, 1969, 1038329335, 1985, 1038326136, 1729, 1038330406, 1721, 1038333339, 2232, 1038611680, 1970, 1037900725, 1986, 1038323954, 1713, 1038333655, 1987, 1038317181, 1730, 1038322862, 1722, 1038042525, 1972, 1022008416, 1988, 1021303331, 1714, 1037900707, 1989, 1021800256, 2233, 1038324560, 1723, 1038305895, 1975, 1021894677, 1724, 1021734207, 1971, 1038311140, 1733, 1021802923, 1725, 1021393268, 1734, 1021287417, 1973, 1021116800, 1717, 1021120417, 1974, 1021195020, 1990, 1021292563, 1991, 1021794565, 2234, 1038043803, 2227, 1038315597, 2243, 1038321662, 2236, 1021723676, 2238, 1021162318, 2231, 1021899200, 2247, 1021797442, 2241, 1038321653, 2226, 1037900756, 2225, 1038324853, 1731, 1038312850, 2242, 1038325101, 1715, 1038306863, 1732, 1021308565, 1716, 1022012667, 1735, 1021791751, 1726, 1021153927, 1718, 1021191386, 2229, 1021112980, 1719, 1021890269, 2239, 1021941025, 1727, 1021933130, 2228, 1022003968, 2235, 1038314688, 2244, 1021297931, 2237, 1021387486, 2245, 1021797453, 2230, 1021198804, 2246, 1021297937]
[INFO] (lattice_cell.c: 455): on tick 45 of 50
[INFO] (lattice_cell.c: 172): the unmatched_packets is 56
[1728, 1038326841, 1968, 1038749785, 1984, 1038325718, 1720, 1038654087, 1712, 1038749848, 2224, 1038749724, 1969, 1038335598, 1985, 1038330468, 1729, 1038334486, 1721, 1038337236, 1713, 1038339634, 1970, 1037904619, 1986, 1038323376, 1971, 1038318892, 1987, 1038322027, 1988, 1021373478, 1732, 1021379267, 1975, 1022006436, 1733, 1021718138, 1725, 1021392252, 1989, 1021714996, 1974, 1021071867, 1726, 1021172749, 1990, 1021361970, 1735, 1021704661, 1718, 1021067947, 2243, 1038326267, 1973, 1021155604, 2237, 1021385904, 1991, 1021708134, 2239, 1021910442, 1972, 1021959863, 2233, 1038329014, 2242, 1038324546, 2235, 1038321406, 2236, 1021707935, 1730, 1038322259, 2232, 1038652653, 1722, 1037998556, 2240, 1038324538, 2244, 1021367640, 1714, 1037904548, 1731, 1038317930, 1723, 1038313076, 2229, 1021151304, 2225, 1038331395, 2238, 1021181421, 1715, 1038314836, 2230, 1021076116, 2246, 1021367642, 1724, 1021719921, 2231, 1022011387, 2247, 1021711612, 2241, 1038326261, 2234, 1037999924, 1716, 1021964731, 2227, 1038323096, 1734, 1021356711, 1717, 1021159644, 2228, 1021954903, 1727, 1021901161, 1719, 1022001607, 2245, 1021711608, 2226, 1037904690]
[INFO] (lattice_cell.c: 455): on tick 46 of 50
[INFO] (lattice_cell.c: 172): the unmatched_packets is 56
[1728, 1038327474, 1968, 1038744796, 1720, 1038629761, 1984, 1038326221, 1712, 1038744770, 2224, 1038744833, 2240, 1038324935, 2232, 1038628348, 1729, 1038330453, 1969, 1038330370, 1985, 1038326147, 1721, 1038333771, 1713, 1038334718, 1970, 1037917608, 1986, 1038323683, 2225, 1038325861, 1971, 1038311218, 1987, 1038317140, 2241, 1038321650, 1972, 1021939629, 2233, 1038324928, 1973, 1021182770, 1990, 1021377401, 2242, 1038324939, 1715, 1038306907, 1975, 1022020072, 1991, 1021710418, 1724, 1021786054, 1733, 1021719067, 1988, 1021387670, 1725, 1021340140, 1989, 1021716342, 1974, 1021068688, 1717, 1021186221, 1726, 1021085666, 1719, 1022015845, 2243, 1038321644, 2244, 1021382513, 2245, 1021713433, 2238, 1021093698, 2247, 1021713433, 1730, 1038322491, 1722, 1038026830, 2226, 1037917598, 1714, 1037917629, 1731, 1038312790, 1723, 1038305971, 1732, 1021392681, 2234, 1038028180, 2237, 1021334796, 2229, 1021179127, 1716, 1021943950, 2230, 1021072547, 2246, 1021382522, 2239, 1022011153, 2227, 1038315700, 1734, 1021372532, 2236, 1021775351, 1735, 1021707486, 1718, 1021064998, 1727, 1022003204, 2231, 1022024362, 2235, 1038314828, 2228, 1021935144]
[INFO] (lattice_cell.c: 455): on tick 47 of 50
[INFO] (lattice_cell.c: 172): the unmatched_packets is 56
[2240, 1038324656, 1728, 1038327183, 1968, 1038760196, 1720, 1038608297, 1984, 1038325947, 1712, 1038760164, 2224, 1038760214, 2232, 1038606875, 2241, 1038325947, 1729, 1038334125, 1969, 1038337053, 1721, 1038336958, 1985, 1038330134, 1713, 1038341077, 2225, 1038332871, 2233, 1038328779, 1970, 1037894648, 1730, 1038322158, 2242, 1038324656, 1722, 1038043143, 1986, 1038323372, 1714, 1037894646, 2226, 1037894637, 1971, 1038318951, 1731, 1038317643, 1987, 1038321737, 1723, 1038313443, 2234, 1038044483, 1972, 1021971010, 2243, 1038325947, 1732, 1021327918, 1988, 1021321984, 1974, 1021147237, 2227, 1038323126, 1716, 1021975927, 1991, 1021760681, 1734, 1021304775, 1973, 1021137312, 1717, 1021141407, 1735, 1021757300, 1990, 1021310192, 2244, 1021316005, 1975, 1021929597, 1718, 1021143243, 1989, 1021767442, 1719, 1021924659, 2228, 1021966029, 2245, 1021764101, 2229, 1021132992, 2237, 1021348955, 2246, 1021316010, 2230, 1021151506, 2238, 1021125973, 2247, 1021764097, 2231, 1021934625, 2239, 1021965134, 2235, 1038321728, 1715, 1038314924, 1724, 1021759631, 2236, 1021747756, 1733, 1021770584, 1725, 1021355595, 1726, 1021116741, 1727, 1021956211]
[INFO] (lattice_cell.c: 455): on tick 48 of 50
[INFO] (lattice_cell.c: 172): the unmatched_packets is 56
[1728, 1038327509, 1968, 1038759417, 1720, 1038636736, 1984, 1038326268, 1712, 1038759475, 2224, 1038759351, 2240, 1038325008, 2232, 1038635255, 1729, 1038330995, 1721, 1038332030, 1969, 1038330264, 1985, 1038326689, 1713, 1038334624, 2225, 1038325742, 2241, 1038322180, 1730, 1038322589, 1970, 1037903722, 1986, 1038323769, 2233, 1038323172, 1971, 1038311071, 1972, 1021986520, 1988, 1021348395, 1714, 1037903657, 1723, 1038306358, 1732, 1021353579, 2234, 1038020774, 1987, 1038317663, 1724, 1021735902, 1991, 1021747941, 1733, 1021755918, 1716, 1021990732, 1989, 1021753418, 1725, 1021395260, 1974, 1021100521, 1990, 1021337837, 1734, 1021332866, 1717, 1021139031, 1726, 1021174546, 1735, 1021745146, 1975, 1021990413, 1718, 1021097125, 1973, 1021135551, 2228, 1021982190, 2245, 1021750734, 2237, 1021390014, 2229, 1021131816, 2239, 1021920077, 2247, 1021750734, 2231, 1021994904, 1722, 1038019347, 2227, 1038315571, 2242, 1038325012, 1731, 1038313296, 2226, 1037903798, 1715, 1038306752, 2236, 1021725215, 2246, 1021343075, 2230, 1021104116, 2243, 1038322182, 2244, 1021343103, 2235, 1038315235, 2238, 1021182315, 1727, 1021911984, 1719, 1021985983]
[INFO] (lattice_cell.c: 455): on tick 49 of 50
[INFO] (lattice_cell.c: 172): the unmatched_packets is 56
[1728, 1038326942, 1968, 1038741587, 1984, 1038325698, 1720, 1038639834, 1712, 1038741557, 2224, 1038741591, 2232, 1038638360, 2240, 1038324413, 1969, 1038334911, 1729, 1038335679, 1985, 1038331687, 1713, 1038338924, 1970, 1037912653, 1986, 1038323131, 1730, 1038321906, 1971, 1038318393, 2241, 1038327509, 1714, 1037912663, 2233, 1038328286, 1973, 1021167508, 1732, 1021377733, 1974, 1021062555, 1990, 1021360069, 1715, 1038314358, 1733, 1021715349, 1991, 1021705292, 1734, 1021354613, 1972, 1021951800, 1988, 1021371856, 1717, 1021171591, 2227, 1038322575, 1726, 1021118683, 2235, 1038321037, 1718, 1021058340, 2228, 1021946733, 1719, 1022011569, 1975, 1022016302, 2237, 1021358387, 1987, 1038323295, 1989, 1021712151, 2242, 1038324414, 2234, 1038014202, 1721, 1038336475, 1722, 1038012810, 2236, 1021739132, 1731, 1038319224, 1723, 1038312730, 2244, 1021365901, 2229, 1021163215, 2238, 1021127764, 2239, 1021966315, 2231, 1022021151, 2226, 1037912662, 2225, 1038330727, 1724, 1021751364, 1716, 1021956749, 1725, 1021364757, 1735, 1021701913, 1727, 1021957191, 2245, 1021708754, 2230, 1021067023, 2246, 1021365909, 2247, 1021708736, 2243, 1038327513]
[INFO] (lattice_cell.c: 455): on tick 50 of 50
[INFO] (lattice_cell.c: 466): updating recording regions
[INFO] (recording.c: 507): 	Finalising channel 0 - state info stored in SDRAM
[INFO] (recording.c: 512): closed channel 0.
[INFO] (lattice_cell.c: 470): Simulation complete.

