[INFO] (lattice_cell.c: 604): starting lattice cell
[INFO] (lattice_cell.c: 526): Initialise: started
[INFO] (data_specification.c: 78): magic = ad130ad6, version = 1.0
[INFO] (lattice_cell.c: 555): my key is 3976
[INFO] (lattice_cell.c: 562): I'm in position ( 15, 17)
[INFO] (lattice_cell.c: 568): my n key is 3720
[INFO] (lattice_cell.c: 574): my U_X = 0.009999959729611874
[INFO] (lattice_cell.c: 575): my U_Y = -0.0004903926164843142
[INFO] (lattice_cell.c: 583): input_buffer initialised
[INFO] (recording.c: 563): Recording 1 regions, using output tag 0, size before trigger 7686388, time between triggers 50
[INFO] (recording.c: 665): Recording channel 0 configured to use 7686132 byte memory block starting at 0x670377d8
[INFO] (lattice_cell.c: 588): Recording flags = 0x00000001
[INFO] (lattice_cell.c: 619): setting timer to execute every 200000 microseconds
[INFO] (lattice_cell.c: 627): Starting

[INFO] (simulation.c: 159): Setting the runtime of this model to 50 starting at 0
[INFO] (simulation.c: 161): Setting the flag of infinite run for this model to 0
[INFO] (simulation.c: 175): Resuming
[INFO] (lattice_cell.c: 455): on tick 0 of 50
[3968, 1038779578, 3984, 1038779571, 3712, 1038779584, 4232, 1038779577, 4224, 1038779580, 4240, 1038779565, 3728, 1038779567, 3720, 1038779583, 3969, 1038296868, 3713, 1038298141, 3985, 1038296872, 3729, 1038298137, 3721, 1038298141, 3970, 1037884796, 3986, 1037884809, 3971, 1038340748, 4233, 1038296438, 3714, 1037884800, 3973, 1021086987, 4241, 1038296438, 3715, 1038339475, 3987, 1038340752, 3974, 1021128237, 3990, 1021128250, 3975, 1022025651, 3733, 1021088189, 3988, 1021979132, 3725, 1021088186, 3989, 1021087000, 3734, 1021127045, 3726, 1021127041, 3991, 1022025642, 3972, 1021979139, 3735, 1022024285, 4231, 1022026107, 4226, 1037884794, 3730, 1037884805, 4235, 1038341178, 4243, 1038341176, 4236, 1021978684, 4228, 1021978684, 4244, 1021978672, 4237, 1021086585, 4229, 1021086583, 3722, 1037884801, 4246, 1021128650, 4230, 1021128642, 3731, 1038339471, 4247, 1022026095, 4239, 1022026107, 3723, 1038339475, 3716, 1021980490, 3732, 1021980473, 3724, 1021980489, 4225, 1038296438, 4234, 1037884795, 3717, 1021088184, 3718, 1021127040, 4242, 1037884803, 3719, 1022024302, 3727, 1022024302, 4227, 1038341178, 4245, 1021086591, 4238, 1021128642]
[INFO] (lattice_cell.c: 455): on tick 1 of 50
[INFO] (lattice_cell.c: 172): the unmatched_packets is 56
[3712, 1038774638, 3984, 1038774609, 3968, 1038774640, 3728, 1038774611, 3720, 1038774637, 4232, 1038774639, 4224, 1038774640, 4240, 1038774611, 3713, 1038306892, 3985, 1038305601, 3969, 1038305605, 3729, 1038306898, 3721, 1038306898, 3970, 1037879856, 3986, 1037879885, 3987, 1038348848, 3971, 1038348856, 4233, 1038305151, 3972, 1021974464, 4225, 1038305147, 3989, 1021081443, 3722, 1037879865, 4234, 1037879865, 3716, 1021974914, 3988, 1021974416, 3973, 1021081405, 3734, 1021121755, 3990, 1021123834, 3974, 1021123866, 3719, 1022019947, 3991, 1022020427, 3975, 1022020391, 3735, 1022019979, 4235, 1038349320, 4228, 1021974891, 4245, 1021080190, 4238, 1021125130, 4246, 1021125102, 4230, 1021125136, 4247, 1022019993, 4239, 1022019962, 4231, 1022019957, 4241, 1038305151, 4244, 1021974857, 3730, 1037879891, 3714, 1037879856, 4226, 1037879858, 3715, 1038347563, 3731, 1038347569, 4237, 1021080158, 3723, 1038347567, 4242, 1037879885, 3732, 1021974876, 3724, 1021974910, 3717, 1021083488, 3733, 1021083538, 3725, 1021083502, 3718, 1021121785, 3726, 1021121779, 3727, 1022019951, 4229, 1021080150, 4243, 1038349318, 4227, 1038349314, 4236, 1021974892]
[INFO] (lattice_cell.c: 455): on tick 2 of 50
[INFO] (lattice_cell.c: 172): the unmatched_packets is 56
[3712, 1038780020, 3984, 1038780081, 3968, 1038780020, 3728, 1038780085, 4232, 1038780027, 3720, 1038780029, 4224, 1038780020, 4240, 1038780083, 3713, 1038298341, 3969, 1038297056, 3985, 1038297058, 3729, 1038298339, 4233, 1038296620, 3721, 1038298335, 4225, 1038296618, 3714, 1037885234, 3986, 1037885169, 3970, 1037885230, 4241, 1038296618, 3730, 1037885171, 3987, 1038341484, 3722, 1037885223, 3972, 1021980192, 3731, 1038340189, 3974, 1021128080, 3990, 1021128251, 3724, 1021981533, 3988, 1021980232, 3717, 1021089253, 4235, 1038341916, 3973, 1021088021, 3989, 1021087974, 3971, 1038341478, 4227, 1038341912, 3718, 1021126848, 3975, 1022025457, 3726, 1021126870, 3719, 1022024122, 3991, 1022025261, 4226, 1037885230, 4245, 1021087514, 4230, 1021128542, 4239, 1022025913, 4234, 1037885225, 4242, 1037885173, 3715, 1038340185, 3723, 1038340183, 3716, 1021981531, 3732, 1021981570, 3733, 1021089221, 3725, 1021089245, 4237, 1021087546, 4229, 1021087547, 3734, 1021127012, 3735, 1022023915, 3727, 1022024095, 4238, 1021128578, 4243, 1038341918, 4246, 1021128729, 4247, 1022025736, 4231, 1022025930, 4244, 1021979765, 4228, 1021979708, 4236, 1021979724]
[INFO] (lattice_cell.c: 455): on tick 3 of 50
[INFO] (lattice_cell.c: 172): the unmatched_packets is 56
[3984, 1038774297, 3712, 1038774674, 3968, 1038774680, 3720, 1038774635, 4232, 1038774637, 4224, 1038774682, 4240, 1038774295, 3728, 1038774293, 3985, 1038305943, 3713, 1038307238, 3969, 1038305931, 3729, 1038307246, 3721, 1038307240, 3986, 1037880299, 4233, 1038305445, 4225, 1038305447, 3970, 1037879938, 3714, 1037879936, 4241, 1038305449, 3722, 1037879979, 3988, 1021973611, 3972, 1021973951, 3989, 1021081297, 3973, 1021080950, 3731, 1038347256, 3971, 1038348605, 3974, 1021124429, 3716, 1021974469, 4234, 1037879971, 3975, 1022021055, 3987, 1038348563, 3724, 1021974403, 3718, 1021122378, 4227, 1038349086, 3991, 1022022032, 3735, 1022021524, 3990, 1021123613, 4237, 1021079793, 4235, 1038349079, 4236, 1021974271, 4244, 1021973983, 4228, 1021974344, 3730, 1037880301, 4245, 1021080081, 3715, 1038347296, 4229, 1021079745, 3723, 1038347290, 3732, 1021974101, 4226, 1037879934, 3717, 1021082996, 3733, 1021083328, 3725, 1021083053, 3734, 1021121556, 3719, 1022020544, 3726, 1021122262, 4242, 1037880291, 3727, 1022020686, 4230, 1021125650, 4243, 1038349043, 4238, 1021125531, 4246, 1021124822, 4247, 1022021644, 4239, 1022020798, 4231, 1022020673]
[INFO] (lattice_cell.c: 455): on tick 4 of 50
[INFO] (lattice_cell.c: 172): the unmatched_packets is 56
[3968, 1038780104, 3984, 1038781843, 3712, 1038780102, 3728, 1038781839, 3720, 1038780307, 4232, 1038780307, 3969, 1038296846, 3985, 1038296828, 4224, 1038780106, 3713, 1038298149, 3986, 1037883467, 3970, 1037885148, 3988, 1021982251, 3722, 1037884951, 3973, 1021088585, 3723, 1038340455, 3716, 1021981966, 3987, 1038341955, 3717, 1021089915, 3971, 1038341732, 3972, 1021980685, 3718, 1021126302, 3989, 1021087109, 3990, 1021131479, 3719, 1022023493, 3974, 1021127623, 3727, 1022022824, 3991, 1022019975, 3975, 1022024789, 4241, 1038296386, 3729, 1038298133, 3721, 1038298145, 4226, 1037885148, 4227, 1038342178, 4236, 1021980548, 4244, 1021981813, 4237, 1021087753, 4245, 1021086533, 4229, 1021088007, 4238, 1021128726, 4246, 1021132046, 4247, 1022020428, 4239, 1022024558, 4231, 1022025238, 4240, 1038781843, 3714, 1037885144, 3730, 1037883473, 4234, 1037884945, 4235, 1038342206, 3715, 1038340421, 4243, 1038342405, 4228, 1021980255, 4233, 1038296398, 3731, 1038340646, 3732, 1021983536, 3724, 1021982277, 4230, 1021128179, 4242, 1037883471, 3733, 1021088428, 3725, 1021089641, 3734, 1021130167, 3726, 1021126843, 4225, 1038296408, 3735, 1022018685]
[INFO] (lattice_cell.c: 455): on tick 5 of 50
[INFO] (lattice_cell.c: 172): the unmatched_packets is 56
[3712, 1038774268, 3968, 1038774272, 3984, 1038766657, 3728, 1038766657, 3720, 1038773280, 4232, 1038773284, 4224, 1038774274, 4240, 1038766657, 3713, 1038307449, 3969, 1038306128, 3985, 1038306265, 3729, 1038307580, 3721, 1038307492, 4233, 1038305657, 4241, 1038305753, 4225, 1038305616, 3970, 1037880340, 3986, 1037887666, 3714, 1037880346, 3730, 1037887662, 3987, 1038347273, 3971, 1038348319, 3988, 1021967027, 3715, 1038346996, 3990, 1021107462, 3974, 1021124589, 3973, 1021080305, 3725, 1021083571, 3991, 1022043292, 3975, 1022021985, 3726, 1021120038, 3972, 1021973838, 3989, 1021086788, 3735, 1022042660, 4245, 1021085672, 4229, 1021079167, 4236, 1021972693, 4244, 1021967342, 4237, 1021080477, 4246, 1021108603, 4231, 1022021690, 4235, 1038348632, 4243, 1038347777, 4247, 1022043009, 3722, 1037881292, 4234, 1037881292, 3723, 1038346803, 4226, 1037880342, 4242, 1037887660, 3731, 1038345960, 3716, 1021974448, 3732, 1021967655, 3724, 1021973000, 3717, 1021082272, 4239, 1022025027, 4228, 1021974143, 3733, 1021088772, 3718, 1021122615, 3734, 1021105456, 3719, 1022021377, 3727, 1022024707, 4238, 1021123153, 4230, 1021125713, 4227, 1038348831]
[INFO] (lattice_cell.c: 455): on tick 6 of 50
[INFO] (lattice_cell.c: 172): the unmatched_packets is 56
[3712, 1038782094, 3968, 1038782094, 3984, 1038804398, 3728, 1038804398, 3720, 1038786274, 4240, 1038804400, 3969, 1038296897, 3713, 1038298220, 3985, 1038296458, 3729, 1038297777, 3970, 1037883212, 3986, 1037861652, 3971, 1038342115, 3987, 1038342991, 3715, 1038340784, 3973, 1021090145, 3731, 1038341634, 3974, 1021128391, 3990, 1021189464, 3716, 1021980349, 3975, 1022022283, 3991, 1021957283, 3972, 1021979162, 3988, 1021998632, 3725, 1021085935, 3989, 1021072057, 3718, 1021126956, 3726, 1021138398, 3735, 1021956133, 4229, 1021089439, 4242, 1037861650, 4226, 1037883210, 4235, 1038343378, 4243, 1038343479, 4236, 1021985301, 4228, 1021978780, 4245, 1021071358, 4246, 1021190092, 4230, 1021129082, 4247, 1021957581, 4239, 1022007911, 4231, 1022022664, 4232, 1038786274, 4224, 1038782094, 3721, 1038297982, 3714, 1037883214, 4233, 1038296209, 4241, 1038296006, 3730, 1037861658, 3722, 1037879182, 4225, 1038296447, 3723, 1038341581, 4237, 1021083799, 3732, 1021999836, 4227, 1038342569, 3724, 1021986883, 3717, 1021091579, 3733, 1021073510, 4238, 1021140515, 4244, 1021998263, 3734, 1021188089, 3719, 1022021090, 3727, 1022006365, 4234, 1037879180]
[INFO] (lattice_cell.c: 455): on tick 7 of 50
[INFO] (lattice_cell.c: 172): the unmatched_packets is 56
[3712, 1038765391, 3968, 1038765391, 3984, 1038732261, 3728, 1038732265, 3720, 1038754311, 4232, 1038754327, 4224, 1038765389, 4240, 1038732265, 3713, 1038306693, 3985, 1038306885, 3969, 1038305358, 3729, 1038308220, 3721, 1038307671, 3970, 1037888912, 3986, 1037921004, 3971, 1038347237, 3714, 1037888912, 4233, 1038305804, 3730, 1037921010, 3988, 1021950839, 4241, 1038306353, 3990, 1020988493, 3974, 1021119469, 3716, 1021983445, 3987, 1038348744, 3991, 1022156859, 3975, 1022031522, 3724, 1021961832, 4235, 1038347684, 3972, 1021982669, 4243, 1038349212, 3989, 1021102517, 3973, 1021074602, 3735, 1022155973, 4242, 1037921000, 4234, 1037899598, 4236, 1021961266, 4228, 1021982857, 4244, 1021951020, 4237, 1021091747, 4245, 1021101504, 4230, 1021120513, 4231, 1022031347, 4225, 1038304834, 3722, 1037899600, 3715, 1038345910, 3731, 1038347478, 3723, 1038345869, 3732, 1021951594, 4229, 1021073588, 4238, 1021077645, 3717, 1021076498, 4247, 1022156799, 4239, 1022074573, 3733, 1021104382, 4246, 1020989656, 3725, 1021094644, 3718, 1021117568, 4227, 1038347767, 3734, 1020986494, 3719, 1022030744, 3726, 1021074616, 3727, 1022073891, 4226, 1037888908]
[INFO] (lattice_cell.c: 455): on tick 8 of 50
[INFO] (lattice_cell.c: 172): the unmatched_packets is 56
[3712, 1038811292, 3984, 1038817330, 3968, 1038811292, 3720, 1038821713, 4232, 1038821707, 4240, 1038817338, 3728, 1038817322, 4224, 1038811302, 3713, 1038298753, 3985, 1038296430, 3969, 1038297394, 3729, 1038297769, 3721, 1038298503, 4233, 1038296682, 3970, 1037855028, 3986, 1037848564, 3730, 1037848568, 4241, 1038295962, 3971, 1038342725, 3987, 1038342964, 3722, 1037844838, 3972, 1021950548, 3715, 1038341358, 3973, 1021116543, 3974, 1021154098, 3990, 1021293509, 3724, 1021994271, 3717, 1021118066, 3733, 1021082676, 3988, 1021988524, 4235, 1038341694, 4243, 1038343529, 3719, 1021992398, 3975, 1021993461, 3991, 1021851461, 3989, 1021081087, 4245, 1021080234, 4227, 1038343217, 3714, 1037855032, 4236, 1021992933, 4228, 1021950320, 4229, 1021115760, 4237, 1021073223, 4238, 1021243205, 4246, 1021294168, 4230, 1021154889, 4239, 1021911074, 4231, 1021993694, 4234, 1037844836, 4226, 1037855022, 3731, 1038341520, 4225, 1038296902, 3723, 1038339744, 3716, 1021951580, 3732, 1021989608, 3725, 1021075631, 3718, 1021152587, 4244, 1021988255, 3734, 1021292115, 3726, 1021241055, 3735, 1021850574, 3727, 1021909963, 4247, 1021851523, 4242, 1037848560]
[INFO] (lattice_cell.c: 455): on tick 9 of 50
[INFO] (lattice_cell.c: 172): the unmatched_packets is 56
[3712, 1038707600, 3984, 1038765532, 3968, 1038707602, 3728, 1038765544, 3720, 1038721510, 4232, 1038721516, 4240, 1038765522, 3969, 1038307578, 3985, 1038305767, 3713, 1038308878, 4224, 1038707598, 3729, 1038307108, 3721, 1038307460, 3986, 1037889391, 3970, 1037944867, 3971, 1038349416, 4233, 1038305607, 4241, 1038305227, 4225, 1038307092, 3722, 1037931659, 3989, 1021068471, 3731, 1038346312, 3990, 1021020713, 3732, 1021990478, 3991, 1022129535, 3987, 1038347561, 4234, 1037931667, 3717, 1021001244, 3988, 1021989583, 3972, 1022050652, 3973, 1020999333, 3718, 1021042879, 3974, 1021044795, 3719, 1022098071, 3975, 1022099104, 3735, 1022128403, 3727, 1022181374, 4235, 1038347572, 4227, 1038349900, 4244, 1021989609, 4238, 1020971333, 4230, 1021045826, 3714, 1037944867, 3730, 1037889393, 3715, 1038348122, 3723, 1038345871, 3716, 1022051659, 3724, 1021993510, 3733, 1021070233, 4243, 1038348006, 3725, 1021066276, 3734, 1021018779, 4228, 1022050579, 3726, 1020968291, 4245, 1021067558, 4242, 1037889385, 4226, 1037944871, 4246, 1021021824, 4236, 1021992562, 4237, 1021063504, 4229, 1020998305, 4247, 1022129728, 4239, 1022182639, 4231, 1022099194]
[INFO] (lattice_cell.c: 455): on tick 10 of 50
[INFO] (lattice_cell.c: 172): the unmatched_packets is 56
[3712, 1038864140, 3968, 1038864144, 3984, 1038777867, 3720, 1038824517, 4224, 1038864144, 4240, 1038777879, 4232, 1038824543, 3728, 1038777855, 3713, 1038298735, 3969, 1038297292, 3985, 1038297909, 3729, 1038299288, 3721, 1038296905, 3986, 1037886875, 3970, 1037803272, 3971, 1038342469, 3972, 1021838000, 3715, 1038341019, 3973, 1021226908, 3722, 1037841430, 3731, 1038340256, 3987, 1038341705, 3974, 1021264290, 3732, 1021952457, 3988, 1021951522, 3718, 1021262756, 3989, 1021116829, 3725, 1021179708, 3734, 1021121873, 3990, 1021123421, 3991, 1022026248, 3975, 1021881199, 4242, 1037886881, 4226, 1037803272, 4235, 1038342830, 4227, 1038343055, 4244, 1021951401, 4245, 1021115867, 4229, 1021226093, 4246, 1021124235, 4230, 1021265081, 4239, 1021908087, 4231, 1021881166, 4225, 1038296716, 4241, 1038297403, 4233, 1038294951, 3714, 1037803276, 3730, 1037886879, 4228, 1021838027, 3716, 1021838784, 3723, 1038340770, 4237, 1021177224, 4234, 1037841416, 3717, 1021228410, 3724, 1021896423, 3733, 1021118519, 3719, 1021880403, 4243, 1038342284, 3726, 1021237189, 3735, 1022025466, 3727, 1021907394, 4236, 1021895483, 4238, 1021239498, 4247, 1022026196]
[INFO] (lattice_cell.c: 455): on tick 11 of 50
[INFO] (lattice_cell.c: 172): the unmatched_packets is 56
[3968, 1038726458, 3984, 1038751086, 3712, 1038726458, 3728, 1038751092, 3720, 1038743323, 3985, 1038307606, 3969, 1038305715, 3713, 1038306978, 3970, 1037927764, 4232, 1038743309, 3721, 1038306501, 3971, 1038347673, 3714, 1037927766, 3988, 1022033440, 3986, 1037902281, 3989, 1021015648, 3990, 1021168657, 3731, 1038347641, 3975, 1022173408, 3724, 1022130473, 3732, 1022034586, 3972, 1022124530, 3725, 1020931475, 3973, 1020934997, 4235, 1038348779, 3974, 1020979634, 3987, 1038348925, 3991, 1021974887, 4230, 1020980620, 4242, 1037902275, 4226, 1037927764, 4243, 1038349413, 4227, 1038348128, 4244, 1022033259, 4228, 1022124204, 4245, 1021014774, 4237, 1020928686, 4229, 1020933997, 4247, 1021975189, 3729, 1038308914, 4239, 1022033287, 4231, 1022173740, 3722, 1037910857, 3730, 1037902295, 3715, 1038346406, 4224, 1038726454, 4240, 1038751080, 3723, 1038347023, 4241, 1038307096, 3716, 1022125798, 3717, 1020936850, 4233, 1038304758, 3733, 1021017418, 3718, 1020977781, 3719, 1022172126, 3726, 1021114288, 3734, 1021166823, 3727, 1022031700, 3735, 1021973670, 4246, 1021169621, 4238, 1021117079, 4234, 1037910847, 4225, 1038305261, 4236, 1022129001]
[INFO] (lattice_cell.c: 455): on tick 12 of 50
[INFO] (lattice_cell.c: 172): the unmatched_packets is 56
[3712, 1038769801, 3984, 1038827114, 3968, 1038769797, 3728, 1038827104, 3720, 1038804122, 3713, 1038298917, 3985, 1038297996, 3969, 1038297454, 3729, 1038299442, 3721, 1038299734, 4232, 1038804132, 3970, 1037893964, 3986, 1037839517, 3971, 1038342435, 3987, 1038341425, 3972, 1021912215, 3988, 1021849597, 3715, 1038340962, 3990, 1021111231, 3724, 1021824200, 3989, 1021217057, 3973, 1021154312, 3718, 1021190700, 3974, 1021192397, 3991, 1022037864, 3719, 1021954243, 3975, 1021954919, 4237, 1021241222, 4239, 1022063223, 4233, 1038297647, 4234, 1037861445, 4242, 1037839519, 4226, 1037893958, 4235, 1038341075, 3714, 1037893966, 3730, 1037839517, 4224, 1038769809, 4243, 1038342003, 4227, 1038343031, 4236, 1021823695, 3722, 1037861425, 3731, 1038339976, 3716, 1021912876, 3723, 1038339044, 4238, 1021090719, 4240, 1038827130, 3732, 1021850327, 3717, 1021156006, 3733, 1021218751, 4225, 1038296846, 4241, 1038297416, 3725, 1021243802, 3734, 1021109546, 3726, 1021088035, 3735, 1022037160, 3727, 1022062645, 4228, 1021912355, 4231, 1021954774, 4229, 1021153340, 4244, 1021849730, 4245, 1021216110, 4246, 1021112169, 4230, 1021193359, 4247, 1022037728]
[INFO] (lattice_cell.c: 455): on tick 13 of 50
[INFO] (lattice_cell.c: 172): the unmatched_packets is 56
[3712, 1038797128, 3984, 1038740185, 3968, 1038797136, 3728, 1038740197, 3720, 1038765130, 4232, 1038765140, 4240, 1038740179, 4224, 1038797134, 3969, 1038306675, 3985, 1038305627, 3713, 1038307986, 3729, 1038306910, 3721, 1038306863, 3970, 1037858090, 3986, 1037913820, 3987, 1038348472, 4233, 1038305088, 3988, 1022144416, 3722, 1037889372, 3989, 1020916657, 3971, 1038348781, 3990, 1021118702, 3975, 1021994855, 3991, 1022026962, 3724, 1022058726, 3732, 1022145758, 3972, 1021946926, 3717, 1021105751, 4235, 1038348442, 3725, 1021003048, 3733, 1020918409, 3973, 1021104056, 3974, 1021149096, 3718, 1021147404, 3727, 1022020835, 3735, 1022025616, 4238, 1021126905, 4239, 1022022586, 4227, 1038349269, 4243, 1038348983, 4244, 1022143966, 4228, 1021946519, 3714, 1037858086, 4241, 1038305149, 4225, 1038306175, 3730, 1037913838, 3715, 1038347460, 3723, 1038346621, 3731, 1038347161, 3716, 1021948264, 3726, 1021124355, 3734, 1021116983, 4237, 1021000472, 4234, 1037889346, 4242, 1037913808, 4247, 1022027394, 3719, 1021993507, 4226, 1037858084, 4236, 1022056904, 4229, 1021103237, 4230, 1021149938, 4231, 1021995253, 4245, 1020915795, 4246, 1021119549]
[INFO] (lattice_cell.c: 455): on tick 14 of 50
[INFO] (lattice_cell.c: 172): the unmatched_packets is 56
[3712, 1038787989, 3984, 1038784451, 3968, 1038787995, 3728, 1038784461, 3720, 1038770028, 3713, 1038298600, 3985, 1038298681, 3969, 1038297165, 3729, 1038300154, 3721, 1038297930, 4240, 1038784459, 3714, 1037878139, 3970, 1037878135, 3986, 1037879834, 3730, 1037879830, 3722, 1037894402, 3971, 1038341845, 3987, 1038341283, 3972, 1022009787, 4224, 1038788001, 3731, 1038339845, 3989, 1021197443, 3716, 1022010442, 3723, 1038340184, 3975, 1022054591, 3988, 1021868096, 3973, 1021060177, 3725, 1021085788, 3734, 1021120818, 3990, 1021122656, 3974, 1021096998, 3991, 1022026733, 3735, 1022026082, 4239, 1021999717, 3715, 1038340406, 4233, 1038295891, 3732, 1021868692, 4241, 1038298071, 3717, 1021062006, 3724, 1021988340, 3733, 1021199257, 4225, 1038296575, 3718, 1021095160, 4234, 1037894398, 4235, 1038342234, 4243, 1038341866, 4236, 1021987929, 4228, 1022009994, 4244, 1021868338, 3719, 1022053918, 4237, 1021082794, 4229, 1021059062, 4245, 1021196354, 3726, 1021150146, 4232, 1038770030, 4246, 1021123775, 3727, 1021999261, 4247, 1022026533, 4231, 1022054403, 4238, 1021153096, 4230, 1021098112, 4242, 1037879846, 4226, 1037878129, 4227, 1038342429]
[INFO] (lattice_cell.c: 455): on tick 15 of 50
[INFO] (lattice_cell.c: 172): the unmatched_packets is 56
[3712, 1038759959, 3984, 1038783632, 3968, 1038759965, 3728, 1038783624, 3720, 1038782223, 4232, 1038782219, 4224, 1038759963, 3985, 1038306951, 3713, 1038307681, 3969, 1038306323, 4240, 1038783634, 3729, 1038308280, 3721, 1038307595, 4225, 1038305779, 4241, 1038306427, 3970, 1037893975, 3986, 1037871189, 3971, 1038348736, 3987, 1038348132, 3972, 1021992853, 3973, 1021061538, 3731, 1038346781, 3990, 1021125610, 4234, 1037872465, 3975, 1022039072, 3991, 1022018094, 4242, 1037871181, 3732, 1021983180, 4226, 1037893977, 3988, 1021981761, 3989, 1021072824, 3974, 1021106897, 3726, 1021128605, 4237, 1021111112, 3714, 1037893975, 3730, 1037871205, 3722, 1037872469, 3715, 1038347378, 4230, 1021107621, 4247, 1022018591, 3723, 1038346392, 4233, 1038305712, 3716, 1021994251, 3724, 1021944738, 3717, 1021063140, 3733, 1021074381, 3725, 1021113404, 4235, 1038348279, 3718, 1021105300, 4243, 1038348653, 3734, 1021124033, 3719, 1022037673, 3735, 1022016713, 3727, 1022014469, 4227, 1038349275, 4236, 1021942874, 4244, 1021981237, 4228, 1021992366, 4245, 1021072086, 4229, 1021060806, 4238, 1021130915, 4246, 1021126343, 4239, 1022016369, 4231, 1022039594]
[INFO] (lattice_cell.c: 455): on tick 16 of 50
[INFO] (lattice_cell.c: 172): the unmatched_packets is 56
[3712, 1038771392, 3968, 1038771396, 3984, 1038775854, 3728, 1038775845, 3720, 1038788364, 3985, 1038297763, 3970, 1037892702, 3713, 1038299091, 4232, 1038788368, 3721, 1038298836, 4224, 1038771402, 3988, 1022016599, 3730, 1037889217, 3969, 1038297653, 3990, 1021131075, 3974, 1021143411, 3723, 1038339233, 3975, 1022007093, 3986, 1037889213, 3987, 1038341468, 3733, 1021055804, 3971, 1038341883, 3972, 1021961536, 4235, 1038341259, 3989, 1021053816, 3973, 1021105935, 3735, 1022018284, 3727, 1022042647, 3991, 1022018921, 4225, 1038297073, 4243, 1038342053, 4227, 1038342473, 3729, 1038299185, 4236, 1021978362, 4229, 1021104678, 4230, 1021144668, 4239, 1022043065, 3714, 1037892704, 3722, 1037877181, 4241, 1038297193, 4240, 1038775862, 3715, 1038340441, 4234, 1037877177, 3731, 1038340025, 4233, 1038296826, 3716, 1021962152, 3732, 1022017215, 3724, 1021978780, 3717, 1021107911, 3725, 1021095152, 3718, 1021141421, 3734, 1021129121, 3726, 1021108191, 3719, 1022006465, 4247, 1022018686, 4242, 1037889201, 4226, 1037892698, 4228, 1021961777, 4244, 1022016828, 4237, 1021091919, 4245, 1021052550, 4231, 1022006863, 4238, 1021111408, 4246, 1021132316]
[INFO] (lattice_cell.c: 455): on tick 17 of 50
[INFO] (lattice_cell.c: 172): the unmatched_packets is 56
[3712, 1038783507, 3968, 1038783505, 3984, 1038770251, 3728, 1038770253, 3720, 1038769626, 4232, 1038769644, 4240, 1038770246, 4224, 1038783519, 3713, 1038307501, 3969, 1038306099, 3985, 1038306917, 3721, 1038307027, 4233, 1038305065, 4241, 1038306351, 4225, 1038305529, 3714, 1037871378, 3986, 1037883845, 3970, 1037871366, 3730, 1037883857, 3987, 1038348314, 3731, 1038346931, 3971, 1038348926, 3716, 1021958942, 3975, 1022002726, 4226, 1037871372, 4242, 1037883849, 3724, 1021998359, 3717, 1021097270, 3988, 1021969567, 4234, 1037884731, 3972, 1021957516, 3989, 1021085878, 3725, 1021062488, 3973, 1021095777, 3974, 1021140442, 3734, 1021124831, 3990, 1021126307, 4244, 1021969054, 3991, 1022016142, 4245, 1021085256, 4235, 1038348726, 4243, 1038348885, 3729, 1038308309, 4236, 1021996381, 3722, 1037884735, 4230, 1021141080, 4247, 1022016706, 3715, 1038347531, 3723, 1038346766, 3732, 1021970981, 3733, 1021087379, 3718, 1021138959, 4227, 1038349505, 3719, 1022001308, 3726, 1021115571, 3735, 1022014723, 3727, 1022028341, 4231, 1022003290, 4229, 1021095158, 4228, 1021956980, 4237, 1021060367, 4238, 1021117702, 4246, 1021126955, 4239, 1022030322]
[INFO] (lattice_cell.c: 455): on tick 18 of 50
[INFO] (lattice_cell.c: 172): the unmatched_packets is 56
[3712, 1038789095, 3984, 1038783537, 3968, 1038789081, 4232, 1038771569, 4224, 1038789097, 4240, 1038783535, 3713, 1038299211, 3969, 1038297795, 3985, 1038298874, 3728, 1038783551, 3729, 1038300276, 3721, 1038298912, 4233, 1038296922, 4225, 1038297219, 4241, 1038298308, 3720, 1038771574, 3714, 1037876636, 3986, 1037881239, 3970, 1037876626, 3730, 1037881249, 3971, 1038341502, 3972, 1021987410, 3987, 1038340669, 3716, 1021988085, 3990, 1021120882, 3991, 1022029536, 3988, 1021958260, 3733, 1021112037, 3989, 1021109963, 3718, 1021115743, 3974, 1021117856, 3975, 1022034450, 3973, 1021080051, 3726, 1021135524, 4235, 1038341343, 4243, 1038341242, 4227, 1038342077, 4236, 1021984078, 4228, 1021987651, 4238, 1021138958, 4239, 1022015844, 4231, 1022034222, 3722, 1037892755, 3715, 1038340085, 3731, 1038339242, 4242, 1037881239, 4234, 1037892745, 4226, 1037876628, 3723, 1038339335, 3732, 1021958911, 3717, 1021082145, 3724, 1021984483, 3725, 1021088575, 3734, 1021118819, 3719, 1022033767, 4244, 1021958522, 3735, 1022028891, 3727, 1022015402, 4237, 1021085077, 4245, 1021108604, 4229, 1021078697, 4246, 1021122234, 4230, 1021119198, 4247, 1022029298]
[INFO] (lattice_cell.c: 455): on tick 19 of 50
[INFO] (lattice_cell.c: 172): the unmatched_packets is 56
[3712, 1038770547, 3968, 1038770545, 3984, 1038777690, 3720, 1038776350, 4232, 1038776353, 4224, 1038770553, 4240, 1038777697, 3985, 1038306587, 3969, 1038305907, 3713, 1038307348, 3721, 1038307163, 3729, 1038308015, 4233, 1038305111, 4241, 1038305981, 4225, 1038305300, 3986, 1037876934, 3970, 1037883773, 3714, 1037883781, 3987, 1038348356, 3972, 1021990652, 3973, 1021065446, 3971, 1038349214, 3974, 1021109259, 3716, 1021992074, 3732, 1021980476, 3724, 1021962950, 3988, 1021979067, 4227, 1038349820, 3718, 1021107840, 3990, 1021118491, 3734, 1021117062, 3991, 1022023551, 3975, 1022034621, 3989, 1021077950, 4245, 1021077386, 4228, 1021990087, 4236, 1021961008, 4237, 1021095765, 4229, 1021064886, 4238, 1021136099, 4246, 1021119084, 4230, 1021109835, 4247, 1022024111, 4239, 1022009126, 4231, 1022035171, 4234, 1037878075, 4226, 1037883781, 3728, 1038777678, 3730, 1037876948, 3722, 1037878080, 3715, 1038347767, 3731, 1038346931, 3723, 1038346692, 4244, 1021978509, 3717, 1021066868, 4242, 1037876934, 3733, 1021079338, 3725, 1021097747, 3726, 1021134108, 3719, 1022033198, 3735, 1022022150, 3727, 1022007155, 4235, 1038348728, 4243, 1038348947]
[INFO] (lattice_cell.c: 455): on tick 20 of 50
[INFO] (lattice_cell.c: 172): the unmatched_packets is 56
[3968, 1038770881, 3984, 1038776413, 3712, 1038770885, 3728, 1038776420, 3720, 1038787429, 4232, 1038787423, 4240, 1038776409, 4224, 1038770889, 3969, 1038298212, 3985, 1038298814, 3713, 1038299614, 3729, 1038300196, 3721, 1038299374, 3986, 1037888281, 3970, 1037893318, 3987, 1038340815, 3972, 1021976522, 3973, 1021089615, 3974, 1021128561, 3991, 1022022844, 3716, 1021977231, 3975, 1022024366, 3971, 1038341356, 3717, 1021091789, 3988, 1021993718, 3733, 1021076764, 3718, 1021126369, 3989, 1021074581, 3990, 1021127909, 3726, 1021121423, 3735, 1022022131, 4235, 1038340797, 4236, 1021973905, 4228, 1021976724, 4237, 1021094206, 4245, 1021073142, 4229, 1021088172, 4238, 1021124993, 4230, 1021129974, 4247, 1022022656, 4231, 1022024179, 4234, 1037877913, 4226, 1037893316, 4241, 1038298262, 4225, 1038297638, 4246, 1021129311, 4233, 1038297406, 3714, 1037893326, 3730, 1037888297, 3722, 1037877932, 3715, 1038339951, 3731, 1038339410, 3723, 1038338813, 4243, 1038341401, 3732, 1021994434, 3724, 1021974429, 3725, 1021097817, 4239, 1022030666, 3719, 1022023644, 3734, 1021125758, 4244, 1021993922, 3727, 1022030135, 4242, 1037888278, 4227, 1038341931]
[INFO] (lattice_cell.c: 455): on tick 21 of 50
[INFO] (lattice_cell.c: 172): the unmatched_packets is 56
[3712, 1038774310, 3984, 1038771206, 3968, 1038774308, 3728, 1038771206, 3720, 1038775852, 3985, 1038306598, 3969, 1038305583, 3713, 1038307073, 3986, 1037882886, 3970, 1037880018, 3729, 1038308073, 4232, 1038775872, 3721, 1038306838, 4240, 1038771205, 3987, 1038347647, 3988, 1021975942, 3730, 1037882893, 3973, 1021093382, 3989, 1021082191, 3974, 1021136094, 3990, 1021130618, 3715, 1038347884, 3975, 1022005432, 3991, 1022012973, 3732, 1021977258, 3724, 1021988946, 3971, 1038349367, 3972, 1021962501, 3734, 1021129234, 3726, 1021112994, 3719, 1022004084, 3727, 1022029418, 4225, 1038304955, 4242, 1037882884, 4243, 1038348273, 4227, 1038350010, 4236, 1021987072, 4244, 1021975429, 4228, 1021961980, 4245, 1021081637, 4238, 1021114956, 4246, 1021131186, 4230, 1021136662, 4247, 1022013513, 4239, 1022031327, 4231, 1022005966, 4233, 1038304715, 4241, 1038305961, 3714, 1037880028, 4226, 1037880022, 4235, 1038348865, 3722, 1037878722, 3731, 1038346173, 3723, 1038346754, 3716, 1021963855, 4234, 1037878718, 3717, 1021094778, 3733, 1021083563, 3725, 1021073991, 3718, 1021134712, 3735, 1022011602, 4237, 1021072072, 4224, 1038774316, 4229, 1021092832]
[INFO] (lattice_cell.c: 455): on tick 22 of 50
[INFO] (lattice_cell.c: 172): the unmatched_packets is 56
[3712, 1038787136, 3984, 1038781648, 3968, 1038787130, 4232, 1038773636, 3728, 1038781658, 4240, 1038781636, 4224, 1038787140, 3720, 1038773636, 3985, 1038299537, 3969, 1038298604, 3713, 1038299999, 3729, 1038300903, 3721, 1038299647, 4233, 1038297707, 4241, 1038298989, 4225, 1038298036, 3714, 1037878197, 3986, 1037883116, 3970, 1037878189, 3722, 1037890773, 3987, 1038340738, 3971, 1038341216, 3972, 1021973323, 3988, 1021967099, 3989, 1021099541, 3715, 1038339811, 3716, 1021974144, 4242, 1037883104, 3991, 1022023956, 3975, 1022022150, 3724, 1021988383, 3973, 1021090773, 3717, 1021092987, 3733, 1021101760, 3725, 1021083378, 3718, 1021128529, 3990, 1021125057, 3974, 1021130742, 3726, 1021122826, 3719, 1022021313, 4245, 1021098115, 4244, 1021967223, 4228, 1021973438, 4237, 1021079694, 3730, 1037883124, 4230, 1021132177, 3731, 1038339342, 3723, 1038339592, 4234, 1037890759, 4226, 1037878191, 3732, 1021967898, 4243, 1038341306, 4235, 1038341566, 3734, 1021122846, 3735, 1022023128, 3727, 1022026290, 4239, 1022027000, 4231, 1022022039, 4227, 1038341786, 4236, 1021987684, 4229, 1021089335, 4238, 1021126475, 4246, 1021126475, 4247, 1022023820]
[INFO] (lattice_cell.c: 455): on tick 23 of 50
[INFO] (lattice_cell.c: 172): the unmatched_packets is 56
[3712, 1038778069, 3968, 1038778069, 3984, 1038779971, 3728, 1038779963, 3720, 1038771119, 4224, 1038778077, 4240, 1038779971, 3969, 1038304493, 3985, 1038306345, 3713, 1038306011, 4232, 1038771126, 3729, 1038307853, 3970, 1037876608, 3986, 1037874684, 3987, 1038349889, 3971, 1038348698, 4233, 1038304415, 3988, 1021976120, 4241, 1038305669, 3973, 1021074745, 3974, 1021116017, 3975, 1022029226, 3732, 1021977368, 3972, 1021986893, 3989, 1021083461, 3726, 1021132657, 3990, 1021118262, 3991, 1022015996, 3735, 1022014696, 3727, 1022009632, 4226, 1037876604, 4227, 1038349366, 4244, 1021975676, 4236, 1021972060, 4228, 1021986430, 4229, 1021074148, 4245, 1021082893, 4237, 1021088249, 4230, 1021116608, 4246, 1021118866, 4238, 1021134644, 4239, 1022011390, 4225, 1038303822, 3721, 1038306604, 4234, 1037882997, 3714, 1037876616, 3730, 1037874684, 3722, 1037883003, 3715, 1038347180, 3731, 1038348405, 3723, 1038346331, 3716, 1021988184, 3724, 1021973762, 3717, 1021076124, 3733, 1021084814, 3725, 1021090225, 3718, 1021114625, 3719, 1022027923, 3734, 1021116857, 4247, 1022016484, 4242, 1037874679, 4235, 1038348504, 4243, 1038350531, 4231, 1022029672]
[INFO] (lattice_cell.c: 455): on tick 24 of 50
[INFO] (lattice_cell.c: 172): the unmatched_packets is 56
[3712, 1038774578, 3968, 1038774578, 3984, 1038773784, 4232, 1038782114, 4224, 1038774592, 4240, 1038773784, 3728, 1038773781, 3969, 1038299425, 3985, 1038299871, 3713, 1038300801, 3729, 1038301236, 3721, 1038300909, 4233, 1038298966, 4241, 1038299325, 4225, 1038298848, 3714, 1037889868, 3986, 1037890721, 3970, 1037889866, 3730, 1037890740, 4234, 1037882793, 3971, 1038341566, 3987, 1038340663, 3715, 1038340188, 4242, 1037890703, 4226, 1037889860, 3988, 1021983083, 3989, 1021082749, 3973, 1021077996, 3716, 1021984831, 3974, 1021119330, 4235, 1038339002, 3733, 1021084970, 3718, 1021117122, 3990, 1021108882, 3972, 1021983904, 3719, 1022032131, 3991, 1022041285, 3975, 1022033062, 4229, 1021076575, 4239, 1022027497, 4231, 1022033066, 4228, 1021983910, 4237, 1021094932, 4238, 1021134797, 4246, 1021110224, 4230, 1021120753, 3720, 1038782115, 4247, 1022041199, 3722, 1037882813, 4236, 1021967286, 4244, 1021983105, 3731, 1038339248, 3723, 1038337016, 4245, 1021081323, 4243, 1038341271, 3732, 1021984018, 3724, 1021968207, 4227, 1038342151, 3717, 1021080211, 3725, 1021098575, 3734, 1021106745, 3726, 1021131210, 3735, 1022040453, 3727, 1022026633]
[INFO] (lattice_cell.c: 455): on tick 25 of 50
[INFO] (lattice_cell.c: 172): the unmatched_packets is 56
[3712, 1038771249, 3984, 1038783250, 3968, 1038771259, 3728, 1038783261, 3720, 1038783730, 4232, 1038783734, 4224, 1038771261, 4240, 1038783255, 3713, 1038308012, 3969, 1038306475, 3985, 1038305221, 3729, 1038306753, 3721, 1038305909, 4233, 1038303670, 4225, 1038305795, 4241, 1038304538, 3714, 1037882839, 3986, 1037871258, 3970, 1037882841, 3730, 1037871262, 3971, 1038351042, 3987, 1038347212, 3988, 1021991915, 4234, 1037871138, 3716, 1021968720, 3732, 1021993048, 3991, 1021981048, 3972, 1021967523, 3989, 1021072615, 3718, 1021124114, 3974, 1021125566, 3734, 1021161536, 3975, 1022009452, 3990, 1021163038, 3973, 1021085664, 4231, 1022009846, 4243, 1038347834, 4244, 1021991559, 4237, 1021081202, 4245, 1021071968, 4238, 1021131078, 4230, 1021126241, 4239, 1022015151, 4228, 1021967147, 4227, 1038351716, 3722, 1037871144, 4226, 1037882841, 4242, 1037871252, 4246, 1021163823, 3715, 1038349490, 3731, 1038345744, 4235, 1038348513, 3723, 1038346351, 3717, 1021087124, 3724, 1021984121, 3733, 1021074018, 3725, 1021083280, 3719, 1022008240, 3726, 1021128879, 4247, 1021981564, 3735, 1021979727, 4236, 1021982595, 3727, 1022013428, 4229, 1021084976]
[INFO] (lattice_cell.c: 455): on tick 26 of 50
[INFO] (lattice_cell.c: 172): the unmatched_packets is 56
[3712, 1038774702, 3984, 1038754385, 3968, 1038774708, 3728, 1038754377, 3720, 1038767510, 4232, 1038767520, 4240, 1038754390, 4224, 1038774710, 3985, 1038301050, 3713, 1038301204, 3969, 1038299792, 3721, 1038299053, 4225, 1038299172, 4241, 1038300486, 3729, 1038302422, 4233, 1038297082, 3714, 1037889882, 3986, 1037909385, 3970, 1037889868, 3730, 1037909403, 3722, 1037896752, 3987, 1038342050, 3971, 1038341518, 3972, 1021973233, 4234, 1037896732, 3715, 1038340098, 4242, 1037909379, 3974, 1021129133, 3988, 1021957086, 3732, 1021958134, 3989, 1021105411, 3973, 1021086311, 4243, 1038342700, 3990, 1021052148, 3975, 1022022587, 3719, 1022021576, 3991, 1022091345, 4228, 1021973192, 3727, 1022059515, 4238, 1021091840, 4227, 1038342128, 4236, 1021984606, 4237, 1021086300, 4245, 1021104062, 4229, 1021085019, 4246, 1021053336, 4239, 1022060429, 4247, 1022091286, 4231, 1022022665, 4235, 1038341843, 3731, 1038340591, 3723, 1038339737, 3716, 1021974230, 3724, 1021985753, 3717, 1021088413, 3733, 1021107601, 3725, 1021089801, 3718, 1021127018, 3734, 1021050099, 3726, 1021088559, 4226, 1037889862, 3735, 1022090470, 4244, 1021956964, 4230, 1021130398]
[INFO] (lattice_cell.c: 455): on tick 27 of 50
[INFO] (lattice_cell.c: 172): the unmatched_packets is 56
[3712, 1038797401, 3984, 1038812378, 3968, 1038797407, 3728, 1038812402, 3720, 1038793594, 4224, 1038797405, 4240, 1038812364, 4232, 1038793580, 3713, 1038304727, 3985, 1038307093, 3969, 1038303221, 3729, 1038308624, 3721, 1038305415, 4233, 1038303223, 4241, 1038306411, 4225, 1038302579, 3714, 1037857921, 3970, 1037857925, 3986, 1037843144, 3722, 1037861259, 3987, 1038347488, 3971, 1038348110, 3972, 1021960950, 3715, 1038346602, 4234, 1037861249, 3717, 1021106854, 4235, 1038346773, 3989, 1021071927, 3973, 1021105207, 3974, 1021143440, 3988, 1021984290, 3991, 1021897467, 3719, 1022001643, 3990, 1021243786, 3975, 1022002861, 3735, 1021896225, 3727, 1021958623, 4244, 1021984037, 4245, 1021071163, 4229, 1021104312, 4238, 1021192032, 4246, 1021244677, 3730, 1037843158, 4226, 1037857921, 4242, 1037843133, 3723, 1038344672, 3731, 1038346003, 3716, 1021962163, 4227, 1038348744, 3732, 1021985323, 4243, 1038348110, 3724, 1021990036, 3733, 1021073419, 3725, 1021079125, 3718, 1021141808, 4228, 1021960571, 3734, 1021242168, 3726, 1021189443, 4237, 1021076708, 4231, 1022003263, 4230, 1021144338, 4239, 1021960330, 4236, 1021988619, 4247, 1021897890]
[INFO] (lattice_cell.c: 455): on tick 28 of 50
[INFO] (lattice_cell.c: 172): the unmatched_packets is 56
[3712, 1038743866, 3984, 1038748137, 3968, 1038743862, 3728, 1038748115, 3720, 1038738648, 4240, 1038748159, 4232, 1038738678, 4224, 1038743874, 3713, 1038303511, 3985, 1038301493, 3969, 1038302035, 3729, 1038302909, 3986, 1037915825, 3970, 1037919692, 3971, 1038343463, 3988, 1021974022, 3715, 1038341992, 4241, 1038300879, 3731, 1038338342, 3990, 1020982278, 3991, 1022171751, 4234, 1037924668, 3724, 1021973592, 3987, 1038339781, 4235, 1038341447, 3733, 1021090337, 4243, 1038340408, 3989, 1021088317, 4227, 1038344153, 3974, 1021073219, 3734, 1020980281, 3719, 1022071528, 3726, 1021025775, 3975, 1022072566, 3972, 1022023544, 3973, 1021028889, 4229, 1021027799, 4233, 1038300549, 4244, 1021973829, 4245, 1021087115, 4238, 1021028843, 4247, 1022171859, 3721, 1038302665, 3714, 1037919698, 3730, 1037915838, 3722, 1037924678, 3716, 1022024555, 3723, 1038339304, 3732, 1021975171, 3717, 1021030832, 3718, 1021071288, 3725, 1021088568, 4228, 1022023457, 3735, 1022170696, 3727, 1022123563, 4230, 1021074299, 4231, 1022072669, 4236, 1021972383, 4225, 1038301355, 4242, 1037915831, 4237, 1021085432, 4246, 1020983401, 4226, 1037919682, 4239, 1022124657]
[INFO] (lattice_cell.c: 455): on tick 29 of 50
[INFO] (lattice_cell.c: 172): the unmatched_packets is 56
[3712, 1038830270, 3984, 1038792125, 3968, 1038830276, 3728, 1038792141, 3720, 1038827578, 4232, 1038827554, 3969, 1038303194, 3985, 1038304171, 3713, 1038304695, 3729, 1038305663, 4224, 1038830278, 3721, 1038303197, 3986, 1037862324, 3970, 1037825624, 3714, 1037825622, 4240, 1038792105, 3730, 1037862354, 3987, 1038350260, 4233, 1038301103, 3971, 1038348167, 3972, 1021898196, 3989, 1021098652, 3974, 1021203751, 3732, 1021971285, 3975, 1021940929, 3717, 1021168844, 3991, 1021912578, 3988, 1021970251, 3718, 1021201974, 3973, 1021167058, 3990, 1021216900, 3726, 1021254049, 4229, 1021166002, 4230, 1021204806, 4231, 1021941247, 4241, 1038303547, 4235, 1038348862, 4243, 1038350934, 3722, 1037828374, 3715, 1038346666, 4228, 1021897875, 3731, 1038348725, 4237, 1021128769, 4245, 1021097627, 3723, 1038346684, 3716, 1021899307, 4246, 1021217894, 4247, 1021912818, 4239, 1021885093, 4234, 1037828336, 4226, 1037825622, 4242, 1037862294, 3724, 1021945088, 4225, 1038302573, 3733, 1021100375, 3725, 1021131624, 4227, 1038348781, 3734, 1021215196, 3719, 1021939780, 4236, 1021943687, 4244, 1021970019, 3735, 1021911526, 3727, 1021883690, 4238, 1021256783]
[INFO] (lattice_cell.c: 455): on tick 30 of 50
[INFO] (lattice_cell.c: 172): the unmatched_packets is 56
[3712, 1038707444, 3984, 1038771081, 3968, 1038707448, 3728, 1038771083, 3720, 1038736327, 3969, 1038299896, 3985, 1038303110, 3713, 1038301375, 4232, 1038736346, 3721, 1038302433, 3970, 1037955216, 3986, 1037893362, 3971, 1038341356, 3714, 1037955230, 3730, 1037893354, 3990, 1021116676, 3974, 1021011845, 3987, 1038339012, 3733, 1021034672, 3988, 1022021459, 3972, 1022095806, 3989, 1021032865, 3726, 1021022611, 3991, 1022039785, 3975, 1022143778, 3735, 1022038509, 3973, 1020966609, 4226, 1037955210, 4242, 1037893368, 4244, 1022021254, 4237, 1020993858, 4238, 1021025562, 4246, 1021117654, 4230, 1021012872, 3729, 1038304578, 4247, 1022040043, 4239, 1022141378, 4240, 1038771095, 4241, 1038302442, 4234, 1037927460, 4233, 1038300237, 4224, 1038707454, 3715, 1038339885, 3722, 1037927442, 4225, 1038299218, 3731, 1038337570, 3716, 1022096992, 3723, 1038336552, 3732, 1022022626, 4235, 1038338639, 3717, 1020968494, 3724, 1022067830, 4236, 1022066423, 3718, 1021009951, 3725, 1020996659, 4228, 1022095549, 3734, 1021114878, 3719, 1022142583, 3727, 1022139827, 4243, 1038339648, 4245, 1021031918, 4231, 1022144063, 4227, 1038342043, 4229, 1020965581]
[INFO] (lattice_cell.c: 455): on tick 31 of 50
[INFO] (lattice_cell.c: 172): the unmatched_packets is 56
[3712, 1038824330, 3984, 1038785248, 3968, 1038824332, 3728, 1038785245, 3720, 1038804151, 4224, 1038824338, 3713, 1038308101, 3985, 1038304961, 3969, 1038306562, 4232, 1038804172, 3986, 1037869496, 3970, 1037830857, 3987, 1038348022, 3971, 1038351319, 3988, 1021892786, 3973, 1021210415, 3723, 1038347382, 3990, 1021068656, 3716, 1021840618, 3975, 1021882251, 3972, 1021839675, 4243, 1038348679, 3974, 1021247727, 3734, 1021066701, 3991, 1022068761, 3989, 1021175411, 4237, 1021216154, 4245, 1021174208, 4229, 1021209288, 4238, 1021147480, 4246, 1021069860, 4230, 1021248846, 3729, 1038306428, 4247, 1022068923, 4239, 1021990679, 4231, 1021882361, 4240, 1038785244, 3721, 1038306199, 3714, 1037830863, 3730, 1037869532, 4234, 1037850537, 4233, 1038304036, 4241, 1038304342, 4225, 1038305889, 3722, 1037850597, 4242, 1037869484, 3715, 1038349774, 3731, 1038346514, 3724, 1021847421, 3732, 1021893778, 3717, 1021212273, 4226, 1037830859, 3725, 1021219239, 3733, 1021177351, 3718, 1021245882, 4244, 1021892600, 3726, 1021144441, 3719, 1021881286, 3727, 1021989633, 3735, 1022067801, 4235, 1038349604, 4227, 1038351993, 4236, 1021846270, 4228, 1021839576]
[INFO] (lattice_cell.c: 455): on tick 32 of 50
[INFO] (lattice_cell.c: 172): the unmatched_packets is 56
[3712, 1038779357, 3968, 1038779349, 3984, 1038750202, 3728, 1038750208, 3720, 1038762681, 4224, 1038779361, 4240, 1038750195, 4232, 1038762667, 3713, 1038299585, 3969, 1038298145, 3985, 1038300735, 3729, 1038302196, 3986, 1037913276, 3970, 1037886218, 3988, 1022091364, 3989, 1020972779, 3973, 1021014252, 3731, 1038339417, 3974, 1021057151, 3990, 1021178450, 3991, 1021970040, 3717, 1021015992, 3987, 1038340915, 3972, 1022054357, 3733, 1020974488, 3719, 1022102647, 3975, 1022104097, 3971, 1038339797, 3727, 1021986806, 4243, 1038341594, 4227, 1038340447, 4236, 1022127574, 4228, 1022053885, 3721, 1038298366, 3714, 1037886220, 4230, 1021058066, 3730, 1037913284, 3715, 1038338333, 4233, 1038296256, 3722, 1037901646, 4225, 1038297481, 4241, 1038300057, 4234, 1037901636, 3716, 1022055762, 3723, 1038338500, 4242, 1037913270, 3732, 1022092642, 3724, 1022129339, 3718, 1021055400, 3725, 1020949545, 3734, 1021176769, 4244, 1022091000, 3726, 1021167186, 3735, 1021968734, 4246, 1021179265, 4231, 1022104556, 4226, 1037886204, 4235, 1038340663, 4237, 1020946818, 4245, 1020971902, 4229, 1021013320, 4238, 1021169741, 4247, 1021970430, 4239, 1021988621]
[INFO] (lattice_cell.c: 455): on tick 33 of 50
[INFO] (lattice_cell.c: 172): the unmatched_packets is 56
[3712, 1038747226, 3968, 1038747236, 3984, 1038817023, 3728, 1038817017, 3720, 1038775929, 4232, 1038775933, 4240, 1038817025, 4224, 1038747242, 3713, 1038306952, 3969, 1038305391, 3985, 1038308276, 3970, 1037905993, 3721, 1038308094, 3971, 1038349868, 3987, 1038348541, 3972, 1021988788, 3988, 1021841990, 3722, 1037878304, 3989, 1021211023, 4241, 1038307607, 3974, 1021109907, 3990, 1021116742, 3986, 1037838539, 3733, 1021212985, 3973, 1021070406, 3734, 1021114705, 3719, 1022028805, 3727, 1022057449, 3975, 1022029621, 4242, 1037838525, 4226, 1037905984, 3991, 1022018435, 4235, 1038347747, 4227, 1038350553, 4236, 1021885699, 3729, 1038309787, 3714, 1037905993, 4244, 1021841977, 4229, 1021069079, 4237, 1021170384, 4238, 1021088103, 4246, 1021118030, 4230, 1021111242, 4247, 1022018469, 4231, 1022029642, 4234, 1037878302, 3730, 1037838557, 3715, 1038348306, 4233, 1038305823, 3731, 1038347040, 3716, 1021989591, 3723, 1038345576, 4245, 1021209779, 4225, 1038304699, 3732, 1021842815, 3717, 1021072484, 3724, 1021886468, 4239, 1022058388, 4243, 1038349198, 4228, 1021988746, 3718, 1021107849, 3725, 1021173626, 3726, 1021084654, 3735, 1022017559]
[INFO] (lattice_cell.c: 455): on tick 34 of 50
[INFO] (lattice_cell.c: 172): the unmatched_packets is 56
[3712, 1038795821, 3984, 1038760245, 3968, 1038795827, 3728, 1038760264, 3720, 1038785322, 4232, 1038785342, 3969, 1038299993, 3985, 1038299043, 3713, 1038301480, 3986, 1037904251, 4224, 1038795831, 3729, 1038300478, 4240, 1038760243, 3987, 1038339377, 3730, 1037904271, 3988, 1022094554, 4225, 1038299302, 3974, 1021173991, 3990, 1021095455, 3731, 1038337893, 3716, 1021928015, 3732, 1022096058, 4234, 1037879445, 3724, 1021975978, 3971, 1038341922, 3717, 1021133187, 3970, 1037868661, 3972, 1021926549, 3973, 1021131607, 3734, 1021093865, 3989, 1020979037, 3975, 1021975812, 3991, 1022059140, 4239, 1022032666, 4235, 1038339659, 4236, 1021973867, 4228, 1021926039, 4237, 1021093103, 4229, 1021130843, 4230, 1021174753, 4231, 1021976356, 4242, 1037904229, 4227, 1038342609, 3721, 1038300403, 3714, 1037868670, 4233, 1038298282, 4244, 1022093975, 3722, 1037879483, 3715, 1038340424, 4245, 1020978210, 3723, 1038337463, 4246, 1021096234, 4226, 1037868648, 4241, 1038298415, 3733, 1020980707, 3725, 1021095551, 3718, 1021172426, 4238, 1021126416, 4243, 1038340047, 3719, 1021974320, 3726, 1021124040, 4247, 1022059672, 3735, 1022057636, 3727, 1022030684]
[INFO] (lattice_cell.c: 455): on tick 35 of 50
[INFO] (lattice_cell.c: 172): the unmatched_packets is 56
[3712, 1038783393, 3968, 1038783405, 3984, 1038756939, 3728, 1038756933, 3720, 1038771250, 4232, 1038771261, 4224, 1038783413, 4240, 1038756940, 3713, 1038307190, 3969, 1038305651, 3985, 1038307180, 3729, 1038308727, 4233, 1038303321, 4241, 1038306468, 4225, 1038304972, 3714, 1037871771, 3970, 1037871764, 3986, 1037896239, 3722, 1037883096, 3971, 1038349698, 3987, 1038348431, 3988, 1021945298, 3972, 1021995309, 4234, 1037883076, 3715, 1038348161, 4242, 1037896240, 3716, 1021996114, 3975, 1022038448, 3724, 1022031451, 4235, 1038349512, 3717, 1021064806, 4243, 1038349110, 4227, 1038350383, 3973, 1021062626, 3990, 1021130226, 3991, 1022006064, 3726, 1021150541, 3989, 1021113719, 3974, 1021101287, 4229, 1021061214, 4247, 1022005992, 4236, 1022030781, 3721, 1038305541, 3730, 1037896253, 3731, 1038346913, 4226, 1037871761, 3723, 1038347254, 4238, 1021154071, 3732, 1021945959, 4246, 1021131640, 4231, 1022038411, 3733, 1021115835, 3725, 1021038722, 3718, 1021099124, 3734, 1021128053, 3719, 1022037639, 3735, 1022005317, 3727, 1021987171, 4230, 1021102703, 4239, 1021987879, 4228, 1021995353, 4244, 1021945411, 4237, 1021035112, 4245, 1021112360]
[INFO] (lattice_cell.c: 455): on tick 36 of 50
[INFO] (lattice_cell.c: 172): the unmatched_packets is 56
[3712, 1038761666, 3968, 1038761668, 3984, 1038798835, 4232, 1038781685, 3728, 1038798845, 3720, 1038781708, 4240, 1038798823, 4224, 1038761676, 3713, 1038300018, 3969, 1038298517, 3985, 1038301190, 3721, 1038300111, 4241, 1038300545, 4225, 1038297835, 4233, 1038297921, 3729, 1038302649, 3970, 1037902367, 3986, 1037866077, 3714, 1037902376, 3722, 1037882788, 3987, 1038340412, 3971, 1038340900, 4234, 1037882784, 3988, 1021928410, 3715, 1038339392, 3973, 1021065322, 3972, 1022000523, 3975, 1022047914, 3991, 1022001012, 3989, 1021133516, 3990, 1021146420, 3974, 1021107641, 4244, 1021927787, 4247, 1022001629, 4231, 1022048605, 4236, 1021958813, 4245, 1021132817, 4229, 1021064556, 3730, 1037866110, 4238, 1021121089, 4230, 1021108395, 4242, 1037866059, 4226, 1037902360, 4235, 1038340105, 4243, 1038341093, 3723, 1038337918, 3731, 1038338917, 3716, 1022002085, 3732, 1021929974, 3724, 1021960954, 3717, 1021066887, 3733, 1021135009, 3725, 1021111205, 3718, 1021106071, 3734, 1021144957, 3719, 1022046330, 3726, 1021118857, 4227, 1038341588, 3735, 1021999471, 3727, 1022034660, 4228, 1021999851, 4237, 1021108962, 4246, 1021147086, 4239, 1022036912]
[INFO] (lattice_cell.c: 455): on tick 37 of 50
[INFO] (lattice_cell.c: 172): the unmatched_packets is 56
[3712, 1038774244, 3984, 1038780091, 3968, 1038774260, 3728, 1038780089, 4232, 1038775339, 3720, 1038775318, 4224, 1038774260, 4240, 1038780089, 3713, 1038307665, 3969, 1038306099, 3985, 1038307038, 3986, 1037875064, 3987, 1038347348, 4233, 1038305467, 3970, 1037879597, 3730, 1037875082, 3988, 1022022039, 3722, 1037879061, 3973, 1021107602, 4225, 1038305370, 3723, 1038345248, 3974, 1021148106, 3716, 1021948634, 3971, 1038349586, 3975, 1021991109, 3732, 1022022720, 3972, 1021947934, 3725, 1021105030, 3989, 1021038818, 3990, 1021115498, 3734, 1021113286, 4247, 1022025441, 3991, 1022025541, 4241, 1038306353, 4242, 1037875054, 4235, 1038347480, 4243, 1038348032, 4244, 1022022152, 4237, 1021101377, 4229, 1021106138, 3729, 1038308557, 4238, 1021101855, 3721, 1038307736, 4239, 1022045500, 3714, 1037879608, 3715, 1038348020, 4226, 1037879590, 3731, 1038345825, 4227, 1038350307, 3724, 1021958805, 4234, 1037879043, 3717, 1021109834, 4228, 1021948069, 3733, 1021041054, 3718, 1021145863, 3726, 1021098109, 3719, 1021990413, 3727, 1022044907, 3735, 1022024815, 4246, 1021116966, 4231, 1021990970, 4236, 1021958219, 4245, 1021037351, 4230, 1021149555]
[INFO] (lattice_cell.c: 455): on tick 38 of 50
[INFO] (lattice_cell.c: 172): the unmatched_packets is 56
[3968, 1038796393, 3984, 1038767119, 3712, 1038796387, 3728, 1038767136, 3720, 1038773226, 4240, 1038767099, 4224, 1038796393, 4232, 1038773231, 3969, 1038299191, 3985, 1038299812, 3713, 1038300700, 3729, 1038301291, 3721, 1038299483, 4225, 1038298509, 4241, 1038299150, 4233, 1038297332, 3714, 1037868847, 3970, 1037868834, 3986, 1037896853, 3971, 1038342087, 3987, 1038340699, 3972, 1021968414, 3715, 1038340574, 3988, 1021992365, 3990, 1021109396, 4234, 1037891015, 4242, 1037896837, 3975, 1022015905, 3717, 1021095279, 3733, 1021078476, 3989, 1021076968, 3973, 1021093806, 3718, 1021132563, 4243, 1038341377, 3974, 1021134032, 3726, 1021137967, 3991, 1022038759, 4239, 1022013308, 4245, 1021076267, 4247, 1022039458, 3730, 1037896871, 3722, 1037891050, 4227, 1038342770, 3731, 1038339173, 4226, 1037868822, 3723, 1038339208, 3716, 1021970040, 3732, 1021993916, 3724, 1022003857, 4235, 1038341453, 4236, 1022001495, 3725, 1021070343, 3734, 1021107921, 3719, 1022014258, 4244, 1021991675, 3735, 1022037148, 3727, 1022010992, 4231, 1022016638, 4229, 1021093114, 4230, 1021134708, 4228, 1021967719, 4237, 1021068073, 4238, 1021140129, 4246, 1021110074]
[INFO] (lattice_cell.c: 455): on tick 39 of 50
[INFO] (lattice_cell.c: 172): the unmatched_packets is 56
[3712, 1038771940, 3984, 1038773547, 3968, 1038771946, 3720, 1038774843, 4232, 1038774843, 3985, 1038307991, 3969, 1038305334, 4224, 1038771944, 4240, 1038773552, 3986, 1037880306, 3970, 1037882679, 3988, 1021941383, 3989, 1021115882, 4241, 1038307258, 3991, 1022012825, 3975, 1022047096, 3716, 1022003169, 4234, 1037879436, 3987, 1038348813, 4226, 1037882679, 3971, 1038348259, 4235, 1038347754, 3972, 1022002434, 3973, 1021057581, 3718, 1021096316, 3990, 1021120619, 3719, 1022046330, 4237, 1021081016, 4230, 1021100121, 3974, 1021098607, 3727, 1021998734, 4236, 1021980878, 4244, 1021941586, 3728, 1038773538, 4245, 1021114450, 4229, 1021056070, 4239, 1021999325, 4231, 1022046972, 3713, 1038306890, 3729, 1038309531, 4242, 1037880304, 3721, 1038306725, 3714, 1037882685, 3730, 1037880324, 4225, 1038304605, 3722, 1037879449, 4227, 1038348987, 3715, 1038346700, 3731, 1038347294, 3723, 1038345470, 3732, 1021942033, 3724, 1021981353, 3717, 1021059896, 3733, 1021118101, 3725, 1021084793, 3734, 1021118330, 3726, 1021144087, 4228, 1022002576, 4246, 1021122083, 4238, 1021147859, 4247, 1022012665, 3735, 1022012127, 4233, 1038304436, 4243, 1038349514]
[INFO] (lattice_cell.c: 455): on tick 40 of 50
[INFO] (lattice_cell.c: 172): the unmatched_packets is 56
[3712, 1038763654, 3984, 1038786512, 3968, 1038763662, 3728, 1038786509, 3720, 1038787841, 4232, 1038787825, 4224, 1038763668, 4240, 1038786501, 3713, 1038300556, 3985, 1038300194, 3969, 1038299023, 3729, 1038301663, 3970, 1037899952, 3986, 1037878290, 3971, 1038342426, 3987, 1038341543, 4233, 1038298412, 4241, 1038299548, 3988, 1021982684, 3973, 1021082166, 3722, 1037877014, 3731, 1038340015, 3990, 1021135421, 3716, 1021983201, 3723, 1038337062, 3732, 1021984298, 4234, 1037876984, 3972, 1021981606, 3989, 1021083992, 3725, 1021107171, 3974, 1021122307, 3734, 1021133968, 3991, 1022008240, 3975, 1022026880, 4238, 1021120892, 3721, 1038300621, 4244, 1021981947, 4228, 1021980873, 4237, 1021104974, 4229, 1021081420, 4227, 1038343126, 3714, 1037899966, 3730, 1037878324, 3715, 1038340890, 4225, 1038298318, 4243, 1038342220, 4236, 1021961681, 3717, 1021083665, 3724, 1021964006, 3733, 1021085472, 3718, 1021120796, 3719, 1022025259, 3726, 1021118688, 3735, 1022006637, 3727, 1022037252, 4245, 1021083271, 4226, 1037899948, 4246, 1021136110, 4230, 1021123037, 4247, 1022008959, 4239, 1022039612, 4231, 1022027633, 4242, 1037878258, 4235, 1038339282]
[INFO] (lattice_cell.c: 455): on tick 41 of 50
[INFO] (lattice_cell.c: 172): the unmatched_packets is 56
[3712, 1038776164, 3984, 1038772969, 3968, 1038776170, 3728, 1038772973, 3720, 1038774432, 4232, 1038774443, 4224, 1038776174, 4240, 1038772970, 3713, 1038309356, 3985, 1038306939, 3969, 1038307788, 3729, 1038308467, 3721, 1038307181, 3970, 1037877899, 3986, 1037881597, 3987, 1038345878, 3714, 1037877907, 4233, 1038304889, 3722, 1037880048, 3973, 1021101955, 3715, 1038348577, 4225, 1038307043, 3971, 1038350142, 3974, 1021144138, 3723, 1038344288, 3975, 1021992368, 3988, 1021999749, 3972, 1021946650, 4235, 1038346579, 3989, 1021061649, 3719, 1021991634, 3726, 1021104361, 3991, 1022020657, 3990, 1021125414, 4246, 1021126868, 4234, 1037880032, 4236, 1021982166, 4228, 1021946801, 4237, 1021079616, 4245, 1021060191, 4238, 1021108107, 4247, 1022020541, 4231, 1021992250, 4241, 1038306218, 3730, 1037881613, 4242, 1037881588, 4227, 1038350891, 3731, 1038344335, 3716, 1021947403, 3732, 1022000421, 3724, 1021982801, 3717, 1021104224, 3733, 1021063924, 3725, 1021083343, 3718, 1021141873, 3734, 1021123199, 4239, 1022043685, 4244, 1021999909, 3735, 1022019866, 4226, 1037877899, 3727, 1022043050, 4229, 1021100493, 4230, 1021145594, 4243, 1038346601]
[INFO] (lattice_cell.c: 455): on tick 42 of 50
[INFO] (lattice_cell.c: 172): the unmatched_packets is 56
[3712, 1038794100, 3984, 1038777354, 3968, 1038794094, 3728, 1038777360, 4232, 1038771044, 4224, 1038794110, 4240, 1038777348, 3720, 1038771022, 3713, 1038300746, 3985, 1038300438, 3969, 1038299210, 3729, 1038301957, 3970, 1037871166, 3987, 1038343353, 3972, 1021972686, 3988, 1021971893, 3986, 1037886828, 3973, 1021089704, 3989, 1021095540, 4225, 1038298515, 3974, 1021128359, 3716, 1021974269, 3991, 1022021652, 3732, 1021973435, 3971, 1038343104, 3724, 1022002095, 3733, 1021097072, 3718, 1021126832, 3725, 1021079035, 3990, 1021114380, 3726, 1021130788, 3727, 1022012747, 4229, 1021088914, 3975, 1022017300, 4234, 1037892913, 4226, 1037871160, 4243, 1038344049, 4228, 1021971961, 4237, 1021076664, 4246, 1021115122, 4230, 1021129143, 3721, 1038297959, 4247, 1022022341, 3714, 1037871180, 3730, 1037886859, 4241, 1038299763, 3715, 1038341560, 4233, 1038295740, 3722, 1037892950, 3731, 1038341810, 3723, 1038340512, 4242, 1037886818, 3717, 1021091229, 3734, 1021112864, 4227, 1038343803, 3719, 1022015694, 3735, 1022020167, 4244, 1021971206, 4231, 1022018036, 4235, 1038342786, 4236, 1021999793, 4245, 1021094784, 4238, 1021133089, 4239, 1022015015]
[INFO] (lattice_cell.c: 455): on tick 43 of 50
[INFO] (lattice_cell.c: 172): the unmatched_packets is 56
[3712, 1038774353, 3984, 1038773185, 3968, 1038774353, 3728, 1038773201, 3720, 1038771817, 4232, 1038771792, 3969, 1038305057, 3985, 1038309615, 3713, 1038306613, 3729, 1038311141, 3721, 1038306851, 4224, 1038774361, 3986, 1037881012, 3970, 1037880269, 3714, 1037880275, 3988, 1021953055, 3722, 1037882318, 3971, 1038346933, 3987, 1038345371, 3989, 1021098098, 3723, 1038342501, 3732, 1021953834, 3717, 1021065488, 3972, 1021997995, 4242, 1037880996, 3973, 1021063235, 3974, 1021105538, 3990, 1021111315, 3725, 1021093901, 3719, 1022044556, 3975, 1022045448, 3991, 1022035816, 3735, 1022034911, 4237, 1021090281, 4226, 1037880272, 4243, 1038346073, 4228, 1021998038, 4245, 1021096739, 3730, 1037881036, 4246, 1021112763, 4231, 1022045392, 4239, 1022010934, 4240, 1038773167, 3715, 1038345374, 4233, 1038304552, 3731, 1038343868, 3716, 1021998856, 4241, 1038308888, 3724, 1021972252, 3733, 1021100269, 3718, 1021103300, 3734, 1021109077, 3726, 1021143642, 3727, 1022010040, 4230, 1021106956, 4225, 1038304302, 4234, 1037882298, 4238, 1021147307, 4247, 1022035803, 4235, 1038344778, 4227, 1038347682, 4236, 1021971597, 4244, 1021953176, 4229, 1021061805]
[INFO] (lattice_cell.c: 455): on tick 44 of 50
[INFO] (lattice_cell.c: 172): the unmatched_packets is 56
[3712, 1038768148, 3984, 1038789536, 3968, 1038768148, 3728, 1038789509, 3720, 1038790557, 4232, 1038790567, 4224, 1038768152, 4240, 1038789552, 3713, 1038302495, 3985, 1038300273, 3969, 1038300912, 3729, 1038301791, 3721, 1038301017, 3970, 1037895544, 3986, 1037875246, 3971, 1038345135, 3987, 1038341284, 3730, 1037875272, 3989, 1021072505, 3990, 1021152207, 4225, 1038300174, 3991, 1021992511, 3975, 1022022397, 4241, 1038299600, 3732, 1021996053, 3988, 1021994577, 3972, 1021979962, 4234, 1037874338, 3724, 1021967985, 3973, 1021076824, 4228, 1021979362, 4236, 1021965884, 3974, 1021115943, 3734, 1021150689, 3719, 1022020929, 4237, 1021099413, 4229, 1021075981, 4247, 1021993037, 4226, 1037895545, 4242, 1037875227, 4235, 1038342634, 3714, 1037895555, 4238, 1021130404, 4230, 1021116773, 4233, 1038298738, 3715, 1038343546, 3722, 1037874357, 3731, 1038339696, 3716, 1021981396, 3723, 1038340291, 4243, 1038342000, 3717, 1021078425, 3733, 1021074119, 3718, 1021114326, 3725, 1021101885, 3726, 1021128036, 3735, 1021991134, 3727, 1022014328, 4246, 1021152990, 4239, 1022016315, 4227, 1038345877, 4244, 1021993900, 4245, 1021071623, 4231, 1022023015]
[INFO] (lattice_cell.c: 455): on tick 45 of 50
[INFO] (lattice_cell.c: 172): the unmatched_packets is 56
[3712, 1038767113, 3984, 1038756263, 3968, 1038767113, 3728, 1038756282, 3720, 1038770548, 3713, 1038306843, 3985, 1038306817, 3969, 1038305324, 3721, 1038305315, 3986, 1037897624, 3970, 1037886676, 3987, 1038349688, 3730, 1037897661, 3715, 1038345363, 3989, 1021080358, 3973, 1021096445, 4224, 1038767125, 3990, 1021074167, 3991, 1022056334, 3723, 1038344656, 3732, 1021983146, 3971, 1038346890, 3717, 1021098659, 3988, 1021982268, 3972, 1021962180, 4234, 1037883898, 3733, 1021082517, 3734, 1021071998, 4227, 1038347608, 3974, 1021139035, 3726, 1021088836, 3975, 1022010689, 3735, 1022055263, 4241, 1038306104, 4232, 1038770532, 4242, 1037897591, 4226, 1037886674, 4243, 1038350399, 4235, 1038346884, 4244, 1021982275, 4236, 1021982602, 4228, 1021962085, 4237, 1021086398, 4229, 1021095037, 4246, 1021075535, 3729, 1038308315, 4238, 1021092442, 4240, 1038756242, 3714, 1037886675, 4233, 1038303074, 4225, 1038304602, 3722, 1037883935, 3731, 1038348172, 3716, 1021963233, 3724, 1021983648, 3718, 1021136824, 3725, 1021089930, 3719, 1022009636, 4245, 1021079072, 3727, 1022057008, 4230, 1021140434, 4247, 1022056465, 4239, 1022058231, 4231, 1022010816]
[INFO] (lattice_cell.c: 455): on tick 46 of 50
[INFO] (lattice_cell.c: 172): the unmatched_packets is 56
[3712, 1038800595, 3984, 1038802616, 3968, 1038800593, 3728, 1038802604, 3720, 1038787959, 3969, 1038298178, 3985, 1038302161, 3970, 1037864723, 3986, 1037862268, 4240, 1038802621, 3971, 1038342609, 3987, 1038338430, 3714, 1037864731, 3988, 1021979787, 3731, 1038336838, 3990, 1021208977, 3975, 1022000683, 4233, 1038298193, 3732, 1021981066, 3717, 1021109361, 3972, 1021958822, 4242, 1037862272, 3989, 1021080343, 3973, 1021107736, 3725, 1021072214, 3734, 1021207358, 4228, 1021958356, 3974, 1021146195, 4237, 1021069616, 3991, 1021945447, 4225, 1038297399, 4224, 1038800611, 3713, 1038299803, 4235, 1038338692, 4243, 1038339154, 4236, 1021997489, 4244, 1021979302, 4245, 1021079418, 4246, 1021209847, 4230, 1021147098, 4247, 1021945916, 4239, 1021992305, 4231, 1022001145, 3729, 1038303734, 3721, 1038300580, 4232, 1038787997, 3730, 1037862265, 3715, 1038340979, 3722, 1037876499, 4241, 1038301433, 3716, 1021960072, 3723, 1038336307, 4234, 1037876488, 3724, 1021999252, 4226, 1037864717, 3733, 1021082004, 3718, 1021144561, 3719, 1021999400, 3726, 1021169130, 3735, 1021944183, 3727, 1021990580, 4227, 1038343391, 4229, 1021106834, 4238, 1021171680]
[INFO] (lattice_cell.c: 455): on tick 47 of 50
[INFO] (lattice_cell.c: 172): the unmatched_packets is 56
[3712, 1038756251, 3984, 1038745500, 3968, 1038756253, 3728, 1038745508, 4232, 1038743145, 4224, 1038756267, 4240, 1038745482, 3720, 1038743163, 3713, 1038311351, 3985, 1038307395, 3969, 1038309837, 3721, 1038308063, 4225, 1038309123, 4241, 1038306702, 3986, 1037908161, 3970, 1037897816, 3714, 1037897824, 3722, 1037910108, 3730, 1037908211, 3971, 1038351205, 3987, 1038348251, 3989, 1021107907, 3973, 1021035474, 3723, 1038347502, 3974, 1021078170, 3988, 1021953561, 3732, 1021954684, 3991, 1022136985, 3975, 1022055986, 3724, 1021975186, 3725, 1021087366, 3718, 1021076053, 3990, 1020999220, 3972, 1022006676, 4228, 1022006421, 3726, 1021060463, 3727, 1022073760, 4233, 1038305880, 4244, 1021953364, 4234, 1037910049, 4242, 1037908128, 4226, 1037897823, 4229, 1021034168, 4237, 1021083896, 4235, 1038349756, 4227, 1038351922, 3729, 1038308860, 3715, 1038349689, 3731, 1038346739, 4243, 1038348960, 3716, 1022007892, 3717, 1021037600, 3733, 1021110004, 4236, 1021973793, 3734, 1020997073, 4245, 1021106646, 4246, 1021000531, 4238, 1021063870, 3719, 1022054759, 4230, 1021079478, 4247, 1022137237, 4239, 1022075215, 4231, 1022056253, 3735, 1022135815]
[INFO] (lattice_cell.c: 455): on tick 48 of 50
[INFO] (lattice_cell.c: 172): the unmatched_packets is 56
[3712, 1038812016, 3984, 1038812269, 3968, 1038812012, 3728, 1038812270, 3720, 1038823128, 3969, 1038295181, 3985, 1038299226, 3986, 1037852866, 3971, 1038339721, 3970, 1037853125, 3721, 1038296165, 3730, 1037852881, 3973, 1021136411, 4224, 1038812022, 3731, 1038340042, 3991, 1021895674, 3723, 1038337130, 3732, 1021988038, 3987, 1038341671, 3717, 1021138166, 3988, 1021986921, 3972, 1021942765, 4227, 1038340499, 3718, 1021172404, 3990, 1021245816, 3974, 1021174189, 3734, 1021244206, 3719, 1021983284, 3975, 1021984463, 4236, 1021961183, 3726, 1021235756, 3989, 1021083760, 3735, 1021894537, 4241, 1038298480, 4234, 1037842530, 4226, 1037853123, 4243, 1038342433, 4240, 1038812273, 4244, 1021986617, 4245, 1021082778, 4229, 1021135339, 3713, 1038296817, 4238, 1021238504, 4246, 1021246751, 3729, 1038300831, 4233, 1038293745, 3714, 1037853144, 4239, 1021919226, 4225, 1038294405, 4231, 1021984840, 3715, 1038338083, 4242, 1037852858, 3722, 1037842526, 3716, 1021943927, 3724, 1021962635, 3733, 1021085469, 4235, 1038339521, 3725, 1021125579, 4228, 1021942411, 4237, 1021122799, 3727, 1021917670, 4230, 1021175231, 4247, 1021895948, 4232, 1038823126]
[INFO] (lattice_cell.c: 455): on tick 49 of 50
[INFO] (lattice_cell.c: 172): the unmatched_packets is 56
[3712, 1038712097, 3984, 1038751501, 3968, 1038712101, 3728, 1038751481, 3720, 1038733000, 4232, 1038733023, 4240, 1038751494, 3969, 1038309080, 4224, 1038712107, 3713, 1038310617, 3985, 1038311428, 3729, 1038312900, 3721, 1038311178, 4233, 1038308924, 4225, 1038308337, 4241, 1038310738, 3714, 1037940204, 3970, 1037940200, 3986, 1037902546, 3730, 1037902594, 3722, 1037920589, 3971, 1038350345, 4234, 1037920536, 4226, 1037940199, 3987, 1038346422, 3715, 1038348811, 3972, 1022048255, 4242, 1037902521, 3973, 1020997591, 3988, 1022005506, 3989, 1021039577, 3990, 1021040809, 3719, 1022094687, 3974, 1021042313, 4237, 1021032221, 3991, 1022103904, 3975, 1022095997, 3735, 1022102540, 4227, 1038351094, 4245, 1021038388, 4229, 1020996393, 4246, 1021042087, 4230, 1021043494, 4239, 1022149915, 3731, 1038344949, 4236, 1022014754, 4228, 1022047895, 3723, 1038344315, 3716, 1022049556, 3732, 1022006787, 4244, 1022005121, 3717, 1020999624, 4235, 1038346540, 4243, 1038347095, 3733, 1021041608, 3724, 1022016442, 3718, 1021040268, 3734, 1021038688, 3725, 1021035411, 3726, 1021000175, 4247, 1022104367, 4231, 1022096348, 4238, 1021003502, 3727, 1022148190]
[INFO] (lattice_cell.c: 455): on tick 50 of 50
[INFO] (lattice_cell.c: 466): updating recording regions
[INFO] (recording.c: 507): 	Finalising channel 0 - state info stored in SDRAM
[INFO] (recording.c: 512): closed channel 0.
[INFO] (lattice_cell.c: 470): Simulation complete.

