[INFO] (lattice_cell.c: 604): starting lattice cell
[INFO] (lattice_cell.c: 526): Initialise: started
[INFO] (data_specification.c: 78): magic = ad130ad6, version = 1.0
[INFO] (lattice_cell.c: 555): my key is 4528
[INFO] (lattice_cell.c: 562): I'm in position ( 17, 22)
[INFO] (lattice_cell.c: 568): my n key is 4272
[INFO] (lattice_cell.c: 574): my U_X = 0.009540452621877193
[INFO] (lattice_cell.c: 575): my U_Y = -0.0004903926164843142
[INFO] (lattice_cell.c: 583): input_buffer initialised
[INFO] (recording.c: 563): Recording 1 regions, using output tag 0, size before trigger 7686388, time between triggers 50
[INFO] (recording.c: 665): Recording channel 0 configured to use 7686132 byte memory block starting at 0x63593738
[INFO] (lattice_cell.c: 588): Recording flags = 0x00000001
[INFO] (lattice_cell.c: 619): setting timer to execute every 200000 microseconds
[INFO] (lattice_cell.c: 627): Starting

[INFO] (simulation.c: 159): Setting the runtime of this model to 50 starting at 0
[INFO] (simulation.c: 161): Setting the flag of infinite run for this model to 0
[INFO] (simulation.c: 175): Resuming
[INFO] (lattice_cell.c: 455): on tick 0 of 50
[4776, 1038776237, 4536, 1038656483, 4784, 1038758218, 4272, 1038758216, 4280, 1038656481, 4264, 1038776233, 4792, 1038656487, 4520, 1038776239, 4777, 1038298203, 4537, 1038298929, 4785, 1038298541, 4521, 1038296936, 4273, 1038296838, 4265, 1038296500, 4281, 1038298501, 4538, 1037999645, 4523, 1038340816, 4524, 1021975810, 4267, 1038341240, 4283, 1038343241, 4527, 1022022302, 4541, 1021201489, 4542, 1021243436, 4543, 1021902205, 4796, 1021857723, 4791, 1022002881, 4271, 1022022752, 4274, 1037904550, 4282, 1037999645, 4797, 1021202706, 4798, 1021242221, 4275, 1038341578, 4799, 1021900876, 4794, 1037999651, 4276, 1021957383, 4284, 1021855944, 4277, 1021106276, 4285, 1021201079, 4278, 1021148457, 4270, 1021131736, 4279, 1022004682, 4793, 1038300204, 4522, 1037887885, 4786, 1037904552, 4779, 1038339537, 4539, 1038342809, 4780, 1021977153, 4778, 1037887883, 4795, 1038341538, 4789, 1021107879, 4525, 1021090068, 4540, 1021856394, 4782, 1021130133, 4790, 1021146850, 4526, 1021131336, 4783, 1022020947, 4787, 1038339873, 4286, 1021243848, 4287, 1021902655, 4268, 1021975350, 4788, 1021959182, 4266, 1037887879, 4781, 1021091259, 4269, 1021089658]
[INFO] (lattice_cell.c: 455): on tick 1 of 50
[INFO] (lattice_cell.c: 172): the unmatched_packets is 56
[4520, 1038766387, 4776, 1038766385, 4272, 1038726097, 4280, 1038575745, 4792, 1038575767, 4264, 1038766383, 4784, 1038726103, 4536, 1038575739, 4537, 1038305907, 4521, 1038305583, 4273, 1038305385, 4265, 1038305197, 4281, 1038305515, 4538, 1038072941, 4522, 1037887813, 4266, 1037887809, 4777, 1038306808, 4282, 1038072961, 4525, 1021090299, 4268, 1021963826, 4269, 1021090693, 4278, 1021076752, 4789, 1021143587, 4287, 1022154630, 4790, 1021076692, 4795, 1038343956, 4283, 1038345617, 4276, 1021908448, 4796, 1021678254, 4797, 1021367890, 4277, 1021143505, 4799, 1022151235, 4270, 1021116397, 4279, 1022073242, 4286, 1020994290, 4793, 1038307148, 4275, 1038347556, 4284, 1021674822, 4794, 1038072917, 4285, 1021367787, 4274, 1037926663, 4539, 1038345195, 4523, 1038348576, 4540, 1021676129, 4785, 1038306996, 4524, 1021965127, 4798, 1020994299, 4778, 1037887801, 4541, 1021367404, 4786, 1037926647, 4779, 1038347351, 4526, 1021116807, 4780, 1021967240, 4542, 1020994723, 4527, 1022028434, 4781, 1021090776, 4788, 1021911865, 4543, 1022153338, 4271, 1022029732, 4267, 1038348972, 4783, 1022026315, 4787, 1038345923, 4782, 1021116321, 4791, 1022069830]
[INFO] (lattice_cell.c: 455): on tick 2 of 50
[INFO] (lattice_cell.c: 172): the unmatched_packets is 56
[4536, 1038648147, 4520, 1038793758, 4776, 1038793754, 4784, 1038804107, 4272, 1038804109, 4280, 1038648141, 4264, 1038793758, 4792, 1038648163, 4521, 1038297143, 4273, 1038297557, 4265, 1038296723, 4281, 1038299905, 4522, 1037871643, 4539, 1038339356, 4274, 1037859940, 4282, 1038006874, 4778, 1037871647, 4283, 1038339766, 4541, 1021342093, 4526, 1021170516, 4268, 1021987284, 4542, 1021329224, 4543, 1021818666, 4269, 1021080614, 4285, 1021341764, 4286, 1021329639, 4795, 1038338075, 4537, 1038300335, 4266, 1037871647, 4796, 1021721455, 4277, 1021100145, 4278, 1021278911, 4270, 1021170858, 4797, 1021343176, 4279, 1021865282, 4271, 1021977893, 4287, 1021819132, 4798, 1021327979, 4799, 1021817369, 4267, 1038343077, 4793, 1038301618, 4538, 1038006882, 4794, 1038006890, 4523, 1038342645, 4540, 1021720185, 4524, 1021987700, 4525, 1021080922, 4777, 1038298432, 4785, 1038299270, 4275, 1038343045, 4276, 1021968265, 4527, 1021977470, 4284, 1021719765, 4786, 1037859954, 4779, 1038341365, 4787, 1038341354, 4780, 1021988994, 4781, 1021082017, 4788, 1021969957, 4782, 1021169389, 4789, 1021101553, 4783, 1021976171, 4790, 1021277354, 4791, 1021863525]
[INFO] (lattice_cell.c: 455): on tick 3 of 50
[INFO] (lattice_cell.c: 172): the unmatched_packets is 56
[4536, 1038627871, 4776, 1038726999, 4784, 1038716414, 4272, 1038716416, 4280, 1038627875, 4792, 1038627889, 4264, 1038727003, 4520, 1038727005, 4777, 1038308013, 4537, 1038306792, 4785, 1038308786, 4273, 1038307211, 4265, 1038306466, 4281, 1038306396, 4793, 1038308009, 4522, 1037925600, 4539, 1038345479, 4523, 1038346632, 4794, 1038022874, 4779, 1038345425, 4526, 1021007191, 4542, 1021099211, 4795, 1038344230, 4781, 1021114537, 4527, 1022144731, 4285, 1021333222, 4269, 1021114290, 4521, 1038306827, 4791, 1022186831, 4274, 1037936114, 4797, 1021333502, 4282, 1038022974, 4798, 1021098802, 4283, 1038345907, 4799, 1022037784, 4276, 1021935214, 4284, 1021709686, 4277, 1021120062, 4278, 1020953487, 4271, 1022145964, 4538, 1038022934, 4786, 1037936054, 4778, 1037925584, 4780, 1021943200, 4275, 1038348000, 4540, 1021711007, 4788, 1021938666, 4524, 1021941074, 4541, 1021332923, 4782, 1021006691, 4525, 1021113966, 4783, 1022142632, 4787, 1038346367, 4790, 1020953488, 4268, 1021939778, 4543, 1022039860, 4286, 1021098761, 4287, 1022041058, 4789, 1021120311, 4266, 1037925604, 4267, 1038347014, 4796, 1021713182, 4270, 1021006798, 4279, 1022190125]
[INFO] (lattice_cell.c: 455): on tick 4 of 50
[INFO] (lattice_cell.c: 172): the unmatched_packets is 56
[4536, 1038627951, 4520, 1038817404, 4776, 1038817396, 4272, 1038755458, 4264, 1038817400, 4792, 1038627991, 4537, 1038301122, 4521, 1038297184, 4538, 1038027960, 4522, 1037847908, 4785, 1038300435, 4265, 1038296754, 4777, 1038298474, 4266, 1037847900, 4778, 1037847924, 4525, 1021086046, 4781, 1021086999, 4276, 1021936191, 4542, 1021160061, 4789, 1021135345, 4543, 1021986205, 4286, 1021160449, 4273, 1038298710, 4791, 1021916301, 4798, 1021158847, 4799, 1021984839, 4274, 1037906213, 4267, 1038341255, 4283, 1038339123, 4275, 1038340923, 4268, 1021983296, 4269, 1021085845, 4284, 1021726595, 4794, 1038027964, 4277, 1021134178, 4270, 1021306957, 4278, 1021228276, 4279, 1021918214, 4271, 1021844609, 4285, 1021337974, 4795, 1038337428, 4784, 1038755478, 4280, 1038627917, 4796, 1021728329, 4282, 1038027938, 4793, 1038302411, 4786, 1037906257, 4779, 1038339622, 4539, 1038338709, 4780, 1021984972, 4523, 1038340867, 4540, 1021727012, 4524, 1021983720, 4782, 1021305508, 4783, 1021842744, 4790, 1021226725, 4541, 1021338158, 4526, 1021306619, 4787, 1038339286, 4788, 1021937874, 4527, 1021844093, 4287, 1021986773, 4281, 1038300692, 4797, 1021339109]
[INFO] (lattice_cell.c: 455): on tick 5 of 50
[INFO] (lattice_cell.c: 172): the unmatched_packets is 56
[4536, 1038621372, 4520, 1038760268, 4776, 1038760268, 4784, 1038755458, 4272, 1038755492, 4264, 1038760278, 4280, 1038621392, 4792, 1038621372, 4537, 1038307461, 4521, 1038307354, 4273, 1038307454, 4265, 1038307010, 4281, 1038307082, 4777, 1038308518, 4785, 1038309000, 4538, 1038028889, 4522, 1037893963, 4274, 1037897716, 4266, 1037893981, 4282, 1038028939, 4539, 1038344864, 4540, 1021717517, 4525, 1021080731, 4781, 1021081419, 4527, 1022147756, 4543, 1021977698, 4286, 1021160232, 4271, 1022148831, 4287, 1021978785, 4283, 1038345290, 4790, 1021129294, 4268, 1021974950, 4284, 1021716222, 4277, 1021123601, 4285, 1021327430, 4791, 1022009125, 4279, 1022012218, 4275, 1038347171, 4267, 1038347178, 4797, 1021327935, 4798, 1021160095, 4799, 1021975719, 4794, 1038028803, 4793, 1038308655, 4523, 1038346780, 4524, 1021976190, 4541, 1021327238, 4786, 1037897628, 4542, 1021160617, 4526, 1021001330, 4778, 1037893931, 4270, 1021000917, 4779, 1038345563, 4796, 1021719693, 4787, 1038345544, 4780, 1021978307, 4276, 1021930607, 4269, 1021080944, 4278, 1021129373, 4788, 1021934010, 4795, 1038343625, 4782, 1021000861, 4789, 1021124097, 4783, 1022145764]
[INFO] (lattice_cell.c: 455): on tick 6 of 50
[INFO] (lattice_cell.c: 172): the unmatched_packets is 56
[4536, 1038626184, 4520, 1038766235, 4776, 1038766245, 4272, 1038759825, 4280, 1038626134, 4792, 1038626256, 4784, 1038759877, 4265, 1038297895, 4281, 1038300577, 4274, 1037903134, 4778, 1037897366, 4524, 1021973921, 4539, 1038338749, 4526, 1021147382, 4527, 1022002104, 4541, 1021342251, 4542, 1021172461, 4269, 1021098442, 4543, 1021972327, 4783, 1022000666, 4537, 1038301001, 4266, 1037897332, 4275, 1038340060, 4283, 1038339169, 4267, 1038340916, 4268, 1021973471, 4796, 1021724990, 4277, 1021127221, 4278, 1021124235, 4270, 1021147643, 4279, 1022022668, 4285, 1021342197, 4271, 1022002731, 4287, 1021973023, 4264, 1038766223, 4798, 1021171361, 4799, 1021970868, 4521, 1038298311, 4793, 1038302315, 4794, 1038029677, 4273, 1038299234, 4284, 1021723145, 4795, 1038337460, 4522, 1037897346, 4797, 1021343068, 4538, 1038029670, 4523, 1038340552, 4777, 1038299607, 4786, 1037903178, 4525, 1021098486, 4779, 1038339309, 4787, 1038338419, 4785, 1038300968, 4540, 1021723646, 4788, 1021947454, 4286, 1021172769, 4282, 1038029646, 4789, 1021128103, 4782, 1021146319, 4276, 1021945661, 4780, 1021975198, 4790, 1021122896, 4781, 1021099286, 4791, 1022020537]
[INFO] (lattice_cell.c: 455): on tick 7 of 50
[INFO] (lattice_cell.c: 172): the unmatched_packets is 56
[4536, 1038625990, 4520, 1038768527, 4776, 1038768501, 4264, 1038768553, 4280, 1038626022, 4792, 1038625996, 4272, 1038748606, 4537, 1038307830, 4521, 1038307588, 4273, 1038308319, 4265, 1038307258, 4281, 1038307458, 4522, 1037884740, 4539, 1038344074, 4523, 1038346982, 4275, 1038346419, 4276, 1021939348, 4541, 1021332848, 4787, 1038344822, 4527, 1021999989, 4278, 1021119346, 4542, 1021164524, 4543, 1021974084, 4789, 1021116919, 4286, 1021164231, 4538, 1038024901, 4267, 1038347368, 4283, 1038344502, 4268, 1021960452, 4284, 1021710360, 4285, 1021332894, 4270, 1021144341, 4797, 1021333662, 4274, 1037904455, 4266, 1037884774, 4282, 1038024958, 4799, 1021972220, 4540, 1021711577, 4524, 1021961605, 4777, 1038308732, 4784, 1038748540, 4785, 1038309837, 4525, 1021094121, 4795, 1038342841, 4277, 1021116156, 4269, 1021094212, 4786, 1037904349, 4526, 1021144657, 4279, 1022021873, 4271, 1022000934, 4287, 1021975024, 4796, 1021713718, 4793, 1038309014, 4779, 1038345791, 4794, 1038024797, 4780, 1021963633, 4778, 1037884712, 4788, 1021942623, 4782, 1021144068, 4783, 1021998130, 4790, 1021119040, 4781, 1021094939, 4791, 1022019069, 4798, 1021163885]
[INFO] (lattice_cell.c: 455): on tick 8 of 50
[INFO] (lattice_cell.c: 172): the unmatched_packets is 56
[4536, 1038629116, 4520, 1038780804, 4776, 1038780820, 4784, 1038751282, 4272, 1038751214, 4792, 1038629210, 4264, 1038780781, 4280, 1038629055, 4537, 1038301343, 4521, 1038298389, 4273, 1038299440, 4265, 1038297968, 4538, 1038027151, 4777, 1038299668, 4524, 1021973526, 4778, 1037883764, 4267, 1038340482, 4283, 1038338860, 4541, 1021343711, 4526, 1021134292, 4780, 1021974879, 4527, 1022014798, 4542, 1021160730, 4543, 1021982853, 4277, 1021128832, 4790, 1021133263, 4266, 1037883729, 4791, 1022008122, 4275, 1038340265, 4276, 1021945118, 4284, 1021722689, 4278, 1021134345, 4285, 1021343808, 4271, 1022015566, 4286, 1021160938, 4287, 1021983675, 4797, 1021344369, 4799, 1021981265, 4274, 1037910918, 4282, 1038027121, 4794, 1038027140, 4281, 1038300905, 4522, 1037883751, 4539, 1038338438, 4523, 1038340124, 4795, 1038337139, 4540, 1021723300, 4786, 1037910958, 4268, 1021972973, 4270, 1021134426, 4525, 1021099532, 4793, 1038302653, 4279, 1022010519, 4796, 1021724744, 4779, 1038338895, 4787, 1038338624, 4269, 1021099629, 4785, 1038301184, 4788, 1021947066, 4782, 1021133406, 4789, 1021129423, 4783, 1022013240, 4781, 1021100204, 4798, 1021159756]
[INFO] (lattice_cell.c: 455): on tick 9 of 50
[INFO] (lattice_cell.c: 172): the unmatched_packets is 56
[4536, 1038624766, 4520, 1038772911, 4776, 1038772880, 4784, 1038749278, 4272, 1038749360, 4792, 1038624777, 4264, 1038772947, 4280, 1038624798, 4537, 1038308094, 4521, 1038308203, 4273, 1038308536, 4777, 1038309329, 4265, 1038307887, 4785, 1038310044, 4538, 1038026081, 4539, 1038343901, 4274, 1037903722, 4266, 1037881125, 4525, 1021085942, 4794, 1038025985, 4284, 1021713037, 4780, 1021973145, 4526, 1021115936, 4541, 1021330503, 4781, 1021086885, 4277, 1021122604, 4527, 1022029884, 4543, 1021981001, 4286, 1021157443, 4783, 1022028185, 4791, 1022000200, 4282, 1038026144, 4267, 1038346318, 4276, 1021932601, 4797, 1021331434, 4268, 1021970157, 4798, 1021156820, 4799, 1021979296, 4793, 1038309266, 4269, 1021085893, 4285, 1021330420, 4270, 1021115766, 4795, 1038342661, 4279, 1022002738, 4287, 1021981814, 4796, 1021716229, 4281, 1038307730, 4522, 1037881086, 4786, 1037903618, 4778, 1037881054, 4523, 1038345946, 4787, 1038344459, 4779, 1038344761, 4275, 1038346044, 4524, 1021971206, 4540, 1021714147, 4283, 1038344339, 4788, 1021935653, 4789, 1021123624, 4542, 1021157595, 4278, 1021137626, 4782, 1021115223, 4271, 1022030675, 4790, 1021137068]
[INFO] (lattice_cell.c: 455): on tick 10 of 50
[INFO] (lattice_cell.c: 172): the unmatched_packets is 56
[4536, 1038626035, 4520, 1038772575, 4776, 1038772599, 4784, 1038757087, 4272, 1038757018, 4264, 1038772545, 4280, 1038625969, 4792, 1038626147, 4537, 1038301389, 4273, 1038299795, 4265, 1038298493, 4281, 1038300948, 4538, 1038030160, 4522, 1037891360, 4523, 1038339886, 4777, 1038300187, 4524, 1021979546, 4525, 1021094863, 4526, 1021119493, 4268, 1021978882, 4541, 1021341427, 4542, 1021163462, 4278, 1021134481, 4543, 1021979477, 4287, 1021980447, 4266, 1037891346, 4282, 1038030142, 4275, 1038339703, 4267, 1038340230, 4276, 1021942699, 4277, 1021131893, 4279, 1022009570, 4285, 1021341643, 4271, 1022030150, 4797, 1021341944, 4798, 1021162630, 4799, 1021977743, 4274, 1037905698, 4793, 1038302710, 4521, 1038298902, 4794, 1038030134, 4785, 1038301543, 4778, 1037891376, 4779, 1038338657, 4539, 1038338405, 4787, 1038338071, 4795, 1038337102, 4780, 1021980992, 4284, 1021725243, 4540, 1021725968, 4781, 1021095387, 4786, 1037905724, 4782, 1021118760, 4270, 1021119483, 4783, 1022027569, 4796, 1021727537, 4790, 1021133667, 4283, 1038338828, 4269, 1021095092, 4791, 1022006899, 4788, 1021944884, 4789, 1021132207, 4527, 1022029250, 4286, 1021163513]
[INFO] (lattice_cell.c: 455): on tick 11 of 50
[INFO] (lattice_cell.c: 172): the unmatched_packets is 56
[4536, 1038623913, 4776, 1038766186, 4520, 1038766234, 4784, 1038752036, 4792, 1038623939, 4280, 1038623941, 4521, 1038308151, 4522, 1037887143, 4538, 1038027090, 4275, 1038345669, 4527, 1022015601, 4541, 1021331988, 4542, 1021164183, 4543, 1021973941, 4783, 1022014043, 4287, 1021974609, 4265, 1038307838, 4281, 1038307765, 4796, 1021714881, 4274, 1037901257, 4797, 1021333029, 4798, 1021163269, 4799, 1021972373, 4267, 1038346364, 4272, 1038752112, 4264, 1038766262, 4283, 1038344141, 4276, 1021936022, 4268, 1021967007, 4277, 1021120190, 4269, 1021090003, 4794, 1038026998, 4278, 1021126610, 4279, 1022013755, 4271, 1022016274, 4286, 1021164170, 4795, 1038342457, 4537, 1038308129, 4273, 1038308827, 4778, 1037887123, 4282, 1038027146, 4523, 1038345996, 4793, 1038309309, 4786, 1037901159, 4779, 1038344818, 4524, 1021967898, 4539, 1038343702, 4780, 1021969721, 4787, 1038344073, 4525, 1021090172, 4781, 1021091214, 4788, 1021938811, 4284, 1021711912, 4270, 1021128851, 4526, 1021128917, 4782, 1021128040, 4540, 1021712915, 4789, 1021121451, 4266, 1037887169, 4790, 1021125755, 4285, 1021331781, 4791, 1022011498, 4777, 1038309266, 4785, 1038310327]
[INFO] (lattice_cell.c: 455): on tick 12 of 50
[INFO] (lattice_cell.c: 172): the unmatched_packets is 56
[4536, 1038627448, 4776, 1038776192, 4520, 1038776166, 4784, 1038754312, 4272, 1038754261, 4537, 1038301692, 4522, 1037887958, 4538, 1038028929, 4266, 1037887960, 4525, 1021101567, 4526, 1021132916, 4540, 1021723549, 4789, 1021128260, 4527, 1022014596, 4541, 1021343798, 4542, 1021165114, 4543, 1021977677, 4795, 1038336781, 4271, 1022015611, 4285, 1021344124, 4286, 1021165025, 4790, 1021127057, 4287, 1021978769, 4273, 1038300302, 4265, 1038299642, 4281, 1038301239, 4274, 1037908240, 4282, 1038028917, 4796, 1021725273, 4275, 1038339513, 4267, 1038339923, 4798, 1021164411, 4794, 1038028878, 4284, 1021722665, 4270, 1021132751, 4785, 1038302038, 4279, 1022016433, 4264, 1038776159, 4280, 1038627386, 4792, 1038627556, 4521, 1038300047, 4778, 1037887956, 4786, 1037908235, 4779, 1038338373, 4523, 1038339580, 4777, 1038301325, 4787, 1038337893, 4780, 1021970719, 4524, 1021969114, 4539, 1038338084, 4781, 1021102004, 4269, 1021101935, 4782, 1021132321, 4783, 1022012790, 4788, 1021948583, 4283, 1038338503, 4276, 1021946142, 4791, 1022013509, 4268, 1021968310, 4797, 1021344199, 4277, 1021128153, 4799, 1021975823, 4278, 1021127567, 4793, 1038302995]
[INFO] (lattice_cell.c: 455): on tick 13 of 50
[INFO] (lattice_cell.c: 172): the unmatched_packets is 56
[4536, 1038625316, 4520, 1038768031, 4776, 1038767998, 4784, 1038747623, 4272, 1038747689, 4280, 1038625320, 4792, 1038625356, 4264, 1038768059, 4537, 1038307975, 4521, 1038307892, 4273, 1038307968, 4265, 1038307567, 4274, 1037905462, 4539, 1038343640, 4523, 1038345709, 4524, 1021979798, 4540, 1021712545, 4282, 1038025895, 4266, 1037885756, 4283, 1038344092, 4542, 1021160201, 4277, 1021120516, 4527, 1022013529, 4543, 1021977379, 4285, 1021333366, 4287, 1021977957, 4783, 1022012091, 4538, 1038025840, 4267, 1038346074, 4791, 1022005801, 4276, 1021939851, 4268, 1021979094, 4284, 1021711701, 4269, 1021080704, 4796, 1021714397, 4797, 1021334775, 4798, 1021159165, 4799, 1021975956, 4793, 1038309149, 4275, 1038345673, 4794, 1038025753, 4270, 1021130186, 4522, 1037885732, 4281, 1038307610, 4278, 1021131410, 4286, 1021160345, 4777, 1038309024, 4785, 1038309475, 4541, 1021333672, 4778, 1037885722, 4786, 1037905401, 4525, 1021080943, 4779, 1038344534, 4787, 1038344069, 4526, 1021130087, 4780, 1021981413, 4788, 1021942375, 4781, 1021082070, 4782, 1021129109, 4271, 1022014049, 4789, 1021121938, 4279, 1022007833, 4790, 1021130281, 4795, 1038342379]
[INFO] (lattice_cell.c: 455): on tick 14 of 50
[INFO] (lattice_cell.c: 172): the unmatched_packets is 56
[4536, 1038627548, 4776, 1038789926, 4272, 1038757690, 4264, 1038789922, 4521, 1038298167, 4537, 1038302807, 4522, 1037874670, 4523, 1038338971, 4779, 1038337778, 4541, 1021342191, 4543, 1021981895, 4270, 1021112804, 4286, 1021160909, 4287, 1021983094, 4791, 1022008567, 4797, 1021342509, 4273, 1038301068, 4799, 1021979924, 4265, 1038297801, 4266, 1037874688, 4268, 1021943923, 4520, 1038789922, 4283, 1038338306, 4277, 1021138811, 4795, 1038336591, 4280, 1038627503, 4278, 1021132057, 4792, 1038627660, 4279, 1022011703, 4538, 1038028839, 4285, 1021342602, 4281, 1038302364, 4796, 1021723302, 4798, 1021160549, 4784, 1038757714, 4276, 1021933401, 4539, 1038337888, 4269, 1021135838, 4524, 1021944935, 4785, 1038302783, 4777, 1038299402, 4525, 1021135450, 4284, 1021720381, 4271, 1022036587, 4540, 1021721419, 4787, 1038337499, 4526, 1021113116, 4778, 1037874672, 4786, 1037904971, 4780, 1021946737, 4274, 1037905001, 4793, 1038304117, 4527, 1022035468, 4282, 1038028840, 4542, 1021161133, 4781, 1021135846, 4275, 1038339098, 4267, 1038339300, 4782, 1021112653, 4789, 1021138812, 4783, 1022033543, 4790, 1021131799, 4788, 1021936201, 4794, 1038028759]
[INFO] (lattice_cell.c: 455): on tick 15 of 50
[INFO] (lattice_cell.c: 172): the unmatched_packets is 56
[4536, 1038621240, 4776, 1038740214, 4520, 1038740236, 4784, 1038740398, 4264, 1038740256, 4280, 1038621222, 4792, 1038621291, 4272, 1038740425, 4537, 1038307420, 4777, 1038309247, 4785, 1038311922, 4273, 1038310355, 4265, 1038307724, 4281, 1038307051, 4793, 1038308617, 4538, 1038029926, 4522, 1037912515, 4786, 1037912583, 4274, 1037912641, 4778, 1037912499, 4266, 1037912529, 4282, 1038029956, 4523, 1038346026, 4540, 1021721440, 4283, 1038344037, 4789, 1021092463, 4543, 1021974000, 4782, 1021137579, 4271, 1022004382, 4286, 1021163582, 4521, 1038308072, 4267, 1038346374, 4276, 1021960974, 4268, 1022056588, 4284, 1021720726, 4278, 1021138958, 4796, 1021723134, 4287, 1021974480, 4269, 1021004277, 4539, 1038343573, 4797, 1021328364, 4524, 1022057088, 4794, 1038029842, 4779, 1038344853, 4787, 1038344039, 4525, 1021004537, 4780, 1022058459, 4795, 1038342294, 4526, 1021138676, 4781, 1021005671, 4541, 1021327221, 4527, 1022003955, 4542, 1021163316, 4788, 1021963089, 4790, 1021137604, 4783, 1022002652, 4275, 1038345656, 4791, 1021997387, 4798, 1021162144, 4799, 1021972658, 4277, 1021090990, 4285, 1021326880, 4270, 1021138857, 4279, 1021999206]
[INFO] (lattice_cell.c: 455): on tick 16 of 50
[INFO] (lattice_cell.c: 172): the unmatched_packets is 56
[4536, 1038634572, 4520, 1038811997, 4776, 1038811995, 4784, 1038780198, 4264, 1038812005, 4280, 1038634539, 4777, 1038302055, 4282, 1038022036, 4524, 1021833389, 4540, 1021703510, 4268, 1021832195, 4527, 1022037866, 4541, 1021369127, 4543, 1021983712, 4279, 1022030070, 4273, 1038301247, 4265, 1038300532, 4791, 1022026751, 4281, 1038300261, 4274, 1037883238, 4796, 1021705618, 4797, 1021369419, 4798, 1021155984, 4266, 1037852999, 4799, 1021981671, 4275, 1038338639, 4793, 1038301972, 4792, 1038634676, 4283, 1038338785, 4794, 1038021930, 4278, 1021113930, 4286, 1021156150, 4287, 1021984968, 4795, 1038337071, 4272, 1038780212, 4537, 1038300683, 4521, 1038300862, 4785, 1038302904, 4538, 1038022014, 4522, 1037852987, 4786, 1037883194, 4778, 1037852985, 4779, 1038337128, 4523, 1038338325, 4539, 1038338358, 4780, 1021835419, 4787, 1038337040, 4788, 1021874720, 4781, 1021236689, 4525, 1021236321, 4789, 1021200890, 4782, 1021109999, 4277, 1021200946, 4783, 1022035838, 4526, 1021110373, 4790, 1021113866, 4542, 1021156463, 4285, 1021369568, 4267, 1038338653, 4276, 1021871505, 4269, 1021236723, 4284, 1021702300, 4270, 1021109952, 4271, 1022039042]
[INFO] (lattice_cell.c: 455): on tick 17 of 50
[INFO] (lattice_cell.c: 172): the unmatched_packets is 56
[4536, 1038605301, 4776, 1038739297, 4784, 1038713126, 4272, 1038713144, 4264, 1038739351, 4280, 1038605269, 4792, 1038605394, 4520, 1038739329, 4537, 1038307546, 4521, 1038307058, 4777, 1038308250, 4785, 1038309539, 4265, 1038306672, 4281, 1038307144, 4793, 1038308771, 4538, 1038045602, 4522, 1037913936, 4778, 1037913923, 4786, 1037939170, 4539, 1038343396, 4523, 1038345979, 4274, 1037939227, 4282, 1038045632, 4524, 1022124159, 4525, 1020943242, 4284, 1021773913, 4277, 1020995226, 4543, 1021957766, 4278, 1021148353, 4287, 1021958203, 4798, 1021178757, 4799, 1021956485, 4267, 1038346327, 4275, 1038345224, 4283, 1038343854, 4795, 1038342109, 4796, 1021775993, 4276, 1022068032, 4797, 1021275359, 4269, 1020942992, 4285, 1021273835, 4780, 1022125386, 4271, 1022006782, 4788, 1022069779, 4781, 1020944388, 4789, 1020996741, 4782, 1021134822, 4273, 1038307912, 4266, 1037913956, 4790, 1021146828, 4794, 1038045510, 4540, 1021774468, 4791, 1021990661, 4541, 1021274206, 4268, 1022123824, 4526, 1021135973, 4542, 1021180022, 4783, 1022005170, 4527, 1022006416, 4779, 1038344808, 4787, 1038343618, 4270, 1021136252, 4279, 1021992352, 4286, 1021180378]
[INFO] (lattice_cell.c: 455): on tick 18 of 50
[INFO] (lattice_cell.c: 172): the unmatched_packets is 56
[4536, 1038656010, 4776, 1038781073, 4784, 1038787027, 4272, 1038787045, 4264, 1038781093, 4280, 1038655983, 4792, 1038656100, 4521, 1038300690, 4785, 1038304377, 4777, 1038301861, 4273, 1038302775, 4281, 1038302982, 4793, 1038304641, 4265, 1038300362, 4538, 1038001050, 4539, 1038335420, 4540, 1021602436, 4778, 1037882653, 4268, 1021883162, 4543, 1022016086, 4782, 1021131797, 4783, 1022010571, 4287, 1022017378, 4520, 1038781071, 4796, 1021604718, 4275, 1038338582, 4267, 1038339442, 4797, 1021459957, 4274, 1037876197, 4798, 1021133866, 4276, 1021784250, 4799, 1022014000, 4269, 1021187339, 4277, 1021281976, 4271, 1022013836, 4787, 1038336963, 4779, 1038337934, 4780, 1021886464, 4537, 1038303390, 4522, 1037882673, 4788, 1021787739, 4266, 1037882696, 4781, 1021187247, 4282, 1038001066, 4523, 1038339107, 4789, 1021281921, 4524, 1021884407, 4284, 1021601084, 4790, 1021116502, 4525, 1021186875, 4541, 1021459691, 4791, 1022022147, 4794, 1038000962, 4526, 1021132107, 4542, 1021134292, 4527, 1022012628, 4283, 1038335870, 4285, 1021460131, 4270, 1021131623, 4795, 1038334124, 4278, 1021116431, 4279, 1022025530, 4286, 1021133892, 4786, 1037876156]
[INFO] (lattice_cell.c: 455): on tick 19 of 50
[INFO] (lattice_cell.c: 172): the unmatched_packets is 56
[4536, 1038601697, 4776, 1038785306, 4784, 1038741930, 4272, 1038741951, 4264, 1038785340, 4280, 1038601662, 4792, 1038601800, 4537, 1038306003, 4777, 1038309370, 4273, 1038308034, 4265, 1038307857, 4785, 1038309709, 4538, 1038049365, 4274, 1037911799, 4539, 1038343909, 4793, 1038307273, 4523, 1038344911, 4778, 1037869217, 4540, 1021879367, 4275, 1038347351, 4524, 1021967385, 4525, 1021095959, 4542, 1021213580, 4543, 1021922853, 4783, 1022024144, 4790, 1021134038, 4286, 1021213975, 4287, 1021923295, 4520, 1038785322, 4791, 1021993589, 4521, 1038308195, 4281, 1038305587, 4268, 1021966993, 4797, 1021177278, 4276, 1022053170, 4798, 1021212345, 4799, 1021921574, 4277, 1021010540, 4269, 1021095590, 4270, 1021117884, 4279, 1021995296, 4266, 1037869229, 4267, 1038345245, 4522, 1037869217, 4283, 1038344359, 4795, 1038342613, 4796, 1021880783, 4282, 1038049405, 4786, 1037911739, 4284, 1021878867, 4285, 1021175774, 4278, 1021135629, 4541, 1021176144, 4787, 1038345739, 4779, 1038343726, 4794, 1038049249, 4526, 1021117537, 4527, 1022025366, 4271, 1022025732, 4788, 1022054830, 4781, 1021097147, 4789, 1021012029, 4782, 1021116368, 4780, 1021968630]
[INFO] (lattice_cell.c: 455): on tick 20 of 50
[INFO] (lattice_cell.c: 172): the unmatched_packets is 56
[4536, 1038617868, 4776, 1038764590, 4272, 1038732678, 4280, 1038617819, 4792, 1038617969, 4264, 1038764652, 4784, 1038732653, 4520, 1038764624, 4537, 1038303750, 4521, 1038300169, 4273, 1038302195, 4265, 1038299800, 4281, 1038303378, 4538, 1038038164, 4523, 1038336777, 4793, 1038304969, 4525, 1021057562, 4276, 1021915298, 4781, 1021057848, 4286, 1021076319, 4282, 1038038170, 4266, 1037899328, 4791, 1022031414, 4283, 1038338204, 4268, 1022016983, 4277, 1021154858, 4269, 1021058103, 4285, 1021485789, 4796, 1021578064, 4279, 1022034803, 4271, 1022040298, 4274, 1037928986, 4797, 1021485653, 4798, 1021076176, 4799, 1022061851, 4275, 1038338693, 4522, 1037899312, 4794, 1038038091, 4278, 1021108361, 4267, 1038337099, 4284, 1021574360, 4270, 1021116232, 4777, 1038301378, 4539, 1038337754, 4785, 1038303824, 4778, 1037899303, 4786, 1037928949, 4787, 1038337121, 4524, 1022018155, 4540, 1021575719, 4780, 1022020165, 4779, 1038335609, 4788, 1021918640, 4782, 1021116438, 4526, 1021116753, 4541, 1021485356, 4783, 1022037035, 4795, 1038336464, 4527, 1022039098, 4790, 1021108397, 4542, 1021076694, 4543, 1022063928, 4789, 1021154738, 4287, 1022065229]
[INFO] (lattice_cell.c: 455): on tick 21 of 50
[INFO] (lattice_cell.c: 172): the unmatched_packets is 56
[4520, 1038769724, 4536, 1038666296, 4776, 1038769706, 4784, 1038785809, 4280, 1038666276, 4792, 1038666399, 4264, 1038769738, 4538, 1037986197, 4785, 1038310529, 4265, 1038307549, 4523, 1038345358, 4780, 1021974885, 4525, 1021090656, 4540, 1021775320, 4526, 1021156918, 4782, 1021155823, 4527, 1021984100, 4542, 1021289694, 4543, 1021851087, 4286, 1021290049, 4287, 1021851551, 4798, 1021288510, 4281, 1038306122, 4799, 1021849769, 4274, 1037868626, 4793, 1038307845, 4275, 1038344423, 4267, 1038345700, 4283, 1038342644, 4268, 1021973220, 4277, 1021149627, 4269, 1021090274, 4272, 1038785824, 4795, 1038340871, 4278, 1021202246, 4279, 1021936608, 4271, 1021984455, 4273, 1038308915, 4796, 1021776865, 4797, 1021278491, 4266, 1037883818, 4282, 1037986246, 4537, 1038306560, 4521, 1038307862, 4522, 1037883795, 4276, 1021909529, 4539, 1038342179, 4777, 1038309023, 4524, 1021973639, 4794, 1037986067, 4779, 1038344166, 4778, 1037883777, 4786, 1037868539, 4787, 1038342759, 4284, 1021774759, 4781, 1021091879, 4788, 1021911403, 4541, 1021277396, 4285, 1021276999, 4789, 1021151279, 4270, 1021157206, 4783, 1021982899, 4790, 1021200798, 4791, 1021934903]
[INFO] (lattice_cell.c: 455): on tick 22 of 50
[INFO] (lattice_cell.c: 172): the unmatched_packets is 56
[4536, 1038583154, 4520, 1038759130, 4776, 1038759094, 4784, 1038724776, 4272, 1038724814, 4264, 1038759152, 4280, 1038583095, 4792, 1038583290, 4537, 1038302797, 4777, 1038302710, 4265, 1038301161, 4793, 1038304024, 4538, 1038072736, 4522, 1037904267, 4266, 1037904279, 4282, 1038072733, 4539, 1038337739, 4778, 1037904266, 4524, 1021933848, 4275, 1038339740, 4527, 1022075815, 4542, 1021022263, 4543, 1022121022, 4271, 1022077019, 4287, 1022122271, 4797, 1021317923, 4798, 1021021705, 4799, 1022118960, 4277, 1021125901, 4795, 1038336454, 4285, 1021318164, 4796, 1021750949, 4279, 1022142016, 4785, 1038304171, 4521, 1038301521, 4273, 1038302517, 4281, 1038302384, 4274, 1037937474, 4523, 1038338769, 4267, 1038339075, 4786, 1037937474, 4283, 1038338213, 4540, 1021748718, 4779, 1038337629, 4794, 1038072664, 4780, 1021935842, 4788, 1021948644, 4525, 1021137841, 4541, 1021317661, 4789, 1021125696, 4782, 1021068416, 4526, 1021068873, 4787, 1038338165, 4783, 1022073756, 4286, 1021021894, 4791, 1022138680, 4268, 1021932712, 4781, 1021138165, 4276, 1021945418, 4284, 1021747465, 4269, 1021138358, 4278, 1020997368, 4270, 1021068436, 4790, 1020997214]
[INFO] (lattice_cell.c: 455): on tick 23 of 50
[INFO] (lattice_cell.c: 172): the unmatched_packets is 56
[4536, 1038630229, 4520, 1038810551, 4776, 1038810529, 4784, 1038773881, 4272, 1038773939, 4264, 1038810583, 4280, 1038630223, 4792, 1038630320, 4537, 1038307171, 4777, 1038308467, 4785, 1038309577, 4273, 1038307922, 4281, 1038306774, 4265, 1038306959, 4538, 1038020778, 4522, 1037844824, 4524, 1021993455, 4779, 1038342516, 4267, 1038344087, 4527, 1021912200, 4542, 1021255377, 4543, 1021878241, 4279, 1021860092, 4796, 1021676587, 4275, 1038345142, 4797, 1021376875, 4798, 1021254245, 4799, 1021876978, 4276, 1021973676, 4268, 1021992957, 4284, 1021674313, 4277, 1021089006, 4269, 1021072461, 4278, 1021276530, 4270, 1021233870, 4285, 1021375353, 4521, 1038307284, 4778, 1037844798, 4793, 1038308428, 4794, 1038020646, 4787, 1038343515, 4780, 1021994792, 4274, 1037879884, 4786, 1037879774, 4781, 1021073957, 4788, 1021975622, 4795, 1038342206, 4782, 1021232722, 4539, 1038343523, 4523, 1038343728, 4789, 1021090596, 4783, 1021910961, 4790, 1021275239, 4540, 1021674982, 4791, 1021858272, 4525, 1021072816, 4286, 1021255697, 4282, 1038020842, 4526, 1021233654, 4283, 1038343985, 4541, 1021375776, 4271, 1021912597, 4287, 1021878728, 4266, 1037844867]
[INFO] (lattice_cell.c: 455): on tick 24 of 50
[INFO] (lattice_cell.c: 172): the unmatched_packets is 56
[4536, 1038649190, 4520, 1038737365, 4776, 1038737349, 4784, 1038737536, 4272, 1038737519, 4280, 1038649127, 4792, 1038649348, 4264, 1038737386, 4537, 1038303226, 4521, 1038301591, 4777, 1038302766, 4265, 1038301238, 4281, 1038302792, 4793, 1038304463, 4273, 1038303026, 4538, 1038008202, 4522, 1037925850, 4266, 1037925846, 4282, 1038008194, 4539, 1038335516, 4523, 1038338411, 4267, 1038338717, 4283, 1038335973, 4540, 1021714725, 4541, 1021348330, 4543, 1021985834, 4783, 1022169339, 4284, 1021713534, 4269, 1021091498, 4285, 1021348753, 4278, 1021030078, 4270, 1020976910, 4791, 1022112203, 4274, 1037924903, 4286, 1021164203, 4279, 1022115502, 4271, 1022172457, 4287, 1021987137, 4797, 1021348648, 4798, 1021163740, 4799, 1021983696, 4785, 1038304660, 4276, 1021926849, 4794, 1038008118, 4277, 1021142552, 4275, 1038337920, 4524, 1021982416, 4525, 1021091005, 4542, 1021164416, 4526, 1020977262, 4527, 1022171333, 4795, 1038334233, 4268, 1021981413, 4786, 1037924895, 4778, 1037925872, 4796, 1021716946, 4787, 1038336323, 4780, 1021984314, 4779, 1038337274, 4788, 1021929946, 4781, 1021091401, 4790, 1021029837, 4782, 1020976720, 4789, 1021142545]
[INFO] (lattice_cell.c: 455): on tick 25 of 50
[INFO] (lattice_cell.c: 172): the unmatched_packets is 56
[4536, 1038613149, 4520, 1038782963, 4776, 1038782906, 4784, 1038747537, 4272, 1038747641, 4264, 1038783013, 4280, 1038613141, 4792, 1038613246, 4537, 1038306714, 4777, 1038308610, 4785, 1038310368, 4273, 1038308730, 4265, 1038307096, 4281, 1038306305, 4793, 1038307985, 4521, 1038307417, 4538, 1038038361, 4522, 1037870586, 4274, 1037905648, 4282, 1038038421, 4539, 1038344515, 4540, 1021742305, 4786, 1037905546, 4275, 1038346849, 4283, 1038345026, 4267, 1038345928, 4541, 1021312143, 4526, 1021248109, 4780, 1021975523, 4527, 1021888904, 4269, 1021092258, 4285, 1021311823, 4279, 1021980661, 4287, 1022025195, 4783, 1021887597, 4276, 1021912047, 4270, 1021248228, 4286, 1021106962, 4798, 1021105878, 4799, 1022023502, 4794, 1038038222, 4278, 1021147143, 4266, 1037870630, 4523, 1038345606, 4795, 1038343136, 4524, 1021974141, 4525, 1021092539, 4778, 1037870551, 4542, 1021106819, 4543, 1022024743, 4271, 1021889368, 4796, 1021744000, 4284, 1021741527, 4268, 1021973552, 4277, 1021149662, 4797, 1021313103, 4787, 1038345175, 4779, 1038344409, 4788, 1021914230, 4781, 1021093647, 4789, 1021151067, 4782, 1021247232, 4790, 1021146021, 4791, 1021978879]
[INFO] (lattice_cell.c: 455): on tick 26 of 50
[INFO] (lattice_cell.c: 172): the unmatched_packets is 56
[4536, 1038611962, 4520, 1038780353, 4776, 1038780355, 4784, 1038771886, 4272, 1038771873, 4280, 1038611895, 4792, 1038612118, 4264, 1038780352, 4537, 1038303297, 4521, 1038301748, 4777, 1038302916, 4785, 1038304289, 4273, 1038302623, 4793, 1038304536, 4265, 1038301389, 4281, 1038302872, 4538, 1038044002, 4786, 1037891463, 4274, 1037891449, 4282, 1038043987, 4266, 1037884190, 4778, 1037884191, 4523, 1038335846, 4526, 1021090152, 4541, 1021341487, 4527, 1022066259, 4542, 1021185760, 4543, 1021961725, 4797, 1021341915, 4286, 1021185705, 4287, 1021962968, 4799, 1021959666, 4267, 1038336165, 4276, 1021954229, 4268, 1021967294, 4284, 1021721236, 4796, 1021724397, 4269, 1021103510, 4278, 1021170900, 4285, 1021341831, 4279, 1021977588, 4795, 1038334835, 4798, 1021184884, 4275, 1038337072, 4781, 1021103645, 4283, 1038336501, 4789, 1021115106, 4782, 1021089528, 4522, 1037884183, 4794, 1038043931, 4277, 1021114926, 4783, 1022064269, 4790, 1021170265, 4270, 1021089895, 4791, 1021974224, 4539, 1038336078, 4787, 1038335570, 4779, 1038334731, 4524, 1021968198, 4540, 1021722303, 4780, 1021970023, 4525, 1021103128, 4788, 1021957094, 4271, 1022067344]
[INFO] (lattice_cell.c: 455): on tick 27 of 50
[INFO] (lattice_cell.c: 172): the unmatched_packets is 56
[4536, 1038631978, 4520, 1038760543, 4776, 1038760478, 4784, 1038747179, 4272, 1038747278, 4280, 1038631977, 4264, 1038760598, 4792, 1038632079, 4537, 1038306671, 4521, 1038307666, 4777, 1038308851, 4273, 1038308268, 4265, 1038307350, 4281, 1038306254, 4785, 1038309927, 4538, 1038019546, 4522, 1037893210, 4274, 1037906529, 4266, 1037893256, 4539, 1038344005, 4523, 1038346114, 4283, 1038344528, 4267, 1038346483, 4268, 1021965014, 4284, 1021695630, 4286, 1021190512, 4287, 1021942475, 4282, 1038019607, 4276, 1021959851, 4791, 1022037009, 4797, 1021357238, 4798, 1021189679, 4279, 1022038909, 4793, 1038307942, 4794, 1038019394, 4540, 1021696571, 4275, 1038346186, 4524, 1021965730, 4778, 1037893188, 4786, 1037906416, 4541, 1021356391, 4525, 1021102850, 4779, 1038344889, 4796, 1021698413, 4780, 1021967223, 4277, 1021105005, 4285, 1021356151, 4269, 1021102691, 4542, 1021190491, 4781, 1021103783, 4278, 1021093369, 4526, 1021088420, 4270, 1021088363, 4795, 1038342612, 4799, 1021940526, 4787, 1038344434, 4782, 1021087710, 4527, 1022046625, 4543, 1021941872, 4788, 1021962255, 4789, 1021106177, 4271, 1022047116, 4783, 1022045373, 4790, 1021092678]
[INFO] (lattice_cell.c: 455): on tick 28 of 50
[INFO] (lattice_cell.c: 172): the unmatched_packets is 56
[4776, 1038778801, 4536, 1038636290, 4520, 1038778816, 4784, 1038740191, 4272, 1038740178, 4264, 1038778832, 4792, 1038636473, 4280, 1038636208, 4537, 1038303677, 4521, 1038302513, 4273, 1038303483, 4538, 1038020949, 4539, 1038335312, 4523, 1038337082, 4540, 1021717787, 4779, 1038336002, 4787, 1038335983, 4268, 1021978852, 4541, 1021344636, 4788, 1021934092, 4543, 1021999590, 4286, 1021150377, 4790, 1021117185, 4274, 1037921859, 4795, 1038334067, 4265, 1038302138, 4281, 1038303248, 4266, 1037885108, 4275, 1038337485, 4267, 1038337345, 4791, 1022024255, 4276, 1021931456, 4796, 1021719808, 4285, 1021344850, 4269, 1021088487, 4797, 1021345177, 4278, 1021118103, 4798, 1021149358, 4799, 1021997578, 4270, 1021166934, 4287, 1022000736, 4793, 1038304915, 4794, 1038020860, 4522, 1037885114, 4777, 1038303679, 4785, 1038305148, 4778, 1037885125, 4786, 1037921858, 4524, 1021979629, 4780, 1021981307, 4781, 1021088861, 4525, 1021088222, 4782, 1021166157, 4789, 1021136908, 4284, 1021716826, 4277, 1021136464, 4783, 1021982215, 4526, 1021166993, 4527, 1021984175, 4542, 1021150324, 4279, 1022027342, 4271, 1021985180, 4282, 1038020949, 4283, 1038335765]
[INFO] (lattice_cell.c: 455): on tick 29 of 50
[INFO] (lattice_cell.c: 172): the unmatched_packets is 56
[4536, 1038617562, 4776, 1038775932, 4520, 1038775992, 4784, 1038753233, 4280, 1038617555, 4792, 1038617670, 4264, 1038776050, 4537, 1038306523, 4521, 1038306821, 4281, 1038306125, 4265, 1038306499, 4273, 1038307508, 4538, 1038033836, 4522, 1037878194, 4539, 1038344402, 4523, 1038345328, 4777, 1038308018, 4524, 1021985619, 4284, 1021728444, 4543, 1021994964, 4269, 1021085848, 4286, 1021135872, 4287, 1021995676, 4791, 1021973464, 4796, 1021731479, 4274, 1037900131, 4282, 1038033891, 4266, 1037878235, 4797, 1021326900, 4798, 1021135279, 4799, 1021993541, 4267, 1038345695, 4276, 1021922718, 4268, 1021984766, 4272, 1038753342, 4793, 1038307786, 4278, 1021152642, 4270, 1021127233, 4279, 1021975662, 4285, 1021326114, 4271, 1022011635, 4283, 1038344937, 4794, 1038033692, 4277, 1021143903, 4785, 1038309167, 4795, 1038342988, 4778, 1037878164, 4540, 1021729489, 4779, 1038344085, 4525, 1021085869, 4787, 1038344979, 4526, 1021127439, 4786, 1037900042, 4788, 1021925389, 4541, 1021326207, 4527, 1022011023, 4542, 1021136001, 4782, 1021126892, 4275, 1038346719, 4780, 1021987219, 4783, 1022009602, 4781, 1021086698, 4790, 1021152119, 4789, 1021144830]
[INFO] (lattice_cell.c: 455): on tick 30 of 50
[INFO] (lattice_cell.c: 172): the unmatched_packets is 56
[4536, 1038617257, 4520, 1038768438, 4776, 1038768428, 4784, 1038766989, 4264, 1038768456, 4537, 1038304352, 4792, 1038617434, 4265, 1038300527, 4281, 1038303915, 4538, 1038038958, 4777, 1038302038, 4266, 1037895469, 4524, 1021973974, 4282, 1038038954, 4540, 1021721291, 4525, 1021102713, 4283, 1038336320, 4541, 1021338114, 4268, 1021973279, 4278, 1021140837, 4789, 1021122170, 4271, 1022052651, 4286, 1021179324, 4287, 1021970222, 4790, 1021139710, 4791, 1022004293, 4274, 1037896414, 4275, 1038336885, 4276, 1021944487, 4796, 1021723176, 4284, 1021720459, 4797, 1021338801, 4798, 1021177990, 4269, 1021102819, 4799, 1021967319, 4270, 1021102472, 4793, 1038305594, 4285, 1021338188, 4272, 1038766995, 4280, 1038617186, 4794, 1038038855, 4521, 1038300868, 4785, 1038305428, 4273, 1038303729, 4778, 1037895457, 4522, 1037895461, 4795, 1038334641, 4539, 1038335888, 4786, 1037896393, 4267, 1038336291, 4779, 1038334925, 4523, 1038336024, 4787, 1038335378, 4780, 1021975545, 4781, 1021103513, 4783, 1022050018, 4526, 1021102427, 4782, 1021101524, 4527, 1022051790, 4788, 1021946885, 4542, 1021179123, 4279, 1022007222, 4543, 1021969224, 4277, 1021121424]
[INFO] (lattice_cell.c: 455): on tick 31 of 50
[INFO] (lattice_cell.c: 172): the unmatched_packets is 56
[4776, 1038766617, 4536, 1038626659, 4784, 1038748956, 4272, 1038749045, 4792, 1038626782, 4264, 1038766748, 4537, 1038306008, 4521, 1038307018, 4273, 1038309742, 4265, 1038306667, 4777, 1038308229, 4281, 1038305602, 4538, 1038024938, 4785, 1038311425, 4274, 1037904823, 4786, 1037904730, 4525, 1021109697, 4526, 1021123744, 4542, 1021177780, 4277, 1021109086, 4269, 1021109863, 4282, 1038024975, 4797, 1021350508, 4798, 1021177182, 4799, 1021952869, 4267, 1038346260, 4794, 1038024795, 4276, 1021951025, 4268, 1021960738, 4278, 1021102792, 4270, 1021123426, 4279, 1022028363, 4285, 1021349999, 4271, 1022011821, 4287, 1021955330, 4796, 1021708694, 4520, 1038766695, 4280, 1038626647, 4793, 1038307277, 4778, 1037886962, 4266, 1037887003, 4522, 1037886972, 4523, 1038345897, 4539, 1038343807, 4275, 1038346075, 4779, 1038344659, 4524, 1021961639, 4540, 1021706568, 4780, 1021963287, 4788, 1021953871, 4781, 1021110305, 4795, 1038342390, 4541, 1021349953, 4527, 1022011091, 4783, 1022009583, 4543, 1021954490, 4790, 1021102554, 4286, 1021177562, 4787, 1038344308, 4791, 1022025930, 4283, 1038344351, 4284, 1021705374, 4782, 1021123267, 4789, 1021109689]
[INFO] (lattice_cell.c: 455): on tick 32 of 50
[INFO] (lattice_cell.c: 172): the unmatched_packets is 56
[4536, 1038632632, 4776, 1038778480, 4272, 1038743216, 4264, 1038778544, 4280, 1038632569, 4520, 1038778517, 4537, 1038302411, 4521, 1038303525, 4273, 1038304087, 4538, 1038024399, 4274, 1037918900, 4276, 1021940684, 4781, 1021084646, 4543, 1021987597, 4782, 1021150118, 4271, 1022001061, 4287, 1021988471, 4281, 1038301970, 4784, 1038743201, 4282, 1038024406, 4797, 1021350881, 4798, 1021156723, 4799, 1021985830, 4275, 1038337604, 4267, 1038337108, 4283, 1038336788, 4265, 1038303210, 4268, 1021980260, 4793, 1038303641, 4284, 1021716977, 4795, 1038335070, 4285, 1021349980, 4792, 1038632812, 4522, 1037885583, 4539, 1038336333, 4266, 1037885599, 4785, 1038305729, 4777, 1038304647, 4523, 1038336842, 4540, 1021717732, 4524, 1021980916, 4778, 1037885587, 4786, 1037918863, 4525, 1021083621, 4541, 1021350058, 4526, 1021151151, 4787, 1038336107, 4780, 1021982486, 4527, 1022000311, 4542, 1021157934, 4779, 1038335759, 4788, 1021942979, 4286, 1021158242, 4791, 1022016408, 4796, 1021719564, 4277, 1021124961, 4783, 1021998592, 4794, 1038024277, 4269, 1021083487, 4790, 1021124757, 4278, 1021126138, 4270, 1021151321, 4279, 1022019032, 4789, 1021126091]
[INFO] (lattice_cell.c: 455): on tick 33 of 50
[INFO] (lattice_cell.c: 172): the unmatched_packets is 56
[4536, 1038622653, 4776, 1038782366, 4784, 1038751962, 4272, 1038752049, 4280, 1038622616, 4264, 1038782476, 4792, 1038622804, 4520, 1038782433, 4537, 1038306093, 4521, 1038304966, 4273, 1038306795, 4265, 1038304575, 4538, 1038028949, 4523, 1038344814, 4266, 1037872211, 4283, 1038343858, 4787, 1038343647, 4781, 1021111803, 4527, 1022024945, 4782, 1021113475, 4542, 1021144729, 4543, 1021989663, 4783, 1022023292, 4282, 1038028983, 4275, 1038345385, 4267, 1038345174, 4284, 1021720716, 4797, 1021336125, 4285, 1021335968, 4278, 1021143095, 4270, 1021113373, 4798, 1021144200, 4279, 1021989567, 4799, 1021987961, 4286, 1021144411, 4274, 1037901482, 4793, 1038307374, 4281, 1038305666, 4522, 1037872175, 4539, 1038343306, 4277, 1021147202, 4540, 1021721936, 4524, 1021968891, 4794, 1038028813, 4525, 1021111376, 4276, 1021923306, 4541, 1021335730, 4268, 1021967982, 4526, 1021113809, 4269, 1021111749, 4795, 1038341891, 4271, 1022025829, 4287, 1021990656, 4777, 1038306217, 4785, 1038308560, 4778, 1037872161, 4786, 1037901422, 4779, 1038343595, 4780, 1021970544, 4788, 1021926202, 4790, 1021142988, 4791, 1021986834, 4789, 1021147430, 4796, 1021724118]
[INFO] (lattice_cell.c: 455): on tick 34 of 50
[INFO] (lattice_cell.c: 172): the unmatched_packets is 56
[4536, 1038617602, 4520, 1038752689, 4776, 1038752650, 4784, 1038757007, 4272, 1038757062, 4264, 1038752727, 4280, 1038617542, 4792, 1038617767, 4537, 1038305122, 4521, 1038303731, 4538, 1038038723, 4522, 1037910548, 4539, 1038334784, 4523, 1038337418, 4266, 1037910568, 4282, 1038038729, 4779, 1038336313, 4788, 1021952592, 4543, 1021979729, 4278, 1021142848, 4287, 1021980457, 4795, 1038333496, 4791, 1021998063, 4274, 1037905965, 4267, 1038337697, 4283, 1038335249, 4275, 1038337907, 4268, 1022022844, 4797, 1021331488, 4284, 1021725432, 4798, 1021171640, 4799, 1021978146, 4277, 1021107067, 4270, 1021120784, 4285, 1021330217, 4286, 1021173300, 4273, 1038306018, 4777, 1038304835, 4778, 1037910541, 4786, 1037905920, 4793, 1038306340, 4276, 1021950298, 4785, 1038307618, 4524, 1022023466, 4540, 1021726175, 4269, 1021042437, 4787, 1038336371, 4780, 1022024993, 4525, 1021042727, 4541, 1021330495, 4794, 1038038598, 4781, 1021043867, 4526, 1021120555, 4782, 1021119481, 4789, 1021108555, 4542, 1021172913, 4527, 1022028461, 4783, 1022026940, 4279, 1022000461, 4271, 1022029068, 4790, 1021141335, 4265, 1038303447, 4281, 1038304719, 4796, 1021727992]
[INFO] (lattice_cell.c: 455): on tick 35 of 50
[INFO] (lattice_cell.c: 172): the unmatched_packets is 56
[4536, 1038627211, 4776, 1038792273, 4272, 1038767046, 4264, 1038792379, 4280, 1038627165, 4792, 1038627374, 4520, 1038792335, 4537, 1038304067, 4521, 1038307653, 4777, 1038308885, 4273, 1038307014, 4265, 1038307266, 4281, 1038303604, 4785, 1038308814, 4538, 1038024451, 4274, 1037887421, 4793, 1038305384, 4282, 1038024486, 4266, 1037862119, 4540, 1021701901, 4283, 1038343310, 4541, 1021363026, 4525, 1021194002, 4542, 1021170191, 4780, 1021876829, 4284, 1021700646, 4789, 1021161359, 4286, 1021169847, 4271, 1022028385, 4790, 1021100818, 4522, 1037862096, 4277, 1021161406, 4278, 1021100800, 4279, 1022026215, 4797, 1021363271, 4268, 1021874056, 4794, 1038024311, 4784, 1038766975, 4786, 1037887344, 4778, 1037862102, 4270, 1021111415, 4539, 1038342788, 4523, 1038344263, 4787, 1038345001, 4779, 1038343056, 4275, 1038346716, 4524, 1021875055, 4788, 1021912851, 4781, 1021194360, 4796, 1021704105, 4526, 1021111920, 4795, 1038341401, 4543, 1021965446, 4782, 1021111583, 4527, 1022027388, 4783, 1022025603, 4798, 1021169686, 4799, 1021963548, 4287, 1021966625, 4267, 1038344606, 4276, 1021909886, 4269, 1021194489, 4285, 1021363405, 4791, 1022023204]
[INFO] (lattice_cell.c: 455): on tick 36 of 50
[INFO] (lattice_cell.c: 172): the unmatched_packets is 56
[4536, 1038619465, 4776, 1038746448, 4520, 1038746498, 4784, 1038723551, 4272, 1038723620, 4264, 1038746543, 4792, 1038619637, 4280, 1038619412, 4537, 1038305144, 4777, 1038300834, 4785, 1038305252, 4273, 1038303641, 4265, 1038299358, 4281, 1038304758, 4793, 1038306358, 4521, 1038299691, 4538, 1038037191, 4522, 1037916770, 4274, 1037938073, 4266, 1037916796, 4282, 1038037201, 4778, 1037916750, 4786, 1037938029, 4539, 1038337720, 4540, 1021746170, 4277, 1021042604, 4527, 1021995846, 4543, 1021965456, 4279, 1022005790, 4271, 1021996329, 4783, 1021994421, 4790, 1021133959, 4283, 1038338230, 4791, 1022003747, 4284, 1021745442, 4285, 1021310332, 4797, 1021311816, 4269, 1020978470, 4798, 1021173370, 4799, 1021964022, 4794, 1038037063, 4270, 1021159359, 4286, 1021175007, 4795, 1038336378, 4523, 1038336167, 4275, 1038338773, 4267, 1038336444, 4524, 1022102897, 4541, 1021310756, 4276, 1022025704, 4525, 1020978778, 4268, 1022102435, 4526, 1021159093, 4542, 1021174632, 4796, 1021747993, 4287, 1021966040, 4779, 1038335051, 4787, 1038337160, 4780, 1022104235, 4781, 1020979971, 4278, 1021135516, 4789, 1021044241, 4782, 1021157962, 4788, 1022027828]
[INFO] (lattice_cell.c: 455): on tick 37 of 50
[INFO] (lattice_cell.c: 172): the unmatched_packets is 56
[4536, 1038643014, 4520, 1038802484, 4776, 1038802427, 4272, 1038777170, 4280, 1038642961, 4792, 1038643191, 4264, 1038802516, 4537, 1038306752, 4777, 1038311189, 4265, 1038309688, 4281, 1038306281, 4539, 1038340255, 4523, 1038343439, 4275, 1038343522, 4787, 1038341872, 4276, 1021807119, 4526, 1021115687, 4541, 1021410638, 4782, 1021115377, 4527, 1022025887, 4542, 1021132896, 4543, 1022012249, 4790, 1021120671, 4285, 1021411091, 4287, 1022013555, 4796, 1021646838, 4521, 1038310015, 4282, 1038009133, 4797, 1021410838, 4798, 1021132394, 4799, 1022010170, 4283, 1038340757, 4277, 1021246936, 4284, 1021643219, 4794, 1038008934, 4269, 1021215476, 4278, 1021120709, 4270, 1021115198, 4271, 1022027054, 4266, 1037852469, 4538, 1038009096, 4522, 1037852453, 4273, 1038310991, 4274, 1037877006, 4786, 1037876957, 4778, 1037852463, 4793, 1038308060, 4779, 1038342278, 4784, 1038777096, 4267, 1038343773, 4785, 1038312735, 4268, 1021843283, 4524, 1021844468, 4788, 1021810376, 4540, 1021644533, 4795, 1038338900, 4525, 1021215041, 4783, 1022023937, 4279, 1022017419, 4286, 1021132536, 4780, 1021846440, 4791, 1022014059, 4781, 1021215462, 4789, 1021246873]
[INFO] (lattice_cell.c: 455): on tick 38 of 50
[INFO] (lattice_cell.c: 172): the unmatched_packets is 56
[4536, 1038600024, 4520, 1038765193, 4776, 1038765115, 4784, 1038732747, 4272, 1038732826, 4264, 1038765249, 4280, 1038599956, 4792, 1038600203, 4537, 1038301018, 4777, 1038301945, 4785, 1038302731, 4273, 1038300987, 4265, 1038300325, 4281, 1038300617, 4793, 1038302253, 4521, 1038300718, 4538, 1038056118, 4522, 1037898869, 4274, 1037929660, 4266, 1037898903, 4282, 1038056124, 4539, 1038338417, 4541, 1021228745, 4526, 1021111256, 4284, 1021844284, 4780, 1022071981, 4527, 1022032995, 4781, 1021009950, 4789, 1021004389, 4790, 1021152349, 4267, 1038338971, 4283, 1038338958, 4276, 1022075939, 4268, 1022070492, 4285, 1021228356, 4796, 1021846588, 4278, 1021153884, 4270, 1021111503, 4279, 1021978138, 4286, 1021198866, 4271, 1022033361, 4275, 1038340993, 4798, 1021197157, 4799, 1021938998, 4778, 1037898866, 4523, 1038338665, 4795, 1038337049, 4540, 1021844906, 4779, 1038337511, 4787, 1038339338, 4794, 1038056004, 4524, 1022070795, 4786, 1037929615, 4788, 1022077703, 4782, 1021110188, 4525, 1021008889, 4783, 1022031740, 4797, 1021229779, 4269, 1021008647, 4791, 1021976291, 4542, 1021198466, 4543, 1021940274, 4287, 1021940756, 4277, 1021002864]
[INFO] (lattice_cell.c: 455): on tick 39 of 50
[INFO] (lattice_cell.c: 172): the unmatched_packets is 56
[4536, 1038633926, 4776, 1038750912, 4272, 1038761474, 4264, 1038750997, 4280, 1038633894, 4520, 1038750956, 4521, 1038308011, 4265, 1038307719, 4538, 1038017705, 4281, 1038309005, 4777, 1038309144, 4523, 1038341798, 4275, 1038343115, 4526, 1021129281, 4284, 1021564458, 4542, 1021104157, 4543, 1022031980, 4285, 1021478308, 4286, 1021103796, 4790, 1021103794, 4537, 1038309434, 4784, 1038761408, 4282, 1038017747, 4266, 1037902095, 4796, 1021568440, 4273, 1038310593, 4799, 1022029819, 4267, 1038342100, 4792, 1038634094, 4283, 1038342817, 4793, 1038310705, 4276, 1021832511, 4277, 1021223982, 4278, 1021103799, 4795, 1038340979, 4274, 1037892408, 4778, 1037902049, 4522, 1037902070, 4539, 1038342312, 4779, 1038340651, 4787, 1038341472, 4780, 1021965604, 4524, 1021963598, 4268, 1021962351, 4540, 1021565933, 4794, 1038017547, 4781, 1021105363, 4525, 1021104866, 4269, 1021105235, 4786, 1037892324, 4541, 1021477951, 4789, 1021224184, 4783, 1022018743, 4527, 1022020773, 4287, 1022033355, 4791, 1022032535, 4797, 1021478233, 4798, 1021103631, 4788, 1021836103, 4270, 1021128775, 4279, 1022036055, 4271, 1022021974, 4782, 1021128930, 4785, 1038312213]
[INFO] (lattice_cell.c: 455): on tick 40 of 50
[INFO] (lattice_cell.c: 172): the unmatched_packets is 56
[4536, 1038635419, 4520, 1038795833, 4776, 1038795758, 4784, 1038774398, 4272, 1038774483, 4792, 1038635619, 4264, 1038795889, 4280, 1038635349, 4537, 1038301387, 4521, 1038301285, 4281, 1038300926, 4273, 1038302925, 4265, 1038300906, 4538, 1038021778, 4522, 1037868595, 4777, 1038302509, 4785, 1038304743, 4539, 1038334399, 4274, 1037889184, 4266, 1037868604, 4541, 1021225827, 4275, 1038338370, 4283, 1038334933, 4787, 1038336660, 4526, 1021147271, 4543, 1021884417, 4269, 1021150468, 4285, 1021225555, 4270, 1021147551, 4271, 1021993820, 4286, 1021269616, 4287, 1021884926, 4796, 1021847561, 4276, 1021983368, 4797, 1021226715, 4799, 1021883099, 4794, 1038021653, 4282, 1038021780, 4778, 1037868613, 4786, 1037889171, 4523, 1038338791, 4779, 1038337613, 4540, 1021846007, 4524, 1021924294, 4780, 1021925502, 4268, 1021923961, 4284, 1021845513, 4525, 1021150702, 4277, 1021088055, 4788, 1021985004, 4781, 1021151765, 4278, 1021157178, 4279, 1021984093, 4789, 1021089346, 4542, 1021269202, 4527, 1021993464, 4783, 1021992233, 4790, 1021155638, 4267, 1038339120, 4793, 1038302702, 4791, 1021982302, 4782, 1021146190, 4795, 1038333009, 4798, 1021267937]
[INFO] (lattice_cell.c: 455): on tick 41 of 50
[INFO] (lattice_cell.c: 172): the unmatched_packets is 56
[4536, 1038591651, 4776, 1038762535, 4520, 1038762613, 4272, 1038705289, 4264, 1038762674, 4280, 1038591621, 4792, 1038591830, 4537, 1038307782, 4521, 1038308961, 4265, 1038308627, 4281, 1038307404, 4538, 1038059276, 4539, 1038344850, 4785, 1038311636, 4524, 1022002548, 4778, 1037891661, 4283, 1038345367, 4542, 1021034895, 4779, 1038342687, 4783, 1022054794, 4795, 1038343501, 4790, 1021047523, 4274, 1037947014, 4282, 1038059325, 4267, 1038344096, 4791, 1022073901, 4276, 1021964038, 4268, 1022001322, 4796, 1021654014, 4277, 1021096360, 4797, 1021400812, 4798, 1021034367, 4784, 1038705187, 4269, 1021063921, 4285, 1021400642, 4799, 1022090314, 4278, 1021047582, 4270, 1021084625, 4271, 1022058067, 4273, 1038309995, 4793, 1038308988, 4266, 1037891725, 4522, 1037891681, 4523, 1038343804, 4540, 1021651443, 4541, 1021400397, 4525, 1021063541, 4284, 1021649889, 4526, 1021085116, 4527, 1022056879, 4543, 1022092375, 4279, 1022077367, 4286, 1021034520, 4287, 1022093640, 4275, 1038347531, 4777, 1038310119, 4787, 1038345945, 4786, 1037946913, 4788, 1021967539, 4782, 1021084771, 4789, 1021096684, 4794, 1038059106, 4780, 1022004551, 4781, 1021064071]
[INFO] (lattice_cell.c: 455): on tick 42 of 50
[INFO] (lattice_cell.c: 172): the unmatched_packets is 56
[4536, 1038665171, 4776, 1038788249, 4784, 1038790736, 4272, 1038790767, 4792, 1038665382, 4264, 1038788331, 4280, 1038665102, 4520, 1038788300, 4537, 1038302296, 4521, 1038300411, 4777, 1038301647, 4785, 1038304010, 4273, 1038302212, 4538, 1037992243, 4265, 1038300038, 4524, 1022011909, 4282, 1037992229, 4540, 1021702575, 4276, 1021904676, 4543, 1021868308, 4783, 1021955338, 4286, 1021281033, 4287, 1021868972, 4796, 1021704202, 4797, 1021366176, 4798, 1021279255, 4799, 1021866828, 4794, 1037992130, 4274, 1037872556, 4266, 1037876033, 4795, 1038333678, 4275, 1038335954, 4268, 1022011622, 4778, 1037876037, 4269, 1021066733, 4779, 1038333878, 4278, 1021264239, 4788, 1021906452, 4781, 1021067904, 4782, 1021199704, 4281, 1038301813, 4790, 1021262733, 4522, 1037876019, 4791, 1021882102, 4523, 1038335070, 4793, 1038303630, 4539, 1038335044, 4525, 1021066912, 4526, 1021200721, 4541, 1021365398, 4527, 1021956578, 4542, 1021280544, 4789, 1021168468, 4787, 1038334234, 4267, 1038335394, 4283, 1038335568, 4786, 1037872556, 4284, 1021702041, 4277, 1021167189, 4780, 1022013027, 4270, 1021200929, 4279, 1021884097, 4285, 1021365191, 4271, 1021956983]
[INFO] (lattice_cell.c: 455): on tick 43 of 50
[INFO] (lattice_cell.c: 172): the unmatched_packets is 56
[4536, 1038602470, 4776, 1038740131, 4784, 1038735533, 4272, 1038735687, 4521, 1038309383, 4273, 1038310646, 4538, 1038049068, 4522, 1037912669, 4274, 1037918361, 4266, 1037912713, 4282, 1038049125, 4524, 1021927428, 4277, 1021135210, 4527, 1022126371, 4541, 1021281417, 4542, 1021081000, 4543, 1022057524, 4279, 1022139422, 4271, 1022127471, 4286, 1021080564, 4520, 1038740222, 4790, 1020990550, 4537, 1038307784, 4265, 1038309081, 4796, 1021772636, 4797, 1021281892, 4275, 1038345932, 4798, 1021080499, 4799, 1022055580, 4278, 1020990609, 4270, 1021005819, 4794, 1038048898, 4287, 1022058640, 4264, 1038740300, 4280, 1038602449, 4795, 1038341108, 4792, 1038602647, 4523, 1038345951, 4793, 1038309004, 4281, 1038307386, 4778, 1037912637, 4786, 1037918277, 4785, 1038312283, 4777, 1038310501, 4779, 1038344836, 4780, 1021929492, 4539, 1038342496, 4788, 1021927038, 4781, 1021139063, 4525, 1021138396, 4789, 1021135644, 4782, 1021005852, 4787, 1038344266, 4540, 1021770133, 4783, 1022124402, 4526, 1021006268, 4269, 1021138643, 4284, 1021768666, 4791, 1022136244, 4285, 1021281644, 4267, 1038346246, 4283, 1038343067, 4276, 1021923518, 4268, 1021926173]
[INFO] (lattice_cell.c: 455): on tick 44 of 50
[INFO] (lattice_cell.c: 172): the unmatched_packets is 56
[4536, 1038608303, 4776, 1038808997, 4784, 1038761769, 4272, 1038761809, 4264, 1038809081, 4280, 1038608220, 4792, 1038608519, 4537, 1038302260, 4777, 1038302306, 4521, 1038301037, 4785, 1038304162, 4265, 1038300628, 4281, 1038301789, 4275, 1038338846, 4268, 1021985034, 4284, 1021696519, 4269, 1021089957, 4527, 1021892809, 4542, 1021183604, 4543, 1021958475, 4271, 1021893370, 4286, 1021184058, 4287, 1021959257, 4796, 1021698761, 4791, 1021918295, 4274, 1037900926, 4273, 1038302280, 4798, 1021182327, 4267, 1038336417, 4799, 1021956955, 4283, 1038337306, 4778, 1037855830, 4786, 1037900931, 4520, 1038809047, 4538, 1038047763, 4793, 1038303584, 4266, 1037855807, 4522, 1037855811, 4794, 1038047648, 4787, 1038337227, 4539, 1038336809, 4523, 1038336111, 4779, 1038334923, 4780, 1021986557, 4788, 1021982777, 4524, 1021985380, 4540, 1021697130, 4781, 1021090860, 4525, 1021090005, 4782, 1021257201, 4526, 1021258142, 4790, 1021216489, 4541, 1021371869, 4279, 1021920667, 4282, 1038047749, 4789, 1021093245, 4797, 1021372598, 4276, 1021981094, 4277, 1021092171, 4783, 1021891371, 4278, 1021217997, 4270, 1021258383, 4285, 1021371704, 4795, 1038335448]
[INFO] (lattice_cell.c: 455): on tick 45 of 50
[INFO] (lattice_cell.c: 172): the unmatched_packets is 56
[4776, 1038749789, 4784, 1038748737, 4520, 1038749902, 4537, 1038307844, 4265, 1038308426, 4267, 1038343672, 4525, 1021075349, 4539, 1038341697, 4277, 1021126679, 4527, 1022120709, 4540, 1021683451, 4541, 1021366829, 4542, 1021209157, 4543, 1021929544, 4286, 1021208845, 4795, 1038340321, 4536, 1038648535, 4280, 1038648508, 4273, 1038309769, 4796, 1021686022, 4281, 1038307446, 4274, 1037904835, 4266, 1037904106, 4797, 1021367417, 4275, 1038344439, 4799, 1021927570, 4276, 1021934108, 4268, 1021991174, 4269, 1021075520, 4284, 1021681989, 4792, 1038648710, 4270, 1021023557, 4271, 1022121603, 4272, 1038748872, 4264, 1038749981, 4798, 1021208553, 4777, 1038309832, 4778, 1037904035, 4793, 1038309050, 4779, 1038342193, 4282, 1038003673, 4521, 1038308729, 4786, 1037904721, 4787, 1038342704, 4785, 1038311365, 4780, 1021994272, 4522, 1037904057, 4781, 1021076118, 4523, 1038343343, 4538, 1038003632, 4782, 1021023582, 4789, 1021127416, 4524, 1021992311, 4783, 1022118918, 4791, 1022030734, 4790, 1021102361, 4788, 1021937597, 4283, 1038342265, 4526, 1021024009, 4278, 1021102474, 4285, 1021366910, 4287, 1021930648, 4279, 1022033672, 4794, 1038003433]
[INFO] (lattice_cell.c: 455): on tick 46 of 50
[INFO] (lattice_cell.c: 172): the unmatched_packets is 56
[4536, 1038624786, 4520, 1038773203, 4776, 1038773138, 4784, 1038744724, 4272, 1038744773, 4264, 1038773243, 4280, 1038624686, 4792, 1038625027, 4537, 1038302648, 4521, 1038299519, 4538, 1038032397, 4539, 1038336833, 4525, 1021114206, 4781, 1021114999, 4541, 1021319243, 4542, 1021115180, 4543, 1022028336, 4783, 1021970247, 4796, 1021750500, 4798, 1021114087, 4799, 1022026766, 4793, 1038304013, 4273, 1038303118, 4265, 1038299113, 4266, 1037890276, 4282, 1038032368, 4777, 1038300779, 4267, 1038338148, 4283, 1038337371, 4276, 1021912632, 4268, 1021969013, 4277, 1021158717, 4778, 1037890292, 4284, 1021748146, 4779, 1038336737, 4279, 1022044216, 4780, 1021970676, 4271, 1021972529, 4286, 1021115477, 4287, 1022029173, 4794, 1038032271, 4788, 1021914563, 4782, 1021171103, 4789, 1021159507, 4281, 1038302161, 4795, 1038335416, 4791, 1022041758, 4797, 1021319783, 4522, 1037890276, 4274, 1037917616, 4523, 1038337874, 4524, 1021969446, 4540, 1021748798, 4790, 1021091460, 4526, 1021172045, 4527, 1021971800, 4786, 1037917652, 4275, 1038338972, 4787, 1038337311, 4269, 1021114237, 4785, 1038304986, 4278, 1021092804, 4270, 1021172235, 4285, 1021319249]
[INFO] (lattice_cell.c: 455): on tick 47 of 50
[INFO] (lattice_cell.c: 172): the unmatched_packets is 56
[4536, 1038602825, 4520, 1038789341, 4776, 1038789239, 4784, 1038759560, 4272, 1038759743, 4264, 1038789427, 4280, 1038602804, 4792, 1038602995, 4537, 1038307620, 4777, 1038309517, 4521, 1038308407, 4785, 1038313150, 4273, 1038311499, 4265, 1038308102, 4281, 1038307241, 4793, 1038308825, 4538, 1038048167, 4522, 1037865397, 4266, 1037865453, 4786, 1037894225, 4540, 1021722646, 4778, 1037865377, 4276, 1021944159, 4284, 1021721321, 4780, 1021970096, 4526, 1021144459, 4542, 1021154419, 4527, 1022000871, 4543, 1021984155, 4782, 1021143932, 4783, 1021999117, 4271, 1022001667, 4790, 1021176486, 4287, 1021985118, 4275, 1038344535, 4283, 1038342520, 4274, 1037894329, 4282, 1038048213, 4797, 1021330583, 4268, 1021967090, 4798, 1021153630, 4799, 1021982369, 4285, 1021329832, 4278, 1021176945, 4267, 1038343027, 4539, 1038341965, 4779, 1038341520, 4523, 1038342676, 4794, 1038047986, 4787, 1038342880, 4524, 1021968152, 4541, 1021329882, 4525, 1021099558, 4795, 1038340598, 4788, 1021947383, 4781, 1021100460, 4789, 1021109655, 4277, 1021108702, 4269, 1021099607, 4286, 1021154259, 4270, 1021144116, 4279, 1021957645, 4791, 1021954723, 4796, 1021725082]
[INFO] (lattice_cell.c: 455): on tick 48 of 50
[INFO] (lattice_cell.c: 172): the unmatched_packets is 56
[4536, 1038631446, 4776, 1038764246, 4520, 1038764306, 4784, 1038758791, 4537, 1038300834, 4272, 1038758829, 4521, 1038302232, 4538, 1038025184, 4273, 1038302988, 4539, 1038337380, 4283, 1038337910, 4526, 1021068739, 4527, 1022078270, 4541, 1021374232, 4542, 1021203634, 4278, 1021123850, 4783, 1022076691, 4271, 1022079044, 4287, 1021937324, 4790, 1021122896, 4796, 1021701724, 4281, 1038300348, 4797, 1021374700, 4266, 1037899585, 4798, 1021202627, 4799, 1021934539, 4275, 1038338839, 4264, 1038764344, 4280, 1038631361, 4277, 1021110434, 4269, 1021088369, 4284, 1021699039, 4279, 1022015156, 4286, 1021203851, 4794, 1038025057, 4265, 1038301842, 4792, 1038631697, 4522, 1037899581, 4274, 1037904240, 4793, 1038302194, 4282, 1038025159, 4786, 1037904232, 4795, 1038335990, 4267, 1038337788, 4779, 1038336313, 4777, 1038303495, 4787, 1038337133, 4785, 1038304883, 4523, 1038337492, 4780, 1021987338, 4268, 1021985428, 4778, 1037899611, 4781, 1021088897, 4789, 1021111033, 4524, 1021986000, 4270, 1021068754, 4788, 1021963310, 4525, 1021088241, 4791, 1022012439, 4276, 1021961166, 4540, 1021699865, 4782, 1021067993, 4543, 1021936313, 4285, 1021374308]
[INFO] (lattice_cell.c: 455): on tick 49 of 50
[INFO] (lattice_cell.c: 172): the unmatched_packets is 56
[4536, 1038634173, 4520, 1038759656, 4776, 1038759532, 4784, 1038740948, 4272, 1038741103, 4280, 1038634147, 4792, 1038634364, 4264, 1038759747, 4537, 1038307288, 4521, 1038306615, 4777, 1038307758, 4785, 1038310995, 4273, 1038309366, 4265, 1038306273, 4281, 1038306885, 4793, 1038308494, 4538, 1038018056, 4522, 1037893753, 4778, 1037893753, 4786, 1037912361, 4274, 1037912445, 4282, 1038018105, 4794, 1038017877, 4539, 1038341047, 4779, 1038342367, 4787, 1038342119, 4540, 1021712095, 4267, 1038343783, 4542, 1021155054, 4284, 1021710876, 4543, 1021986736, 4285, 1021340815, 4797, 1021341744, 4270, 1021150592, 4279, 1022044172, 4271, 1021991980, 4287, 1021987590, 4799, 1021985010, 4283, 1038341643, 4278, 1021093007, 4798, 1021154167, 4286, 1021154959, 4795, 1038339650, 4781, 1021094513, 4275, 1038343821, 4789, 1021140888, 4782, 1021150011, 4780, 1021983073, 4783, 1021989595, 4790, 1021092276, 4266, 1037893797, 4523, 1038343482, 4276, 1021923691, 4791, 1022041638, 4796, 1021714458, 4269, 1021093553, 4524, 1021981380, 4268, 1021980522, 4277, 1021139743, 4541, 1021340958, 4525, 1021093568, 4526, 1021150747, 4788, 1021926666, 4527, 1021991236]
[INFO] (lattice_cell.c: 455): on tick 50 of 50
[INFO] (lattice_cell.c: 466): updating recording regions
[INFO] (recording.c: 507): 	Finalising channel 0 - state info stored in SDRAM
[INFO] (recording.c: 512): closed channel 0.
[INFO] (lattice_cell.c: 470): Simulation complete.

