[INFO] (lattice_cell.c: 604): starting lattice cell
[INFO] (lattice_cell.c: 526): Initialise: started
[INFO] (data_specification.c: 78): magic = ad130ad6, version = 1.0
[INFO] (lattice_cell.c: 555): my key is 3256
[INFO] (lattice_cell.c: 562): I'm in position ( 12, 23)
[INFO] (lattice_cell.c: 568): my n key is 3000
[INFO] (lattice_cell.c: 574): my U_X = 0.007340715266764164
[INFO] (lattice_cell.c: 575): my U_Y = -0.00035355339059606194
[INFO] (lattice_cell.c: 583): input_buffer initialised
[INFO] (recording.c: 563): Recording 1 regions, using output tag 0, size before trigger 7686388, time between triggers 50
[INFO] (recording.c: 665): Recording channel 0 configured to use 7686132 byte memory block starting at 0x668e2f08
[INFO] (lattice_cell.c: 588): Recording flags = 0x00000001
[INFO] (lattice_cell.c: 619): setting timer to execute every 200000 microseconds
[INFO] (lattice_cell.c: 627): Starting

[INFO] (simulation.c: 159): Setting the runtime of this model to 50 starting at 0
[INFO] (simulation.c: 161): Setting the flag of infinite run for this model to 0
[INFO] (simulation.c: 175): Resuming
[INFO] (lattice_cell.c: 455): on tick 0 of 50
[3264, 1038323249, 3520, 1038323253, 3008, 1038323253, 3248, 1038758222, 3504, 1038758220, 3512, 1038656485, 3000, 1038656489, 2992, 1038758228, 3265, 1038307449, 3521, 1038304677, 3009, 1038310835, 3249, 1038303382, 3505, 1038300604, 3513, 1038302263, 3266, 1038323249, 3250, 1037904558, 3522, 1038323253, 3515, 1038339463, 3508, 1021961365, 3509, 1021109826, 3517, 1021204675, 3527, 1021564661, 3519, 1021898711, 3006, 1021234328, 3267, 1038339085, 3251, 1038335016, 3268, 1021530233, 3252, 1021964300, 3007, 1021892259, 2999, 1021994161, 3269, 1021530233, 3253, 1021112444, 3270, 1021561869, 2998, 1021139074, 3254, 1021142270, 2997, 1021115639, 3271, 1021561869, 3255, 1021997746, 3001, 1038308427, 2993, 1038306770, 3010, 1038323253, 3002, 1037999653, 2994, 1037904562, 3507, 1038337802, 3506, 1037904554, 3514, 1037999649, 3524, 1021527461, 3523, 1038341877, 3011, 1038335691, 3003, 1038333283, 2995, 1038331626, 2996, 1021967884, 3005, 1021210567, 3014, 1021558475, 3526, 1021564661, 3004, 1021866310, 3516, 1021859874, 3525, 1021527461, 3015, 1021558475, 3510, 1021144897, 3012, 1021533619, 3518, 1021240238, 3511, 1022000692, 3013, 1021533619]
[INFO] (lattice_cell.c: 455): on tick 1 of 50
[INFO] (lattice_cell.c: 172): the unmatched_packets is 56
[3264, 1038322833, 3248, 1038726135, 3520, 1038322749, 3504, 1038726117, 3512, 1038575817, 2992, 1038726149, 3008, 1038322935, 3265, 1038310085, 3249, 1038311961, 3521, 1038307335, 3505, 1038309187, 3513, 1038309283, 3001, 1038315405, 2993, 1038315321, 3009, 1038313431, 3266, 1038323749, 3250, 1037926637, 3506, 1037926651, 3000, 1038575941, 3522, 1038323827, 3514, 1038072901, 3002, 1038072793, 2994, 1037926619, 3267, 1038341313, 3269, 1021855979, 3253, 1021153088, 3524, 1021192371, 3516, 1021676119, 3509, 1021149650, 3518, 1020988114, 3511, 1022071868, 3251, 1038340984, 3268, 1021194446, 3252, 1021911913, 3007, 1022147991, 3270, 1021225826, 3254, 1021067145, 3271, 1021888272, 3255, 1022069721, 3005, 1021381282, 3006, 1020980801, 3015, 1021885333, 3010, 1038323655, 3523, 1038344055, 3507, 1038343752, 2995, 1038337614, 3515, 1038341855, 3508, 1021909780, 3011, 1038337967, 3003, 1038335741, 2996, 1021914771, 3525, 1021852505, 3517, 1021373915, 3004, 1021681102, 2997, 1021157025, 3013, 1021859956, 3014, 1021221894, 3012, 1021197247, 3526, 1021229274, 3510, 1021070579, 3527, 1021890475, 3519, 1022153147, 2999, 1022066825, 2998, 1021063222]
[INFO] (lattice_cell.c: 455): on tick 2 of 50
[INFO] (lattice_cell.c: 172): the unmatched_packets is 56
[3264, 1038324454, 3248, 1038804077, 3520, 1038324432, 3504, 1038804091, 3512, 1038648128, 2992, 1038804063, 3008, 1038324482, 3265, 1038304349, 3249, 1038304189, 3521, 1038301543, 3505, 1038301379, 3513, 1038303727, 3001, 1038309971, 2993, 1038307623, 3009, 1038307779, 3250, 1037859962, 3266, 1038324800, 3267, 1038336381, 3522, 1038324838, 3514, 1038006838, 3269, 1021688427, 3507, 1038339167, 3254, 1021272677, 3516, 1021723724, 3509, 1021103814, 2996, 1021978634, 3525, 1021685765, 3527, 1021720656, 3511, 1021861504, 3251, 1038336331, 3268, 1021380475, 3252, 1021975117, 3253, 1021106429, 3007, 1021809605, 2998, 1021269489, 3270, 1021412462, 3000, 1038648128, 3271, 1021718086, 3255, 1021858703, 2994, 1037859976, 3506, 1037859950, 2995, 1038332889, 3523, 1038339209, 2997, 1021109580, 3002, 1038006810, 3515, 1038335891, 3508, 1021972229, 3014, 1021409040, 3524, 1021377647, 3015, 1021714944, 3010, 1038324754, 3005, 1021351218, 3003, 1038329607, 3013, 1021691638, 3517, 1021345449, 3012, 1021383909, 3510, 1021275298, 3518, 1021326012, 3004, 1021730121, 3006, 1021320030, 3526, 1021415268, 3519, 1021815592, 2999, 1021855271, 3011, 1038332945]
[INFO] (lattice_cell.c: 455): on tick 3 of 50
[INFO] (lattice_cell.c: 172): the unmatched_packets is 56
[3264, 1038323065, 3248, 1038716552, 3520, 1038322943, 3504, 1038716504, 3512, 1038628047, 3000, 1038628267, 2992, 1038716612, 3265, 1038310372, 3249, 1038313757, 3521, 1038307652, 3505, 1038311011, 3513, 1038310146, 3001, 1038316198, 3008, 1038323221, 2993, 1038317089, 3267, 1038341241, 3251, 1038341562, 3514, 1038022926, 3507, 1038344287, 2994, 1037936018, 3010, 1038324196, 3525, 1021714126, 3510, 1020947286, 3006, 1021085177, 3511, 1022188225, 3266, 1038324316, 3250, 1037936068, 2996, 1021941920, 2998, 1020939958, 3252, 1021938939, 3268, 1021331863, 2999, 1022182666, 3253, 1021129424, 3269, 1021717549, 3254, 1020943865, 3270, 1021364394, 3009, 1038313694, 3255, 1022185826, 3271, 1021750261, 3002, 1038022772, 3003, 1038336222, 3522, 1038324405, 3506, 1037936098, 3013, 1021721513, 3014, 1021360330, 3011, 1038337953, 3007, 1022033525, 3516, 1021711150, 3012, 1021334783, 3523, 1038343949, 3515, 1038342239, 3508, 1021936691, 3004, 1021716393, 3524, 1021329701, 3509, 1021126013, 3517, 1021339110, 3005, 1021346379, 3518, 1021092534, 2997, 1021133341, 3526, 1021367944, 3015, 1021747208, 3527, 1021752572, 3519, 1022039109, 2995, 1038338242]
[INFO] (lattice_cell.c: 455): on tick 4 of 50
[INFO] (lattice_cell.c: 172): the unmatched_packets is 56
[3264, 1038324354, 3248, 1038755372, 3504, 1038755398, 3520, 1038324304, 3512, 1038627909, 3000, 1038627963, 2992, 1038755344, 3265, 1038304143, 3249, 1038305448, 3266, 1038325252, 3008, 1038324434, 3521, 1038301299, 3251, 1038334013, 3513, 1038304562, 3267, 1038336525, 3505, 1038302600, 3252, 1021942837, 3516, 1021730447, 3517, 1021341806, 3525, 1021721564, 3519, 1021983630, 3250, 1037906199, 3268, 1021345432, 3253, 1021140751, 3269, 1021724212, 3254, 1021221985, 3270, 1021376861, 3014, 1021373484, 2999, 1021909263, 3255, 1021912428, 3271, 1021752987, 3009, 1038307617, 3010, 1038325139, 2995, 1038330506, 3011, 1038333053, 2996, 1021946263, 3006, 1021150906, 2998, 1021218768, 3007, 1021977992, 3001, 1038310880, 3012, 1021348789, 2993, 1038308926, 3506, 1037906197, 2997, 1021143911, 3514, 1038027808, 3522, 1038325360, 3523, 1038339376, 3507, 1038336901, 3515, 1038335186, 3002, 1038027678, 2994, 1037906203, 3508, 1021940033, 3524, 1021342683, 3509, 1021138112, 3510, 1021224636, 3004, 1021736752, 3518, 1021156808, 3526, 1021379642, 3511, 1021914982, 3527, 1021755386, 3015, 1021750002, 3005, 1021347515, 3013, 1021727407, 3003, 1038328832]
[INFO] (lattice_cell.c: 455): on tick 5 of 50
[INFO] (lattice_cell.c: 172): the unmatched_packets is 56
[3264, 1038323471, 3248, 1038755688, 3520, 1038323295, 3504, 1038755620, 3512, 1038621632, 3000, 1038621906, 2992, 1038755746, 3008, 1038323669, 3265, 1038310308, 3249, 1038313958, 3521, 1038307600, 3505, 1038311230, 3513, 1038310810, 2993, 1038317255, 3009, 1038313598, 3266, 1038325108, 3250, 1037897747, 3522, 1038325229, 3514, 1038028925, 3002, 1038028769, 3506, 1037897755, 2994, 1037897716, 3267, 1038340890, 3251, 1038340803, 3010, 1038324966, 3508, 1021932361, 3509, 1021129290, 3510, 1021123222, 3519, 1021976469, 3511, 1022009818, 2998, 1021115843, 3014, 1021355240, 3012, 1021328651, 3268, 1021325574, 3252, 1021934715, 3269, 1021722474, 3253, 1021132648, 3015, 1021752059, 3270, 1021359419, 3254, 1021119782, 3007, 1021970685, 3271, 1021755178, 3255, 1022007236, 3001, 1038316824, 3003, 1038335703, 3516, 1021717988, 3011, 1038337628, 3004, 1021723556, 2996, 1021937836, 3005, 1021340122, 3523, 1038343560, 3515, 1038341660, 3507, 1038343498, 3524, 1021323247, 3517, 1021333006, 3525, 1021719118, 2999, 1022003908, 2995, 1038337521, 3013, 1021726352, 3518, 1021153988, 3006, 1021146482, 3526, 1021363044, 2997, 1021136529, 3527, 1021757588]
[INFO] (lattice_cell.c: 455): on tick 6 of 50
[INFO] (lattice_cell.c: 172): the unmatched_packets is 56
[3264, 1038324119, 3248, 1038759747, 3520, 1038324029, 3504, 1038759763, 3512, 1038626127, 3000, 1038626235, 2992, 1038759733, 3008, 1038324251, 3265, 1038304197, 3249, 1038306020, 3521, 1038301325, 3505, 1038303154, 3513, 1038304471, 3001, 1038310842, 2993, 1038309529, 3009, 1038307687, 3266, 1038325583, 3250, 1037903027, 3522, 1038325741, 3514, 1038029435, 3506, 1037903057, 3267, 1038336833, 3251, 1038333082, 3002, 1038029217, 3507, 1038336006, 3515, 1038335210, 3523, 1038339704, 3524, 1021335849, 3509, 1021131466, 3003, 1038328807, 3526, 1021372441, 3527, 1021761637, 3511, 1022019797, 3268, 1021338514, 3252, 1021951950, 3269, 1021731484, 3253, 1021134158, 3270, 1021369644, 3254, 1021117878, 3255, 1022017333, 3007, 1021964915, 2999, 1022014258, 3271, 1021759399, 2998, 1021114725, 3010, 1038325400, 3011, 1038333337, 3004, 1021732884, 2997, 1021137338, 3013, 1021734654, 3006, 1021163174, 2996, 1021955277, 2994, 1037903007, 3012, 1021341802, 3508, 1021949259, 3516, 1021726757, 3005, 1021352056, 3014, 1021366246, 3525, 1021728786, 3517, 1021346310, 2995, 1038329550, 3015, 1021756591, 3510, 1021120501, 3518, 1021169022, 3519, 1021970295]
[INFO] (lattice_cell.c: 455): on tick 7 of 50
[INFO] (lattice_cell.c: 172): the unmatched_packets is 56
[3264, 1038323326, 3248, 1038748829, 3520, 1038323126, 3504, 1038748771, 3512, 1038626309, 3000, 1038626627, 2992, 1038748904, 3265, 1038310445, 3249, 1038314807, 3521, 1038307746, 3505, 1038312097, 3513, 1038311178, 3008, 1038323559, 2993, 1038318093, 3009, 1038313716, 3266, 1038325247, 3250, 1037904536, 3522, 1038325375, 3506, 1037904537, 3002, 1038024769, 3001, 1038317145, 3514, 1038024945, 2994, 1037904528, 3267, 1038340835, 3251, 1038340071, 3252, 1021943963, 3515, 1038340909, 3254, 1021109873, 3524, 1021326579, 3516, 1021712500, 3508, 1021941468, 3517, 1021338055, 3518, 1021158149, 3510, 1021113324, 3268, 1021329080, 3269, 1021718466, 3253, 1021124749, 3270, 1021364097, 3014, 1021359870, 3255, 1022016363, 3271, 1021750933, 3012, 1021332338, 3015, 1021747746, 2998, 1021105895, 3010, 1038325063, 2995, 1038336813, 3525, 1021715245, 3003, 1038334998, 3011, 1038337588, 3005, 1021344940, 3006, 1021150602, 3007, 1021966289, 2999, 1022012942, 3004, 1021718396, 2997, 1021128566, 3013, 1021722240, 3523, 1038343480, 3507, 1038342756, 3509, 1021121501, 3526, 1021367779, 2996, 1021947243, 3527, 1021753420, 3519, 1021972310, 3511, 1022019076]
[INFO] (lattice_cell.c: 455): on tick 8 of 50
[INFO] (lattice_cell.c: 172): the unmatched_packets is 56
[3264, 1038323981, 3248, 1038751144, 3520, 1038323844, 3504, 1038751149, 3512, 1038629087, 3000, 1038629276, 3008, 1038324153, 2992, 1038751151, 3265, 1038304014, 3249, 1038306272, 3521, 1038301134, 3505, 1038303382, 3513, 1038304819, 3001, 1038311216, 2993, 1038309783, 3009, 1038307528, 3266, 1038325977, 3250, 1037910766, 3522, 1038326191, 3251, 1038333234, 3523, 1038339689, 3524, 1021340886, 3255, 1022005719, 3271, 1021754425, 3517, 1021348229, 3510, 1021130370, 3511, 1022008050, 3012, 1021346616, 3267, 1038336809, 3252, 1021950949, 3268, 1021343438, 3253, 1021136237, 3269, 1021727000, 3254, 1021127718, 3270, 1021374316, 3014, 1021370893, 3010, 1038325719, 3506, 1037910806, 3514, 1038026849, 3002, 1038026530, 3003, 1038328453, 3507, 1038336165, 2995, 1038329678, 3004, 1021731944, 2996, 1021954144, 2997, 1021139486, 3006, 1021151039, 3515, 1038334883, 2999, 1022002735, 3508, 1021948355, 2994, 1037910721, 3516, 1021725990, 3518, 1021156936, 3509, 1021133450, 3525, 1021724248, 3013, 1021730208, 2998, 1021124551, 3526, 1021377193, 3007, 1021976210, 3011, 1038333289, 3527, 1021756503, 3519, 1021981364, 3005, 1021354059, 3015, 1021751767]
[INFO] (lattice_cell.c: 455): on tick 9 of 50
[INFO] (lattice_cell.c: 172): the unmatched_packets is 56
[3264, 1038323368, 3248, 1038749574, 3520, 1038323138, 3504, 1038749515, 3512, 1038625110, 2992, 1038749633, 3008, 1038323631, 3265, 1038310406, 3249, 1038315029, 3521, 1038307705, 3505, 1038312315, 3001, 1038317423, 3266, 1038325571, 3513, 1038311456, 2993, 1038318301, 3514, 1038026121, 3269, 1021717284, 2994, 1037903843, 3523, 1038343362, 3270, 1021365889, 3254, 1021128490, 3524, 1021327281, 2995, 1038336465, 3510, 1021131904, 3518, 1021151624, 3527, 1021751908, 3511, 1021999526, 3012, 1021333367, 3250, 1037903843, 2998, 1021124540, 3014, 1021361622, 3007, 1021972552, 2996, 1021941187, 3251, 1038339716, 3267, 1038340723, 3268, 1021329923, 3252, 1021937782, 3253, 1021130701, 3010, 1038325361, 3003, 1038334882, 3271, 1021749340, 3255, 1021996724, 3002, 1038025921, 3013, 1021720935, 3000, 1038625457, 3006, 1021144123, 3004, 1021721897, 3015, 1021746118, 3011, 1038337500, 3009, 1038313674, 3506, 1037903821, 3522, 1038325728, 3507, 1038342391, 3515, 1038340766, 3525, 1021714195, 3508, 1021935121, 3526, 1021369539, 3516, 1021715622, 2999, 1021993196, 3509, 1021127548, 3517, 1021335131, 3005, 1021341733, 2997, 1021134417, 3519, 1021978725]
[INFO] (lattice_cell.c: 455): on tick 10 of 50
[INFO] (lattice_cell.c: 172): the unmatched_packets is 56
[3264, 1038323745, 3248, 1038757001, 3520, 1038323566, 3504, 1038756984, 3512, 1038626048, 3000, 1038626312, 2992, 1038757031, 3008, 1038323986, 3265, 1038304040, 3249, 1038306609, 3521, 1038301154, 3505, 1038303723, 3513, 1038304855, 3001, 1038311250, 2993, 1038310124, 3009, 1038307555, 3266, 1038326320, 3250, 1037905524, 3522, 1038326592, 3506, 1037905576, 3514, 1038029826, 3267, 1038336846, 3251, 1038332652, 3002, 1038029445, 2994, 1037905458, 3252, 1021948010, 3523, 1038339736, 3254, 1021127449, 3524, 1021337362, 3271, 1021757827, 3519, 1021978520, 3511, 1022007439, 3268, 1021339808, 3269, 1021730645, 3253, 1021139777, 3270, 1021370706, 3007, 1021973562, 3255, 1022005185, 3015, 1021755263, 3013, 1021733911, 2998, 1021124257, 3012, 1021342906, 3507, 1038335588, 3515, 1038334853, 2995, 1038329098, 3517, 1021346408, 3004, 1021733931, 3518, 1021159179, 2996, 1021951101, 2997, 1021143129, 3006, 1021153154, 3014, 1021367174, 2999, 1022002262, 3010, 1038326011, 3508, 1021945556, 3516, 1021728149, 3005, 1021352367, 3525, 1021727828, 3509, 1021136892, 3003, 1038328425, 3510, 1021130166, 3526, 1021373674, 3011, 1038333329, 3527, 1021759782]
[INFO] (lattice_cell.c: 455): on tick 11 of 50
[INFO] (lattice_cell.c: 172): the unmatched_packets is 56
[3264, 1038323203, 3248, 1038752309, 3520, 1038322958, 3504, 1038752257, 3512, 1038624251, 3000, 1038624608, 2992, 1038752351, 3008, 1038323502, 3249, 1038315350, 3265, 1038310425, 3521, 1038307721, 3505, 1038312630, 3266, 1038325701, 3250, 1037901373, 3522, 1038325888, 3514, 1038027089, 3508, 1021938977, 3524, 1021324739, 3271, 1021750935, 3255, 1022007320, 3010, 1038325461, 3510, 1021121250, 3526, 1021367848, 3527, 1021753538, 3519, 1021971213, 3251, 1038339322, 3267, 1038340804, 3268, 1021327569, 3252, 1021941772, 3253, 1021127739, 3269, 1021719593, 3270, 1021364230, 3254, 1021117927, 2998, 1021114028, 3014, 1021359975, 3001, 1038317492, 3009, 1038313712, 2995, 1038336067, 2993, 1038318631, 2996, 1021945315, 3004, 1021721557, 3012, 1021331162, 3013, 1021723063, 3506, 1037901353, 3513, 1038311511, 3006, 1021151342, 3003, 1038334712, 2999, 1022003748, 3507, 1038342012, 3523, 1038343437, 3515, 1038340603, 2997, 1021131343, 3005, 1021342335, 3002, 1038026854, 2994, 1037901377, 3516, 1021714971, 3007, 1021964932, 3015, 1021747701, 3509, 1021124731, 3011, 1038337588, 3517, 1021336038, 3525, 1021716673, 3518, 1021158727, 3511, 1022010213]
[INFO] (lattice_cell.c: 455): on tick 12 of 50
[INFO] (lattice_cell.c: 172): the unmatched_packets is 56
[3264, 1038323568, 3248, 1038754317, 3520, 1038323329, 3504, 1038754279, 3512, 1038627537, 3000, 1038627897, 2992, 1038754371, 3008, 1038323867, 3265, 1038304095, 3249, 1038307081, 3521, 1038301215, 3505, 1038304210, 3513, 1038305126, 3001, 1038311492, 2993, 1038310589, 3009, 1038307600, 3266, 1038326657, 3250, 1037908072, 3522, 1038326959, 3506, 1037908131, 3514, 1038028580, 3002, 1038028133, 3267, 1038336805, 3251, 1038332475, 3268, 1021339870, 3523, 1038339667, 2994, 1037907998, 3515, 1038334542, 3516, 1021725218, 3508, 1021948568, 3511, 1022014616, 2998, 1021116778, 3252, 1021950917, 3269, 1021730263, 3253, 1021136538, 3270, 1021371058, 3254, 1021120045, 3271, 1021757380, 3255, 1022012402, 3005, 1021355340, 3013, 1021733598, 3015, 1021754893, 3010, 1038326299, 3003, 1038328135, 3011, 1038333302, 3004, 1021730829, 2997, 1021139974, 3507, 1038335399, 3006, 1021154071, 2999, 1022009530, 3007, 1021972320, 3524, 1021337492, 2996, 1021953916, 3509, 1021133515, 3517, 1021349216, 3525, 1021727361, 2995, 1038328926, 3014, 1021367412, 3510, 1021122872, 3518, 1021160290, 3526, 1021374182, 3012, 1021342902, 3527, 1021759228, 3519, 1021977145]
[INFO] (lattice_cell.c: 455): on tick 13 of 50
[INFO] (lattice_cell.c: 172): the unmatched_packets is 56
[3248, 1038747834, 3264, 1038323092, 3520, 1038322837, 3504, 1038747794, 3512, 1038625614, 3000, 1038625995, 2992, 1038747862, 3008, 1038323401, 3249, 1038314520, 3265, 1038310280, 3521, 1038307552, 3505, 1038311790, 3513, 1038311382, 2993, 1038317823, 3009, 1038313602, 3001, 1038317402, 3250, 1037905555, 3266, 1038325864, 3522, 1038326085, 3506, 1037905544, 3514, 1038025769, 3002, 1038025490, 2994, 1037905566, 3267, 1038340844, 3010, 1038325580, 3269, 1021717277, 3253, 1021127585, 3523, 1038343487, 3510, 1021126449, 3511, 1022004038, 2998, 1021119461, 3251, 1038339307, 3268, 1021330396, 3252, 1021946167, 2999, 1021997518, 3270, 1021367406, 3254, 1021123252, 3271, 1021747783, 3255, 1022001102, 3007, 1021968005, 3015, 1021744554, 2995, 1038336035, 3004, 1021722056, 2996, 1021949801, 2997, 1021131080, 3013, 1021720609, 3006, 1021148123, 3014, 1021363201, 3003, 1038334633, 3509, 1021124696, 3012, 1021334118, 3005, 1021343177, 3507, 1038341996, 3515, 1038340546, 3524, 1021327433, 3516, 1021715200, 3508, 1021943259, 3525, 1021714516, 3517, 1021337206, 3526, 1021370929, 3518, 1021155295, 3011, 1038337609, 3527, 1021750384, 3519, 1021974303]
[INFO] (lattice_cell.c: 455): on tick 14 of 50
[INFO] (lattice_cell.c: 172): the unmatched_packets is 56
[3264, 1038323425, 3248, 1038757814, 3504, 1038757762, 3512, 1038627740, 3000, 1038628179, 2992, 1038757877, 3520, 1038323134, 3008, 1038323781, 3265, 1038304381, 3249, 1038307834, 3521, 1038301520, 3505, 1038304971, 3513, 1038306218, 3001, 1038312541, 2993, 1038311314, 3266, 1038326996, 3506, 1037904932, 3515, 1038334388, 3002, 1038028012, 2994, 1037904816, 3271, 1021756941, 3255, 1022007868, 3519, 1021981685, 2999, 1022004972, 3267, 1038336866, 3251, 1038332098, 3268, 1021339152, 3252, 1021937683, 3269, 1021729659, 3253, 1021147486, 3270, 1021370917, 3254, 1021124015, 3005, 1021354197, 3007, 1021976900, 3010, 1038326597, 3250, 1037904885, 3003, 1038328028, 3522, 1038327332, 3514, 1038028503, 3009, 1038307863, 3523, 1038339716, 3507, 1038335016, 3011, 1038333384, 3516, 1021722585, 3508, 1021935434, 2995, 1038328578, 3524, 1021336842, 3004, 1021728119, 2997, 1021150992, 3013, 1021733074, 2998, 1021120637, 3014, 1021367116, 3015, 1021754505, 2996, 1021940629, 3509, 1021144404, 3517, 1021347946, 3012, 1021342147, 3526, 1021374198, 3510, 1021126946, 3518, 1021155760, 3525, 1021726676, 3527, 1021758746, 3511, 1022010051, 3006, 1021149278]
[INFO] (lattice_cell.c: 455): on tick 15 of 50
[INFO] (lattice_cell.c: 172): the unmatched_packets is 56
[3264, 1038322866, 3248, 1038740564, 3520, 1038322592, 3504, 1038740525, 3512, 1038621493, 3000, 1038621889, 3008, 1038323202, 2992, 1038740606, 3265, 1038309290, 3249, 1038316877, 3521, 1038306538, 3505, 1038314137, 3513, 1038310827, 3001, 1038316892, 2993, 1038320203, 3266, 1038326015, 3267, 1038340130, 3251, 1038339219, 3268, 1021332769, 3252, 1021967770, 3254, 1021131301, 3508, 1021964786, 3255, 1021992338, 3525, 1021716421, 3510, 1021134382, 3526, 1021373236, 3527, 1021751152, 3511, 1021995271, 3519, 1021970745, 3250, 1037912666, 3012, 1021336580, 3269, 1021719045, 2999, 1021988780, 3253, 1021097926, 3015, 1021745424, 3270, 1021369794, 3009, 1038312639, 3010, 1038325675, 3271, 1021748567, 3522, 1038326283, 3506, 1037912668, 3514, 1038029752, 3005, 1021336177, 3013, 1021722219, 3523, 1038342787, 3507, 1038341942, 2994, 1037912657, 3014, 1021365665, 3515, 1038340483, 3004, 1021731703, 2997, 1021101392, 3006, 1021151971, 3002, 1038029406, 3524, 1021329694, 2995, 1038335918, 3516, 1021724647, 3003, 1038334529, 3509, 1021095069, 3517, 1021330452, 2996, 1021971429, 3011, 1038336874, 3518, 1021158919, 2998, 1021127620, 3007, 1021964470]
[INFO] (lattice_cell.c: 455): on tick 16 of 50
[INFO] (lattice_cell.c: 172): the unmatched_packets is 56
[3264, 1038323344, 3248, 1038780345, 3520, 1038323012, 3504, 1038780295, 3512, 1038634828, 2992, 1038780389, 3266, 1038327234, 3008, 1038323740, 3250, 1037883191, 3521, 1038302172, 3252, 1021875498, 3514, 1038021716, 3507, 1038334614, 3515, 1038334921, 3271, 1021764250, 3525, 1021733820, 3511, 1022028512, 3519, 1021983678, 3265, 1038305011, 3249, 1038308028, 3011, 1038333749, 3267, 1038337188, 3251, 1038331734, 3014, 1021358014, 3268, 1021329266, 2993, 1038311489, 3000, 1038635313, 3269, 1021736860, 3253, 1021209549, 2994, 1037883153, 3002, 1038021232, 3270, 1021362013, 3254, 1021105444, 2995, 1038328246, 3003, 1038328636, 3255, 1022026313, 2996, 1021878506, 3012, 1021332273, 2997, 1021213016, 2998, 1021101973, 2999, 1022023357, 3007, 1021978835, 3015, 1021761837, 3004, 1021709781, 3005, 1021381158, 3013, 1021740316, 3010, 1038326804, 3006, 1021143883, 3524, 1021326970, 3505, 1038305173, 3513, 1038304123, 3001, 1038310401, 3506, 1037883213, 3522, 1038327584, 3009, 1038308468, 3523, 1038339996, 3508, 1021873228, 3516, 1021704206, 3509, 1021206493, 3517, 1021374912, 3510, 1021108486, 3518, 1021150599, 3526, 1021365497, 3527, 1021766043]
[INFO] (lattice_cell.c: 455): on tick 17 of 50
[INFO] (lattice_cell.c: 172): the unmatched_packets is 56
[3264, 1038322495, 3248, 1038713324, 3520, 1038322175, 3504, 1038713261, 3512, 1038605576, 3000, 1038606073, 2992, 1038713383, 3265, 1038311456, 3249, 1038314423, 3521, 1038308674, 3505, 1038311687, 3513, 1038310931, 3001, 1038317037, 2993, 1038317771, 3266, 1038326327, 3250, 1037939196, 3251, 1038338657, 3268, 1021350641, 3252, 1022075009, 3002, 1038044850, 3515, 1038340234, 3524, 1021347532, 3255, 1021985470, 3267, 1038342650, 3012, 1021354465, 3269, 1021692658, 3253, 1021002217, 3004, 1021785092, 2999, 1021981955, 3015, 1021718367, 3270, 1021387131, 3254, 1021141142, 2998, 1021137569, 3007, 1021948321, 3008, 1038322890, 3009, 1038314834, 2994, 1037939154, 3271, 1021721450, 3010, 1038325901, 3003, 1038334195, 2996, 1022078588, 3014, 1021383153, 3011, 1038339338, 2997, 1021005706, 3013, 1021695744, 3514, 1038045329, 3006, 1021169401, 3506, 1037939223, 3522, 1038326669, 3507, 1038341424, 3523, 1038345346, 3508, 1022072059, 3516, 1021778073, 3509, 1020999331, 3517, 1021277355, 3525, 1021690106, 2995, 1038335305, 3510, 1021144106, 3518, 1021176096, 3526, 1021390432, 3527, 1021723971, 3511, 1021988376, 3519, 1021954484, 3005, 1021283021]
[INFO] (lattice_cell.c: 455): on tick 18 of 50
[INFO] (lattice_cell.c: 172): the unmatched_packets is 56
[3264, 1038323490, 3248, 1038787194, 3520, 1038323168, 3504, 1038787145, 3512, 1038656261, 3000, 1038656714, 3008, 1038323876, 3265, 1038305003, 3249, 1038309551, 3521, 1038302176, 3505, 1038306713, 3513, 1038306837, 3001, 1038313065, 2993, 1038312993, 3266, 1038327209, 3250, 1037876151, 3267, 1038336806, 3251, 1038331824, 3009, 1038308436, 3522, 1038327543, 3514, 1038000772, 3506, 1037876171, 3523, 1038339570, 3270, 1021310405, 3254, 1021107451, 3271, 1021817230, 3524, 1021273429, 3255, 1022021739, 3509, 1021287575, 3517, 1021465428, 3525, 1021787236, 3518, 1021127976, 3014, 1021306137, 3511, 1022023980, 2997, 1021294165, 3268, 1021275799, 3252, 1021788128, 2998, 1021103838, 3269, 1021790241, 3253, 1021290661, 3007, 1022011222, 3015, 1021814859, 3010, 1038326797, 3003, 1038325956, 2994, 1037876116, 3004, 1021608832, 3012, 1021278949, 3005, 1021471515, 2992, 1038787253, 3006, 1021120915, 3002, 1038000310, 2999, 1022018748, 3507, 1038334650, 3515, 1038332130, 3013, 1021793676, 3508, 1021785841, 3516, 1021602972, 2995, 1038328389, 3510, 1021110635, 3526, 1021314084, 3527, 1021818954, 3011, 1038333424, 3519, 1022016088, 2996, 1021791194]
[INFO] (lattice_cell.c: 455): on tick 19 of 50
[INFO] (lattice_cell.c: 172): the unmatched_packets is 56
[3264, 1038322033, 3248, 1038742108, 3520, 1038321621, 3504, 1038742059, 3512, 1038602052, 3000, 1038602660, 2992, 1038742154, 3008, 1038322535, 3265, 1038308822, 3249, 1038314603, 3521, 1038306000, 3513, 1038309337, 3505, 1038311826, 3001, 1038315479, 2993, 1038317984, 3009, 1038312226, 3266, 1038326812, 3250, 1037911800, 3522, 1038327232, 3514, 1038049065, 3506, 1037911816, 3002, 1038048502, 2994, 1037911774, 3010, 1038326290, 3523, 1038343147, 3267, 1038340405, 3251, 1038340669, 3515, 1038340679, 3507, 1038343479, 3268, 1021451103, 3252, 1022060278, 3254, 1021128959, 3270, 1021486100, 3524, 1021448090, 3508, 1022057302, 3517, 1021179190, 3509, 1021014323, 3527, 1021634019, 3511, 1021991347, 3269, 1021602717, 3253, 1021017030, 3271, 1021631491, 3255, 1021988463, 3015, 1021628392, 2999, 1021984957, 3011, 1038337048, 3003, 1038334553, 2995, 1038337277, 2996, 1022063882, 3012, 1021454796, 3006, 1021203707, 3007, 1021913313, 2997, 1021020323, 2998, 1021125589, 3014, 1021482299, 3005, 1021184746, 3004, 1021890058, 3516, 1021883115, 3525, 1021600202, 3526, 1021489236, 3013, 1021605801, 3510, 1021131753, 3518, 1021210021, 3519, 1021919505]
[INFO] (lattice_cell.c: 455): on tick 20 of 50
[INFO] (lattice_cell.c: 172): the unmatched_packets is 56
[3264, 1038323372, 3248, 1038732837, 3520, 1038323058, 3504, 1038732783, 3512, 1038618096, 3000, 1038618576, 2992, 1038732887, 3008, 1038323762, 3249, 1038308794, 3265, 1038306677, 3521, 1038303867, 3505, 1038306013, 3513, 1038307252, 3001, 1038313431, 2993, 1038312166, 3009, 1038310093, 3250, 1037928959, 3266, 1038327310, 3522, 1038327684, 3251, 1038331990, 3267, 1038338083, 3252, 1021919328, 3268, 1021170529, 3523, 1038340789, 3507, 1038334796, 3508, 1021917020, 3516, 1021576258, 3271, 1021915422, 3509, 1021160931, 3255, 1022030993, 3526, 1021211095, 2996, 1021922385, 3527, 1021917108, 3519, 1022064055, 3253, 1021164253, 3269, 1021888925, 3270, 1021207179, 3015, 1021913093, 3254, 1021098992, 3012, 1021173890, 3005, 1021497533, 3006, 1021062583, 2999, 1022027999, 3004, 1021582225, 3014, 1021202690, 3007, 1022059344, 3506, 1037928983, 3514, 1038037798, 3002, 1038037276, 3515, 1038334534, 2997, 1021168006, 3013, 1021892280, 3524, 1021168009, 2998, 1021095190, 2994, 1037928933, 3525, 1021885954, 3517, 1021491227, 2995, 1038328598, 3011, 1038334767, 3510, 1021102335, 3518, 1021070102, 3003, 1038328445, 3511, 1022033244, 3010, 1038326862]
[INFO] (lattice_cell.c: 455): on tick 21 of 50
[INFO] (lattice_cell.c: 172): the unmatched_packets is 56
[3264, 1038322153, 3000, 1038667360, 3512, 1038666719, 3504, 1038786008, 3248, 1038786106, 3520, 1038321725, 3521, 1038305681, 3267, 1038340497, 3513, 1038309924, 3507, 1038340549, 3515, 1038338912, 3270, 1021512292, 3255, 1021929722, 3524, 1021474690, 3014, 1021508536, 3527, 1021607123, 2999, 1021926195, 3519, 1021847836, 3265, 1038308513, 3249, 1038315695, 3266, 1038326859, 3250, 1037868543, 3251, 1038337721, 2997, 1021158670, 3268, 1021477671, 3252, 1021916094, 3269, 1021577143, 3253, 1021155556, 3007, 1021841649, 3254, 1021195847, 3002, 1037985362, 2994, 1037868473, 3271, 1021604703, 2995, 1038334295, 3011, 1038337085, 2996, 1021919576, 3006, 1021280391, 3003, 1038332715, 3004, 1021785874, 3013, 1021580096, 3005, 1021284944, 2992, 1038786219, 3505, 1038312858, 3001, 1038316147, 3008, 1038322652, 3506, 1037868597, 2993, 1038319139, 3522, 1038327263, 3514, 1037985926, 3523, 1038343289, 3508, 1021913258, 3516, 1021778876, 3509, 1021153009, 3012, 1021481333, 3517, 1021279965, 3510, 1021198508, 3525, 1021574703, 3526, 1021515392, 3518, 1021286332, 3511, 1021932624, 3015, 1021601758, 3009, 1038311956, 3010, 1038326357, 2998, 1021192642]
[INFO] (lattice_cell.c: 455): on tick 22 of 50
[INFO] (lattice_cell.c: 172): the unmatched_packets is 56
[3264, 1038322712, 3248, 1038724822, 3520, 1038322317, 3504, 1038724823, 3512, 1038583369, 3000, 1038583875, 2992, 1038724812, 3008, 1038323203, 3265, 1038305986, 3249, 1038308950, 3521, 1038303205, 3505, 1038306226, 3001, 1038312176, 3513, 1038306115, 3266, 1038327695, 3250, 1037937476, 3522, 1038328160, 3506, 1037937479, 3514, 1038072290, 3002, 1038071694, 3251, 1038333137, 3269, 1021788716, 3254, 1020987817, 3270, 1021310762, 3517, 1021323888, 3526, 1021314630, 3518, 1021015619, 3510, 1020991266, 3511, 1022140452, 2998, 1020983861, 3267, 1038337018, 3252, 1021950190, 3268, 1021274009, 3015, 1021814146, 3253, 1021135372, 3014, 1021306287, 3009, 1038309352, 2993, 1038312269, 3271, 1021816619, 3255, 1022138217, 3011, 1038333740, 2996, 1021953515, 2994, 1037937480, 3012, 1021277415, 3005, 1021330440, 3003, 1038328683, 3007, 1022115947, 2995, 1038329791, 2999, 1022135242, 3523, 1038339691, 3507, 1038335908, 3515, 1038334658, 3010, 1038327121, 3524, 1021271435, 3516, 1021749858, 3508, 1021947645, 2997, 1021139134, 3525, 1021785619, 3006, 1021007987, 3509, 1021132038, 3004, 1021756166, 3527, 1021818440, 3013, 1021792226, 3519, 1022120875]
[INFO] (lattice_cell.c: 455): on tick 23 of 50
[INFO] (lattice_cell.c: 172): the unmatched_packets is 56
[3264, 1038322244, 3248, 1038774258, 3520, 1038321795, 3504, 1038774158, 3512, 1038630724, 3000, 1038631413, 2992, 1038774363, 3008, 1038322770, 3265, 1038309899, 3249, 1038314738, 3521, 1038306992, 3505, 1038311879, 3513, 1038310727, 2993, 1038318213, 3522, 1038327625, 3515, 1038340185, 3523, 1038345023, 3516, 1021677911, 3509, 1021092454, 3518, 1021251718, 3511, 1021856331, 3519, 1021875332, 3007, 1021869575, 3266, 1038327207, 3250, 1037879903, 2998, 1021267193, 3006, 1021245562, 2999, 1021850033, 3267, 1038342228, 3251, 1038338265, 2994, 1037879864, 3252, 1021979711, 2996, 1021983004, 3268, 1021303538, 2997, 1021098108, 3005, 1021383122, 3253, 1021095006, 3010, 1038326676, 3015, 1021767741, 3012, 1021307183, 3269, 1021745055, 3011, 1038338808, 3013, 1021747774, 3254, 1021270287, 3001, 1038317069, 3270, 1021338868, 3255, 1021853473, 3271, 1021770478, 3506, 1037879927, 3514, 1038020518, 3009, 1038313407, 3002, 1038019930, 3004, 1021684457, 3003, 1038333914, 3508, 1021977048, 2995, 1038334778, 3507, 1038341145, 3524, 1021300617, 3510, 1021272859, 3525, 1021742858, 3014, 1021334957, 3526, 1021342140, 3527, 1021772721, 3517, 1021378209]
[INFO] (lattice_cell.c: 455): on tick 24 of 50
[INFO] (lattice_cell.c: 172): the unmatched_packets is 56
[3264, 1038322702, 3248, 1038737613, 3520, 1038322324, 3504, 1038737566, 3512, 1038649425, 2992, 1038737667, 3008, 1038323172, 3265, 1038305252, 3249, 1038309392, 3521, 1038302527, 3505, 1038306698, 3513, 1038306429, 3001, 1038312407, 2993, 1038312679, 3009, 1038308572, 3266, 1038327507, 3250, 1037924751, 3000, 1038650004, 3522, 1038327974, 3506, 1037924809, 3514, 1038007682, 3002, 1038006996, 2994, 1037924685, 3010, 1038326953, 3251, 1038331467, 3267, 1038335970, 3252, 1021931989, 3515, 1038332433, 3253, 1021152046, 3516, 1021716359, 3270, 1021413253, 3254, 1021020795, 3524, 1021372563, 3508, 1021929334, 3255, 1022111108, 3526, 1021417098, 3511, 1022113540, 3268, 1021375360, 3007, 1021980369, 3269, 1021690781, 2999, 1022107932, 2997, 1021155874, 3271, 1021718912, 3523, 1038338650, 2995, 1038328164, 3507, 1038334190, 3004, 1021723126, 2996, 1021935379, 3012, 1021378995, 3003, 1038326497, 3011, 1038332704, 3509, 1021148671, 3517, 1021354246, 3525, 1021687649, 3518, 1021158408, 3510, 1021024181, 3013, 1021694334, 3006, 1021151066, 3527, 1021720729, 3519, 1021985609, 3015, 1021716426, 2998, 1021016904, 3005, 1021360630, 3014, 1021408775]
[INFO] (lattice_cell.c: 455): on tick 25 of 50
[INFO] (lattice_cell.c: 172): the unmatched_packets is 56
[3248, 1038747935, 3264, 1038321797, 3520, 1038321295, 3504, 1038747847, 3512, 1038613663, 3000, 1038614379, 2992, 1038748010, 3008, 1038322401, 3249, 1038315659, 3265, 1038309420, 3521, 1038306481, 3505, 1038312756, 3513, 1038310283, 3001, 1038316670, 2993, 1038319171, 3009, 1038312961, 3266, 1038327408, 3522, 1038327886, 3250, 1037905746, 3506, 1037905742, 3514, 1038038088, 2994, 1037905730, 3010, 1038326812, 3002, 1038037481, 3523, 1038344839, 3251, 1038339988, 3507, 1038342871, 3515, 1038341338, 3267, 1038342041, 3003, 1038335078, 2995, 1038336487, 3268, 1021336077, 3252, 1021917655, 3253, 1021155585, 3524, 1021333348, 3525, 1021712534, 3526, 1021373471, 3510, 1021142983, 3527, 1021742328, 3269, 1021714787, 3270, 1021370184, 3254, 1021140236, 3271, 1021740098, 3255, 1021974619, 3015, 1021737405, 3013, 1021717516, 3007, 1022016275, 3011, 1038338593, 2996, 1021920877, 3005, 1021319441, 2998, 1021136950, 3014, 1021366302, 2997, 1021158597, 2999, 1021971414, 3004, 1021751423, 3006, 1021096250, 3516, 1021744913, 3508, 1021915085, 3517, 1021314739, 3509, 1021153118, 3518, 1021102543, 3511, 1021977252, 3519, 1022021907, 3012, 1021339505]
[INFO] (lattice_cell.c: 455): on tick 26 of 50
[INFO] (lattice_cell.c: 172): the unmatched_packets is 56
[3264, 1038322511, 3248, 1038771928, 3520, 1038322075, 3504, 1038771909, 3512, 1038612189, 3000, 1038612792, 2992, 1038771958, 3008, 1038323063, 3265, 1038305833, 3249, 1038308867, 3521, 1038303113, 3505, 1038306201, 3513, 1038306477, 3001, 1038312402, 2993, 1038312112, 3009, 1038309134, 3266, 1038328176, 3250, 1037891337, 3522, 1038328715, 3506, 1037891373, 3514, 1038043449, 3267, 1038336329, 3251, 1038330530, 3252, 1021959942, 3269, 1021755059, 3523, 1038338971, 3524, 1021304957, 3510, 1021165581, 3013, 1021758547, 3268, 1021307914, 3253, 1021124202, 3270, 1021346834, 3254, 1021162357, 3271, 1021783187, 3255, 1021972918, 2994, 1037891297, 3010, 1038327522, 2996, 1021963487, 2997, 1021128031, 3005, 1021353711, 3003, 1038326980, 3006, 1021172758, 3507, 1038333262, 3002, 1038042729, 3515, 1038332902, 3004, 1021731380, 2999, 1021969595, 3508, 1021957170, 3011, 1038333095, 3015, 1021780646, 3516, 1021724435, 3012, 1021311704, 3509, 1021120849, 3525, 1021752019, 3517, 1021347221, 2995, 1038327232, 2998, 1021158607, 3526, 1021350723, 3014, 1021342290, 3518, 1021180167, 3007, 1021956008, 3527, 1021785093, 3511, 1021975473, 3519, 1021961300]
[INFO] (lattice_cell.c: 455): on tick 27 of 50
[INFO] (lattice_cell.c: 172): the unmatched_packets is 56
[3248, 1038747611, 3264, 1038321814, 3520, 1038321324, 3504, 1038747521, 3512, 1038632537, 2992, 1038747709, 3008, 1038322396, 3265, 1038309690, 3249, 1038315210, 3521, 1038306739, 3505, 1038312308, 3513, 1038310264, 3001, 1038316700, 2993, 1038318748, 3009, 1038313267, 3000, 1038633312, 3250, 1037906603, 3266, 1038327314, 3522, 1038327788, 3506, 1037906605, 3514, 1038019248, 3002, 1038018595, 2994, 1037906575, 3010, 1038326725, 3251, 1038339395, 3267, 1038342478, 3523, 1038345294, 3507, 1038342275, 3515, 1038340826, 3003, 1038334542, 2995, 1038335893, 3268, 1021327764, 3252, 1021964938, 3524, 1021325057, 3270, 1021362810, 3516, 1021698559, 3508, 1021962507, 3254, 1021086077, 3525, 1021720294, 3517, 1021359172, 3526, 1021366255, 3510, 1021088874, 3518, 1021185897, 3519, 1021939577, 3269, 1021722467, 3253, 1021111215, 3271, 1021746059, 3255, 1022033011, 3015, 1021743615, 3014, 1021358754, 3011, 1038339027, 2996, 1021968037, 3013, 1021725091, 3006, 1021179594, 3007, 1021934188, 3004, 1021704820, 3509, 1021108692, 2998, 1021082832, 2997, 1021114241, 3012, 1021331213, 3005, 1021363862, 2999, 1022029807, 3527, 1021748033, 3511, 1022035620]
[INFO] (lattice_cell.c: 455): on tick 28 of 50
[INFO] (lattice_cell.c: 172): the unmatched_packets is 56
[3264, 1038322222, 3248, 1038740291, 3520, 1038321766, 3504, 1038740239, 3512, 1038636576, 3000, 1038637276, 2992, 1038740343, 3008, 1038322798, 3249, 1038309718, 3265, 1038305556, 3521, 1038302864, 3505, 1038307057, 3513, 1038306804, 3001, 1038312693, 2993, 1038312956, 3009, 1038308834, 3266, 1038328056, 3250, 1037921715, 3522, 1038328614, 3514, 1038020345, 3251, 1038330957, 3267, 1038335933, 3268, 1021354133, 3523, 1038338574, 3253, 1021145415, 3269, 1021710456, 3508, 1021934743, 3516, 1021720494, 3518, 1021145203, 3511, 1022024867, 3252, 1021937613, 3254, 1021109779, 3270, 1021393129, 2996, 1021941243, 3255, 1022022266, 3271, 1021739108, 2999, 1022018878, 3004, 1021727821, 3015, 1021736444, 2994, 1037921653, 3011, 1038332696, 3005, 1021356033, 3013, 1021713931, 3006, 1021138045, 3014, 1021388668, 3012, 1021358021, 3002, 1038019526, 2997, 1021149247, 3510, 1021112980, 2998, 1021106003, 3007, 1021992961, 3010, 1038327388, 3506, 1037921767, 3507, 1038333675, 3515, 1038332240, 3003, 1038326365, 2995, 1038327669, 3524, 1021351051, 3525, 1021707424, 3509, 1021142108, 3517, 1021349815, 3526, 1021396911, 3527, 1021741138, 3519, 1021998611]
[INFO] (lattice_cell.c: 455): on tick 29 of 50
[INFO] (lattice_cell.c: 172): the unmatched_packets is 56
[3264, 1038321655, 3248, 1038753617, 3520, 1038321117, 3504, 1038753551, 3512, 1038618087, 2992, 1038753684, 3008, 1038322295, 3000, 1038618850, 3265, 1038309356, 3249, 1038314463, 3521, 1038306384, 3505, 1038311548, 3513, 1038310141, 3001, 1038316593, 2993, 1038318002, 3009, 1038312941, 3266, 1038327717, 3522, 1038328244, 3250, 1037900244, 3506, 1037900222, 3514, 1038033507, 3267, 1038342202, 3251, 1038339900, 3523, 1038345003, 3268, 1021330932, 3507, 1038342792, 2994, 1037900249, 3254, 1021144945, 3508, 1021924991, 3516, 1021731128, 3271, 1021743617, 3255, 1021970482, 3006, 1021124156, 3252, 1021927353, 3269, 1021720215, 3253, 1021150455, 3270, 1021365721, 3007, 1021988158, 3015, 1021741269, 2997, 1021153510, 3003, 1038335002, 3002, 1038032841, 3515, 1038341282, 2996, 1021930375, 3524, 1021328355, 3526, 1021369260, 3012, 1021334260, 3011, 1038338745, 3527, 1021745479, 3525, 1021717946, 3013, 1021722893, 3517, 1021329449, 3509, 1021147882, 3010, 1038327067, 2995, 1038336389, 2998, 1021141589, 3014, 1021361596, 3510, 1021147819, 3518, 1021130787, 2999, 1021967448, 3511, 1021972907, 3519, 1021993197, 3004, 1021737367, 3005, 1021334140]
[INFO] (lattice_cell.c: 455): on tick 30 of 50
[INFO] (lattice_cell.c: 172): the unmatched_packets is 56
[3264, 1038322055, 3248, 1038767152, 3520, 1038321533, 3504, 1038767091, 3512, 1038617585, 3000, 1038618317, 2992, 1038767222, 3008, 1038322708, 3265, 1038305992, 3249, 1038309912, 3521, 1038303280, 3505, 1038307269, 3513, 1038307457, 3001, 1038313342, 2993, 1038313146, 3266, 1038328572, 3250, 1037896279, 3267, 1038336368, 3522, 1038329185, 3009, 1038309275, 3252, 1021951111, 3253, 1021129833, 3269, 1021741075, 3507, 1038333078, 3515, 1038332760, 3270, 1021360919, 3255, 1022001498, 3527, 1021771436, 3251, 1038330353, 3268, 1021321338, 3015, 1021766596, 2996, 1021954813, 3254, 1021133223, 3271, 1021769321, 3011, 1038333150, 3007, 1021961966, 3004, 1021731919, 3506, 1037896333, 3010, 1038327839, 2995, 1038327070, 3003, 1038326870, 2997, 1021133576, 2998, 1021129647, 2999, 1021997922, 2994, 1037896211, 3002, 1038037514, 3005, 1021348897, 3006, 1021167531, 3014, 1021356457, 3514, 1038038338, 3012, 1021325360, 3523, 1038339012, 3524, 1021318133, 3516, 1021724457, 3508, 1021948121, 3525, 1021738209, 3517, 1021342799, 3509, 1021126646, 3526, 1021364662, 3510, 1021136257, 3518, 1021174536, 3511, 1022004305, 3519, 1021967763, 3013, 1021744413]
[INFO] (lattice_cell.c: 455): on tick 31 of 50
[INFO] (lattice_cell.c: 172): the unmatched_packets is 56
[3264, 1038321439, 3248, 1038749300, 3520, 1038320914, 3504, 1038749224, 3512, 1038627200, 3000, 1038627995, 2992, 1038749361, 3265, 1038308793, 3249, 1038316642, 3266, 1038327574, 3521, 1038305828, 3268, 1021326554, 3252, 1021955368, 3515, 1038340723, 3507, 1038342191, 3270, 1021362365, 3254, 1021094561, 3255, 1022023609, 3509, 1021113519, 3525, 1021725380, 3526, 1021366086, 3511, 1022025936, 2998, 1021091126, 3014, 1021358065, 3250, 1037904898, 3267, 1038341575, 3251, 1038339314, 3004, 1021713821, 3269, 1021727665, 3253, 1021116210, 2999, 1022020641, 3015, 1021748018, 2997, 1021119357, 3271, 1021750181, 2994, 1037904892, 3010, 1038326907, 2996, 1021958371, 3013, 1021730353, 3007, 1021948439, 3011, 1038338128, 3012, 1021329912, 2995, 1038335827, 3008, 1038322083, 3001, 1038316020, 3505, 1038313735, 3513, 1038309599, 3514, 1038024538, 3009, 1038312383, 3522, 1038328124, 3506, 1037904886, 3002, 1038023817, 2993, 1038320158, 3523, 1038344366, 3516, 1021707722, 3508, 1021953069, 3524, 1021323981, 3005, 1021358481, 3517, 1021353642, 3006, 1021165415, 3518, 1021172174, 3510, 1021097553, 3003, 1038334475, 3527, 1021751843, 3519, 1021953294]
[INFO] (lattice_cell.c: 455): on tick 32 of 50
[INFO] (lattice_cell.c: 172): the unmatched_packets is 56
[3264, 1038321893, 3248, 1038743416, 3520, 1038321355, 3504, 1038743347, 3512, 1038633060, 3000, 1038633888, 2992, 1038743487, 3008, 1038322567, 3265, 1038306279, 3249, 1038310387, 3521, 1038303568, 3505, 1038307718, 3513, 1038305545, 3001, 1038311465, 2993, 1038313661, 3009, 1038309581, 3266, 1038328584, 3250, 1037918805, 3522, 1038329212, 3506, 1037918846, 3514, 1038023769, 3267, 1038336788, 3251, 1038331040, 3507, 1038333778, 3524, 1021341159, 3525, 1021714040, 3510, 1021121847, 3004, 1021728924, 3527, 1021746966, 3511, 1022015750, 3268, 1021344449, 3252, 1021947436, 3269, 1021716783, 3253, 1021132635, 3270, 1021383886, 3254, 1021118905, 3271, 1021744786, 3255, 1022012874, 2998, 1021115391, 3015, 1021742013, 3005, 1021359679, 2994, 1037918747, 3010, 1038327834, 3003, 1038327350, 2995, 1038327728, 3011, 1038333547, 3006, 1021147040, 3014, 1021379512, 3002, 1038022870, 2996, 1021951142, 2999, 1022009256, 3012, 1021348516, 2997, 1021136226, 3013, 1021720014, 3007, 1021979582, 3523, 1038339443, 3515, 1038333255, 3508, 1021944429, 3516, 1021721254, 3509, 1021129606, 3517, 1021353988, 3518, 1021153814, 3526, 1021387530, 3519, 1021985604]
[INFO] (lattice_cell.c: 455): on tick 33 of 50
[INFO] (lattice_cell.c: 172): the unmatched_packets is 56
[3264, 1038321290, 3248, 1038752278, 3520, 1038320734, 3504, 1038752229, 3512, 1038623155, 3000, 1038623962, 2992, 1038752344, 3008, 1038321976, 3265, 1038310750, 3249, 1038313491, 3521, 1038307803, 3505, 1038310646, 3001, 1038315937, 2993, 1038316969, 3009, 1038314313, 3266, 1038327901, 3513, 1038309583, 3250, 1037901531, 3522, 1038328496, 3506, 1037901528, 3267, 1038343342, 3251, 1038338667, 3523, 1038346123, 3254, 1021134451, 3271, 1021739655, 3524, 1021326770, 3509, 1021152327, 3268, 1021329291, 3252, 1021927563, 3269, 1021716885, 3253, 1021155235, 3270, 1021365386, 3255, 1021985360, 2997, 1021158587, 2994, 1037901520, 3010, 1038327179, 3002, 1038027702, 3003, 1038334089, 2995, 1038335194, 3514, 1038028475, 3004, 1021729270, 3012, 1021332643, 3011, 1038339923, 3005, 1021345206, 3507, 1038341525, 3006, 1021131578, 3515, 1038340282, 2998, 1021130914, 2996, 1021930532, 3508, 1021925284, 3516, 1021723058, 2999, 1021982484, 3015, 1021737577, 3013, 1021719687, 3014, 1021360991, 3007, 1021984402, 3525, 1021714440, 3517, 1021340135, 3510, 1021137570, 3518, 1021138635, 3526, 1021369211, 3527, 1021741219, 3511, 1021987590, 3519, 1021989032]
[INFO] (lattice_cell.c: 455): on tick 34 of 50
[INFO] (lattice_cell.c: 172): the unmatched_packets is 56
[3264, 1038321802, 3248, 1038757274, 3520, 1038321212, 3504, 1038757208, 3512, 1038618048, 3000, 1038618868, 3008, 1038322527, 3265, 1038306572, 3249, 1038312474, 3505, 1038309758, 3521, 1038303801, 3001, 1038314417, 2993, 1038315781, 3266, 1038328930, 3250, 1037905917, 3522, 1038329588, 3523, 1038339963, 3507, 1038334073, 3509, 1021110974, 3518, 1021169139, 3510, 1021138962, 3005, 1021338752, 3511, 1021996839, 3267, 1038337323, 3251, 1038331334, 3252, 1021957144, 3268, 1021328800, 3269, 1021730959, 3253, 1021113731, 3270, 1021368342, 3254, 1021136185, 3271, 1021758067, 3255, 1021993863, 3007, 1021971176, 3015, 1021755262, 2997, 1021117063, 2995, 1038328008, 3003, 1038325792, 3011, 1038334070, 3004, 1021737501, 3002, 1038037249, 3006, 1021162540, 2999, 1021990148, 3010, 1038328133, 2996, 1021960906, 3013, 1021733988, 3014, 1021363971, 2992, 1038757336, 3513, 1038308412, 3009, 1038309910, 3506, 1037905942, 3514, 1038038116, 2994, 1037905880, 3515, 1038331720, 3516, 1021729759, 3508, 1021954102, 3524, 1021325504, 3517, 1021333552, 3525, 1021728450, 3526, 1021371954, 3012, 1021332900, 3527, 1021760309, 3519, 1021977265, 2998, 1021132848]
[INFO] (lattice_cell.c: 455): on tick 35 of 50
[INFO] (lattice_cell.c: 172): the unmatched_packets is 56
[3264, 1038320870, 3248, 1038767296, 3520, 1038320267, 3504, 1038767218, 3512, 1038627749, 3000, 1038628645, 3008, 1038321604, 2992, 1038767363, 3265, 1038307913, 3249, 1038313547, 3505, 1038310751, 3513, 1038307370, 3521, 1038305003, 3001, 1038313621, 2993, 1038316977, 3009, 1038311425, 3250, 1037887436, 3266, 1038328071, 3506, 1037887444, 3514, 1038023907, 3522, 1038328734, 2994, 1037887407, 3010, 1038327271, 3267, 1038340210, 3251, 1038340025, 3515, 1038339691, 3523, 1038342993, 3507, 1038342859, 3003, 1038333514, 2995, 1038336574, 3268, 1021320301, 3252, 1021914063, 3253, 1021170129, 3524, 1021317719, 3270, 1021357220, 3516, 1021702925, 3508, 1021911806, 3255, 1022022301, 3271, 1021760803, 3517, 1021368168, 3509, 1021167035, 3518, 1021163974, 3510, 1021095036, 3511, 1022024493, 3269, 1021737866, 3254, 1021091848, 3014, 1021352739, 3015, 1021758823, 2999, 1022019424, 3002, 1038023037, 3011, 1038336806, 2996, 1021917044, 3012, 1021323726, 2998, 1021088227, 3005, 1021373679, 3007, 1021960887, 3013, 1021740807, 3006, 1021156854, 3525, 1021735270, 3526, 1021361110, 3004, 1021709086, 3519, 1021965418, 3527, 1021762253, 2997, 1021173663]
[INFO] (lattice_cell.c: 455): on tick 36 of 50
[INFO] (lattice_cell.c: 172): the unmatched_packets is 56
[3264, 1038321820, 3248, 1038723846, 3520, 1038321258, 3504, 1038723775, 3512, 1038619937, 3000, 1038620791, 3008, 1038322520, 3249, 1038310188, 3521, 1038305843, 3265, 1038308659, 3505, 1038307433, 3513, 1038308543, 3001, 1038314645, 2993, 1038313523, 3009, 1038312060, 3250, 1037938029, 2992, 1038723907, 3266, 1038328724, 3522, 1038329369, 3506, 1037938052, 3002, 1038035672, 3514, 1038036570, 2994, 1037937999, 3010, 1038327947, 3251, 1038332229, 3267, 1038339729, 3523, 1038342366, 3507, 1038334981, 3003, 1038328882, 3515, 1038334801, 3268, 1021348587, 3270, 1021388551, 3524, 1021345235, 3011, 1038336462, 3508, 1022029613, 3004, 1021757722, 2996, 1022036356, 3517, 1021313097, 3526, 1021392223, 3527, 1021730703, 3511, 1022001879, 3252, 1022032649, 3269, 1021702991, 3253, 1021048870, 3007, 1021956405, 3271, 1021728467, 3255, 1021998868, 2998, 1021125605, 3254, 1021128923, 3012, 1021352766, 2997, 1021052098, 3013, 1021705760, 2995, 1038328896, 3006, 1021164378, 3015, 1021725768, 2999, 1021995204, 3005, 1021317826, 3014, 1021384149, 3516, 1021749897, 3509, 1021046197, 3525, 1021700715, 3510, 1021131686, 3518, 1021170910, 3519, 1021962536]
[INFO] (lattice_cell.c: 455): on tick 37 of 50
[INFO] (lattice_cell.c: 172): the unmatched_packets is 56
[3264, 1038320705, 3248, 1038777398, 3520, 1038320047, 3504, 1038777327, 3512, 1038643597, 2992, 1038777446, 3008, 1038321508, 3265, 1038307752, 3249, 1038317494, 3521, 1038304894, 3505, 1038314711, 3513, 1038309973, 3001, 1038316123, 2993, 1038320882, 3266, 1038328454, 3009, 1038311216, 3010, 1038327609, 3003, 1038331006, 2995, 1038333393, 3255, 1022013789, 3516, 1021645486, 3525, 1021755694, 3526, 1021340873, 3527, 1021784135, 3511, 1022015976, 3519, 1022012513, 3250, 1037877041, 3267, 1038339697, 3251, 1038336812, 3014, 1021332419, 3268, 1021299958, 2999, 1022010895, 3252, 1021811141, 2994, 1037877024, 3253, 1021255666, 3269, 1021758473, 2996, 1021814175, 3012, 1021303368, 3005, 1021421620, 3254, 1021111791, 3013, 1021761606, 3270, 1021336926, 3006, 1021119472, 3271, 1021782642, 2998, 1021108168, 3011, 1038336314, 3000, 1038644563, 2997, 1021259205, 3522, 1038329154, 3514, 1038008526, 3506, 1037877037, 3002, 1038007592, 3515, 1038337138, 3507, 1038339645, 3523, 1038342459, 3007, 1022007895, 3015, 1021780582, 3508, 1021808858, 3524, 1021297394, 3517, 1021416026, 3004, 1021651834, 3510, 1021114982, 3518, 1021126615, 3509, 1021252570]
[INFO] (lattice_cell.c: 455): on tick 38 of 50
[INFO] (lattice_cell.c: 172): the unmatched_packets is 56
[3264, 1038321526, 3248, 1038733054, 3520, 1038320925, 3504, 1038732988, 3512, 1038600468, 2992, 1038733106, 3008, 1038322280, 3000, 1038601324, 3265, 1038306271, 3249, 1038307403, 3521, 1038303402, 3505, 1038304661, 3513, 1038304439, 3001, 1038310594, 3009, 1038309730, 2993, 1038310754, 3266, 1038329014, 3250, 1037929655, 3522, 1038329731, 3506, 1037929659, 3514, 1038055428, 2994, 1037929635, 3010, 1038328176, 3002, 1038054482, 3267, 1038337718, 3251, 1038334419, 3523, 1038340370, 3507, 1038337192, 3003, 1038329563, 2995, 1038331046, 3268, 1021405357, 3252, 1022083140, 3524, 1021402005, 3011, 1038334428, 3525, 1021653800, 3511, 1021974135, 3269, 1021655910, 3253, 1021009313, 3270, 1021445064, 3254, 1021147403, 3255, 1021971179, 3271, 1021680165, 3004, 1021856653, 2996, 1022086830, 3526, 1021448669, 3005, 1021235677, 2998, 1021144110, 3014, 1021440697, 2999, 1021967564, 3015, 1021677558, 3006, 1021188238, 3007, 1021931430, 3515, 1038335532, 3012, 1021409512, 3508, 1022080129, 3516, 1021848876, 2997, 1021012596, 3509, 1021006621, 3517, 1021231049, 3510, 1021150107, 3518, 1021194791, 3527, 1021682318, 3519, 1021937293, 3013, 1021658519]
[INFO] (lattice_cell.c: 455): on tick 39 of 50
[INFO] (lattice_cell.c: 172): the unmatched_packets is 56
[3264, 1038320717, 3248, 1038761810, 3520, 1038320055, 3504, 1038761710, 3512, 1038634555, 3000, 1038635527, 2992, 1038761915, 3008, 1038321535, 3265, 1038311920, 3249, 1038317197, 3521, 1038309081, 3505, 1038314420, 3513, 1038312729, 3001, 1038318846, 2993, 1038320590, 3266, 1038328498, 3009, 1038315356, 3522, 1038329203, 3254, 1021094822, 3523, 1038346211, 3508, 1021833891, 3255, 1022032245, 3525, 1021838040, 3527, 1021866310, 3519, 1022032301, 2998, 1021091198, 3250, 1037892360, 3267, 1038343484, 3251, 1038336489, 3268, 1021200959, 3252, 1021836115, 3269, 1021840807, 3253, 1021232495, 2996, 1021839124, 3270, 1021239557, 3271, 1021864832, 3006, 1021090610, 2994, 1037892310, 3003, 1038333189, 3011, 1038340152, 2995, 1038333110, 3004, 1021573008, 3005, 1021488453, 2997, 1021236057, 3013, 1021843890, 3002, 1038016224, 3514, 1038017139, 3010, 1038327647, 2999, 1022029206, 3007, 1022027505, 3015, 1021862778, 3506, 1037892395, 3012, 1021204495, 3507, 1038339273, 3515, 1038339247, 3516, 1021566559, 3524, 1021198292, 3509, 1021229402, 3517, 1021482990, 3510, 1021098022, 3518, 1021097836, 3526, 1021243683, 3511, 1022034533, 3014, 1021234828]
[INFO] (lattice_cell.c: 455): on tick 40 of 50
[INFO] (lattice_cell.c: 172): the unmatched_packets is 56
[3264, 1038321085, 3248, 1038774559, 3520, 1038320441, 3504, 1038774552, 3512, 1038635889, 3000, 1038636811, 3008, 1038321904, 2992, 1038774558, 3265, 1038303450, 3249, 1038309302, 3521, 1038300568, 3505, 1038306552, 3513, 1038304600, 3001, 1038310740, 2993, 1038312664, 3009, 1038306925, 3266, 1038329217, 3250, 1037889237, 3506, 1037889215, 3522, 1038329995, 3267, 1038335252, 3251, 1038331785, 2994, 1037889256, 3268, 1021483665, 3252, 1021990996, 3002, 1038020021, 3507, 1038334587, 3270, 1021522323, 3254, 1021150821, 3508, 1021987857, 3516, 1021850408, 3517, 1021228443, 3510, 1021153505, 3511, 1021980253, 3004, 1021858258, 3269, 1021589316, 3253, 1021094287, 3014, 1021518132, 3271, 1021613101, 3255, 1021977387, 3015, 1021610597, 2997, 1021097367, 3007, 1021875763, 3514, 1038021038, 3010, 1038328296, 2995, 1038328389, 3003, 1038325439, 3011, 1038331903, 2996, 1021994782, 3005, 1021233051, 3006, 1021259522, 2999, 1021973901, 3012, 1021487744, 3013, 1021591915, 2998, 1021147588, 3523, 1038337964, 3515, 1038331478, 3524, 1021480337, 3509, 1021091725, 3525, 1021587152, 3518, 1021265768, 3526, 1021525782, 3527, 1021615146, 3519, 1021881567]
[INFO] (lattice_cell.c: 455): on tick 41 of 50
[INFO] (lattice_cell.c: 172): the unmatched_packets is 56
[3264, 1038320585, 3248, 1038705683, 3520, 1038319902, 3504, 1038705568, 3512, 1038592340, 2992, 1038705787, 3000, 1038593409, 3008, 1038321412, 3265, 1038311712, 3249, 1038316463, 3521, 1038308849, 3505, 1038313717, 3513, 1038311226, 2993, 1038319794, 3009, 1038315137, 3001, 1038317346, 3266, 1038328594, 3250, 1037947051, 3506, 1037947065, 3522, 1038329318, 3514, 1038058668, 2994, 1037947013, 3002, 1038057672, 3267, 1038342896, 3252, 1021967597, 3515, 1038341929, 2995, 1038337578, 3517, 1021405181, 3527, 1021869261, 3519, 1022092379, 3511, 1022075631, 3251, 1038340930, 3268, 1021198852, 3269, 1021843770, 3253, 1021105303, 2999, 1022070130, 3270, 1021239049, 3254, 1021038443, 3015, 1021865568, 3271, 1021867703, 3011, 1038339640, 3255, 1022073253, 3004, 1021658207, 2997, 1021109086, 3010, 1038327714, 3013, 1021846772, 3523, 1038345525, 2998, 1021034717, 3003, 1038335988, 3006, 1021020476, 3507, 1038343697, 3005, 1021410736, 3007, 1022087544, 2996, 1021970535, 3014, 1021234073, 3524, 1021196142, 3516, 1021651802, 3508, 1021965406, 3525, 1021841114, 3509, 1021102031, 3518, 1021028138, 3510, 1021041710, 3526, 1021243409, 3012, 1021202506]
[INFO] (lattice_cell.c: 455): on tick 42 of 50
[INFO] (lattice_cell.c: 172): the unmatched_packets is 56
[3248, 1038790926, 3264, 1038321340, 3520, 1038320707, 3504, 1038790878, 3512, 1038665613, 3000, 1038666531, 2992, 1038790973, 3265, 1038305101, 3249, 1038308735, 3266, 1038329274, 3505, 1038305943, 3522, 1038330021, 3514, 1037991455, 3271, 1021689760, 3516, 1021706947, 2995, 1038325840, 2994, 1037872408, 3510, 1021260796, 3518, 1021277604, 3527, 1021691601, 3511, 1021880570, 3519, 1021866116, 3250, 1037872444, 3011, 1038333851, 3267, 1038337269, 2996, 1021915429, 3251, 1038329275, 3012, 1021402831, 3013, 1021669747, 3006, 1021271742, 2998, 1021255220, 3252, 1021911790, 3268, 1021398736, 3253, 1021173244, 3269, 1021667186, 3254, 1021258291, 2999, 1021874363, 3270, 1021437096, 3255, 1021877799, 3014, 1021432970, 3001, 1038311686, 2993, 1038312150, 3009, 1038308591, 3010, 1038328378, 3003, 1038325835, 3002, 1037990429, 3005, 1021372008, 3007, 1021860572, 3015, 1021687481, 3521, 1038302241, 3513, 1038305499, 3506, 1037872485, 3008, 1038322128, 3507, 1038332111, 3515, 1038331989, 3523, 1038340059, 3508, 1021908811, 3524, 1021395380, 3509, 1021170744, 3517, 1021367851, 3004, 1021714928, 3525, 1021665049, 3526, 1021440479, 2997, 1021176249]
[INFO] (lattice_cell.c: 455): on tick 43 of 50
[INFO] (lattice_cell.c: 172): the unmatched_packets is 56
[3248, 1038735989, 3264, 1038319952, 3520, 1038319184, 3504, 1038735930, 3512, 1038603193, 3000, 1038604276, 2992, 1038736047, 3008, 1038320903, 3249, 1038317010, 3265, 1038310813, 3521, 1038307987, 3505, 1038314313, 3513, 1038311073, 3001, 1038317088, 2993, 1038320301, 3009, 1038314226, 3522, 1038329845, 3250, 1037918524, 3266, 1038329028, 3506, 1037918486, 3514, 1038048474, 3002, 1038047459, 2994, 1037918541, 3267, 1038341675, 3251, 1038339586, 3523, 1038344274, 3268, 1021341541, 3507, 1038342289, 3508, 1021925297, 3271, 1021730463, 3255, 1022134823, 3525, 1021702324, 3510, 1020984488, 3511, 1022137301, 3519, 1022056782, 3252, 1021927715, 3269, 1021705024, 3253, 1021143724, 3007, 1022051536, 3270, 1021381587, 3254, 1020981048, 3010, 1038328037, 3004, 1021777730, 2996, 1021930948, 2997, 1021147363, 3006, 1021066173, 3015, 1021728130, 3003, 1038334017, 2995, 1038336305, 3005, 1021291819, 3013, 1021708149, 3014, 1021376661, 3011, 1038338466, 3515, 1038339817, 2999, 1022131600, 2998, 1020977142, 3524, 1021338832, 3516, 1021770992, 3509, 1021140586, 3517, 1021286211, 3526, 1021385909, 3518, 1021074014, 3527, 1021732238, 3012, 1021345192]
[INFO] (lattice_cell.c: 455): on tick 44 of 50
[INFO] (lattice_cell.c: 172): the unmatched_packets is 56
[3264, 1038321051, 3248, 1038761955, 3520, 1038320396, 3504, 1038761907, 3512, 1038608759, 3000, 1038609722, 2992, 1038761983, 3008, 1038321886, 3249, 1038308748, 3265, 1038305308, 3521, 1038302368, 3505, 1038305951, 3513, 1038305578, 3001, 1038311861, 2993, 1038312177, 3266, 1038329475, 3250, 1037900870, 3268, 1021278631, 3252, 1021987840, 3269, 1021786731, 3253, 1021098765, 3255, 1021915027, 3516, 1021700961, 3525, 1021784728, 3510, 1021214807, 3526, 1021321206, 3519, 1021956937, 3012, 1021282715, 3267, 1038337737, 2999, 1021911736, 3007, 1021951922, 3251, 1038331893, 3270, 1021317679, 3254, 1021212406, 3015, 1021805322, 3271, 1021807379, 2995, 1038328381, 3003, 1038327367, 3011, 1038334320, 2996, 1021991300, 3004, 1021708449, 3005, 1021378973, 2998, 1021209510, 3506, 1037900885, 2997, 1021101881, 2994, 1037900840, 3009, 1038308836, 3522, 1038330282, 3514, 1038046910, 3002, 1038045812, 3010, 1038328510, 3524, 1021275293, 3523, 1038340512, 3507, 1038334793, 3515, 1038333604, 3508, 1021984991, 3517, 1021374609, 3013, 1021789119, 3509, 1021096143, 3518, 1021180484, 3527, 1021809017, 3006, 1021174486, 3511, 1021917648, 3014, 1021313387]
[INFO] (lattice_cell.c: 455): on tick 45 of 50
[INFO] (lattice_cell.c: 172): the unmatched_packets is 56
[3264, 1038320355, 3248, 1038749299, 3520, 1038319630, 3504, 1038749175, 3512, 1038649311, 3000, 1038650459, 2992, 1038749406, 3265, 1038310767, 3249, 1038316141, 3521, 1038307974, 3505, 1038313460, 3269, 1021698308, 3515, 1038339055, 3009, 1038314127, 3271, 1021723241, 3526, 1021394198, 3527, 1021724992, 3511, 1022030987, 3519, 1021928534, 3266, 1038328811, 3250, 1037904886, 3267, 1038341373, 3251, 1038338285, 3268, 1021348158, 3252, 1021938497, 2997, 1021138550, 3006, 1021195129, 2998, 1021089157, 3253, 1021134890, 3270, 1021389821, 3254, 1021093033, 3255, 1022028267, 3014, 1021384781, 3007, 1021922945, 2999, 1022024835, 3015, 1021720906, 3005, 1021376126, 2993, 1038319415, 2994, 1037904853, 3004, 1021691784, 3513, 1038311103, 3008, 1038321240, 3002, 1038001966, 3506, 1037904897, 3522, 1038329573, 3010, 1038327894, 3514, 1038003014, 2995, 1038335055, 3001, 1038317045, 3011, 1038338179, 2996, 1021941767, 3012, 1021352029, 3013, 1021701338, 3003, 1038333297, 3507, 1038340932, 3523, 1038343972, 3508, 1021936019, 3524, 1021345200, 3516, 1021684625, 3509, 1021131763, 3517, 1021370905, 3525, 1021695660, 3510, 1021096414, 3518, 1021202711]
[INFO] (lattice_cell.c: 455): on tick 46 of 50
[INFO] (lattice_cell.c: 172): the unmatched_packets is 56
[3264, 1038320497, 3248, 1038744844, 3520, 1038319773, 3504, 1038744830, 3512, 1038625260, 3265, 1038305211, 3249, 1038309655, 3008, 1038321410, 3266, 1038329695, 3514, 1038031478, 3506, 1037917585, 3515, 1038333776, 3507, 1038334960, 3508, 1021916263, 3518, 1021111577, 3527, 1021725167, 3250, 1037917591, 3251, 1038332051, 3013, 1021704680, 3267, 1038337849, 3268, 1021364268, 3252, 1021919031, 3015, 1021721512, 3269, 1021702155, 3253, 1021165359, 3009, 1038308759, 2994, 1037917584, 3002, 1038030317, 3270, 1021401482, 3254, 1021086698, 3003, 1038327557, 3012, 1021368092, 3006, 1021105563, 3271, 1021723566, 3255, 1022039260, 3007, 1022022037, 3004, 1021760000, 2996, 1021922447, 2995, 1038328537, 2998, 1021083633, 3000, 1038626267, 3014, 1021397336, 2992, 1038744855, 2999, 1022036184, 2993, 1038313106, 3001, 1038312175, 3505, 1038306831, 3521, 1038302270, 3513, 1038305890, 3522, 1038330575, 3523, 1038340649, 3524, 1021361168, 3516, 1021752500, 3517, 1021322421, 3509, 1021162783, 3525, 1021699974, 3510, 1021089240, 3010, 1038328649, 3526, 1021404922, 3519, 1022026988, 2997, 1021168410, 3511, 1022041666, 3005, 1021326699, 3011, 1038334405]
[INFO] (lattice_cell.c: 455): on tick 47 of 50
[INFO] (lattice_cell.c: 172): the unmatched_packets is 56
[3264, 1038320071, 3248, 1038760081, 3520, 1038319280, 3504, 1038760004, 3512, 1038603601, 3000, 1038604721, 3008, 1038321038, 3249, 1038317728, 3265, 1038310468, 3521, 1038307655, 3505, 1038315074, 3513, 1038310916, 3001, 1038316851, 3009, 1038313846, 3250, 1037894527, 2992, 1038760132, 3266, 1038329348, 3522, 1038330172, 3506, 1037894479, 3514, 1038047541, 2993, 1038320975, 3002, 1038046501, 2994, 1037894553, 3010, 1038328326, 3267, 1038340929, 3515, 1038339292, 3507, 1038340948, 3268, 1021295904, 3253, 1021116604, 3524, 1021292806, 3271, 1021775769, 3525, 1021748739, 3509, 1021113532, 3518, 1021148187, 3510, 1021171426, 3527, 1021777626, 3251, 1038338285, 3252, 1021949162, 3269, 1021751220, 2999, 1021948389, 3014, 1021333550, 3270, 1021338673, 3254, 1021168168, 3255, 1021951951, 3007, 1021977293, 3004, 1021731588, 2996, 1021952550, 3012, 1021299950, 3006, 1021140383, 2998, 1021164424, 3523, 1038343481, 3003, 1038333556, 3516, 1021724299, 2995, 1038335053, 3015, 1021773389, 3508, 1021946533, 3517, 1021333629, 3011, 1038337768, 3526, 1021343089, 3519, 1021982805, 3511, 1021954735, 3005, 1021338906, 2997, 1021120215, 3013, 1021754107]
[INFO] (lattice_cell.c: 455): on tick 48 of 50
[INFO] (lattice_cell.c: 172): the unmatched_packets is 56
[3264, 1038320628, 3248, 1038759049, 3520, 1038319923, 3504, 1038758974, 3512, 1038631979, 3000, 1038633058, 2992, 1038759123, 3008, 1038321534, 3265, 1038305698, 3249, 1038309500, 3521, 1038302762, 3505, 1038306692, 3513, 1038304088, 3001, 1038310391, 2993, 1038312963, 3266, 1038329706, 3250, 1037904096, 3267, 1038338411, 3522, 1038330585, 3270, 1021362730, 3254, 1021117553, 3511, 1022012728, 3519, 1021935664, 3013, 1021742472, 2998, 1021114595, 3006, 1021193938, 3251, 1038331958, 3004, 1021710103, 3007, 1021930895, 3268, 1021324483, 3252, 1021966865, 3269, 1021740009, 3253, 1021117605, 3271, 1021759934, 3255, 1022010276, 3014, 1021358431, 3015, 1021758105, 2994, 1037904032, 3506, 1037904152, 3009, 1038309267, 3010, 1038328671, 3514, 1038024225, 2995, 1038328438, 3003, 1038328003, 3012, 1021328347, 3517, 1021377617, 2996, 1021970066, 2999, 1022007138, 3002, 1038023010, 3507, 1038334855, 3515, 1038334256, 3523, 1038341216, 3011, 1038334962, 3005, 1021381960, 3524, 1021321385, 3508, 1021964285, 3516, 1021702863, 3509, 1021114882, 3525, 1021737858, 3510, 1021120047, 3526, 1021366354, 3518, 1021199875, 3527, 1021761307, 2997, 1021120786]
[INFO] (lattice_cell.c: 455): on tick 49 of 50
[INFO] (lattice_cell.c: 172): the unmatched_packets is 56
[3264, 1038319829, 3248, 1038741427, 3520, 1038319037, 3504, 1038741363, 3512, 1038634946, 2992, 1038741484, 3008, 1038320790, 3000, 1038636116, 3265, 1038312068, 3249, 1038315605, 3521, 1038309272, 3505, 1038312956, 3513, 1038310501, 3001, 1038316406, 2993, 1038318836, 3009, 1038315429, 3266, 1038329108, 3250, 1037912594, 3522, 1038329950, 3506, 1037912558, 3514, 1038017388, 3267, 1038342501, 3251, 1038337677, 3253, 1021147173, 3269, 1021695861, 3523, 1038345051, 3507, 1038340321, 3515, 1038338508, 3509, 1021144221, 2995, 1038334464, 3510, 1021087565, 3527, 1021722645, 3511, 1022040948, 3519, 1021984795, 2999, 1022034592, 3268, 1021345587, 3252, 1021929336, 3270, 1021388297, 3254, 1021084276, 3007, 1021978940, 3015, 1021718239, 3271, 1021720696, 3255, 1022038133, 2996, 1021932898, 3006, 1021141786, 2994, 1037912617, 3003, 1038332826, 3012, 1021349736, 3005, 1021348941, 3013, 1021698715, 2998, 1021080401, 3004, 1021722218, 2997, 1021150689, 3014, 1021383287, 3002, 1038016299, 3524, 1021342360, 3508, 1021926542, 3516, 1021714421, 3010, 1038328097, 3525, 1021693410, 3517, 1021344107, 3518, 1021149282, 3526, 1021392599, 3011, 1038339329]
[INFO] (lattice_cell.c: 455): on tick 50 of 50
[INFO] (lattice_cell.c: 466): updating recording regions
[INFO] (recording.c: 507): 	Finalising channel 0 - state info stored in SDRAM
[INFO] (recording.c: 512): closed channel 0.
[INFO] (lattice_cell.c: 470): Simulation complete.

